                                                          SURVEY OF INDIA
                                                    MARINE GEODESY WING (G&RB)
                                                     HOURLY HEIGHTS IN METRES
  NAME OF PORT:- NAGAPATTINAM                                                                       MONTH JANUARY   YEAR 2011
 ----------------------------------------------------------------------------------------------------------------------------
 DAYS 0000 0001 0002 0003 0004 0005 0006 0007 0008 0009 0010 0011 0012 0013 0014 0015 0016 0017 0018 0019 0020 0021 0022 0023
 ----------------------------------------------------------------------------------------------------------------------------
  1
  2
  3
  4
  5
  6
  7
  8
  9
 10
 11
 12
 13
 14
 15
 16
 17
 18
 19
 20
 21
 22
 23
 24
 25
 26
 27
 28
 29
 30
 31
 ----------------------------------------------------------------------------------------------------------------------------
                                                          SURVEY OF INDIA
                                                    MARINE GEODESY WING (G&RB)
                                                     HOURLY HEIGHTS IN METRES
  NAME OF PORT:- NAGAPATTINAM                                                                       MONTH FEBRUARY  YEAR 2011
 ----------------------------------------------------------------------------------------------------------------------------
 DAYS 0000 0001 0002 0003 0004 0005 0006 0007 0008 0009 0010 0011 0012 0013 0014 0015 0016 0017 0018 0019 0020 0021 0022 0023
 ----------------------------------------------------------------------------------------------------------------------------
  1
  2
  3
  4
  5
  6
  7
  8
  9
 10
 11
 12
 13
 14
 15
 16
 17
 18
 19
 20
 21
 22
 23
 24
 25
 26
 27
 28
 ----------------------------------------------------------------------------------------------------------------------------
                                                          SURVEY OF INDIA
                                                    MARINE GEODESY WING (G&RB)
                                                     HOURLY HEIGHTS IN METRES
  NAME OF PORT:- NAGAPATTINAM                                                                       MONTH MARCH     YEAR 2011
 ----------------------------------------------------------------------------------------------------------------------------
 DAYS 0000 0001 0002 0003 0004 0005 0006 0007 0008 0009 0010 0011 0012 0013 0014 0015 0016 0017 0018 0019 0020 0021 0022 0023
 ----------------------------------------------------------------------------------------------------------------------------
  1
  2
  3
  4
  5
  6
  7
  8
  9
 10
 11
 12
 13
 14
 15
 16
 17
 18
 19
 20
 21
 22
 23
 24
 25
 26
 27
 28
 29
 30
 31
 ----------------------------------------------------------------------------------------------------------------------------
                                                          SURVEY OF INDIA
                                                    MARINE GEODESY WING (G&RB)
                                                     HOURLY HEIGHTS IN METRES
  NAME OF PORT:- NAGAPATTINAM                                                                       MONTH APRIL     YEAR 2011
 ----------------------------------------------------------------------------------------------------------------------------
 DAYS 0000 0001 0002 0003 0004 0005 0006 0007 0008 0009 0010 0011 0012 0013 0014 0015 0016 0017 0018 0019 0020 0021 0022 0023
 ----------------------------------------------------------------------------------------------------------------------------
  1   0.10 0.04 0.04 0.12 0.26 0.39 0.53 0.62 0.62 0.56 0.44 0.30 0.19 0.10 0.09 0.18 0.30 0.44 0.56 0.63 0.65 0.59 0.46 0.30
  2   0.14 0.04 0.01 0.07 0.20 0.34 0.50 0.62 0.67 0.64 0.55 0.38 0.23 0.11 0.05 0.10 0.21 0.35 0.48 0.60 0.64 0.60 0.50 0.33
  3   0.15 0.03-0.03 0.00 0.10 0.26 0.42 0.56 0.64 0.64 0.57 0.44 0.29 0.16 0.08 0.06 0.14 0.28 0.42 0.54 0.61 0.60 0.53 0.38
  4   0.20 0.05-0.04-0.03 0.03 0.18 0.35 0.51 0.62 0.65 0.60 0.49 0.33 0.20 0.09 0.05 0.06 0.17 0.32 0.47 0.57 0.62 0.57 0.46
  5   0.25 0.08-0.05-0.12-0.10 0.06 0.26 0.44 0.60 0.67 0.66 0.56 0.41 0.25 0.10 0.02 0.02 0.12 0.26 0.40 0.52 0.59 0.60 0.50
  6   0.32 0.15-0.02-0.09-0.06 0.02 0.18 0.36 0.55 0.65 0.69 0.60 0.46 0.32 0.16 0.04 0.02 0.06 0.18 0.32 0.46 0.56 0.60 0.56
  7   0.42 0.25 0.09-0.03-0.06-0.02 0.12 0.28 0.45 0.60 0.69 0.69 0.58 0.42 0.27 0.15 0.08 0.08 0.15 0.27 0.42 0.53 0.60 0.60
  8   0.50 0.36 0.20 0.07 0.00 0.00 0.07 0.22 0.38 0.54 0.64 0.69 0.64 0.54 0.40 0.27 0.18 0.12 0.17 0.26 0.36 0.48 0.57 0.60
  9   0.54 0.44 0.32 0.18 0.08 0.03 0.08 0.18 0.32 0.47 0.58 0.66 0.68 0.64 0.52 0.38 0.27 0.20 0.19 0.25 0.36 0.47 0.56 0.58
 10   0.55 0.45 0.35 0.24 0.17 0.12 0.13 0.22 0.33 0.45 0.54 0.62 0.65 0.64 0.56 0.46 0.35 0.26 0.22 0.25 0.30 0.35 0.41 0.45
 11   0.48 0.48 0.42 0.32 0.24 0.18 0.16 0.18 0.24 0.34 0.45 0.55 0.62 0.64 0.63 0.56 0.46 0.38 0.31 0.27 0.25 0.27 0.34 0.40
 12   0.46 0.51 0.51 0.46 0.38 0.31 0.24 0.21 0.21 0.24 0.29 0.36 0.46 0.56 0.63 0.67 0.66 0.59 0.50 0.39 0.30 0.24 0.21 0.24
 13   0.28 0.34 0.42 0.48 0.50 0.46 0.40 0.34 0.28 0.23 0.22 0.26 0.34 0.43 0.52 0.60 0.66 0.65 0.58 0.48 0.36 0.26 0.16 0.12
 14   0.14 0.21 0.32 0.45 0.54 0.59 0.58 0.51 0.41 0.32 0.24 0.20 0.21 0.28 0.40 0.52 0.64 0.71 0.71 0.58 0.44 0.30 0.18 0.10
 15   0.07 0.13 0.25 0.40 0.55 0.66 0.72 0.68 0.57 0.43 0.28 0.18 0.14 0.20 0.32 0.47 0.63 0.76 0.82 0.76 0.63 0.46 0.26 0.09
 16   0.00-0.01 0.12 0.30 0.51 0.68 0.80 0.84 0.77 0.63 0.45 0.28 0.15 0.13 0.17 0.32 0.50 0.68 0.84 0.90 0.84 0.69 0.49 0.27
 17   0.07-0.07-0.05 0.06 0.27 0.49 0.73 0.86 0.90 0.84 0.68 0.47 0.27 0.15 0.09 0.20 0.35 0.55 0.74 0.88 0.92 0.84 0.65 0.39
 18   0.15-0.03-0.10-0.04 0.14 0.38 0.64 0.86 0.99 1.00 0.88 0.67 0.44 0.24 0.14 0.10 0.21 0.38 0.57 0.76 0.88 0.88 0.78 0.56
 19   0.29 0.08-0.05-0.07 0.04 0.21 0.47 0.70 0.87 0.98 0.92 0.78 0.57 0.34 0.15 0.06 0.08 0.21 0.39 0.58 0.74 0.84 0.82 0.67
 20   0.47 0.20 0.04-0.06-0.06 0.09 0.28 0.52 0.75 0.88 0.94 0.86 0.65 0.42 0.25 0.12 0.04 0.07 0.21 0.38 0.56 0.69 0.78 0.75
 21   0.57 0.38 0.21 0.04-0.03 0.01 0.15 0.34 0.55 0.73 0.84 0.90 0.83 0.67 0.47 0.30 0.16 0.12 0.16 0.28 0.42 0.56 0.69 0.72
 22   0.63 0.48 0.32 0.17 0.07 0.04 0.11 0.24 0.40 0.58 0.72 0.81 0.82 0.74 0.58 0.42 0.26 0.18 0.15 0.18 0.28 0.41 0.52 0.61
 23   0.60 0.53 0.41 0.28 0.18 0.11 0.10 0.16 0.28 0.43 0.58 0.71 0.78 0.78 0.67 0.53 0.40 0.28 0.20 0.18 0.21 0.30 0.39 0.47
 24   0.56 0.57 0.53 0.43 0.33 0.26 0.20 0.20 0.28 0.38 0.49 0.61 0.72 0.77 0.76 0.66 0.56 0.45 0.35 0.27 0.25 0.26 0.32 0.38
 25   0.46 0.52 0.56 0.51 0.45 0.39 0.34 0.29 0.28 0.33 0.42 0.52 0.61 0.68 0.72 0.70 0.64 0.54 0.44 0.36 0.30 0.26 0.28 0.32
 26   0.44 0.50 0.55 0.56 0.54 0.50 0.45 0.40 0.37 0.35 0.38 0.44 0.50 0.56 0.62 0.67 0.67 0.63 0.56 0.47 0.40 0.34 0.30 0.30
 27   0.33 0.38 0.44 0.50 0.56 0.57 0.53 0.48 0.44 0.40 0.37 0.38 0.44 0.51 0.58 0.65 0.70 0.71 0.66 0.59 0.50 0.40 0.33 0.30
 28   0.32 0.34 0.42 0.50 0.58 0.64 0.67 0.64 0.58 0.51 0.44 0.39 0.38 0.42 0.49 0.57 0.64 0.70 0.71 0.66 0.57 0.45 0.35 0.28
 29   0.24 0.25 0.32 0.42 0.53 0.62 0.68 0.69 0.64 0.55 0.45 0.37 0.32 0.32 0.38 0.47 0.56 0.64 0.70 0.68 0.60 0.48 0.36 0.25
 30   0.18 0.17 0.25 0.35 0.49 0.63 0.74 0.78 0.74 0.64 0.53 0.42 0.34 0.28 0.31 0.38 0.48 0.58 0.68 0.70 0.66 0.54 0.40 0.25
 ----------------------------------------------------------------------------------------------------------------------------
                                                                                               
 ----------------------------------------------------------------------------------------------------------------------------
 ----------------------------------------------------------------------------------------------------------------------------
                                                          SURVEY OF INDIA
                                                    MARINE GEODESY WING (G&RB)
                                                     HOURLY HEIGHTS IN METRES
  NAME OF PORT:- NAGAPATTINAM                                                                       MONTH MAY       YEAR 2011
 ----------------------------------------------------------------------------------------------------------------------------
 DAYS 0000 0001 0002 0003 0004 0005 0006 0007 0008 0009 0010 0011 0012 0013 0014 0015 0016 0017 0018 0019 0020 0021 0022 0023
 ----------------------------------------------------------------------------------------------------------------------------
  1   0.16 0.10 0.13 0.25 0.41 0.56 0.68 0.77 0.78 0.70 0.58 0.44 0.34 0.28 0.27 0.32 0.41 0.54 0.66 0.75 0.74 0.65 0.51 0.37
  2   0.20 0.11 0.08 0.18 0.34 0.50 0.68 0.80 0.84 0.79 0.67 0.53 0.38 0.26 0.20 0.23 0.31 0.44 0.57 0.67 0.69 0.64 0.54 0.37
  3   0.18 0.08 0.03 0.10 0.22 0.38 0.58 0.73 0.82 0.83 0.75 0.60 0.44 0.30 0.20 0.18 0.26 0.38 0.51 0.62 0.68 0.68 0.57 0.42
  4   0.24 0.12 0.05 0.05 0.12 0.27 0.46 0.64 0.76 0.82 0.78 0.64 0.48 0.32 0.18 0.12 0.16 0.24 0.36 0.50 0.61 0.64 0.62 0.49
  5   0.31 0.17 0.05-0.02 0.05 0.22 0.40 0.58 0.72 0.82 0.83 0.75 0.61 0.44 0.29 0.19 0.14 0.18 0.29 0.43 0.57 0.65 0.66 0.58
  6   0.43 0.26 0.10-0.01 0.01 0.11 0.26 0.44 0.63 0.77 0.84 0.78 0.68 0.52 0.33 0.20 0.11 0.11 0.18 0.30 0.44 0.55 0.59 0.58
  7   0.40 0.30 0.14 0.03-0.02 0.02 0.13 0.30 0.50 0.64 0.75 0.78 0.75 0.62 0.45 0.30 0.16 0.12 0.14 0.22 0.34 0.45 0.55 0.61
  8   0.51 0.39 0.24 0.12 0.01-0.01 0.04 0.17 0.33 0.51 0.64 0.72 0.74 0.68 0.54 0.39 0.25 0.16 0.12 0.16 0.26 0.36 0.45 0.52
  9   0.52 0.47 0.37 0.23 0.11 0.06 0.06 0.12 0.23 0.40 0.54 0.68 0.74 0.74 0.64 0.52 0.38 0.26 0.17 0.17 0.19 0.29 0.40 0.48
 10   0.50 0.51 0.44 0.34 0.22 0.14 0.10 0.12 0.22 0.34 0.45 0.56 0.68 0.73 0.72 0.63 0.50 0.36 0.25 0.17 0.14 0.16 0.24 0.32
 11   0.40 0.47 0.51 0.49 0.41 0.32 0.24 0.18 0.16 0.23 0.32 0.43 0.55 0.63 0.68 0.68 0.59 0.48 0.35 0.24 0.16 0.11 0.12 0.17
 12   0.24 0.37 0.48 0.54 0.55 0.48 0.40 0.32 0.24 0.20 0.22 0.30 0.40 0.50 0.60 0.68 0.69 0.61 0.50 0.37 0.24 0.12 0.06 0.08
 13   0.15 0.27 0.40 0.50 0.58 0.61 0.56 0.47 0.37 0.28 0.21 0.20 0.28 0.39 0.51 0.62 0.71 0.72 0.62 0.48 0.33 0.18 0.05-0.02
 14   0.00 0.08 0.23 0.39 0.56 0.67 0.71 0.64 0.52 0.38 0.24 0.16 0.15 0.22 0.32 0.44 0.57 0.67 0.68 0.59 0.44 0.26 0.09-0.02
 15  -0.10-0.04 0.12 0.29 0.47 0.63 0.73 0.74 0.66 0.51 0.34 0.19 0.09 0.09 0.16 0.29 0.45 0.58 0.67 0.68 0.59 0.42 0.21 0.05
 16  -0.09-0.14-0.06 0.10 0.32 0.53 0.69 0.79 0.78 0.67 0.49 0.31 0.13 0.05 0.04 0.12 0.25 0.42 0.58 0.68 0.67 0.55 0.37 0.18
 17   0.00-0.13-0.15-0.02 0.17 0.38 0.60 0.75 0.82 0.81 0.67 0.47 0.28 0.12 0.02 0.03 0.14 0.30 0.47 0.62 0.71 0.68 0.54 0.36
 18   0.10-0.04-0.12-0.11 0.01 0.22 0.46 0.66 0.81 0.87 0.79 0.64 0.44 0.24 0.09 0.02 0.06 0.22 0.40 0.57 0.67 0.69 0.62 0.45
 19   0.18 0.02-0.11-0.10-0.02 0.15 0.38 0.58 0.75 0.83 0.83 0.75 0.58 0.38 0.19 0.05 0.00 0.06 0.21 0.37 0.51 0.62 0.64 0.60
 20   0.37 0.23 0.08-0.01-0.04 0.04 0.18 0.39 0.58 0.72 0.79 0.80 0.69 0.53 0.33 0.16 0.06 0.03 0.09 0.19 0.33 0.48 0.60 0.59
 21   0.51 0.33 0.19 0.07-0.02-0.01 0.12 0.28 0.43 0.59 0.72 0.78 0.75 0.63 0.46 0.31 0.18 0.08 0.06 0.11 0.23 0.35 0.44 0.50
 22   0.50 0.41 0.28 0.18 0.08 0.06 0.08 0.18 0.32 0.46 0.58 0.67 0.70 0.67 0.55 0.40 0.26 0.16 0.09 0.09 0.17 0.25 0.34 0.43
 23   0.46 0.44 0.37 0.28 0.20 0.16 0.14 0.19 0.28 0.39 0.52 0.62 0.69 0.70 0.66 0.55 0.42 0.32 0.24 0.20 0.22 0.27 0.35 0.44
 24   0.50 0.54 0.50 0.44 0.37 0.30 0.26 0.25 0.30 0.38 0.47 0.56 0.63 0.68 0.68 0.62 0.53 0.42 0.34 0.28 0.24 0.24 0.29 0.38
 25   0.42 0.47 0.50 0.50 0.46 0.40 0.34 0.29 0.28 0.30 0.36 0.44 0.51 0.57 0.59 0.58 0.52 0.45 0.36 0.29 0.24 0.22 0.23 0.27
 26   0.35 0.42 0.49 0.54 0.53 0.48 0.41 0.35 0.30 0.27 0.29 0.34 0.41 0.48 0.54 0.58 0.57 0.52 0.45 0.38 0.30 0.24 0.22 0.24
 27   0.28 0.35 0.42 0.49 0.54 0.57 0.55 0.49 0.43 0.37 0.33 0.33 0.39 0.46 0.52 0.57 0.60 0.58 0.52 0.44 0.36 0.27 0.20 0.16
 28   0.23 0.30 0.39 0.48 0.57 0.64 0.65 0.59 0.50 0.41 0.32 0.28 0.27 0.32 0.39 0.45 0.51 0.54 0.53 0.47 0.38 0.27 0.17 0.13
 29   0.12 0.14 0.23 0.34 0.45 0.54 0.60 0.59 0.54 0.47 0.38 0.29 0.24 0.24 0.28 0.36 0.44 0.50 0.55 0.54 0.48 0.36 0.24 0.14
 30   0.10 0.08 0.16 0.27 0.40 0.51 0.61 0.66 0.64 0.56 0.45 0.35 0.24 0.20 0.21 0.28 0.37 0.45 0.52 0.53 0.48 0.38 0.26 0.13
 31   0.05 0.01 0.06 0.17 0.30 0.47 0.61 0.68 0.71 0.64 0.52 0.40 0.29 0.20 0.16 0.20 0.28 0.39 0.49 0.54 0.52 0.44 0.33 0.18
 ----------------------------------------------------------------------------------------------------------------------------
                                                                                               
 ----------------------------------------------------------------------------------------------------------------------------
 ----------------------------------------------------------------------------------------------------------------------------
                                                          SURVEY OF INDIA
                                                    MARINE GEODESY WING (G&RB)
                                                     HOURLY HEIGHTS IN METRES
  NAME OF PORT:- NAGAPATTINAM                                                                       MONTH JUNE      YEAR 2011
 ----------------------------------------------------------------------------------------------------------------------------
 DAYS 0000 0001 0002 0003 0004 0005 0006 0007 0008 0009 0010 0011 0012 0013 0014 0015 0016 0017 0018 0019 0020 0021 0022 0023
 ----------------------------------------------------------------------------------------------------------------------------
  1   0.03-0.06-0.03 0.07 0.21 0.40 0.55 0.67 0.76 0.72 0.61 0.46 0.31 0.19 0.13 0.15 0.21 0.32 0.42 0.49 0.52 0.51 0.41 0.26
  2   0.08-0.02-0.08-0.03 0.08 0.24 0.42 0.57 0.67 0.75 0.66 0.54 0.36 0.21 0.10 0.03 0.09 0.21 0.34 0.46 0.55 0.53 0.45 0.33
  3   0.16 0.03-0.07-0.07 0.01 0.17 0.34 0.55 0.69 0.77 0.73 0.63 0.47 0.29 0.15 0.07 0.07 0.14 0.27 0.41 0.53 0.58 0.55 0.47
  4   0.29 0.13 0.00-0.07-0.03 0.08 0.24 0.45 0.63 0.75 0.79 0.75 0.62 0.44 0.27 0.16 0.07 0.08 0.17 0.31 0.44 0.54 0.59 0.49
  5   0.34 0.17 0.05 0.00-0.03 0.04 0.19 0.38 0.56 0.69 0.76 0.76 0.65 0.49 0.31 0.18 0.09 0.07 0.13 0.25 0.39 0.49 0.55 0.53
  6   0.45 0.31 0.15 0.04-0.02-0.02 0.11 0.28 0.47 0.63 0.73 0.78 0.77 0.65 0.50 0.33 0.18 0.08 0.05 0.09 0.19 0.30 0.42 0.50
  7   0.52 0.43 0.34 0.22 0.11 0.05 0.05 0.14 0.29 0.47 0.63 0.73 0.78 0.75 0.63 0.46 0.30 0.15 0.05 0.04 0.11 0.22 0.33 0.44
  8   0.54 0.56 0.50 0.41 0.29 0.18 0.13 0.13 0.19 0.33 0.48 0.61 0.70 0.74 0.69 0.58 0.43 0.28 0.16 0.06 0.06 0.11 0.21 0.35
  9   0.48 0.54 0.57 0.51 0.43 0.32 0.23 0.18 0.17 0.23 0.34 0.45 0.57 0.67 0.68 0.63 0.52 0.38 0.24 0.12 0.03 0.02 0.08 0.19
 10   0.34 0.44 0.53 0.57 0.53 0.45 0.36 0.28 0.21 0.19 0.23 0.32 0.44 0.56 0.62 0.65 0.60 0.49 0.34 0.20 0.09 0.03 0.02 0.10
 11   0.20 0.30 0.40 0.50 0.58 0.57 0.49 0.39 0.29 0.20 0.17 0.20 0.28 0.38 0.48 0.55 0.59 0.56 0.45 0.30 0.15 0.03-0.04-0.05
 12   0.03 0.14 0.30 0.45 0.57 0.64 0.62 0.53 0.42 0.30 0.20 0.15 0.16 0.23 0.32 0.42 0.50 0.55 0.51 0.41 0.28 0.13 0.00-0.07
 13  -0.04 0.01 0.13 0.29 0.46 0.57 0.63 0.63 0.53 0.39 0.25 0.12 0.08 0.08 0.14 0.23 0.36 0.46 0.52 0.51 0.42 0.28 0.10-0.03
 14  -0.10-0.10-0.03 0.12 0.31 0.50 0.63 0.71 0.69 0.58 0.42 0.25 0.12 0.04 0.05 0.12 0.21 0.33 0.44 0.50 0.49 0.38 0.22 0.05
 15  -0.08-0.16-0.16-0.06 0.10 0.30 0.51 0.65 0.73 0.69 0.55 0.37 0.18 0.01-0.07-0.04 0.06 0.19 0.35 0.46 0.52 0.49 0.37 0.20
 16   0.02-0.11-0.17-0.12 0.00 0.19 0.39 0.59 0.69 0.73 0.66 0.52 0.33 0.14 0.02-0.03 0.02 0.14 0.28 0.42 0.52 0.56 0.48 0.36
 17   0.18 0.05-0.06-0.10-0.02 0.13 0.32 0.52 0.70 0.78 0.78 0.67 0.49 0.31 0.14 0.04-0.02 0.03 0.16 0.30 0.44 0.50 0.49 0.42
 18   0.27 0.11-0.02-0.10-0.08-0.01 0.16 0.35 0.54 0.67 0.73 0.68 0.58 0.39 0.20 0.03-0.07-0.05 0.03 0.17 0.34 0.45 0.52 0.49
 19   0.38 0.26 0.10-0.02-0.06-0.02 0.07 0.24 0.42 0.60 0.72 0.75 0.69 0.56 0.38 0.22 0.08 0.03 0.07 0.16 0.27 0.38 0.49 0.53
 20   0.48 0.39 0.25 0.12 0.02 0.00 0.06 0.18 0.34 0.48 0.61 0.67 0.69 0.61 0.46 0.30 0.14 0.05 0.01 0.07 0.16 0.28 0.40 0.47
 21   0.50 0.45 0.34 0.23 0.13 0.04 0.03 0.12 0.24 0.38 0.52 0.61 0.66 0.62 0.50 0.38 0.25 0.11 0.05 0.04 0.12 0.22 0.33 0.40
 22   0.46 0.47 0.42 0.34 0.23 0.13 0.08 0.09 0.16 0.25 0.36 0.48 0.56 0.58 0.52 0.42 0.29 0.17 0.07 0.00 0.05 0.15 0.25 0.35
 23   0.45 0.48 0.48 0.43 0.36 0.26 0.17 0.12 0.16 0.22 0.32 0.43 0.53 0.58 0.58 0.52 0.42 0.30 0.20 0.13 0.08 0.12 0.20 0.29
 24   0.36 0.44 0.48 0.48 0.44 0.38 0.29 0.21 0.16 0.20 0.30 0.40 0.50 0.58 0.60 0.59 0.52 0.43 0.32 0.24 0.19 0.15 0.18 0.25
 25   0.32 0.38 0.44 0.48 0.48 0.44 0.38 0.33 0.30 0.28 0.30 0.33 0.39 0.46 0.51 0.53 0.52 0.46 0.37 0.28 0.19 0.13 0.12 0.17
 26   0.23 0.33 0.43 0.50 0.55 0.56 0.52 0.46 0.39 0.33 0.28 0.29 0.33 0.38 0.43 0.47 0.49 0.48 0.44 0.36 0.27 0.18 0.12 0.11
 27   0.16 0.23 0.33 0.44 0.54 0.61 0.62 0.58 0.48 0.38 0.28 0.22 0.21 0.25 0.30 0.36 0.42 0.47 0.46 0.40 0.30 0.21 0.12 0.06
 28   0.08 0.12 0.22 0.34 0.48 0.56 0.60 0.60 0.54 0.43 0.32 0.23 0.18 0.18 0.21 0.28 0.36 0.44 0.49 0.48 0.40 0.30 0.19 0.10
 29   0.03 0.05 0.13 0.23 0.37 0.50 0.61 0.68 0.66 0.57 0.45 0.34 0.26 0.22 0.23 0.29 0.38 0.48 0.56 0.58 0.55 0.44 0.31 0.17
 30   0.07 0.03 0.07 0.18 0.31 0.48 0.63 0.71 0.75 0.70 0.57 0.43 0.30 0.19 0.15 0.17 0.25 0.36 0.48 0.55 0.58 0.51 0.38 0.22
 ----------------------------------------------------------------------------------------------------------------------------
                                                                                               
 ----------------------------------------------------------------------------------------------------------------------------
 ----------------------------------------------------------------------------------------------------------------------------
                                                          SURVEY OF INDIA
                                                    MARINE GEODESY WING (G&RB)
                                                     HOURLY HEIGHTS IN METRES
  NAME OF PORT:- NAGAPATTINAM                                                                       MONTH JULY      YEAR 2011
 ----------------------------------------------------------------------------------------------------------------------------
 DAYS 0000 0001 0002 0003 0004 0005 0006 0007 0008 0009 0010 0011 0012 0013 0014 0015 0016 0017 0018 0019 0020 0021 0022 0023
 ----------------------------------------------------------------------------------------------------------------------------
  1   0.05-0.02-0.04 0.02 0.17 0.37 0.55 0.68 0.78 0.77 0.66 0.50 0.34 0.19 0.07 0.05 0.13 0.25 0.38 0.49 0.57 0.57 0.43 0.28
  2   0.14-0.02-0.11-0.10 0.03 0.21 0.43 0.60 0.73 0.76 0.71 0.59 0.40 0.20 0.04-0.02 0.03 0.15 0.29 0.45 0.57 0.61 0.55 0.38
  3   0.21 0.06-0.05-0.09 0.00 0.15 0.37 0.58 0.72 0.78 0.79 0.69 0.50 0.30 0.11 0.02 0.00 0.08 0.22 0.37 0.51 0.60 0.62 0.51
  4   0.37 0.19 0.04-0.05-0.04 0.07 0.26 0.46 0.65 0.77 0.82 0.81 0.69 0.51 0.31 0.13 0.02-0.02 0.04 0.19 0.37 0.51 0.60 0.67
  5   0.63 0.45 0.26 0.09 0.02 0.03 0.12 0.28 0.47 0.65 0.79 0.84 0.79 0.65 0.46 0.27 0.12 0.05 0.06 0.14 0.29 0.43 0.55 0.62
  6   0.65 0.57 0.41 0.27 0.14 0.06 0.08 0.19 0.35 0.52 0.69 0.80 0.82 0.75 0.60 0.39 0.21 0.07 0.00 0.04 0.13 0.27 0.43 0.56
  7   0.64 0.63 0.55 0.41 0.29 0.18 0.13 0.16 0.25 0.38 0.53 0.65 0.75 0.76 0.66 0.51 0.33 0.17 0.06 0.01 0.07 0.15 0.29 0.45
  8   0.56 0.62 0.63 0.56 0.44 0.31 0.21 0.16 0.18 0.27 0.39 0.52 0.62 0.70 0.69 0.61 0.46 0.31 0.17 0.06 0.01 0.05 0.19 0.35
  9   0.48 0.59 0.66 0.65 0.56 0.44 0.32 0.25 0.21 0.21 0.29 0.37 0.47 0.56 0.62 0.62 0.55 0.44 0.32 0.20 0.10 0.04 0.08 0.18
 10   0.28 0.42 0.55 0.64 0.68 0.62 0.52 0.42 0.32 0.25 0.22 0.26 0.34 0.43 0.52 0.60 0.63 0.57 0.48 0.37 0.27 0.17 0.11 0.12
 11   0.17 0.29 0.42 0.55 0.63 0.67 0.65 0.56 0.45 0.35 0.27 0.22 0.24 0.31 0.39 0.47 0.55 0.59 0.53 0.40 0.27 0.18 0.10 0.05
 12   0.07 0.17 0.29 0.43 0.57 0.67 0.72 0.67 0.58 0.46 0.36 0.29 0.24 0.26 0.31 0.40 0.50 0.58 0.61 0.56 0.45 0.32 0.20 0.10
 13   0.05 0.09 0.19 0.32 0.47 0.62 0.72 0.76 0.71 0.58 0.46 0.34 0.23 0.16 0.16 0.24 0.34 0.46 0.57 0.61 0.59 0.49 0.36 0.22
 14   0.11 0.05 0.05 0.15 0.30 0.47 0.64 0.75 0.80 0.76 0.64 0.47 0.31 0.20 0.12 0.14 0.22 0.35 0.48 0.58 0.61 0.59 0.46 0.30
 15   0.13 0.00-0.02 0.03 0.16 0.34 0.54 0.70 0.78 0.79 0.71 0.56 0.38 0.20 0.08 0.04 0.08 0.17 0.32 0.45 0.54 0.57 0.50 0.37
 16   0.21 0.06-0.05-0.05 0.05 0.20 0.38 0.56 0.73 0.80 0.77 0.64 0.47 0.29 0.13 0.04 0.03 0.10 0.23 0.40 0.53 0.61 0.61 0.50
 17   0.35 0.15 0.04-0.03 0.01 0.12 0.28 0.48 0.65 0.75 0.77 0.71 0.59 0.39 0.21 0.07 0.00 0.07 0.17 0.31 0.46 0.57 0.63 0.58
 18   0.47 0.30 0.14 0.03 0.01 0.08 0.20 0.38 0.56 0.69 0.79 0.75 0.66 0.51 0.32 0.16 0.06 0.06 0.14 0.26 0.39 0.51 0.58 0.58
 19   0.50 0.35 0.20 0.11 0.04 0.08 0.17 0.31 0.49 0.62 0.72 0.77 0.71 0.56 0.40 0.23 0.10 0.05 0.09 0.18 0.32 0.45 0.55 0.60
 20   0.55 0.46 0.36 0.23 0.13 0.09 0.13 0.25 0.38 0.52 0.63 0.69 0.70 0.60 0.45 0.30 0.17 0.09 0.06 0.12 0.25 0.39 0.50 0.58
 21   0.59 0.54 0.43 0.29 0.19 0.14 0.15 0.22 0.36 0.49 0.60 0.66 0.65 0.59 0.46 0.32 0.19 0.11 0.08 0.12 0.20 0.31 0.43 0.52
 22   0.56 0.52 0.44 0.34 0.26 0.20 0.18 0.22 0.30 0.39 0.48 0.57 0.64 0.64 0.53 0.41 0.29 0.18 0.11 0.08 0.11 0.20 0.31 0.44
 23   0.51 0.55 0.54 0.48 0.39 0.30 0.21 0.18 0.21 0.28 0.35 0.43 0.51 0.55 0.49 0.41 0.31 0.22 0.14 0.08 0.07 0.12 0.21 0.29
 24   0.38 0.43 0.48 0.48 0.42 0.35 0.28 0.23 0.20 0.21 0.25 0.31 0.38 0.44 0.46 0.42 0.35 0.27 0.19 0.12 0.07 0.05 0.11 0.18
 25   0.27 0.35 0.41 0.46 0.47 0.42 0.36 0.31 0.26 0.21 0.21 0.23 0.27 0.32 0.37 0.42 0.41 0.36 0.27 0.19 0.11 0.04 0.03 0.05
 26   0.11 0.22 0.32 0.41 0.48 0.50 0.47 0.41 0.34 0.28 0.23 0.19 0.21 0.25 0.30 0.35 0.40 0.40 0.36 0.29 0.20 0.11 0.03-0.03
 27   0.01 0.11 0.23 0.34 0.44 0.47 0.46 0.41 0.34 0.28 0.22 0.18 0.16 0.20 0.27 0.34 0.41 0.47 0.48 0.42 0.34 0.23 0.13 0.04
 28   0.00 0.06 0.16 0.30 0.44 0.56 0.60 0.58 0.52 0.43 0.34 0.25 0.18 0.14 0.19 0.27 0.37 0.46 0.54 0.56 0.49 0.38 0.26 0.14
 29   0.06 0.02 0.10 0.22 0.38 0.54 0.68 0.72 0.70 0.62 0.50 0.38 0.26 0.16 0.12 0.18 0.28 0.40 0.52 0.61 0.63 0.56 0.43 0.28
 30   0.15 0.07 0.05 0.13 0.27 0.45 0.65 0.79 0.85 0.83 0.72 0.55 0.36 0.22 0.13 0.13 0.19 0.31 0.45 0.59 0.66 0.65 0.53 0.38
 31   0.18 0.04-0.04 0.00 0.11 0.27 0.50 0.70 0.81 0.86 0.79 0.62 0.42 0.22 0.10 0.03 0.07 0.19 0.34 0.51 0.63 0.69 0.67 0.53
 ----------------------------------------------------------------------------------------------------------------------------
                                                                                               
 ----------------------------------------------------------------------------------------------------------------------------
 ----------------------------------------------------------------------------------------------------------------------------
                                                          SURVEY OF INDIA
                                                    MARINE GEODESY WING (G&RB)
                                                     HOURLY HEIGHTS IN METRES
  NAME OF PORT:- NAGAPATTINAM                                                                       MONTH AUGUST    YEAR 2011
 ----------------------------------------------------------------------------------------------------------------------------
 DAYS 0000 0001 0002 0003 0004 0005 0006 0007 0008 0009 0010 0011 0012 0013 0014 0015 0016 0017 0018 0019 0020 0021 0022 0023
 ----------------------------------------------------------------------------------------------------------------------------
  1   0.35 0.18 0.03-0.02 0.07 0.22 0.43 0.64 0.80 0.90 0.89 0.80 0.59 0.37 0.18 0.05 0.00 0.11 0.25 0.44 0.63 0.76 0.78 0.70
  2   0.52 0.33 0.16 0.04 0.02 0.14 0.31 0.54 0.75 0.88 0.95 0.88 0.71 0.50 0.29 0.10 0.00 0.02 0.13 0.30 0.48 0.65 0.76 0.74
  3   0.66 0.46 0.28 0.11 0.02 0.05 0.18 0.35 0.56 0.75 0.86 0.87 0.78 0.60 0.37 0.17 0.00-0.06 0.01 0.14 0.31 0.50 0.65 0.75
  4   0.71 0.59 0.41 0.25 0.12 0.04 0.07 0.21 0.39 0.56 0.70 0.79 0.79 0.67 0.49 0.30 0.12-0.01-0.05-0.01 0.13 0.30 0.48 0.60
  5   0.69 0.65 0.54 0.40 0.25 0.13 0.10 0.13 0.24 0.38 0.52 0.64 0.69 0.66 0.55 0.40 0.21 0.08-0.04-0.08 0.02 0.15 0.30 0.45
  6   0.57 0.64 0.59 0.50 0.37 0.25 0.14 0.08 0.12 0.22 0.34 0.45 0.55 0.60 0.58 0.50 0.35 0.21 0.10-0.01-0.03 0.03 0.15 0.28
  7   0.40 0.51 0.56 0.54 0.47 0.36 0.25 0.15 0.11 0.15 0.22 0.29 0.37 0.45 0.53 0.51 0.44 0.34 0.21 0.10 0.01-0.02 0.04 0.14
  8   0.26 0.37 0.46 0.55 0.56 0.51 0.43 0.34 0.27 0.20 0.17 0.21 0.27 0.33 0.40 0.45 0.45 0.38 0.30 0.22 0.14 0.06 0.00 0.04
  9   0.12 0.22 0.34 0.44 0.53 0.56 0.52 0.44 0.36 0.28 0.22 0.18 0.20 0.25 0.31 0.38 0.42 0.44 0.38 0.30 0.21 0.13 0.05 0.00
 10   0.01 0.08 0.19 0.33 0.44 0.53 0.58 0.56 0.48 0.38 0.27 0.15 0.08 0.06 0.12 0.20 0.30 0.38 0.43 0.42 0.35 0.24 0.14 0.03
 11  -0.05-0.01 0.05 0.17 0.33 0.48 0.60 0.64 0.62 0.54 0.42 0.27 0.15 0.05 0.06 0.14 0.23 0.34 0.43 0.50 0.48 0.40 0.29 0.14
 12   0.01-0.06 0.01 0.11 0.25 0.39 0.52 0.65 0.69 0.62 0.51 0.34 0.18 0.05-0.01 0.05 0.17 0.29 0.40 0.50 0.55 0.49 0.36 0.20
 13   0.04-0.05-0.08-0.01 0.12 0.29 0.45 0.60 0.67 0.68 0.58 0.41 0.24 0.07-0.04-0.05 0.04 0.18 0.31 0.45 0.53 0.54 0.46 0.28
 14   0.11-0.01-0.08-0.06 0.04 0.20 0.37 0.56 0.65 0.70 0.63 0.48 0.30 0.13 0.00-0.07-0.04 0.08 0.23 0.39 0.49 0.57 0.55 0.39
 15   0.20 0.05-0.05-0.09-0.03 0.10 0.27 0.46 0.59 0.67 0.67 0.55 0.37 0.19 0.02-0.08-0.09 0.00 0.15 0.31 0.47 0.55 0.55 0.48
 16   0.32 0.14 0.00-0.08-0.08 0.01 0.15 0.34 0.52 0.61 0.66 0.59 0.45 0.26 0.09-0.04-0.07-0.03 0.09 0.25 0.42 0.53 0.59 0.56
 17   0.42 0.25 0.09-0.01-0.04-0.03 0.08 0.26 0.43 0.57 0.64 0.64 0.51 0.34 0.18 0.03-0.05-0.04 0.05 0.17 0.33 0.47 0.57 0.53
 18   0.45 0.31 0.16 0.04-0.03-0.06 0.02 0.16 0.31 0.45 0.54 0.59 0.54 0.39 0.23 0.07-0.03-0.06-0.02 0.10 0.26 0.40 0.52 0.58
 19   0.55 0.43 0.30 0.18 0.07 0.01 0.05 0.14 0.27 0.40 0.51 0.59 0.58 0.49 0.35 0.21 0.08 0.02 0.01 0.08 0.20 0.34 0.48 0.55
 20   0.58 0.53 0.42 0.31 0.21 0.13 0.11 0.16 0.26 0.37 0.48 0.55 0.59 0.55 0.44 0.33 0.22 0.13 0.08 0.11 0.21 0.33 0.45 0.54
 21   0.57 0.57 0.49 0.39 0.29 0.20 0.15 0.15 0.21 0.29 0.38 0.46 0.51 0.48 0.40 0.30 0.20 0.10 0.04 0.05 0.12 0.22 0.33 0.43
 22   0.49 0.51 0.52 0.47 0.40 0.33 0.26 0.23 0.25 0.29 0.35 0.40 0.45 0.47 0.46 0.39 0.30 0.21 0.12 0.07 0.06 0.11 0.19 0.29
 23   0.36 0.45 0.50 0.51 0.45 0.39 0.32 0.27 0.23 0.21 0.24 0.28 0.34 0.40 0.45 0.45 0.38 0.30 0.22 0.15 0.09 0.07 0.10 0.16
 24   0.26 0.35 0.42 0.46 0.48 0.46 0.40 0.34 0.29 0.24 0.22 0.22 0.28 0.34 0.40 0.44 0.45 0.40 0.34 0.26 0.19 0.12 0.05 0.06
 25   0.14 0.22 0.32 0.41 0.48 0.53 0.52 0.48 0.41 0.33 0.26 0.21 0.20 0.23 0.29 0.35 0.41 0.44 0.42 0.36 0.28 0.18 0.09 0.05
 26   0.04 0.10 0.20 0.34 0.46 0.55 0.62 0.61 0.55 0.43 0.30 0.19 0.09 0.08 0.14 0.23 0.32 0.41 0.47 0.48 0.41 0.29 0.16 0.04
 27  -0.06-0.06 0.02 0.18 0.33 0.48 0.58 0.65 0.61 0.48 0.31 0.14 0.00-0.07-0.05 0.04 0.17 0.32 0.44 0.49 0.49 0.40 0.25 0.07
 28  -0.09-0.14-0.11-0.02 0.15 0.33 0.51 0.62 0.65 0.56 0.38 0.18 0.00-0.16-0.18-0.12 0.02 0.20 0.38 0.51 0.58 0.54 0.39 0.19
 29  -0.01-0.16-0.19-0.14 0.02 0.22 0.44 0.61 0.70 0.66 0.54 0.32 0.10-0.12-0.24-0.24-0.13 0.06 0.25 0.43 0.58 0.61 0.50 0.30
 30   0.06-0.10-0.23-0.25-0.13 0.07 0.28 0.50 0.68 0.72 0.63 0.45 0.21-0.03-0.21-0.29-0.26-0.11 0.11 0.34 0.51 0.63 0.63 0.51
 31   0.30 0.07-0.13-0.22-0.19-0.07 0.13 0.35 0.57 0.69 0.69 0.51 0.28 0.03-0.17-0.29-0.33-0.22-0.02 0.22 0.41 0.57 0.62 0.56
 ----------------------------------------------------------------------------------------------------------------------------
                                                                                               
 ----------------------------------------------------------------------------------------------------------------------------
 ----------------------------------------------------------------------------------------------------------------------------
                                                          SURVEY OF INDIA
                                                    MARINE GEODESY WING (G&RB)
                                                     HOURLY HEIGHTS IN METRES
  NAME OF PORT:- NAGAPATTINAM                                                                       MONTH SEPT      YEAR 2011
 ----------------------------------------------------------------------------------------------------------------------------
 DAYS 0000 0001 0002 0003 0004 0005 0006 0007 0008 0009 0010 0011 0012 0013 0014 0015 0016 0017 0018 0019 0020 0021 0022 0023
 ----------------------------------------------------------------------------------------------------------------------------
  1   0.38 0.15-0.06-0.17-0.22-0.13 0.04 0.24 0.43 0.57 0.63 0.59 0.44 0.23-0.01-0.20-0.31-0.33-0.22-0.04 0.17 0.38 0.54 0.60
  2   0.53 0.37 0.19-0.03-0.16-0.22-0.16-0.02 0.17 0.33 0.47 0.53 0.49 0.35 0.15-0.05-0.16-0.24-0.23-0.11 0.02 0.20 0.37 0.48
  3   0.52 0.45 0.29 0.11-0.03-0.13-0.16-0.11 0.02 0.17 0.31 0.43 0.48 0.43 0.28 0.13-0.02-0.15-0.22-0.18-0.08 0.06 0.23 0.36
  4   0.44 0.48 0.39 0.26 0.12 0.00-0.08-0.10-0.05 0.05 0.16 0.26 0.35 0.37 0.31 0.20 0.07-0.04-0.13-0.19-0.16-0.07 0.06 0.19
  5   0.30 0.38 0.41 0.36 0.26 0.14 0.03-0.04-0.08-0.04 0.03 0.12 0.22 0.29 0.32 0.30 0.22 0.13 0.04-0.04-0.09-0.10-0.03 0.04
  6   0.15 0.24 0.32 0.36 0.34 0.29 0.21 0.13 0.05-0.02-0.03 0.02 0.08 0.13 0.18 0.21 0.23 0.20 0.12 0.04-0.03-0.08-0.08-0.04
  7   0.02 0.10 0.20 0.28 0.35 0.36 0.30 0.23 0.15 0.08 0.01-0.04-0.03 0.01 0.08 0.15 0.21 0.23 0.21 0.15 0.08 0.01-0.04-0.09
  8  -0.07 0.00 0.10 0.21 0.30 0.37 0.41 0.36 0.28 0.19 0.10 0.01-0.05-0.03 0.02 0.09 0.17 0.26 0.30 0.28 0.22 0.14 0.05-0.03
  9  -0.07-0.05 0.02 0.12 0.23 0.34 0.42 0.45 0.42 0.32 0.19 0.07-0.02-0.06-0.04 0.02 0.13 0.23 0.33 0.36 0.32 0.22 0.12 0.02
 10  -0.08-0.10-0.04 0.05 0.17 0.29 0.41 0.49 0.49 0.41 0.27 0.13-0.01-0.13-0.14-0.08 0.02 0.15 0.28 0.36 0.39 0.34 0.22 0.08
 11  -0.03-0.10-0.12-0.05 0.06 0.22 0.37 0.47 0.50 0.44 0.31 0.15 0.00-0.10-0.17-0.14-0.03 0.11 0.26 0.39 0.46 0.45 0.35 0.19
 12   0.01-0.12-0.16-0.12-0.03 0.12 0.28 0.43 0.52 0.50 0.40 0.24 0.07-0.07-0.15-0.15-0.07 0.06 0.24 0.38 0.47 0.48 0.37 0.21
 13   0.06-0.04-0.11-0.13-0.03 0.11 0.26 0.42 0.54 0.56 0.49 0.34 0.16-0.01-0.14-0.18-0.11 0.02 0.18 0.33 0.46 0.54 0.49 0.35
 14   0.18 0.02-0.10-0.16-0.12 0.02 0.20 0.36 0.48 0.52 0.48 0.31 0.14-0.03-0.16-0.20-0.15-0.04 0.12 0.28 0.42 0.51 0.52 0.42
 15   0.26 0.08-0.04-0.10-0.11-0.04 0.12 0.30 0.43 0.51 0.52 0.42 0.27 0.11-0.02-0.11-0.11-0.05 0.09 0.27 0.43 0.52 0.54 0.49
 16   0.35 0.18 0.04-0.07-0.11-0.06 0.06 0.22 0.37 0.47 0.53 0.49 0.37 0.23 0.07-0.06-0.10-0.10-0.02 0.12 0.29 0.45 0.55 0.56
 17   0.48 0.34 0.20 0.06-0.02-0.03 0.01 0.12 0.26 0.37 0.43 0.44 0.38 0.28 0.15 0.02-0.08-0.09-0.06 0.04 0.18 0.32 0.42 0.48
 18   0.44 0.35 0.25 0.13 0.03-0.04-0.02 0.05 0.15 0.25 0.35 0.41 0.41 0.32 0.20 0.08-0.02-0.08-0.09-0.03 0.08 0.21 0.32 0.39
 19   0.46 0.39 0.30 0.21 0.11 0.02-0.02 0.01 0.08 0.18 0.27 0.34 0.35 0.31 0.22 0.12 0.03-0.04-0.09-0.06 0.02 0.11 0.21 0.29
 20   0.34 0.36 0.33 0.24 0.15 0.06-0.01-0.03-0.01 0.04 0.11 0.19 0.26 0.28 0.24 0.17 0.08 0.00-0.06-0.07-0.05 0.00 0.07 0.15
 21   0.24 0.31 0.34 0.31 0.24 0.16 0.09 0.04 0.00 0.01 0.06 0.12 0.18 0.23 0.25 0.22 0.16 0.10 0.04-0.01-0.05-0.04 0.02 0.11
 22   0.20 0.26 0.32 0.34 0.32 0.26 0.20 0.14 0.08 0.04 0.02 0.04 0.09 0.15 0.21 0.24 0.25 0.22 0.17 0.10 0.02-0.03-0.05 0.00
 23   0.06 0.14 0.24 0.32 0.38 0.40 0.36 0.28 0.19 0.10 0.04 0.00 0.04 0.11 0.18 0.25 0.32 0.36 0.34 0.26 0.17 0.08 0.00-0.05
 24   0.00 0.06 0.18 0.30 0.41 0.49 0.51 0.45 0.33 0.19 0.06-0.04-0.08-0.04 0.04 0.16 0.27 0.38 0.43 0.41 0.32 0.17 0.01-0.08
 25  -0.12-0.06 0.06 0.19 0.34 0.46 0.52 0.51 0.39 0.21 0.03-0.10-0.19-0.21-0.12 0.03 0.21 0.36 0.45 0.48 0.42 0.28 0.08-0.05
 26  -0.18-0.17-0.10 0.03 0.23 0.40 0.52 0.59 0.51 0.34 0.16-0.01-0.17-0.29-0.28-0.15 0.02 0.22 0.42 0.54 0.57 0.45 0.25 0.03
 27  -0.12-0.23-0.22-0.09 0.10 0.31 0.52 0.64 0.65 0.54 0.35 0.13-0.08-0.24-0.31-0.27-0.10 0.13 0.35 0.55 0.67 0.67 0.53 0.30
 28   0.08-0.11-0.21-0.20-0.10 0.09 0.30 0.50 0.63 0.63 0.49 0.29 0.03-0.17-0.32-0.36-0.28-0.10 0.15 0.39 0.59 0.67 0.63 0.46
 29   0.23 0.01-0.17-0.24-0.22-0.08 0.14 0.34 0.52 0.61 0.58 0.43 0.21-0.01-0.19-0.31-0.31-0.19 0.03 0.25 0.47 0.64 0.70 0.63
 30   0.44 0.21-0.01-0.16-0.23-0.17-0.02 0.18 0.38 0.52 0.60 0.53 0.37 0.17-0.03-0.19-0.25-0.19-0.06 0.13 0.36 0.53 0.63 0.64
 ----------------------------------------------------------------------------------------------------------------------------
                                                                                               
 ----------------------------------------------------------------------------------------------------------------------------
 ----------------------------------------------------------------------------------------------------------------------------
                                                          SURVEY OF INDIA
                                                    MARINE GEODESY WING (G&RB)
                                                     HOURLY HEIGHTS IN METRES
  NAME OF PORT:- NAGAPATTINAM                                                                       MONTH OCTOBER   YEAR 2011
 ----------------------------------------------------------------------------------------------------------------------------
 DAYS 0000 0001 0002 0003 0004 0005 0006 0007 0008 0009 0010 0011 0012 0013 0014 0015 0016 0017 0018 0019 0020 0021 0022 0023
 ----------------------------------------------------------------------------------------------------------------------------
  1   0.53 0.36 0.17 0.01-0.09-0.15-0.07 0.08 0.24 0.39 0.50 0.54 0.48 0.31 0.12-0.02-0.11-0.17-0.10 0.03 0.20 0.38 0.51 0.59
  2   0.59 0.49 0.33 0.16 0.02-0.07-0.11-0.04 0.09 0.23 0.36 0.43 0.44 0.38 0.25 0.10-0.02-0.09-0.11-0.07 0.04 0.20 0.35 0.46
  3   0.53 0.54 0.47 0.33 0.18 0.05-0.03-0.04 0.01 0.11 0.21 0.30 0.38 0.41 0.35 0.26 0.17 0.08-0.01-0.06-0.04 0.06 0.20 0.32
  4   0.44 0.50 0.52 0.46 0.34 0.22 0.08 0.00-0.02 0.01 0.10 0.19 0.27 0.32 0.34 0.32 0.27 0.20 0.13 0.06-0.01-0.01 0.08 0.18
  5   0.30 0.40 0.48 0.51 0.46 0.36 0.24 0.12 0.03 0.00 0.01 0.08 0.16 0.23 0.30 0.34 0.34 0.30 0.23 0.16 0.09 0.04 0.04 0.10
  6   0.16 0.28 0.38 0.46 0.50 0.46 0.38 0.28 0.16 0.08 0.02 0.01 0.06 0.13 0.21 0.28 0.35 0.37 0.35 0.29 0.21 0.14 0.08 0.04
  7   0.11 0.15 0.25 0.35 0.43 0.48 0.45 0.39 0.29 0.19 0.10 0.04 0.01 0.04 0.15 0.25 0.35 0.42 0.44 0.42 0.33 0.24 0.16 0.08
  8   0.07 0.11 0.19 0.28 0.39 0.49 0.54 0.51 0.42 0.31 0.20 0.11 0.03 0.02 0.09 0.22 0.34 0.45 0.53 0.55 0.48 0.36 0.24 0.14
  9   0.07 0.04 0.09 0.21 0.33 0.45 0.55 0.55 0.48 0.38 0.26 0.15 0.06 0.02 0.04 0.16 0.30 0.44 0.56 0.61 0.58 0.48 0.33 0.20
 10   0.10 0.04 0.06 0.15 0.28 0.40 0.51 0.59 0.56 0.46 0.33 0.20 0.10 0.02 0.01 0.07 0.23 0.38 0.53 0.64 0.69 0.61 0.47 0.30
 11   0.17 0.05 0.01 0.09 0.21 0.36 0.49 0.57 0.62 0.56 0.43 0.27 0.10-0.01-0.05 0.02 0.15 0.30 0.45 0.59 0.69 0.65 0.56 0.42
 12   0.27 0.11 0.04 0.04 0.16 0.30 0.44 0.56 0.64 0.64 0.54 0.36 0.19 0.04 0.00 0.01 0.12 0.28 0.46 0.63 0.73 0.73 0.67 0.51
 13   0.35 0.17 0.07 0.04 0.12 0.25 0.39 0.54 0.65 0.68 0.60 0.47 0.30 0.14 0.03 0.00 0.07 0.21 0.38 0.55 0.69 0.77 0.75 0.63
 14   0.46 0.27 0.14 0.08 0.09 0.18 0.31 0.45 0.59 0.66 0.64 0.52 0.33 0.17 0.02-0.03 0.01 0.13 0.29 0.47 0.62 0.73 0.75 0.68
 15   0.50 0.33 0.18 0.06 0.05 0.09 0.21 0.36 0.51 0.59 0.62 0.57 0.42 0.26 0.10 0.01 0.02 0.07 0.21 0.38 0.54 0.67 0.75 0.72
 16   0.59 0.44 0.28 0.14 0.07 0.07 0.16 0.27 0.39 0.51 0.58 0.55 0.44 0.30 0.16 0.04-0.03-0.01 0.11 0.24 0.40 0.55 0.67 0.70
 17   0.65 0.50 0.35 0.23 0.11 0.04 0.09 0.18 0.29 0.39 0.49 0.53 0.48 0.39 0.27 0.17 0.09 0.05 0.12 0.22 0.34 0.46 0.57 0.65
 18   0.64 0.57 0.45 0.33 0.22 0.13 0.13 0.17 0.27 0.37 0.45 0.51 0.52 0.45 0.35 0.25 0.15 0.09 0.08 0.14 0.25 0.39 0.51 0.60
 19   0.68 0.67 0.59 0.46 0.34 0.24 0.17 0.15 0.20 0.28 0.38 0.47 0.52 0.53 0.47 0.39 0.30 0.21 0.15 0.14 0.20 0.30 0.41 0.50
 20   0.60 0.66 0.65 0.58 0.48 0.38 0.28 0.21 0.18 0.21 0.28 0.38 0.48 0.52 0.53 0.49 0.42 0.35 0.28 0.23 0.21 0.26 0.34 0.42
 21   0.53 0.59 0.64 0.63 0.57 0.49 0.40 0.31 0.25 0.21 0.23 0.28 0.34 0.40 0.45 0.48 0.48 0.42 0.36 0.30 0.25 0.21 0.22 0.27
 22   0.37 0.47 0.57 0.63 0.65 0.60 0.51 0.41 0.31 0.23 0.17 0.17 0.23 0.32 0.42 0.52 0.60 0.62 0.57 0.47 0.37 0.27 0.21 0.23
 23   0.29 0.41 0.54 0.66 0.73 0.74 0.66 0.54 0.43 0.31 0.22 0.17 0.18 0.26 0.39 0.54 0.68 0.76 0.75 0.66 0.53 0.40 0.29 0.22
 24   0.23 0.31 0.45 0.60 0.72 0.80 0.82 0.72 0.57 0.42 0.26 0.18 0.15 0.19 0.31 0.46 0.65 0.81 0.93 0.94 0.78 0.60 0.45 0.31
 25   0.22 0.24 0.33 0.49 0.66 0.80 0.89 0.90 0.78 0.60 0.41 0.23 0.12 0.08 0.14 0.32 0.53 0.74 0.92 1.02 1.01 0.87 0.68 0.49
 26   0.34 0.23 0.25 0.36 0.54 0.73 0.89 0.99 0.99 0.85 0.63 0.42 0.21 0.09 0.09 0.24 0.41 0.63 0.84 1.00 1.09 1.06 0.87 0.66
 27   0.44 0.27 0.18 0.23 0.37 0.58 0.76 0.92 0.99 0.95 0.79 0.55 0.31 0.13 0.04 0.05 0.19 0.44 0.69 0.90 1.05 1.10 1.00 0.81
 28   0.59 0.40 0.25 0.18 0.25 0.40 0.59 0.78 0.90 0.97 0.89 0.74 0.51 0.31 0.15 0.08 0.14 0.31 0.53 0.78 0.94 1.06 1.09 0.98
 29   0.79 0.55 0.37 0.24 0.19 0.27 0.41 0.59 0.76 0.87 0.91 0.83 0.66 0.48 0.28 0.15 0.12 0.21 0.36 0.58 0.78 0.94 1.03 1.04
 30   0.93 0.70 0.50 0.33 0.23 0.21 0.30 0.43 0.59 0.74 0.83 0.86 0.76 0.62 0.46 0.28 0.20 0.17 0.25 0.43 0.61 0.78 0.92 1.01
 31   1.01 0.86 0.71 0.54 0.39 0.30 0.27 0.33 0.45 0.59 0.73 0.79 0.80 0.71 0.60 0.46 0.36 0.30 0.30 0.38 0.52 0.67 0.82 0.92
 ----------------------------------------------------------------------------------------------------------------------------
                                                                                               
 ----------------------------------------------------------------------------------------------------------------------------
 ----------------------------------------------------------------------------------------------------------------------------
                                                          SURVEY OF INDIA
                                                    MARINE GEODESY WING (G&RB)
                                                     HOURLY HEIGHTS IN METRES
  NAME OF PORT:- NAGAPATTINAM                                                                       MONTH NOVEMBER  YEAR 2011
 ----------------------------------------------------------------------------------------------------------------------------
 DAYS 0000 0001 0002 0003 0004 0005 0006 0007 0008 0009 0010 0011 0012 0013 0014 0015 0016 0017 0018 0019 0020 0021 0022 0023
 ----------------------------------------------------------------------------------------------------------------------------
  1   0.98 0.93 0.84 0.71 0.56 0.43 0.35 0.32 0.37 0.47 0.59 0.70 0.75 0.75 0.66 0.55 0.45 0.37 0.33 0.33 0.40 0.52 0.64 0.77
  2   0.86 0.89 0.86 0.77 0.65 0.53 0.42 0.35 0.33 0.36 0.44 0.52 0.61 0.66 0.68 0.66 0.59 0.51 0.43 0.36 0.35 0.40 0.48 0.60
  3   0.71 0.79 0.83 0.81 0.73 0.63 0.52 0.41 0.35 0.33 0.35 0.41 0.49 0.57 0.62 0.65 0.65 0.59 0.52 0.45 0.39 0.37 0.40 0.44
  4   0.56 0.65 0.73 0.77 0.75 0.69 0.61 0.51 0.41 0.35 0.33 0.35 0.40 0.46 0.52 0.58 0.63 0.64 0.60 0.54 0.48 0.42 0.39 0.40
  5   0.44 0.53 0.61 0.67 0.71 0.71 0.67 0.60 0.51 0.43 0.35 0.32 0.33 0.39 0.48 0.57 0.65 0.69 0.70 0.67 0.61 0.54 0.46 0.39
  6   0.39 0.42 0.50 0.58 0.65 0.71 0.72 0.66 0.58 0.48 0.38 0.30 0.28 0.31 0.41 0.51 0.62 0.73 0.78 0.78 0.71 0.61 0.52 0.42
  7   0.35 0.35 0.39 0.48 0.56 0.63 0.67 0.67 0.61 0.52 0.41 0.30 0.22 0.21 0.28 0.38 0.52 0.65 0.72 0.75 0.71 0.61 0.49 0.37
  8   0.29 0.27 0.29 0.37 0.47 0.55 0.61 0.63 0.59 0.51 0.38 0.25 0.16 0.12 0.18 0.27 0.41 0.55 0.68 0.75 0.74 0.66 0.53 0.39
  9
 10
 11
 12
 13
 14
 15
 16
 17
 18
 19
 20
 21
 22
 23
 24
 25
 26
 27
 28
 29
 30
 ----------------------------------------------------------------------------------------------------------------------------
                                                                                               
 ----------------------------------------------------------------------------------------------------------------------------
 ----------------------------------------------------------------------------------------------------------------------------
                                                          SURVEY OF INDIA
                                                    MARINE GEODESY WING (G&RB)
                                                     HOURLY HEIGHTS IN METRES
  NAME OF PORT:- NAGAPATTINAM                                                                       MONTH DECEMBER  YEAR 2011
 ----------------------------------------------------------------------------------------------------------------------------
 DAYS 0000 0001 0002 0003 0004 0005 0006 0007 0008 0009 0010 0011 0012 0013 0014 0015 0016 0017 0018 0019 0020 0021 0022 0023
 ----------------------------------------------------------------------------------------------------------------------------
  1   1.12 1.11 1.02 0.90 0.77 0.64 0.54 0.49 0.52 0.60 0.70 0.79 0.86 0.89 0.84 0.76 0.69 0.62 0.57 0.57 0.62 0.73 0.83 0.92
  2   0.99 1.01 0.96 0.88 0.77 0.65 0.55 0.48 0.46 0.48 0.57 0.66 0.73 0.79 0.81 0.80 0.76 0.70 0.64 0.61 0.59 0.62 0.68 0.77
  3   0.86 0.90 0.93 0.88 0.81 0.72 0.63 0.54 0.50 0.49 0.52 0.58 0.66 0.74 0.80 0.84 0.84 0.79 0.72 0.66 0.62 0.59 0.58 0.63
  4   0.70 0.77 0.83 0.85 0.82 0.77 0.69 0.60 0.51 0.46 0.44 0.47 0.52 0.60 0.68 0.75 0.79 0.79 0.76 0.71 0.64 0.58 0.53 0.54
  5   0.59 0.65 0.71 0.76 0.79 0.79 0.74 0.66 0.58 0.50 0.43 0.42 0.44 0.52 0.62 0.72 0.81 0.88 0.89 0.83 0.75 0.67 0.59 0.54
  6   0.55 0.59 0.65 0.71 0.77 0.83 0.82 0.76 0.67 0.57 0.48 0.41 0.41 0.46 0.55 0.65 0.76 0.86 0.94 0.93 0.86 0.77 0.67 0.58
  7   0.50 0.52 0.55 0.61 0.68 0.75 0.78 0.78 0.73 0.62 0.51 0.41 0.35 0.36 0.42 0.54 0.68 0.81 0.91 0.95 0.92 0.83 0.72 0.59
  8   0.49 0.45 0.45 0.50 0.60 0.69 0.76 0.77 0.73 0.65 0.53 0.40 0.32 0.28 0.34 0.44 0.58 0.73 0.86 0.95 0.95 0.90 0.78 0.66
  9   0.54 0.44 0.41 0.42 0.52 0.63 0.73 0.79 0.80 0.74 0.63 0.48 0.35 0.29 0.30 0.39 0.52 0.67 0.83 0.94 0.98 0.94 0.85 0.70
 10
 11
 12
 13
 14
 15
 16
 17
 18
 19
 20
 21
 22
 23
 24
 25
 26
 27
 28
 29
 30
 31
 ----------------------------------------------------------------------------------------------------------------------------
                                                                                               
 ----------------------------------------------------------------------------------------------------------------------------
 ----------------------------------------------------------------------------------------------------------------------------
