                                                          SURVEY OF INDIA
                                                    MARINE GEODESY WING (G&RB)
                                                     HOURLY HEIGHTS IN METRES
  NAME OF PORT:- VADINAR                                                                            MONTH JANUARY   YEAR 2011
 ----------------------------------------------------------------------------------------------------------------------------
 DAYS 0000 0001 0002 0003 0004 0005 0006 0007 0008 0009 0010 0011 0012 0013 0014 0015 0016 0017 0018 0019 0020 0021 0022 0023
 ----------------------------------------------------------------------------------------------------------------------------
  1   5.12 4.74 4.14 3.49 2.80 2.30 2.19 2.52 3.05 3.58 4.08 4.32 4.20 3.70 2.96 2.09 1.26 0.66 0.59 1.22 2.16 3.12 4.07 4.89
  2   5.29 5.24 4.80 4.14 3.42 2.67 2.14 2.05 2.41 2.98 3.60 4.14 4.42 4.30 3.74 3.00 2.11 1.28 0.66 0.65 1.37 2.35 3.37 4.32
  3   5.12 5.46 5.34 4.80 4.08 3.30 2.52 2.00 1.94 2.40 3.04 3.70 4.25 4.49 4.29 3.69 2.89 1.97 1.12 0.59 0.74 1.58 2.62 3.64
  4   4.60 5.30 5.52 5.24 4.58 3.81 2.98 2.22 1.80 1.92 2.51 3.18 3.86 4.40 4.57 4.23 3.53 2.69 1.74 0.94 0.58 1.00 1.98 3.00
  5   4.04 4.98 5.49 5.53 5.08 4.32 3.50 2.67 1.96 1.69 2.02 2.70 3.44 4.10 4.56 4.58 4.08 3.33 2.40 1.50 0.82 0.72 1.40 2.40
  6   3.45 4.42 5.20 5.52 5.34 4.72 3.91 3.07 2.20 1.66 1.62 2.16 2.92 3.65 4.29 4.60 4.42 3.80 3.00 2.11 1.29 0.82 1.02 1.85
  7   2.88 3.85 4.76 5.32 5.43 5.00 4.27 3.46 2.57 1.85 1.52 1.80 2.48 3.24 3.94 4.47 4.60 4.20 3.52 2.72 1.86 1.21 1.02 1.59
  8   2.54 3.48 4.39 5.16 5.48 5.28 4.66 3.88 3.01 2.16 1.59 1.55 2.06 2.78 3.50 4.15 4.53 4.48 3.95 3.27 2.46 1.72 1.25 1.38
  9   2.15 3.01 3.89 4.74 5.25 5.32 4.90 4.18 3.36 2.48 1.74 1.39 1.64 2.27 3.00 3.68 4.25 4.48 4.24 3.69 3.02 2.30 1.68 1.45
 10   1.88 2.60 3.41 4.22 4.89 5.17 5.01 4.44 3.70 2.86 2.04 1.48 1.40 1.86 2.54 3.24 3.86 4.30 4.37 4.05 3.53 2.91 2.27 1.85
 11   1.84 2.36 3.05 3.82 4.53 4.98 5.06 4.68 4.03 3.27 2.41 1.72 1.37 1.52 2.08 2.76 3.43 4.00 4.34 4.31 3.97 3.48 2.91 2.40
 12   2.08 2.21 2.71 3.35 4.01 4.57 4.87 4.74 4.25 3.62 2.86 2.08 1.52 1.32 1.60 2.17 2.82 3.46 3.98 4.30 4.31 4.03 3.60 3.12
 13   2.66 2.40 2.51 2.92 3.46 4.00 4.43 4.60 4.44 3.96 3.34 2.58 1.91 1.44 1.32 1.64 2.20 2.86 3.47 3.98 4.30 4.33 4.09 3.71
 14   3.25 2.82 2.55 2.57 2.91 3.35 3.80 4.14 4.28 4.10 3.67 3.11 2.44 1.83 1.40 1.28 1.53 2.12 2.76 3.40 3.97 4.40 4.51 4.36
 15   3.98 3.53 3.09 2.73 2.62 2.79 3.14 3.53 3.87 4.05 3.97 3.60 3.08 2.45 1.78 1.29 1.08 1.32 1.89 2.60 3.34 4.03 4.58 4.73
 16   4.58 4.16 3.67 3.12 2.64 2.42 2.53 2.89 3.32 3.70 3.95 3.97 3.63 3.12 2.45 1.75 1.17 0.92 1.16 1.82 2.64 3.48 4.31 4.89
 17   5.06 4.86 4.36 3.77 3.13 2.56 2.28 2.40 2.81 3.31 3.77 4.11 4.14 3.82 3.23 2.47 1.68 1.02 0.73 1.07 1.87 2.80 3.76 4.65
 18   5.20 5.31 5.00 4.40 3.70 2.95 2.32 2.06 2.27 2.81 3.42 3.98 4.36 4.35 3.90 3.24 2.37 1.51 0.81 0.56 1.10 2.05 3.09 4.08
 19   5.04 5.46 5.44 4.97 4.27 3.47 2.65 2.03 1.86 2.24 2.90 3.58 4.23 4.59 4.49 3.90 3.11 2.14 1.20 0.53 0.47 1.24 2.32 3.43
 20   4.48 5.33 5.66 5.46 4.82 3.96 3.10 2.21 1.66 1.68 2.30 3.12 3.91 4.53 4.80 4.49 3.76 2.87 1.82 0.88 0.33 0.56 1.54 2.68
 21   3.80 4.86 5.51 5.65 5.18 4.37 3.48 2.52 1.68 1.28 1.62 2.44 3.35 4.15 4.78 4.90 4.42 3.63 2.67 1.62 0.73 0.37 0.88 1.96
 22   3.11 4.22 5.18 5.68 5.60 4.93 4.04 3.10 2.08 1.32 1.09 1.68 2.61 3.55 4.38 4.93 4.95 4.38 3.53 2.56 1.56 0.78 0.62 1.37
 23   2.48 3.61 4.68 5.48 5.78 5.45 4.67 3.72 2.68 1.69 1.00 1.02 1.80 2.80 3.72 4.54 5.02 4.95 4.32 3.52 2.57 1.66 1.01 1.04
 24   1.88 2.92 3.94 4.95 5.54 5.56 5.13 4.28 3.30 2.24 1.32 0.80 1.08 1.93 2.92 3.87 4.65 5.03 4.87 4.25 3.49 2.60 1.76 1.31
 25   1.54 2.37 3.31 4.25 5.07 5.48 5.40 4.74 3.88 2.91 1.88 1.06 0.78 1.24 2.12 3.05 3.90 4.60 4.94 4.79 4.25 3.58 2.79 2.10
 26   1.74 1.99 2.68 3.49 4.28 4.92 5.18 4.96 4.31 3.49 2.52 1.58 0.91 0.75 1.26 2.08 2.96 3.76 4.44 4.77 4.68 4.28 3.71 3.06
 27   2.42 2.10 2.27 2.82 3.47 4.13 4.62 4.83 4.58 4.00 3.28 2.40 1.58 1.01 0.88 1.34 2.07 2.90 3.68 4.36 4.77 4.82 4.55 4.08
 28   3.50 2.93 2.54 2.50 2.82 3.33 3.84 4.29 4.52 4.42 3.96 3.35 2.58 1.84 1.26 1.04 1.33 2.00 2.78 3.55 4.26 4.80 4.98 4.83
 29   4.39 3.85 3.28 2.76 2.49 2.60 2.97 3.44 3.89 4.21 4.29 4.03 3.52 2.87 2.12 1.47 1.09 1.20 1.76 2.52 3.35 4.12 4.80 5.14
 30   5.08 4.68 4.13 3.50 2.88 2.40 2.30 2.58 3.04 3.53 3.97 4.21 4.10 3.67 3.04 2.28 1.57 1.06 1.01 1.55 2.37 3.24 4.11 4.86
 31   5.21 5.13 4.69 4.04 3.34 2.62 2.12 2.00 2.32 2.86 3.43 3.94 4.23 4.16 3.68 3.03 2.24 1.48 0.96 0.97 1.60 2.51 3.47 4.35
 ----------------------------------------------------------------------------------------------------------------------------
                                                                                               
 ----------------------------------------------------------------------------------------------------------------------------
 ----------------------------------------------------------------------------------------------------------------------------
                                                          SURVEY OF INDIA
                                                    MARINE GEODESY WING (G&RB)
                                                     HOURLY HEIGHTS IN METRES
  NAME OF PORT:- VADINAR                                                                            MONTH FEBRUARY  YEAR 2011
 ----------------------------------------------------------------------------------------------------------------------------
 DAYS 0000 0001 0002 0003 0004 0005 0006 0007 0008 0009 0010 0011 0012 0013 0014 0015 0016 0017 0018 0019 0020 0021 0022 0023
 ----------------------------------------------------------------------------------------------------------------------------
  1   5.05 5.31 5.12 4.56 3.86 3.08 2.33 1.86 1.86 2.32 2.96 3.60 4.16 4.43 4.24 3.69 2.96 2.12 1.36 0.91 1.12 1.89 2.86 3.83
  2   4.76 5.36 5.52 5.17 4.50 3.72 2.88 2.16 1.78 1.96 2.59 3.30 3.98 4.52 4.68 4.32 3.65 2.84 1.93 1.20 0.91 1.36 2.28 3.27
  3   4.22 5.08 5.48 5.42 4.88 4.12 3.28 2.44 1.82 1.70 2.17 2.90 3.66 4.34 4.76 4.72 4.17 3.44 2.53 1.69 1.12 1.16 1.89 2.85
  4   3.85 4.79 5.40 5.56 5.20 4.48 3.64 2.78 1.98 1.58 1.78 2.48 3.26 4.00 4.64 4.84 4.56 3.90 3.07 2.16 1.44 1.14 1.59 2.48
  5   3.46 4.40 5.17 5.53 5.38 4.78 3.98 3.12 2.24 1.62 1.56 2.10 2.92 3.70 4.44 4.87 4.84 4.28 3.57 2.71 1.87 1.32 1.39 2.12
  6   3.05 4.00 4.86 5.40 5.47 5.03 4.27 3.43 2.52 1.76 1.41 1.73 2.48 3.30 4.06 4.69 4.92 4.60 3.98 3.24 2.40 1.72 1.45 1.87
  7   2.73 3.60 4.47 5.16 5.44 5.23 4.59 3.77 2.88 2.04 1.47 1.46 2.07 2.85 3.64 4.37 4.81 4.81 4.34 3.68 2.94 2.19 1.69 1.72
  8   2.43 3.25 4.07 4.84 5.26 5.24 4.81 3.96 3.12 2.20 1.53 1.28 1.64 2.36 3.16 3.90 4.54 4.81 4.61 4.10 3.46 2.74 2.12 1.88
  9   2.22 2.88 3.60 4.38 4.92 5.12 4.86 4.20 3.44 2.56 1.78 1.28 1.30 1.86 2.61 3.40 4.07 4.58 4.69 4.41 3.92 3.32 2.68 2.23
 10   2.16 2.57 3.19 3.84 4.43 4.78 4.75 4.29 3.63 2.88 2.05 1.48 1.21 1.47 2.09 2.84 3.56 4.19 4.55 4.56 4.24 3.79 3.23 2.70
 11   2.36 2.40 2.80 3.37 3.93 4.40 4.60 4.44 3.95 3.32 2.58 1.87 1.40 1.31 1.68 2.28 2.96 3.62 4.19 4.51 4.52 4.27 3.86 3.40
 12   2.92 2.64 2.65 2.98 3.44 3.90 4.26 4.40 4.20 3.76 3.20 2.52 1.90 1.50 1.42 1.76 2.34 3.00 3.62 4.20 4.56 4.66 4.48 4.14
 13   3.66 3.18 2.82 2.70 2.86 3.20 3.56 3.91 4.11 4.09 3.80 3.32 2.76 2.16 1.69 1.48 1.65 2.16 2.80 3.47 4.12 4.65 4.89 4.82
 14   4.46 3.97 3.46 2.96 2.66 2.66 2.93 3.31 3.69 4.02 4.14 3.96 3.54 2.99 2.34 1.74 1.36 1.37 1.80 2.49 3.28 4.02 4.71 5.07
 15   5.06 4.65 4.10 3.49 2.87 2.42 2.32 2.60 3.07 3.56 4.00 4.23 4.15 3.72 3.10 2.36 1.65 1.14 1.06 1.58 2.39 3.26 4.13 4.91
 16   5.31 5.22 4.74 4.06 3.33 2.58 2.10 2.05 2.46 3.08 3.68 4.26 4.53 4.41 3.88 3.16 2.30 1.49 0.90 0.87 1.54 2.48 3.47 4.44
 17   5.24 5.55 5.33 4.68 3.88 3.02 2.22 1.77 1.86 2.48 3.24 3.97 4.61 4.88 4.63 3.92 3.08 2.10 1.22 0.68 0.88 1.76 2.86 3.92
 18   4.98 5.58 5.67 5.19 4.38 3.48 2.52 1.73 1.39 1.79 2.60 3.50 4.32 4.94 5.10 4.68 3.90 2.96 1.90 1.02 0.58 1.00 2.07 3.20
 19   4.32 5.25 5.71 5.58 4.87 3.94 2.95 1.93 1.16 1.06 1.76 2.72 3.70 4.58 5.16 5.20 4.62 3.76 2.77 1.72 0.90 0.67 1.40 2.50
 20   3.68 4.74 5.48 5.76 5.34 4.47 3.48 2.38 1.37 0.74 0.92 1.84 2.90 3.88 4.78 5.25 5.16 4.47 3.58 2.56 1.57 0.88 0.88 1.76
 21   2.90 3.96 4.94 5.50 5.52 4.86 3.92 2.87 1.69 0.72 0.31 0.80 1.86 2.94 3.93 4.80 5.20 5.00 4.30 3.47 2.48 1.57 1.00 1.20
 22   2.22 3.24 4.20 5.06 5.42 5.24 4.48 3.52 2.42 1.38 0.58 0.40 1.10 2.14 3.20 4.13 4.91 5.20 4.92 4.24 3.46 2.57 1.80 1.42
 23   1.80 2.68 3.57 4.47 5.09 5.30 4.95 4.16 3.24 2.20 1.26 0.60 0.65 1.40 2.40 3.39 4.24 4.92 5.12 4.84 4.24 3.54 2.74 2.09
 24   1.81 2.20 2.89 3.65 4.36 4.85 4.93 4.50 3.79 2.94 1.96 1.08 0.66 0.94 1.72 2.60 3.38 4.16 4.72 4.88 4.61 4.12 3.52 2.84
 25   2.24 2.06 2.36 2.92 3.52 4.10 4.46 4.48 4.12 3.52 2.76 1.92 1.26 0.91 1.06 1.71 2.48 3.27 3.98 4.55 4.77 4.64 4.25 3.75
 26   3.09 2.57 2.28 2.35 2.72 3.20 3.67 4.05 4.16 3.97 3.50 2.89 2.21 1.60 1.18 1.17 1.62 2.29 3.01 3.69 4.33 4.70 4.72 4.46
 27   3.96 3.39 2.81 2.36 2.19 2.35 2.73 3.17 3.58 3.85 3.88 3.59 3.12 2.52 1.88 1.34 1.11 1.33 1.93 2.67 3.40 4.10 4.65 4.82
 28   4.60 4.12 3.53 2.88 2.28 1.95 1.98 2.38 2.90 3.41 3.84 4.05 3.92 3.51 2.95 2.26 1.63 1.22 1.24 1.80 2.57 3.38 4.17 4.80
 ----------------------------------------------------------------------------------------------------------------------------
                                                                                               
 ----------------------------------------------------------------------------------------------------------------------------
 ----------------------------------------------------------------------------------------------------------------------------
                                                          SURVEY OF INDIA
                                                    MARINE GEODESY WING (G&RB)
                                                     HOURLY HEIGHTS IN METRES
  NAME OF PORT:- VADINAR                                                                            MONTH MARCH     YEAR 2011
 ----------------------------------------------------------------------------------------------------------------------------
 DAYS 0000 0001 0002 0003 0004 0005 0006 0007 0008 0009 0010 0011 0012 0013 0014 0015 0016 0017 0018 0019 0020 0021 0022 0023
 ----------------------------------------------------------------------------------------------------------------------------
  1   5.04 4.86 4.37 3.71 3.00 2.31 1.89 1.88 2.31 2.91 3.52 4.04 4.34 4.26 3.80 3.17 2.44 1.73 1.27 1.32 1.91 2.74 3.63 4.47
  2   5.05 5.17 4.85 4.22 3.48 2.65 1.96 1.64 1.81 2.41 3.10 3.76 4.32 4.55 4.32 3.76 3.04 2.23 1.52 1.17 1.43 2.20 3.10 4.00
  3   4.83 5.22 5.15 4.64 3.91 3.10 2.26 1.68 1.52 1.98 2.70 3.46 4.16 4.64 4.70 4.28 3.62 2.82 1.98 1.38 1.25 1.79 2.68 3.61
  4   4.54 5.15 5.31 4.96 4.28 3.47 2.58 1.92 1.42 1.64 2.32 3.14 3.93 4.60 4.89 4.68 4.07 3.33 2.45 1.69 1.28 1.50 2.30 3.21
  5   4.16 4.94 5.30 5.16 4.55 3.76 2.88 2.00 1.40 1.34 1.92 2.73 3.57 4.33 4.86 4.93 4.46 3.76 2.92 2.06 1.44 1.32 1.95 2.81
  6   3.78 4.62 5.16 5.24 4.80 4.02 3.17 2.22 1.49 1.17 1.54 2.34 3.22 4.06 4.77 5.06 4.83 4.20 3.44 2.57 1.80 1.41 1.72 2.51
  7   3.46 4.32 5.00 5.28 5.03 4.33 3.51 2.57 1.71 1.17 1.23 1.92 2.80 3.68 4.48 4.99 5.03 4.56 3.87 3.07 2.22 1.67 1.59 2.17
  8   3.08 3.92 4.68 5.12 5.10 4.56 3.80 2.92 1.97 1.29 1.07 1.52 2.36 3.25 4.10 4.79 5.08 4.88 4.29 3.59 2.77 2.07 1.74 2.02
  9   2.81 3.60 4.38 4.95 5.13 4.80 4.12 3.31 2.36 1.56 1.11 1.25 1.95 2.80 3.67 4.47 4.97 5.03 4.61 3.99 3.28 2.52 1.98 1.91
 10   2.47 3.18 3.92 4.60 4.96 4.88 4.33 3.60 2.73 1.86 1.22 1.05 1.51 2.28 3.12 3.94 4.63 4.92 4.79 4.32 3.69 3.00 2.35 2.01
 11   2.23 2.80 3.45 4.11 4.59 4.72 4.43 3.80 3.05 2.21 1.50 1.10 1.20 1.78 2.58 3.36 4.08 4.62 4.79 4.56 4.10 3.53 2.89 2.39
 12   2.18 2.47 2.99 3.58 4.12 4.45 4.47 4.09 3.50 2.80 2.04 1.45 1.20 1.40 2.01 2.74 3.45 4.10 4.56 4.67 4.47 4.06 3.52 2.98
 13   2.50 2.40 2.68 3.14 3.61 4.04 4.28 4.26 3.89 3.36 2.72 2.06 1.58 1.39 1.61 2.16 2.84 3.50 4.12 4.56 4.72 4.59 4.21 3.74
 14   3.16 2.72 2.53 2.65 2.98 3.39 3.78 4.06 4.12 3.90 3.48 2.91 2.32 1.82 1.52 1.60 2.04 2.66 3.34 3.98 4.55 4.84 4.84 4.55
 15   4.06 3.50 2.95 2.56 2.45 2.67 3.06 3.49 3.89 4.14 4.15 3.84 3.37 2.78 2.15 1.68 1.52 1.79 2.38 3.08 3.84 4.53 5.00 5.10
 16   4.81 4.27 3.63 2.95 2.39 2.12 2.28 2.73 3.27 3.80 4.25 4.40 4.15 3.66 3.00 2.24 1.61 1.27 1.46 2.12 2.96 3.80 4.67 5.22
 17   5.34 4.98 4.33 3.57 2.76 2.16 1.77 2.02 2.65 3.35 4.02 4.58 4.78 4.50 3.88 3.12 2.25 1.53 1.15 1.42 2.25 3.17 4.14 5.03
 18   5.52 5.50 4.95 4.14 3.26 2.34 1.64 1.44 1.94 2.74 3.60 4.41 4.99 5.14 4.76 4.02 3.17 2.20 1.41 1.06 1.47 2.40 3.44 4.44
 19   5.30 5.65 5.42 4.68 3.76 2.78 1.78 1.14 1.18 1.93 2.94 3.88 4.79 5.31 5.36 4.82 3.99 3.07 2.05 1.28 1.02 1.64 2.68 3.73
 20   4.81 5.48 5.67 5.18 4.28 3.30 2.17 1.24 0.72 1.08 2.08 3.16 4.17 5.08 5.53 5.44 4.75 3.86 2.89 1.91 1.21 1.18 2.01 3.07
 21   4.18 5.12 5.60 5.54 4.82 3.83 2.76 1.62 0.72 0.46 1.16 2.27 3.40 4.40 5.28 5.65 5.42 4.68 3.75 2.78 1.85 1.28 1.44 2.34
 22   3.48 4.44 5.22 5.55 5.28 4.42 3.43 2.31 1.27 0.50 0.49 1.38 2.52 3.60 4.66 5.42 5.68 5.32 4.52 3.66 2.72 1.86 1.43 1.78
 23   2.75 3.69 4.57 5.20 5.36 4.92 4.06 3.09 1.96 0.99 0.39 0.62 1.60 2.69 3.76 4.74 5.38 5.52 5.09 4.35 3.53 2.65 1.91 1.66
 24   2.18 2.99 3.81 4.59 5.05 5.08 4.55 3.74 2.77 1.76 0.90 0.54 0.96 1.89 2.92 3.88 4.75 5.25 5.28 4.85 4.18 3.42 2.61 2.01
 25   1.88 2.35 3.03 3.75 4.37 4.72 4.68 4.16 3.44 2.56 1.67 0.98 0.76 1.20 2.06 2.96 3.82 4.58 5.00 4.99 4.60 4.03 3.35 2.67
 26   2.11 2.02 2.40 2.98 3.56 4.07 4.36 4.31 3.88 3.29 2.55 1.80 1.24 1.07 1.46 2.18 2.98 3.74 4.42 4.81 4.84 4.56 4.06 3.47
 27   2.79 2.29 2.11 2.30 2.74 3.23 3.66 3.98 4.07 3.82 3.39 2.82 2.18 1.65 1.39 1.56 2.12 2.80 3.50 4.15 4.64 4.81 4.68 4.29
 28   3.68 3.08 2.51 2.14 2.12 2.41 2.87 3.34 3.76 4.02 4.04 3.75 3.29 2.72 2.12 1.72 1.64 2.00 2.60 3.27 3.92 4.50 4.83 4.80
 29   4.42 3.87 3.22 2.56 2.04 1.88 2.12 2.60 3.15 3.65 4.08 4.20 4.02 3.61 3.02 2.40 1.87 1.62 1.85 2.44 3.15 3.83 4.48 4.84
 30   4.80 4.40 3.80 3.10 2.36 1.81 1.63 1.92 2.50 3.12 3.73 4.20 4.35 4.12 3.61 2.99 2.28 1.73 1.52 1.81 2.48 3.24 3.98 4.61
 31   4.93 4.78 4.28 3.60 2.82 2.06 1.56 1.50 1.96 2.65 3.36 3.99 4.44 4.49 4.12 3.54 2.84 2.11 1.58 1.46 1.93 2.67 3.46 4.22
 ----------------------------------------------------------------------------------------------------------------------------
                                                                                               
 ----------------------------------------------------------------------------------------------------------------------------
 ----------------------------------------------------------------------------------------------------------------------------
                                                          SURVEY OF INDIA
                                                    MARINE GEODESY WING (G&RB)
                                                     HOURLY HEIGHTS IN METRES
  NAME OF PORT:- VADINAR                                                                            MONTH APRIL     YEAR 2011
 ----------------------------------------------------------------------------------------------------------------------------
 DAYS 0000 0001 0002 0003 0004 0005 0006 0007 0008 0009 0010 0011 0012 0013 0014 0015 0016 0017 0018 0019 0020 0021 0022 0023
 ----------------------------------------------------------------------------------------------------------------------------
  1   4.80 4.92 4.56 3.94 3.19 2.33 1.64 1.31 1.54 2.22 3.00 3.78 4.42 4.76 4.64 4.14 3.46 2.70 1.97 1.52 1.61 2.24 3.04 3.84
  2   4.56 4.89 4.78 4.22 3.50 2.64 1.82 1.24 1.16 1.74 2.56 3.42 4.20 4.76 4.90 4.54 3.91 3.16 2.34 1.72 1.49 1.92 2.69 3.50
  3   4.30 4.82 4.91 4.48 3.76 2.93 1.99 1.24 0.93 1.29 2.10 3.01 3.87 4.59 4.95 4.81 4.24 3.52 2.68 1.92 1.45 1.55 2.26 3.06
  4   3.93 4.60 4.88 4.63 3.98 3.18 2.23 1.40 0.87 0.98 1.69 2.65 3.56 4.37 4.93 5.04 4.63 3.95 3.18 2.32 1.67 1.46 1.96 2.72
  5   3.65 4.39 4.82 4.81 4.26 3.49 2.57 1.65 0.95 0.78 1.34 2.24 3.19 4.06 4.84 5.17 5.00 4.40 3.66 2.83 2.03 1.57 1.73 2.41
  6   3.32 4.09 4.69 4.88 4.56 3.86 3.02 2.05 1.24 0.78 1.00 1.79 2.74 3.66 4.53 5.08 5.17 4.77 4.10 3.35 2.50 1.88 1.70 2.15
  7   2.97 3.76 4.45 4.82 4.76 4.18 3.43 2.52 1.61 0.96 0.83 1.38 2.26 3.16 4.05 4.82 5.18 5.08 4.56 3.88 3.12 2.39 1.91 1.94
  8   2.63 3.34 4.00 4.55 4.76 4.45 3.81 3.03 2.13 1.37 0.92 1.06 1.76 2.62 3.52 4.36 4.97 5.16 4.90 4.34 3.68 2.95 2.30 2.00
  9   2.32 2.92 3.54 4.14 4.50 4.52 4.06 3.42 2.61 1.80 1.18 0.98 1.38 2.12 2.97 3.80 4.56 5.00 5.01 4.67 4.11 3.46 2.78 2.27
 10   2.16 2.55 3.07 3.64 4.14 4.38 4.27 3.79 3.15 2.40 1.67 1.17 1.12 1.56 2.31 3.11 3.86 4.51 4.84 4.79 4.42 3.89 3.29 2.68
 11   2.20 2.21 2.56 3.05 3.57 4.01 4.20 4.08 3.64 3.07 2.40 1.74 1.35 1.28 1.71 2.38 3.13 3.82 4.44 4.80 4.78 4.48 4.00 3.40
 12   2.76 2.28 2.16 2.38 2.82 3.29 3.69 3.97 4.00 3.73 3.24 2.66 2.04 1.58 1.40 1.66 2.25 2.94 3.64 4.32 4.77 4.88 4.68 4.22
 13   3.52 2.87 2.28 1.97 2.04 2.47 2.95 3.45 3.90 4.10 4.03 3.64 3.13 2.51 1.90 1.52 1.58 2.08 2.80 3.53 4.28 4.86 5.07 4.88
 14   4.31 3.64 2.88 2.13 1.68 1.67 2.12 2.77 3.43 4.01 4.44 4.48 4.11 3.54 2.84 2.11 1.57 1.46 1.92 2.67 3.49 4.28 4.96 5.20
 15   4.94 4.36 3.59 2.70 1.88 1.35 1.37 1.98 2.78 3.58 4.32 4.81 4.86 4.46 3.80 3.00 2.16 1.55 1.39 1.90 2.72 3.60 4.51 5.15
 16   5.34 4.99 4.22 3.36 2.36 1.48 1.02 1.18 2.02 2.96 3.90 4.76 5.26 5.24 4.70 3.92 3.04 2.14 1.49 1.40 2.04 2.93 3.88 4.78
 17   5.36 5.38 4.79 3.90 2.92 1.82 0.94 0.60 1.10 2.12 3.16 4.16 5.06 5.49 5.40 4.77 3.92 3.01 2.08 1.47 1.47 2.20 3.16 4.14
 18   5.05 5.44 5.29 4.51 3.56 2.47 1.39 0.58 0.41 1.20 2.33 3.44 4.50 5.34 5.71 5.47 4.73 3.84 2.92 2.02 1.47 1.64 2.49 3.44
 19   4.45 5.16 5.41 5.04 4.19 3.20 2.04 0.99 0.30 0.44 1.44 2.60 3.69 4.78 5.52 5.77 5.40 4.60 3.72 2.79 1.92 1.50 1.83 2.67
 20   3.71 4.59 5.16 5.26 4.72 3.83 2.80 1.64 0.67 0.20 0.62 1.70 2.84 3.92 4.96 5.59 5.71 5.24 4.45 3.59 2.67 1.90 1.60 2.06
 21   3.03 3.89 4.65 5.11 5.09 4.46 3.58 2.57 1.51 0.69 0.39 1.01 2.05 3.12 4.16 5.11 5.61 5.61 5.08 4.30 3.45 2.60 1.91 1.73
 22   2.31 3.13 3.88 4.54 4.90 4.78 4.16 3.37 2.41 1.45 0.76 0.65 1.33 2.29 3.32 4.27 5.09 5.49 5.40 4.86 4.12 3.36 2.55 1.96
 23   1.92 2.47 3.14 3.81 4.38 4.65 4.49 3.92 3.19 2.33 1.53 0.99 1.00 1.65 2.54 3.45 4.30 5.01 5.29 5.14 4.65 3.99 3.28 2.55
 24   2.01 2.02 2.45 3.05 3.61 4.08 4.33 4.20 3.74 3.14 2.41 1.73 1.32 1.36 1.95 2.72 3.53 4.31 4.92 5.14 4.99 4.53 3.92 3.26
 25   2.50 2.09 2.07 2.41 2.91 3.44 3.89 4.17 4.17 3.85 3.38 2.79 2.20 1.77 1.69 2.09 2.72 3.41 4.09 4.65 4.94 4.86 4.47 3.94
 26   3.21 2.57 2.10 1.95 2.19 2.66 3.17 3.64 4.02 4.16 3.99 3.61 3.12 2.57 2.09 1.90 2.12 2.65 3.29 3.91 4.49 4.80 4.81 4.49
 27   3.92 3.27 2.59 2.05 1.81 1.99 2.46 3.03 3.58 4.05 4.30 4.24 3.88 3.39 2.80 2.27 1.99 2.08 2.57 3.18 3.80 4.38 4.76 4.77
 28   4.41 3.84 3.15 2.41 1.81 1.57 1.78 2.35 3.00 3.61 4.17 4.49 4.41 4.05 3.52 2.88 2.30 1.96 2.08 2.55 3.17 3.81 4.41 4.73
 29   4.63 4.18 3.57 2.81 2.07 1.53 1.36 1.77 2.45 3.17 3.88 4.47 4.69 4.52 4.07 3.49 2.80 2.21 1.93 2.10 2.66 3.35 4.02 4.56
 30   4.77 4.52 3.96 3.26 2.44 1.68 1.24 1.33 1.97 2.75 3.57 4.28 4.77 4.89 4.58 4.01 3.34 2.60 2.06 1.89 2.25 2.89 3.58 4.22
 ----------------------------------------------------------------------------------------------------------------------------
                                                                                               
 ----------------------------------------------------------------------------------------------------------------------------
 ----------------------------------------------------------------------------------------------------------------------------
                                                          SURVEY OF INDIA
                                                    MARINE GEODESY WING (G&RB)
                                                     HOURLY HEIGHTS IN METRES
  NAME OF PORT:- VADINAR                                                                            MONTH MAY       YEAR 2011
 ----------------------------------------------------------------------------------------------------------------------------
 DAYS 0000 0001 0002 0003 0004 0005 0006 0007 0008 0009 0010 0011 0012 0013 0014 0015 0016 0017 0018 0019 0020 0021 0022 0023
 ----------------------------------------------------------------------------------------------------------------------------
  1   4.70 4.73 4.29 3.61 2.80 1.94 1.29 1.11 1.57 2.34 3.21 4.03 4.76 5.09 5.00 4.49 3.82 3.09 2.36 1.93 1.98 2.53 3.24 3.93
  2   4.56 4.80 4.57 3.93 3.16 2.23 1.45 0.99 1.13 1.86 2.74 3.64 4.53 5.09 5.22 4.91 4.27 3.53 2.75 2.12 1.86 2.18 2.85 3.57
  3   4.27 4.68 4.66 4.17 3.45 2.58 1.69 1.03 0.88 1.44 2.35 3.30 4.18 4.98 5.35 5.23 4.69 3.97 3.20 2.42 1.93 1.95 2.51 3.22
  4   3.99 4.56 4.77 4.47 3.83 3.01 2.05 1.25 0.78 0.99 1.81 2.75 3.73 4.62 5.23 5.36 5.01 4.33 3.56 2.75 2.06 1.77 2.11 2.79
  5   3.59 4.27 4.69 4.68 4.17 3.42 2.51 1.69 0.94 0.76 1.31 2.23 3.22 4.12 4.97 5.38 5.33 4.80 4.05 3.29 2.49 1.93 1.86 2.38
  6   3.21 3.91 4.47 4.73 4.49 3.82 3.02 2.12 1.27 0.77 0.92 1.69 2.65 3.59 4.52 5.20 5.42 5.15 4.53 3.79 2.99 2.26 1.86 2.04
  7   2.75 3.47 4.11 4.56 4.64 4.21 3.47 2.65 1.77 1.03 0.74 1.19 2.05 2.99 3.95 4.80 5.29 5.30 4.89 4.22 3.46 2.69 2.05 1.85
  8   2.27 2.94 3.60 4.19 4.52 4.45 3.91 3.21 2.37 1.57 0.96 0.91 1.48 2.33 3.24 4.11 4.88 5.24 5.16 4.65 3.98 3.25 2.48 1.97
  9   1.90 2.38 2.99 3.61 4.13 4.38 4.24 3.72 3.06 2.29 1.57 1.13 1.19 1.87 2.62 3.46 4.28 4.94 5.21 5.05 4.53 3.87 3.14 2.45
 10   1.93 1.96 2.40 2.97 3.55 4.06 4.29 4.19 3.74 3.13 2.45 1.80 1.39 1.44 1.99 2.74 3.54 4.31 4.91 5.16 5.00 4.49 3.83 3.13
 11   2.37 1.93 1.92 2.33 2.89 3.47 3.95 4.28 4.25 3.89 3.37 2.71 2.07 1.65 1.60 2.07 2.77 3.49 4.22 4.81 5.07 4.92 4.41 3.73
 12   2.93 2.17 1.69 1.62 2.03 2.65 3.29 3.86 4.33 4.45 4.20 3.72 3.10 2.42 1.87 1.63 1.93 2.58 3.31 4.03 4.68 5.04 4.95 4.45
 13   3.73 2.89 2.04 1.38 1.21 1.62 2.32 3.07 3.78 4.38 4.68 4.56 4.09 3.49 2.77 2.13 1.74 1.88 2.49 3.23 3.97 4.64 5.02 4.91
 14   4.34 3.58 2.69 1.77 1.09 0.92 1.43 2.26 3.13 3.97 4.70 5.05 4.91 4.41 3.72 2.95 2.20 1.74 1.81 2.42 3.19 3.96 4.69 5.04
 15   4.88 4.23 3.42 2.44 1.51 0.78 0.64 1.26 2.24 3.22 4.13 4.94 5.32 5.18 4.61 3.87 3.06 2.25 1.73 1.80 2.42 3.21 4.01 4.69
 16   5.00 4.73 4.02 3.13 2.06 1.11 0.41 0.49 1.32 2.37 3.43 4.42 5.25 5.55 5.33 4.69 3.85 3.00 2.18 1.70 1.84 2.52 3.37 4.17
 17   4.82 5.03 4.65 3.85 2.89 1.78 0.79 0.24 0.49 1.46 2.59 3.69 4.81 5.52 5.72 5.33 4.59 3.73 2.85 2.03 1.60 1.85 2.61 3.46
 18   4.32 4.87 4.97 4.47 3.61 2.61 1.53 0.62 0.22 0.71 1.81 2.93 4.05 5.06 5.68 5.76 5.29 4.50 3.63 2.74 1.96 1.62 2.02 2.79
 19   3.72 4.48 4.96 4.94 4.33 3.47 2.45 1.43 0.60 0.33 1.01 2.10 3.22 4.25 5.24 5.74 5.69 5.11 4.29 3.45 2.58 1.89 1.69 2.23
 20   3.12 3.90 4.59 4.95 4.82 4.17 3.34 2.34 1.40 0.68 0.63 1.42 2.48 3.52 4.57 5.40 5.80 5.57 4.94 4.12 3.28 2.47 1.87 1.82
 21   2.48 3.26 3.98 4.58 4.84 4.61 3.96 3.16 2.24 1.40 0.87 1.03 1.85 2.84 3.82 4.80 5.46 5.68 5.36 4.70 3.89 3.08 2.32 1.84
 22   2.02 2.63 3.34 4.00 4.52 4.72 4.44 3.80 3.06 2.21 1.49 1.13 1.40 2.19 3.10 4.02 4.90 5.44 5.52 5.12 4.46 3.68 2.88 2.16
 23   1.80 2.04 2.64 3.31 3.91 4.40 4.56 4.28 3.72 3.04 2.32 1.70 1.44 1.73 2.46 3.28 4.11 4.86 5.28 5.28 4.86 4.22 3.46 2.70
 24   2.02 1.79 2.04 2.58 3.19 3.76 4.20 4.37 4.16 3.71 3.16 2.52 2.01 1.78 2.03 2.65 3.37 4.10 4.74 5.07 5.04 4.60 3.99 3.29
 25   2.49 1.95 1.76 2.00 2.50 3.09 3.64 4.11 4.33 4.22 3.87 3.36 2.79 2.28 2.01 2.16 2.69 3.34 3.98 4.55 4.85 4.80 4.38 3.80
 26   3.05 2.33 1.80 1.61 1.82 2.34 2.94 3.53 4.04 4.33 4.30 3.99 3.53 3.00 2.50 2.21 2.29 2.73 3.30 3.88 4.41 4.68 4.64 4.24
 27   3.62 2.91 2.22 1.68 1.48 1.74 2.29 2.92 3.54 4.08 4.44 4.44 4.16 3.67 3.13 2.62 2.30 2.33 2.72 3.25 3.80 4.28 4.55 4.49
 28   4.02 3.41 2.70 2.00 1.48 1.32 1.70 2.33 3.04 3.74 4.33 4.67 4.61 4.27 3.76 3.18 2.62 2.29 2.32 2.69 3.24 3.80 4.28 4.53
 29   4.36 3.85 3.22 2.46 1.77 1.28 1.28 1.80 2.55 3.33 4.08 4.70 4.96 4.80 4.35 3.76 3.10 2.51 2.17 2.28 2.74 3.32 3.91 4.37
 30   4.52 4.20 3.61 2.88 2.08 1.40 1.06 1.28 2.00 2.84 3.66 4.45 4.98 5.11 4.82 4.25 3.60 2.90 2.32 2.11 2.36 2.90 3.54 4.13
 31   4.51 4.50 4.05 3.38 2.57 1.75 1.14 0.97 1.48 2.32 3.21 4.10 4.88 5.29 5.25 4.79 4.13 3.40 2.68 2.16 2.08 2.52 3.14 3.78
 ----------------------------------------------------------------------------------------------------------------------------
                                                                                               
 ----------------------------------------------------------------------------------------------------------------------------
 ----------------------------------------------------------------------------------------------------------------------------
                                                          SURVEY OF INDIA
                                                    MARINE GEODESY WING (G&RB)
                                                     HOURLY HEIGHTS IN METRES
  NAME OF PORT:- VADINAR                                                                            MONTH JUNE      YEAR 2011
 ----------------------------------------------------------------------------------------------------------------------------
 DAYS 0000 0001 0002 0003 0004 0005 0006 0007 0008 0009 0010 0011 0012 0013 0014 0015 0016 0017 0018 0019 0020 0021 0022 0023
 ----------------------------------------------------------------------------------------------------------------------------
  1   4.37 4.62 4.42 3.83 3.08 2.18 1.40 0.91 1.04 1.80 2.74 3.68 4.60 5.24 5.45 5.18 4.60 3.84 3.08 2.36 1.97 2.12 2.68 3.36
  2   4.08 4.52 4.59 4.15 3.42 2.54 1.64 0.91 0.67 1.18 2.08 3.06 4.02 4.88 5.39 5.40 4.94 4.22 3.44 2.64 2.02 1.81 2.22 2.92
  3   3.72 4.32 4.64 4.51 3.91 3.11 2.16 1.30 0.70 0.72 1.48 2.48 3.48 4.42 5.22 5.55 5.36 4.77 3.96 3.16 2.40 1.90 1.92 2.50
  4   3.32 4.00 4.56 4.72 4.38 3.68 2.82 1.86 1.06 0.65 1.00 1.94 2.92 3.88 4.84 5.42 5.54 5.16 4.48 3.68 2.86 2.12 1.80 2.12
  5   2.90 3.61 4.28 4.70 4.70 4.16 3.41 2.54 1.62 0.93 0.77 1.36 2.30 3.26 4.22 5.10 5.54 5.50 4.98 4.24 3.42 2.60 1.98 1.84
  6   2.40 3.12 3.78 4.40 4.68 4.52 3.94 3.18 2.28 1.46 0.92 0.94 1.64 2.56 3.50 4.42 5.18 5.46 5.28 4.68 3.88 3.08 2.24 1.70
  7   1.75 2.36 3.04 3.72 4.30 4.55 4.34 3.78 3.06 2.21 1.48 1.04 1.18 1.88 2.76 3.68 4.54 5.18 5.36 5.06 4.40 3.60 2.76 1.96
  8   1.48 1.68 2.28 3.02 3.68 4.26 4.52 4.38 3.88 3.24 2.48 1.81 1.44 1.60 2.30 3.12 3.98 4.82 5.36 5.47 5.08 4.40 3.56 2.72
  9   1.90 1.55 1.76 2.40 3.12 3.80 4.40 4.74 4.66 4.20 3.61 2.92 2.26 1.86 1.92 2.50 3.26 4.08 4.82 5.28 5.36 4.98 4.26 3.46
 10   2.46 1.72 1.38 1.58 2.20 2.96 3.68 4.34 4.76 4.80 4.46 3.92 3.28 2.62 2.18 2.10 2.54 3.26 4.00 4.72 5.18 5.26 4.88 4.18
 11   3.28 2.36 1.60 1.18 1.35 2.00 2.80 3.56 4.30 4.87 4.98 4.70 4.18 3.54 2.84 2.26 2.06 2.40 3.03 3.72 4.40 4.84 4.98 4.62
 12   3.84 3.00 2.08 1.28 0.84 1.02 1.74 2.60 3.48 4.32 4.98 5.20 4.96 4.44 3.78 3.04 2.38 2.06 2.28 2.86 3.54 4.22 4.76 4.92
 13   4.52 3.84 3.00 2.00 1.16 0.66 0.80 1.62 2.60 3.56 4.52 5.22 5.50 5.28 4.70 4.00 3.24 2.54 2.12 2.24 2.82 3.50 4.24 4.78
 14   4.96 4.58 3.87 3.00 1.96 1.08 0.55 0.78 1.66 2.68 3.74 4.74 5.44 5.68 5.38 4.72 3.92 3.16 2.40 1.96 2.10 2.72 3.48 4.20
 15   4.76 4.91 4.50 3.72 2.80 1.78 0.90 0.45 0.80 1.82 2.88 3.92 4.94 5.58 5.72 5.32 4.61 3.80 2.98 2.21 1.84 2.08 2.78 3.56
 16   4.36 4.82 4.88 4.40 3.60 2.64 1.60 0.78 0.47 1.00 2.04 3.18 4.24 5.20 5.78 5.78 5.22 4.46 3.60 2.78 2.04 1.78 2.20 2.96
 17   3.80 4.50 4.92 4.84 4.22 3.40 2.44 1.48 0.76 0.64 1.42 2.48 3.52 4.56 5.41 5.80 5.58 4.98 4.14 3.30 2.46 1.84 1.76 2.30
 18   3.20 3.94 4.58 4.88 4.68 4.00 3.18 2.18 1.30 0.72 0.88 1.78 2.78 3.80 4.80 5.50 5.72 5.34 4.62 3.78 2.92 2.08 1.60 1.72
 19   2.53 3.29 4.01 4.57 4.79 4.47 3.77 2.95 2.03 1.25 0.89 1.25 2.15 3.09 4.09 5.01 5.53 5.53 5.05 4.29 3.45 2.61 1.87 1.57
 20   2.01 2.73 3.45 4.13 4.58 4.67 4.25 3.57 2.77 1.93 1.31 1.13 1.68 2.53 3.46 4.37 5.13 5.46 5.30 4.73 3.97 3.14 2.29 1.71
 21   1.65 2.13 2.81 3.49 4.09 4.49 4.46 4.00 3.39 2.64 1.94 1.47 1.51 2.12 2.93 3.77 4.59 5.13 5.25 4.93 4.27 3.53 2.69 1.95
 22   1.52 1.69 2.22 2.89 3.53 4.05 4.34 4.24 3.79 3.24 2.59 2.00 1.71 1.88 2.49 3.21 3.97 4.65 5.03 4.99 4.56 3.93 3.17 2.41
 23   1.71 1.49 1.75 2.32 2.98 3.58 4.09 4.29 4.15 3.77 3.29 2.73 2.25 2.05 2.21 2.74 3.39 4.01 4.55 4.81 4.70 4.25 3.61 2.87
 24   2.05 1.57 1.45 1.75 2.29 2.93 3.53 4.01 4.29 4.25 3.92 3.47 3.01 2.55 2.29 2.41 2.84 3.37 3.89 4.33 4.52 4.39 3.93 3.35
 25   2.57 1.93 1.48 1.39 1.75 2.31 2.93 3.53 4.08 4.39 4.41 4.15 3.73 3.24 2.77 2.45 2.46 2.79 3.25 3.69 4.09 4.27 4.17 3.77
 26   3.15 2.49 1.89 1.47 1.38 1.75 2.32 2.97 3.62 4.21 4.57 4.61 4.33 3.91 3.37 2.85 2.51 2.47 2.74 3.17 3.63 4.02 4.25 4.15
 27   3.69 3.11 2.42 1.77 1.31 1.25 1.65 2.33 3.09 3.81 4.49 4.82 4.79 4.45 3.91 3.31 2.73 2.35 2.31 2.62 3.11 3.58 4.01 4.21
 28   4.04 3.55 2.91 2.15 1.48 1.05 1.11 1.69 2.48 3.29 4.07 4.73 5.01 4.89 4.43 3.85 3.19 2.59 2.21 2.25 2.61 3.15 3.69 4.13
 29   4.29 4.04 3.49 2.73 1.93 1.25 0.89 1.09 1.83 2.69 3.61 4.45 5.09 5.25 4.99 4.43 3.77 3.05 2.41 2.06 2.20 2.73 3.35 3.91
 30   4.37 4.43 4.01 3.35 2.51 1.65 0.97 0.73 1.21 2.09 3.06 3.97 4.85 5.35 5.37 4.95 4.27 3.53 2.73 2.13 1.93 2.29 2.95 3.61
 ----------------------------------------------------------------------------------------------------------------------------
                                                                                               
 ----------------------------------------------------------------------------------------------------------------------------
 ----------------------------------------------------------------------------------------------------------------------------
                                                          SURVEY OF INDIA
                                                    MARINE GEODESY WING (G&RB)
                                                     HOURLY HEIGHTS IN METRES
  NAME OF PORT:- VADINAR                                                                            MONTH JULY      YEAR 2011
 ----------------------------------------------------------------------------------------------------------------------------
 DAYS 0000 0001 0002 0003 0004 0005 0006 0007 0008 0009 0010 0011 0012 0013 0014 0015 0016 0017 0018 0019 0020 0021 0022 0023
 ----------------------------------------------------------------------------------------------------------------------------
  1   4.28 4.59 4.49 3.91 3.13 2.17 1.33 0.69 0.67 1.41 2.41 3.44 4.45 5.25 5.57 5.39 4.77 4.01 3.17 2.38 1.85 1.89 2.45 3.17
  2   3.95 4.53 4.73 4.43 3.73 2.85 1.89 1.01 0.55 0.85 1.77 2.81 3.85 4.85 5.51 5.67 5.29 4.55 3.69 2.81 2.02 1.63 1.91 2.65
  3   3.53 4.25 4.75 4.82 4.33 3.53 2.59 1.63 0.83 0.57 1.15 2.17 3.21 4.21 5.17 5.67 5.61 5.05 4.21 3.33 2.43 1.73 1.49 2.01
  4   2.89 3.71 4.41 4.83 4.77 4.15 3.33 2.35 1.41 0.71 0.65 1.45 2.49 3.53 4.53 5.33 5.62 5.37 4.65 3.77 2.81 1.93 1.33 1.39
  5   2.21 3.07 3.85 4.55 4.86 4.61 3.91 3.09 2.09 1.27 0.77 1.01 1.89 2.89 3.89 4.87 5.49 5.62 5.17 4.37 3.45 2.49 1.63 1.19
  6   1.55 2.37 3.21 4.01 4.65 4.89 4.59 3.93 3.09 2.21 1.43 1.05 1.40 2.25 3.21 4.17 5.05 5.53 5.49 4.89 4.05 3.13 2.15 1.37
  7   1.09 1.61 2.41 3.29 4.05 4.67 4.89 4.57 3.93 3.19 2.37 1.69 1.39 1.75 2.53 3.41 4.29 5.05 5.41 5.26 4.61 3.77 2.83 1.91
  8   1.13 1.17 1.57 2.37 3.25 4.01 4.55 4.77 4.51 4.01 3.35 2.61 2.01 1.77 2.03 2.71 3.49 4.29 4.89 5.15 4.93 4.29 3.47 2.57
  9   1.57 0.95 0.93 1.53 2.33 3.17 3.93 4.57 4.85 4.69 4.21 3.65 2.97 2.41 2.05 2.17 2.77 3.41 4.11 4.65 4.91 4.73 4.13 3.41
 10   2.37 1.55 0.95 0.85 1.37 2.17 2.99 3.77 4.47 4.85 4.86 4.53 4.01 3.39 2.73 2.29 2.21 2.61 3.17 3.77 4.31 4.63 4.57 4.09
 11   3.37 2.49 1.65 1.01 0.77 1.21 1.97 2.81 3.67 4.45 4.97 5.09 4.81 4.29 3.65 2.93 2.35 2.09 2.29 2.81 3.41 3.95 4.35 4.41
 12   3.99 3.33 2.49 1.61 0.89 0.59 0.97 1.77 2.69 3.57 4.43 5.03 5.19 4.95 4.37 3.67 2.91 2.25 1.91 2.07 2.61 3.25 3.87 4.35
 13   4.49 4.11 3.45 2.57 1.65 0.87 0.49 0.81 1.69 2.67 3.61 4.53 5.17 5.33 5.01 4.39 3.63 2.85 2.12 1.75 1.93 2.53 3.25 3.91
 14   4.45 4.57 4.17 3.45 2.57 1.59 0.79 0.45 0.91 1.87 2.89 3.85 4.81 5.35 5.41 4.97 4.25 3.43 2.57 1.87 1.56 1.89 2.61 3.37
 15   4.09 4.55 4.61 4.05 3.29 2.33 1.37 0.61 0.45 1.13 2.13 3.17 4.15 5.02 5.43 5.34 4.77 3.99 3.13 2.25 1.61 1.49 2.05 2.81
 16   3.61 4.31 4.69 4.59 3.95 3.11 2.13 1.22 0.57 0.67 1.53 2.57 3.57 4.57 5.31 5.55 5.23 4.53 3.67 2.77 1.93 1.45 1.61 2.31
 17   3.21 3.97 4.57 4.77 4.45 3.71 2.85 1.89 1.05 0.67 1.09 2.03 3.05 4.01 4.91 5.41 5.39 4.85 4.07 3.21 2.29 1.59 1.31 1.79
 18   2.67 3.43 4.09 4.63 4.55 4.05 3.29 2.41 1.57 0.97 0.93 1.65 2.57 3.55 4.49 5.17 5.39 5.09 4.39 3.59 2.69 1.87 1.33 1.41
 19   2.17 2.97 3.73 4.41 4.73 4.53 3.92 3.16 2.27 1.57 1.13 1.37 2.13 3.02 3.93 4.77 5.25 5.23 4.73 4.01 3.14 2.25 1.53 1.23
 20   1.69 2.41 3.19 3.89 4.45 4.61 4.25 3.69 2.97 2.19 1.61 1.42 1.85 2.61 3.45 4.27 4.93 5.17 4.93 4.30 3.55 2.69 1.87 1.33
 21   1.37 1.95 2.69 3.43 4.05 4.49 4.49 4.09 3.49 2.85 2.19 1.77 1.80 2.33 3.09 3.85 4.57 5.01 5.03 4.61 3.93 3.16 2.29 1.65
 22   1.33 1.63 2.25 2.97 3.65 4.25 4.55 4.45 4.03 3.51 2.89 2.33 2.05 2.17 2.69 3.35 4.01 4.55 4.81 4.69 4.17 3.53 2.73 1.97
 23   1.41 1.33 1.77 2.37 3.05 3.67 4.17 4.41 4.29 3.93 3.45 2.89 2.44 2.21 2.33 2.81 3.37 3.89 4.33 4.48 4.25 3.77 3.11 2.45
 24   1.77 1.29 1.39 1.81 2.41 3.03 3.59 4.07 4.33 4.19 3.89 3.47 2.97 2.57 2.29 2.39 2.79 3.25 3.73 4.09 4.20 4.03 3.57 3.01
 25   2.25 1.65 1.29 1.29 1.71 2.32 2.97 3.59 4.15 4.45 4.45 4.19 3.77 3.27 2.77 2.43 2.37 2.67 3.09 3.53 3.87 4.05 3.97 3.57
 26   2.99 2.31 1.69 1.25 1.17 1.57 2.17 2.89 3.59 4.25 4.65 4.69 4.43 3.97 3.41 2.85 2.37 2.25 2.45 2.87 3.35 3.73 4.03 4.03
 27   3.65 3.09 2.41 1.71 1.19 1.03 1.41 2.11 2.89 3.67 4.41 4.89 4.97 4.69 4.13 3.53 2.87 2.35 2.13 2.35 2.81 3.37 3.85 4.21
 28   4.17 3.73 3.11 2.37 1.59 1.01 0.89 1.37 2.17 3.05 3.91 4.71 5.15 5.13 4.73 4.09 3.37 2.61 2.07 1.93 2.31 2.89 3.51 4.07
 29   4.38 4.27 3.77 3.01 2.17 1.37 0.79 0.77 1.47 2.41 3.37 4.25 5.05 5.37 5.21 4.65 3.91 3.13 2.37 1.86 1.87 2.41 3.11 3.81
 30   4.40 4.64 4.36 3.72 2.88 1.92 1.08 0.56 0.80 1.64 2.64 3.68 4.64 5.28 5.44 5.08 4.36 3.54 2.66 1.92 1.54 1.80 2.56 3.36
 31   4.12 4.68 4.78 4.28 3.52 2.60 1.60 0.80 0.48 1.00 2.00 3.04 4.04 5.00 5.47 5.48 4.88 4.08 3.20 2.28 1.56 1.40 1.96 2.80
 ----------------------------------------------------------------------------------------------------------------------------
                                                                                               
 ----------------------------------------------------------------------------------------------------------------------------
 ----------------------------------------------------------------------------------------------------------------------------
                                                          SURVEY OF INDIA
                                                    MARINE GEODESY WING (G&RB)
                                                     HOURLY HEIGHTS IN METRES
  NAME OF PORT:- VADINAR                                                                            MONTH AUGUST    YEAR 2011
 ----------------------------------------------------------------------------------------------------------------------------
 DAYS 0000 0001 0002 0003 0004 0005 0006 0007 0008 0009 0010 0011 0012 0013 0014 0015 0016 0017 0018 0019 0020 0021 0022 0023
 ----------------------------------------------------------------------------------------------------------------------------
  1   3.72 4.48 4.94 4.88 4.24 3.40 2.40 1.44 0.71 0.60 1.36 2.40 3.45 4.45 5.29 5.61 5.33 4.59 3.68 2.71 1.77 1.16 1.24 2.04
  2   3.10 3.96 4.72 5.07 4.84 4.11 3.23 2.19 1.28 0.69 0.88 1.80 2.85 3.88 4.91 5.53 5.64 5.15 4.28 3.35 2.32 1.43 0.95 1.31
  3   2.36 3.32 4.17 4.91 5.16 4.81 4.03 3.15 2.15 1.32 0.89 1.28 2.24 3.24 4.24 5.15 5.60 5.51 4.82 3.92 2.93 1.90 1.08 0.81
  4   1.57 2.54 3.47 4.35 4.99 5.13 4.71 3.93 3.08 2.16 1.46 1.21 1.76 2.64 3.60 4.60 5.30 5.54 5.19 4.40 3.45 2.44 1.48 0.82
  5   0.94 1.74 2.68 3.57 4.40 4.93 4.99 4.52 3.83 3.05 2.22 1.65 1.56 2.08 2.91 3.77 4.60 5.15 5.23 4.79 4.00 3.11 2.07 1.19
  6   0.67 0.97 1.79 2.70 3.56 4.35 4.83 4.85 4.47 3.91 3.23 2.51 2.00 1.89 2.33 3.00 3.76 4.44 4.86 4.90 4.44 3.76 2.89 1.97
  7   1.12 0.78 1.08 1.81 2.66 3.48 4.21 4.72 4.81 4.56 4.05 3.46 2.81 2.32 2.13 2.40 2.96 3.57 4.16 4.55 4.63 4.29 3.67 2.91
  8   1.98 1.27 0.87 1.05 1.71 2.48 3.27 3.99 4.60 4.83 4.71 4.36 3.84 3.24 2.67 2.28 2.28 2.68 3.19 3.71 4.14 4.35 4.25 3.80
  9   3.09 2.32 1.63 1.10 1.00 1.51 2.31 3.13 3.90 4.64 5.06 5.11 4.83 4.27 3.61 2.95 2.36 2.15 2.38 2.86 3.43 3.96 4.36 4.43
 10   4.07 3.45 2.71 1.92 1.32 1.04 1.40 2.16 3.05 3.91 4.71 5.22 5.36 5.04 4.47 3.76 3.00 2.40 2.11 2.24 2.80 3.41 4.07 4.51
 11   4.65 4.39 3.79 3.02 2.16 1.49 1.16 1.51 2.22 3.12 4.02 4.85 5.39 5.51 5.11 4.45 3.68 2.92 2.27 1.94 2.15 2.71 3.36 4.01
 12   4.52 4.63 4.28 3.59 2.79 1.91 1.21 0.93 1.40 2.27 3.19 4.11 4.95 5.36 5.31 4.80 4.04 3.23 2.43 1.79 1.64 2.12 2.87 3.63
 13   4.36 4.79 4.75 4.20 3.44 2.55 1.66 1.00 0.92 1.57 2.53 3.53 4.48 5.20 5.46 5.21 4.53 3.72 2.84 2.00 1.46 1.55 2.23 3.05
 14   3.88 4.57 4.88 4.67 4.00 3.19 2.22 1.40 0.94 1.12 2.00 2.99 3.92 4.84 5.39 5.40 4.85 4.06 3.20 2.31 1.59 1.32 1.76 2.56
 15   3.45 4.24 4.79 4.88 4.42 3.68 2.83 1.91 1.20 1.00 1.59 2.52 3.51 4.43 5.17 5.44 5.16 4.45 3.60 2.71 1.84 1.28 1.36 2.07
 16   3.00 3.84 4.56 4.93 4.79 4.16 3.39 2.49 1.68 1.19 1.35 2.16 3.09 3.99 4.85 5.33 5.32 4.75 3.92 3.06 2.12 1.41 1.17 1.68
 17   2.62 3.45 4.21 4.81 4.96 4.57 3.88 3.08 2.24 1.59 1.38 1.88 2.72 3.60 4.45 5.11 5.32 5.00 4.28 3.44 2.52 1.72 1.19 1.33
 18   2.14 2.99 3.79 4.51 4.91 4.82 4.28 3.59 2.79 2.04 1.56 1.64 2.31 3.11 3.96 4.69 5.11 5.07 4.52 3.76 2.88 2.01 1.32 1.11
 19   1.68 2.47 3.28 4.05 4.65 4.84 4.55 3.97 3.28 2.55 1.95 1.70 2.01 2.72 3.51 4.24 4.79 4.97 4.67 4.03 3.24 2.39 1.60 1.15
 20   1.35 2.01 2.80 3.57 4.25 4.68 4.69 4.32 3.75 3.11 2.45 2.00 1.95 2.39 3.07 3.76 4.39 4.74 4.71 4.24 3.59 2.80 2.00 1.39
 21   1.17 1.59 2.25 3.01 3.72 4.32 4.59 4.51 4.12 3.59 3.00 2.48 2.13 2.19 2.64 3.23 3.81 4.31 4.51 4.36 3.88 3.24 2.48 1.79
 22   1.24 1.24 1.72 2.39 3.11 3.76 4.28 4.55 4.46 4.11 3.64 3.12 2.61 2.33 2.39 2.76 3.28 3.79 4.19 4.32 4.16 3.75 3.15 2.45
 23   1.78 1.39 1.37 1.77 2.40 3.08 3.69 4.24 4.56 4.56 4.29 3.85 3.36 2.88 2.51 2.40 2.63 3.04 3.48 3.87 4.07 4.04 3.72 3.20
 24   2.52 1.92 1.48 1.33 1.64 2.20 2.87 3.55 4.16 4.60 4.73 4.55 4.14 3.61 3.07 2.59 2.30 2.38 2.75 3.18 3.60 3.95 4.07 3.87
 25   3.40 2.77 2.12 1.56 1.27 1.40 1.95 2.67 3.41 4.12 4.71 4.92 4.79 4.35 3.79 3.13 2.51 2.10 2.09 2.48 3.04 3.56 4.00 4.20
 26   4.00 3.51 2.83 2.04 1.41 1.01 1.11 1.76 2.60 3.44 4.24 4.88 5.12 4.92 4.34 3.64 2.87 2.19 1.76 1.87 2.41 3.08 3.72 4.25
 27   4.48 4.23 3.64 2.85 2.00 1.27 0.82 1.04 1.84 2.76 3.68 4.59 5.15 5.27 4.88 4.16 3.36 2.48 1.77 1.44 1.76 2.51 3.30 4.02
 28   4.63 4.77 4.35 3.62 2.72 1.78 0.98 0.62 1.07 1.99 2.99 3.98 4.86 5.34 5.28 4.67 3.82 2.91 1.98 1.30 1.15 1.79 2.68 3.59
 29   4.43 4.94 4.92 4.30 3.47 2.46 1.50 0.74 0.62 1.38 2.42 3.45 4.45 5.26 5.55 5.23 4.43 3.55 2.50 1.59 1.02 1.18 2.03 3.06
 30   3.95 4.75 5.18 5.02 4.31 3.39 2.35 1.39 0.71 0.83 1.79 2.83 3.87 4.87 5.48 5.54 4.94 3.99 2.98 1.90 1.03 0.68 1.26 2.30
 31   3.39 4.38 5.14 5.42 5.10 4.22 3.30 2.27 1.38 0.87 1.30 2.32 3.38 4.39 5.30 5.70 5.46 4.62 3.63 2.55 1.54 0.78 0.70 1.52
 ----------------------------------------------------------------------------------------------------------------------------
                                                                                               
 ----------------------------------------------------------------------------------------------------------------------------
 ----------------------------------------------------------------------------------------------------------------------------
                                                          SURVEY OF INDIA
                                                    MARINE GEODESY WING (G&RB)
                                                     HOURLY HEIGHTS IN METRES
  NAME OF PORT:- VADINAR                                                                            MONTH SEPT      YEAR 2011
 ----------------------------------------------------------------------------------------------------------------------------
 DAYS 0000 0001 0002 0003 0004 0005 0006 0007 0008 0009 0010 0011 0012 0013 0014 0015 0016 0017 0018 0019 0020 0021 0022 0023
 ----------------------------------------------------------------------------------------------------------------------------
  1   2.67 3.70 4.67 5.36 5.51 5.02 4.15 3.23 2.26 1.46 1.16 1.74 2.70 3.74 4.74 5.40 5.61 5.15 4.27 3.27 2.19 1.23 0.58 0.75
  2   1.79 2.90 3.87 4.87 5.40 5.43 4.90 4.06 3.18 2.27 1.59 1.50 2.15 3.07 4.00 4.90 5.39 5.39 4.79 3.90 2.91 1.87 0.98 0.53
  3   1.04 2.01 3.04 4.03 4.87 5.31 5.27 4.71 3.98 3.15 2.34 1.80 1.78 2.38 3.22 4.03 4.75 5.14 5.07 4.50 3.67 2.75 1.79 0.99
  4   0.71 1.31 2.19 3.19 4.06 4.83 5.19 5.10 4.59 3.95 3.22 2.50 2.02 1.98 2.47 3.15 3.86 4.47 4.79 4.74 4.22 3.54 2.67 1.79
  5   1.07 0.95 1.47 2.30 3.11 3.91 4.62 4.99 4.99 4.66 4.07 3.46 2.79 2.31 2.18 2.50 3.03 3.62 4.18 4.48 4.53 4.19 3.55 2.83
  6   1.95 1.30 1.07 1.43 2.12 2.89 3.63 4.31 4.82 4.95 4.78 4.38 3.76 3.17 2.61 2.35 2.36 2.68 3.19 3.67 4.10 4.30 4.22 3.79
  7   3.23 2.54 1.89 1.45 1.43 1.94 2.61 3.38 4.11 4.73 5.06 5.00 4.62 4.06 3.38 2.70 2.19 2.02 2.27 2.78 3.34 3.88 4.31 4.38
  8   4.11 3.54 2.80 2.07 1.51 1.30 1.67 2.39 3.18 3.95 4.70 5.15 5.20 4.83 4.18 3.43 2.67 2.06 1.79 2.06 2.64 3.30 3.95 4.46
  9   4.63 4.35 3.74 2.99 2.19 1.52 1.23 1.59 2.35 3.18 4.02 4.79 5.23 5.19 4.71 3.98 3.18 2.34 1.71 1.52 1.95 2.67 3.43 4.14
 10   4.66 4.76 4.35 3.67 2.87 2.02 1.38 1.18 1.73 2.58 3.46 4.31 5.00 5.29 5.07 4.42 3.62 2.75 1.92 1.38 1.39 2.05 2.89 3.69
 11   4.49 4.90 4.82 4.23 3.47 2.58 1.75 1.19 1.26 1.96 2.87 3.76 4.59 5.14 5.22 4.78 3.99 3.14 2.23 1.49 1.15 1.52 2.36 3.23
 12   4.15 4.79 5.03 4.67 3.95 3.14 2.18 1.45 1.15 1.55 2.39 3.31 4.16 4.89 5.22 4.99 4.27 3.46 2.55 1.70 1.11 1.18 1.94 2.83
 13   3.86 4.62 5.02 4.99 4.39 3.60 2.71 1.84 1.27 1.33 2.04 2.98 3.88 4.71 5.20 5.19 4.63 3.83 2.95 2.00 1.30 1.05 1.38 2.46
 14   3.47 4.31 4.95 5.15 4.79 4.06 3.26 2.38 1.67 1.38 1.83 2.66 3.54 4.38 5.00 5.22 4.86 4.14 3.27 2.31 1.51 0.99 1.19 2.01
 15   3.03 3.92 4.71 5.15 5.07 4.47 3.72 2.88 2.07 1.56 1.62 2.30 3.14 3.95 4.71 5.10 5.02 4.39 3.59 2.67 1.78 1.11 0.99 1.59
 16   2.61 3.52 4.38 5.02 5.20 4.87 4.19 3.43 2.59 1.94 1.66 2.00 2.75 3.55 4.31 4.84 4.97 4.58 3.83 2.99 2.07 1.32 0.92 1.23
 17   2.15 3.03 3.87 4.62 5.02 4.91 4.40 3.74 2.95 2.23 1.78 1.79 2.35 3.07 3.82 4.46 4.78 4.64 4.07 3.35 2.47 1.67 1.10 1.03
 18   1.71 2.55 3.38 4.15 4.78 4.96 4.71 4.15 3.47 2.76 2.19 1.92 2.15 2.75 3.44 4.10 4.55 4.67 4.34 3.71 2.94 2.11 1.43 1.06
 19   1.34 2.04 2.83 3.60 4.31 4.75 4.80 4.47 3.91 3.28 2.66 2.19 2.04 2.38 2.95 3.55 4.08 4.40 4.39 3.99 3.39 2.67 1.94 1.39
 20   1.20 1.60 2.27 3.02 3.72 4.35 4.70 4.68 4.36 3.86 3.27 2.70 2.31 2.22 2.51 3.00 3.51 3.95 4.18 4.12 3.76 3.23 2.58 1.95
 21   1.48 1.39 1.76 2.38 3.04 3.70 4.26 4.59 4.64 4.39 3.95 3.43 2.90 2.49 2.30 2.43 2.79 3.23 3.66 3.97 4.03 3.83 3.42 2.87
 22   2.23 1.77 1.54 1.71 2.23 2.84 3.46 4.04 4.50 4.67 4.56 4.18 3.66 3.08 2.55 2.19 2.14 2.43 2.88 3.36 3.78 4.04 4.03 3.71
 23   3.16 2.55 1.98 1.55 1.47 1.87 2.51 3.19 3.87 4.48 4.83 4.82 4.44 3.82 3.16 2.50 1.99 1.84 2.14 2.70 3.30 3.86 4.29 4.38
 24   4.03 3.46 2.75 2.03 1.48 1.27 1.64 2.38 3.19 3.96 4.68 5.07 5.02 4.55 3.87 3.10 2.31 1.74 1.58 1.99 2.71 3.46 4.16 4.66
 25   4.71 4.30 3.62 2.79 1.99 1.34 1.11 1.62 2.48 3.36 4.23 4.98 5.29 5.11 4.46 3.63 2.74 1.87 1.30 1.29 1.99 2.87 3.75 4.55
 26   5.04 4.98 4.39 3.60 2.70 1.79 1.15 1.08 1.78 2.70 3.66 4.59 5.26 5.42 4.99 4.19 3.27 2.26 1.39 0.88 1.18 2.10 3.11 4.08
 27   4.99 5.36 5.18 4.43 3.55 2.58 1.67 1.08 1.19 2.06 3.06 4.06 4.96 5.46 5.42 4.75 3.80 2.79 1.72 0.86 0.58 1.26 2.35 3.43
 28   4.59 5.34 5.57 5.19 4.38 3.43 2.43 1.58 1.10 1.46 2.39 3.43 4.40 5.19 5.52 5.26 4.42 3.42 2.30 1.27 0.47 0.46 1.42 2.59
 29   3.83 4.87 5.52 5.65 5.14 4.23 3.30 2.31 1.54 1.22 1.79 2.78 3.79 4.71 5.33 5.44 4.88 3.95 2.91 1.78 0.76 0.22 0.60 1.74
 30   3.04 4.14 5.11 5.63 5.59 4.94 4.04 3.14 2.18 1.50 1.39 2.10 3.02 3.94 4.78 5.22 5.15 4.48 3.55 2.50 1.42 0.55 0.19 0.82
 ----------------------------------------------------------------------------------------------------------------------------
                                                                                               
 ----------------------------------------------------------------------------------------------------------------------------
 ----------------------------------------------------------------------------------------------------------------------------
                                                          SURVEY OF INDIA
                                                    MARINE GEODESY WING (G&RB)
                                                     HOURLY HEIGHTS IN METRES
  NAME OF PORT:- VADINAR                                                                            MONTH OCTOBER   YEAR 2011
 ----------------------------------------------------------------------------------------------------------------------------
 DAYS 0000 0001 0002 0003 0004 0005 0006 0007 0008 0009 0010 0011 0012 0013 0014 0015 0016 0017 0018 0019 0020 0021 0022 0023
 ----------------------------------------------------------------------------------------------------------------------------
  1   2.11 3.22 4.25 5.13 5.50 5.35 4.67 3.82 2.93 2.06 1.48 1.51 2.23 3.09 3.93 4.66 5.00 4.79 4.08 3.22 2.18 1.19 0.45 0.39
  2   1.32 2.39 3.40 4.37 5.11 5.38 5.14 4.49 3.71 2.87 2.08 1.61 1.72 2.37 3.16 3.89 4.49 4.75 4.50 3.84 3.04 2.10 1.26 0.66
  3   0.76 1.57 2.50 3.43 4.27 4.82 5.14 4.93 4.36 3.66 2.88 2.18 1.77 1.84 2.39 3.05 3.68 4.20 4.44 4.26 3.74 3.06 2.22 1.50
  4   0.99 1.07 1.72 2.53 3.35 4.10 4.68 4.91 4.78 4.32 3.71 3.02 2.36 1.95 1.88 2.24 2.79 3.34 3.82 4.13 4.12 3.79 3.26 2.60
  5   1.85 1.40 1.33 1.76 2.44 3.16 3.85 4.46 4.79 4.77 4.43 3.89 3.25 2.60 2.07 1.81 1.95 2.40 2.95 3.46 3.90 4.14 4.04 3.66
  6   3.03 2.39 1.84 1.52 1.63 2.18 2.86 3.53 4.19 4.66 4.81 4.60 4.11 3.50 2.78 2.12 1.67 1.61 2.02 2.59 3.21 3.77 4.19 4.28
  7   3.90 3.37 2.74 2.06 1.59 1.50 1.96 2.63 3.33 4.00 4.56 4.79 4.63 4.11 3.43 2.66 1.93 1.44 1.39 1.87 2.55 3.26 3.90 4.39
  8   4.49 4.11 3.54 2.83 2.11 1.60 1.52 1.99 2.71 3.44 4.15 4.68 4.85 4.58 3.98 3.25 2.39 1.66 1.19 1.30 1.94 2.71 3.51 4.19
  9   4.65 4.58 4.10 3.44 2.65 1.93 1.47 1.51 2.12 2.87 3.64 4.33 4.77 4.76 4.29 3.60 2.78 1.91 1.23 0.98 1.42 2.22 3.08 3.87
 10   4.60 4.83 4.55 3.95 3.22 2.39 1.74 1.43 1.73 2.43 3.22 3.98 4.59 4.82 4.55 3.91 3.14 2.22 1.42 0.90 1.00 1.73 2.64 3.53
 11   4.39 4.87 4.86 4.37 3.66 2.84 2.03 1.47 1.41 1.97 2.75 3.53 4.24 4.68 4.67 4.15 3.43 2.54 1.65 0.98 0.78 1.35 2.28 3.22
 12   4.18 4.87 5.10 4.79 4.13 3.37 2.48 1.77 1.40 1.68 2.40 3.22 3.98 4.57 4.78 4.45 3.78 2.95 2.00 1.20 0.74 0.99 1.84 2.83
 13   3.85 4.66 5.16 5.11 4.58 3.82 2.99 2.16 1.58 1.49 2.10 2.92 3.70 4.38 4.77 4.67 4.07 3.30 2.34 1.45 0.81 0.77 1.45 2.42
 14   3.53 4.42 5.07 5.26 4.91 4.22 3.42 2.56 1.83 1.50 1.81 2.56 3.36 4.08 4.63 4.76 4.34 3.62 2.74 1.80 1.02 0.66 1.05 1.93
 15   3.07 4.00 4.83 5.27 5.21 4.67 3.93 3.11 2.26 1.71 1.67 2.24 3.00 3.74 4.39 4.71 4.57 3.96 3.18 2.26 1.39 0.79 0.81 1.53
 16   2.66 3.61 4.47 5.11 5.29 4.98 4.33 3.56 2.74 2.04 1.73 2.00 2.67 3.37 4.04 4.53 4.66 4.28 3.60 2.79 1.90 1.17 0.83 1.19
 17   2.19 3.08 3.93 4.71 5.14 5.10 4.64 3.98 3.23 2.47 1.93 1.83 2.26 2.90 3.57 4.15 4.50 4.43 3.91 3.23 2.40 1.62 1.06 1.01
 18   1.73 2.57 3.41 4.19 4.83 5.09 4.91 4.39 3.74 3.01 2.34 1.94 2.00 2.48 3.10 3.68 4.19 4.38 4.19 3.69 3.02 2.28 1.60 1.19
 19   1.39 2.02 2.80 3.60 4.33 4.87 5.03 4.81 4.30 3.69 3.00 2.41 2.08 2.16 2.59 3.15 3.68 4.12 4.28 4.13 3.70 3.10 2.43 1.84
 20   1.47 1.63 2.19 2.89 3.59 4.29 4.79 4.95 4.76 4.31 3.73 3.07 2.47 2.11 2.09 2.42 2.91 3.42 3.85 4.12 4.12 3.79 3.31 2.74
 21   2.08 1.70 1.70 2.10 2.71 3.40 4.06 4.62 4.89 4.83 4.44 3.87 3.22 2.58 2.08 1.90 2.14 2.61 3.16 3.68 4.12 4.28 4.12 3.71
 22   3.10 2.47 1.96 1.74 1.94 2.50 3.18 3.86 4.51 4.92 4.96 4.62 4.05 3.34 2.54 1.91 1.58 1.74 2.29 2.97 3.63 4.22 4.55 4.50
 23   4.02 3.42 2.71 2.05 1.66 1.75 2.31 3.04 3.80 4.52 4.99 5.06 4.66 3.98 3.18 2.28 1.56 1.21 1.48 2.19 3.01 3.82 4.54 4.92
 24   4.81 4.25 3.55 2.73 1.98 1.52 1.63 2.28 3.11 3.94 4.71 5.16 5.13 4.59 3.78 2.86 1.86 1.12 0.85 1.36 2.29 3.25 4.18 4.96
 25   5.31 5.07 4.42 3.59 2.70 1.88 1.45 1.66 2.42 3.30 4.18 4.94 5.28 5.12 4.38 3.48 2.41 1.42 0.67 0.58 1.37 2.45 3.53 4.56
 26   5.37 5.60 5.21 4.43 3.53 2.58 1.75 1.36 1.72 2.56 3.49 4.39 5.05 5.28 4.89 4.03 3.03 1.87 0.85 0.20 0.42 1.45 2.67 3.80
 27   4.96 5.59 5.71 5.17 4.32 3.38 2.41 1.65 1.38 1.88 2.78 3.72 4.59 5.16 5.25 4.68 3.76 2.69 1.53 0.56 0.11 0.60 1.79 3.02
 28   4.28 5.29 5.85 5.82 5.15 4.26 3.32 2.38 1.67 1.53 2.15 3.04 3.96 4.77 5.20 5.12 4.42 3.42 2.36 1.28 0.39 0.14 0.92 2.14
 29   3.44 4.55 5.43 5.86 5.66 4.95 4.05 3.14 2.20 1.59 1.62 2.30 3.19 4.04 4.77 5.11 4.91 4.16 3.22 2.14 1.14 0.41 0.41 1.31
 30   2.60 3.73 4.79 5.55 5.74 5.54 4.82 3.96 3.08 2.23 1.73 1.86 2.55 3.39 4.19 4.80 5.04 4.74 4.00 3.13 2.12 1.20 0.61 0.79
 31   1.85 2.92 3.95 4.93 5.55 5.73 5.34 4.63 3.79 2.97 2.19 1.79 2.00 2.62 3.39 4.07 4.60 4.77 4.45 3.79 2.99 2.08 1.31 0.89
 ----------------------------------------------------------------------------------------------------------------------------
                                                                                               
 ----------------------------------------------------------------------------------------------------------------------------
 ----------------------------------------------------------------------------------------------------------------------------
                                                          SURVEY OF INDIA
                                                    MARINE GEODESY WING (G&RB)
                                                     HOURLY HEIGHTS IN METRES
  NAME OF PORT:- VADINAR                                                                            MONTH NOVEMBER  YEAR 2011
 ----------------------------------------------------------------------------------------------------------------------------
 DAYS 0000 0001 0002 0003 0004 0005 0006 0007 0008 0009 0010 0011 0012 0013 0014 0015 0016 0017 0018 0019 0020 0021 0022 0023
 ----------------------------------------------------------------------------------------------------------------------------
  1   1.26 2.13 3.07 4.01 4.89 5.40 5.48 5.10 4.43 3.66 2.86 2.14 1.79 1.98 2.53 3.19 3.78 4.28 4.46 4.24 3.70 3.03 2.26 1.63
  2   1.30 1.61 2.34 3.19 4.00 4.77 5.20 5.26 4.91 4.30 3.58 2.83 2.15 1.81 1.89 2.38 2.95 3.51 4.00 4.26 4.20 3.82 3.29 2.67
  3   2.01 1.71 1.87 2.43 3.13 3.85 4.52 4.95 5.05 4.78 4.23 3.60 2.87 2.24 1.83 1.80 2.16 2.69 3.28 3.80 4.19 4.30 4.10 3.69
  4   3.08 2.52 2.13 2.05 2.40 3.00 3.63 4.25 4.71 4.90 4.73 4.27 3.68 2.99 2.30 1.80 1.65 1.91 2.45 3.06 3.67 4.18 4.45 4.39
  5   3.96 3.44 2.86 2.36 2.13 2.31 2.81 3.41 4.01 4.51 4.76 4.66 4.21 3.62 2.89 2.17 1.61 1.41 1.73 2.35 3.06 3.75 4.37 4.68
  6   4.57 4.15 3.59 2.95 2.40 2.13 2.29 2.80 3.42 4.02 4.52 4.74 4.59 4.11 3.46 2.69 1.96 1.44 1.37 1.83 2.57 3.37 4.13 4.75
  7   4.99 4.77 4.26 3.62 2.94 2.37 2.14 2.36 2.90 3.55 4.17 4.63 4.79 4.52 3.93 3.23 2.39 1.67 1.22 1.40 2.08 2.92 3.79 4.58
  8   5.12 5.14 4.76 4.11 3.42 2.70 2.20 2.11 2.52 3.15 3.81 4.43 4.78 4.76 4.28 3.54 2.70 1.86 1.24 1.11 1.65 2.49 3.43 4.30
  9   5.05 5.31 5.13 4.55 3.82 3.05 2.36 1.98 2.15 2.70 3.40 4.06 4.58 4.76 4.46 3.82 3.02 2.10 1.33 0.92 1.19 2.00 2.99 3.91
 10   4.84 5.33 5.36 4.90 4.20 3.41 2.60 2.01 1.86 2.29 2.97 3.68 4.32 4.69 4.61 4.07 3.31 2.41 1.52 0.91 0.88 1.53 2.52 3.49
 11   4.53 5.23 5.48 5.26 4.62 3.84 3.04 2.27 1.83 1.98 2.59 3.30 4.00 4.53 4.70 4.35 3.65 2.81 1.87 1.07 0.75 1.08 2.00 3.00
 12   4.09 4.98 5.46 5.48 4.98 4.24 3.42 2.59 1.95 1.76 2.20 2.90 3.63 4.27 4.63 4.56 3.97 3.22 2.29 1.43 0.80 0.78 1.52 2.50
 13   3.60 4.53 5.23 5.47 5.23 4.59 3.82 3.02 2.22 1.78 1.90 2.49 3.23 3.89 4.43 4.59 4.26 3.58 2.74 1.83 1.06 0.69 1.05 1.93
 14   3.05 3.99 4.86 5.36 5.41 4.97 4.27 3.47 2.66 2.00 1.77 2.13 2.80 3.48 4.12 4.50 4.50 4.00 3.28 2.43 1.59 0.97 0.86 1.45
 15   2.53 3.46 4.35 5.09 5.39 5.26 4.70 3.95 3.17 2.40 1.90 1.90 2.40 3.04 3.68 4.22 4.46 4.26 3.69 2.97 2.13 1.40 0.96 1.12
 16   2.00 2.87 3.74 4.58 5.12 5.26 4.95 4.32 3.59 2.80 2.10 1.76 1.94 2.48 3.11 3.69 4.16 4.31 4.02 3.45 2.73 1.98 1.36 1.09
 17   1.56 2.30 3.13 3.93 4.66 5.08 5.09 4.69 4.05 3.32 2.54 1.92 1.72 1.99 2.54 3.16 3.71 4.12 4.21 3.91 3.38 2.72 2.04 1.52
 18   1.42 1.85 2.54 3.30 4.04 4.70 5.04 5.01 4.58 3.96 3.25 2.48 1.91 1.69 1.93 2.47 3.06 3.60 4.07 4.24 4.05 3.61 3.03 2.42
 19   1.89 1.71 2.01 2.61 3.30 4.01 4.64 4.99 4.98 4.58 3.95 3.22 2.44 1.84 1.55 1.74 2.25 2.89 3.51 4.05 4.37 4.33 3.97 3.46
 20   2.77 2.20 1.89 1.98 2.49 3.16 3.85 4.50 4.90 4.93 4.56 3.94 3.20 2.40 1.69 1.32 1.44 1.98 2.70 3.42 4.09 4.59 4.69 4.38
 21   3.79 3.15 2.50 2.04 1.95 2.36 3.00 3.68 4.36 4.81 4.93 4.57 3.91 3.17 2.26 1.48 1.03 1.12 1.76 2.61 3.46 4.27 4.86 5.01
 22   4.65 4.07 3.40 2.66 2.11 1.93 2.29 2.93 3.65 4.36 4.83 4.92 4.54 3.83 2.99 2.01 1.19 0.71 0.88 1.66 2.64 3.59 4.53 5.17
 23   5.32 4.96 4.30 3.55 2.77 2.12 1.89 2.26 2.94 3.68 4.43 4.90 4.96 4.47 3.70 2.76 1.74 0.86 0.43 0.78 1.74 2.83 3.91 4.91
 24   5.52 5.60 5.15 4.40 3.58 2.75 2.08 1.87 2.28 3.00 3.80 4.50 4.94 4.93 4.36 3.53 2.53 1.48 0.61 0.27 0.82 1.91 3.07 4.18
 25   5.24 5.75 5.69 5.13 4.33 3.46 2.60 1.92 1.76 2.25 3.05 3.88 4.60 5.00 4.91 4.25 3.29 2.15 1.12 0.33 0.23 1.06 2.25 3.41
 26   4.68 5.51 5.88 5.66 4.96 4.09 3.20 2.33 1.77 1.83 2.46 3.30 4.12 4.76 5.04 4.75 3.97 3.05 1.95 0.95 0.28 0.40 1.38 2.54
 27   3.86 4.94 5.66 5.89 5.56 4.79 3.89 2.98 2.10 1.65 1.81 2.53 3.37 4.13 4.74 4.94 4.55 3.77 2.84 1.79 0.85 0.34 0.64 1.65
 28   2.98 4.06 5.05 5.65 5.79 5.29 4.51 3.61 2.70 1.92 1.56 1.89 2.61 3.43 4.18 4.71 4.80 4.33 3.57 2.65 1.68 0.89 0.56 1.08
 29   2.25 3.29 4.29 5.18 5.64 5.57 5.01 4.22 3.35 2.48 1.80 1.60 2.06 2.79 3.57 4.28 4.73 4.79 4.33 3.63 2.83 1.96 1.30 1.14
 30   1.81 2.72 3.67 4.65 5.38 5.72 5.57 5.00 4.25 3.44 2.63 2.04 1.91 2.33 2.99 3.69 4.32 4.70 4.73 4.33 3.74 3.03 2.27 1.72
 ----------------------------------------------------------------------------------------------------------------------------
                                                                                               
 ----------------------------------------------------------------------------------------------------------------------------
 ----------------------------------------------------------------------------------------------------------------------------
                                                          SURVEY OF INDIA
                                                    MARINE GEODESY WING (G&RB)
                                                     HOURLY HEIGHTS IN METRES
  NAME OF PORT:- VADINAR                                                                            MONTH DECEMBER  YEAR 2011
 ----------------------------------------------------------------------------------------------------------------------------
 DAYS 0000 0001 0002 0003 0004 0005 0006 0007 0008 0009 0010 0011 0012 0013 0014 0015 0016 0017 0018 0019 0020 0021 0022 0023
 ----------------------------------------------------------------------------------------------------------------------------
  1   1.62 2.21 2.98 3.85 4.71 5.31 5.51 5.25 4.63 3.89 3.09 2.30 1.81 1.73 2.13 2.76 3.41 3.96 4.36 4.42 4.13 3.63 3.01 2.41
  2   1.90 1.89 2.41 3.13 3.88 4.61 5.07 5.18 4.89 4.31 3.61 2.81 2.09 1.66 1.61 2.01 2.61 3.21 3.77 4.19 4.33 4.13 3.74 3.25
  3   2.61 2.25 2.20 2.57 3.15 3.77 4.35 4.75 4.85 4.57 4.05 3.41 2.67 2.05 1.64 1.60 1.96 2.55 3.17 3.74 4.21 4.42 4.32 3.98
  4   3.47 2.97 2.57 2.42 2.66 3.13 3.68 4.20 4.56 4.65 4.41 3.93 3.33 2.62 1.99 1.58 1.53 1.89 2.49 3.13 3.78 4.33 4.63 4.59
  5   4.24 3.75 3.24 2.77 2.55 2.65 3.05 3.53 4.01 4.37 4.51 4.31 3.84 3.25 2.53 1.87 1.43 1.37 1.80 2.45 3.19 3.89 4.49 4.78
  6   4.70 4.31 3.81 3.24 2.76 2.47 2.57 2.93 3.41 3.88 4.23 4.35 4.13 3.63 2.99 2.25 1.61 1.21 1.29 1.86 2.62 3.43 4.21 4.79
  7   4.99 4.79 4.29 3.71 3.09 2.53 2.29 2.45 2.88 3.39 3.88 4.25 4.32 3.99 3.41 2.69 1.92 1.29 1.03 1.33 2.09 2.93 3.81 4.60
  8   5.14 5.15 4.79 4.17 3.49 2.81 2.30 2.17 2.49 3.01 3.58 4.09 4.37 4.29 3.81 3.15 2.33 1.57 1.01 0.97 1.57 2.43 3.34 4.22
  9   5.04 5.28 5.11 4.57 3.89 3.17 2.48 2.11 2.17 2.61 3.23 3.81 4.29 4.45 4.19 3.59 2.81 1.97 1.21 0.79 1.01 1.80 2.77 3.71
 10   4.73 5.25 5.35 4.99 4.33 3.58 2.80 2.16 1.93 2.21 2.77 3.34 3.99 4.37 4.34 3.89 3.18 2.33 1.48 0.82 0.68 1.27 2.21 3.21
 11   4.28 5.09 5.42 5.29 4.75 4.01 3.21 2.44 1.93 1.92 2.39 3.06 3.73 4.27 4.53 4.31 3.69 2.89 1.99 1.20 0.69 0.89 1.73 2.74
 12   3.93 4.85 5.42 5.55 5.18 4.47 3.65 2.83 2.11 1.79 2.05 2.69 3.41 4.05 4.53 4.61 4.16 3.44 2.57 1.67 0.93 0.69 1.21 2.13
 13   3.33 4.28 5.10 5.50 5.42 4.87 4.11 3.29 2.45 1.85 1.73 2.21 2.90 3.61 4.25 4.61 4.49 3.91 3.14 2.24 1.41 0.84 0.85 1.57
 14   2.70 3.68 4.61 5.29 5.52 5.25 4.60 3.81 2.97 2.19 1.73 1.84 2.41 3.13 3.83 4.40 4.61 4.33 3.71 2.93 2.05 1.32 0.91 1.17
 15   2.15 3.09 4.01 4.91 5.41 5.46 5.01 4.28 3.46 2.61 1.89 1.60 1.89 2.53 3.26 3.93 4.43 4.54 4.17 3.53 2.77 1.96 1.31 1.08
 16   1.66 2.53 3.41 4.29 5.05 5.38 5.26 4.69 3.93 3.09 2.25 1.63 1.49 1.92 2.61 3.33 3.97 4.41 4.47 4.09 3.49 2.79 2.05 1.51
 17   1.46 2.03 2.81 3.65 4.49 5.10 5.31 5.09 4.48 3.71 2.85 2.03 1.49 1.45 1.93 2.63 3.34 3.97 4.44 4.53 4.21 3.70 3.05 2.40
 18   1.86 1.82 2.32 3.02 3.81 4.56 5.07 5.21 4.89 4.25 3.49 2.61 1.82 1.33 1.33 1.83 2.54 3.29 3.93 4.45 4.61 4.38 3.92 3.33
 19   2.62 2.16 2.05 2.43 3.05 3.75 4.41 4.86 4.99 4.68 4.05 3.31 2.44 1.69 1.18 1.15 1.65 2.39 3.17 3.89 4.51 4.77 4.66 4.23
 20   3.61 2.98 2.45 2.20 2.40 2.93 3.53 4.13 4.59 4.75 4.49 3.89 3.16 2.32 1.51 0.94 0.85 1.35 2.15 3.01 3.82 4.57 4.97 4.92
 21   4.48 3.91 3.27 2.63 2.26 2.28 2.71 3.29 3.87 4.37 4.57 4.39 3.85 3.15 2.26 1.42 0.80 0.65 1.18 2.05 2.97 3.89 4.73 5.19
 22   5.16 4.75 4.13 3.41 2.71 2.20 2.09 2.48 3.08 3.69 4.25 4.56 4.43 3.84 3.05 2.15 1.28 0.61 0.47 1.09 2.05 3.05 4.04 4.93
 23   5.41 5.37 4.89 4.18 3.41 2.62 2.06 1.97 2.39 3.01 3.67 4.29 4.61 4.51 3.91 3.13 2.15 1.21 0.49 0.39 1.12 2.17 3.29 4.30
 24   5.26 5.65 5.52 4.95 4.17 3.33 2.49 1.92 1.88 2.39 3.10 3.83 4.48 4.80 4.61 3.97 3.11 2.09 1.12 0.41 0.40 1.25 2.38 3.48
 25   4.65 5.45 5.77 5.54 4.88 4.01 3.13 2.28 1.76 1.81 2.41 3.23 3.97 4.61 4.89 4.60 3.87 2.96 1.89 0.95 0.37 0.57 1.55 2.69
 26   3.93 4.97 5.62 5.81 5.39 4.61 3.73 2.81 1.97 1.53 1.76 2.49 3.33 4.05 4.68 4.85 4.45 3.69 2.76 1.75 0.89 0.49 0.89 1.93
 27   3.20 4.25 5.14 5.70 5.68 5.11 4.29 3.39 2.47 1.72 1.44 1.87 2.66 3.48 4.21 4.75 4.80 4.32 3.57 2.64 1.68 0.92 0.71 1.37
 28   2.56 3.59 4.57 5.37 5.68 5.45 4.77 3.93 3.02 2.11 1.48 1.40 1.97 2.77 3.55 4.29 4.70 4.62 4.07 3.34 2.46 1.64 1.05 1.10
 29   1.98 2.95 3.89 4.81 5.39 5.53 5.11 4.39 3.53 2.61 1.80 1.35 1.47 2.12 2.88 3.61 4.21 4.53 4.37 3.80 3.12 2.33 1.62 1.24
 30   1.56 2.35 3.21 4.08 4.85 5.25 5.17 4.65 3.89 3.04 2.17 1.51 1.27 1.58 2.25 2.97 3.63 4.14 4.34 4.11 3.63 3.03 2.35 1.82
 31   1.67 2.09 2.79 3.55 4.30 4.88 5.09 4.85 4.25 3.51 2.66 1.88 1.38 1.33 1.73 2.39 3.05 3.65 4.10 4.24 4.03 3.61 3.08 2.53
 ----------------------------------------------------------------------------------------------------------------------------
                                                                                               
 ----------------------------------------------------------------------------------------------------------------------------
 ----------------------------------------------------------------------------------------------------------------------------
