                                                          SURVEY OF INDIA
                                                    MARINE GEODESY WING (G&RB)
                                                     HOURLY HEIGHTS IN METRES
  NAME OF PORT:- VADINAR                                                                            MONTH JANUARY   YEAR 2014
 ----------------------------------------------------------------------------------------------------------------------------
 DAYS 0000 0001 0002 0003 0004 0005 0006 0007 0008 0009 0010 0011 0012 0013 0014 0015 0016 0017 0018 0019 0020 0021 0022 0023
 ----------------------------------------------------------------------------------------------------------------------------
  1   4.98 5.49 5.47 4.95 4.20 3.30 2.39 1.72 1.57 2.06 2.84 3.64 4.34 4.73 4.63 3.97 3.06 1.97 0.91 0.15 0.09 0.96 2.15 3.34
  2   4.37 5.17 5.65 5.53 4.87 4.04 3.07 2.11 1.46 1.42 2.05 2.95 3.83 4.57 4.95 4.73 3.95 3.01 1.86 0.80 0.13 0.30 1.34 2.59
  3   3.74 4.69 5.54 5.89 5.63 4.82 3.87 2.87 1.90 1.31 1.42 2.21 3.15 4.03 4.81 5.11 4.80 3.97 3.00 1.85 0.83 0.29 0.63 1.75
  4   2.91 3.95 4.98 5.70 5.91 5.55 4.65 3.63 2.55 1.63 1.14 1.41 2.23 3.21 4.07 4.80 5.06 4.70 3.89 2.91 1.82 0.91 0.50 1.03
  5   2.00 3.10 4.17 5.19 5.77 5.81 5.19 4.30 3.27 2.23 1.35 0.99 1.43 2.28 3.23 4.07 4.73 4.94 4.51 3.77 2.84 1.82 1.03 0.80
  6   1.43 2.31 3.36 4.39 5.26 5.67 5.54 4.85 3.95 2.95 1.89 1.15 0.94 1.47 2.38 3.27 4.03 4.65 4.84 4.45 3.78 2.98 2.07 1.43
  7   1.27 1.77 2.65 3.58 4.49 5.21 5.50 5.25 4.57 3.67 2.67 1.73 1.11 1.03 1.59 2.43 3.25 3.99 4.57 4.74 4.43 3.87 3.17 2.38
  8   1.87 1.72 2.16 2.94 3.72 4.51 5.07 5.24 4.97 4.31 3.51 2.55 1.74 1.19 1.17 1.67 2.43 3.21 3.91 4.50 4.75 4.57 4.11 3.53
  9   2.90 2.37 2.12 2.35 2.91 3.59 4.21 4.66 4.79 4.56 3.98 3.23 2.38 1.66 1.15 1.11 1.54 2.27 3.07 3.80 4.39 4.68 4.59 4.20
 10   3.75 3.19 2.67 2.30 2.39 2.79 3.35 3.86 4.29 4.45 4.27 3.77 3.11 2.36 1.67 1.17 1.09 1.51 2.21 2.99 3.72 4.39 4.78 4.79
 11   4.50 4.03 3.39 2.75 2.33 2.23 2.55 3.02 3.48 3.91 4.14 4.07 3.67 3.10 2.39 1.71 1.19 1.05 1.43 2.13 2.93 3.71 4.46 4.85
 12   4.87 4.56 4.03 3.39 2.71 2.21 2.07 2.35 2.83 3.35 3.81 4.11 4.09 3.73 3.14 2.39 1.65 1.07 0.94 1.36 2.17 3.03 3.87 4.63
 13   5.05 5.02 4.66 4.07 3.37 2.66 2.16 2.05 2.37 2.90 3.47 3.99 4.27 4.20 3.75 3.07 2.25 1.48 0.95 0.93 1.51 2.39 3.31 4.19
 14   4.95 5.20 5.11 4.59 3.91 3.15 2.37 1.94 1.96 2.39 3.01 3.62 4.12 4.33 4.11 3.54 2.75 1.95 1.17 0.77 1.01 1.81 2.79 3.75
 15   4.65 5.13 5.30 4.99 4.35 3.57 2.71 2.04 1.75 2.00 2.61 3.27 3.87 4.32 4.37 3.93 3.23 2.35 1.51 0.89 0.76 1.37 2.29 3.30
 16   4.19 4.87 5.28 5.19 4.67 3.91 3.07 2.22 1.68 1.63 2.15 2.87 3.55 4.15 4.46 4.31 3.69 2.87 1.98 1.17 0.70 0.95 1.83 2.83
 17   3.70 4.55 5.19 5.37 5.05 4.34 3.52 2.59 1.86 1.55 1.86 2.53 3.27 3.95 4.47 4.54 4.09 3.35 2.42 1.55 0.88 0.76 1.39 2.35
 18   3.28 4.15 4.95 5.35 5.23 4.63 3.86 2.95 2.07 1.49 1.49 2.08 2.87 3.65 4.31 4.61 4.42 3.79 2.99 2.08 1.31 0.87 1.14 1.99
 19   2.99 3.90 4.69 5.27 5.39 4.96 4.22 3.38 2.40 1.65 1.32 1.64 2.38 3.17 3.93 4.49 4.61 4.18 3.48 2.63 1.77 1.12 0.96 1.55
 20   2.35 3.26 4.15 4.91 5.26 5.10 4.47 3.70 2.78 1.91 1.35 1.37 1.97 2.78 3.59 4.27 4.67 4.59 4.03 3.31 2.43 1.67 1.22 1.39
 21   2.05 2.87 3.75 4.62 5.17 5.26 4.86 4.12 3.27 2.35 1.58 1.23 1.51 2.23 3.07 3.79 4.39 4.59 4.28 3.67 2.94 2.14 1.54 1.34
 22   1.67 2.42 3.27 4.08 4.79 5.13 4.97 4.38 3.62 2.74 1.86 1.27 1.19 1.67 2.44 3.23 3.91 4.42 4.48 4.10 3.54 2.83 2.13 1.67
 23   1.64 2.05 2.77 3.55 4.32 4.86 5.03 4.71 4.07 3.27 2.35 1.59 1.16 1.27 1.87 2.63 3.38 4.02 4.44 4.47 4.10 3.56 2.91 2.31
 24   1.96 1.98 2.42 3.09 3.76 4.39 4.78 4.75 4.35 3.71 2.89 2.07 1.42 1.12 1.35 1.96 2.73 3.42 4.06 4.46 4.50 4.19 3.72 3.16
 25   2.60 2.26 2.20 2.57 3.13 3.74 4.27 4.60 4.61 4.19 3.59 2.79 1.99 1.38 1.06 1.24 1.86 2.60 3.35 3.99 4.51 4.63 4.43 4.01
 26   3.50 2.98 2.49 2.31 2.51 2.98 3.52 4.03 4.39 4.47 4.15 3.58 2.83 2.03 1.34 0.95 1.05 1.60 2.41 3.19 3.95 4.59 4.87 4.77
 27   4.37 3.88 3.27 2.66 2.27 2.29 2.66 3.20 3.75 4.18 4.38 4.20 3.67 2.99 2.14 1.38 0.83 0.81 1.41 2.26 3.18 4.03 4.82 5.20
 28   5.15 4.78 4.19 3.47 2.74 2.22 2.12 2.48 3.07 3.67 4.24 4.55 4.46 3.92 3.19 2.26 1.40 0.74 0.63 1.27 2.23 3.25 4.23 5.09
 29   5.47 5.45 4.97 4.25 3.45 2.59 2.01 1.88 2.33 3.01 3.74 4.42 4.79 4.69 4.07 3.25 2.22 1.27 0.56 0.50 1.29 2.39 3.51 4.53
 30   5.40 5.71 5.60 4.95 4.13 3.21 2.29 1.70 1.65 2.24 3.07 3.88 4.61 5.00 4.83 4.12 3.19 2.07 1.07 0.39 0.47 1.44 2.63 3.79
 31   4.87 5.55 5.87 5.58 4.81 3.87 2.87 1.91 1.35 1.47 2.23 3.21 4.13 4.88 5.19 4.89 4.07 3.10 1.95 0.95 0.37 0.69 1.83 3.03
 ----------------------------------------------------------------------------------------------------------------------------
                                                                                               
 ----------------------------------------------------------------------------------------------------------------------------
 ----------------------------------------------------------------------------------------------------------------------------
                                                          SURVEY OF INDIA
                                                    MARINE GEODESY WING (G&RB)
                                                     HOURLY HEIGHTS IN METRES
  NAME OF PORT:- VADINAR                                                                            MONTH FEBRUARY  YEAR 2014
 ----------------------------------------------------------------------------------------------------------------------------
 DAYS 0000 0001 0002 0003 0004 0005 0006 0007 0008 0009 0010 0011 0012 0013 0014 0015 0016 0017 0018 0019 0020 0021 0022 0023
 ----------------------------------------------------------------------------------------------------------------------------
  1   4.18 5.14 5.83 6.00 5.48 4.58 3.58 2.50 1.57 1.11 1.48 2.40 3.40 4.31 5.06 5.31 4.91 4.03 2.99 1.85 0.90 0.44 0.99 2.16
  2   3.39 4.43 5.34 5.91 5.87 5.16 4.19 3.17 2.03 1.18 0.93 1.54 2.57 3.57 4.53 5.19 5.35 4.82 3.93 2.92 1.83 1.00 0.76 1.51
  3   2.55 3.62 4.68 5.53 5.92 5.64 4.82 3.81 2.73 1.67 0.93 0.89 1.64 2.67 3.67 4.55 5.12 5.15 4.58 3.75 2.77 1.79 1.09 1.08
  4   1.85 2.82 3.83 4.81 5.47 5.66 5.18 4.35 3.34 2.25 1.30 0.74 0.95 1.78 2.80 3.71 4.52 4.99 4.95 4.36 3.63 2.72 1.85 1.36
  5   1.45 2.19 3.11 4.04 4.87 5.35 5.35 4.79 3.95 3.00 1.95 1.16 0.83 1.19 2.02 2.93 3.76 4.49 4.86 4.78 4.28 3.63 2.83 2.14
  6   1.75 1.88 2.52 3.31 4.10 4.77 5.11 5.00 4.43 3.67 2.75 1.84 1.19 1.00 1.43 2.18 2.99 3.75 4.39 4.72 4.67 4.30 3.75 3.12
  7   2.57 2.18 2.21 2.70 3.32 3.98 4.51 4.75 4.63 4.14 3.46 2.58 1.83 1.30 1.17 1.55 2.23 2.97 3.66 4.26 4.62 4.65 4.38 3.93
  8   3.35 2.86 2.46 2.38 2.67 3.13 3.61 4.03 4.24 4.18 3.79 3.23 2.55 1.91 1.43 1.27 1.55 2.12 2.81 3.46 4.08 4.50 4.61 4.42
  9   4.00 3.50 3.01 2.54 2.33 2.45 2.84 3.27 3.69 3.99 4.04 3.79 3.34 2.73 2.08 1.55 1.29 1.43 1.98 2.67 3.39 4.08 4.65 4.86
 10   4.71 4.35 3.82 3.21 2.60 2.26 2.24 2.58 3.03 3.51 3.91 4.08 3.94 3.51 2.93 2.25 1.63 1.25 1.36 1.91 2.67 3.45 4.21 4.79
 11   4.99 4.86 4.43 3.80 3.13 2.47 2.10 2.12 2.52 3.07 3.61 4.05 4.23 4.04 3.54 2.86 2.11 1.47 1.16 1.35 2.03 2.87 3.75 4.55
 12   5.03 5.11 4.83 4.24 3.55 2.75 2.11 1.83 2.02 2.56 3.19 3.79 4.27 4.41 4.08 3.49 2.72 1.93 1.31 1.08 1.51 2.35 3.27 4.16
 13   4.91 5.26 5.23 4.75 4.04 3.26 2.43 1.88 1.77 2.19 2.85 3.54 4.15 4.54 4.51 4.02 3.31 2.46 1.67 1.12 1.14 1.80 2.75 3.65
 14   4.49 5.07 5.29 5.06 4.40 3.62 2.74 1.99 1.59 1.78 2.43 3.18 3.89 4.47 4.68 4.36 3.70 2.86 1.95 1.25 0.95 1.38 2.29 3.26
 15   4.19 4.87 5.32 5.27 4.75 3.95 3.09 2.19 1.58 1.50 2.04 2.81 3.59 4.29 4.73 4.70 4.17 3.42 2.47 1.62 1.04 1.07 1.83 2.79
 16   3.79 4.55 5.18 5.36 4.98 4.23 3.35 2.39 1.62 1.26 1.55 2.31 3.17 3.95 4.60 4.83 4.50 3.79 2.95 1.99 1.22 0.90 1.34 2.20
 17   3.09 4.11 4.91 5.31 5.18 4.51 3.67 2.69 1.76 1.15 1.16 1.82 2.71 3.58 4.36 4.86 4.84 4.28 3.53 2.55 1.67 1.07 1.07 1.81
 18   2.80 3.63 4.51 5.14 5.26 4.79 4.00 3.08 2.07 1.30 0.96 1.35 2.26 3.16 4.01 4.71 4.97 4.70 4.01 3.20 2.26 1.51 1.18 1.59
 19   2.43 3.27 4.17 4.95 5.27 5.08 4.41 3.54 2.54 1.63 1.04 1.06 1.75 2.63 3.53 4.33 4.87 4.94 4.47 3.79 2.98 2.09 1.50 1.46
 20   2.04 2.81 3.68 4.51 5.03 5.14 4.68 3.93 3.03 2.03 1.26 0.88 1.23 2.02 2.93 3.78 4.51 4.86 4.76 4.20 3.52 2.70 1.95 1.58
 21   1.68 2.37 3.15 3.96 4.63 4.98 4.84 4.25 3.48 2.55 1.67 1.08 1.00 1.56 2.41 3.25 4.02 4.64 4.86 4.61 4.09 3.46 2.71 2.15
 22   1.91 2.14 2.73 3.43 4.09 4.63 4.83 4.58 3.97 3.19 2.27 1.50 1.02 1.08 1.67 2.49 3.31 4.01 4.56 4.75 4.54 4.07 3.49 2.85
 23   2.32 2.11 2.24 2.71 3.30 3.87 4.31 4.47 4.21 3.66 2.93 2.11 1.40 1.00 1.06 1.62 2.39 3.15 3.84 4.42 4.67 4.56 4.18 3.68
 24   3.09 2.58 2.23 2.20 2.54 3.02 3.52 3.95 4.18 4.09 3.64 3.03 2.31 1.62 1.13 1.06 1.51 2.20 2.98 3.71 4.40 4.80 4.87 4.59
 25   4.16 3.57 2.91 2.39 2.17 2.33 2.77 3.28 3.80 4.19 4.31 4.02 3.47 2.78 1.98 1.32 0.99 1.19 1.84 2.68 3.55 4.33 4.95 5.15
 26   4.98 4.47 3.82 3.03 2.34 1.90 1.91 2.36 2.99 3.61 4.15 4.41 4.26 3.71 2.97 2.08 1.29 0.78 0.88 1.62 2.58 3.51 4.44 5.12
 27   5.35 5.16 4.55 3.80 2.94 2.11 1.61 1.67 2.26 3.01 3.76 4.45 4.79 4.66 4.06 3.24 2.25 1.35 0.74 0.84 1.68 2.71 3.78 4.76
 28   5.41 5.60 5.29 4.55 3.65 2.64 1.76 1.30 1.51 2.29 3.16 4.00 4.77 5.12 4.90 4.18 3.29 2.19 1.24 0.64 0.88 1.84 2.97 4.03
 ----------------------------------------------------------------------------------------------------------------------------
                                                                                               
 ----------------------------------------------------------------------------------------------------------------------------
 ----------------------------------------------------------------------------------------------------------------------------
                                                          SURVEY OF INDIA
                                                    MARINE GEODESY WING (G&RB)
                                                     HOURLY HEIGHTS IN METRES
  NAME OF PORT:- VADINAR                                                                            MONTH MARCH     YEAR 2014
 ----------------------------------------------------------------------------------------------------------------------------
 DAYS 0000 0001 0002 0003 0004 0005 0006 0007 0008 0009 0010 0011 0012 0013 0014 0015 0016 0017 0018 0019 0020 0021 0022 0023
 ----------------------------------------------------------------------------------------------------------------------------
  1   5.04 5.60 5.71 5.18 4.30 3.31 2.21 1.36 0.96 1.40 2.28 3.28 4.21 4.98 5.25 4.91 4.07 3.11 1.96 1.04 0.58 1.02 2.14 3.30
  2   4.38 5.21 5.71 5.61 4.86 3.88 2.80 1.73 0.92 0.76 1.47 2.56 3.58 4.53 5.22 5.36 4.84 3.98 2.94 1.84 0.98 0.70 1.40 2.56
  3   3.67 4.61 5.41 5.72 5.36 4.47 3.46 2.32 1.32 0.63 0.73 1.68 2.77 3.80 4.76 5.32 5.32 4.70 3.80 2.76 1.76 1.02 1.01 1.88
  4   2.95 3.95 4.88 5.49 5.56 4.96 4.07 2.99 1.84 0.92 0.48 0.96 2.01 3.07 4.05 4.92 5.35 5.15 4.44 3.59 2.58 1.70 1.19 1.44
  5   2.30 3.31 4.23 5.04 5.39 5.19 4.45 3.50 2.42 1.44 0.73 0.64 1.37 2.38 3.39 4.30 5.04 5.27 4.96 4.26 3.45 2.52 1.79 1.52
  6   1.96 2.72 3.59 4.44 5.05 5.22 4.84 4.08 3.18 2.16 1.31 0.80 0.96 1.72 2.68 3.60 4.43 4.99 5.10 4.73 4.09 3.35 2.51 1.95
  7   1.84 2.30 3.00 3.75 4.44 4.87 4.90 4.43 3.72 2.90 1.99 1.32 1.04 1.32 2.05 2.91 3.72 4.45 4.88 4.93 4.57 4.03 3.37 2.69
  8   2.22 2.15 2.52 3.08 3.69 4.23 4.54 4.51 4.08 3.48 2.68 1.96 1.42 1.27 1.60 2.24 3.00 3.71 4.35 4.73 4.78 4.48 4.01 3.45
  9   2.84 2.44 2.30 2.54 2.98 3.48 3.93 4.22 4.22 3.92 3.43 2.80 2.19 1.74 1.56 1.79 2.31 2.96 3.60 4.18 4.59 4.69 4.51 4.14
 10   3.60 3.11 2.62 2.36 2.41 2.73 3.18 3.58 3.90 4.04 3.92 3.56 3.06 2.50 1.98 1.68 1.70 2.13 2.71 3.37 3.97 4.49 4.76 4.71
 11   4.39 3.91 3.35 2.76 2.35 2.25 2.48 2.87 3.34 3.75 4.03 4.05 3.79 3.36 2.76 2.18 1.76 1.65 1.96 2.56 3.24 3.92 4.54 4.89
 12   4.88 4.55 4.03 3.38 2.68 2.19 2.04 2.29 2.77 3.29 3.78 4.14 4.21 3.94 3.44 2.80 2.16 1.68 1.55 1.92 2.60 3.35 4.09 4.75
 13   5.01 4.92 4.46 3.83 3.07 2.34 1.89 1.85 2.27 2.88 3.50 4.05 4.40 4.39 3.97 3.39 2.66 1.96 1.49 1.52 2.07 2.85 3.69 4.48
 14   5.04 5.19 4.91 4.28 3.55 2.70 2.01 1.67 1.87 2.48 3.20 3.91 4.49 4.72 4.50 3.92 3.19 2.37 1.68 1.34 1.63 2.37 3.27 4.16
 15   4.96 5.28 5.22 4.67 3.90 3.05 2.18 1.63 1.59 2.16 2.95 3.74 4.47 4.92 4.95 4.48 3.78 2.94 2.06 1.46 1.32 1.90 2.80 3.74
 16   4.64 5.16 5.33 4.96 4.21 3.36 2.40 1.66 1.32 1.68 2.48 3.36 4.17 4.85 5.12 4.88 4.19 3.40 2.44 1.67 1.24 1.52 2.36 3.31
 17   4.27 4.94 5.30 5.16 4.50 3.63 2.63 1.71 1.12 1.19 1.92 2.84 3.79 4.60 5.12 5.15 4.61 3.84 2.95 1.99 1.35 1.22 1.85 2.77
 18   3.79 4.59 5.17 5.30 4.82 4.02 3.04 2.00 1.18 0.87 1.36 2.25 3.24 4.11 4.87 5.20 4.99 4.31 3.48 2.50 1.68 1.24 1.55 2.40
 19   3.27 4.18 4.93 5.30 5.11 4.39 3.50 2.43 1.48 0.88 0.93 1.73 2.70 3.67 4.56 5.15 5.26 4.80 4.04 3.19 2.22 1.54 1.37 1.98
 20   2.80 3.72 4.56 5.12 5.24 4.76 3.95 3.01 1.95 1.15 0.80 1.23 2.16 3.15 4.10 4.92 5.33 5.22 4.62 3.84 2.96 2.08 1.58 1.71
 21   2.33 3.22 4.06 4.79 5.15 5.02 4.37 3.56 2.52 1.63 0.96 0.90 1.56 2.49 3.46 4.36 5.07 5.31 5.02 4.38 3.62 2.79 2.06 1.76
 22   2.03 2.71 3.48 4.24 4.81 5.01 4.69 4.01 3.17 2.19 1.38 0.90 1.08 1.80 2.72 3.64 4.48 5.05 5.17 4.84 4.21 3.50 2.72 2.17
 23   1.98 2.29 2.93 3.62 4.29 4.73 4.83 4.45 3.77 2.99 2.08 1.35 1.02 1.29 2.03 2.90 3.73 4.50 4.98 5.06 4.73 4.18 3.50 2.79
 24   2.27 2.08 2.32 2.86 3.46 4.04 4.44 4.55 4.23 3.67 2.92 2.11 1.46 1.11 1.28 1.96 2.77 3.57 4.30 4.85 5.02 4.80 4.31 3.71
 25   3.01 2.44 2.11 2.16 2.56 3.11 3.65 4.13 4.36 4.27 3.82 3.20 2.43 1.76 1.26 1.21 1.72 2.48 3.31 4.04 4.67 5.03 4.96 4.56
 26   3.99 3.31 2.58 2.07 1.92 2.22 2.77 3.37 3.92 4.35 4.45 4.14 3.59 2.88 2.08 1.47 1.21 1.53 2.26 3.09 3.91 4.65 5.14 5.17
 27   4.79 4.19 3.44 2.58 1.87 1.56 1.79 2.43 3.15 3.83 4.41 4.68 4.48 3.95 3.19 2.31 1.55 1.12 1.33 2.08 2.99 3.88 4.76 5.29
 28   5.35 4.95 4.20 3.34 2.37 1.59 1.24 1.53 2.30 3.14 3.94 4.64 4.95 4.74 4.11 3.30 2.31 1.51 1.02 1.23 2.09 3.07 4.04 4.93
 29   5.43 5.42 4.87 4.01 3.06 2.01 1.23 0.94 1.45 2.36 3.30 4.19 4.93 5.19 4.90 4.15 3.27 2.22 1.37 0.91 1.27 2.21 3.27 4.25
 30   5.10 5.45 5.30 4.55 3.63 2.55 1.51 0.78 0.72 1.47 2.53 3.55 4.47 5.17 5.35 4.88 4.07 3.11 2.03 1.23 0.95 1.58 2.61 3.63
 31   4.66 5.30 5.49 5.10 4.25 3.25 2.11 1.14 0.52 0.72 1.70 2.80 3.84 4.79 5.39 5.43 4.79 3.94 2.95 1.94 1.23 1.18 1.96 2.99
 ----------------------------------------------------------------------------------------------------------------------------
                                                                                               
 ----------------------------------------------------------------------------------------------------------------------------
 ----------------------------------------------------------------------------------------------------------------------------
                                                          SURVEY OF INDIA
                                                    MARINE GEODESY WING (G&RB)
                                                     HOURLY HEIGHTS IN METRES
  NAME OF PORT:- VADINAR                                                                            MONTH APRIL     YEAR 2014
 ----------------------------------------------------------------------------------------------------------------------------
 DAYS 0000 0001 0002 0003 0004 0005 0006 0007 0008 0009 0010 0011 0012 0013 0014 0015 0016 0017 0018 0019 0020 0021 0022 0023
 ----------------------------------------------------------------------------------------------------------------------------
  1   4.02 4.85 5.36 5.41 4.79 3.89 2.85 1.74 0.85 0.51 1.05 2.10 3.21 4.22 5.12 5.54 5.38 4.64 3.74 2.74 1.82 1.28 1.51 2.38
  2   3.38 4.25 4.96 5.33 5.13 4.38 3.45 2.37 1.38 0.67 0.66 1.48 2.56 3.59 4.57 5.33 5.54 5.14 4.36 3.47 2.47 1.69 1.35 1.78
  3   2.65 3.50 4.35 4.98 5.15 4.71 3.89 2.94 1.85 0.97 0.55 0.91 1.87 2.89 3.87 4.75 5.31 5.32 4.81 4.06 3.19 2.30 1.64 1.52
  4   2.06 2.83 3.65 4.38 4.81 4.78 4.20 3.43 2.45 1.56 0.87 0.73 1.32 2.21 3.19 4.07 4.83 5.17 5.02 4.46 3.75 2.95 2.16 1.71
  5   1.82 2.33 3.06 3.78 4.37 4.63 4.43 3.83 3.09 2.22 1.47 0.99 1.09 1.75 2.60 3.47 4.25 4.84 5.05 4.78 4.23 3.61 2.83 2.21
  6   1.95 2.10 2.61 3.24 3.83 4.31 4.47 4.22 3.70 3.01 2.24 1.63 1.34 1.54 2.15 2.91 3.66 4.34 4.81 4.91 4.62 4.15 3.55 2.89
  7   2.33 2.12 2.24 2.67 3.18 3.68 4.06 4.18 3.98 3.54 2.96 2.30 1.79 1.56 1.76 2.31 2.98 3.62 4.23 4.64 4.74 4.54 4.12 3.59
  8   2.99 2.53 2.26 2.28 2.61 3.06 3.48 3.83 4.02 3.95 3.62 3.14 2.60 2.12 1.84 1.90 2.29 2.87 3.49 4.05 4.50 4.70 4.58 4.21
  9   3.73 3.17 2.61 2.22 2.13 2.36 2.77 3.23 3.65 3.94 4.01 3.79 3.38 2.87 2.31 1.95 1.86 2.15 2.70 3.31 3.91 4.45 4.74 4.66
 10   4.31 3.82 3.20 2.53 2.05 1.87 2.10 2.59 3.17 3.67 4.09 4.25 4.03 3.58 3.01 2.38 1.92 1.77 2.08 2.66 3.35 4.00 4.59 4.86
 11   4.71 4.29 3.67 2.91 2.19 1.71 1.63 2.04 2.67 3.33 3.95 4.39 4.49 4.18 3.66 2.98 2.30 1.80 1.67 2.05 2.72 3.45 4.18 4.73
 12   4.92 4.68 4.12 3.41 2.55 1.81 1.41 1.54 2.15 2.89 3.62 4.29 4.68 4.64 4.18 3.54 2.74 2.03 1.59 1.64 2.22 3.00 3.81 4.53
 13   4.98 5.00 4.56 3.86 3.02 2.10 1.42 1.20 1.67 2.47 3.33 4.14 4.79 5.03 4.79 4.16 3.41 2.54 1.83 1.50 1.77 2.51 3.36 4.16
 14   4.79 5.10 4.91 4.27 3.46 2.46 1.60 1.06 1.17 1.89 2.82 3.76 4.59 5.13 5.18 4.71 3.95 3.10 2.20 1.58 1.44 2.02 2.90 3.78
 15   4.60 5.07 5.15 4.66 3.86 2.88 1.87 1.08 0.81 1.35 2.29 3.29 4.22 5.02 5.35 5.12 4.43 3.61 2.67 1.84 1.38 1.60 2.41 3.31
 16   4.19 4.85 5.19 4.99 4.27 3.37 2.29 1.35 0.71 0.81 1.66 2.71 3.75 4.68 5.33 5.45 4.98 4.20 3.34 2.38 1.65 1.42 1.95 2.81
 17   3.74 4.48 5.04 5.17 4.67 3.83 2.86 1.77 0.89 0.53 1.03 2.02 3.08 4.08 5.01 5.50 5.43 4.83 3.99 3.10 2.17 1.58 1.60 2.27
 18   3.16 3.98 4.69 5.08 4.97 4.25 3.37 2.31 1.34 0.63 0.57 1.38 2.43 3.47 4.46 5.25 5.52 5.23 4.53 3.69 2.75 1.94 1.49 1.73
 19   2.50 3.34 4.09 4.73 4.97 4.62 3.87 2.98 1.94 1.03 0.52 0.74 1.64 2.69 3.69 4.62 5.25 5.38 4.96 4.23 3.40 2.50 1.79 1.55
 20   1.95 2.67 3.46 4.16 4.68 4.79 4.34 3.61 2.67 1.74 0.95 0.61 1.02 1.90 2.90 3.86 4.72 5.24 5.28 4.84 4.13 3.34 2.48 1.85
 21   1.68 2.04 2.70 3.42 4.02 4.52 4.59 4.14 3.45 2.61 1.71 1.02 0.77 1.21 2.09 3.02 3.91 4.71 5.17 5.16 4.72 4.07 3.30 2.47
 22   1.88 1.69 2.00 2.63 3.23 3.83 4.27 4.34 4.01 3.41 2.62 1.84 1.19 0.93 1.31 2.08 2.95 3.78 4.56 5.03 5.06 4.69 4.09 3.36
 23   2.55 1.96 1.64 1.78 2.32 2.95 3.53 4.04 4.29 4.16 3.71 3.08 2.33 1.67 1.26 1.36 2.00 2.80 3.61 4.37 4.93 5.10 4.84 4.25
 24   3.51 2.79 2.04 1.57 1.55 2.01 2.65 3.31 3.91 4.35 4.45 4.14 3.57 2.86 2.11 1.56 1.40 1.88 2.65 3.46 4.22 4.87 5.13 4.95
 25   4.40 3.68 2.83 1.96 1.36 1.23 1.70 2.47 3.26 3.98 4.58 4.78 4.51 3.94 3.19 2.35 1.69 1.42 1.80 2.59 3.41 4.23 4.94 5.23
 26   5.03 4.50 3.71 2.73 1.80 1.15 1.05 1.63 2.51 3.39 4.20 4.90 5.14 4.86 4.21 3.43 2.51 1.78 1.44 1.83 2.61 3.47 4.33 4.99
 27   5.23 4.98 4.29 3.42 2.38 1.44 0.83 0.85 1.63 2.61 3.57 4.47 5.14 5.30 4.91 4.20 3.35 2.41 1.70 1.44 1.93 2.77 3.68 4.54
 28   5.11 5.26 4.89 4.17 3.14 2.03 1.10 0.58 0.87 1.81 2.86 3.85 4.80 5.38 5.44 4.92 4.10 3.21 2.28 1.62 1.49 2.11 3.00 3.89
 29   4.70 5.17 5.17 4.57 3.69 2.63 1.56 0.74 0.51 1.14 2.19 3.26 4.26 5.12 5.54 5.38 4.75 3.89 3.00 2.10 1.54 1.64 2.40 3.30
 30   4.23 4.92 5.19 4.99 4.19 3.27 2.17 1.21 0.57 0.65 1.54 2.62 3.68 4.68 5.39 5.61 5.24 4.48 3.63 2.68 1.86 1.49 1.84 2.66
 ----------------------------------------------------------------------------------------------------------------------------
                                                                                               
 ----------------------------------------------------------------------------------------------------------------------------
 ----------------------------------------------------------------------------------------------------------------------------
                                                          SURVEY OF INDIA
                                                    MARINE GEODESY WING (G&RB)
                                                     HOURLY HEIGHTS IN METRES
  NAME OF PORT:- VADINAR                                                                            MONTH MAY       YEAR 2014
 ----------------------------------------------------------------------------------------------------------------------------
 DAYS 0000 0001 0002 0003 0004 0005 0006 0007 0008 0009 0010 0011 0012 0013 0014 0015 0016 0017 0018 0019 0020 0021 0022 0023
 ----------------------------------------------------------------------------------------------------------------------------
  1   3.46 4.24 4.86 5.02 4.57 3.75 2.75 1.73 0.87 0.54 1.01 2.00 3.06 4.05 4.98 5.50 5.50 4.97 4.19 3.30 2.39 1.72 1.56 2.11
  2   2.87 3.66 4.38 4.84 4.80 4.19 3.38 2.38 1.45 0.80 0.74 1.42 2.41 3.40 4.35 5.14 5.47 5.29 4.66 3.86 2.98 2.13 1.64 1.75
  3   2.39 3.17 3.87 4.47 4.74 4.51 3.85 3.01 2.09 1.31 0.86 1.12 1.95 2.87 3.79 4.67 5.26 5.37 5.00 4.34 3.56 2.73 2.03 1.73
  4   2.02 2.64 3.33 3.98 4.46 4.56 4.17 3.52 2.67 1.86 1.21 1.02 1.47 2.29 3.17 4.02 4.78 5.19 5.15 4.71 4.05 3.31 2.51 1.97
  5   1.88 2.23 2.79 3.42 3.96 4.31 4.29 3.85 3.23 2.51 1.79 1.35 1.36 1.87 2.63 3.42 4.18 4.80 5.07 4.94 4.44 3.80 3.10 2.40
  6   1.95 1.92 2.29 2.83 3.36 3.82 4.08 4.01 3.63 3.09 2.46 1.89 1.54 1.61 2.14 2.83 3.54 4.20 4.71 4.91 4.76 4.30 3.65 2.99
  7   2.37 1.92 1.95 2.26 2.78 3.26 3.69 3.90 3.82 3.48 3.03 2.58 2.12 1.78 1.81 2.27 2.89 3.52 4.12 4.58 4.76 4.63 4.15 3.59
  8   2.95 2.35 1.92 1.90 2.17 2.68 3.18 3.64 3.97 4.04 3.84 3.40 2.90 2.42 2.03 1.95 2.31 2.86 3.45 4.03 4.48 4.68 4.56 4.10
  9   3.55 2.92 2.27 1.83 1.76 2.03 2.58 3.16 3.69 4.12 4.29 4.12 3.75 3.22 2.66 2.21 2.04 2.29 2.83 3.42 4.01 4.50 4.71 4.54
 10   4.06 3.48 2.79 2.09 1.62 1.52 1.91 2.55 3.23 3.86 4.37 4.57 4.37 3.95 3.38 2.73 2.23 2.02 2.26 2.84 3.49 4.12 4.64 4.82
 11   4.60 4.08 3.40 2.54 1.80 1.30 1.32 1.89 2.67 3.44 4.17 4.69 4.81 4.51 3.95 3.30 2.57 2.05 1.87 2.23 2.89 3.61 4.31 4.79
 12   4.89 4.54 3.89 3.10 2.21 1.47 1.10 1.38 2.15 3.05 3.89 4.70 5.14 5.11 4.64 3.98 3.28 2.50 1.97 1.91 2.42 3.15 3.91 4.61
 13   5.00 4.96 4.43 3.66 2.76 1.81 1.10 0.97 1.58 2.47 3.42 4.33 5.09 5.43 5.25 4.63 3.85 3.02 2.22 1.77 1.92 2.58 3.38 4.13
 14   4.76 5.00 4.77 4.05 3.20 2.14 1.21 0.64 0.81 1.68 2.71 3.72 4.67 5.33 5.51 5.10 4.38 3.54 2.62 1.89 1.60 2.02 2.81 3.62
 15   4.36 4.89 5.01 4.52 3.71 2.70 1.65 0.78 0.45 0.98 2.01 3.09 4.11 5.07 5.60 5.57 4.99 4.18 3.29 2.37 1.74 1.67 2.29 3.13
 16   3.89 4.61 5.00 4.91 4.27 3.38 2.30 1.30 0.54 0.50 1.33 2.43 3.54 4.56 5.42 5.75 5.52 4.81 3.94 3.03 2.13 1.60 1.74 2.46
 17   3.30 4.07 4.75 5.04 4.76 4.02 3.08 1.99 1.02 0.43 0.61 1.59 2.68 3.73 4.78 5.49 5.67 5.27 4.54 3.67 2.74 1.94 1.54 1.87
 18   2.60 3.44 4.19 4.78 4.96 4.55 3.74 2.78 1.74 0.86 0.45 0.88 1.88 2.92 3.98 4.96 5.55 5.62 5.13 4.36 3.51 2.58 1.84 1.58
 19   1.99 2.72 3.49 4.20 4.70 4.78 4.31 3.55 2.61 1.66 0.88 0.61 1.15 2.12 3.14 4.13 5.02 5.48 5.44 4.87 4.10 3.26 2.34 1.70
 20   1.53 1.98 2.70 3.46 4.09 4.51 4.55 4.09 3.40 2.53 1.68 1.02 0.86 1.41 2.35 3.26 4.20 5.00 5.35 5.19 4.62 3.87 2.99 2.13
 21   1.52 1.47 1.95 2.63 3.34 3.96 4.40 4.47 4.11 3.49 2.73 1.93 1.31 1.13 1.65 2.50 3.38 4.24 4.97 5.30 5.16 4.60 3.87 3.00
 22   2.15 1.55 1.36 1.73 2.40 3.11 3.76 4.31 4.52 4.32 3.81 3.15 2.39 1.77 1.46 1.76 2.52 3.34 4.15 4.86 5.22 5.13 4.60 3.88
 23   3.04 2.18 1.51 1.22 1.50 2.16 2.91 3.61 4.27 4.68 4.67 4.26 3.67 2.99 2.26 1.82 1.87 2.46 3.20 3.97 4.65 5.08 5.09 4.64
 24   3.89 3.08 2.20 1.44 1.05 1.26 1.95 2.77 3.57 4.32 4.86 4.95 4.63 4.02 3.27 2.52 1.97 1.86 2.36 3.09 3.79 4.49 4.96 4.99
 25   4.55 3.84 2.99 2.01 1.23 0.82 1.08 1.86 2.76 3.66 4.45 5.01 5.10 4.76 4.13 3.27 2.48 1.90 1.80 2.31 3.04 3.78 4.48 4.92
 26   4.87 4.41 3.72 2.78 1.80 0.96 0.64 1.02 1.90 2.86 3.80 4.68 5.19 5.23 4.78 4.08 3.27 2.43 1.84 1.73 2.26 2.99 3.78 4.47
 27   4.88 4.85 4.32 3.54 2.57 1.59 0.82 0.62 1.20 2.18 3.19 4.14 5.00 5.42 5.31 4.77 4.03 3.21 2.34 1.79 1.71 2.28 3.02 3.84
 28   4.49 4.85 4.82 4.18 3.29 2.33 1.43 0.75 0.84 1.59 2.62 3.61 4.57 5.26 5.50 5.20 4.54 3.76 2.95 2.19 1.74 1.83 2.46 3.21
 29   3.99 4.58 4.82 4.66 3.92 2.96 2.02 1.13 0.65 1.06 1.99 3.02 4.02 4.95 5.52 5.59 5.09 4.32 3.49 2.66 1.93 1.69 2.13 2.88
 30   3.67 4.35 4.76 4.80 4.27 3.50 2.53 1.62 0.80 0.67 1.35 2.40 3.40 4.39 5.23 5.66 5.56 4.95 4.06 3.19 2.32 1.73 1.73 2.40
 31   3.25 4.00 4.60 4.85 4.68 3.97 3.04 2.11 1.24 0.68 0.88 1.77 2.83 3.82 4.73 5.42 5.64 5.35 4.60 3.74 2.85 2.02 1.66 1.89
 ----------------------------------------------------------------------------------------------------------------------------
                                                                                               
 ----------------------------------------------------------------------------------------------------------------------------
 ----------------------------------------------------------------------------------------------------------------------------
                                                          SURVEY OF INDIA
                                                    MARINE GEODESY WING (G&RB)
                                                     HOURLY HEIGHTS IN METRES
  NAME OF PORT:- VADINAR                                                                            MONTH JUNE      YEAR 2014
 ----------------------------------------------------------------------------------------------------------------------------
 DAYS 0000 0001 0002 0003 0004 0005 0006 0007 0008 0009 0010 0011 0012 0013 0014 0015 0016 0017 0018 0019 0020 0021 0022 0023
 ----------------------------------------------------------------------------------------------------------------------------
  1   2.68 3.57 4.28 4.70 4.76 4.40 3.63 2.64 1.79 1.12 0.95 1.44 2.26 3.25 4.21 5.00 5.46 5.43 4.97 4.19 3.36 2.49 1.80 1.75
  2   2.19 2.95 3.69 4.31 4.60 4.51 4.01 3.17 2.35 1.60 1.14 1.23 1.90 2.75 3.64 4.52 5.14 5.36 5.11 4.51 3.76 2.95 2.17 1.77
  3   1.92 2.40 3.06 3.69 4.21 4.44 4.20 3.65 2.92 2.20 1.59 1.32 1.58 2.26 3.08 3.88 4.65 5.10 5.13 4.76 4.12 3.39 2.57 1.95
  4   1.71 1.93 2.50 3.15 3.75 4.18 4.33 4.04 3.50 2.87 2.20 1.71 1.54 1.91 2.60 3.38 4.12 4.79 5.12 5.04 4.58 3.94 3.17 2.43
  5   1.87 1.73 2.04 2.59 3.21 3.74 4.15 4.26 3.98 3.51 2.94 2.35 1.93 1.85 2.24 2.89 3.58 4.28 4.83 5.07 4.92 4.42 3.79 3.04
  6   2.29 1.87 1.75 2.07 2.64 3.24 3.79 4.19 4.32 4.12 3.70 3.14 2.59 2.18 2.08 2.43 3.02 3.64 4.28 4.77 4.96 4.77 4.23 3.55
  7   2.82 2.20 1.77 1.72 2.09 2.71 3.32 3.88 4.33 4.49 4.33 3.92 3.43 2.89 2.44 2.29 2.53 3.06 3.66 4.25 4.68 4.90 4.69 4.20
  8   3.56 2.82 2.11 1.63 1.59 2.00 2.63 3.32 3.94 4.49 4.72 4.60 4.19 3.70 3.11 2.58 2.35 2.54 3.04 3.61 4.20 4.66 4.85 4.62
  9   4.07 3.40 2.62 1.88 1.39 1.38 1.91 2.67 3.47 4.21 4.80 5.04 4.91 4.43 3.83 3.16 2.58 2.32 2.49 3.02 3.63 4.28 4.74 4.92
 10   4.70 4.15 3.37 2.46 1.70 1.22 1.32 2.03 2.90 3.74 4.58 5.17 5.36 5.12 4.55 3.87 3.15 2.50 2.23 2.48 3.08 3.76 4.46 4.95
 11   5.07 4.75 4.06 3.24 2.26 1.45 1.08 1.41 2.30 3.26 4.24 5.15 5.72 5.82 5.43 4.73 3.98 3.21 2.56 2.34 2.69 3.37 4.11 4.81
 12   5.25 5.27 4.80 3.99 3.06 2.01 1.21 0.93 1.55 2.53 3.59 4.64 5.52 5.96 5.92 5.32 4.55 3.71 2.88 2.22 2.12 2.63 3.40 4.22
 13   4.88 5.22 5.14 4.47 3.57 2.48 1.44 0.70 0.67 1.52 2.64 3.74 4.82 5.64 5.97 5.72 5.04 4.20 3.28 2.42 1.87 1.96 2.66 3.50
 14   4.30 4.94 5.24 4.96 4.19 3.22 2.04 1.04 0.41 0.68 1.72 2.87 3.99 5.07 5.77 5.98 5.55 4.78 3.87 2.95 2.04 1.62 1.93 2.72
 15   3.60 4.36 4.98 5.15 4.75 3.88 2.84 1.72 0.78 0.36 0.90 2.00 3.12 4.22 5.30 5.90 5.96 5.38 4.55 3.64 2.64 1.82 1.51 1.94
 16   2.80 3.62 4.42 5.00 5.09 4.60 3.74 2.68 1.58 0.72 0.47 1.16 2.26 3.34 4.44 5.42 5.92 5.82 5.18 4.31 3.40 2.41 1.65 1.47
 17   2.04 2.83 3.66 4.46 4.99 5.05 4.50 3.68 2.67 1.68 0.91 0.81 1.56 2.60 3.66 4.73 5.54 5.92 5.68 4.97 4.11 3.16 2.19 1.53
 18   1.48 2.06 2.87 3.69 4.43 4.92 4.93 4.39 3.63 2.72 1.81 1.16 1.13 1.85 2.83 3.82 4.79 5.53 5.79 5.47 4.77 3.88 2.93 2.00
 19   1.39 1.40 2.00 2.79 3.58 4.31 4.79 4.85 4.42 3.78 2.97 2.13 1.55 1.48 2.08 2.98 3.87 4.74 5.36 5.56 5.24 4.54 3.67 2.74
 20   1.88 1.28 1.24 1.80 2.58 3.39 4.11 4.67 4.84 4.54 3.99 3.25 2.52 1.97 1.85 2.26 3.03 3.83 4.64 5.17 5.33 5.00 4.31 3.51
 21   2.57 1.80 1.26 1.21 1.73 2.50 3.30 4.05 4.63 4.90 4.80 4.35 3.75 3.07 2.41 2.10 2.30 2.92 3.63 4.29 4.80 5.03 4.77 4.18
 22   3.45 2.58 1.78 1.18 1.07 1.55 2.31 3.12 3.91 4.63 5.01 4.98 4.56 3.94 3.24 2.54 2.12 2.18 2.69 3.34 3.96 4.50 4.79 4.63
 23   4.15 3.44 2.59 1.77 1.14 0.94 1.39 2.18 3.07 3.91 4.67 5.10 5.08 4.66 4.00 3.29 2.55 2.07 2.07 2.55 3.19 3.83 4.40 4.69
 24   4.56 4.08 3.39 2.49 1.66 0.99 0.83 1.34 2.20 3.11 3.99 4.80 5.23 5.13 4.65 3.98 3.20 2.47 1.99 2.01 2.51 3.15 3.82 4.37
 25   4.60 4.46 3.91 3.16 2.28 1.46 0.85 0.82 1.46 2.42 3.38 4.31 5.05 5.33 5.14 4.54 3.78 2.99 2.23 1.83 1.98 2.58 3.28 3.96
 26   4.45 4.62 4.33 3.67 2.84 1.91 1.10 0.65 0.92 1.79 2.78 3.79 4.71 5.31 5.41 4.97 4.27 3.47 2.58 1.90 1.63 2.00 2.71 3.45
 27   4.11 4.54 4.58 4.10 3.37 2.43 1.55 0.84 0.66 1.25 2.19 3.19 4.11 4.95 5.37 5.26 4.72 3.97 3.13 2.27 1.72 1.71 2.28 3.05
 28   3.79 4.33 4.64 4.46 3.83 3.02 2.07 1.23 0.69 0.84 1.65 2.67 3.61 4.54 5.22 5.41 5.06 4.39 3.57 2.68 1.92 1.57 1.88 2.59
 29   3.31 4.00 4.52 4.67 4.26 3.56 2.69 1.77 1.01 0.79 1.25 2.17 3.13 4.03 4.89 5.35 5.25 4.78 4.05 3.20 2.37 1.75 1.54 2.00
 30   2.80 3.59 4.21 4.60 4.52 3.94 3.19 2.30 1.50 0.98 1.10 1.77 2.69 3.57 4.46 5.17 5.42 5.14 4.50 3.71 2.83 2.06 1.59 1.72
 ----------------------------------------------------------------------------------------------------------------------------
                                                                                               
 ----------------------------------------------------------------------------------------------------------------------------
 ----------------------------------------------------------------------------------------------------------------------------
                                                          SURVEY OF INDIA
                                                    MARINE GEODESY WING (G&RB)
                                                     HOURLY HEIGHTS IN METRES
  NAME OF PORT:- VADINAR                                                                            MONTH JULY      YEAR 2014
 ----------------------------------------------------------------------------------------------------------------------------
 DAYS 0000 0001 0002 0003 0004 0005 0006 0007 0008 0009 0010 0011 0012 0013 0014 0015 0016 0017 0018 0019 0020 0021 0022 0023
 ----------------------------------------------------------------------------------------------------------------------------
  1   2.30 3.04 3.73 4.34 4.59 4.33 3.69 2.93 2.06 1.37 1.10 1.41 2.22 3.08 3.94 4.75 5.25 5.24 4.78 4.07 3.25 2.39 1.74 1.56
  2   1.98 2.64 3.34 4.00 4.46 4.54 4.15 3.45 2.62 1.87 1.32 1.25 1.80 2.65 3.49 4.31 5.00 5.27 5.06 4.45 3.70 2.85 2.03 1.56
  3   1.62 2.14 2.86 3.55 4.14 4.48 4.38 3.87 3.23 2.48 1.83 1.45 1.56 2.20 3.00 3.79 4.60 5.08 5.12 4.71 4.04 3.27 2.37 1.71
  4   1.41 1.69 2.30 3.01 3.67 4.21 4.46 4.24 3.74 3.13 2.42 1.87 1.63 1.87 2.50 3.23 3.99 4.64 4.99 4.90 4.40 3.74 2.91 2.09
  5   1.48 1.35 1.69 2.33 3.03 3.65 4.15 4.35 4.15 3.72 3.15 2.50 2.02 1.84 2.12 2.73 3.43 4.11 4.66 4.90 4.73 4.20 3.52 2.70
  6   1.92 1.40 1.29 1.69 2.33 3.03 3.67 4.20 4.41 4.27 3.88 3.34 2.74 2.27 2.04 2.22 2.77 3.39 4.00 4.48 4.71 4.52 4.03 3.34
  7   2.52 1.78 1.29 1.17 1.58 2.26 2.98 3.68 4.27 4.58 4.49 4.13 3.62 2.98 2.45 2.15 2.28 2.77 3.34 3.90 4.37 4.57 4.37 3.87
  8   3.20 2.33 1.61 1.11 1.05 1.55 2.27 3.04 3.81 4.45 4.78 4.71 4.34 3.80 3.14 2.53 2.16 2.19 2.63 3.18 3.75 4.24 4.48 4.35
  9   3.88 3.15 2.33 1.53 0.94 0.86 1.39 2.20 3.06 3.89 4.64 5.01 4.95 4.53 3.90 3.19 2.48 2.02 2.00 2.44 3.06 3.69 4.25 4.54
 10   4.43 3.86 3.12 2.19 1.33 0.68 0.61 1.24 2.18 3.15 4.05 4.86 5.23 5.16 4.65 3.93 3.15 2.36 1.87 1.90 2.44 3.14 3.84 4.42
 11   4.70 4.48 3.87 3.05 2.01 1.08 0.44 0.46 1.28 2.33 3.36 4.34 5.16 5.49 5.28 4.66 3.83 2.99 2.16 1.70 1.76 2.40 3.18 3.93
 12   4.58 4.81 4.51 3.77 2.83 1.75 0.76 0.18 0.39 1.36 2.49 3.56 4.60 5.34 5.56 5.20 4.47 3.58 2.64 1.82 1.39 1.66 2.46 3.32
 13   4.11 4.76 4.95 4.53 3.72 2.71 1.61 0.63 0.15 0.59 1.68 2.83 3.95 4.99 5.64 5.74 5.21 4.35 3.39 2.39 1.58 1.24 1.72 2.59
 14   3.51 4.36 4.95 5.08 4.57 3.68 2.63 1.51 0.58 0.20 0.81 1.98 3.12 4.19 5.24 5.78 5.67 4.98 4.02 3.04 2.02 1.29 1.18 1.88
 15   2.86 3.79 4.61 5.12 5.09 4.44 3.54 2.47 1.40 0.60 0.47 1.29 2.42 3.51 4.59 5.47 5.81 5.49 4.67 3.73 2.67 1.68 1.03 1.11
 16   1.92 2.92 3.79 4.59 5.05 4.94 4.27 3.42 2.37 1.42 0.74 0.76 1.64 2.70 3.75 4.78 5.52 5.70 5.22 4.38 3.43 2.35 1.45 0.94
 17   1.19 2.07 2.98 3.83 4.61 5.03 4.89 4.28 3.47 2.48 1.59 1.08 1.20 2.00 3.00 3.99 4.94 5.49 5.52 4.99 4.15 3.20 2.16 1.32
 18   0.93 1.27 2.10 2.99 3.82 4.54 4.92 4.82 4.28 3.58 2.73 1.99 1.56 1.70 2.44 3.33 4.19 4.97 5.40 5.31 4.73 3.95 3.01 2.07
 19   1.32 1.02 1.39 2.16 2.99 3.79 4.48 4.84 4.77 4.35 3.75 3.01 2.32 1.91 2.00 2.60 3.35 4.11 4.76 5.10 5.00 4.49 3.78 2.91
 20   1.99 1.32 1.04 1.35 2.07 2.87 3.63 4.30 4.74 4.79 4.50 3.99 3.37 2.71 2.25 2.16 2.56 3.19 3.81 4.37 4.72 4.71 4.31 3.73
 21   2.89 2.04 1.39 1.06 1.26 1.91 2.69 3.45 4.17 4.72 4.90 4.69 4.25 3.65 2.97 2.42 2.19 2.40 2.88 3.45 3.98 4.37 4.50 4.23
 22   3.69 3.01 2.23 1.55 1.15 1.24 1.82 2.60 3.40 4.16 4.80 5.01 4.90 4.42 3.79 3.07 2.45 2.13 2.25 2.70 3.25 3.79 4.24 4.41
 23   4.26 3.80 3.12 2.31 1.59 1.09 1.09 1.70 2.55 3.39 4.19 4.89 5.14 4.96 4.45 3.79 3.05 2.37 2.01 2.12 2.60 3.21 3.80 4.25
 24   4.47 4.26 3.75 3.02 2.20 1.47 1.00 1.13 1.87 2.75 3.63 4.48 5.14 5.26 4.96 4.39 3.67 2.89 2.21 1.89 2.10 2.67 3.29 3.88
 25   4.32 4.40 4.09 3.47 2.66 1.80 1.08 0.77 1.17 2.02 2.99 3.89 4.72 5.18 5.14 4.63 3.93 3.15 2.32 1.78 1.70 2.19 2.89 3.58
 26   4.18 4.51 4.48 3.97 3.24 2.31 1.46 0.85 0.84 1.56 2.55 3.51 4.44 5.15 5.38 5.07 4.39 3.61 2.68 1.92 1.52 1.72 2.40 3.17
 27   3.83 4.38 4.62 4.34 3.70 2.83 1.89 1.11 0.72 1.11 2.03 3.00 3.94 4.83 5.34 5.32 4.80 4.07 3.22 2.34 1.72 1.59 2.13 2.88
 28   3.63 4.31 4.67 4.68 4.18 3.42 2.49 1.64 1.02 0.98 1.67 2.59 3.58 4.52 5.21 5.42 5.11 4.40 3.59 2.67 1.89 1.49 1.76 2.48
 29   3.29 4.05 4.61 4.83 4.52 3.84 3.03 2.09 1.35 0.98 1.35 2.21 3.17 4.08 4.95 5.39 5.34 4.76 3.96 3.07 2.15 1.53 1.42 2.03
 30   2.83 3.58 4.29 4.76 4.75 4.21 3.51 2.63 1.79 1.19 1.16 1.77 2.67 3.58 4.46 5.13 5.35 5.04 4.33 3.51 2.54 1.75 1.32 1.61
 31   2.35 3.13 3.89 4.54 4.83 4.59 3.95 3.19 2.27 1.56 1.20 1.47 2.26 3.14 4.02 4.83 5.27 5.22 4.65 3.88 2.95 2.04 1.38 1.28
 ----------------------------------------------------------------------------------------------------------------------------
                                                                                               
 ----------------------------------------------------------------------------------------------------------------------------
 ----------------------------------------------------------------------------------------------------------------------------
                                                          SURVEY OF INDIA
                                                    MARINE GEODESY WING (G&RB)
                                                     HOURLY HEIGHTS IN METRES
  NAME OF PORT:- VADINAR                                                                            MONTH AUGUST    YEAR 2014
 ----------------------------------------------------------------------------------------------------------------------------
 DAYS 0000 0001 0002 0003 0004 0005 0006 0007 0008 0009 0010 0011 0012 0013 0014 0015 0016 0017 0018 0019 0020 0021 0022 0023
 ----------------------------------------------------------------------------------------------------------------------------
  1   1.83 2.61 3.43 4.16 4.67 4.76 4.34 3.66 2.86 2.03 1.44 1.32 1.89 2.66 3.51 4.35 4.98 5.20 4.91 4.23 3.45 2.48 1.67 1.21
  2   1.42 2.03 2.79 3.56 4.24 4.68 4.63 4.13 3.50 2.75 2.09 1.68 1.73 2.31 3.10 3.89 4.63 5.07 5.07 4.59 3.91 3.09 2.15 1.48
  3   1.22 1.55 2.23 3.00 3.74 4.36 4.67 4.50 4.04 3.46 2.79 2.22 1.91 2.07 2.63 3.31 4.02 4.62 4.92 4.80 4.28 3.60 2.71 1.91
  4   1.38 1.25 1.67 2.38 3.13 3.81 4.37 4.61 4.46 4.08 3.54 2.92 2.36 2.10 2.24 2.73 3.37 3.96 4.46 4.67 4.48 3.97 3.27 2.45
  5   1.67 1.21 1.13 1.59 2.29 3.05 3.74 4.32 4.60 4.54 4.21 3.73 3.14 2.59 2.25 2.28 2.68 3.22 3.75 4.23 4.48 4.38 3.92 3.27
  6   2.47 1.75 1.18 1.01 1.41 2.14 2.91 3.65 4.35 4.76 4.82 4.53 4.03 3.42 2.78 2.28 2.13 2.40 2.88 3.45 3.96 4.32 4.37 4.03
  7   3.44 2.69 1.89 1.19 0.87 1.13 1.85 2.69 3.59 4.36 4.94 5.09 4.84 4.26 3.60 2.87 2.26 1.98 2.18 2.71 3.31 3.92 4.42 4.56
  8   4.25 3.61 2.79 1.90 1.13 0.67 0.91 1.75 2.73 3.66 4.59 5.19 5.37 5.07 4.40 3.64 2.81 2.10 1.76 2.01 2.65 3.40 4.11 4.66
  9   4.85 4.53 3.82 2.96 1.91 1.01 0.51 0.77 1.73 2.77 3.79 4.78 5.44 5.60 5.16 4.41 3.54 2.60 1.84 1.50 1.91 2.70 3.55 4.36
 10   4.95 5.11 4.73 3.90 2.95 1.79 0.85 0.41 0.84 1.89 2.99 4.06 5.07 5.69 5.79 5.22 4.32 3.31 2.28 1.51 1.30 1.93 2.88 3.81
 11   4.59 5.17 5.26 4.74 3.82 2.78 1.65 0.72 0.41 1.09 2.22 3.36 4.48 5.41 5.84 5.71 4.94 3.98 2.95 1.92 1.18 1.19 2.02 3.02
 12   4.00 4.79 5.32 5.31 4.65 3.68 2.59 1.52 0.68 0.56 1.49 2.66 3.78 4.90 5.68 5.97 5.48 4.60 3.58 2.45 1.48 0.90 1.15 2.11
 13   3.17 4.15 4.99 5.41 5.28 4.55 3.59 2.51 1.46 0.76 0.87 1.91 3.04 4.09 5.16 5.75 5.76 5.18 4.20 3.18 2.06 1.14 0.67 1.15
 14   2.10 3.15 4.07 4.94 5.36 5.16 4.42 3.50 2.44 1.54 0.94 1.23 2.19 3.24 4.25 5.17 5.63 5.51 4.78 3.83 2.79 1.73 0.89 0.72
 15   1.32 2.28 3.27 4.18 4.97 5.26 4.98 4.27 3.44 2.48 1.67 1.25 1.64 2.55 3.52 4.47 5.22 5.53 5.23 4.48 3.57 2.55 1.57 0.90
 16   0.92 1.50 2.41 3.32 4.19 4.89 5.12 4.84 4.21 3.47 2.61 1.94 1.67 2.03 2.83 3.64 4.44 5.04 5.21 4.83 4.11 3.26 2.27 1.44
 17   0.92 1.05 1.72 2.60 3.44 4.20 4.77 4.91 4.63 4.09 3.42 2.69 2.12 1.88 2.20 2.89 3.57 4.26 4.75 4.80 4.44 3.83 3.05 2.16
 18   1.46 1.06 1.15 1.76 2.53 3.32 4.00 4.54 4.75 4.55 4.12 3.55 2.87 2.30 2.00 2.17 2.68 3.28 3.86 4.30 4.46 4.25 3.75 3.08
 19   2.32 1.69 1.25 1.24 1.72 2.40 3.14 3.83 4.44 4.74 4.69 4.35 3.82 3.21 2.58 2.18 2.14 2.49 3.00 3.51 3.98 4.27 4.22 3.85
 20   3.27 2.66 1.96 1.41 1.22 1.52 2.16 2.91 3.66 4.33 4.76 4.81 4.53 4.03 3.39 2.71 2.18 1.98 2.20 2.68 3.21 3.72 4.13 4.22
 21   3.94 3.48 2.83 2.09 1.47 1.18 1.39 2.06 2.85 3.63 4.35 4.84 4.93 4.63 4.07 3.41 2.67 2.09 1.84 2.07 2.60 3.20 3.78 4.20
 22   4.31 4.04 3.49 2.76 1.98 1.36 1.09 1.40 2.18 3.02 3.83 4.58 5.00 5.00 4.58 3.94 3.19 2.39 1.83 1.69 2.07 2.72 3.39 3.98
 23   4.39 4.37 3.97 3.31 2.50 1.71 1.13 1.00 1.55 2.38 3.28 4.12 4.82 5.13 4.95 4.38 3.66 2.80 2.03 1.59 1.68 2.28 3.03 3.74
 24   4.33 4.57 4.42 3.84 3.10 2.21 1.45 1.00 1.17 1.91 2.84 3.73 4.55 5.08 5.13 4.70 3.98 3.17 2.24 1.61 1.40 1.88 2.64 3.41
 25   4.16 4.61 4.66 4.23 3.55 2.67 1.79 1.11 0.94 1.47 2.36 3.32 4.19 4.92 5.21 4.96 4.29 3.49 2.53 1.71 1.28 1.51 2.26 3.11
 26   3.93 4.57 4.83 4.64 4.02 3.20 2.26 1.47 1.00 1.20 2.02 2.95 3.87 4.72 5.23 5.19 4.65 3.86 2.91 1.97 1.33 1.24 1.87 2.73
 27   3.60 4.33 4.83 4.91 4.43 3.67 2.77 1.85 1.18 1.00 1.58 2.49 3.42 4.29 5.01 5.22 4.84 4.08 3.19 2.18 1.38 1.03 1.40 2.25
 28   3.21 4.03 4.68 4.96 4.71 4.03 3.21 2.24 1.46 0.99 1.24 2.06 3.00 3.88 4.72 5.16 5.05 4.45 3.60 2.62 1.69 1.05 1.04 1.73
 29   2.67 3.55 4.31 4.88 5.00 4.52 3.80 2.92 2.00 1.33 1.16 1.73 2.58 3.49 4.38 5.01 5.19 4.82 4.04 3.16 2.15 1.34 0.92 1.27
 30   2.12 3.00 3.84 4.54 4.95 4.84 4.26 3.55 2.68 1.88 1.41 1.51 2.20 3.03 3.88 4.65 5.08 5.07 4.47 3.65 2.72 1.78 1.12 0.98
 31   1.53 2.43 3.28 4.09 4.73 4.89 4.62 4.02 3.32 2.52 1.85 1.60 1.94 2.63 3.41 4.14 4.70 4.88 4.56 3.91 3.08 2.17 1.40 0.96
 ----------------------------------------------------------------------------------------------------------------------------
                                                                                               
 ----------------------------------------------------------------------------------------------------------------------------
 ----------------------------------------------------------------------------------------------------------------------------
                                                          SURVEY OF INDIA
                                                    MARINE GEODESY WING (G&RB)
                                                     HOURLY HEIGHTS IN METRES
  NAME OF PORT:- VADINAR                                                                            MONTH SEPT      YEAR 2014
 ----------------------------------------------------------------------------------------------------------------------------
 DAYS 0000 0001 0002 0003 0004 0005 0006 0007 0008 0009 0010 0011 0012 0013 0014 0015 0016 0017 0018 0019 0020 0021 0022 0023
 ----------------------------------------------------------------------------------------------------------------------------
  1   1.21 1.91 2.67 3.46 4.19 4.73 4.73 4.36 3.78 3.03 2.30 1.81 1.72 2.15 2.82 3.52 4.17 4.62 4.65 4.24 3.59 2.77 1.91 1.24
  2   0.97 1.23 1.93 2.74 3.52 4.20 4.59 4.59 4.31 3.75 3.08 2.46 1.99 1.97 2.44 3.00 3.60 4.18 4.52 4.53 4.16 3.56 2.80 2.01
  3   1.40 1.17 1.46 2.09 2.91 3.64 4.32 4.77 4.84 4.58 4.11 3.56 2.93 2.44 2.28 2.52 2.99 3.55 4.09 4.42 4.53 4.29 3.73 3.05
  4   2.35 1.69 1.33 1.43 2.01 2.77 3.54 4.29 4.86 5.07 4.96 4.51 3.96 3.28 2.62 2.22 2.21 2.59 3.12 3.66 4.15 4.41 4.34 3.92
  5   3.29 2.55 1.80 1.28 1.15 1.59 2.33 3.14 3.94 4.66 5.07 5.08 4.70 4.08 3.38 2.63 2.09 1.95 2.30 2.91 3.55 4.16 4.59 4.63
  6   4.21 3.55 2.76 1.95 1.30 0.96 1.33 2.15 3.07 3.95 4.79 5.29 5.30 4.85 4.13 3.32 2.42 1.76 1.54 1.92 2.65 3.44 4.19 4.71
  7   4.80 4.47 3.77 2.88 1.89 1.07 0.68 1.10 2.05 3.08 4.05 4.97 5.45 5.38 4.76 3.93 2.97 1.98 1.28 1.13 1.77 2.67 3.62 4.44
  8   5.01 5.06 4.61 3.78 2.78 1.71 0.84 0.52 1.12 2.17 3.24 4.29 5.19 5.55 5.32 4.54 3.60 2.52 1.53 0.90 1.00 1.85 2.90 3.88
  9   4.80 5.27 5.23 4.62 3.69 2.59 1.50 0.73 0.57 1.38 2.50 3.59 4.60 5.36 5.56 5.08 4.20 3.18 2.03 1.09 0.54 0.95 2.02 3.09
 10   4.12 4.98 5.37 5.28 4.51 3.53 2.44 1.43 0.71 0.77 1.76 2.84 3.88 4.89 5.49 5.49 4.80 3.84 2.73 1.60 0.68 0.41 1.13 2.26
 11   3.44 4.43 5.16 5.44 5.17 4.35 3.37 2.27 1.31 0.74 1.12 2.15 3.21 4.27 5.17 5.54 5.30 4.44 3.43 2.28 1.23 0.46 0.46 1.40
 12   2.40 3.40 4.41 5.18 5.40 4.99 4.14 3.18 2.14 1.30 0.96 1.54 2.56 3.54 4.55 5.20 5.38 4.92 4.04 3.04 1.91 0.94 0.39 0.72
 13   1.60 2.65 3.66 4.60 5.21 5.29 4.79 4.00 3.10 2.14 1.42 1.25 1.89 2.81 3.73 4.58 5.09 5.12 4.52 3.70 2.70 1.68 0.84 0.56
 14   0.98 1.87 2.86 3.80 4.61 5.09 5.05 4.54 3.80 2.97 2.12 1.55 1.54 2.17 2.99 3.80 4.48 4.86 4.76 4.18 3.42 2.49 1.60 0.97
 15   0.82 1.30 2.14 3.04 3.85 4.58 4.93 4.84 4.36 3.74 2.98 2.24 1.78 1.82 2.36 3.04 3.72 4.30 4.58 4.44 3.91 3.24 2.40 1.67
 16   1.18 1.12 1.60 2.34 3.11 3.85 4.46 4.75 4.67 4.28 3.73 3.07 2.44 2.02 2.00 2.37 2.90 3.45 3.94 4.21 4.15 3.78 3.20 2.52
 17   1.88 1.46 1.34 1.67 2.29 2.98 3.65 4.26 4.61 4.65 4.38 3.90 3.33 2.70 2.19 1.98 2.15 2.60 3.10 3.57 3.94 4.05 3.85 3.42
 18   2.85 2.30 1.77 1.48 1.58 2.08 2.71 3.37 4.00 4.48 4.66 4.49 4.06 3.51 2.85 2.24 1.90 1.93 2.33 2.84 3.36 3.81 4.09 4.03
 19   3.72 3.22 2.58 1.97 1.57 1.52 1.95 2.58 3.27 3.95 4.53 4.78 4.65 4.20 3.59 2.88 2.20 1.79 1.78 2.21 2.80 3.39 3.92 4.24
 20   4.20 3.84 3.28 2.55 1.90 1.43 1.38 1.88 2.59 3.35 4.07 4.65 4.84 4.61 4.07 3.38 2.57 1.88 1.53 1.69 2.26 2.94 3.64 4.20
 21   4.46 4.30 3.81 3.13 2.36 1.67 1.27 1.38 2.02 2.84 3.63 4.37 4.85 4.89 4.46 3.79 2.99 2.12 1.51 1.36 1.80 2.54 3.34 4.04
 22   4.52 4.63 4.28 3.64 2.87 2.04 1.40 1.15 1.54 2.34 3.20 4.01 4.75 5.01 4.78 4.15 3.37 2.43 1.65 1.21 1.39 2.11 2.98 3.79
 23   4.43 4.80 4.70 4.13 3.39 2.48 1.69 1.17 1.26 1.97 2.86 3.73 4.53 5.00 5.00 4.47 3.72 2.80 1.87 1.20 1.07 1.67 2.56 3.45
 24   4.22 4.82 4.98 4.57 3.86 3.02 2.07 1.36 1.11 1.59 2.46 3.36 4.20 4.86 5.08 4.74 4.03 3.16 2.14 1.32 0.89 1.21 2.10 3.06
 25   3.94 4.66 5.06 4.94 4.31 3.49 2.53 1.68 1.13 1.24 2.01 2.93 3.81 4.59 5.05 4.95 4.32 3.48 2.48 1.54 0.86 0.79 1.54 2.52
 26   3.39 4.27 4.95 5.15 4.77 3.98 3.10 2.11 1.36 1.09 1.59 2.46 3.38 4.19 4.84 5.01 4.58 3.80 2.86 1.82 0.97 0.56 0.96 1.91
 27   2.84 3.76 4.59 5.07 5.00 4.40 3.61 2.66 1.78 1.21 1.29 1.99 2.87 3.70 4.46 4.87 4.76 4.12 3.28 2.26 1.36 0.67 0.63 1.39
 28   2.30 3.28 4.16 4.91 5.15 4.84 4.13 3.31 2.36 1.63 1.29 1.66 2.43 3.26 4.03 4.64 4.82 4.43 3.69 2.78 1.80 0.95 0.55 0.88
 29   1.70 2.66 3.58 4.43 4.98 5.03 4.56 3.85 3.01 2.16 1.57 1.46 1.96 2.72 3.50 4.20 4.65 4.67 4.16 3.41 2.50 1.60 0.91 0.69
 30   1.14 1.98 2.90 3.77 4.53 4.97 4.93 4.47 3.78 3.01 2.22 1.75 1.75 2.25 2.94 3.64 4.23 4.55 4.45 3.93 3.23 2.37 1.56 0.99
 ----------------------------------------------------------------------------------------------------------------------------
                                                                                               
 ----------------------------------------------------------------------------------------------------------------------------
 ----------------------------------------------------------------------------------------------------------------------------
                                                          SURVEY OF INDIA
                                                    MARINE GEODESY WING (G&RB)
                                                     HOURLY HEIGHTS IN METRES
  NAME OF PORT:- VADINAR                                                                            MONTH OCTOBER   YEAR 2014
 ----------------------------------------------------------------------------------------------------------------------------
 DAYS 0000 0001 0002 0003 0004 0005 0006 0007 0008 0009 0010 0011 0012 0013 0014 0015 0016 0017 0018 0019 0020 0021 0022 0023
 ----------------------------------------------------------------------------------------------------------------------------
  1   0.92 1.42 2.22 3.08 3.90 4.60 4.95 4.87 4.39 3.78 3.06 2.36 1.95 1.97 2.42 3.02 3.64 4.17 4.42 4.34 3.87 3.23 2.42 1.72
  2   1.24 1.14 1.61 2.35 3.14 3.87 4.54 4.89 4.86 4.49 3.93 3.26 2.59 2.13 1.99 2.30 2.83 3.39 3.92 4.27 4.34 4.03 3.50 2.83
  3   2.14 1.60 1.34 1.61 2.23 2.97 3.73 4.44 4.90 4.98 4.71 4.18 3.53 2.81 2.22 1.91 2.00 2.46 3.04 3.62 4.14 4.41 4.35 3.94
  4   3.34 2.68 1.96 1.47 1.42 1.96 2.71 3.49 4.27 4.89 5.13 4.96 4.42 3.75 2.95 2.16 1.67 1.64 2.13 2.82 3.54 4.19 4.63 4.66
  5   4.34 3.66 2.90 2.06 1.46 1.31 1.82 2.61 3.47 4.30 5.00 5.26 5.09 4.50 3.71 2.80 1.92 1.34 1.34 1.96 2.80 3.63 4.43 4.93
  6   4.95 4.55 3.82 2.95 2.01 1.31 1.13 1.68 2.56 3.50 4.39 5.09 5.35 5.06 4.34 3.44 2.39 1.46 0.89 1.06 1.91 2.91 3.86 4.73
  7   5.22 5.22 4.66 3.82 2.86 1.84 1.13 1.01 1.72 2.72 3.70 4.66 5.29 5.41 4.88 4.02 3.02 1.87 0.96 0.56 1.04 2.10 3.22 4.23
  8   5.02 5.46 5.34 4.61 3.72 2.69 1.70 1.06 1.20 2.05 3.10 4.06 4.95 5.44 5.38 4.66 3.72 2.62 1.50 0.67 0.47 1.27 2.42 3.54
  9   4.66 5.40 5.65 5.36 4.54 3.60 2.54 1.60 1.07 1.40 2.32 3.32 4.28 5.07 5.41 5.14 4.29 3.29 2.11 1.09 0.39 0.53 1.60 2.78
 10   3.88 4.86 5.50 5.63 5.15 4.26 3.30 2.26 1.42 1.11 1.68 2.60 3.60 4.51 5.15 5.31 4.82 3.93 2.86 1.71 0.76 0.33 0.81 1.90
 11   3.06 4.10 5.04 5.57 5.57 4.96 4.10 3.18 2.18 1.49 1.34 2.00 2.91 3.81 4.62 5.09 5.06 4.42 3.52 2.43 1.41 0.64 0.47 1.21
 12   2.30 3.32 4.32 5.12 5.47 5.30 4.64 3.82 2.90 2.00 1.45 1.54 2.26 3.11 3.93 4.61 4.92 4.71 4.00 3.14 2.12 1.23 0.66 0.79
 13   1.62 2.64 3.60 4.48 5.12 5.32 4.98 4.34 3.57 2.68 1.92 1.52 1.78 2.42 3.19 3.89 4.43 4.62 4.28 3.63 2.80 1.89 1.14 0.83
 14   1.16 1.88 2.76 3.63 4.40 4.92 5.01 4.66 4.04 3.32 2.58 1.88 1.63 1.92 2.52 3.18 3.76 4.19 4.29 3.96 3.40 2.66 1.90 1.35
 15   1.16 1.46 2.15 2.91 3.63 4.30 4.72 4.75 4.42 3.90 3.26 2.58 2.07 1.87 2.09 2.56 3.11 3.60 3.96 4.06 3.83 3.35 2.73 2.14
 16   1.62 1.48 1.70 2.25 2.88 3.55 4.15 4.54 4.63 4.38 3.91 3.29 2.66 2.15 1.89 1.99 2.37 2.85 3.31 3.68 3.87 3.78 3.46 3.00
 17   2.46 2.03 1.75 1.81 2.22 2.80 3.39 3.96 4.37 4.51 4.32 3.90 3.36 2.73 2.17 1.83 1.82 2.14 2.64 3.15 3.63 3.96 4.03 3.80
 18   3.39 2.90 2.34 1.93 1.80 2.08 2.63 3.26 3.86 4.38 4.60 4.51 4.13 3.58 2.88 2.20 1.74 1.62 1.93 2.51 3.14 3.76 4.16 4.30
 19   4.11 3.68 3.10 2.43 1.90 1.66 1.92 2.48 3.17 3.81 4.38 4.65 4.53 4.08 3.43 2.65 1.93 1.46 1.42 1.92 2.60 3.32 3.96 4.43
 20   4.52 4.23 3.71 3.02 2.28 1.74 1.60 1.95 2.66 3.38 4.07 4.60 4.78 4.50 3.90 3.16 2.30 1.60 1.21 1.42 2.11 2.91 3.69 4.38
 21   4.76 4.68 4.23 3.59 2.80 2.06 1.61 1.64 2.21 2.97 3.72 4.41 4.82 4.81 4.31 3.59 2.71 1.82 1.18 1.07 1.64 2.47 3.36 4.17
 22   4.76 5.01 4.77 4.17 3.45 2.55 1.84 1.49 1.77 2.48 3.30 4.06 4.69 4.91 4.60 3.92 3.07 2.07 1.28 0.84 1.13 1.97 2.94 3.86
 23   4.61 5.11 5.15 4.67 3.92 3.09 2.19 1.61 1.55 2.12 2.93 3.74 4.48 4.92 4.88 4.29 3.48 2.48 1.54 0.86 0.79 1.51 2.51 3.50
 24   4.36 5.08 5.35 5.13 4.48 3.64 2.69 1.88 1.48 1.73 2.49 3.35 4.13 4.77 5.01 4.67 3.91 2.97 1.92 1.05 0.60 0.95 1.93 2.98
 25   4.00 4.80 5.37 5.45 4.96 4.16 3.26 2.33 1.67 1.52 2.08 2.90 3.74 4.49 4.96 4.93 4.33 3.48 2.45 1.48 0.75 0.65 1.40 2.45
 26   3.46 4.40 5.22 5.58 5.40 4.73 3.89 2.97 2.09 1.61 1.75 2.45 3.30 4.10 4.77 5.04 4.77 4.01 3.13 2.09 1.21 0.67 0.94 1.80
 27   2.78 3.83 4.81 5.46 5.65 5.25 4.50 3.65 2.73 1.99 1.71 2.07 2.84 3.70 4.45 4.92 4.98 4.47 3.67 2.70 1.71 0.95 0.76 1.40
 28   2.37 3.33 4.31 5.17 5.58 5.50 4.90 4.12 3.27 2.41 1.84 1.82 2.39 3.15 3.89 4.54 4.88 4.74 4.12 3.31 2.36 1.49 0.91 0.98
 29   1.71 2.64 3.63 4.57 5.26 5.52 5.30 4.68 3.91 3.08 2.28 1.82 1.93 2.50 3.20 3.87 4.46 4.69 4.49 3.90 3.14 2.26 1.48 1.05
 30   1.17 1.89 2.80 3.71 4.59 5.20 5.40 5.11 4.50 3.77 2.95 2.23 1.83 1.93 2.46 3.11 3.74 4.27 4.51 4.37 3.86 3.15 2.33 1.65
 31   1.21 1.34 1.95 2.77 3.67 4.49 5.06 5.26 5.02 4.46 3.80 3.05 2.32 1.85 1.81 2.23 2.83 3.43 3.97 4.32 4.37 4.02 3.43 2.74
 ----------------------------------------------------------------------------------------------------------------------------
                                                                                               
 ----------------------------------------------------------------------------------------------------------------------------
 ----------------------------------------------------------------------------------------------------------------------------
                                                          SURVEY OF INDIA
                                                    MARINE GEODESY WING (G&RB)
                                                     HOURLY HEIGHTS IN METRES
  NAME OF PORT:- VADINAR                                                                            MONTH NOVEMBER  YEAR 2014
 ----------------------------------------------------------------------------------------------------------------------------
 DAYS 0000 0001 0002 0003 0004 0005 0006 0007 0008 0009 0010 0011 0012 0013 0014 0015 0016 0017 0018 0019 0020 0021 0022 0023
 ----------------------------------------------------------------------------------------------------------------------------
  1   2.11 1.62 1.50 1.96 2.69 3.48 4.25 4.86 5.13 5.02 4.53 3.85 3.05 2.27 1.70 1.55 1.89 2.49 3.17 3.77 4.31 4.54 4.35 3.86
  2   3.17 2.42 1.80 1.52 1.73 2.40 3.19 3.94 4.65 5.05 5.05 4.61 3.93 3.13 2.23 1.55 1.21 1.48 2.16 2.93 3.76 4.38 4.78 4.71
  3   4.21 3.53 2.72 1.96 1.51 1.63 2.26 3.05 3.85 4.61 5.07 5.11 4.65 3.93 3.05 2.07 1.28 0.90 1.21 2.01 2.94 3.81 4.61 5.10
  4   5.03 4.56 3.83 2.98 2.13 1.58 1.61 2.25 3.09 3.92 4.71 5.17 5.16 4.63 3.83 2.88 1.85 1.03 0.70 1.17 2.13 3.16 4.15 5.02
  5   5.44 5.35 4.77 3.95 3.06 2.15 1.59 1.62 2.31 3.20 4.07 4.83 5.24 5.14 4.48 3.58 2.50 1.47 0.69 0.53 1.22 2.29 3.39 4.41
  6   5.25 5.56 5.41 4.74 3.86 2.92 2.04 1.53 1.69 2.46 3.38 4.22 4.92 5.21 4.93 4.15 3.20 2.06 1.06 0.41 0.52 1.45 2.60 3.72
  7   4.79 5.51 5.69 5.35 4.59 3.68 2.70 1.84 1.44 1.80 2.61 3.56 4.39 4.97 5.08 4.59 3.72 2.68 1.57 0.68 0.30 0.80 1.93 3.07
  8   4.17 5.13 5.64 5.66 5.10 4.25 3.31 2.32 1.59 1.41 1.97 2.84 3.72 4.48 4.92 4.87 4.21 3.33 2.25 1.25 0.51 0.41 1.20 2.31
  9   3.45 4.44 5.23 5.55 5.40 4.73 3.87 2.93 2.01 1.46 1.57 2.26 3.13 3.94 4.61 4.87 4.59 3.84 2.93 1.89 1.00 0.50 0.75 1.65
 10   2.75 3.79 4.72 5.32 5.48 5.12 4.39 3.54 2.60 1.81 1.49 1.81 2.56 3.38 4.11 4.63 4.74 4.28 3.53 2.61 1.68 0.93 0.69 1.20
 11   2.20 3.20 4.14 4.96 5.36 5.34 4.85 4.11 3.27 2.40 1.78 1.65 2.09 2.81 3.53 4.17 4.56 4.52 4.01 3.29 2.44 1.65 1.08 1.08
 12   1.74 2.61 3.48 4.37 5.03 5.28 5.14 4.59 3.85 3.02 2.23 1.76 1.78 2.27 2.92 3.56 4.11 4.38 4.26 3.78 3.13 2.39 1.73 1.38
 13   1.52 2.06 2.84 3.64 4.39 4.92 5.11 4.89 4.33 3.68 2.94 2.26 1.93 2.01 2.45 3.02 3.59 4.05 4.27 4.15 3.73 3.17 2.53 2.00
 14   1.71 1.81 2.35 3.02 3.72 4.39 4.82 4.93 4.68 4.17 3.55 2.83 2.22 1.90 1.96 2.36 2.88 3.41 3.84 4.09 4.03 3.71 3.22 2.70
 15   2.21 1.97 2.05 2.50 3.10 3.74 4.31 4.71 4.80 4.57 4.12 3.51 2.85 2.29 1.97 1.98 2.32 2.82 3.35 3.80 4.14 4.22 3.98 3.60
 16   3.13 2.68 2.34 2.30 2.61 3.13 3.69 4.25 4.65 4.78 4.59 4.13 3.53 2.87 2.22 1.85 1.82 2.18 2.74 3.34 3.90 4.33 4.48 4.31
 17   3.91 3.42 2.89 2.48 2.34 2.55 3.01 3.56 4.12 4.53 4.71 4.53 4.06 3.46 2.72 2.05 1.62 1.59 2.03 2.67 3.37 4.01 4.54 4.71
 18   4.49 4.01 3.47 2.86 2.35 2.17 2.39 2.90 3.49 4.08 4.53 4.69 4.43 3.89 3.20 2.39 1.68 1.30 1.45 2.07 2.86 3.64 4.39 4.87
 19   4.93 4.64 4.09 3.42 2.71 2.17 2.01 2.34 2.93 3.57 4.19 4.60 4.66 4.27 3.62 2.82 1.97 1.31 1.06 1.46 2.26 3.16 4.03 4.79
 20   5.15 5.09 4.62 3.95 3.21 2.44 1.97 1.98 2.46 3.15 3.86 4.49 4.82 4.71 4.13 3.37 2.44 1.56 0.97 0.98 1.70 2.65 3.63 4.54
 21   5.21 5.38 5.16 4.52 3.79 2.97 2.21 1.86 2.09 2.73 3.45 4.21 4.74 4.90 4.53 3.81 2.93 1.93 1.11 0.74 1.14 2.06 3.13 4.11
 22   5.01 5.46 5.52 5.07 4.33 3.49 2.62 1.97 1.80 2.25 3.01 3.79 4.50 4.91 4.87 4.29 3.48 2.45 1.49 0.75 0.67 1.40 2.51 3.57
 23   4.57 5.29 5.66 5.50 4.87 4.03 3.16 2.29 1.77 1.84 2.46 3.27 4.05 4.67 4.95 4.69 3.96 3.06 1.97 1.04 0.52 0.79 1.79 2.87
 24   4.00 4.86 5.53 5.75 5.37 4.61 3.74 2.83 2.02 1.69 2.00 2.74 3.57 4.34 4.87 4.97 4.48 3.66 2.67 1.64 0.80 0.53 1.10 2.19
 25   3.30 4.34 5.26 5.72 5.72 5.14 4.35 3.45 2.55 1.87 1.72 2.23 3.03 3.81 4.53 4.93 4.86 4.24 3.39 2.39 1.44 0.75 0.72 1.51
 26   2.59 3.64 4.65 5.45 5.77 5.61 4.94 4.07 3.19 2.29 1.75 1.78 2.39 3.18 3.94 4.59 4.89 4.69 4.03 3.23 2.26 1.38 0.83 1.01
 27   1.89 2.89 3.91 4.87 5.53 5.73 5.40 4.69 3.85 2.96 2.12 1.68 1.83 2.46 3.24 3.95 4.54 4.77 4.51 3.84 3.06 2.13 1.39 1.05
 28   1.41 2.20 3.14 4.08 4.97 5.50 5.64 5.20 4.48 3.67 2.79 2.00 1.61 1.79 2.40 3.13 3.80 4.38 4.62 4.44 3.87 3.16 2.33 1.67
 29   1.33 1.60 2.33 3.22 4.08 4.88 5.38 5.46 5.04 4.35 3.53 2.64 1.88 1.48 1.58 2.15 2.86 3.54 4.14 4.50 4.47 4.07 3.45 2.71
 30   2.02 1.68 1.71 2.30 3.08 3.89 4.66 5.15 5.26 4.90 4.22 3.42 2.53 1.77 1.29 1.33 1.85 2.57 3.31 3.97 4.49 4.65 4.38 3.83
 ----------------------------------------------------------------------------------------------------------------------------
                                                                                               
 ----------------------------------------------------------------------------------------------------------------------------
 ----------------------------------------------------------------------------------------------------------------------------
                                                          SURVEY OF INDIA
                                                    MARINE GEODESY WING (G&RB)
                                                     HOURLY HEIGHTS IN METRES
  NAME OF PORT:- VADINAR                                                                            MONTH DECEMBER  YEAR 2014
 ----------------------------------------------------------------------------------------------------------------------------
 DAYS 0000 0001 0002 0003 0004 0005 0006 0007 0008 0009 0010 0011 0012 0013 0014 0015 0016 0017 0018 0019 0020 0021 0022 0023
 ----------------------------------------------------------------------------------------------------------------------------
  1   3.16 2.53 1.99 1.82 2.22 2.93 3.68 4.40 4.90 5.06 4.77 4.15 3.37 2.49 1.67 1.14 1.09 1.60 2.38 3.19 3.96 4.62 4.90 4.73
  2   4.21 3.53 2.79 2.19 1.96 2.21 2.82 3.51 4.21 4.75 4.97 4.73 4.13 3.40 2.43 1.57 0.93 0.82 1.37 2.23 3.14 3.99 4.76 5.09
  3   4.93 4.47 3.80 3.00 2.29 1.90 2.03 2.62 3.32 3.99 4.57 4.81 4.59 3.99 3.18 2.19 1.30 0.67 0.64 1.34 2.31 3.30 4.23 5.01
  4   5.30 5.15 4.58 3.83 3.02 2.22 1.82 1.98 2.59 3.31 4.01 4.63 4.83 4.53 3.83 2.95 1.90 1.01 0.48 0.66 1.55 2.59 3.65 4.61
  5   5.28 5.48 5.23 4.56 3.76 2.88 2.08 1.70 1.95 2.62 3.40 4.11 4.65 4.79 4.37 3.61 2.65 1.65 0.80 0.42 0.83 1.82 2.93 3.97
  6   4.96 5.52 5.61 5.17 4.43 3.57 2.66 1.93 1.67 2.05 2.82 3.60 4.30 4.74 4.74 4.20 3.39 2.38 1.40 0.66 0.50 1.21 2.29 3.37
  7   4.40 5.26 5.64 5.57 5.00 4.18 3.29 2.38 1.77 1.70 2.27 3.08 3.84 4.48 4.80 4.61 3.93 3.07 2.02 1.12 0.57 0.72 1.63 2.69
  8   3.82 4.78 5.44 5.65 5.39 4.68 3.84 2.91 2.05 1.58 1.77 2.49 3.29 4.01 4.58 4.74 4.33 3.60 2.68 1.71 0.92 0.62 1.13 2.10
  9   3.17 4.15 5.04 5.50 5.53 5.04 4.25 3.39 2.45 1.77 1.58 2.03 2.79 3.53 4.21 4.63 4.58 4.04 3.26 2.33 1.49 0.89 0.90 1.62
 10   2.61 3.60 4.52 5.22 5.47 5.32 4.71 3.91 3.01 2.17 1.65 1.70 2.28 3.01 3.72 4.30 4.55 4.33 3.71 2.94 2.07 1.37 1.01 1.30
 11   2.11 3.05 3.95 4.81 5.25 5.31 4.94 4.24 3.43 2.53 1.84 1.56 1.85 2.47 3.19 3.83 4.30 4.41 4.07 3.47 2.73 1.98 1.39 1.25
 12   1.68 2.43 3.26 4.07 4.81 5.18 5.12 4.62 3.91 3.12 2.30 1.78 1.70 2.08 2.71 3.37 3.93 4.30 4.29 3.89 3.32 2.64 1.99 1.59
 13   1.60 2.10 2.81 3.58 4.33 4.88 5.07 4.86 4.29 3.60 2.79 2.08 1.68 1.73 2.19 2.79 3.38 3.86 4.15 4.09 3.73 3.21 2.60 2.07
 14   1.77 1.86 2.35 3.03 3.73 4.39 4.82 4.91 4.59 4.02 3.30 2.51 1.89 1.58 1.69 2.14 2.72 3.29 3.78 4.08 4.06 3.75 3.30 2.78
 15   2.29 2.03 2.06 2.48 3.05 3.66 4.22 4.58 4.60 4.26 3.71 3.04 2.32 1.74 1.46 1.61 2.08 2.66 3.26 3.77 4.10 4.15 3.88 3.48
 16   2.97 2.46 2.17 2.18 2.52 3.05 3.58 4.07 4.40 4.40 4.05 3.51 2.81 2.11 1.51 1.25 1.41 1.94 2.58 3.23 3.79 4.21 4.33 4.11
 17   3.66 3.13 2.63 2.27 2.17 2.45 2.93 3.46 3.96 4.32 4.38 4.08 3.56 2.87 2.13 1.51 1.20 1.40 1.98 2.70 3.43 4.11 4.62 4.75
 18   4.49 3.98 3.41 2.79 2.32 2.20 2.41 2.89 3.45 3.97 4.34 4.42 4.07 3.49 2.73 1.89 1.22 0.91 1.19 1.90 2.77 3.61 4.40 4.89
 19   4.95 4.68 4.14 3.49 2.78 2.24 2.07 2.38 2.94 3.55 4.13 4.51 4.54 4.11 3.44 2.57 1.72 1.01 0.77 1.22 2.09 3.04 3.97 4.80
 20   5.21 5.21 4.80 4.16 3.44 2.64 2.09 2.00 2.39 3.03 3.69 4.30 4.65 4.56 3.99 3.22 2.26 1.36 0.70 0.65 1.37 2.40 3.45 4.41
 21   5.21 5.52 5.38 4.80 4.05 3.22 2.40 1.93 1.96 2.51 3.23 3.94 4.54 4.80 4.54 3.84 2.95 1.91 0.99 0.46 0.71 1.69 2.81 3.90
 22   4.90 5.57 5.74 5.43 4.73 3.88 3.01 2.21 1.82 2.04 2.69 3.49 4.23 4.80 4.94 4.50 3.71 2.71 1.64 0.76 0.41 0.97 2.07 3.21
 23   4.32 5.28 5.81 5.83 5.31 4.48 3.57 2.63 1.87 1.62 2.05 2.86 3.69 4.46 4.95 4.94 4.34 3.47 2.40 1.38 0.56 0.41 1.23 2.40
 24   3.58 4.68 5.49 5.85 5.72 5.04 4.15 3.20 2.23 1.61 1.56 2.18 3.05 3.87 4.61 4.99 4.87 4.18 3.28 2.19 1.21 0.53 0.61 1.54
 25   2.60 3.69 4.77 5.56 5.85 5.53 4.76 3.82 2.83 1.90 1.36 1.49 2.23 3.11 3.94 4.65 4.95 4.73 3.98 3.09 2.02 1.12 0.60 0.91
 26   1.80 2.90 3.96 4.99 5.63 5.77 5.31 4.49 3.55 2.54 1.68 1.25 1.53 2.28 3.15 3.96 4.60 4.84 4.55 3.86 3.03 2.08 1.28 0.92
 27   1.34 2.24 3.24 4.22 5.12 5.62 5.62 5.04 4.21 3.27 2.26 1.49 1.20 1.55 2.35 3.19 3.93 4.56 4.80 4.53 3.93 3.20 2.30 1.59
 28   1.29 1.66 2.48 3.40 4.29 5.08 5.46 5.39 4.78 3.97 3.04 2.05 1.35 1.11 1.50 2.24 3.06 3.80 4.41 4.70 4.55 4.06 3.39 2.60
 29   1.96 1.68 1.92 2.64 3.42 4.21 4.89 5.23 5.12 4.55 3.78 2.85 1.92 1.26 1.01 1.36 2.08 2.88 3.62 4.27 4.67 4.66 4.25 3.68
 30   3.01 2.35 1.96 2.05 2.58 3.26 3.96 4.59 4.91 4.84 4.34 3.64 2.76 1.92 1.24 0.96 1.22 1.90 2.69 3.48 4.18 4.69 4.78 4.48
 31   3.96 3.30 2.65 2.17 2.10 2.46 3.05 3.65 4.21 4.57 4.58 4.16 3.52 2.72 1.86 1.16 0.78 1.00 1.68 2.52 3.37 4.14 4.76 4.93
 ----------------------------------------------------------------------------------------------------------------------------
                                                                                               
 ----------------------------------------------------------------------------------------------------------------------------
 ----------------------------------------------------------------------------------------------------------------------------
