                                                          SURVEY OF INDIA
                                                    MARINE GEODESY WING (G&RB)
                                                     HOURLY HEIGHTS IN METRES
  NAME OF PORT:- VADINAR                                                                            MONTH JANUARY   YEAR 2013
 ----------------------------------------------------------------------------------------------------------------------------
 DAYS 0000 0001 0002 0003 0004 0005 0006 0007 0008 0009 0010 0011 0012 0013 0014 0015 0016 0017 0018 0019 0020 0021 0022 0023
 ----------------------------------------------------------------------------------------------------------------------------
  1   2.57 3.47 4.37 5.15 5.43 5.23 4.57 3.75 2.83 1.99 1.48 1.55 2.16 2.92 3.67 4.30 4.58 4.39 3.79 3.02 2.17 1.44 1.05 1.35
  2   2.12 3.02 3.91 4.79 5.33 5.42 5.00 4.26 3.39 2.43 1.66 1.32 1.59 2.28 3.05 3.76 4.35 4.51 4.18 3.57 2.83 2.04 1.43 1.24
  3   1.66 2.45 3.33 4.19 4.93 5.27 5.15 4.57 3.77 2.87 1.97 1.34 1.23 1.71 2.46 3.25 3.91 4.39 4.44 4.07 3.48 2.77 2.05 1.58
  4   1.51 2.05 2.79 3.62 4.41 4.98 5.16 4.83 4.17 3.39 2.44 1.63 1.16 1.22 1.80 2.56 3.31 3.95 4.39 4.41 4.04 3.51 2.86 2.23
  5   1.85 1.84 2.31 3.03 3.75 4.44 4.88 4.97 4.58 3.91 3.11 2.21 1.46 1.07 1.20 1.80 2.57 3.31 3.94 4.40 4.51 4.19 3.71 3.12
  6   2.54 2.12 2.07 2.47 3.07 3.72 4.31 4.71 4.75 4.37 3.71 2.91 2.05 1.33 0.95 1.09 1.71 2.47 3.27 3.92 4.47 4.66 4.47 4.03
  7   3.50 2.93 2.44 2.23 2.46 2.98 3.57 4.11 4.50 4.59 4.27 3.65 2.84 1.99 1.26 0.83 0.91 1.51 2.31 3.15 3.93 4.59 4.91 4.79
  8   4.38 3.87 3.22 2.59 2.24 2.29 2.72 3.27 3.82 4.27 4.44 4.19 3.64 2.89 2.02 1.21 0.66 0.63 1.22 2.11 3.07 3.95 4.79 5.19
  9   5.14 4.74 4.11 3.37 2.60 2.09 2.02 2.44 3.03 3.64 4.19 4.46 4.31 3.77 2.96 2.02 1.12 0.46 0.37 1.03 2.05 3.09 4.11 4.99
 10   5.38 5.34 4.84 4.11 3.31 2.45 1.86 1.75 2.20 2.87 3.59 4.21 4.56 4.46 3.83 2.98 1.95 0.98 0.26 0.19 0.97 2.09 3.25 4.30
 11   5.19 5.55 5.47 4.88 4.07 3.19 2.27 1.67 1.59 2.15 2.95 3.77 4.47 4.79 4.59 3.87 2.93 1.82 0.83 0.16 0.24 1.19 2.43 3.56
 12   4.59 5.39 5.75 5.51 4.79 3.86 2.88 1.94 1.36 1.45 2.19 3.11 3.97 4.65 4.95 4.66 3.87 2.91 1.79 0.79 0.19 0.46 1.57 2.79
 13   3.89 4.86 5.63 5.88 5.46 4.61 3.65 2.60 1.67 1.19 1.45 2.30 3.27 4.11 4.79 5.00 4.60 3.79 2.78 1.67 0.74 0.32 0.85 1.99
 14   3.11 4.13 5.15 5.78 5.81 5.17 4.25 3.23 2.17 1.25 1.03 1.55 2.53 3.47 4.29 4.89 4.98 4.43 3.61 2.57 1.57 0.77 0.56 1.29
 15   2.38 3.40 4.42 5.34 5.74 5.53 4.76 3.82 2.76 1.76 1.06 1.03 1.75 2.70 3.61 4.38 4.88 4.86 4.27 3.49 2.53 1.61 0.97 0.98
 16   1.78 2.74 3.76 4.76 5.44 5.63 5.19 4.37 3.42 2.38 1.46 0.98 1.18 1.94 2.86 3.70 4.42 4.81 4.72 4.14 3.44 2.58 1.79 1.36
 17   1.54 2.21 3.10 4.06 4.90 5.38 5.38 4.81 3.99 3.07 2.07 1.33 1.03 1.40 2.18 3.03 3.78 4.41 4.68 4.49 4.00 3.42 2.64 1.99
 18   1.70 1.84 2.50 3.26 4.02 4.67 4.98 4.83 4.23 3.46 2.55 1.71 1.14 1.03 1.48 2.18 2.95 3.63 4.18 4.40 4.26 3.85 3.31 2.68
 19   2.17 1.95 2.13 2.71 3.36 4.02 4.48 4.64 4.37 3.79 3.06 2.24 1.54 1.12 1.13 1.59 2.26 2.98 3.62 4.12 4.35 4.26 3.92 3.46
 20   2.94 2.50 2.23 2.32 2.73 3.24 3.70 4.08 4.19 3.97 3.50 2.84 2.14 1.53 1.15 1.15 1.58 2.20 2.88 3.54 4.07 4.37 4.36 4.08
 21   3.66 3.22 2.74 2.42 2.39 2.66 3.06 3.48 3.82 3.97 3.86 3.47 2.92 2.30 1.69 1.28 1.20 1.54 2.14 2.82 3.51 4.11 4.53 4.60
 22   4.43 4.02 3.53 2.97 2.51 2.34 2.49 2.84 3.26 3.64 3.89 3.87 3.55 3.04 2.42 1.80 1.32 1.18 1.50 2.12 2.90 3.64 4.34 4.78
 23   4.87 4.62 4.14 3.56 2.92 2.38 2.18 2.33 2.72 3.20 3.63 3.92 3.95 3.63 3.08 2.39 1.71 1.20 1.07 1.49 2.24 3.08 3.89 4.62
 24   4.96 5.05 4.71 4.12 3.46 2.71 2.18 2.00 2.26 2.75 3.30 3.79 4.08 4.05 3.62 2.98 2.19 1.49 1.00 1.03 1.66 2.52 3.42 4.28
 25   4.97 5.22 5.11 4.60 3.90 3.12 2.37 1.92 1.91 2.36 2.96 3.58 4.10 4.31 4.11 3.54 2.78 1.96 1.25 0.89 1.17 1.98 2.94 3.86
 26   4.73 5.22 5.38 5.03 4.38 3.58 2.72 2.01 1.71 1.98 2.61 3.30 3.94 4.43 4.51 4.07 3.38 2.50 1.64 0.98 0.83 1.44 2.41 3.39
 27   4.30 5.04 5.43 5.35 4.78 3.98 3.09 2.22 1.66 1.63 2.18 2.95 3.70 4.37 4.70 4.53 3.87 3.07 2.10 1.28 0.78 1.00 1.88 2.89
 28   3.86 4.71 5.33 5.50 5.12 4.34 3.47 2.52 1.72 1.39 1.73 2.50 3.34 4.10 4.67 4.80 4.35 3.60 2.68 1.73 0.98 0.78 1.38 2.38
 29   3.29 4.24 5.10 5.54 5.45 4.78 3.92 2.99 2.02 1.40 1.38 2.01 2.88 3.74 4.49 4.89 4.78 4.14 3.32 2.36 1.49 0.94 1.07 1.92
 30   2.86 3.82 4.76 5.42 5.62 5.18 4.41 3.46 2.46 1.58 1.18 1.51 2.36 3.26 4.06 4.74 4.95 4.58 3.86 3.02 2.05 1.32 1.05 1.56
 31   2.40 3.37 4.30 5.14 5.54 5.41 4.75 3.88 2.88 1.91 1.22 1.15 1.80 2.70 3.58 4.37 4.90 4.94 4.40 3.67 2.79 1.93 1.37 1.38
 ----------------------------------------------------------------------------------------------------------------------------
                                                                                               
 ----------------------------------------------------------------------------------------------------------------------------
 ----------------------------------------------------------------------------------------------------------------------------
                                                          SURVEY OF INDIA
                                                    MARINE GEODESY WING (G&RB)
                                                     HOURLY HEIGHTS IN METRES
  NAME OF PORT:- VADINAR                                                                            MONTH FEBRUARY  YEAR 2013
 ----------------------------------------------------------------------------------------------------------------------------
 DAYS 0000 0001 0002 0003 0004 0005 0006 0007 0008 0009 0010 0011 0012 0013 0014 0015 0016 0017 0018 0019 0020 0021 0022 0023
 ----------------------------------------------------------------------------------------------------------------------------
  1   1.98 2.87 3.79 4.70 5.30 5.48 5.08 4.30 3.37 2.35 1.50 1.02 1.30 2.08 2.99 3.83 4.58 4.91 4.78 4.23 3.52 2.68 1.95 1.57
  2   1.74 2.42 3.22 4.10 4.86 5.28 5.25 4.70 3.89 2.96 1.96 1.20 0.98 1.44 2.26 3.14 3.93 4.58 4.84 4.65 4.13 3.48 2.71 2.13
  3   1.86 2.10 2.71 3.46 4.22 4.86 5.15 5.01 4.38 3.62 2.69 1.78 1.17 1.07 1.58 2.38 3.18 3.94 4.56 4.82 4.69 4.24 3.66 3.00
  4   2.44 2.20 2.30 2.83 3.47 4.12 4.65 4.88 4.70 4.14 3.41 2.51 1.70 1.13 1.03 1.50 2.26 3.06 3.79 4.44 4.77 4.74 4.44 3.93
  5   3.42 2.85 2.48 2.45 2.80 3.31 3.86 4.35 4.60 4.52 4.05 3.38 2.56 1.76 1.16 0.96 1.40 2.07 2.90 3.68 4.42 4.91 5.04 4.81
  6   4.39 3.79 3.16 2.59 2.34 2.49 2.94 3.46 4.00 4.38 4.48 4.19 3.60 2.85 1.99 1.27 0.85 1.00 1.68 2.56 3.42 4.23 4.92 5.18
  7   5.04 4.59 3.96 3.23 2.51 2.07 2.06 2.46 3.06 3.63 4.14 4.38 4.23 3.70 2.90 2.02 1.21 0.67 0.73 1.44 2.42 3.37 4.26 5.03
  8   5.33 5.20 4.69 3.94 3.10 2.26 1.74 1.70 2.18 2.87 3.58 4.24 4.57 4.44 3.85 3.05 2.07 1.18 0.56 0.58 1.42 2.46 3.53 4.49
  9   5.24 5.50 5.31 4.63 3.78 2.82 1.95 1.42 1.52 2.18 2.99 3.79 4.50 4.85 4.66 3.99 3.12 2.06 1.13 0.53 0.70 1.66 2.79 3.89
 10   4.90 5.50 5.73 5.32 4.52 3.57 2.53 1.66 1.22 1.50 2.32 3.22 4.09 4.79 5.08 4.78 4.00 3.08 1.98 1.07 0.56 0.98 2.09 3.20
 11   4.30 5.16 5.73 5.78 5.14 4.22 3.22 2.16 1.37 1.10 1.64 2.60 3.58 4.44 5.07 5.19 4.69 3.86 2.86 1.78 0.97 0.72 1.42 2.56
 12   3.66 4.57 5.40 5.79 5.54 4.74 3.76 2.69 1.68 1.00 1.03 1.80 2.82 3.79 4.68 5.15 5.11 4.44 3.61 2.60 1.62 0.98 1.08 1.99
 13   3.04 3.96 4.93 5.54 5.65 5.08 4.19 3.20 2.12 1.27 0.89 1.28 2.22 3.18 4.12 4.87 5.18 4.94 4.22 3.38 2.40 1.57 1.18 1.59
 14   2.47 3.38 4.32 5.14 5.51 5.34 4.62 3.70 2.67 1.68 1.00 0.95 1.66 2.58 3.50 4.34 4.93 5.08 4.69 3.96 3.15 2.26 1.62 1.52
 15   2.08 2.85 3.75 4.62 5.19 5.34 4.93 4.17 3.26 2.26 1.45 1.02 1.24 1.94 2.86 3.72 4.49 4.91 4.90 4.42 3.79 3.04 2.26 1.82
 16   1.90 2.47 3.26 4.00 4.68 5.03 4.97 4.44 3.70 2.82 1.92 1.29 1.11 1.53 2.27 3.10 3.85 4.50 4.80 4.69 4.24 3.67 2.98 2.40
 17   2.09 2.24 2.78 3.42 4.06 4.57 4.77 4.58 4.04 3.36 2.54 1.83 1.34 1.33 1.78 2.48 3.22 3.89 4.44 4.67 4.54 4.18 3.66 3.11
 18   2.67 2.41 2.54 2.96 3.48 3.99 4.35 4.48 4.26 3.77 3.16 2.46 1.86 1.51 1.54 1.94 2.57 3.23 3.84 4.37 4.62 4.57 4.27 3.86
 19   3.39 2.92 2.66 2.66 2.92 3.31 3.68 3.99 4.11 3.98 3.62 3.10 2.55 2.04 1.69 1.67 2.00 2.56 3.16 3.76 4.31 4.61 4.66 4.45
 20   4.06 3.60 3.12 2.74 2.58 2.70 3.02 3.37 3.71 3.94 3.94 3.69 3.28 2.74 2.18 1.74 1.58 1.78 2.28 2.94 3.59 4.22 4.71 4.87
 21   4.73 4.37 3.86 3.29 2.75 2.43 2.44 2.73 3.14 3.57 3.92 4.06 3.91 3.51 2.95 2.32 1.78 1.48 1.60 2.12 2.86 3.58 4.30 4.82
 22   4.99 4.79 4.34 3.75 3.08 2.46 2.17 2.26 2.67 3.21 3.72 4.13 4.26 4.06 3.54 2.88 2.17 1.59 1.31 1.57 2.26 3.08 3.90 4.67
 23   5.11 5.18 4.84 4.23 3.51 2.70 2.09 1.87 2.16 2.72 3.32 3.89 4.29 4.33 3.96 3.33 2.56 1.78 1.19 1.03 1.55 2.40 3.31 4.15
 24   4.84 5.18 5.05 4.48 3.73 2.86 2.03 1.55 1.58 2.14 2.87 3.58 4.18 4.51 4.36 3.80 3.04 2.16 1.39 0.91 1.05 1.83 2.80 3.74
 25   4.61 5.14 5.30 4.90 4.16 3.28 2.34 1.59 1.30 1.67 2.44 3.26 3.99 4.57 4.73 4.36 3.67 2.80 1.88 1.16 0.87 1.38 2.34 3.34
 26   4.26 5.00 5.41 5.31 4.66 3.76 2.78 1.84 1.23 1.28 1.99 2.88 3.78 4.56 4.99 4.92 4.31 3.50 2.54 1.64 1.03 1.10 1.86 2.84
 27   3.84 4.70 5.33 5.50 5.04 4.20 3.22 2.14 1.32 0.97 1.44 2.32 3.28 4.16 4.86 5.10 4.78 4.02 3.15 2.17 1.36 0.98 1.35 2.30
 28   3.30 4.16 4.98 5.39 5.23 4.50 3.56 2.48 1.47 0.81 0.83 1.62 2.64 3.59 4.44 4.99 5.04 4.48 3.68 2.75 1.81 1.15 1.03 1.72
 ----------------------------------------------------------------------------------------------------------------------------
                                                                                               
 ----------------------------------------------------------------------------------------------------------------------------
 ----------------------------------------------------------------------------------------------------------------------------
                                                          SURVEY OF INDIA
                                                    MARINE GEODESY WING (G&RB)
                                                     HOURLY HEIGHTS IN METRES
  NAME OF PORT:- VADINAR                                                                            MONTH MARCH     YEAR 2013
 ----------------------------------------------------------------------------------------------------------------------------
 DAYS 0000 0001 0002 0003 0004 0005 0006 0007 0008 0009 0010 0011 0012 0013 0014 0015 0016 0017 0018 0019 0020 0021 0022 0023
 ----------------------------------------------------------------------------------------------------------------------------
  1   2.68 3.60 4.48 5.13 5.29 4.80 3.94 2.92 1.83 0.94 0.54 0.96 1.91 2.94 3.88 4.67 5.07 4.91 4.25 3.48 2.53 1.70 1.22 1.44
  2   2.18 3.02 3.91 4.74 5.17 5.08 4.42 3.54 2.45 1.46 0.74 0.61 1.29 2.27 3.28 4.17 4.90 5.14 4.83 4.18 3.43 2.54 1.83 1.54
  3   1.88 2.57 3.41 4.24 4.89 5.15 4.86 4.13 3.22 2.18 1.29 0.73 0.85 1.62 2.59 3.52 4.35 4.95 5.09 4.75 4.14 3.42 2.64 2.05
  4   1.86 2.15 2.81 3.58 4.30 4.80 4.94 4.57 3.85 3.00 2.04 1.23 0.85 1.07 1.81 2.71 3.59 4.36 4.90 5.04 4.75 4.22 3.58 2.91
  5   2.36 2.15 2.40 2.96 3.57 4.17 4.59 4.70 4.36 3.75 2.96 2.11 1.41 1.05 1.21 1.86 2.67 3.48 4.22 4.77 4.99 4.82 4.39 3.84
  6   3.23 2.66 2.33 2.37 2.75 3.26 3.80 4.26 4.45 4.32 3.86 3.18 2.42 1.72 1.25 1.18 1.66 2.39 3.18 3.94 4.64 5.04 5.08 4.78
  7   4.25 3.66 2.99 2.44 2.20 2.37 2.82 3.37 3.89 4.29 4.41 4.13 3.59 2.89 2.10 1.47 1.17 1.42 2.11 2.92 3.76 4.55 5.11 5.27
  8   5.04 4.56 3.87 3.10 2.37 1.93 1.98 2.47 3.10 3.75 4.33 4.62 4.50 3.98 3.26 2.39 1.62 1.12 1.18 1.86 2.75 3.63 4.52 5.16
  9   5.38 5.19 4.58 3.79 2.93 2.09 1.61 1.70 2.33 3.11 3.88 4.55 4.88 4.76 4.14 3.35 2.40 1.54 0.99 1.10 1.88 2.86 3.83 4.74
 10   5.34 5.51 5.18 4.44 3.58 2.58 1.74 1.29 1.55 2.34 3.26 4.09 4.79 5.10 4.86 4.18 3.32 2.30 1.42 0.94 1.21 2.06 3.13 4.11
 11   5.00 5.45 5.51 4.96 4.11 3.12 2.06 1.29 1.03 1.59 2.54 3.51 4.39 5.05 5.23 4.79 4.00 3.06 1.99 1.20 0.91 1.48 2.50 3.56
 12   4.48 5.18 5.53 5.34 4.57 3.64 2.60 1.57 0.94 1.02 1.82 2.86 3.86 4.74 5.26 5.26 4.64 3.78 2.78 1.80 1.11 1.08 1.92 2.92
 13   3.80 4.72 5.34 5.51 5.02 4.16 3.17 2.07 1.16 0.78 1.18 2.17 3.23 4.17 4.99 5.34 5.13 4.40 3.52 2.55 1.68 1.23 1.54 2.40
 14   3.34 4.19 5.01 5.42 5.31 4.59 3.68 2.59 1.57 0.88 0.84 1.59 2.62 3.60 4.51 5.12 5.27 4.82 4.04 3.16 2.21 1.50 1.30 1.87
 15   2.72 3.56 4.42 5.05 5.23 4.80 3.99 3.05 1.95 1.11 0.68 1.06 1.96 2.93 3.87 4.68 5.12 5.06 4.48 3.74 2.87 2.03 1.52 1.62
 16   2.26 3.03 3.83 4.57 4.96 4.86 4.24 3.39 2.40 1.48 0.86 0.80 1.45 2.37 3.29 4.11 4.76 4.99 4.72 4.12 3.40 2.58 1.91 1.62
 17   1.87 2.54 3.29 4.00 4.56 4.75 4.43 3.76 2.94 2.04 1.30 0.94 1.19 1.89 2.77 3.60 4.33 4.80 4.87 4.51 3.94 3.27 2.56 2.06
 18   1.97 2.29 2.89 3.55 4.15 4.51 4.53 4.10 3.45 2.67 1.90 1.34 1.23 1.65 2.38 3.16 3.89 4.51 4.82 4.76 4.38 3.83 3.21 2.65
 19   2.29 2.33 2.68 3.21 3.75 4.20 4.40 4.28 3.84 3.24 2.56 1.94 1.56 1.52 1.92 2.56 3.25 3.90 4.45 4.70 4.63 4.30 3.81 3.28
 20   2.76 2.47 2.44 2.73 3.16 3.61 3.96 4.14 4.04 3.70 3.20 2.63 2.08 1.74 1.70 2.04 2.59 3.21 3.80 4.32 4.61 4.61 4.35 3.93
 21   3.43 2.95 2.54 2.41 2.56 2.90 3.31 3.67 3.91 3.97 3.77 3.38 2.87 2.35 1.93 1.76 1.95 2.45 3.04 3.64 4.19 4.59 4.71 4.52
 22   4.12 3.63 3.06 2.54 2.22 2.24 2.54 2.98 3.44 3.81 4.02 3.97 3.66 3.18 2.59 2.06 1.72 1.79 2.20 2.82 3.51 4.19 4.71 4.87
 23   4.68 4.29 3.72 3.04 2.40 2.02 2.02 2.39 2.93 3.51 4.00 4.28 4.25 3.87 3.31 2.63 1.99 1.61 1.64 2.15 2.88 3.65 4.40 4.92
 24   5.07 4.84 4.28 3.59 2.77 2.08 1.73 1.89 2.47 3.13 3.81 4.39 4.65 4.51 3.99 3.32 2.55 1.85 1.46 1.61 2.27 3.13 3.96 4.73
 25   5.11 5.12 4.69 3.99 3.15 2.23 1.59 1.40 1.85 2.63 3.43 4.20 4.75 4.88 4.51 3.87 3.05 2.14 1.48 1.26 1.71 2.55 3.47 4.35
 26   5.01 5.25 5.06 4.38 3.55 2.58 1.71 1.18 1.31 2.07 2.99 3.89 4.67 5.08 5.02 4.43 3.64 2.74 1.83 1.26 1.27 1.98 2.95 3.88
 27   4.75 5.21 5.30 4.79 3.95 3.01 1.97 1.19 0.92 1.51 2.47 3.47 4.39 5.11 5.38 5.09 4.37 3.51 2.52 1.69 1.25 1.56 2.47 3.45
 28   4.38 5.05 5.40 5.20 4.45 3.51 2.41 1.43 0.78 0.88 1.76 2.84 3.87 4.81 5.40 5.46 4.90 4.07 3.13 2.15 1.44 1.29 1.96 2.92
 29   3.83 4.63 5.23 5.37 4.85 3.99 2.97 1.83 0.90 0.49 0.98 2.01 3.13 4.16 5.06 5.48 5.33 4.64 3.77 2.80 1.90 1.35 1.48 2.29
 30   3.11 3.99 4.80 5.23 5.14 4.43 3.51 2.39 1.34 0.55 0.43 1.20 2.31 3.40 4.39 5.20 5.49 5.16 4.43 3.57 2.62 1.79 1.38 1.71
 31   2.51 3.35 4.19 4.87 5.13 4.82 4.04 3.11 1.99 1.04 0.42 0.58 1.49 2.57 3.62 4.56 5.25 5.40 4.99 4.29 3.44 2.54 1.82 1.57
 ----------------------------------------------------------------------------------------------------------------------------
                                                                                               
 ----------------------------------------------------------------------------------------------------------------------------
 ----------------------------------------------------------------------------------------------------------------------------
                                                          SURVEY OF INDIA
                                                    MARINE GEODESY WING (G&RB)
                                                     HOURLY HEIGHTS IN METRES
  NAME OF PORT:- VADINAR                                                                            MONTH APRIL     YEAR 2013
 ----------------------------------------------------------------------------------------------------------------------------
 DAYS 0000 0001 0002 0003 0004 0005 0006 0007 0008 0009 0010 0011 0012 0013 0014 0015 0016 0017 0018 0019 0020 0021 0022 0023
 ----------------------------------------------------------------------------------------------------------------------------
  1   1.99 2.71 3.51 4.27 4.80 4.93 4.50 3.73 2.79 1.75 0.89 0.48 0.81 1.74 2.77 3.75 4.62 5.16 5.22 4.78 4.10 3.33 2.47 1.88
  2   1.75 2.13 2.81 3.55 4.23 4.69 4.76 4.34 3.63 2.76 1.83 1.10 0.80 1.19 2.03 2.97 3.85 4.65 5.13 5.16 4.75 4.15 3.41 2.65
  3   2.05 1.92 2.18 2.75 3.35 3.97 4.41 4.54 4.24 3.65 2.90 2.07 1.40 1.07 1.34 2.07 2.91 3.73 4.49 4.99 5.10 4.82 4.27 3.60
  4   2.87 2.29 1.93 1.99 2.42 3.01 3.58 4.04 4.31 4.23 3.80 3.19 2.43 1.75 1.29 1.31 1.85 2.64 3.43 4.18 4.79 5.04 4.88 4.43
  5   3.81 3.12 2.36 1.81 1.68 2.02 2.63 3.25 3.82 4.25 4.36 4.07 3.54 2.84 2.07 1.46 1.24 1.63 2.40 3.20 3.99 4.71 5.10 5.05
  6   4.63 4.03 3.25 2.34 1.70 1.44 1.69 2.35 3.06 3.75 4.33 4.59 4.40 3.87 3.16 2.34 1.62 1.26 1.52 2.26 3.10 3.92 4.71 5.13
  7   5.09 4.67 3.95 3.07 2.12 1.43 1.17 1.55 2.33 3.14 3.92 4.59 4.89 4.70 4.11 3.34 2.45 1.69 1.30 1.58 2.35 3.23 4.10 4.83
  8   5.20 5.11 4.53 3.71 2.76 1.80 1.13 1.01 1.61 2.51 3.39 4.24 4.91 5.12 4.80 4.12 3.29 2.35 1.59 1.27 1.69 2.54 3.45 4.33
  9   4.99 5.22 4.95 4.21 3.35 2.29 1.41 0.84 0.97 1.77 2.74 3.73 4.59 5.16 5.22 4.71 3.94 3.04 2.09 1.44 1.28 1.88 2.79 3.71
 10   4.55 5.01 5.12 4.61 3.79 2.81 1.76 0.93 0.62 1.13 2.09 3.12 4.08 4.88 5.28 5.11 4.48 3.66 2.71 1.84 1.31 1.43 2.21 3.11
 11   4.01 4.63 4.98 4.81 4.13 3.25 2.19 1.25 0.63 0.67 1.46 2.49 3.49 4.39 5.09 5.27 4.91 4.18 3.34 2.40 1.66 1.37 1.81 2.62
 12   3.49 4.17 4.75 4.89 4.45 3.67 2.73 1.69 0.89 0.55 0.99 1.95 2.97 4.01 4.86 5.29 5.18 4.57 3.80 2.90 2.03 1.53 1.63 2.33
 13   3.07 3.85 4.51 4.83 4.61 3.93 3.09 2.09 1.21 0.65 0.77 1.56 2.56 3.51 4.40 5.08 5.25 4.90 4.21 3.43 2.51 1.83 1.56 1.95
 14   2.72 3.40 4.11 4.63 4.72 4.25 3.53 2.63 1.71 0.99 0.74 1.20 2.06 3.00 3.91 4.73 5.15 5.09 4.59 3.89 3.06 2.27 1.76 1.78
 15   2.32 2.98 3.67 4.29 4.59 4.45 3.87 3.13 2.24 1.47 0.97 1.02 1.67 2.48 3.39 4.22 4.88 5.12 4.88 4.33 3.63 2.87 2.19 1.86
 16   2.05 2.53 3.19 3.81 4.29 4.45 4.18 3.61 2.88 2.09 1.44 1.11 1.31 1.99 2.83 3.63 4.36 4.85 4.96 4.64 4.09 3.43 2.71 2.19
 17   2.04 2.25 2.77 3.35 3.88 4.27 4.32 3.99 3.45 2.76 2.07 1.55 1.39 1.73 2.40 3.14 3.86 4.51 4.88 4.86 4.51 3.99 3.35 2.71
 18   2.26 2.12 2.34 2.79 3.29 3.75 4.03 4.06 3.80 3.35 2.77 2.19 1.77 1.66 1.98 2.56 3.21 3.86 4.45 4.80 4.79 4.51 4.02 3.39
 19   2.78 2.37 2.16 2.29 2.67 3.13 3.56 3.93 4.07 3.92 3.56 3.09 2.56 2.14 1.91 2.05 2.50 3.09 3.71 4.27 4.67 4.78 4.53 4.04
 20   3.45 2.89 2.33 1.96 2.01 2.39 2.87 3.39 3.80 4.08 4.08 3.79 3.35 2.82 2.30 1.96 1.98 2.39 2.96 3.61 4.23 4.70 4.86 4.59
 21   4.08 3.53 2.78 2.10 1.68 1.71 2.15 2.77 3.39 3.94 4.31 4.36 4.02 3.52 2.86 2.22 1.79 1.72 2.14 2.82 3.54 4.21 4.76 4.91
 22   4.60 4.10 3.39 2.51 1.78 1.35 1.45 2.07 2.82 3.54 4.19 4.62 4.62 4.15 3.51 2.81 2.07 1.60 1.59 2.17 2.89 3.66 4.44 4.90
 23   4.93 4.55 3.85 2.99 2.07 1.31 1.02 1.39 2.21 3.07 3.88 4.59 4.93 4.79 4.24 3.52 2.67 1.91 1.45 1.59 2.27 3.11 3.96 4.69
 24   5.04 4.93 4.35 3.51 2.51 1.55 0.86 0.79 1.47 2.43 3.39 4.25 4.93 5.18 4.88 4.21 3.42 2.51 1.78 1.40 1.75 2.57 3.45 4.28
 25   4.83 5.13 4.81 4.03 3.11 1.99 1.07 0.53 0.83 1.75 2.79 3.83 4.75 5.33 5.39 4.87 4.11 3.23 2.29 1.57 1.39 1.95 2.87 3.79
 26   4.51 5.03 5.09 4.51 3.65 2.59 1.51 0.63 0.35 0.91 1.99 3.11 4.15 5.07 5.55 5.45 4.81 3.97 3.03 2.11 1.47 1.47 2.27 3.19
 27   3.95 4.71 5.11 4.99 4.23 3.27 2.15 1.11 0.35 0.31 1.19 2.37 3.47 4.47 5.39 5.71 5.43 4.71 3.83 2.87 1.95 1.47 1.71 2.51
 28   3.33 4.21 4.91 5.17 4.81 4.01 3.01 1.85 0.85 0.27 0.51 1.49 2.65 3.73 4.79 5.53 5.73 5.29 4.49 3.57 2.61 1.81 1.49 1.89
 29   2.69 3.53 4.33 4.91 5.03 4.53 3.69 2.69 1.57 0.69 0.29 0.73 1.81 2.89 3.97 4.97 5.57 5.63 5.11 4.33 3.41 2.53 1.79 1.61
 30   2.01 2.81 3.61 4.37 4.85 4.89 4.35 3.55 2.57 1.57 0.79 0.55 1.09 2.05 3.13 4.13 5.03 5.53 5.51 4.99 4.21 3.37 2.45 1.81
 ----------------------------------------------------------------------------------------------------------------------------
                                                                                               
 ----------------------------------------------------------------------------------------------------------------------------
 ----------------------------------------------------------------------------------------------------------------------------
                                                          SURVEY OF INDIA
                                                    MARINE GEODESY WING (G&RB)
                                                     HOURLY HEIGHTS IN METRES
  NAME OF PORT:- VADINAR                                                                            MONTH MAY       YEAR 2013
 ----------------------------------------------------------------------------------------------------------------------------
 DAYS 0000 0001 0002 0003 0004 0005 0006 0007 0008 0009 0010 0011 0012 0013 0014 0015 0016 0017 0018 0019 0020 0021 0022 0023
 ----------------------------------------------------------------------------------------------------------------------------
  1   1.64 2.05 2.76 3.52 4.19 4.63 4.67 4.21 3.49 2.61 1.69 1.02 0.81 1.32 2.26 3.21 4.13 4.95 5.40 5.35 4.83 4.13 3.29 2.46
  2   1.86 1.69 2.02 2.67 3.37 3.98 4.41 4.52 4.17 3.58 2.83 2.03 1.40 1.19 1.60 2.38 3.25 4.11 4.85 5.27 5.26 4.82 4.15 3.35
  3   2.61 1.95 1.66 1.87 2.45 3.10 3.71 4.22 4.50 4.38 3.94 3.34 2.61 1.99 1.61 1.75 2.38 3.13 3.93 4.63 5.10 5.19 4.83 4.18
  4   3.51 2.69 1.96 1.56 1.65 2.17 2.83 3.52 4.13 4.54 4.61 4.27 3.72 3.05 2.35 1.88 1.86 2.37 3.10 3.85 4.55 5.02 5.14 4.79
  5   4.25 3.54 2.67 1.88 1.41 1.45 1.98 2.75 3.51 4.21 4.75 4.90 4.60 4.06 3.37 2.60 2.03 1.89 2.30 3.00 3.75 4.46 4.97 5.10
  6   4.81 4.21 3.43 2.50 1.66 1.15 1.22 1.89 2.75 3.59 4.37 4.94 5.10 4.78 4.16 3.43 2.62 2.03 1.85 2.29 3.01 3.76 4.49 4.95
  7   5.03 4.69 4.01 3.17 2.18 1.38 0.96 1.23 2.03 2.95 3.84 4.64 5.16 5.19 4.76 4.08 3.30 2.48 1.89 1.81 2.33 3.09 3.87 4.56
  8   4.94 4.92 4.41 3.66 2.74 1.79 1.08 0.84 1.37 2.27 3.23 4.15 4.95 5.33 5.20 4.64 3.90 3.00 2.26 1.74 1.81 2.45 3.24 4.00
  9   4.59 4.90 4.73 4.08 3.26 2.27 1.39 0.81 0.87 1.62 2.60 3.59 4.53 5.21 5.44 5.13 4.45 3.66 2.79 2.05 1.70 2.02 2.74 3.55
 10   4.23 4.73 4.87 4.44 3.69 2.79 1.81 1.01 0.71 1.16 2.09 3.08 4.02 4.90 5.41 5.39 4.85 4.11 3.27 2.41 1.82 1.75 2.34 3.11
 11   3.85 4.42 4.80 4.72 4.11 3.32 2.35 1.46 0.87 0.89 1.64 2.62 3.61 4.53 5.28 5.54 5.27 4.61 3.81 2.96 2.17 1.77 2.02 2.72
 12   3.47 4.08 4.65 4.83 4.48 3.77 2.87 1.91 1.14 0.81 1.21 2.08 3.06 4.01 4.90 5.42 5.46 4.97 4.25 3.45 2.60 1.95 1.81 2.31
 13   3.00 3.62 4.26 4.62 4.56 4.02 3.24 2.33 1.48 0.93 0.94 1.61 2.58 3.50 4.41 5.14 5.43 5.27 4.65 3.92 3.12 2.36 1.88 1.96
 14   2.53 3.18 3.83 4.37 4.57 4.30 3.68 2.89 2.01 1.30 0.97 1.27 2.04 2.94 3.81 4.64 5.18 5.28 4.93 4.30 3.57 2.77 2.10 1.85
 15   2.09 2.69 3.33 3.93 4.33 4.38 3.97 3.33 2.54 1.78 1.22 1.12 1.62 2.41 3.26 4.08 4.79 5.14 5.06 4.57 3.90 3.14 2.36 1.84
 16   1.76 2.17 2.79 3.39 3.92 4.25 4.18 3.73 3.11 2.40 1.74 1.32 1.41 1.99 2.76 3.57 4.32 4.90 5.10 4.88 4.32 3.65 2.88 2.19
 17   1.81 1.88 2.29 2.86 3.43 3.90 4.17 4.07 3.64 3.07 2.41 1.84 1.55 1.71 2.27 2.97 3.70 4.39 4.87 4.98 4.66 4.11 3.42 2.69
 18   2.12 1.77 1.84 2.27 2.85 3.41 3.88 4.16 4.12 3.74 3.21 2.59 2.02 1.70 1.76 2.28 2.94 3.63 4.29 4.75 4.88 4.61 4.08 3.40
 19   2.64 2.05 1.64 1.65 2.06 2.66 3.24 3.75 4.13 4.20 3.93 3.47 2.89 2.32 1.91 1.86 2.26 2.90 3.55 4.18 4.66 4.83 4.58 4.04
 20   3.40 2.69 1.97 1.50 1.46 1.90 2.54 3.20 3.81 4.30 4.46 4.22 3.74 3.16 2.52 2.02 1.91 2.27 2.89 3.54 4.17 4.66 4.81 4.49
 21   3.89 3.25 2.45 1.69 1.21 1.24 1.81 2.57 3.34 4.01 4.56 4.72 4.42 3.90 3.24 2.53 1.99 1.84 2.21 2.87 3.57 4.23 4.71 4.80
 22   4.50 3.87 3.09 2.16 1.37 0.92 1.09 1.81 2.73 3.58 4.37 4.93 5.04 4.69 4.08 3.37 2.55 1.98 1.82 2.26 2.96 3.69 4.40 4.82
 23   4.81 4.41 3.69 2.77 1.81 1.00 0.66 1.05 1.94 2.93 3.88 4.75 5.27 5.28 4.78 4.08 3.29 2.43 1.86 1.80 2.36 3.11 3.91 4.61
 24   4.96 4.87 4.27 3.42 2.40 1.41 0.64 0.46 1.14 2.20 3.29 4.34 5.22 5.59 5.43 4.80 3.98 3.12 2.26 1.73 1.81 2.50 3.35 4.16
 25   4.75 5.07 4.82 4.06 3.11 1.99 0.98 0.31 0.43 1.37 2.52 3.59 4.62 5.42 5.73 5.43 4.69 3.81 2.87 2.02 1.64 1.93 2.69 3.58
 26   4.32 4.92 5.14 4.73 3.91 2.88 1.74 0.73 0.21 0.55 1.61 2.77 3.87 4.95 5.68 5.87 5.44 4.63 3.75 2.78 1.96 1.58 2.01 2.85
 27   3.69 4.45 5.02 5.14 4.62 3.73 2.67 1.55 0.61 0.24 0.79 1.87 3.02 4.13 5.19 5.81 5.88 5.34 4.49 3.58 2.61 1.81 1.53 2.04
 28   2.81 3.62 4.41 4.99 5.08 4.57 3.71 2.68 1.60 0.73 0.41 1.03 2.13 3.23 4.31 5.28 5.79 5.75 5.12 4.26 3.35 2.39 1.66 1.47
 29   1.92 2.73 3.57 4.34 4.85 4.91 4.37 3.56 2.56 1.56 0.78 0.60 1.29 2.34 3.41 4.40 5.27 5.68 5.53 4.89 4.04 3.14 2.20 1.55
 30   1.43 1.93 2.71 3.51 4.20 4.68 4.72 4.25 3.51 2.61 1.71 1.05 0.95 1.63 2.59 3.59 4.53 5.27 5.53 5.27 4.61 3.79 2.87 1.97
 31   1.43 1.33 1.83 2.59 3.31 3.99 4.47 4.53 4.15 3.53 2.75 1.95 1.35 1.27 1.87 2.71 3.59 4.45 5.09 5.33 5.07 4.43 3.63 2.71
 ----------------------------------------------------------------------------------------------------------------------------
                                                                                               
 ----------------------------------------------------------------------------------------------------------------------------
 ----------------------------------------------------------------------------------------------------------------------------
                                                          SURVEY OF INDIA
                                                    MARINE GEODESY WING (G&RB)
                                                     HOURLY HEIGHTS IN METRES
  NAME OF PORT:- VADINAR                                                                            MONTH JUNE      YEAR 2013
 ----------------------------------------------------------------------------------------------------------------------------
 DAYS 0000 0001 0002 0003 0004 0005 0006 0007 0008 0009 0010 0011 0012 0013 0014 0015 0016 0017 0018 0019 0020 0021 0022 0023
 ----------------------------------------------------------------------------------------------------------------------------
  1   1.89 1.37 1.28 1.74 2.46 3.18 3.83 4.37 4.54 4.29 3.80 3.13 2.40 1.82 1.60 2.00 2.75 3.52 4.29 4.87 5.13 4.92 4.33 3.58
  2   2.71 1.97 1.36 1.18 1.54 2.24 2.99 3.68 4.31 4.64 4.56 4.14 3.56 2.86 2.23 1.90 2.11 2.72 3.43 4.08 4.67 4.99 4.84 4.32
  3   3.67 2.86 2.04 1.37 1.10 1.43 2.12 2.91 3.67 4.35 4.80 4.82 4.45 3.88 3.22 2.55 2.12 2.18 2.63 3.32 3.99 4.49 4.80 4.68
  4   4.25 3.65 2.84 1.98 1.32 1.07 1.39 2.15 3.00 3.80 4.57 4.99 4.99 4.59 3.96 3.23 2.53 2.08 2.09 2.63 3.26 3.88 4.45 4.72
  5   4.60 4.12 3.44 2.56 1.72 1.09 0.97 1.49 2.36 3.25 4.11 4.85 5.21 5.12 4.61 3.94 3.20 2.47 2.03 2.13 2.65 3.29 3.97 4.53
  6   4.73 4.58 4.01 3.25 2.34 1.53 0.96 0.99 1.69 2.60 3.53 4.40 5.08 5.33 5.10 4.52 3.81 3.03 2.32 2.00 2.23 2.83 3.51 4.16
  7   4.59 4.71 4.39 3.72 2.90 2.00 1.23 0.88 1.22 2.08 3.03 3.96 4.83 5.34 5.39 4.95 4.26 3.51 2.69 2.09 1.98 2.39 3.07 3.76
  8   4.34 4.65 4.65 4.12 3.38 2.47 1.60 0.97 0.91 1.55 2.51 3.47 4.40 5.16 5.50 5.34 4.75 3.95 3.17 2.38 1.96 2.09 2.71 3.40
  9   4.05 4.51 4.75 4.49 3.82 2.99 2.05 1.26 0.86 1.16 2.04 3.03 3.99 4.88 5.46 5.56 5.15 4.45 3.62 2.80 2.13 1.94 2.36 3.06
 10   3.77 4.33 4.76 4.79 4.29 3.54 2.64 1.76 1.12 1.03 1.68 2.61 3.59 4.54 5.34 5.67 5.51 4.87 4.09 3.29 2.46 1.96 2.03 2.65
 11   3.34 3.99 4.57 4.84 4.66 4.04 3.25 2.30 1.51 1.06 1.26 2.07 3.03 3.95 4.88 5.48 5.60 5.20 4.53 3.71 2.87 2.17 1.88 2.21
 12   2.87 3.49 4.13 4.61 4.72 4.30 3.58 2.72 1.84 1.20 1.05 1.60 2.50 3.43 4.33 5.15 5.54 5.45 4.90 4.13 3.33 2.53 1.95 1.96
 13   2.43 3.09 3.77 4.39 4.71 4.64 4.11 3.39 2.55 1.79 1.33 1.45 2.12 3.00 3.91 4.79 5.38 5.56 5.21 4.56 3.77 2.94 2.19 1.84
 14   2.03 2.59 3.26 3.91 4.45 4.66 4.45 3.86 3.15 2.37 1.72 1.42 1.74 2.46 3.33 4.19 5.00 5.41 5.39 4.91 4.21 3.41 2.59 1.98
 15   1.79 2.13 2.74 3.40 3.99 4.48 4.61 4.31 3.77 3.11 2.39 1.86 1.75 2.20 2.92 3.72 4.55 5.15 5.43 5.27 4.72 3.98 3.16 2.38
 16   1.82 1.76 2.20 2.84 3.49 4.09 4.51 4.57 4.25 3.72 3.09 2.44 1.98 1.93 2.37 3.08 3.88 4.63 5.08 5.27 4.99 4.36 3.61 2.78
 17   2.05 1.68 1.70 2.20 2.85 3.57 4.16 4.51 4.64 4.35 3.87 3.29 2.65 2.20 2.11 2.53 3.19 3.87 4.55 4.99 5.10 4.77 4.14 3.42
 18   2.56 1.94 1.48 1.45 1.93 2.65 3.36 4.00 4.53 4.71 4.52 4.06 3.50 2.88 2.37 2.19 2.51 3.07 3.71 4.35 4.78 4.91 4.59 3.97
 19   3.24 2.44 1.68 1.17 1.19 1.75 2.52 3.32 4.05 4.65 4.94 4.79 4.34 3.76 3.08 2.44 2.14 2.33 2.90 3.55 4.19 4.68 4.86 4.58
 20   3.96 3.28 2.36 1.52 0.96 0.98 1.61 2.49 3.39 4.20 4.97 5.28 5.17 4.67 4.00 3.26 2.56 2.18 2.32 2.88 3.56 4.23 4.76 4.97
 21   4.71 4.10 3.27 2.26 1.38 0.77 0.82 1.57 2.57 3.53 4.49 5.25 5.51 5.29 4.67 3.89 3.09 2.35 1.96 2.16 2.79 3.51 4.25 4.76
 22   4.91 4.61 3.90 2.99 1.91 0.99 0.44 0.64 1.58 2.64 3.69 4.74 5.48 5.72 5.39 4.69 3.84 2.96 2.16 1.78 2.07 2.78 3.59 4.36
 23   4.85 5.01 4.63 3.81 2.83 1.72 0.74 0.25 0.61 1.67 2.81 3.94 5.02 5.68 5.82 5.34 4.53 3.64 2.68 1.87 1.57 2.00 2.83 3.70
 24   4.47 4.97 5.11 4.65 3.79 2.70 1.56 0.60 0.19 0.71 1.85 3.00 4.11 5.18 5.82 5.88 5.32 4.45 3.50 2.52 1.73 1.47 2.02 2.89
 25   3.78 4.51 5.05 5.13 4.56 3.65 2.56 1.46 0.55 0.24 0.91 2.09 3.25 4.36 5.37 5.88 5.80 5.11 4.19 3.21 2.20 1.48 1.33 2.00
 26   2.90 3.74 4.55 5.05 5.04 4.40 3.50 2.46 1.39 0.58 0.42 1.21 2.37 3.46 4.57 5.46 5.85 5.58 4.81 3.88 2.88 1.91 1.25 1.29
 27   1.98 2.85 3.72 4.51 4.96 4.88 4.24 3.41 2.40 1.43 0.78 0.78 1.64 2.72 3.77 4.81 5.55 5.75 5.32 4.49 3.55 2.54 1.61 1.08
 28   1.25 1.97 2.86 3.69 4.42 4.84 4.73 4.11 3.35 2.40 1.57 1.02 1.16 1.97 2.95 3.91 4.88 5.46 5.52 5.00 4.20 3.27 2.26 1.45
 29   1.06 1.30 2.04 2.89 3.66 4.34 4.71 4.61 4.09 3.41 2.58 1.82 1.40 1.56 2.33 3.20 4.08 4.86 5.32 5.27 4.72 3.94 3.03 2.08
 30   1.37 1.07 1.34 2.06 2.85 3.60 4.25 4.62 4.57 4.18 3.62 2.92 2.26 1.87 1.95 2.54 3.29 4.05 4.70 5.06 5.00 4.49 3.78 2.95
 ----------------------------------------------------------------------------------------------------------------------------
                                                                                               
 ----------------------------------------------------------------------------------------------------------------------------
 ----------------------------------------------------------------------------------------------------------------------------
                                                          SURVEY OF INDIA
                                                    MARINE GEODESY WING (G&RB)
                                                     HOURLY HEIGHTS IN METRES
  NAME OF PORT:- VADINAR                                                                            MONTH JULY      YEAR 2013
 ----------------------------------------------------------------------------------------------------------------------------
 DAYS 0000 0001 0002 0003 0004 0005 0006 0007 0008 0009 0010 0011 0012 0013 0014 0015 0016 0017 0018 0019 0020 0021 0022 0023
 ----------------------------------------------------------------------------------------------------------------------------
  1   2.07 1.46 1.14 1.37 2.02 2.79 3.53 4.19 4.61 4.68 4.39 3.86 3.24 2.61 2.16 2.13 2.60 3.23 3.85 4.41 4.72 4.63 4.16 3.51
  2   2.69 2.02 1.39 1.09 1.31 1.89 2.65 3.40 4.08 4.58 4.72 4.47 4.03 3.47 2.82 2.34 2.19 2.50 3.04 3.60 4.10 4.41 4.41 4.02
  3   3.45 2.81 2.03 1.37 1.05 1.23 1.86 2.63 3.40 4.07 4.64 4.80 4.57 4.12 3.50 2.86 2.34 2.14 2.35 2.86 3.41 3.89 4.24 4.26
  4   3.93 3.44 2.74 2.01 1.30 0.93 1.09 1.73 2.60 3.41 4.17 4.77 4.96 4.72 4.20 3.58 2.87 2.29 2.03 2.26 2.73 3.30 3.88 4.26
  5   4.25 3.97 3.43 2.67 1.86 1.21 0.92 1.24 1.99 2.86 3.68 4.46 4.98 5.05 4.70 4.09 3.40 2.65 2.09 1.92 2.25 2.82 3.41 3.94
  6   4.24 4.24 3.81 3.14 2.32 1.52 0.93 0.81 1.37 2.23 3.15 4.01 4.77 5.13 5.01 4.49 3.83 3.05 2.33 1.87 1.93 2.41 3.09 3.69
  7   4.19 4.37 4.19 3.65 2.89 1.98 1.23 0.79 0.97 1.77 2.69 3.61 4.49 5.11 5.27 4.93 4.33 3.57 2.73 2.05 1.77 2.05 2.69 3.37
  8   3.98 4.35 4.45 4.05 3.39 2.50 1.65 0.97 0.77 1.33 2.25 3.19 4.11 4.93 5.33 5.25 4.71 3.97 3.16 2.33 1.81 1.79 2.33 3.05
  9   3.71 4.24 4.53 4.41 3.81 3.01 2.13 1.31 0.83 1.01 1.77 2.77 3.73 4.61 5.23 5.41 5.01 4.33 3.51 2.65 1.93 1.61 1.93 2.55
 10   3.25 3.93 4.49 4.63 4.21 3.53 2.69 1.74 1.09 0.87 1.37 2.25 3.23 4.13 4.97 5.33 5.23 4.65 3.85 3.01 2.17 1.63 1.64 2.25
 11   2.95 3.61 4.29 4.67 4.57 3.97 3.23 2.33 1.53 0.97 1.09 1.79 2.73 3.69 4.61 5.25 5.41 5.01 4.29 3.47 2.53 1.77 1.41 1.73
 12   2.33 3.09 3.83 4.41 4.63 4.29 3.65 2.81 1.93 1.21 0.93 1.37 2.25 3.17 4.05 4.87 5.29 5.15 4.57 3.77 2.85 1.95 1.33 1.29
 13   1.77 2.57 3.33 3.97 4.49 4.55 4.09 3.39 2.57 1.75 1.20 1.19 1.81 2.69 3.61 4.45 5.09 5.27 4.89 4.21 3.35 2.41 1.61 1.25
 14   1.37 2.03 2.81 3.53 4.17 4.57 4.45 3.95 3.29 2.49 1.77 1.37 1.55 2.21 3.05 3.89 4.69 5.13 5.11 4.61 3.87 2.99 2.07 1.37
 15   1.09 1.45 2.14 2.93 3.67 4.29 4.57 4.40 3.89 3.27 2.53 1.91 1.63 1.89 2.57 3.35 4.13 4.77 5.07 4.89 4.29 3.53 2.59 1.75
 16   1.25 1.09 1.53 2.25 3.03 3.75 4.33 4.57 4.41 3.95 3.37 2.69 2.11 1.85 2.11 2.75 3.45 4.13 4.67 4.89 4.65 4.05 3.35 2.60
 17   1.84 1.16 0.96 1.38 2.14 2.98 3.75 4.42 4.74 4.65 4.24 3.66 3.01 2.39 2.09 2.25 2.67 3.30 3.98 4.53 4.80 4.64 4.10 3.43
 18   2.62 1.72 1.08 0.83 1.23 2.03 2.92 3.76 4.50 4.91 4.89 4.52 3.95 3.33 2.71 2.25 2.21 2.61 3.16 3.82 4.39 4.70 4.62 4.16
 19   3.53 2.64 1.70 1.00 0.70 1.08 1.92 2.86 3.76 4.58 5.08 5.13 4.81 4.25 3.57 2.85 2.29 2.11 2.45 3.01 3.67 4.25 4.61 4.61
 20   4.21 3.53 2.65 1.69 0.91 0.57 0.93 1.81 2.81 3.77 4.67 5.25 5.41 5.09 4.43 3.66 2.85 2.19 1.91 2.21 2.85 3.53 4.23 4.69
 21   4.81 4.43 3.69 2.77 1.73 0.85 0.43 0.81 1.77 2.85 3.88 4.85 5.49 5.61 5.19 4.45 3.59 2.69 1.95 1.67 2.05 2.81 3.61 4.35
 22   4.82 4.99 4.55 3.69 2.69 1.61 0.65 0.25 0.81 1.87 3.01 4.05 5.09 5.65 5.65 5.09 4.25 3.33 2.37 1.61 1.41 1.97 2.85 3.73
 23   4.41 5.01 5.11 4.57 3.67 2.59 1.45 0.55 0.25 0.97 2.11 3.25 4.39 5.33 5.81 5.65 4.93 4.03 3.01 2.01 1.33 1.27 2.05 3.01
 24   3.81 4.61 5.13 5.09 4.43 3.49 2.37 1.31 0.47 0.37 1.25 2.41 3.57 4.69 5.51 5.89 5.57 4.71 3.73 2.69 1.71 1.09 1.25 2.13
 25   2.97 3.90 4.75 5.21 5.10 4.37 3.45 2.35 1.34 0.62 0.71 1.68 2.81 3.92 5.00 5.68 5.82 5.28 4.38 3.40 2.32 1.40 0.93 1.33
 26   2.11 3.14 4.02 4.82 5.18 4.95 4.20 3.29 2.24 1.34 0.81 1.12 2.16 3.21 4.26 5.22 5.70 5.61 4.93 4.01 3.01 1.98 1.16 0.92
 27   1.49 2.30 3.24 4.08 4.82 5.11 4.80 4.09 3.24 2.27 1.49 1.12 1.58 2.52 3.50 4.45 5.22 5.56 5.28 4.55 3.67 2.68 1.70 1.05
 28   1.02 1.59 2.45 3.33 4.12 4.76 4.94 4.60 3.95 3.20 2.36 1.73 1.54 2.03 2.87 3.72 4.54 5.13 5.25 4.85 4.12 3.28 2.29 1.50
 29   1.04 1.13 1.75 2.57 3.39 4.12 4.67 4.79 4.45 3.97 3.30 2.59 2.09 2.02 2.44 3.11 3.80 4.44 4.82 4.82 4.41 3.75 2.94 2.10
 30   1.47 1.11 1.28 1.89 2.66 3.40 4.06 4.52 4.61 4.37 3.90 3.32 2.70 2.23 2.12 2.48 3.05 3.68 4.23 4.56 4.58 4.21 3.63 2.92
 31   2.16 1.60 1.23 1.32 1.87 2.56 3.26 3.88 4.41 4.66 4.52 4.14 3.65 3.08 2.57 2.28 2.40 2.84 3.32 3.79 4.14 4.26 4.04 3.58
 ----------------------------------------------------------------------------------------------------------------------------
                                                                                               
 ----------------------------------------------------------------------------------------------------------------------------
 ----------------------------------------------------------------------------------------------------------------------------
                                                          SURVEY OF INDIA
                                                    MARINE GEODESY WING (G&RB)
                                                     HOURLY HEIGHTS IN METRES
  NAME OF PORT:- VADINAR                                                                            MONTH AUGUST    YEAR 2013
 ----------------------------------------------------------------------------------------------------------------------------
 DAYS 0000 0001 0002 0003 0004 0005 0006 0007 0008 0009 0010 0011 0012 0013 0014 0015 0016 0017 0018 0019 0020 0021 0022 0023
 ----------------------------------------------------------------------------------------------------------------------------
  1   2.98 2.35 1.73 1.32 1.33 1.78 2.46 3.16 3.84 4.44 4.73 4.68 4.33 3.83 3.23 2.67 2.33 2.34 2.68 3.14 3.64 4.03 4.21 4.07
  2   3.70 3.18 2.50 1.84 1.39 1.33 1.75 2.45 3.20 3.91 4.57 4.90 4.85 4.48 3.93 3.29 2.62 2.22 2.15 2.49 3.00 3.53 3.96 4.16
  3   4.07 3.69 3.08 2.37 1.69 1.19 1.17 1.68 2.46 3.28 4.06 4.73 5.01 4.87 4.37 3.76 3.04 2.35 1.97 2.00 2.46 3.02 3.60 4.08
  4   4.26 4.14 3.64 2.96 2.20 1.49 1.07 1.16 1.82 2.69 3.56 4.38 4.98 5.16 4.88 4.27 3.56 2.77 2.13 1.83 2.05 2.62 3.26 3.88
  5   4.30 4.42 4.11 3.51 2.71 1.88 1.19 0.88 1.28 2.11 3.02 3.93 4.75 5.19 5.16 4.67 3.95 3.15 2.34 1.80 1.72 2.22 2.92 3.64
  6   4.20 4.57 4.52 4.00 3.27 2.37 1.54 0.94 0.93 1.64 2.58 3.54 4.43 5.12 5.32 5.00 4.33 3.54 2.67 1.91 1.51 1.74 2.45 3.23
  7   3.85 4.44 4.66 4.36 3.67 2.80 1.86 1.08 0.72 1.11 2.00 3.00 3.95 4.81 5.29 5.21 4.65 3.84 2.95 2.04 1.41 1.34 1.96 2.78
  8   3.52 4.20 4.68 4.69 4.14 3.37 2.42 1.52 0.88 0.85 1.60 2.57 3.56 4.50 5.20 5.37 4.99 4.25 3.37 2.40 1.60 1.20 1.54 2.36
  9   3.10 3.90 4.57 4.84 4.54 3.84 2.98 2.02 1.21 0.81 1.20 2.14 3.12 4.01 4.90 5.34 5.21 4.54 3.73 2.75 1.84 1.19 1.12 1.80
 10   2.58 3.44 4.20 4.76 4.83 4.31 3.54 2.62 1.71 1.09 1.00 1.62 2.60 3.55 4.45 5.13 5.28 4.85 4.08 3.19 2.17 1.36 0.92 1.28
 11   2.00 2.90 3.74 4.46 4.82 4.62 3.97 3.21 2.27 1.50 1.05 1.29 2.10 3.00 3.92 4.73 5.17 5.08 4.44 3.64 2.64 1.69 0.97 0.87
 12   1.40 2.28 3.16 3.96 4.59 4.80 4.45 3.81 3.04 2.19 1.55 1.23 1.68 2.49 3.37 4.20 4.84 5.02 4.66 3.96 3.12 2.14 1.29 0.77
 13   0.87 1.60 2.49 3.36 4.11 4.63 4.64 4.20 3.60 2.85 2.12 1.59 1.53 2.04 2.80 3.60 4.33 4.79 4.81 4.34 3.61 2.76 1.82 1.08
 14   0.72 1.04 1.79 2.68 3.49 4.20 4.64 4.60 4.20 3.64 2.97 2.30 1.86 1.82 2.28 2.96 3.69 4.33 4.71 4.70 4.23 3.55 2.68 1.80
 15   1.16 0.82 1.10 1.81 2.65 3.44 4.14 4.63 4.71 4.41 3.93 3.30 2.65 2.15 2.02 2.34 2.90 3.52 4.10 4.46 4.53 4.18 3.54 2.77
 16   1.99 1.30 0.88 1.01 1.67 2.48 3.28 4.01 4.61 4.84 4.68 4.25 3.66 3.01 2.41 2.07 2.15 2.60 3.18 3.74 4.26 4.49 4.32 3.80
 17   3.18 2.34 1.55 0.96 0.88 1.42 2.22 3.07 3.90 4.65 5.05 5.05 4.67 4.03 3.33 2.60 2.08 1.96 2.35 2.92 3.56 4.14 4.50 4.46
 18   4.03 3.40 2.53 1.64 0.96 0.73 1.21 2.06 3.00 3.88 4.74 5.22 5.25 4.85 4.17 3.40 2.55 1.92 1.70 2.09 2.80 3.51 4.20 4.67
 19   4.76 4.31 3.59 2.64 1.68 0.91 0.62 1.12 2.10 3.10 4.05 4.94 5.43 5.41 4.86 4.08 3.19 2.26 1.57 1.43 1.97 2.80 3.65 4.42
 20   4.84 4.96 4.45 3.64 2.64 1.60 0.79 0.52 1.16 2.23 3.30 4.29 5.20 5.60 5.44 4.76 3.88 2.90 1.90 1.24 1.22 1.96 2.92 3.82
 21   4.60 5.07 5.07 4.43 3.59 2.47 1.45 0.67 0.55 1.35 2.47 3.53 4.55 5.35 5.63 5.27 4.45 3.49 2.41 1.47 0.89 1.13 2.07 3.07
 22   3.91 4.77 5.21 5.07 4.35 3.39 2.29 1.31 0.61 0.71 1.69 2.79 3.85 4.85 5.49 5.59 4.97 4.07 3.03 1.91 0.99 0.63 1.21 2.23
 23   3.15 4.07 4.91 5.23 4.95 4.15 3.21 2.11 1.19 0.67 1.07 2.11 3.13 4.15 5.07 5.51 5.35 4.59 3.64 2.55 1.51 0.73 0.67 1.49
 24   2.47 3.39 4.31 4.99 5.19 4.71 3.87 2.95 1.91 1.11 0.87 1.51 2.51 3.49 4.43 5.15 5.40 4.99 4.15 3.19 2.09 1.17 0.59 0.89
 25   1.71 2.71 3.63 4.51 5.05 5.05 4.47 3.71 2.79 1.91 1.27 1.27 1.99 2.91 3.79 4.63 5.15 5.17 4.59 3.79 2.81 1.79 0.99 0.75
 26   1.23 2.07 2.99 3.85 4.61 4.99 4.85 4.27 3.57 2.75 1.99 1.57 1.73 2.41 3.23 4.03 4.71 5.04 4.87 4.23 3.45 2.53 1.63 1.05
 27   0.99 1.53 2.37 3.19 3.97 4.63 4.89 4.69 4.17 3.55 2.81 2.19 1.91 2.11 2.75 3.43 4.09 4.59 4.76 4.47 3.87 3.13 2.27 1.57
 28   1.19 1.25 1.87 2.59 3.35 4.05 4.59 4.75 4.55 4.09 3.51 2.89 2.37 2.15 2.35 2.83 3.39 3.93 4.35 4.43 4.17 3.67 2.99 2.27
 29   1.75 1.39 1.47 1.95 2.63 3.29 3.91 4.39 4.59 4.43 4.09 3.61 3.03 2.57 2.31 2.39 2.73 3.19 3.61 3.93 4.07 3.91 3.49 2.95
 30   2.39 1.83 1.49 1.53 1.95 2.55 3.17 3.77 4.31 4.57 4.53 4.23 3.79 3.23 2.69 2.31 2.25 2.51 2.91 3.31 3.67 3.91 3.91 3.61
 31   3.19 2.62 2.04 1.60 1.44 1.73 2.27 2.92 3.59 4.19 4.60 4.68 4.41 3.93 3.35 2.69 2.17 1.96 2.12 2.53 3.02 3.53 3.87 3.99
 ----------------------------------------------------------------------------------------------------------------------------
                                                                                               
 ----------------------------------------------------------------------------------------------------------------------------
 ----------------------------------------------------------------------------------------------------------------------------
                                                          SURVEY OF INDIA
                                                    MARINE GEODESY WING (G&RB)
                                                     HOURLY HEIGHTS IN METRES
  NAME OF PORT:- VADINAR                                                                            MONTH SEPT      YEAR 2013
 ----------------------------------------------------------------------------------------------------------------------------
 DAYS 0000 0001 0002 0003 0004 0005 0006 0007 0008 0009 0010 0011 0012 0013 0014 0015 0016 0017 0018 0019 0020 0021 0022 0023
 ----------------------------------------------------------------------------------------------------------------------------
  1   3.79 3.37 2.77 2.12 1.58 1.31 1.51 2.12 2.85 3.56 4.24 4.70 4.77 4.43 3.88 3.21 2.49 1.94 1.73 1.99 2.54 3.14 3.70 4.11
  2   4.22 3.96 3.43 2.75 2.03 1.44 1.21 1.56 2.27 3.08 3.86 4.58 4.94 4.84 4.37 3.71 2.92 2.16 1.65 1.62 2.10 2.77 3.48 4.07
  3   4.48 4.49 4.06 3.31 2.50 1.72 1.18 1.14 1.74 2.59 3.45 4.27 4.92 5.12 4.81 4.17 3.40 2.51 1.77 1.41 1.67 2.36 3.16 3.89
  4   4.43 4.72 4.49 3.86 3.09 2.19 1.43 1.04 1.32 2.12 3.04 3.91 4.74 5.20 5.17 4.60 3.82 2.91 1.99 1.38 1.30 1.91 2.77 3.59
  5   4.26 4.80 4.88 4.38 3.64 2.73 1.83 1.15 1.00 1.63 2.56 3.50 4.40 5.10 5.35 4.99 4.27 3.37 2.39 1.57 1.12 1.40 2.27 3.17
  6   3.95 4.72 5.09 4.89 4.20 3.38 2.38 1.53 1.01 1.23 2.08 3.07 4.00 4.86 5.35 5.30 4.68 3.84 2.86 1.88 1.15 1.03 1.74 2.70
  7   3.55 4.45 5.08 5.23 4.75 3.95 3.04 2.05 1.29 1.06 1.63 2.59 3.55 4.44 5.13 5.38 5.01 4.19 3.26 2.22 1.32 0.84 1.20 2.17
  8   3.06 3.99 4.84 5.28 5.17 4.49 3.64 2.68 1.77 1.19 1.31 2.12 3.06 3.99 4.85 5.34 5.28 4.63 3.76 2.76 1.73 0.96 0.81 1.53
  9   2.39 3.39 4.31 5.07 5.33 4.99 4.24 3.39 2.44 1.67 1.31 1.72 2.58 3.47 4.37 5.05 5.30 4.98 4.19 3.29 2.23 1.32 0.76 0.98
 10   1.78 2.76 3.71 4.60 5.17 5.21 4.71 3.98 3.14 2.25 1.63 1.52 2.08 2.90 3.76 4.51 4.99 5.02 4.48 3.70 2.75 1.75 0.98 0.70
 11   1.18 2.07 3.01 3.90 4.67 5.08 5.00 4.48 3.78 2.99 2.20 1.72 1.76 2.31 3.03 3.79 4.42 4.78 4.68 4.12 3.39 2.44 1.54 0.87
 12   0.75 1.34 2.17 3.07 3.89 4.59 4.93 4.78 4.32 3.71 2.95 2.27 1.87 1.90 2.43 3.07 3.72 4.29 4.58 4.48 3.98 3.24 2.43 1.62
 13   1.08 0.96 1.44 2.22 3.03 3.79 4.45 4.81 4.77 4.39 3.85 3.18 2.52 2.07 1.98 2.36 2.92 3.49 4.02 4.36 4.39 3.99 3.38 2.62
 14   1.86 1.25 0.99 1.33 2.04 2.84 3.63 4.36 4.85 4.95 4.68 4.18 3.56 2.88 2.29 1.98 2.12 2.62 3.19 3.77 4.24 4.47 4.30 3.80
 15   3.20 2.39 1.66 1.16 1.19 1.78 2.58 3.41 4.19 4.87 5.17 5.03 4.54 3.88 3.13 2.38 1.84 1.76 2.20 2.83 3.51 4.12 4.55 4.58
 16   4.18 3.54 2.70 1.83 1.16 0.98 1.49 2.37 3.26 4.11 4.91 5.30 5.21 4.70 3.95 3.09 2.20 1.59 1.45 1.94 2.71 3.50 4.23 4.78
 17   4.91 4.51 3.81 2.93 1.96 1.18 0.90 1.43 2.36 3.31 4.25 5.07 5.43 5.31 4.66 3.83 2.87 1.91 1.20 1.22 1.89 2.79 3.71 4.53
 18   5.05 5.14 4.65 3.84 2.89 1.85 1.06 0.87 1.55 2.54 3.55 4.50 5.21 5.46 5.09 4.30 3.36 2.30 1.38 0.80 1.01 1.89 2.93 3.88
 19   4.67 5.20 5.16 4.50 3.64 2.60 1.59 0.90 0.91 1.74 2.79 3.78 4.72 5.32 5.39 4.80 3.91 2.90 1.79 0.94 0.59 1.17 2.22 3.23
 20   4.14 4.99 5.38 5.19 4.43 3.51 2.46 1.51 0.94 1.19 2.13 3.15 4.11 4.98 5.39 5.22 4.45 3.51 2.40 1.40 0.66 0.64 1.49 2.55
 21   3.53 4.49 5.23 5.47 5.07 4.25 3.29 2.29 1.45 1.11 1.63 2.57 3.53 4.43 5.13 5.33 4.87 4.01 3.01 1.89 0.97 0.53 0.97 1.97
 22   2.91 3.89 4.81 5.35 5.31 4.69 3.87 2.93 1.97 1.31 1.33 2.09 3.01 3.89 4.73 5.21 5.13 4.49 3.59 2.55 1.57 0.79 0.67 1.41
 23   2.27 3.25 4.15 4.95 5.27 5.05 4.37 3.57 2.65 1.85 1.41 1.71 2.47 3.29 4.11 4.76 5.03 4.73 3.97 3.07 2.07 1.21 0.69 0.97
 24   1.65 2.59 3.51 4.37 4.97 5.13 4.77 4.11 3.35 2.49 1.83 1.61 2.01 2.73 3.49 4.17 4.65 4.71 4.25 3.57 2.69 1.91 1.13 0.89
 25   1.23 2.05 2.93 3.77 4.53 4.97 4.95 4.51 3.89 3.19 2.47 1.97 1.93 2.37 3.01 3.67 4.25 4.57 4.55 4.05 3.33 2.55 1.75 1.21
 26   1.09 1.61 2.35 3.17 3.93 4.59 4.89 4.77 4.35 3.79 3.15 2.53 2.15 2.17 2.61 3.17 3.73 4.25 4.49 4.31 3.85 3.25 2.59 1.99
 27   1.61 1.58 2.07 2.73 3.39 4.09 4.57 4.77 4.69 4.29 3.77 3.17 2.69 2.37 2.41 2.77 3.23 3.65 4.01 4.17 4.04 3.67 3.13 2.55
 28   2.09 1.81 1.77 2.13 2.73 3.35 3.93 4.45 4.71 4.69 4.37 3.89 3.35 2.81 2.39 2.27 2.47 2.85 3.29 3.71 4.00 4.07 3.85 3.47
 29   2.98 2.53 2.10 1.86 2.01 2.48 3.07 3.68 4.25 4.63 4.75 4.51 4.07 3.53 2.88 2.35 2.07 2.11 2.49 2.99 3.49 3.89 4.13 4.11
 30   3.83 3.34 2.77 2.21 1.85 1.83 2.25 2.89 3.57 4.21 4.71 4.87 4.65 4.13 3.49 2.77 2.15 1.80 1.87 2.37 2.99 3.59 4.15 4.45
 ----------------------------------------------------------------------------------------------------------------------------
                                                                                               
 ----------------------------------------------------------------------------------------------------------------------------
 ----------------------------------------------------------------------------------------------------------------------------
                                                          SURVEY OF INDIA
                                                    MARINE GEODESY WING (G&RB)
                                                     HOURLY HEIGHTS IN METRES
  NAME OF PORT:- VADINAR                                                                            MONTH OCTOBER   YEAR 2013
 ----------------------------------------------------------------------------------------------------------------------------
 DAYS 0000 0001 0002 0003 0004 0005 0006 0007 0008 0009 0010 0011 0012 0013 0014 0015 0016 0017 0018 0019 0020 0021 0022 0023
 ----------------------------------------------------------------------------------------------------------------------------
  1   4.41 3.99 3.40 2.69 2.04 1.61 1.64 2.18 2.92 3.68 4.38 4.86 4.94 4.59 3.95 3.18 2.38 1.76 1.47 1.78 2.45 3.18 3.85 4.41
  2   4.61 4.37 3.84 3.13 2.31 1.62 1.26 1.51 2.25 3.07 3.85 4.55 4.93 4.83 4.27 3.53 2.64 1.82 1.26 1.25 1.90 2.71 3.55 4.30
  3   4.76 4.90 4.51 3.84 3.02 2.13 1.49 1.31 1.82 2.67 3.54 4.35 4.96 5.13 4.75 4.02 3.17 2.21 1.43 1.04 1.40 2.25 3.19 4.05
  4   4.71 5.14 5.03 4.39 3.61 2.67 1.82 1.30 1.41 2.18 3.09 3.95 4.73 5.16 5.08 4.45 3.61 2.61 1.68 1.01 0.96 1.69 2.70 3.67
  5   4.49 5.16 5.38 4.99 4.21 3.33 2.36 1.59 1.26 1.73 2.63 3.54 4.43 5.06 5.26 4.85 4.05 3.12 2.04 1.20 0.74 1.13 2.14 3.18
  6   4.06 4.93 5.44 5.41 4.77 3.90 2.96 2.01 1.38 1.35 2.07 3.02 3.93 4.74 5.21 5.14 4.44 3.53 2.46 1.49 0.72 0.58 1.36 2.45
  7   3.41 4.34 5.16 5.50 5.22 4.44 3.56 2.56 1.72 1.27 1.61 2.47 3.41 4.25 4.93 5.18 4.82 3.99 3.01 1.93 1.01 0.45 0.72 1.73
  8   2.70 3.75 4.71 5.38 5.51 5.01 4.21 3.29 2.33 1.61 1.39 1.93 2.87 3.71 4.50 4.98 4.98 4.37 3.51 2.48 1.47 0.66 0.42 1.11
  9   2.08 3.13 4.11 4.96 5.39 5.32 4.71 3.91 3.07 2.17 1.60 1.61 2.25 3.09 3.87 4.55 4.89 4.72 4.05 3.21 2.21 1.30 0.63 0.65
 10   1.35 2.35 3.33 4.25 5.03 5.35 5.17 4.54 3.75 2.90 2.09 1.64 1.80 2.42 3.18 3.89 4.47 4.72 4.48 3.85 3.06 2.15 1.32 0.79
 11   0.87 1.59 2.51 3.43 4.27 4.97 5.22 5.01 4.44 3.73 2.95 2.21 1.84 1.92 2.48 3.16 3.80 4.33 4.55 4.38 3.84 3.12 2.27 1.55
 12   1.11 1.10 1.73 2.57 3.41 4.18 4.82 5.12 5.00 4.52 3.87 3.13 2.41 1.93 1.83 2.23 2.85 3.46 4.01 4.37 4.40 4.03 3.44 2.72
 13   2.09 1.52 1.26 1.64 2.38 3.18 3.95 4.65 5.10 5.14 4.76 4.16 3.42 2.62 1.98 1.67 1.87 2.45 3.11 3.74 4.26 4.51 4.36 3.87
 14   3.22 2.55 1.87 1.44 1.52 2.11 2.91 3.68 4.45 4.98 5.15 4.84 4.21 3.51 2.63 1.89 1.44 1.50 2.09 2.85 3.59 4.26 4.70 4.70
 15   4.31 3.65 2.86 2.06 1.51 1.43 1.99 2.81 3.61 4.41 5.01 5.21 4.93 4.27 3.47 2.52 1.69 1.18 1.26 1.94 2.81 3.67 4.47 4.97
 16   4.98 4.55 3.85 3.00 2.13 1.51 1.38 1.97 2.81 3.65 4.49 5.07 5.24 4.88 4.12 3.24 2.23 1.39 0.89 1.13 1.97 2.95 3.89 4.75
 17   5.16 5.16 4.60 3.80 2.90 2.00 1.41 1.41 2.09 2.97 3.83 4.66 5.17 5.20 4.63 3.81 2.81 1.77 0.94 0.63 1.17 2.13 3.21 4.20
 18   5.01 5.34 5.17 4.50 3.67 2.70 1.83 1.30 1.45 2.23 3.16 4.05 4.80 5.16 4.97 4.23 3.36 2.28 1.30 0.61 0.61 1.45 2.55 3.60
 19   4.47 5.22 5.46 5.10 4.32 3.44 2.47 1.67 1.30 1.71 2.59 3.47 4.32 4.93 5.10 4.65 3.81 2.83 1.73 0.84 0.43 0.83 1.85 2.99
 20   3.87 4.81 5.40 5.45 4.89 4.06 3.16 2.19 1.51 1.40 2.03 2.93 3.79 4.53 4.97 4.89 4.23 3.37 2.31 1.33 0.61 0.53 1.28 2.35
 21   3.33 4.32 5.16 5.52 5.33 4.65 3.83 2.89 2.03 1.54 1.72 2.46 3.31 4.09 4.73 4.96 4.63 3.89 2.97 1.96 1.11 0.64 0.97 1.87
 22   2.80 3.77 4.68 5.31 5.44 5.01 4.27 3.43 2.50 1.80 1.57 1.99 2.77 3.55 4.24 4.68 4.66 4.10 3.31 2.38 1.50 0.83 0.75 1.43
 23   2.20 3.19 4.09 4.87 5.25 5.12 4.55 3.81 2.97 2.15 1.65 1.68 2.27 3.00 3.70 4.28 4.52 4.27 3.65 2.87 1.99 1.25 0.84 1.11
 24   1.78 2.68 3.56 4.39 4.98 5.14 4.85 4.24 3.51 2.71 2.05 1.75 1.99 2.59 3.23 3.83 4.26 4.33 3.99 3.39 2.63 1.89 1.31 1.17
 25   1.51 2.25 3.07 3.87 4.55 4.97 4.97 4.59 3.99 3.31 2.59 2.05 1.92 2.23 2.79 3.37 3.87 4.19 4.15 3.79 3.23 2.59 1.95 1.55
 26   1.51 1.95 2.63 3.35 4.01 4.59 4.87 4.77 4.37 3.81 3.17 2.53 2.09 2.01 2.31 2.81 3.33 3.75 4.02 4.01 3.71 3.25 2.69 2.19
 27   1.87 1.79 2.17 2.77 3.39 4.01 4.51 4.77 4.69 4.33 3.83 3.21 2.63 2.19 2.07 2.29 2.73 3.21 3.63 3.97 4.07 3.89 3.53 3.05
 28   2.59 2.17 2.03 2.25 2.71 3.29 3.87 4.37 4.69 4.71 4.41 3.91 3.33 2.71 2.19 1.99 2.13 2.55 3.07 3.57 3.99 4.19 4.13 3.83
 29   3.39 2.87 2.39 2.09 2.13 2.53 3.11 3.71 4.27 4.65 4.75 4.47 3.99 3.39 2.65 2.07 1.77 1.87 2.35 2.95 3.55 4.07 4.41 4.41
 30   4.11 3.61 3.03 2.43 2.05 2.03 2.45 3.07 3.71 4.31 4.73 4.79 4.47 3.89 3.15 2.33 1.73 1.41 1.65 2.27 3.03 3.75 4.39 4.75
 31   4.67 4.25 3.67 2.95 2.29 1.89 1.93 2.43 3.11 3.81 4.47 4.83 4.81 4.35 3.65 2.79 1.93 1.27 1.11 1.61 2.43 3.29 4.11 4.77
 ----------------------------------------------------------------------------------------------------------------------------
                                                                                               
 ----------------------------------------------------------------------------------------------------------------------------
 ----------------------------------------------------------------------------------------------------------------------------
                                                          SURVEY OF INDIA
                                                    MARINE GEODESY WING (G&RB)
                                                     HOURLY HEIGHTS IN METRES
  NAME OF PORT:- VADINAR                                                                            MONTH NOVEMBER  YEAR 2013
 ----------------------------------------------------------------------------------------------------------------------------
 DAYS 0000 0001 0002 0003 0004 0005 0006 0007 0008 0009 0010 0011 0012 0013 0014 0015 0016 0017 0018 0019 0020 0021 0022 0023
 ----------------------------------------------------------------------------------------------------------------------------
  1   5.02 4.80 4.26 3.55 2.71 2.03 1.66 1.86 2.49 3.27 3.99 4.59 4.91 4.69 4.03 3.19 2.21 1.35 0.81 0.95 1.77 2.75 3.71 4.63
  2   5.19 5.27 4.91 4.19 3.39 2.51 1.83 1.59 2.03 2.77 3.59 4.37 4.91 5.01 4.53 3.75 2.79 1.75 0.91 0.59 1.11 2.11 3.19 4.21
  3   4.99 5.47 5.43 4.83 4.03 3.11 2.23 1.63 1.63 2.23 3.09 3.95 4.69 5.07 4.93 4.23 3.35 2.25 1.25 0.53 0.53 1.37 2.53 3.65
  4   4.59 5.35 5.67 5.39 4.65 3.72 2.85 1.97 1.51 1.73 2.51 3.39 4.23 4.89 5.11 4.73 3.91 2.94 1.79 0.83 0.33 0.68 1.76 2.94
  5   4.05 4.94 5.61 5.77 5.28 4.46 3.57 2.61 1.81 1.54 1.99 2.81 3.69 4.54 5.04 5.04 4.40 3.51 2.43 1.37 0.54 0.34 1.12 2.20
  6   3.25 4.34 5.31 5.78 5.70 5.06 4.19 3.27 2.34 1.72 1.68 2.29 3.15 3.95 4.67 5.04 4.86 4.16 3.24 2.15 1.17 0.50 0.56 1.40
  7   2.51 3.59 4.64 5.45 5.78 5.54 4.82 3.94 3.02 2.16 1.65 1.76 2.43 3.23 3.99 4.64 4.91 4.65 3.94 3.07 2.01 1.14 0.60 0.86
  8   1.67 2.72 3.74 4.71 5.39 5.60 5.28 4.57 3.71 2.85 2.05 1.62 1.78 2.41 3.19 3.93 4.53 4.77 4.52 3.87 3.07 2.15 1.36 0.88
  9   1.00 1.78 2.72 3.67 4.56 5.18 5.35 5.03 4.38 3.63 2.76 2.02 1.62 1.75 2.33 3.03 3.69 4.26 4.52 4.38 3.87 3.19 2.39 1.67
 10   1.25 1.28 1.92 2.79 3.63 4.47 5.05 5.21 4.92 4.32 3.60 2.75 2.02 1.60 1.64 2.14 2.79 3.45 4.03 4.41 4.44 4.07 3.50 2.80
 11   2.14 1.64 1.56 2.05 2.83 3.62 4.39 4.98 5.22 5.04 4.47 3.74 2.91 2.13 1.59 1.52 1.95 2.61 3.31 3.95 4.47 4.63 4.41 3.91
 12   3.31 2.62 2.04 1.79 2.08 2.74 3.46 4.19 4.79 5.09 4.96 4.44 3.74 2.91 2.04 1.39 1.20 1.59 2.31 3.09 3.84 4.49 4.81 4.70
 13   4.25 3.65 2.94 2.26 1.88 2.01 2.58 3.31 4.04 4.69 5.06 4.98 4.47 3.72 2.79 1.91 1.21 0.99 1.42 2.23 3.11 3.92 4.69 5.07
 14   5.03 4.56 3.88 3.10 2.33 1.87 1.91 2.49 3.20 3.93 4.60 4.97 4.87 4.32 3.55 2.59 1.67 0.98 0.85 1.43 2.36 3.30 4.21 4.98
 15   5.27 5.16 4.59 3.86 3.03 2.23 1.77 1.87 2.49 3.23 3.96 4.59 4.88 4.68 4.03 3.20 2.19 1.30 0.72 0.80 1.61 2.61 3.63 4.58
 16   5.14 5.40 5.14 4.47 3.68 2.83 2.05 1.66 1.91 2.60 3.36 4.08 4.65 4.83 4.46 3.76 2.86 1.87 0.99 0.56 0.92 1.84 2.92 3.94
 17   4.79 5.36 5.46 5.01 4.27 3.44 2.57 1.90 1.68 2.09 2.83 3.59 4.31 4.73 4.72 4.18 3.39 2.41 1.44 0.74 0.60 1.28 2.32 3.37
 18   4.27 5.11 5.49 5.37 4.76 3.98 3.12 2.28 1.76 1.76 2.35 3.11 3.85 4.46 4.72 4.48 3.79 2.96 1.97 1.10 0.63 0.88 1.79 2.85
 19   3.81 4.76 5.39 5.57 5.19 4.47 3.64 2.78 2.01 1.70 1.98 2.69 3.44 4.13 4.61 4.68 4.23 3.48 2.57 1.64 0.92 0.73 1.34 2.35
 20   3.28 4.26 5.13 5.55 5.49 4.92 4.13 3.29 2.43 1.84 1.76 2.28 3.02 3.72 4.37 4.71 4.57 3.96 3.18 2.24 1.43 0.92 1.07 1.86
 21   2.75 3.73 4.68 5.34 5.55 5.25 4.58 3.78 2.93 2.18 1.79 1.99 2.64 3.33 3.99 4.52 4.65 4.28 3.62 2.80 1.94 1.28 1.03 1.49
 22   2.29 3.22 4.12 4.96 5.40 5.38 4.89 4.18 3.38 2.54 1.92 1.75 2.14 2.80 3.50 4.09 4.43 4.39 3.90 3.20 2.44 1.70 1.21 1.27
 23   1.84 2.67 3.53 4.40 5.04 5.26 5.07 4.48 3.74 2.97 2.21 1.83 1.92 2.40 3.04 3.65 4.15 4.36 4.19 3.71 3.06 2.36 1.75 1.49
 24   1.69 2.33 3.10 3.91 4.65 5.10 5.16 4.80 4.20 3.49 2.70 2.08 1.80 1.98 2.50 3.09 3.64 4.06 4.19 4.00 3.55 2.98 2.36 1.89
 25   1.73 2.00 2.60 3.32 4.02 4.67 5.01 4.99 4.57 3.99 3.30 2.53 2.00 1.82 2.06 2.56 3.13 3.65 4.06 4.20 4.05 3.66 3.14 2.60
 26   2.16 2.01 2.20 2.74 3.36 3.99 4.54 4.84 4.79 4.40 3.80 3.09 2.36 1.87 1.70 1.94 2.45 3.02 3.57 4.01 4.25 4.17 3.82 3.35
 27   2.80 2.40 2.17 2.29 2.75 3.33 3.92 4.46 4.77 4.72 4.31 3.75 3.04 2.32 1.76 1.55 1.76 2.29 2.93 3.55 4.08 4.40 4.40 4.08
 28   3.60 3.11 2.56 2.20 2.20 2.60 3.16 3.75 4.30 4.64 4.64 4.20 3.60 2.86 2.07 1.48 1.25 1.52 2.16 2.90 3.64 4.29 4.69 4.70
 29   4.39 3.88 3.28 2.64 2.20 2.13 2.51 3.08 3.72 4.30 4.65 4.64 4.19 3.56 2.72 1.90 1.27 1.05 1.45 2.21 3.09 3.91 4.69 5.09
 30   5.10 4.70 4.10 3.40 2.66 2.15 2.08 2.49 3.13 3.80 4.42 4.76 4.66 4.14 3.38 2.44 1.54 0.92 0.85 1.50 2.44 3.40 4.35 5.10
 ----------------------------------------------------------------------------------------------------------------------------
                                                                                               
 ----------------------------------------------------------------------------------------------------------------------------
 ----------------------------------------------------------------------------------------------------------------------------
                                                          SURVEY OF INDIA
                                                    MARINE GEODESY WING (G&RB)
                                                     HOURLY HEIGHTS IN METRES
  NAME OF PORT:- VADINAR                                                                            MONTH DECEMBER  YEAR 2013
 ----------------------------------------------------------------------------------------------------------------------------
 DAYS 0000 0001 0002 0003 0004 0005 0006 0007 0008 0009 0010 0011 0012 0013 0014 0015 0016 0017 0018 0019 0020 0021 0022 0023
 ----------------------------------------------------------------------------------------------------------------------------
  1   5.41 5.27 4.74 4.02 3.24 2.47 1.99 2.02 2.58 3.28 4.00 4.62 4.89 4.68 4.01 3.15 2.09 1.19 0.60 0.76 1.64 2.70 3.79 4.78
  2   5.39 5.65 5.38 4.70 3.90 3.06 2.28 1.86 2.03 2.68 3.44 4.20 4.77 4.94 4.54 3.77 2.79 1.72 0.79 0.31 0.68 1.72 2.90 4.00
  3   5.00 5.62 5.78 5.32 4.53 3.64 2.73 1.96 1.67 2.04 2.80 3.63 4.37 4.88 4.93 4.37 3.49 2.42 1.36 0.48 0.19 0.87 2.04 3.23
  4   4.24 5.24 5.78 5.76 5.16 4.30 3.38 2.44 1.73 1.58 2.11 2.94 3.81 4.54 4.97 4.89 4.20 3.31 2.20 1.16 0.35 0.26 1.14 2.36
  5   3.47 4.52 5.43 5.86 5.66 4.96 4.08 3.12 2.16 1.56 1.56 2.22 3.08 3.92 4.68 4.99 4.76 4.00 3.08 1.96 0.99 0.36 0.58 1.60
  6   2.78 3.79 4.85 5.64 5.91 5.54 4.76 3.84 2.88 2.00 1.48 1.66 2.39 3.24 4.06 4.71 4.96 4.64 3.89 3.00 1.92 1.01 0.53 0.89
  7   1.88 2.91 3.96 5.00 5.65 5.81 5.32 4.52 3.60 2.64 1.79 1.38 1.64 2.35 3.20 3.96 4.57 4.78 4.49 3.80 2.96 1.99 1.20 0.82
  8   1.20 2.10 3.12 4.13 5.08 5.60 5.66 5.14 4.33 3.43 2.48 1.66 1.30 1.56 2.24 3.04 3.78 4.38 4.65 4.44 3.86 3.14 2.27 1.58
  9   1.22 1.49 2.29 3.20 4.11 4.95 5.38 5.40 4.86 4.09 3.22 2.29 1.56 1.23 1.48 2.16 2.92 3.62 4.22 4.56 4.50 4.07 3.47 2.73
 10   2.08 1.72 1.85 2.50 3.29 4.09 4.86 5.20 5.19 4.70 4.00 3.15 2.23 1.54 1.19 1.39 2.00 2.77 3.51 4.15 4.60 4.68 4.36 3.85
 11   3.22 2.64 2.16 2.09 2.53 3.19 3.87 4.50 4.88 4.90 4.51 3.88 3.08 2.20 1.50 1.12 1.24 1.84 2.61 3.40 4.11 4.64 4.83 4.60
 12   4.14 3.60 2.93 2.36 2.15 2.40 2.96 3.56 4.16 4.56 4.67 4.34 3.73 2.99 2.12 1.37 0.93 1.03 1.66 2.49 3.33 4.11 4.76 4.97
 13   4.80 4.36 3.74 3.05 2.43 2.12 2.25 2.76 3.36 3.92 4.39 4.54 4.25 3.70 2.95 2.07 1.32 0.86 0.97 1.64 2.55 3.43 4.28 4.93
 14   5.15 4.98 4.46 3.79 3.02 2.36 2.03 2.18 2.70 3.31 3.88 4.34 4.47 4.17 3.56 2.73 1.87 1.12 0.73 1.00 1.81 2.76 3.71 4.57
 15   5.16 5.27 5.00 4.40 3.67 2.87 2.22 1.96 2.21 2.78 3.41 4.00 4.42 4.47 4.04 3.34 2.47 1.61 0.92 0.72 1.26 2.18 3.19 4.12
 16   4.92 5.33 5.35 4.89 4.20 3.41 2.60 2.03 1.92 2.33 2.98 3.65 4.29 4.56 4.36 3.76 2.97 2.04 1.24 0.75 0.94 1.77 2.80 3.80
 17   4.72 5.32 5.54 5.29 4.65 3.86 3.02 2.26 1.86 2.02 2.62 3.32 4.00 4.48 4.58 4.17 3.47 2.58 1.68 0.96 0.73 1.28 2.28 3.28
 18   4.24 5.05 5.52 5.56 5.08 4.32 3.51 2.68 2.03 1.86 2.28 2.97 3.68 4.29 4.64 4.50 3.92 3.12 2.20 1.39 0.86 1.00 1.81 2.83
 19   3.82 4.68 5.36 5.62 5.39 4.72 3.92 3.08 2.26 1.81 1.93 2.52 3.22 3.89 4.44 4.62 4.28 3.61 2.74 1.83 1.10 0.84 1.34 2.27
 20   3.20 4.11 4.97 5.47 5.49 4.99 4.25 3.44 2.54 1.88 1.67 2.05 2.74 3.45 4.08 4.49 4.46 3.94 3.19 2.30 1.51 1.00 1.08 1.81
 21   2.73 3.61 4.52 5.23 5.50 5.25 4.61 3.82 2.95 2.13 1.65 1.73 2.30 3.01 3.71 4.28 4.52 4.28 3.68 2.92 2.09 1.44 1.17 1.53
 22   2.32 3.17 4.08 4.90 5.40 5.44 5.00 4.26 3.44 2.60 1.90 1.62 1.95 2.59 3.29 3.94 4.41 4.50 4.12 3.50 2.72 1.98 1.47 1.40
 23   1.90 2.65 3.50 4.32 5.04 5.32 5.18 4.60 3.84 3.01 2.15 1.64 1.61 2.08 2.76 3.42 3.99 4.34 4.28 3.83 3.23 2.53 1.90 1.54
 24   1.68 2.20 2.96 3.77 4.52 5.00 5.09 4.76 4.14 3.40 2.57 1.89 1.54 1.69 2.24 2.90 3.53 4.06 4.33 4.20 3.80 3.28 2.62 2.08
 25   1.82 1.98 2.55 3.26 3.96 4.61 4.97 4.94 4.50 3.86 3.08 2.28 1.68 1.46 1.71 2.28 2.94 3.57 4.08 4.32 4.24 3.90 3.38 2.80
 26   2.32 2.04 2.18 2.70 3.35 3.96 4.52 4.79 4.68 4.24 3.60 2.82 2.09 1.54 1.32 1.60 2.18 2.86 3.50 4.09 4.43 4.44 4.14 3.65
 27   3.11 2.60 2.25 2.28 2.71 3.28 3.84 4.38 4.66 4.56 4.14 3.49 2.73 1.97 1.38 1.15 1.40 2.03 2.76 3.46 4.10 4.54 4.63 4.37
 28   3.92 3.40 2.81 2.35 2.22 2.52 3.04 3.61 4.14 4.44 4.41 4.00 3.37 2.59 1.78 1.12 0.84 1.11 1.80 2.62 3.45 4.16 4.74 4.87
 29   4.62 4.15 3.54 2.84 2.30 2.08 2.32 2.88 3.49 4.04 4.40 4.44 4.04 3.40 2.56 1.68 0.95 0.63 0.94 1.76 2.68 3.58 4.46 5.05
 30   5.18 4.94 4.37 3.68 2.92 2.26 1.98 2.22 2.80 3.46 4.08 4.51 4.55 4.11 3.38 2.47 1.54 0.75 0.45 0.90 1.85 2.88 3.87 4.80
 31   5.33 5.41 5.03 4.33 3.54 2.67 1.98 1.72 2.06 2.73 3.45 4.11 4.55 4.55 3.99 3.19 2.19 1.19 0.39 0.14 0.72 1.69 2.76 3.71
 ----------------------------------------------------------------------------------------------------------------------------
                                                                                               
 ----------------------------------------------------------------------------------------------------------------------------
 ----------------------------------------------------------------------------------------------------------------------------
