                                                          SURVEY OF INDIA
                                                    MARINE GEODESY WING (G&RB)
                                                     HOURLY HEIGHTS IN METRES
  NAME OF PORT:- DIAMOND HARBOUR                                                                    MONTH JANUARY   YEAR 2011
 ----------------------------------------------------------------------------------------------------------------------------
 DAYS 0000 0001 0002 0003 0004 0005 0006 0007 0008 0009 0010 0011 0012 0013 0014 0015 0016 0017 0018 0019 0020 0021 0022 0023
 ----------------------------------------------------------------------------------------------------------------------------
  1   3.43 2.90 2.43 2.06 1.85 2.25 3.08 3.80 4.37 4.54 4.30 3.80 3.26 2.75 2.28 1.94 1.70 1.73 2.77 3.83 4.66 5.10 5.14 4.76
  2   4.08 3.48 2.95 2.45 2.00 1.68 1.80 2.80 3.65 4.25 4.45 4.28 3.80 3.23 2.69 2.20 1.80 1.54 1.60 2.65 3.97 4.90 5.27 5.20
  3   4.68 4.07 3.47 2.86 2.27 1.80 1.50 1.90 2.98 3.88 4.50 4.67 4.41 3.82 3.15 2.55 2.05 1.65 1.40 1.56 2.88 4.32 5.16 5.40
  4   5.20 4.62 3.95 3.27 2.62 2.04 1.52 1.28 2.03 3.26 4.25 4.76 4.80 4.37 3.66 3.02 2.40 1.90 1.50 1.30 1.90 3.35 4.57 5.23
  5   5.50 5.15 4.48 3.77 3.03 2.35 1.74 1.35 1.28 2.43 3.82 4.60 4.91 4.81 4.21 3.48 2.80 2.23 1.80 1.48 1.33 2.50 3.91 4.87
  6   5.42 5.45 4.91 4.17 3.40 2.63 1.97 1.48 1.30 1.81 3.14 4.26 4.85 5.00 4.60 3.90 3.20 2.57 2.02 1.60 1.35 1.76 3.26 4.52
  7   5.20 5.35 5.10 4.47 3.78 3.04 2.35 1.80 1.43 1.35 2.35 3.65 4.57 4.92 4.85 4.20 3.50 2.90 2.30 1.85 1.52 1.40 2.43 3.98
  8   4.95 5.25 5.25 4.80 4.15 3.40 2.70 2.10 1.63 1.40 1.80 3.08 4.15 4.78 4.92 4.60 3.90 3.25 2.65 2.17 1.80 1.52 1.72 3.20
  9   4.52 5.05 5.25 5.00 4.40 3.68 2.95 2.33 1.85 1.56 1.60 2.60 3.75 4.58 4.91 4.79 4.21 3.60 2.96 2.41 2.00 1.75 1.80 3.05
 10   4.28 4.86 5.09 5.00 4.48 3.84 3.14 2.55 2.02 1.69 1.58 2.12 3.26 4.25 4.78 4.86 4.52 3.88 3.23 2.70 2.25 1.95 1.80 2.33
 11   3.68 4.40 4.74 4.83 4.63 4.08 3.40 2.80 2.28 1.95 1.75 1.85 2.70 3.66 4.40 4.68 4.60 4.18 3.61 3.08 2.65 2.25 1.96 2.00
 12   3.00 3.81 4.32 4.55 4.55 4.20 3.60 3.00 2.48 2.12 1.85 1.75 2.25 3.18 3.93 4.40 4.55 4.35 3.84 3.32 2.88 2.48 2.20 2.10
 13   2.61 3.22 3.74 4.12 4.36 4.30 3.82 3.32 2.81 2.40 2.06 1.83 1.95 2.60 3.30 3.90 4.23 4.34 4.10 3.67 3.25 2.85 2.50 2.28
 14   2.30 2.70 3.21 3.66 4.00 4.17 4.08 3.72 3.26 2.80 2.40 2.05 1.88 2.00 2.60 3.23 3.75 4.15 4.34 4.24 3.92 3.52 3.15 2.82
 15   2.48 2.36 2.43 2.88 3.37 3.76 4.05 4.15 3.88 3.47 3.05 2.63 2.30 2.05 2.00 2.31 2.93 3.55 4.12 4.46 4.53 4.25 3.80 3.34
 16   2.95 2.56 2.24 2.20 2.68 3.25 3.80 4.18 4.30 4.20 3.80 3.30 2.86 2.45 2.08 1.80 1.80 2.41 3.22 4.01 4.58 4.80 4.80 4.35
 17   3.67 3.10 2.60 2.17 1.83 1.82 2.44 3.15 3.75 4.18 4.24 3.95 3.40 2.87 2.40 2.03 1.75 1.61 2.21 3.25 4.25 4.92 5.17 4.92
 18   4.20 3.60 3.01 2.44 2.00 1.70 1.75 2.46 3.42 4.24 4.66 4.67 4.20 3.56 2.98 2.40 1.93 1.60 1.50 2.30 3.73 4.90 5.43 5.48
 19   4.92 4.22 3.57 2.92 2.28 1.80 1.50 1.50 2.77 4.02 4.80 5.08 4.95 4.28 3.60 2.90 2.25 1.73 1.37 1.21 2.62 4.61 5.42 5.70
 20   5.50 4.82 4.05 3.32 2.60 1.92 1.40 1.09 1.32 3.06 4.60 5.21 5.35 4.93 4.18 3.39 2.65 2.00 1.42 1.01 1.00 3.73 5.26 5.28
 21   5.95 5.65 4.85 3.95 3.07 2.35 1.71 1.20 0.83 1.65 3.73 5.20 5.58 5.47 4.84 4.04 3.22 2.43 1.77 1.23 0.85 1.43 4.30 5.52
 22   5.87 5.88 5.42 4.60 3.65 2.80 2.04 1.48 1.03 0.84 2.23 4.35 5.41 5.63 5.35 4.61 3.80 3.00 2.23 1.61 1.12 0.85 2.65 4.83
 23   5.65 5.83 5.74 5.09 4.22 3.29 2.46 1.85 1.35 0.95 1.00 3.07 4.82 5.52 5.55 5.05 4.35 3.52 2.73 2.02 1.45 1.05 0.95 3.35
 24   5.12 5.60 5.66 5.36 4.60 3.75 2.89 2.22 1.68 1.23 0.99 1.72 3.62 5.01 5.42 5.40 4.84 4.05 3.25 2.57 1.98 1.52 1.36 1.75
 25   3.93 4.84 5.23 5.29 4.85 4.12 3.32 2.62 2.05 1.60 1.30 1.22 2.52 3.98 4.82 5.12 5.05 4.44 3.70 3.02 2.40 1.88 1.53 1.40
 26   2.52 3.82 4.60 4.95 4.99 4.54 3.80 3.04 2.43 1.97 1.60 1.36 1.65 2.90 3.98 4.60 4.83 4.68 4.18 3.55 2.97 2.39 1.95 1.65
 27   1.70 2.80 3.78 4.32 4.58 4.57 4.04 3.43 2.84 2.37 1.97 1.67 1.55 2.07 3.00 3.79 4.33 4.58 4.45 4.00 3.50 3.02 2.58 2.20
 28   1.92 2.05 2.85 3.54 4.06 4.25 4.22 3.86 3.40 2.95 2.50 2.10 1.83 1.70 2.05 2.77 3.44 4.03 4.38 4.43 4.13 3.65 3.22 2.80
 29   2.35 2.05 2.03 2.36 2.85 3.38 3.84 4.05 4.00 3.63 3.23 2.80 2.37 2.02 1.83 1.91 2.49 3.19 3.83 4.30 4.48 4.30 3.85 3.40
 30   2.85 2.43 2.08 1.90 2.00 2.47 3.05 3.62 4.03 4.20 4.00 3.48 3.00 2.55 2.17 1.83 1.64 1.86 2.77 3.64 4.40 4.78 4.80 4.40
 31   3.79 3.25 2.81 2.38 2.00 1.70 1.99 2.80 3.60 4.21 4.40 4.19 3.65 3.12 2.60 2.17 1.80 1.56 1.64 2.65 3.75 4.68 5.03 5.00
 ----------------------------------------------------------------------------------------------------------------------------
                                                                                               
 ----------------------------------------------------------------------------------------------------------------------------
 ----------------------------------------------------------------------------------------------------------------------------
                                                          SURVEY OF INDIA
                                                    MARINE GEODESY WING (G&RB)
                                                     HOURLY HEIGHTS IN METRES
  NAME OF PORT:- DIAMOND HARBOUR                                                                    MONTH FEBRUARY  YEAR 2011
 ----------------------------------------------------------------------------------------------------------------------------
 DAYS 0000 0001 0002 0003 0004 0005 0006 0007 0008 0009 0010 0011 0012 0013 0014 0015 0016 0017 0018 0019 0020 0021 0022 0023
 ----------------------------------------------------------------------------------------------------------------------------
  1   4.56 4.03 3.48 2.90 2.32 1.80 1.45 1.80 2.86 3.85 4.42 4.57 4.26 3.68 3.08 2.51 2.01 1.59 1.35 1.54 3.02 4.46 5.08 5.25
  2   4.98 4.44 3.85 3.20 2.55 1.95 1.41 1.30 2.20 3.40 4.39 4.77 4.70 4.20 3.50 2.85 2.24 1.80 1.43 1.25 2.10 3.73 4.91 5.30
  3   5.28 4.82 4.21 3.48 2.80 2.12 1.55 1.20 1.38 2.77 4.02 4.71 4.88 4.65 4.00 3.25 2.60 2.01 1.55 1.23 1.32 2.99 4.50 5.21
  4   5.46 5.28 4.67 3.91 3.15 2.40 1.72 1.23 1.10 1.93 3.59 4.63 5.01 5.00 4.50 3.70 2.98 2.30 1.75 1.27 1.10 2.00 3.77 4.90
  5   5.46 5.55 5.10 4.37 3.57 2.77 2.01 1.45 1.10 1.42 3.05 4.49 5.10 5.20 4.83 4.08 3.28 2.61 2.02 1.55 1.22 1.40 3.22 4.61
  6   5.35 5.56 5.40 4.75 3.93 3.12 2.35 1.71 1.20 1.15 2.40 3.99 4.90 5.18 5.05 4.45 3.66 2.97 2.28 1.78 1.39 1.17 2.40 4.09
  7   5.08 5.37 5.28 4.80 4.12 3.32 2.60 1.99 1.45 1.21 1.65 3.30 4.45 5.00 5.10 4.68 4.00 3.28 2.64 2.08 1.66 1.40 1.60 3.23
  8   4.62 5.03 5.15 4.90 4.36 3.62 2.90 2.23 1.70 1.37 1.35 2.61 3.99 4.75 4.99 4.83 4.23 3.55 2.90 2.32 1.90 1.60 1.50 2.30
  9   3.99 4.64 4.88 4.83 4.40 3.75 3.05 2.43 1.90 1.52 1.35 2.08 3.24 4.20 4.65 4.75 4.37 3.73 3.10 2.57 2.10 1.80 1.60 2.02
 10   3.30 4.16 4.55 4.63 4.40 3.85 3.23 2.61 2.04 1.61 1.38 1.50 2.56 3.50 4.20 4.46 4.40 3.88 3.28 2.75 2.24 1.88 1.79 1.80
 11   2.81 3.60 4.09 4.30 4.30 3.90 3.39 2.80 2.23 1.83 1.58 1.48 2.01 2.92 3.62 4.10 4.28 4.08 3.60 3.12 2.69 2.27 2.00 1.88
 12   2.27 2.88 3.45 3.90 4.12 4.05 3.65 3.11 2.58 2.17 1.84 1.65 1.80 2.40 3.03 3.70 4.00 4.10 3.85 3.45 3.08 2.75 2.44 2.23
 13   2.15 2.40 2.80 3.22 3.59 3.78 3.75 3.43 3.05 2.65 2.32 2.08 1.89 1.88 2.23 2.77 3.28 3.74 4.08 4.17 3.97 3.62 3.25 2.91
 14   2.50 2.26 2.15 2.23 2.72 3.23 3.63 3.85 3.85 3.59 3.20 2.80 2.42 2.06 1.83 1.77 2.19 2.90 3.65 4.22 4.45 4.40 4.03 3.60
 15   3.06 2.60 2.20 1.90 1.90 2.28 2.86 3.43 3.98 4.25 4.15 3.70 3.20 2.68 2.23 1.90 1.65 1.75 2.64 3.62 4.45 4.88 5.00 4.65
 16   3.95 3.28 2.65 2.09 1.70 1.55 1.85 2.77 3.77 4.45 4.72 4.60 4.03 3.42 2.83 2.28 1.83 1.47 1.41 2.62 4.18 5.15 5.45 5.45
 17   4.86 4.20 3.49 2.80 2.09 1.50 1.16 1.30 2.84 4.30 5.01 5.15 4.80 4.08 3.35 2.62 2.00 1.45 1.10 0.93 2.21 4.65 5.60 5.83
 18   5.58 4.99 4.21 3.40 2.60 1.82 1.20 0.84 1.52 3.80 5.20 5.52 5.41 4.79 4.00 3.17 2.37 1.67 1.17 0.85 1.15 4.00 5.63 6.08
 19   6.04 5.52 4.78 3.90 3.01 2.18 1.41 0.88 0.65 2.40 4.83 5.84 6.00 5.63 4.79 3.83 2.92 2.12 1.45 0.92 0.65 2.43 5.10 6.10
 20   6.28 6.02 5.26 4.41 3.45 2.50 1.65 1.01 0.59 0.62 3.50 5.43 6.00 5.92 5.26 4.40 3.45 2.60 1.85 1.22 0.79 0.71 3.80 5.68
 21   6.06 6.03 5.60 4.82 3.90 3.00 2.10 1.42 0.95 0.62 1.39 4.40 5.60 5.87 5.62 4.95 4.04 3.15 2.30 1.63 1.15 0.80 1.00 3.92
 22   5.40 5.66 5.63 5.20 4.40 3.48 2.60 1.83 1.27 0.88 0.68 2.30 4.37 5.30 5.48 5.28 4.60 3.75 2.90 2.20 1.60 1.12 0.85 1.92
 23   4.52 5.15 5.35 5.24 4.78 3.88 3.03 2.25 1.67 1.24 1.00 1.40 3.00 4.32 5.00 5.10 4.75 4.06 3.35 2.68 2.08 1.60 1.21 1.22
 24   3.05 4.22 4.68 4.80 4.60 4.04 3.30 2.62 2.06 1.63 1.32 1.20 2.10 3.32 4.19 4.62 4.67 4.37 3.70 3.06 2.50 2.02 1.68 1.55
 25   2.21 3.20 3.92 4.30 4.40 4.20 3.64 3.03 2.46 2.00 1.70 1.50 1.74 2.62 3.43 4.05 4.43 4.45 4.10 3.60 3.06 2.60 2.20 1.90
 26   1.91 2.40 3.00 3.51 3.86 4.02 3.81 3.35 2.85 2.42 2.06 1.82 1.68 2.08 2.70 3.25 3.76 4.10 4.25 4.08 3.68 3.26 2.88 2.50
 27   2.14 2.00 2.20 2.68 3.18 3.58 3.79 3.77 3.50 3.17 2.80 2.41 2.09 1.88 1.82 2.18 2.72 3.26 3.82 4.23 4.39 4.20 3.72 3.22
 28   2.65 2.32 2.04 1.90 2.01 2.50 3.06 3.60 3.92 3.98 3.71 3.26 2.83 2.40 2.00 1.70 1.60 2.04 2.85 3.66 4.30 4.62 4.55 4.05
 ----------------------------------------------------------------------------------------------------------------------------
                                                                                               
 ----------------------------------------------------------------------------------------------------------------------------
 ----------------------------------------------------------------------------------------------------------------------------
                                                          SURVEY OF INDIA
                                                    MARINE GEODESY WING (G&RB)
                                                     HOURLY HEIGHTS IN METRES
  NAME OF PORT:- DIAMOND HARBOUR                                                                    MONTH MARCH     YEAR 2011
 ----------------------------------------------------------------------------------------------------------------------------
 DAYS 0000 0001 0002 0003 0004 0005 0006 0007 0008 0009 0010 0011 0012 0013 0014 0015 0016 0017 0018 0019 0020 0021 0022 0023
 ----------------------------------------------------------------------------------------------------------------------------
  1   3.39 2.87 2.40 2.00 1.70 1.73 2.25 2.99 3.63 4.12 4.26 4.00 3.50 2.95 2.40 1.95 1.61 1.43 1.79 2.60 3.43 4.25 4.86 4.85
  2   4.30 3.70 3.10 2.51 1.90 1.48 1.43 2.10 3.01 3.92 4.48 4.48 4.05 3.45 2.85 2.30 1.82 1.50 1.38 2.00 3.20 4.36 5.01 5.15
  3   4.64 4.01 3.39 2.74 2.13 1.60 1.30 1.40 2.70 3.97 4.68 4.88 4.62 4.03 3.36 2.70 2.12 1.68 1.30 1.30 2.68 4.21 5.11 5.35
  4   5.15 4.52 3.82 3.19 2.50 1.88 1.39 1.18 1.97 3.57 4.65 5.08 5.07 4.55 3.82 3.10 2.42 1.85 1.40 1.10 1.57 3.50 4.86 5.41
  5   5.48 4.99 4.25 3.50 2.80 2.10 1.50 1.10 1.25 3.10 4.60 5.23 5.37 5.02 4.24 3.45 2.76 2.12 1.58 1.20 1.20 2.80 4.50 5.28
  6   5.50 5.20 4.57 3.81 3.04 2.32 1.67 1.16 0.90 2.20 4.00 5.00 5.30 5.20 4.59 3.77 3.01 2.37 1.78 1.30 1.03 1.99 3.83 4.98
  7   5.38 5.35 4.89 4.15 3.40 2.60 1.88 1.32 0.98 1.40 3.27 4.65 5.25 5.40 4.98 4.18 3.31 2.60 1.95 1.45 1.18 1.28 3.15 4.63
  8   5.30 5.40 5.17 4.50 3.77 2.98 2.20 1.57 1.17 1.05 2.60 4.21 5.12 5.37 5.17 4.45 3.66 2.98 2.26 1.76 1.35 1.17 2.30 4.05
  9   5.10 5.28 5.20 4.75 4.00 3.23 2.45 1.83 1.37 1.10 1.83 3.60 4.77 5.23 5.23 4.80 4.08 3.39 2.68 2.08 1.65 1.37 1.60 3.11
 10   4.50 4.95 5.03 4.80 4.20 3.42 2.65 2.02 1.57 1.30 1.40 2.97 4.21 4.95 5.08 4.83 4.23 3.53 2.88 2.30 1.87 1.63 1.63 2.70
 11   4.00 4.59 4.78 4.61 4.18 3.59 2.88 2.24 1.78 1.45 1.36 2.30 3.57 4.45 4.84 4.84 4.45 3.80 3.17 2.60 2.17 1.80 1.64 2.17
 12   3.35 4.03 4.37 4.45 4.21 3.73 3.06 2.45 2.00 1.65 1.50 1.98 2.97 3.80 4.40 4.63 4.50 4.02 3.43 2.92 2.42 2.05 1.82 2.00
 13   2.96 3.64 4.12 4.32 4.30 3.97 3.39 2.81 2.32 1.95 1.67 1.63 2.24 3.05 3.75 4.20 4.40 4.30 3.82 3.30 2.81 2.40 2.16 2.03
 14   2.45 3.03 3.50 3.83 4.00 4.02 3.80 3.37 2.85 2.45 2.16 1.95 1.92 2.32 2.84 3.39 3.85 4.19 4.25 4.07 3.74 3.35 2.99 2.63
 15   2.35 2.18 2.20 2.65 3.15 3.60 3.90 4.00 3.83 3.45 3.04 2.60 2.22 1.95 1.80 2.08 2.72 3.40 4.01 4.40 4.50 4.20 3.77 3.30
 16   2.90 2.50 2.17 1.97 2.20 2.70 3.30 3.85 4.28 4.38 4.00 3.48 3.00 2.50 2.05 1.70 1.58 2.15 3.22 4.20 4.80 5.04 4.80 4.25
 17   3.55 2.98 2.45 1.98 1.62 1.63 2.35 3.37 4.45 4.98 5.00 4.60 3.98 3.28 2.64 2.10 1.70 1.45 1.99 3.40 4.82 5.53 5.65 5.38
 18   4.58 3.85 3.10 2.38 1.70 1.25 1.22 2.45 4.40 5.48 5.78 5.60 5.00 4.20 3.35 2.57 1.88 1.40 1.10 2.37 4.44 5.84 6.20 6.19
 19   5.58 4.78 3.90 3.02 2.20 1.44 0.90 0.90 3.70 5.60 6.29 6.38 5.80 4.96 4.00 3.02 2.17 1.45 0.90 0.70 3.40 5.60 6.35 6.44
 20   6.00 5.23 4.35 3.40 2.53 1.75 1.10 0.64 1.40 5.00 6.30 6.64 6.35 5.57 4.60 3.60 2.70 1.96 1.30 0.80 1.00 4.80 6.20 6.65
 21   6.57 5.85 4.95 3.98 3.04 2.18 1.44 0.85 0.50 3.00 5.58 6.57 6.67 6.10 5.24 4.25 3.25 2.30 1.48 0.90 0.65 2.18 5.20 6.15
 22   6.44 6.17 5.40 4.48 3.58 2.62 1.82 1.20 0.66 0.60 3.80 5.78 6.35 6.28 5.66 4.80 3.85 2.95 2.08 1.45 0.98 0.76 3.38 5.45
 23   6.00 6.00 5.58 4.80 3.95 3.06 2.22 1.54 0.88 0.70 1.50 4.24 5.70 6.04 5.85 5.28 4.40 3.50 2.62 1.95 1.40 1.00 1.21 3.80
 24   5.30 5.61 5.61 5.20 4.44 3.58 2.72 2.00 1.42 1.03 1.00 2.80 4.60 5.45 5.64 5.40 4.70 3.92 3.06 2.34 1.71 1.30 1.20 2.30
 25   4.30 5.00 5.22 5.18 4.65 3.90 3.12 2.40 1.83 1.45 1.25 1.70 3.22 4.59 5.10 5.18 4.80 4.18 3.44 2.81 2.24 1.80 1.50 1.62
 26   3.02 4.02 4.57 4.77 4.60 4.12 3.45 2.80 2.20 1.82 1.60 1.62 2.38 3.50 4.38 4.70 4.75 4.48 3.98 3.38 2.82 2.25 1.90 1.82
 27   2.40 3.02 3.60 4.04 4.20 4.10 3.76 3.25 2.78 2.35 2.00 1.85 2.02 2.60 3.25 3.88 4.30 4.48 4.30 3.92 3.50 3.12 2.77 2.45
 28   2.20 2.24 2.60 3.00 3.40 3.69 3.85 3.80 3.55 3.23 2.90 2.60 2.35 2.24 2.50 2.90 3.40 3.84 4.22 4.43 4.38 4.00 3.58 3.17
 29   2.70 2.35 2.10 2.02 2.37 2.95 3.50 3.97 4.18 4.12 3.79 3.40 3.00 2.60 2.22 1.98 2.02 2.70 3.50 4.20 4.60 4.70 4.44 3.95
 30   3.30 2.82 2.40 1.99 1.75 2.12 2.93 3.64 4.28 4.60 4.58 4.10 3.62 3.10 2.64 2.15 1.80 1.82 2.80 3.86 4.65 4.95 4.97 4.52
 31   3.78 3.18 2.62 2.10 1.72 1.60 2.15 3.20 4.20 4.78 4.93 4.70 4.20 3.52 2.85 2.28 1.82 1.50 1.78 3.06 4.30 4.97 5.17 4.88
 ----------------------------------------------------------------------------------------------------------------------------
                                                                                               
 ----------------------------------------------------------------------------------------------------------------------------
 ----------------------------------------------------------------------------------------------------------------------------
                                                          SURVEY OF INDIA
                                                    MARINE GEODESY WING (G&RB)
                                                     HOURLY HEIGHTS IN METRES
  NAME OF PORT:- DIAMOND HARBOUR                                                                    MONTH APRIL     YEAR 2011
 ----------------------------------------------------------------------------------------------------------------------------
 DAYS 0000 0001 0002 0003 0004 0005 0006 0007 0008 0009 0010 0011 0012 0013 0014 0015 0016 0017 0018 0019 0020 0021 0022 0023
 ----------------------------------------------------------------------------------------------------------------------------
  1   4.30 3.70 3.12 2.50 1.91 1.43 1.30 2.22 3.60 4.62 5.10 5.08 4.60 3.98 3.27 2.60 2.00 1.56 1.35 2.10 3.73 4.76 5.22 5.27
  2   4.78 4.15 3.48 2.83 2.20 1.67 1.30 1.60 3.25 4.60 5.24 5.39 5.10 4.42 3.65 2.91 2.22 1.70 1.35 1.37 3.12 4.48 5.22 5.45
  3   5.17 4.55 3.85 3.14 2.42 1.79 1.30 1.05 2.55 4.32 5.20 5.50 5.39 4.77 3.99 3.20 2.44 1.86 1.38 1.16 2.26 4.16 5.10 5.49
  4   5.47 5.00 4.24 3.50 2.70 1.98 1.30 0.98 1.44 3.62 5.10 5.58 5.60 5.18 4.40 3.60 2.79 2.11 1.58 1.19 1.20 3.00 4.25 4.88
  5   5.04 4.82 4.24 3.60 2.90 2.24 1.70 1.18 1.10 2.58 4.35 5.27 5.50 5.28 4.65 3.90 3.07 2.35 1.70 1.24 1.15 2.18 3.77 4.80
  6   5.08 5.18 4.62 3.90 3.20 2.48 1.80 1.25 0.92 1.40 3.60 5.00 5.50 5.50 5.00 4.20 3.39 2.63 1.97 1.41 1.17 1.39 3.03 4.44
  7   5.08 5.20 4.86 4.22 3.52 2.82 2.15 1.60 1.20 1.15 2.70 4.39 5.19 5.40 5.15 4.50 3.80 3.10 2.43 1.88 1.45 1.30 2.30 3.78
  8   4.77 5.05 4.97 4.50 3.90 3.20 2.50 1.92 1.44 1.25 2.05 3.64 4.70 5.18 5.23 4.83 4.15 3.45 2.79 2.18 1.70 1.44 1.80 3.00
  9   4.22 4.75 4.88 4.70 4.20 3.50 2.82 2.20 1.72 1.40 1.50 2.80 3.98 4.70 5.00 4.93 4.41 3.75 3.06 2.45 2.00 1.67 1.65 2.40
 10   3.50 4.26 4.63 4.65 4.30 3.70 3.04 2.42 1.90 1.57 1.44 2.00 3.04 4.00 4.58 4.77 4.56 4.02 3.42 2.88 2.41 2.03 1.80 1.88
 11   2.78 3.55 4.10 4.38 4.35 3.95 3.40 2.84 2.35 1.95 1.70 1.72 2.40 3.28 4.03 4.48 4.60 4.38 3.83 3.32 2.82 2.39 2.02 1.80
 12   2.22 2.90 3.50 4.02 4.22 4.22 3.84 3.42 2.98 2.55 2.18 1.90 1.84 2.44 3.20 3.88 4.34 4.57 4.50 4.10 3.64 3.18 2.77 2.37
 13   1.98 1.90 2.30 2.90 3.47 3.98 4.30 4.30 3.98 3.52 3.07 2.62 2.25 1.97 1.91 2.50 3.27 3.98 4.51 4.68 4.60 4.21 3.66 3.17
 14   2.60 2.15 1.80 1.80 2.37 3.00 3.65 4.22 4.50 4.50 4.15 3.57 2.98 2.42 1.97 1.70 1.62 2.60 3.80 4.65 4.96 4.99 4.64 4.03
 15   3.35 2.75 2.20 1.70 1.38 1.58 2.85 4.15 4.95 5.18 5.07 4.47 3.77 3.03 2.40 1.90 1.50 1.40 2.60 4.12 5.00 5.35 5.30 4.80
 16   4.08 3.40 2.78 2.15 1.56 1.10 1.24 3.20 4.87 5.54 5.68 5.30 4.58 3.78 2.98 2.24 1.64 1.22 1.17 3.00 4.80 5.65 5.80 5.62
 17   4.95 4.18 3.40 2.62 1.85 1.20 0.78 1.70 4.20 5.75 6.15 6.00 5.42 4.60 3.68 2.80 2.02 1.40 0.95 1.00 3.78 5.50 6.06 6.02
 18   5.38 4.65 3.85 3.04 2.22 1.50 0.91 0.65 2.80 5.36 6.40 6.58 6.18 5.35 4.30 3.30 2.42 1.64 1.00 0.65 1.90 4.75 5.90 6.28
 19   5.95 5.20 4.45 3.58 2.66 1.84 1.18 0.60 0.60 4.17 6.02 6.53 6.38 5.78 4.88 3.90 2.97 2.17 1.45 0.95 0.70 2.78 5.26 6.05
 20   6.04 5.50 4.80 3.98 3.12 2.28 1.58 0.97 0.60 1.40 4.45 5.85 6.25 6.04 5.42 4.55 3.60 2.70 1.90 1.30 0.94 0.90 3.20 5.00
 21   5.64 5.64 5.25 4.55 3.73 2.90 2.15 1.56 1.15 0.85 2.85 4.95 5.76 5.95 5.70 5.02 4.18 3.26 2.45 1.80 1.35 1.18 1.84 3.64
 22   4.90 5.22 5.18 4.66 3.97 3.24 2.54 1.90 1.40 1.10 1.50 3.45 4.86 5.47 5.57 5.20 4.48 3.64 2.84 2.18 1.70 1.38 1.42 2.60
 23   4.02 4.70 4.98 4.85 4.30 3.58 2.85 2.24 1.77 1.40 1.40 2.50 3.64 4.65 5.12 5.15 4.77 4.12 3.40 2.77 2.20 1.80 1.60 2.00
 24   3.06 3.89 4.47 4.69 4.44 3.90 3.30 2.77 2.25 1.90 1.66 2.03 2.95 3.80 4.45 4.80 4.80 4.40 3.88 3.35 2.86 2.42 2.10 2.05
 25   2.64 3.22 3.77 4.20 4.40 4.20 3.75 3.25 2.82 2.44 2.15 2.04 2.42 3.05 3.64 4.20 4.55 4.57 4.20 3.70 3.20 2.78 2.38 2.12
 26   2.20 2.66 3.15 3.60 3.90 4.05 3.92 3.60 3.25 2.97 2.70 2.50 2.43 2.50 2.84 3.30 3.79 4.20 4.46 4.46 4.15 3.66 3.20 2.80
 27   2.37 2.18 2.20 2.66 3.20 3.68 4.05 4.19 4.08 3.70 3.30 2.90 2.50 2.20 2.01 2.20 2.82 3.46 4.15 4.57 4.70 4.45 4.00 3.50
 28   2.91 2.45 2.10 1.95 2.35 2.98 3.62 4.20 4.50 4.46 4.08 3.60 3.10 2.62 2.20 1.94 1.94 2.66 3.60 4.37 4.75 4.77 4.40 3.82
 29   3.15 2.64 2.22 1.85 1.70 2.05 3.02 3.92 4.55 4.79 4.62 4.17 3.60 3.04 2.52 2.06 1.75 1.80 2.80 3.83 4.63 4.94 4.88 4.40
 30   3.68 3.08 2.53 2.04 1.64 1.54 2.35 3.59 4.62 5.08 5.10 4.68 4.10 3.42 2.80 2.20 1.78 1.50 1.97 3.30 4.48 5.02 5.15 4.75
 ----------------------------------------------------------------------------------------------------------------------------
                                                                                               
 ----------------------------------------------------------------------------------------------------------------------------
 ----------------------------------------------------------------------------------------------------------------------------
                                                          SURVEY OF INDIA
                                                    MARINE GEODESY WING (G&RB)
                                                     HOURLY HEIGHTS IN METRES
  NAME OF PORT:- DIAMOND HARBOUR                                                                    MONTH MAY       YEAR 2011
 ----------------------------------------------------------------------------------------------------------------------------
 DAYS 0000 0001 0002 0003 0004 0005 0006 0007 0008 0009 0010 0011 0012 0013 0014 0015 0016 0017 0018 0019 0020 0021 0022 0023
 ----------------------------------------------------------------------------------------------------------------------------
  1   4.08 3.47 2.92 2.37 1.87 1.48 1.57 2.95 4.26 5.10 5.38 5.10 4.55 3.90 3.20 2.54 1.98 1.58 1.45 2.64 4.14 5.04 5.40 5.33
  2   4.72 4.08 3.42 2.77 2.12 1.57 1.30 2.10 3.76 4.97 5.48 5.50 5.04 4.38 3.64 2.92 2.25 1.75 1.45 1.85 3.40 4.66 5.40 5.65
  3   5.30 4.65 3.92 3.15 2.40 1.76 1.24 1.23 3.17 4.78 5.60 5.84 5.56 4.85 4.06 3.30 2.60 2.00 1.46 1.30 2.60 4.20 5.23 5.55
  4   5.28 4.78 4.15 3.43 2.70 2.00 1.38 1.02 2.40 4.26 5.52 5.88 5.84 5.20 4.40 3.57 2.80 2.10 1.54 1.20 1.75 3.42 4.85 5.58
  5   5.60 5.18 4.56 3.83 3.08 2.35 1.66 1.17 1.10 3.00 4.75 5.63 5.90 5.60 4.86 3.98 3.15 2.40 1.80 1.38 1.25 2.58 4.20 5.25
  6   5.52 5.40 4.90 4.20 3.40 2.66 2.00 1.45 1.12 2.00 3.95 5.23 5.70 5.70 5.22 4.43 3.57 2.83 2.18 1.72 1.40 1.58 3.22 4.52
  7   5.16 5.28 5.03 4.52 3.80 3.04 2.35 1.78 1.35 1.35 1.90 4.45 5.26 5.55 5.40 4.80 4.02 3.28 2.62 2.10 1.75 1.57 2.30 3.62
  8   4.60 4.90 4.96 4.60 4.02 3.35 2.65 2.05 1.64 1.45 2.00 3.24 4.30 5.08 5.32 5.10 4.40 3.65 3.00 2.41 1.97 1.66 1.80 2.90
  9   4.10 4.68 4.88 4.81 4.30 3.66 3.04 2.45 2.00 1.70 1.70 2.62 3.68 4.56 5.05 5.19 4.90 4.25 3.50 2.90 2.38 1.98 1.85 2.26
 10   3.30 4.00 4.52 4.74 4.66 4.20 3.59 3.00 2.48 2.12 1.88 2.08 3.10 4.03 4.68 5.03 5.08 4.77 4.17 3.50 2.95 2.44 2.05 1.97
 11   2.65 3.35 3.88 4.32 4.60 4.58 4.17 3.62 3.10 2.62 2.22 1.98 2.06 2.82 3.60 4.32 4.77 4.90 4.60 4.06 3.48 2.95 2.45 2.08
 12   1.78 1.82 2.57 3.37 4.10 4.60 4.82 4.68 4.22 3.70 3.18 2.64 2.25 2.10 2.58 3.37 4.16 4.70 4.95 4.85 4.40 3.70 3.10 2.59
 13   2.05 1.75 1.70 2.50 3.43 4.26 4.84 5.10 4.90 4.40 3.78 3.18 2.60 2.17 1.86 1.90 2.81 3.92 4.82 5.10 5.10 4.62 3.92 3.20
 14   2.43 1.90 1.55 1.35 1.66 3.00 4.30 5.20 5.55 5.40 4.86 4.15 3.40 2.75 2.12 1.69 1.55 2.40 3.88 5.00 5.40 5.40 4.98 4.30
 15   3.40 2.68 2.08 1.60 1.25 1.44 3.03 4.60 5.55 5.79 5.49 4.93 4.20 3.40 2.65 2.02 1.50 1.24 2.22 4.00 5.23 5.66 5.60 5.06
 16   4.33 3.62 2.90 2.24 1.56 1.04 1.37 3.44 5.10 5.96 6.16 5.78 5.00 4.10 3.19 2.41 1.80 1.30 1.05 2.40 4.39 5.48 5.85 5.63
 17   4.84 4.16 3.42 2.70 1.98 1.36 0.90 1.30 4.09 5.68 6.30 6.30 5.70 4.84 3.92 3.04 2.26 1.64 1.17 1.05 3.03 5.00 5.78 5.90
 18   5.44 4.80 4.05 3.30 2.54 1.84 1.26 1.12 2.20 4.83 6.12 6.50 6.20 5.48 4.60 3.70 2.85 2.05 1.48 1.16 1.62 3.86 5.45 6.00
 19   5.96 5.46 4.72 3.86 3.04 2.23 1.52 0.97 0.83 2.97 5.26 6.20 6.39 6.06 5.25 4.37 3.44 2.64 1.96 1.45 1.25 2.40 4.60 5.80
 20   6.22 6.08 5.44 4.56 3.65 2.80 2.00 1.40 0.97 1.13 3.56 5.36 6.00 6.06 5.65 4.85 3.95 3.15 2.35 1.76 1.32 1.25 3.20 5.13
 21   6.00 6.16 6.00 5.40 4.48 3.52 2.68 2.04 1.58 1.45 2.86 4.55 5.50 5.86 5.86 5.36 4.60 3.80 3.04 2.33 1.76 1.45 2.10 3.80
 22   5.20 5.58 5.65 5.40 4.76 3.90 3.01 2.32 1.80 1.52 1.60 3.20 4.50 5.24 5.50 5.36 4.77 4.05 3.34 2.70 2.10 1.77 1.70 2.58
 23   4.00 4.78 5.07 5.05 4.58 4.00 3.38 2.80 2.30 1.93 1.69 2.24 3.34 4.38 5.04 5.19 4.97 4.40 3.70 3.10 2.56 2.08 1.83 2.03
 24   3.10 3.90 4.43 4.67 4.67 4.25 3.74 3.24 2.77 2.38 2.08 2.24 2.89 3.58 4.22 4.68 4.84 4.58 4.07 3.57 3.05 2.54 2.14 2.07
 25   2.60 3.18 3.66 4.14 4.45 4.42 4.05 3.62 3.15 2.74 2.36 2.16 2.36 2.87 3.44 4.03 4.52 4.74 4.47 4.00 3.50 3.02 2.56 2.20
 26   2.04 2.25 2.78 3.40 3.94 4.28 4.36 4.10 3.68 3.26 2.86 2.46 2.24 2.24 2.67 3.25 3.89 4.40 4.58 4.45 4.08 3.60 3.17 2.76
 27   2.33 2.16 2.30 2.80 3.37 3.96 4.27 4.36 4.16 3.76 3.34 2.95 2.60 2.30 2.10 2.40 3.05 3.72 4.30 4.64 4.60 4.15 3.64 3.12
 28   2.55 2.18 1.95 1.96 2.66 3.42 4.08 4.56 4.78 4.60 4.17 3.65 3.17 2.70 2.32 2.05 2.20 2.95 3.74 4.40 4.70 4.64 4.15 3.57
 29   2.95 2.50 2.16 1.90 1.82 2.56 3.48 4.24 4.80 5.00 4.68 4.17 3.65 3.10 2.60 2.17 1.88 2.06 3.00 3.90 4.60 4.92 4.80 4.25
 30   3.52 3.00 2.50 2.05 1.75 1.74 2.68 3.80 4.70 5.12 5.18 4.80 4.16 3.50 2.90 2.38 1.98 1.76 2.30 3.30 4.24 4.80 4.99 4.63
 31   4.00 3.43 2.92 2.38 1.93 1.64 1.83 3.10 4.56 5.30 5.56 5.36 4.77 4.06 3.40 2.77 2.20 1.83 1.65 2.56 3.80 4.67 5.04 5.00
 ----------------------------------------------------------------------------------------------------------------------------
                                                                                               
 ----------------------------------------------------------------------------------------------------------------------------
 ----------------------------------------------------------------------------------------------------------------------------
                                                          SURVEY OF INDIA
                                                    MARINE GEODESY WING (G&RB)
                                                     HOURLY HEIGHTS IN METRES
  NAME OF PORT:- DIAMOND HARBOUR                                                                    MONTH JUNE      YEAR 2011
 ----------------------------------------------------------------------------------------------------------------------------
 DAYS 0000 0001 0002 0003 0004 0005 0006 0007 0008 0009 0010 0011 0012 0013 0014 0015 0016 0017 0018 0019 0020 0021 0022 0023
 ----------------------------------------------------------------------------------------------------------------------------
  1   4.48 3.89 3.30 2.68 2.12 1.66 1.50 2.27 3.60 4.83 5.51 5.62 5.20 4.48 3.72 3.02 2.40 1.92 1.52 1.66 3.00 4.40 5.12 5.29
  2   5.01 4.45 3.78 3.12 2.48 1.92 1.51 1.59 3.10 4.61 5.48 5.79 5.62 4.91 4.13 3.38 2.62 2.02 1.58 1.40 2.20 3.62 4.82 5.37
  3   5.32 4.90 4.25 3.58 2.84 2.20 1.60 1.24 1.96 3.44 4.98 5.72 5.82 5.44 4.65 3.83 3.07 2.40 1.82 1.40 1.42 2.85 4.27 5.20
  4   5.50 5.29 4.70 3.95 3.20 2.48 1.88 1.40 1.27 2.78 4.40 5.41 5.80 5.74 5.20 4.40 3.56 2.83 2.20 1.70 1.41 2.08 3.60 4.79
  5   5.39 5.40 4.99 4.34 3.62 2.94 2.30 1.79 1.41 1.46 3.20 4.78 5.59 5.80 5.48 4.84 4.09 3.35 2.64 2.08 1.72 1.58 2.35 3.79
  6   4.95 5.30 5.28 4.72 4.02 3.32 2.61 2.02 1.60 1.40 2.20 3.83 5.02 5.55 5.64 5.20 4.50 3.77 3.05 2.47 1.99 1.73 1.80 2.92
  7   4.32 5.03 5.25 5.05 4.48 3.80 3.11 2.45 1.95 1.60 1.60 2.80 4.12 5.05 5.47 5.46 4.96 4.22 3.47 2.81 2.25 1.88 1.70 2.18
  8   3.53 4.50 5.00 5.15 4.93 4.31 3.66 3.06 2.47 2.00 1.76 1.98 3.15 4.26 5.00 5.30 5.25 4.76 4.00 3.34 2.76 2.24 1.82 1.74
  9   2.70 3.70 4.48 4.88 5.00 4.80 4.30 3.71 3.14 2.61 2.20 1.90 2.07 3.21 4.21 4.90 5.20 5.18 4.66 4.02 3.41 2.90 2.43 2.05
 10   1.90 2.58 3.54 4.27 4.75 5.00 4.96 4.50 3.90 3.33 2.82 2.34 2.06 2.08 2.90 3.80 4.50 4.90 5.03 4.75 4.15 3.58 3.06 2.55
 11   2.08 1.80 1.86 2.93 3.90 4.63 5.07 5.17 4.82 4.22 3.60 2.99 2.47 2.10 1.95 2.50 3.50 4.30 4.85 5.04 4.80 4.25 3.65 3.07
 12   2.48 2.06 1.76 1.75 2.77 4.06 4.88 5.30 5.38 4.93 4.30 3.65 3.01 2.48 2.07 1.80 2.00 3.25 4.38 4.99 5.16 4.89 4.27 3.60
 13   2.89 2.38 1.96 1.62 1.60 2.72 4.02 5.00 5.53 5.58 5.20 4.55 3.80 3.10 2.45 1.98 1.66 1.75 3.07 4.27 5.01 5.33 5.20 4.65
 14   3.85 3.15 2.52 1.97 1.56 1.36 2.12 3.85 5.19 5.80 5.85 5.34 4.60 3.77 3.00 2.32 1.82 1.46 1.59 3.09 4.45 5.52 5.55 5.22
 15   4.56 3.85 3.20 2.54 1.95 1.46 1.26 2.35 4.35 5.70 6.12 5.99 5.40 4.58 3.69 2.88 2.21 1.71 1.40 1.66 3.55 4.90 5.55 5.58
 16   4.98 4.41 3.80 3.15 2.42 1.76 1.20 1.10 2.75 4.77 5.79 6.04 5.78 5.05 4.19 3.34 2.55 1.92 1.40 1.06 1.72 3.48 5.01 5.75
 17   5.82 5.42 4.68 3.87 3.02 2.26 1.57 1.10 1.08 3.32 5.02 5.94 6.10 5.78 5.03 4.19 3.32 2.60 1.98 1.50 1.24 2.40 4.45 5.58
 18   5.87 5.78 5.25 4.56 3.82 3.07 2.39 1.79 1.52 3.02 4.90 5.98 6.40 6.38 5.77 5.00 4.14 3.24 2.52 1.91 1.52 1.60 3.49 5.20
 19   5.86 5.94 5.60 4.98 4.21 3.46 2.65 2.00 1.55 1.64 3.58 5.20 6.05 6.25 6.02 5.27 4.44 3.62 2.82 2.17 1.70 1.50 2.55 4.50
 20   5.52 5.75 5.61 5.13 4.41 3.63 2.88 2.20 1.75 1.60 2.70 4.40 5.53 5.98 5.98 5.44 4.68 3.90 3.09 2.40 1.92 1.65 1.84 3.22
 21   4.77 5.37 5.48 5.23 4.60 3.86 3.12 2.50 2.01 1.74 1.93 3.45 4.65 5.39 5.64 5.48 4.88 4.15 3.43 2.78 2.25 1.88 1.90 2.58
 22   3.93 4.83 5.23 5.26 4.88 4.23 3.57 2.99 2.45 2.10 2.02 2.73 3.82 4.72 5.29 5.46 5.13 4.50 3.80 3.14 2.60 2.20 1.94 2.00
 23   3.22 4.18 4.85 5.15 5.12 4.70 4.05 3.40 2.85 2.46 2.25 2.38 3.17 4.02 4.68 5.08 5.18 4.81 4.28 3.63 3.06 2.55 2.15 2.05
 24   2.78 3.70 4.47 4.90 5.00 4.81 4.37 3.86 3.37 2.94 2.57 2.36 2.50 3.15 3.85 4.47 4.88 4.90 4.48 3.93 3.42 3.00 2.62 2.38
 25   2.26 2.75 3.53 4.15 4.62 4.80 4.70 4.37 3.94 3.52 3.10 2.68 2.37 2.39 2.98 3.55 4.10 4.50 4.65 4.46 4.03 3.60 3.20 2.80
 26   2.35 2.15 2.40 3.15 3.84 4.40 4.75 4.80 4.52 4.07 3.60 3.15 2.79 2.47 2.35 2.77 3.32 3.94 4.47 4.65 4.53 4.13 3.70 3.27
 27   2.80 2.49 2.25 2.28 3.08 3.90 4.52 4.89 5.00 4.75 4.27 3.75 3.26 2.85 2.47 2.20 2.39 3.10 3.88 4.52 4.79 4.66 4.24 3.79
 28   3.28 2.86 2.52 2.21 2.06 2.76 3.75 4.53 5.05 5.19 4.92 4.40 3.80 3.20 2.66 2.26 2.00 2.15 3.10 3.98 4.73 5.00 4.90 4.47
 29   3.87 3.38 2.86 2.40 2.00 1.80 2.58 3.83 4.86 5.38 5.50 5.14 4.52 3.80 3.12 2.50 2.06 1.80 2.07 3.14 4.24 4.94 5.18 4.99
 30   4.38 3.80 3.23 2.67 2.15 1.73 1.70 2.99 4.44 5.32 5.69 5.65 5.15 4.43 3.67 2.98 2.40 1.93 1.61 2.26 3.53 4.60 5.13 5.30
 ----------------------------------------------------------------------------------------------------------------------------
                                                                                               
 ----------------------------------------------------------------------------------------------------------------------------
 ----------------------------------------------------------------------------------------------------------------------------
                                                          SURVEY OF INDIA
                                                    MARINE GEODESY WING (G&RB)
                                                     HOURLY HEIGHTS IN METRES
  NAME OF PORT:- DIAMOND HARBOUR                                                                    MONTH JULY      YEAR 2011
 ----------------------------------------------------------------------------------------------------------------------------
 DAYS 0000 0001 0002 0003 0004 0005 0006 0007 0008 0009 0010 0011 0012 0013 0014 0015 0016 0017 0018 0019 0020 0021 0022 0023
 ----------------------------------------------------------------------------------------------------------------------------
  1   4.92 4.30 3.68 3.03 2.42 1.86 1.42 1.47 3.46 5.10 5.78 5.92 5.72 5.00 4.14 3.30 2.60 2.00 1.57 1.50 2.40 3.85 4.98 5.45
  2   5.32 4.90 4.26 3.57 2.83 2.17 1.59 1.22 2.13 4.30 5.60 6.10 6.04 5.45 4.67 3.80 3.00 2.25 1.65 1.31 1.35 2.79 4.35 5.24
  3   5.59 5.32 4.77 4.03 3.25 2.50 1.80 1.27 1.17 3.16 5.06 6.10 6.36 6.05 5.30 4.40 3.50 2.70 2.00 1.40 1.09 2.35 3.80 5.03
  4   5.64 5.62 5.15 4.50 3.72 2.92 2.15 1.57 1.14 1.28 3.82 5.47 6.08 6.17 5.70 4.92 4.03 3.19 2.40 1.78 1.30 1.20 2.71 4.49
  5   5.67 5.87 5.53 4.90 4.18 3.35 2.53 1.90 1.43 1.20 2.30 4.60 5.71 6.16 6.07 5.43 4.59 3.70 2.90 2.20 1.70 1.39 1.63 3.60
  6   5.27 5.78 5.82 5.40 4.66 3.82 3.03 2.34 1.80 1.45 1.60 3.28 4.80 5.78 6.08 5.83 5.14 4.35 3.49 2.80 2.17 1.69 1.40 2.12
  7   4.20 5.29 5.71 5.78 5.47 4.70 3.80 3.02 2.43 1.99 1.70 2.19 3.77 5.07 5.70 5.83 5.57 4.80 3.95 3.20 2.59 2.05 1.65 1.68
  8   3.05 4.40 5.22 5.55 5.51 5.03 4.40 3.68 3.00 2.40 2.00 1.87 2.62 3.79 4.63 5.24 5.43 5.09 4.50 3.80 3.12 2.45 2.00 1.68
  9   1.80 3.11 4.30 5.07 5.38 5.36 5.00 4.38 3.72 3.10 2.57 2.18 2.00 2.50 3.42 4.34 4.94 5.15 4.87 4.34 3.77 3.18 2.63 2.12
 10   1.78 1.84 2.93 4.00 4.80 5.14 5.19 4.89 4.39 3.80 3.28 2.77 2.37 2.07 2.10 2.92 3.83 4.57 4.96 4.91 4.51 3.97 3.38 2.80
 11   2.26 1.92 1.80 2.28 3.39 4.27 4.87 5.17 5.10 4.63 4.05 3.40 2.86 2.40 2.03 1.90 2.40 3.37 4.20 4.78 4.97 4.67 4.15 3.53
 12   2.92 2.50 2.09 1.80 1.82 2.92 4.00 4.84 5.34 5.43 5.05 4.42 3.74 3.10 2.50 2.07 1.83 2.20 3.19 4.22 4.92 5.19 4.97 4.39
 13   3.60 3.04 2.54 2.11 1.74 1.70 2.54 3.90 5.10 5.68 5.79 5.39 4.61 3.82 3.13 2.54 2.07 1.80 2.08 3.22 4.43 5.20 5.50 5.30
 14   4.70 4.11 3.48 2.83 2.27 1.79 1.77 3.07 4.61 5.70 6.14 6.10 5.39 4.58 3.73 2.90 2.22 1.78 1.53 2.30 3.80 5.06 5.73 5.78
 15   5.32 4.80 4.14 3.40 2.68 2.00 1.42 1.67 3.65 5.40 6.25 6.45 6.01 5.18 4.25 3.32 2.60 2.00 1.55 1.42 3.05 4.60 5.70 5.99
 16   5.77 5.20 4.45 3.67 2.87 2.15 1.60 1.26 2.39 4.49 5.90 6.46 6.38 5.68 4.80 3.90 3.02 2.30 1.78 1.46 1.66 3.58 5.24 6.00
 17   6.02 5.53 4.82 4.04 3.27 2.51 1.89 1.40 1.30 3.81 5.27 6.27 6.50 6.18 5.36 4.40 3.41 2.60 2.00 1.55 1.34 2.47 4.33 5.58
 18   6.00 5.97 5.38 4.60 3.80 3.00 2.25 1.70 1.37 2.10 4.15 5.67 6.18 6.21 5.73 4.93 4.06 3.20 2.41 1.87 1.50 1.60 3.23 4.84
 19   5.70 5.84 5.57 4.98 4.20 3.40 2.67 2.02 1.58 1.50 3.20 4.83 5.67 5.96 5.70 5.10 4.38 3.59 2.82 2.18 1.65 1.47 2.33 4.20
 20   5.35 5.69 5.59 5.07 4.41 3.71 2.98 2.31 1.79 1.50 2.31 3.98 5.09 5.58 5.63 5.22 4.54 3.82 3.12 2.49 1.97 1.60 1.77 3.18
 21   4.60 5.23 5.49 5.36 4.80 4.08 3.37 2.69 2.17 1.90 1.96 3.24 4.40 5.12 5.43 5.37 4.88 4.20 3.51 2.88 2.30 1.91 1.82 2.60
 22   4.03 4.88 5.30 5.38 5.00 4.48 3.89 3.31 2.80 2.38 2.21 2.72 3.65 4.53 5.15 5.30 5.00 4.51 3.92 3.32 2.72 2.20 1.97 2.31
 23   3.46 4.39 4.98 5.19 5.08 4.60 4.00 3.43 2.96 2.53 2.31 2.45 3.20 3.98 4.61 4.97 4.89 4.58 4.03 3.48 2.97 2.48 2.11 2.05
 24   2.82 3.73 4.50 4.92 4.89 4.72 4.22 3.69 3.20 2.77 2.50 2.43 2.79 3.38 3.97 4.42 4.68 4.60 4.22 3.78 3.31 2.91 2.58 2.30
 25   2.40 3.02 3.71 4.29 4.61 4.74 4.60 4.21 3.79 3.37 3.00 2.77 2.63 2.69 3.15 3.65 4.08 4.38 4.49 4.36 4.00 3.60 3.19 2.80
 26   2.49 2.37 2.51 3.13 3.71 4.21 4.60 4.70 4.50 4.16 3.71 3.29 2.93 2.65 2.48 2.55 3.00 3.60 4.20 4.60 4.60 4.26 3.83 3.41
 27   2.98 2.61 2.37 2.21 2.59 3.40 4.20 4.78 5.10 5.06 4.61 4.07 3.56 3.05 2.60 2.29 2.21 2.70 3.58 4.39 4.90 5.03 4.68 4.12
 28   3.50 3.08 2.65 2.28 2.00 2.23 3.27 4.36 5.18 5.49 5.35 4.80 4.19 3.58 2.97 2.42 2.03 1.96 2.70 3.67 4.58 5.20 5.24 4.81
 29   4.08 3.47 2.88 2.31 1.90 1.70 2.27 3.63 4.88 5.71 5.90 5.57 4.87 4.15 3.40 2.78 2.23 1.82 1.77 2.79 4.00 5.13 5.63 5.50
 30   4.80 4.12 3.44 2.80 2.22 1.77 1.43 2.26 4.09 5.52 6.15 6.20 5.69 4.87 4.00 3.17 2.47 1.90 1.50 1.56 3.04 4.70 5.77 6.00
 31   5.70 5.11 4.30 3.50 2.71 2.02 1.50 1.21 2.83 5.10 6.29 6.50 6.25 5.48 4.58 3.65 2.77 2.04 1.50 1.08 1.65 4.00 5.61 6.32
 ----------------------------------------------------------------------------------------------------------------------------
                                                                                               
 ----------------------------------------------------------------------------------------------------------------------------
 ----------------------------------------------------------------------------------------------------------------------------
                                                          SURVEY OF INDIA
                                                    MARINE GEODESY WING (G&RB)
                                                     HOURLY HEIGHTS IN METRES
  NAME OF PORT:- DIAMOND HARBOUR                                                                    MONTH AUGUST    YEAR 2011
 ----------------------------------------------------------------------------------------------------------------------------
 DAYS 0000 0001 0002 0003 0004 0005 0006 0007 0008 0009 0010 0011 0012 0013 0014 0015 0016 0017 0018 0019 0020 0021 0022 0023
 ----------------------------------------------------------------------------------------------------------------------------
  1   6.16 5.58 4.81 3.99 3.10 2.28 1.60 1.16 1.20 4.08 5.94 6.69 6.70 6.06 5.18 4.19 3.20 2.40 1.74 1.23 1.06 2.60 5.10 6.40
  2   6.54 5.96 5.17 4.28 3.43 2.60 1.87 1.28 0.90 2.19 5.16 6.39 6.76 6.46 5.72 4.72 3.74 2.83 2.10 1.54 1.19 1.20 3.58 5.60
  3   6.36 6.34 5.82 5.01 4.16 3.24 2.37 1.72 1.23 1.00 3.14 5.40 6.35 6.60 6.24 5.39 4.36 3.38 2.60 1.94 1.44 1.15 1.80 4.44
  4   6.04 6.36 6.26 5.62 4.75 3.76 2.85 2.16 1.66 1.35 1.68 3.97 5.48 6.12 6.20 5.72 4.85 4.00 3.15 2.38 1.80 1.34 1.28 3.14
  5   5.28 6.06 6.20 5.88 5.20 4.40 3.54 2.79 2.16 1.68 1.44 2.61 4.30 5.40 5.86 5.76 5.20 4.49 3.67 2.94 2.26 1.77 1.54 1.99
  6   4.17 5.30 5.74 5.78 5.46 4.85 4.12 3.40 2.70 2.19 1.84 1.80 2.94 4.10 4.94 5.34 5.28 4.76 4.14 3.54 2.95 2.38 1.94 1.71
  7   2.48 3.89 4.76 5.20 5.35 5.14 4.60 3.96 3.29 2.71 2.30 2.08 2.15 2.90 3.75 4.48 4.91 4.96 4.55 4.07 3.57 3.08 2.60 2.16
  8   1.94 2.28 3.45 4.36 4.86 5.08 5.00 4.58 4.01 3.46 3.01 2.60 2.29 2.24 2.80 3.45 4.10 4.54 4.72 4.52 4.12 3.65 3.21 2.80
  9   2.38 2.12 2.10 2.66 3.50 4.35 4.87 5.05 4.85 4.44 3.94 3.43 3.00 2.60 2.32 2.28 2.77 3.46 4.20 4.68 4.75 4.40 3.94 3.45
 10   2.94 2.55 2.27 2.08 2.30 3.25 4.09 4.81 5.24 5.25 4.90 4.40 3.83 3.27 2.75 2.23 1.94 2.40 3.29 4.17 4.74 4.94 4.79 4.34
 11   3.72 3.20 2.70 2.25 1.92 1.85 2.70 4.00 5.10 5.60 5.56 5.08 4.48 3.80 3.10 2.44 1.95 1.71 1.94 3.29 4.44 5.10 5.30 4.97
 12   4.21 3.56 2.94 2.34 1.82 1.50 1.51 3.01 4.64 5.57 5.86 5.60 5.03 4.35 3.62 2.90 2.23 1.74 1.41 1.89 3.61 4.99 5.57 5.57
 13   4.98 4.35 3.70 3.06 2.46 1.94 1.49 1.67 3.83 5.60 6.26 6.28 5.80 4.97 4.14 3.28 2.55 1.94 1.46 1.40 3.07 4.71 5.60 5.92
 14   5.55 4.94 4.25 3.54 2.80 2.08 1.50 1.25 2.62 4.94 6.04 6.44 6.17 5.48 4.56 3.65 2.88 2.20 1.64 1.30 2.14 4.25 5.74 6.18
 15   5.95 5.33 4.60 3.81 3.05 2.34 1.68 1.27 1.35 3.85 5.66 6.35 6.40 5.86 5.02 4.05 3.17 2.43 1.80 1.35 1.30 3.20 5.07 6.05
 16   6.26 5.90 5.29 4.50 3.61 2.74 1.99 1.44 1.25 2.70 4.90 6.06 6.34 6.11 5.45 4.51 3.51 2.70 2.00 1.52 1.31 2.00 4.06 5.43
 17   6.14 6.10 5.54 4.82 4.00 3.11 2.28 1.64 1.28 1.44 3.70 5.48 6.10 6.19 5.70 4.86 3.92 3.08 2.32 1.75 1.37 1.40 3.05 4.72
 18   5.81 6.00 5.67 5.00 4.19 3.43 2.70 2.05 1.54 1.38 2.92 4.53 5.59 5.98 5.78 5.08 4.23 3.38 2.67 2.10 1.66 1.46 2.50 4.10
 19   5.41 5.87 5.77 5.20 4.46 3.71 2.96 2.30 1.86 1.55 2.44 3.94 5.10 5.70 5.75 5.22 4.52 3.74 3.00 2.38 1.87 1.60 1.90 3.46
 20   5.09 5.69 5.79 5.40 4.78 4.02 3.26 2.60 2.09 1.80 1.97 3.30 4.54 5.38 5.60 5.26 4.70 4.04 3.33 2.72 2.18 1.80 1.83 2.81
 21   4.46 5.33 5.54 5.41 4.98 4.34 3.63 3.00 2.40 2.09 2.06 2.84 3.83 4.70 5.14 5.15 4.76 4.20 3.60 3.08 2.57 2.17 2.06 2.40
 22   3.61 4.54 5.07 5.19 4.95 4.48 3.92 3.40 2.96 2.60 2.45 2.69 3.27 3.92 4.46 4.73 4.66 4.33 3.89 3.49 3.09 2.70 2.45 2.45
 23   2.81 3.55 4.20 4.69 4.85 4.67 4.31 3.91 3.50 3.14 2.81 2.65 2.74 3.13 3.56 3.94 4.20 4.30 4.17 3.89 3.59 3.25 2.95 2.70
 24   2.55 2.80 3.28 3.82 4.22 4.49 4.55 4.41 4.14 3.78 3.40 3.07 2.80 2.65 2.66 2.95 3.41 3.85 4.20 4.34 4.20 3.87 3.53 3.20
 25   2.86 2.59 2.39 2.38 2.90 3.67 4.34 4.70 4.85 4.60 4.20 3.70 3.23 2.80 2.46 2.20 2.35 2.98 3.70 4.40 4.85 4.80 4.35 3.78
 26   3.11 2.54 2.12 1.86 1.80 2.53 3.73 4.72 5.26 5.35 5.00 4.41 3.80 3.18 2.60 2.13 1.80 1.80 2.72 3.93 4.90 5.26 5.20 4.74
 27   4.00 3.35 2.70 2.09 1.60 1.40 2.40 4.00 5.24 5.73 5.75 5.25 4.48 3.69 2.94 2.30 1.78 1.40 1.47 3.00 4.60 5.40 5.86 5.55
 28   4.74 4.00 3.24 2.48 1.80 1.29 1.15 2.93 4.85 5.90 6.32 6.06 5.29 4.41 3.50 2.65 1.96 1.46 1.11 1.72 3.90 5.40 6.27 6.25
 29   5.51 4.70 3.88 3.05 2.25 1.55 1.04 1.00 3.71 5.77 6.60 6.70 6.11 5.14 4.12 3.14 2.30 1.65 1.18 0.95 2.51 5.00 6.50 6.80
 30   6.33 5.55 4.70 3.78 2.91 2.07 1.38 0.93 1.86 4.94 6.54 7.06 6.75 5.90 4.84 3.80 2.87 2.07 1.40 0.97 1.00 3.80 6.10 6.90
 31   6.86 6.26 5.35 4.40 3.43 2.56 1.79 1.19 0.90 3.25 5.67 6.86 6.95 6.43 5.54 4.45 3.40 2.50 1.80 1.30 0.97 2.05 5.26 6.60
 ----------------------------------------------------------------------------------------------------------------------------
                                                                                               
 ----------------------------------------------------------------------------------------------------------------------------
 ----------------------------------------------------------------------------------------------------------------------------
                                                          SURVEY OF INDIA
                                                    MARINE GEODESY WING (G&RB)
                                                     HOURLY HEIGHTS IN METRES
  NAME OF PORT:- DIAMOND HARBOUR                                                                    MONTH SEPT      YEAR 2011
 ----------------------------------------------------------------------------------------------------------------------------
 DAYS 0000 0001 0002 0003 0004 0005 0006 0007 0008 0009 0010 0011 0012 0013 0014 0015 0016 0017 0018 0019 0020 0021 0022 0023
 ----------------------------------------------------------------------------------------------------------------------------
  1   6.95 6.60 5.79 4.80 3.90 3.00 2.22 1.62 1.21 1.26 4.15 6.00 6.74 6.66 6.04 5.10 4.04 3.08 2.25 1.69 1.24 1.01 2.91 5.35
  2   6.55 6.80 6.40 5.60 4.64 3.60 2.70 2.00 1.46 1.24 2.54 4.87 5.94 6.34 6.15 5.30 4.40 3.47 2.62 1.99 1.50 1.19 1.40 4.06
  3   5.80 6.24 6.24 5.77 5.01 4.12 3.21 2.42 1.81 1.40 1.46 3.17 4.68 5.57 5.80 5.50 4.74 3.94 3.13 2.45 1.94 1.54 1.41 2.60
  4   4.55 5.39 5.72 5.65 5.06 4.31 3.54 2.85 2.28 1.93 1.75 2.20 3.40 4.40 5.08 5.30 5.00 4.39 3.72 3.12 2.60 2.25 2.00 2.10
  5   3.41 4.34 4.94 5.36 5.33 4.96 4.35 3.75 3.23 2.79 2.45 2.30 2.80 3.58 4.31 4.76 4.90 4.70 4.27 3.74 3.26 2.87 2.52 2.30
  6   2.43 3.14 3.82 4.40 4.80 4.95 4.76 4.31 3.82 3.40 3.01 2.70 2.60 2.68 3.10 3.60 4.06 4.38 4.49 4.34 4.00 3.60 3.24 2.94
  7   2.65 2.48 2.55 3.09 3.75 4.40 4.80 4.90 4.65 4.25 3.85 3.45 3.06 2.74 2.45 2.40 2.86 3.50 4.09 4.49 4.54 4.32 3.91 3.49
  8   3.04 2.67 2.34 2.13 2.46 3.28 4.07 4.73 5.10 5.01 4.64 4.10 3.54 2.96 2.46 2.06 1.90 2.32 3.28 4.20 4.80 4.98 4.80 4.30
  9   3.68 3.15 2.65 2.20 1.81 1.88 3.08 4.31 5.20 5.55 5.46 4.90 4.19 3.44 2.80 2.22 1.78 1.54 2.34 3.60 4.80 5.36 5.35 4.94
 10   4.25 3.65 3.00 2.40 1.82 1.45 1.89 3.39 4.84 5.74 5.94 5.55 4.78 3.91 3.17 2.40 1.85 1.45 1.35 2.85 4.39 5.42 5.78 5.55
 11   4.86 4.20 3.52 2.80 2.12 1.54 1.26 2.26 4.20 5.60 6.06 5.96 5.28 4.40 3.48 2.73 2.05 1.55 1.25 1.66 3.70 5.36 6.05 6.07
 12   5.46 4.75 3.96 3.20 2.46 1.80 1.27 1.20 3.25 5.07 5.95 6.14 5.75 4.95 4.02 3.18 2.41 1.80 1.33 1.10 2.60 4.68 5.79 6.14
 13   5.79 5.10 4.37 3.59 2.80 2.10 1.47 1.10 2.20 4.48 5.75 6.16 6.00 5.34 4.44 3.53 2.71 2.02 1.44 1.14 1.65 3.95 5.60 6.15
 14   6.05 5.45 4.71 3.93 3.11 2.34 1.69 1.20 1.20 3.50 5.29 6.07 6.10 5.60 4.74 3.86 3.00 2.27 1.66 1.20 1.10 2.97 5.01 5.92
 15   6.14 5.77 5.05 4.27 3.45 2.60 1.88 1.31 1.10 2.60 4.60 5.69 5.99 5.74 5.05 4.19 3.31 2.55 1.95 1.48 1.20 2.32 4.47 5.69
 16   6.15 6.08 5.47 4.72 3.90 3.08 2.34 1.68 1.26 2.01 3.86 5.31 5.80 5.80 5.25 4.48 3.68 2.92 2.20 1.66 1.27 1.54 2.97 4.30
 17   5.47 5.85 5.48 4.80 3.99 3.23 2.54 1.90 1.45 1.42 2.91 4.60 5.43 5.65 5.40 4.71 3.92 3.19 2.46 1.86 1.45 1.36 2.42 3.84
 18   5.18 5.71 5.66 5.07 4.35 3.55 2.84 2.20 1.72 1.54 2.26 3.66 4.75 5.28 5.35 4.80 4.13 3.44 2.80 2.20 1.75 1.53 1.98 3.20
 19   4.58 5.25 5.39 5.06 4.46 3.80 3.14 2.55 2.11 1.86 2.11 3.14 4.07 4.84 5.14 4.93 4.40 3.81 3.20 2.65 2.20 1.92 1.93 2.73
 20   4.00 4.80 5.15 5.10 4.62 4.05 3.50 3.05 2.62 2.30 2.22 2.77 3.64 4.39 4.76 4.80 4.52 4.06 3.57 3.14 2.74 2.40 2.26 2.48
 21   3.35 4.12 4.68 4.94 4.86 4.52 4.05 3.58 3.18 2.85 2.66 2.64 2.92 3.40 3.93 4.34 4.53 4.48 4.20 3.85 3.47 3.15 2.90 2.73
 22   2.81 3.34 3.89 4.35 4.66 4.79 4.72 4.43 4.02 3.64 3.34 3.08 2.91 2.85 3.04 3.54 4.03 4.41 4.59 4.51 4.20 3.85 3.53 3.20
 23   2.93 2.74 2.78 3.40 4.00 4.50 4.85 5.00 4.81 4.45 4.06 3.65 3.21 2.81 2.48 2.43 2.85 3.60 4.40 4.86 4.95 4.71 4.30 3.80
 24   3.25 2.80 2.40 2.20 2.50 3.40 4.40 5.11 5.46 5.38 4.92 4.36 3.80 3.19 2.58 2.06 1.80 2.36 3.54 4.70 5.39 5.53 5.14 4.55
 25   3.83 3.20 2.61 2.07 1.68 1.80 3.40 4.74 5.65 5.94 5.73 5.10 4.40 3.60 2.85 2.14 1.60 1.27 2.00 3.84 5.40 6.01 6.02 5.50
 26   4.65 3.90 3.15 2.40 1.74 1.23 1.40 3.62 5.40 6.16 6.30 5.83 5.02 4.15 3.20 2.40 1.70 1.18 0.90 2.60 4.93 6.18 6.49 6.23
 27   5.48 4.73 3.93 3.07 2.21 1.43 0.89 1.08 4.35 6.04 6.50 6.40 5.66 4.70 3.67 2.70 1.94 1.34 0.87 0.66 3.16 5.75 6.69 6.75
 28   6.07 5.32 4.50 3.60 2.66 1.79 1.05 0.68 2.05 5.32 6.39 6.66 6.24 5.40 4.34 3.26 2.39 1.68 1.16 0.78 0.77 4.37 6.35 6.80
 29   6.50 5.80 5.00 4.07 3.17 2.26 1.51 0.99 0.70 3.04 5.62 6.40 6.42 5.90 5.00 3.93 2.90 2.13 1.48 0.95 0.66 1.49 5.38 6.48
 30   6.67 6.26 5.46 4.60 3.60 2.75 1.93 1.27 0.80 0.84 4.20 5.80 6.25 6.17 5.45 4.50 3.46 2.60 1.88 1.27 0.85 0.76 3.32 5.78
 ----------------------------------------------------------------------------------------------------------------------------
                                                                                               
 ----------------------------------------------------------------------------------------------------------------------------
 ----------------------------------------------------------------------------------------------------------------------------
                                                          SURVEY OF INDIA
                                                    MARINE GEODESY WING (G&RB)
                                                     HOURLY HEIGHTS IN METRES
  NAME OF PORT:- DIAMOND HARBOUR                                                                    MONTH OCTOBER   YEAR 2011
 ----------------------------------------------------------------------------------------------------------------------------
 DAYS 0000 0001 0002 0003 0004 0005 0006 0007 0008 0009 0010 0011 0012 0013 0014 0015 0016 0017 0018 0019 0020 0021 0022 0023
 ----------------------------------------------------------------------------------------------------------------------------
  1   6.39 6.40 5.92 5.00 4.00 3.06 2.26 1.65 1.12 0.95 1.70 3.67 5.26 5.93 5.65 4.95 4.01 3.18 2.45 1.88 1.38 1.06 1.22 3.40
  2   5.34 5.93 5.92 5.40 4.60 3.66 2.80 2.13 1.60 1.25 1.22 2.65 4.20 5.16 5.40 5.10 4.38 3.59 2.86 2.22 1.74 1.38 1.30 2.20
  3   4.24 5.22 5.55 5.45 4.94 4.20 3.38 2.70 2.15 1.79 1.56 2.10 3.32 4.38 4.90 4.99 4.63 4.03 3.36 2.79 2.23 1.90 1.75 1.96
  4   3.25 4.30 4.95 5.18 5.07 4.58 3.96 3.35 2.77 2.30 1.99 1.90 2.53 3.35 4.05 4.49 4.60 4.32 3.84 3.40 3.02 2.64 2.35 2.10
  5   2.21 3.16 4.00 4.54 4.80 4.80 4.44 3.97 3.44 2.97 2.60 2.34 2.26 2.54 3.06 3.64 4.14 4.37 4.36 4.07 3.74 3.37 3.06 2.76
  6   2.45 2.45 2.86 3.44 3.98 4.44 4.71 4.66 4.33 3.85 3.40 2.99 2.61 2.34 2.25 2.60 3.22 3.82 4.35 4.59 4.47 4.06 3.65 3.24
  7   2.78 2.47 2.25 2.24 2.82 3.60 4.34 4.84 4.97 4.62 4.15 3.64 3.15 2.64 2.24 1.98 2.20 3.01 3.81 4.54 4.95 4.92 4.46 3.83
  8   3.20 2.68 2.28 1.96 1.93 2.66 3.60 4.42 5.00 5.20 4.86 4.25 3.60 3.00 2.47 2.05 1.74 1.90 3.05 4.15 4.97 5.30 5.14 4.56
  9   3.78 3.20 2.64 2.11 1.74 1.69 2.48 3.66 4.79 5.32 5.36 4.90 4.20 3.46 2.80 2.20 1.75 1.47 2.00 3.45 4.76 5.40 5.54 5.20
 10   4.44 3.81 3.19 2.54 2.00 1.55 1.55 2.80 4.23 5.14 5.50 5.30 4.65 3.88 3.14 2.42 1.82 1.43 1.31 2.46 4.10 5.16 5.59 5.56
 11   4.95 4.29 3.60 2.90 2.24 1.69 1.33 1.87 3.51 4.90 5.46 5.55 5.14 4.31 3.47 2.72 2.06 1.54 1.19 1.42 3.49 5.02 5.72 5.86
 12   5.48 4.86 4.14 3.33 2.56 1.85 1.28 1.20 2.80 4.50 5.40 5.70 5.40 4.63 3.80 3.01 2.28 1.75 1.31 1.09 2.49 4.53 5.50 5.90
 13   5.76 5.21 4.45 3.66 2.88 2.16 1.56 1.26 2.06 3.98 5.19 5.71 5.67 5.04 4.21 3.40 2.65 2.05 1.56 1.25 1.50 3.80 5.26 5.88
 14   5.95 5.50 4.82 4.04 3.25 2.46 1.79 1.34 1.35 3.14 4.66 5.54 5.74 5.36 4.61 3.78 3.00 2.31 1.74 1.33 1.22 2.68 4.80 5.75
 15   5.98 5.78 5.19 4.40 3.58 2.75 2.04 1.54 1.35 2.42 4.21 5.25 5.65 5.58 4.90 4.09 3.25 2.53 1.93 1.53 1.30 2.00 3.96 5.38
 16   5.84 5.85 5.39 4.66 3.84 3.04 2.30 1.75 1.46 1.83 3.25 4.66 5.40 5.53 5.14 4.40 3.56 2.85 2.24 1.80 1.48 1.64 3.44 4.83
 17   5.54 5.74 5.53 4.94 4.18 3.36 2.62 2.08 1.71 1.64 2.60 4.00 4.94 5.30 5.21 4.64 3.90 3.20 2.59 2.06 1.77 1.74 2.80 4.21
 18   5.22 5.55 5.54 5.06 4.40 3.69 3.00 2.44 2.02 1.85 2.34 3.51 4.54 5.09 5.19 4.79 4.16 3.51 2.92 2.40 2.05 1.90 2.36 3.63
 19   4.75 5.20 5.34 5.15 4.60 4.00 3.39 2.84 2.40 2.14 2.19 3.04 3.89 4.58 4.95 4.96 4.54 3.97 3.40 2.86 2.49 2.30 2.26 3.07
 20   4.21 4.85 5.14 5.24 5.03 4.47 3.85 3.29 2.87 2.60 2.45 2.60 3.19 3.80 4.32 4.60 4.63 4.40 4.00 3.56 3.15 2.76 2.46 2.41
 21   3.25 4.00 4.51 4.75 4.84 4.74 4.40 4.00 3.54 3.10 2.75 2.50 2.41 2.69 3.20 3.74 4.28 4.64 4.60 4.22 3.80 3.40 3.09 2.80
 22   2.49 2.40 2.80 3.54 4.20 4.71 4.88 4.76 4.36 3.85 3.35 2.90 2.49 2.18 2.07 2.35 3.14 3.90 4.60 4.96 4.89 4.47 3.92 3.40
 23   2.87 2.45 2.14 2.07 2.81 3.74 4.48 4.94 5.09 4.77 4.18 3.55 2.96 2.45 2.04 1.74 1.80 2.76 3.94 4.93 5.35 5.28 4.83 4.24
 24   3.54 2.94 2.40 1.94 1.66 2.14 3.55 4.71 5.32 5.49 5.08 4.36 3.60 2.88 2.26 1.80 1.42 1.32 2.59 4.47 5.60 5.94 5.80 5.23
 25   4.47 3.79 3.05 2.34 1.69 1.29 2.08 3.91 5.23 5.80 5.80 5.20 4.40 3.51 2.70 2.05 1.54 1.15 1.20 3.40 5.30 6.15 6.34 5.99
 26   5.19 4.43 3.66 2.86 2.08 1.43 1.06 2.26 4.47 5.74 6.10 5.87 5.16 4.22 3.31 2.49 1.85 1.31 0.93 1.15 4.27 6.04 6.51 6.40
 27   5.78 4.95 4.13 3.30 2.48 1.69 1.06 0.90 2.90 5.14 6.03 6.14 5.79 4.94 4.01 3.02 2.24 1.61 1.07 0.71 1.85 4.89 6.38 6.65
 28   6.27 5.54 4.71 3.82 2.94 2.11 1.41 0.94 1.00 3.60 5.36 6.03 6.00 5.40 4.54 3.60 2.70 1.95 1.33 0.94 0.88 3.24 5.64 6.06
 29   6.45 6.06 5.34 4.46 3.51 2.60 1.82 1.22 0.89 1.46 3.90 5.34 5.81 5.71 5.01 4.14 3.25 2.48 1.83 1.34 1.04 1.15 4.34 5.71
 30   6.12 6.15 5.78 5.08 4.14 3.20 2.37 1.71 1.26 1.08 2.25 4.29 5.20 5.54 5.40 4.76 3.87 3.14 2.44 1.86 1.39 1.14 2.48 4.70
 31   5.52 5.73 5.71 5.09 4.28 3.53 2.80 2.20 1.70 1.40 1.53 2.92 4.30 4.95 5.14 4.84 4.19 3.40 2.72 2.17 1.75 1.49 1.54 3.38
 ----------------------------------------------------------------------------------------------------------------------------
                                                                                               
 ----------------------------------------------------------------------------------------------------------------------------
 ----------------------------------------------------------------------------------------------------------------------------
                                                          SURVEY OF INDIA
                                                    MARINE GEODESY WING (G&RB)
                                                     HOURLY HEIGHTS IN METRES
  NAME OF PORT:- DIAMOND HARBOUR                                                                    MONTH NOVEMBER  YEAR 2011
 ----------------------------------------------------------------------------------------------------------------------------
 DAYS 0000 0001 0002 0003 0004 0005 0006 0007 0008 0009 0010 0011 0012 0013 0014 0015 0016 0017 0018 0019 0020 0021 0022 0023
 ----------------------------------------------------------------------------------------------------------------------------
  1   4.83 5.20 5.35 5.25 4.68 3.99 3.29 2.63 2.10 1.74 1.61 2.09 3.14 4.13 4.65 4.75 4.42 3.82 3.15 2.54 2.06 1.80 1.69 2.20
  2   3.86 4.59 4.90 5.00 4.85 4.29 3.64 3.02 2.42 2.00 1.80 1.80 2.41 3.16 3.82 4.28 4.45 4.15 3.62 3.11 2.61 2.21 2.00 1.94
  3   2.60 3.43 4.08 4.46 4.59 4.55 4.19 3.61 3.10 2.61 2.26 2.00 2.00 2.44 3.00 3.59 4.01 4.26 4.15 3.76 3.34 2.99 2.64 2.36
  4   2.17 2.31 2.85 3.43 4.00 4.37 4.45 4.20 3.73 3.24 2.80 2.41 2.12 1.95 2.23 2.77 3.30 3.80 4.20 4.30 4.05 3.64 3.22 2.83
  5   2.36 2.09 2.10 2.63 3.21 3.78 4.20 4.38 4.30 3.90 3.43 2.94 2.50 2.11 1.87 1.87 2.40 3.12 3.84 4.37 4.59 4.40 3.95 3.45
  6   2.92 2.50 2.15 1.92 2.02 2.82 3.61 4.27 4.63 4.55 4.15 3.60 3.07 2.55 2.13 1.79 1.68 2.34 3.31 4.16 4.75 4.90 4.60 4.14
  7   3.54 3.02 2.57 2.16 1.80 1.86 2.89 3.90 4.49 4.76 4.66 4.15 3.54 2.94 2.38 1.89 1.56 1.54 2.52 3.68 4.61 5.08 5.11 4.66
  8   3.94 3.39 2.86 2.34 1.87 1.54 2.14 3.16 4.20 4.80 4.91 4.54 3.87 3.23 2.65 2.12 1.70 1.45 1.70 3.09 4.34 5.05 5.26 5.04
  9   4.38 3.80 3.21 2.60 2.04 1.60 1.49 2.48 3.70 4.57 4.95 4.87 4.34 3.65 2.98 2.34 1.80 1.48 1.34 2.28 3.73 4.92 5.43 5.46
 10   4.88 4.24 3.54 2.86 2.26 1.73 1.36 1.75 3.06 4.31 5.05 5.14 4.80 4.10 3.34 2.64 2.01 1.55 1.31 1.54 3.25 4.82 5.54 5.67
 11   5.26 4.64 3.94 3.21 2.54 1.94 1.44 1.35 2.37 3.84 4.86 5.26 5.10 4.50 3.74 3.02 2.37 1.84 1.43 1.26 2.40 4.20 5.21 5.66
 12   5.56 5.08 4.39 3.62 2.93 2.26 1.73 1.38 1.65 3.19 4.48 5.13 5.25 4.84 4.09 3.34 2.67 2.12 1.66 1.36 1.40 3.19 4.75 5.45
 13   5.65 5.41 4.78 4.01 3.26 2.55 1.95 1.50 1.34 2.33 3.78 4.80 5.16 5.09 4.49 3.70 2.99 2.33 1.80 1.45 1.31 2.09 4.05 5.15
 14   5.55 5.52 4.92 4.21 3.49 2.81 2.20 1.73 1.42 1.71 3.08 4.29 4.95 5.10 4.80 4.06 3.28 2.64 2.08 1.65 1.39 1.52 3.14 4.56
 15   5.30 5.49 5.20 4.52 3.72 3.05 2.43 1.96 1.60 1.52 2.34 3.65 4.58 5.00 4.95 4.39 3.68 2.98 2.40 1.95 1.60 1.45 2.27 3.80
 16   4.87 5.23 5.28 4.84 4.15 3.46 2.75 2.20 1.85 1.69 1.85 2.93 3.95 4.65 4.89 4.71 4.12 3.46 2.84 2.28 1.88 1.67 1.75 2.88
 17   4.20 4.84 5.10 5.06 4.60 4.00 3.39 2.78 2.24 1.89 1.71 2.21 3.20 4.10 4.64 4.78 4.49 3.90 3.27 2.73 2.31 2.00 1.85 2.46
 18   3.70 4.50 4.80 4.99 4.80 4.32 3.76 3.24 2.74 2.27 1.97 1.90 2.50 3.35 4.08 4.54 4.62 4.29 3.79 3.29 2.85 2.42 2.09 1.94
 19   2.39 3.49 4.29 4.69 4.79 4.70 4.25 3.72 3.16 2.65 2.26 1.97 1.84 2.22 3.09 3.85 4.36 4.64 4.55 4.16 3.61 3.13 2.74 2.36
 20   2.09 2.11 2.79 3.56 4.24 4.63 4.72 4.42 3.86 3.27 2.75 2.30 2.00 1.74 1.84 2.60 3.51 4.28 4.74 4.84 4.48 3.97 3.46 2.99
 21   2.45 2.10 1.90 2.34 3.25 4.06 4.59 4.78 4.59 4.02 3.44 2.88 2.40 2.01 1.71 1.54 2.16 3.25 4.34 5.00 5.20 4.92 4.32 3.65
 22   2.96 2.45 2.06 1.77 1.80 2.95 4.02 4.75 5.05 4.91 4.35 3.66 3.00 2.40 1.95 1.60 1.36 2.00 3.65 4.91 5.46 5.59 5.20 4.55
 23   3.71 3.03 2.44 1.90 1.48 1.42 2.40 4.02 5.06 5.26 5.07 4.46 3.67 2.92 2.25 1.74 1.34 1.09 1.80 3.89 5.28 5.87 5.89 5.35
 24   4.52 3.78 3.06 2.40 1.74 1.25 1.21 2.72 4.45 5.26 5.50 5.17 4.49 3.69 2.91 2.20 1.61 1.18 0.94 1.94 4.16 5.85 6.26 6.06
 25   5.28 4.54 3.76 2.95 2.14 1.48 1.03 1.20 3.04 4.78 5.53 5.59 5.20 4.40 3.54 2.74 2.07 1.51 1.11 0.94 2.20 4.85 6.06 6.25
 26   5.91 5.26 4.51 3.66 2.81 1.98 1.34 1.00 1.33 3.40 5.02 5.54 5.52 5.00 4.20 3.32 2.54 1.90 1.36 1.07 1.06 3.40 5.45 6.08
 27   6.15 5.78 5.10 4.25 3.35 2.46 1.77 1.26 1.01 2.00 3.94 5.15 5.49 5.35 4.73 3.93 3.08 2.34 1.75 1.28 1.07 1.78 3.98 5.24
 28   5.83 5.93 5.61 4.83 3.94 3.02 2.20 1.62 1.20 1.14 2.60 4.25 5.10 5.34 5.12 4.44 3.61 2.86 2.20 1.70 1.34 1.25 2.80 4.49
 29   5.40 5.67 5.57 5.02 4.34 3.60 2.80 2.08 1.60 1.30 1.60 3.08 4.32 5.00 5.15 4.86 4.14 3.39 2.67 2.14 1.74 1.50 1.71 3.49
 30   4.80 5.26 5.38 5.22 4.64 3.94 3.20 2.50 1.96 1.61 1.46 2.09 3.28 4.23 4.75 4.80 4.34 3.70 3.08 2.54 2.12 1.80 1.70 2.29
 ----------------------------------------------------------------------------------------------------------------------------
                                                                                               
 ----------------------------------------------------------------------------------------------------------------------------
 ----------------------------------------------------------------------------------------------------------------------------
                                                          SURVEY OF INDIA
                                                    MARINE GEODESY WING (G&RB)
                                                     HOURLY HEIGHTS IN METRES
  NAME OF PORT:- DIAMOND HARBOUR                                                                    MONTH DECEMBER  YEAR 2011
 ----------------------------------------------------------------------------------------------------------------------------
 DAYS 0000 0001 0002 0003 0004 0005 0006 0007 0008 0009 0010 0011 0012 0013 0014 0015 0016 0017 0018 0019 0020 0021 0022 0023
 ----------------------------------------------------------------------------------------------------------------------------
  1   3.80 4.57 4.98 5.06 4.86 4.38 3.72 3.06 2.47 1.98 1.60 1.60 2.46 3.40 4.19 4.55 4.50 4.05 3.43 2.88 2.40 2.08 1.94 1.97
  2   3.03 3.86 4.43 4.69 4.74 4.42 3.85 3.27 2.73 2.22 1.86 1.67 1.92 2.70 3.47 4.07 4.35 4.29 3.84 3.33 2.86 2.44 2.16 2.00
  3   2.34 3.18 3.82 4.25 4.50 4.54 4.16 3.61 3.08 2.59 2.17 1.85 1.75 2.22 2.94 3.53 3.99 4.25 4.20 3.86 3.45 3.05 2.67 2.37
  4   2.12 2.22 2.80 3.41 3.90 4.20 4.30 4.10 3.65 3.17 2.72 2.32 2.00 1.85 2.13 2.79 3.40 3.94 4.27 4.31 3.98 3.58 3.19 2.81
  5   2.38 2.15 2.15 2.60 3.14 3.63 4.04 4.25 4.16 3.80 3.34 2.85 2.42 2.05 1.79 1.88 2.53 3.20 3.86 4.32 4.49 4.25 3.81 3.36
  6   2.80 2.36 2.02 1.87 2.23 2.86 3.52 4.00 4.26 4.23 3.79 3.25 2.79 2.34 2.00 1.75 1.74 2.40 3.26 4.06 4.60 4.79 4.50 4.01
  7   3.40 2.90 2.45 2.06 1.76 1.95 2.73 3.51 4.20 4.50 4.35 3.80 3.25 2.74 2.27 1.90 1.60 1.63 2.58 3.59 4.45 4.90 4.96 4.55
  8   3.87 3.30 2.80 2.33 1.92 1.65 2.08 2.99 3.83 4.44 4.60 4.32 3.75 3.15 2.60 2.14 1.78 1.52 1.80 3.00 4.15 4.98 5.24 5.10
  9   4.41 3.80 3.17 2.55 2.00 1.59 1.55 2.40 3.43 4.35 4.80 4.78 4.30 3.67 3.00 2.40 1.93 1.55 1.35 2.20 3.75 4.90 5.35 5.47
 10   4.96 4.28 3.63 2.99 2.40 1.91 1.52 1.60 2.74 3.96 4.80 5.05 4.80 4.15 3.44 2.80 2.20 1.74 1.42 1.35 2.80 4.47 5.33 5.59
 11   5.38 4.87 4.15 3.42 2.77 2.20 1.72 1.46 2.03 3.39 4.50 5.05 5.06 4.55 3.87 3.16 2.53 2.00 1.54 1.30 1.62 3.43 4.88 5.54
 12   5.64 5.27 4.62 3.87 3.19 2.50 1.91 1.42 1.40 2.55 3.88 4.85 5.15 4.92 4.30 3.55 2.85 2.24 1.74 1.39 1.25 2.58 4.22 5.23
 13   5.56 5.47 4.87 4.16 3.45 2.79 2.15 1.63 1.34 1.80 3.07 4.32 4.95 5.10 4.69 4.00 3.25 2.63 2.07 1.64 1.34 1.45 3.28 4.79
 14   5.40 5.50 5.25 4.60 3.90 3.20 2.55 2.00 1.58 1.40 2.20 3.54 4.55 5.00 4.96 4.40 3.65 2.97 2.35 1.89 1.53 1.35 2.27 3.90
 15   4.96 5.33 5.39 5.00 4.32 3.59 2.93 2.21 1.74 1.49 1.53 2.76 4.00 4.78 4.95 4.73 4.09 3.40 2.75 2.20 1.80 1.54 1.60 3.07
 16   4.59 5.09 5.26 5.11 4.53 3.85 3.14 2.49 2.00 1.61 1.45 1.82 2.85 3.95 4.73 4.85 4.54 3.93 3.20 2.58 2.10 1.73 1.50 1.65
 17   3.20 4.24 4.82 5.00 4.85 4.24 3.54 2.86 2.28 1.88 1.60 1.45 2.11 3.15 4.06 4.56 4.65 4.30 3.60 2.99 2.44 2.05 1.74 1.55
 18   2.28 3.52 4.35 4.69 4.79 4.64 3.98 3.30 2.72 2.22 1.86 1.55 1.53 2.19 3.14 3.97 4.48 4.65 4.34 3.73 3.17 2.64 2.24 1.92
 19   1.69 2.08 3.14 3.99 4.40 4.55 4.47 3.99 3.37 2.80 2.33 1.90 1.61 1.55 2.14 3.06 3.86 4.46 4.71 4.55 4.10 3.50 2.99 2.50
 20   2.05 1.84 1.93 2.79 3.63 4.21 4.46 4.46 4.01 3.43 2.86 2.34 1.96 1.68 1.55 1.94 2.85 3.72 4.47 4.76 4.70 4.25 3.65 3.07
 21   2.46 2.09 1.85 1.75 2.33 3.21 3.97 4.41 4.55 4.23 3.64 3.06 2.54 2.13 1.78 1.53 1.54 2.50 3.55 4.50 5.03 5.04 4.56 3.90
 22   3.14 2.61 2.20 1.85 1.61 1.93 2.94 3.87 4.51 4.74 4.51 3.94 3.31 2.72 2.20 1.80 1.53 1.41 2.40 3.80 4.92 5.39 5.37 4.86
 23   4.12 3.47 2.88 2.30 1.80 1.48 1.60 2.74 3.83 4.58 4.86 4.60 4.03 3.40 2.76 2.19 1.75 1.41 1.25 2.46 4.13 5.25 5.60 5.57
 24   4.94 4.28 3.60 2.89 2.25 1.70 1.34 1.54 2.89 4.14 4.83 5.05 4.80 4.12 3.34 2.66 2.08 1.61 1.26 1.18 2.73 4.45 5.34 5.75
 25   5.57 4.95 4.22 3.51 2.76 2.06 1.47 1.13 1.60 3.24 4.64 5.16 5.20 4.75 4.00 3.22 2.54 1.99 1.54 1.20 1.26 3.40 5.03 5.76
 26   5.94 5.54 4.85 4.06 3.25 2.54 1.88 1.39 1.14 2.08 3.73 4.85 5.23 5.14 4.58 3.80 3.02 2.34 1.79 1.35 1.15 2.00 4.18 5.39
 27   5.87 5.80 5.29 4.59 3.79 2.99 2.20 1.60 1.21 1.20 2.75 4.40 5.20 5.36 5.00 4.26 3.42 2.70 2.07 1.61 1.24 1.23 3.20 5.02
 28   5.87 6.00 5.66 4.96 4.17 3.34 2.57 1.88 1.33 1.05 2.11 3.95 5.19 5.50 5.35 4.69 3.87 3.12 2.40 1.89 1.51 1.32 1.87 4.19
 29   5.40 5.69 5.73 5.30 4.55 3.69 2.91 2.20 1.62 1.30 1.65 3.20 4.61 5.29 5.40 5.00 4.25 3.47 2.77 2.20 1.80 1.55 2.00 3.56
 30   5.00 5.45 5.55 5.19 4.51 3.79 3.04 2.41 1.93 1.58 1.53 2.42 3.80 4.75 5.14 5.07 4.59 3.90 3.17 2.61 2.15 1.83 1.75 2.67
 31   4.21 4.86 5.14 5.18 4.80 4.14 3.44 2.80 2.25 1.86 1.71 2.05 3.08 4.07 4.65 4.89 4.71 4.19 3.55 3.00 2.51 2.14 1.93 2.30
 ----------------------------------------------------------------------------------------------------------------------------
                                                                                               
 ----------------------------------------------------------------------------------------------------------------------------
 ----------------------------------------------------------------------------------------------------------------------------
