                                                          SURVEY OF INDIA
                                                    MARINE GEODESY WING (G&RB)
                                                     HOURLY HEIGHTS IN METRES
  NAME OF PORT:- DIAMOND HARBOUR                                                                    MONTH JANUARY   YEAR 2012
 ----------------------------------------------------------------------------------------------------------------------------
 DAYS 0000 0001 0002 0003 0004 0005 0006 0007 0008 0009 0010 0011 0012 0013 0014 0015 0016 0017 0018 0019 0020 0021 0022 0023
 ----------------------------------------------------------------------------------------------------------------------------
  1   3.48 4.25 4.76 4.90 4.78 4.31 3.70 3.18 2.61 2.16 1.83 1.76 2.30 3.20 3.95 4.45 4.63 4.40 3.90 3.41 2.98 2.50 2.18 2.04
  2   2.52 3.22 3.85 4.27 4.44 4.35 3.98 3.50 2.98 2.47 2.06 1.78 1.82 2.48 3.22 3.86 4.27 4.44 4.23 3.83 3.42 3.04 2.68 2.40
  3   2.23 2.60 3.07 3.54 3.90 4.15 4.23 3.98 3.45 2.96 2.50 2.18 2.03 2.20 2.77 3.30 3.80 4.22 4.44 4.36 4.02 3.63 3.25 2.86
  4   2.51 2.33 2.40 2.86 3.40 3.84 4.12 4.20 4.00 3.60 3.19 2.77 2.40 2.16 2.10 2.48 3.03 3.58 4.16 4.48 4.60 4.36 3.92 3.46
  5   2.95 2.52 2.21 2.22 2.67 3.16 3.60 4.01 4.28 4.25 3.88 3.37 2.88 2.43 2.10 1.90 2.02 2.66 3.40 4.12 4.64 4.84 4.68 4.26
  6   3.62 3.15 2.65 2.18 1.85 2.19 2.90 3.57 4.16 4.48 4.48 4.00 3.43 2.92 2.42 2.00 1.76 1.70 2.53 3.55 4.44 4.96 5.08 4.80
  7   4.20 3.60 3.03 2.55 2.08 1.80 1.90 2.76 3.60 4.40 4.68 4.50 4.00 3.43 2.87 2.36 1.91 1.60 1.60 2.80 3.99 4.81 5.23 5.20
  8   4.62 4.01 3.42 2.83 2.30 1.88 1.61 2.02 3.03 4.00 4.75 4.96 4.62 4.01 3.37 2.76 2.22 1.80 1.46 1.60 3.12 4.60 5.32 5.55
  9   5.21 4.59 3.95 3.26 2.61 2.08 1.63 1.43 2.30 3.48 4.55 5.04 5.00 4.48 3.80 3.12 2.48 1.91 1.49 1.30 2.00 3.77 5.12 5.68
 10   5.66 5.15 4.45 3.76 3.02 2.37 1.81 1.40 1.40 2.73 4.21 5.04 5.30 5.01 4.36 3.60 2.85 2.19 1.63 1.26 1.16 2.59 4.48 5.53
 11   5.83 5.63 5.00 4.20 3.40 2.61 1.96 1.42 1.10 1.58 3.27 4.63 5.25 5.28 4.81 4.10 3.30 2.60 1.95 1.47 1.16 1.40 3.38 4.92
 12   5.60 5.70 5.30 4.59 3.77 2.97 2.21 1.64 1.23 1.10 2.00 3.80 5.00 5.35 5.18 4.56 3.78 3.02 2.35 1.80 1.37 1.15 1.90 4.12
 13   5.26 5.60 5.57 4.96 4.20 3.40 2.62 2.00 1.50 1.19 1.20 2.70 4.34 5.09 5.25 4.88 4.22 3.48 2.72 2.11 1.64 1.34 1.20 2.75
 14   4.75 5.26 5.36 5.10 4.45 3.75 3.00 2.32 1.76 1.36 1.12 1.60 3.08 4.44 5.01 5.04 4.62 4.00 3.26 2.60 2.05 1.63 1.39 1.60
 15   3.50 4.43 4.90 5.04 4.85 4.25 3.48 2.77 2.16 1.69 1.40 1.32 2.20 3.60 4.56 4.94 4.94 4.40 3.68 3.06 2.49 2.04 1.70 1.60
 16   2.66 3.56 4.25 4.67 4.79 4.46 3.79 3.12 2.50 2.00 1.66 1.45 1.63 2.68 3.72 4.47 4.76 4.72 4.20 3.60 3.04 2.53 2.11 1.80
 17   1.80 2.48 3.24 3.88 4.26 4.40 4.15 3.61 3.01 2.48 2.06 1.76 1.57 1.94 2.82 3.63 4.31 4.62 4.65 4.15 3.55 2.96 2.45 2.11
 18   1.88 1.87 2.55 3.35 3.95 4.35 4.46 4.23 3.69 3.10 2.60 2.16 1.80 1.60 1.71 2.60 3.46 4.20 4.62 4.76 4.45 3.88 3.29 2.76
 19   2.19 1.92 1.81 2.09 2.96 3.69 4.20 4.45 4.39 3.85 3.31 2.80 2.30 1.96 1.68 1.61 2.21 3.16 4.04 4.70 4.93 4.85 4.43 3.87
 20   3.20 2.63 2.19 1.80 1.70 2.42 3.30 4.02 4.47 4.56 4.24 3.68 3.12 2.60 2.15 1.79 1.55 1.60 2.80 3.95 4.78 5.14 5.10 4.64
 21   3.98 3.41 2.85 2.30 1.82 1.50 1.90 2.90 3.76 4.38 4.56 4.28 3.73 3.15 2.60 2.14 1.72 1.40 1.38 2.80 4.24 5.17 5.48 5.41
 22   4.80 4.16 3.47 2.80 2.20 1.66 1.31 1.56 2.72 3.83 4.57 4.79 4.55 3.87 3.20 2.60 2.04 1.60 1.26 1.28 2.84 4.54 5.28 5.58
 23   5.40 4.87 4.16 3.40 2.66 1.98 1.41 1.17 1.80 3.32 4.49 5.02 5.03 4.53 3.80 3.13 2.52 1.97 1.49 1.20 1.42 3.54 4.94 5.48
 24   5.63 5.28 4.65 3.88 3.15 2.40 1.72 1.24 1.12 2.27 3.95 5.01 5.28 5.04 4.37 3.60 2.92 2.28 1.75 1.32 1.10 2.36 4.33 5.35
 25   5.74 5.60 5.02 4.28 3.50 2.78 2.07 1.47 1.08 1.36 3.20 4.61 5.22 5.24 4.83 4.08 3.32 2.65 2.05 1.57 1.20 1.28 3.25 4.80
 26   5.45 5.59 5.25 4.59 3.83 3.09 2.38 1.71 1.25 1.09 2.20 4.01 5.00 5.27 5.12 4.46 3.71 3.00 2.35 1.80 1.39 1.20 2.21 3.98
 27   5.05 5.39 5.28 4.79 4.13 3.39 2.64 1.99 1.44 1.09 1.38 3.08 4.45 5.05 5.12 4.68 4.00 3.30 2.61 2.00 1.56 1.26 1.34 2.81
 28   4.32 5.01 5.19 4.88 4.33 3.63 2.98 2.28 1.63 1.21 1.20 2.47 4.00 4.78 5.00 4.84 4.28 3.56 2.86 2.25 1.80 1.48 1.42 2.32
 29   3.66 4.56 4.96 4.89 4.40 3.80 3.18 2.54 1.96 1.52 1.36 2.01 3.22 4.15 4.63 4.74 4.36 3.75 3.10 2.55 2.06 1.68 1.50 1.76
 30   2.99 3.81 4.44 4.64 4.46 3.98 3.35 2.70 2.15 1.70 1.43 1.50 2.48 3.45 4.20 4.48 4.37 3.92 3.35 2.81 2.35 1.99 1.74 1.80
 31   2.50 3.20 3.84 4.25 4.28 3.97 3.41 2.84 2.27 1.83 1.58 1.50 2.03 2.84 3.64 4.15 4.28 4.10 3.61 3.10 2.70 2.36 2.10 2.01
 ----------------------------------------------------------------------------------------------------------------------------
                                                                                               
 ----------------------------------------------------------------------------------------------------------------------------
 ----------------------------------------------------------------------------------------------------------------------------
                                                          SURVEY OF INDIA
                                                    MARINE GEODESY WING (G&RB)
                                                     HOURLY HEIGHTS IN METRES
  NAME OF PORT:- DIAMOND HARBOUR                                                                    MONTH FEBRUARY  YEAR 2012
 ----------------------------------------------------------------------------------------------------------------------------
 DAYS 0000 0001 0002 0003 0004 0005 0006 0007 0008 0009 0010 0011 0012 0013 0014 0015 0016 0017 0018 0019 0020 0021 0022 0023
 ----------------------------------------------------------------------------------------------------------------------------
  1   2.26 2.92 3.46 3.87 4.08 4.01 3.56 3.00 2.45 2.05 1.79 1.61 1.77 2.43 3.08 3.60 3.95 4.04 3.80 3.44 3.08 2.75 2.49 2.35
  2   2.27 2.59 2.99 3.34 3.62 3.76 3.68 3.41 3.02 2.59 2.20 1.90 1.76 1.92 2.39 2.88 3.30 3.70 3.97 3.90 3.63 3.32 3.03 2.76
  3   2.41 2.20 2.20 2.50 2.85 3.21 3.54 3.69 3.60 3.27 2.93 2.56 2.20 1.90 1.75 1.96 2.42 3.00 3.55 4.02 4.28 4.20 3.89 3.51
  4   3.00 2.58 2.19 1.88 1.80 1.98 2.78 3.38 3.84 3.99 3.81 3.40 2.90 2.44 2.03 1.76 1.61 1.92 2.63 3.44 4.20 4.60 4.59 4.21
  5   3.62 3.14 2.67 2.21 1.83 1.64 2.06 2.82 3.58 4.20 4.36 4.08 3.60 3.05 2.51 2.04 1.68 1.45 1.65 2.79 3.98 4.70 4.97 4.86
  6   4.32 3.75 3.16 2.57 2.04 1.61 1.41 2.05 3.20 4.20 4.65 4.70 4.28 3.65 3.01 2.40 1.90 1.50 1.25 1.58 3.08 4.43 5.18 5.39
  7   5.00 4.40 3.70 3.00 2.35 1.78 1.30 1.20 2.38 3.86 4.80 5.08 4.86 4.20 3.49 2.80 2.17 1.64 1.24 1.04 2.00 3.76 5.04 5.60
  8   5.47 5.00 4.32 3.59 2.82 2.15 1.46 1.00 1.20 3.26 4.80 5.41 5.40 4.96 4.24 3.48 2.68 2.00 1.40 0.96 0.97 3.32 5.12 5.80
  9   5.92 5.60 4.90 4.09 3.25 2.40 1.65 1.04 0.70 1.80 3.93 5.19 5.55 5.30 4.64 3.88 3.03 2.30 1.64 1.14 0.78 1.66 4.44 5.65
 10   6.00 5.77 5.13 4.39 3.58 2.77 2.00 1.34 0.76 0.59 2.40 4.66 5.59 5.65 5.15 4.40 3.58 2.78 2.00 1.36 0.90 0.70 2.78 4.99
 11   5.78 5.92 5.55 4.80 3.99 3.16 2.37 1.68 1.07 0.72 1.20 3.45 5.04 5.55 5.44 4.90 4.11 3.36 2.56 1.85 1.32 0.98 1.20 3.75
 12   5.21 5.56 5.57 5.15 4.40 3.55 2.76 2.04 1.48 1.03 0.84 2.30 4.15 5.19 5.43 5.25 4.57 3.79 3.00 2.32 1.78 1.35 1.16 2.10
 13   4.32 5.00 5.21 5.19 4.76 3.98 3.20 2.45 1.84 1.40 1.17 1.36 2.90 4.30 4.98 5.15 4.90 4.25 3.55 2.82 2.22 1.80 1.55 1.60
 14   3.08 4.20 4.75 4.90 4.79 4.20 3.50 2.83 2.20 1.77 1.48 1.36 2.15 3.23 4.20 4.72 4.82 4.50 3.88 3.23 2.66 2.16 1.80 1.64
 15   2.15 3.24 4.03 4.43 4.56 4.40 3.82 3.20 2.60 2.11 1.75 1.54 1.58 2.45 3.36 4.02 4.45 4.59 4.30 3.80 3.30 2.82 2.40 2.05
 16   1.81 2.05 2.64 3.27 3.84 4.23 4.18 3.70 3.20 2.72 2.24 1.90 1.70 1.65 2.19 2.93 3.58 4.07 4.35 4.30 3.96 3.43 2.99 2.56
 17   2.17 1.96 1.90 2.37 2.98 3.48 3.80 3.90 3.76 3.40 3.00 2.52 2.12 1.84 1.68 1.80 2.40 3.10 3.80 4.30 4.53 4.40 3.96 3.40
 18   2.79 2.30 1.95 1.74 1.72 2.22 2.93 3.52 4.00 4.16 3.96 3.45 2.96 2.44 2.01 1.68 1.45 1.60 2.56 3.60 4.37 4.75 4.75 4.30
 19   3.63 3.03 2.50 2.04 1.68 1.50 1.80 2.70 3.60 4.20 4.48 4.24 3.71 3.12 2.55 2.05 1.66 1.38 1.35 2.50 3.80 4.66 5.01 5.00
 20   4.52 3.90 3.23 2.60 2.03 1.58 1.32 1.70 3.00 4.08 4.65 4.79 4.49 3.85 3.17 2.50 1.93 1.44 1.19 1.30 2.88 4.45 5.20 5.36
 21   5.13 4.60 3.90 3.10 2.35 1.68 1.25 1.04 1.96 3.57 4.63 5.02 4.98 4.42 3.64 2.96 2.30 1.80 1.35 1.10 1.70 3.85 5.01 5.36
 22   5.34 4.92 4.25 3.52 2.78 2.05 1.44 1.04 1.16 2.95 4.42 5.16 5.28 4.91 4.20 3.40 2.66 2.05 1.53 1.15 1.12 2.80 4.55 5.33
 23   5.52 5.25 4.63 3.88 3.08 2.33 1.68 1.20 0.92 2.00 3.80 5.00 5.36 5.24 4.66 3.82 3.03 2.30 1.68 1.23 0.96 1.61 3.77 5.15
 24   5.57 5.51 5.02 4.26 3.45 2.65 2.00 1.44 1.04 1.16 3.00 4.66 5.36 5.40 4.93 4.23 3.41 2.67 2.02 1.48 1.11 1.07 2.83 4.70
 25   5.42 5.55 5.21 4.55 3.76 2.95 2.21 1.63 1.22 1.03 2.20 4.12 5.10 5.39 5.19 4.57 3.80 3.05 2.35 1.79 1.38 1.21 1.88 3.82
 26   5.00 5.23 5.13 4.63 3.96 3.24 2.50 1.92 1.44 1.16 1.60 3.23 4.54 5.16 5.20 4.76 4.08 3.36 2.63 2.06 1.60 1.38 1.55 2.95
 27   4.40 4.94 5.04 4.78 4.20 3.49 2.79 2.12 1.60 1.28 1.29 2.60 3.86 4.70 4.99 4.80 4.26 3.59 2.90 2.33 1.88 1.51 1.45 1.96
 28   3.60 4.46 4.85 4.82 4.34 3.66 3.00 2.36 1.85 1.52 1.41 2.00 3.22 4.21 4.67 4.79 4.40 3.80 3.18 2.61 2.18 1.84 1.65 2.20
 29   3.60 4.36 4.67 4.76 4.51 3.95 3.27 2.70 2.22 1.83 1.58 1.67 2.68 3.72 4.36 4.61 4.50 4.00 3.43 2.95 2.45 2.09 1.90 2.02
 ----------------------------------------------------------------------------------------------------------------------------
                                                                                               
 ----------------------------------------------------------------------------------------------------------------------------
 ----------------------------------------------------------------------------------------------------------------------------
                                                          SURVEY OF INDIA
                                                    MARINE GEODESY WING (G&RB)
                                                     HOURLY HEIGHTS IN METRES
  NAME OF PORT:- DIAMOND HARBOUR                                                                    MONTH MARCH     YEAR 2012
 ----------------------------------------------------------------------------------------------------------------------------
 DAYS 0000 0001 0002 0003 0004 0005 0006 0007 0008 0009 0010 0011 0012 0013 0014 0015 0016 0017 0018 0019 0020 0021 0022 0023
 ----------------------------------------------------------------------------------------------------------------------------
  1   3.00 3.65 4.15 4.33 4.20 3.75 3.24 2.76 2.28 1.94 1.68 1.73 2.42 3.20 3.80 4.20 4.34 4.10 3.71 3.28 2.86 2.47 2.20 2.10
  2   2.63 3.20 3.64 3.95 4.08 4.03 3.73 3.24 2.78 2.36 2.03 1.90 2.04 2.56 3.10 3.60 3.92 4.08 4.00 3.70 3.39 3.08 2.80 2.54
  3   2.28 2.36 2.75 3.17 3.48 3.68 3.75 3.61 3.35 2.99 2.60 2.28 2.04 1.90 2.09 2.55 3.02 3.50 3.92 4.16 4.19 3.90 3.54 3.13
  4   2.68 2.33 2.02 1.90 2.20 2.85 3.43 3.84 4.05 3.99 3.60 3.15 2.66 2.23 1.88 1.68 1.88 2.55 3.36 4.03 4.48 4.64 4.39 3.90
  5   3.38 2.85 2.40 1.99 1.66 2.00 2.81 3.57 4.20 4.50 4.50 4.07 3.56 3.02 2.49 2.04 1.68 1.50 2.37 3.45 4.40 4.86 5.00 4.70
  6   4.05 3.44 2.84 2.25 1.80 1.52 1.68 2.81 3.90 4.68 4.95 4.75 4.20 3.57 2.92 2.30 1.80 1.43 1.26 2.60 4.15 5.10 5.42 5.39
  7   4.81 4.19 3.53 2.84 2.11 1.55 1.10 1.32 3.22 4.81 5.43 5.45 5.02 4.26 3.45 2.68 2.04 1.50 1.10 0.96 2.55 5.08 5.86 5.94
  8   5.42 4.80 4.06 3.26 2.45 1.69 1.03 0.70 2.00 4.38 5.50 5.75 5.45 4.80 3.99 3.10 2.32 1.69 1.20 0.83 1.20 3.84 5.80 6.19
  9   5.96 5.40 4.64 3.83 2.95 2.06 1.30 0.77 0.61 2.90 5.23 6.08 6.08 5.52 4.70 3.80 2.95 2.15 1.48 1.00 0.66 2.20 5.22 6.20
 10   6.20 5.76 5.06 4.22 3.39 2.48 1.65 1.02 0.60 0.81 4.20 5.90 6.24 5.97 5.23 4.37 3.40 2.55 1.80 1.20 0.75 0.74 3.65 5.70
 11   6.06 5.98 5.40 4.63 3.79 2.86 2.00 1.32 0.80 0.46 2.08 4.82 5.95 6.08 5.66 4.90 3.99 3.06 2.21 1.57 1.01 0.71 1.61 4.70
 12   5.68 5.80 5.60 5.00 4.21 3.33 2.45 1.68 1.16 0.76 0.75 3.20 5.02 5.68 5.70 5.28 4.54 3.70 2.86 2.08 1.48 1.08 0.99 2.76
 13   4.80 5.32 5.40 5.10 4.54 3.81 3.03 2.26 1.61 1.20 0.96 1.96 3.63 4.85 5.30 5.28 4.89 4.19 3.36 2.63 2.00 1.55 1.34 1.54
 14   3.25 4.43 4.82 4.90 4.68 4.12 3.39 2.63 1.99 1.55 1.30 1.28 2.47 3.76 4.60 4.95 4.90 4.44 3.77 3.08 2.48 2.04 1.77 1.63
 15   2.35 3.25 4.03 4.46 4.55 4.25 3.61 3.00 2.41 2.00 1.68 1.50 1.65 2.57 3.45 4.20 4.60 4.60 4.20 3.68 3.15 2.62 2.16 1.88
 16   1.83 2.39 3.00 3.60 4.05 4.24 4.04 3.60 3.08 2.60 2.20 1.90 1.77 2.00 2.61 3.24 3.81 4.30 4.54 4.36 3.90 3.41 3.00 2.60
 17   2.23 1.97 2.00 2.59 3.16 3.63 4.00 4.15 3.95 3.54 3.10 2.68 2.30 2.00 1.81 1.96 2.60 3.30 4.00 4.48 4.63 4.40 3.96 3.45
 18   2.90 2.46 2.12 1.80 1.85 2.50 3.20 3.86 4.24 4.39 4.12 3.60 3.10 2.65 2.22 1.88 1.65 2.08 3.15 4.03 4.61 4.83 4.78 4.28
 19   3.58 3.02 2.48 2.00 1.65 1.59 2.40 3.35 4.20 4.64 4.75 4.35 3.78 3.16 2.57 2.06 1.70 1.46 1.88 3.16 4.25 5.00 5.15 4.90
 20   4.19 3.55 2.86 2.21 1.68 1.37 1.39 2.50 3.70 4.63 5.05 5.00 4.50 3.83 3.14 2.44 1.88 1.48 1.29 2.12 3.60 4.82 5.36 5.36
 21   4.78 4.16 3.44 2.76 2.10 1.57 1.23 1.59 3.20 4.66 5.25 5.40 5.08 4.40 3.63 2.90 2.21 1.70 1.35 1.30 2.80 4.28 5.28 5.59
 22   5.32 4.70 3.98 3.20 2.44 1.77 1.20 0.95 2.45 4.40 5.40 5.64 5.48 4.80 3.98 3.19 2.44 1.80 1.26 0.95 1.95 4.02 5.36 5.74
 23   5.57 5.03 4.28 3.50 2.70 1.96 1.32 0.86 1.20 3.60 5.08 5.60 5.58 5.04 4.24 3.40 2.60 1.96 1.40 1.04 1.10 3.35 5.01 5.66
 24   5.65 5.24 4.52 3.75 2.95 2.21 1.58 1.06 0.84 2.60 4.65 5.56 5.74 5.44 4.74 3.90 3.09 2.35 1.75 1.30 1.10 2.18 4.20 5.33
 25   5.62 5.42 4.83 4.02 3.23 2.48 1.81 1.26 0.92 1.60 3.80 5.18 5.64 5.58 5.05 4.26 3.42 2.70 2.02 1.50 1.20 1.38 3.17 4.72
 26   5.40 5.40 4.98 4.28 3.55 2.80 2.10 1.48 1.04 1.00 3.02 4.70 5.38 5.55 5.25 4.60 3.79 3.03 2.36 1.82 1.42 1.26 2.50 4.18
 27   5.05 5.23 5.12 4.59 3.87 3.16 2.40 1.81 1.39 1.21 2.20 3.90 4.90 5.30 5.28 4.82 4.15 3.40 2.70 2.10 1.68 1.44 1.84 3.46
 28   4.70 4.98 5.00 4.72 4.10 3.40 2.77 2.16 1.71 1.48 1.64 3.15 4.35 4.90 5.08 4.90 4.35 3.64 2.98 2.40 1.95 1.61 1.67 2.75
 29   4.10 4.64 4.84 4.79 4.35 3.74 3.07 2.45 2.00 1.68 1.62 2.61 3.68 4.45 4.82 4.85 4.51 3.96 3.37 2.80 2.32 1.98 1.84 2.33
 30   3.30 4.03 4.47 4.60 4.40 3.90 3.32 2.78 2.28 1.94 1.70 2.10 2.98 3.73 4.29 4.60 4.59 4.26 3.75 3.16 2.64 2.22 2.04 2.20
 31   2.80 3.33 3.75 4.05 4.19 3.96 3.55 3.05 2.58 2.19 1.95 1.94 2.44 3.07 3.66 4.20 4.48 4.46 4.04 3.58 3.13 2.72 2.40 2.20
 ----------------------------------------------------------------------------------------------------------------------------
                                                                                               
 ----------------------------------------------------------------------------------------------------------------------------
 ----------------------------------------------------------------------------------------------------------------------------
                                                          SURVEY OF INDIA
                                                    MARINE GEODESY WING (G&RB)
                                                     HOURLY HEIGHTS IN METRES
  NAME OF PORT:- DIAMOND HARBOUR                                                                    MONTH APRIL     YEAR 2012
 ----------------------------------------------------------------------------------------------------------------------------
 DAYS 0000 0001 0002 0003 0004 0005 0006 0007 0008 0009 0010 0011 0012 0013 0014 0015 0016 0017 0018 0019 0020 0021 0022 0023
 ----------------------------------------------------------------------------------------------------------------------------
  1   2.15 2.40 2.82 3.28 3.70 4.05 4.16 3.92 3.46 3.00 2.60 2.25 2.06 2.18 2.64 3.20 3.76 4.23 4.44 4.38 4.00 3.55 3.12 2.70
  2   2.30 2.09 2.20 2.68 3.19 3.61 4.00 4.22 4.21 3.86 3.44 3.04 2.62 2.21 1.95 1.90 2.55 3.32 4.05 4.58 4.76 4.56 4.12 3.60
  3   2.98 2.55 2.19 1.90 1.85 2.50 3.30 4.00 4.49 4.68 4.45 3.90 3.32 2.75 2.25 1.88 1.69 2.00 3.10 4.18 4.85 5.09 4.95 4.40
  4   3.64 3.00 2.44 1.94 1.60 1.59 2.41 3.60 4.62 5.20 5.19 4.72 4.10 3.40 2.70 2.11 1.69 1.47 2.00 3.30 4.50 5.26 5.35 4.97
  5   4.27 3.64 2.95 2.24 1.65 1.20 1.20 2.96 4.98 5.84 5.90 5.54 4.85 3.98 3.15 2.40 1.80 1.33 1.05 2.39 4.65 5.80 6.03 5.79
  6   4.99 4.23 3.48 2.65 1.88 1.25 0.83 1.25 3.80 5.33 6.00 6.10 5.60 4.78 3.85 2.88 2.07 1.44 0.95 0.71 3.30 5.40 6.02 6.19
  7   5.80 5.16 4.32 3.32 2.40 1.60 0.98 0.59 1.88 5.04 6.40 6.64 6.30 5.46 4.50 3.46 2.55 1.81 1.20 0.79 1.00 4.60 6.03 6.48
  8   6.28 5.70 4.80 3.82 2.95 2.10 1.40 0.86 0.60 3.55 5.95 6.75 6.78 6.15 5.21 4.20 3.20 2.34 1.64 1.08 0.72 2.40 5.25 6.26
  9   6.35 5.95 5.15 4.20 3.32 2.50 1.80 1.19 0.70 0.86 4.32 6.16 6.68 6.52 5.89 4.99 4.00 3.00 2.06 1.40 0.98 0.94 3.95 5.74
 10   6.15 6.16 5.65 4.80 3.90 3.03 2.20 1.56 1.07 0.84 2.92 5.12 6.05 6.34 6.05 5.25 4.40 3.50 2.64 1.90 1.39 1.10 1.88 4.08
 11   5.25 5.55 5.59 5.30 4.68 3.84 3.02 2.25 1.60 1.05 0.90 2.86 5.02 5.78 5.89 5.64 4.99 4.17 3.27 2.58 1.98 1.52 1.35 1.87
 12   4.01 4.94 5.26 5.24 4.79 4.03 3.30 2.63 2.06 1.63 1.42 1.80 3.27 4.49 5.14 5.32 5.16 4.60 3.81 3.14 2.55 2.06 1.77 1.79
 13   2.88 3.97 4.64 4.95 4.96 4.53 3.82 3.13 2.55 2.12 1.80 1.60 2.29 3.30 4.18 4.70 4.88 4.76 4.20 3.60 3.05 2.50 2.12 1.87
 14   2.16 2.90 3.60 4.20 4.48 4.53 4.10 3.49 2.95 2.49 2.18 2.05 2.15 2.61 3.20 3.80 4.33 4.62 4.64 4.27 3.80 3.30 2.81 2.39
 15   2.00 1.90 2.10 2.61 3.20 3.78 4.20 4.28 3.96 3.55 3.14 2.75 2.40 2.10 1.91 2.25 3.03 3.73 4.32 4.60 4.60 4.24 3.75 3.24
 16   2.73 2.27 1.92 1.82 2.40 3.14 3.80 4.31 4.55 4.40 3.96 3.44 2.94 2.44 2.00 1.75 1.80 2.73 3.64 4.35 4.70 4.80 4.42 3.95
 17   3.30 2.80 2.29 1.88 1.69 2.08 3.04 3.86 4.51 4.73 4.60 4.15 3.56 2.98 2.40 1.96 1.65 1.70 2.75 3.80 4.57 5.02 5.04 4.60
 18   3.95 3.32 2.70 2.15 1.70 1.56 2.24 3.44 4.43 5.01 5.14 4.84 4.26 3.60 2.94 2.30 1.85 1.55 1.77 3.10 4.30 5.05 5.20 4.98
 19   4.35 3.72 3.10 2.48 1.95 1.50 1.40 2.70 4.18 5.05 5.33 5.25 4.76 4.05 3.30 2.63 2.06 1.60 1.35 2.05 3.74 4.80 5.26 5.28
 20   4.79 4.12 3.41 2.71 2.04 1.50 1.22 1.65 3.48 4.85 5.44 5.53 5.18 4.40 3.60 2.90 2.30 1.81 1.40 1.40 3.06 4.42 5.12 5.38
 21   5.14 4.57 3.83 3.10 2.40 1.78 1.30 1.16 2.60 4.42 5.37 5.64 5.52 4.90 4.08 3.30 2.59 2.00 1.56 1.30 2.18 3.94 4.99 5.38
 22   5.30 4.82 4.14 3.40 2.68 2.05 1.50 1.11 1.46 3.78 5.25 5.70 5.68 5.20 4.44 3.60 2.84 2.20 1.66 1.32 1.50 3.43 4.81 5.32
 23   5.43 5.15 4.50 3.76 3.00 2.30 1.65 1.16 0.95 3.00 4.81 5.64 5.84 5.52 4.80 4.00 3.15 2.40 1.80 1.37 1.21 2.62 4.42 5.22
 24   5.51 5.40 4.84 4.08 3.34 2.58 1.95 1.39 1.06 2.20 4.19 5.25 5.65 5.60 5.10 4.38 3.48 2.70 2.03 1.58 1.35 2.15 3.75 4.86
 25   5.28 5.26 4.84 4.21 3.54 2.85 2.20 1.65 1.30 1.65 3.55 4.86 5.40 5.53 5.25 4.60 3.84 3.10 2.40 1.89 1.56 1.60 2.80 4.08
 26   4.82 5.09 5.00 4.52 3.81 3.10 2.40 1.89 1.54 1.41 2.60 3.98 4.86 5.28 5.29 4.83 4.18 3.51 2.87 2.30 1.90 1.65 2.00 3.35
 27   4.40 4.80 4.88 4.65 4.11 3.40 2.74 2.18 1.78 1.54 1.80 3.22 4.26 4.86 5.04 4.87 4.38 3.77 3.13 2.60 2.18 1.88 1.83 2.79
 28   3.88 4.47 4.70 4.63 4.26 3.67 3.04 2.54 2.10 1.80 1.64 2.25 3.24 4.15 4.64 4.79 4.61 4.10 3.48 2.95 2.43 2.06 1.90 2.20
 29   3.09 3.82 4.30 4.55 4.50 4.15 3.65 3.16 2.63 2.20 1.94 2.00 2.70 3.47 4.13 4.56 4.69 4.46 3.99 3.48 3.00 2.59 2.28 2.15
 30   2.41 3.06 3.63 4.10 4.38 4.43 4.20 3.82 3.39 2.95 2.52 2.20 2.10 2.42 3.10 3.82 4.42 4.68 4.66 4.30 3.80 3.30 2.86 2.48
 ----------------------------------------------------------------------------------------------------------------------------
                                                                                               
 ----------------------------------------------------------------------------------------------------------------------------
 ----------------------------------------------------------------------------------------------------------------------------
                                                          SURVEY OF INDIA
                                                    MARINE GEODESY WING (G&RB)
                                                     HOURLY HEIGHTS IN METRES
  NAME OF PORT:- DIAMOND HARBOUR                                                                    MONTH MAY       YEAR 2012
 ----------------------------------------------------------------------------------------------------------------------------
 DAYS 0000 0001 0002 0003 0004 0005 0006 0007 0008 0009 0010 0011 0012 0013 0014 0015 0016 0017 0018 0019 0020 0021 0022 0023
 ----------------------------------------------------------------------------------------------------------------------------
  1   2.15 2.08 2.62 3.40 4.07 4.48 4.64 4.57 4.22 3.75 3.25 2.79 2.39 2.10 2.03 2.65 3.52 4.26 4.77 4.90 4.69 4.23 3.66 3.08
  2   2.44 2.04 1.84 1.96 2.78 3.66 4.48 4.95 4.95 4.60 4.10 3.54 2.98 2.41 2.03 1.85 2.24 3.35 4.40 5.00 5.12 4.93 4.40 3.74
  3   3.06 2.55 2.00 1.58 1.36 2.14 3.55 4.60 5.24 5.33 5.00 4.40 3.73 3.01 2.40 1.96 1.65 1.84 3.20 4.48 5.22 5.45 5.18 4.59
  4   3.83 3.15 2.45 1.82 1.31 1.04 2.10 4.14 5.40 5.80 5.78 5.23 4.45 3.60 2.80 2.07 1.54 1.24 1.70 3.60 4.96 5.60 5.64 5.18
  5   4.42 3.66 2.93 2.20 1.60 1.10 0.86 2.40 4.80 6.00 6.28 6.00 5.30 4.40 3.41 2.56 1.84 1.28 0.90 1.28 4.00 5.55 5.93 5.80
  6   5.16 4.35 3.52 2.72 1.96 1.30 0.80 0.65 3.25 5.75 6.40 6.42 5.85 5.00 4.05 3.08 2.24 1.64 1.10 0.78 1.76 4.56 5.89 6.10
  7   5.75 5.03 4.18 3.25 2.40 1.70 1.07 0.67 0.85 4.06 5.95 6.48 6.40 5.80 4.93 3.91 2.97 2.15 1.49 1.03 0.85 2.70 5.00 5.85
  8   5.92 5.56 4.80 3.95 3.08 2.28 1.62 1.10 0.76 1.88 4.55 5.95 6.28 6.07 5.44 4.62 3.71 2.82 2.08 1.52 1.16 1.16 3.36 5.08
  9   5.66 5.63 5.19 4.42 3.63 2.85 2.19 1.62 1.20 1.05 2.90 4.80 5.76 6.05 5.80 5.10 4.30 3.40 2.61 2.00 1.54 1.30 1.94 3.53
 10   4.81 5.25 5.28 4.87 4.20 3.41 2.69 2.04 1.59 1.30 1.48 3.44 4.83 5.48 5.64 5.40 4.74 3.97 3.17 2.48 2.00 1.63 1.48 2.43
 11   4.02 4.79 5.08 5.07 4.63 3.98 3.23 2.60 2.08 1.77 1.61 2.36 3.73 4.75 5.20 5.33 5.07 4.43 3.70 3.08 2.50 2.07 1.80 1.88
 12   2.99 4.04 4.62 4.87 4.84 4.41 3.82 3.21 2.64 2.21 1.95 2.00 2.95 4.00 4.74 5.10 5.19 4.85 4.26 3.62 3.05 2.51 2.10 1.91
 13   2.40 3.20 3.93 4.50 4.78 4.70 4.24 3.68 3.16 2.69 2.33 2.10 2.20 2.93 3.73 4.41 4.82 4.95 4.63 4.10 3.50 3.00 2.57 2.27
 14   2.16 2.47 3.24 3.89 4.35 4.57 4.56 4.20 3.75 3.30 2.90 2.52 2.26 2.22 2.70 3.44 4.16 4.60 4.78 4.65 4.26 3.77 3.28 2.88
 15   2.53 2.25 2.24 2.72 3.38 4.00 4.42 4.59 4.40 4.00 3.58 3.10 2.64 2.30 2.10 2.30 3.04 3.80 4.45 4.75 4.72 4.36 3.83 3.29
 16   2.76 2.35 2.00 1.96 2.65 3.40 4.08 4.60 4.80 4.55 4.15 3.63 3.12 2.61 2.20 1.92 2.00 2.82 3.78 4.50 4.83 4.79 4.36 3.79
 17   3.13 2.62 2.21 1.90 1.80 2.40 3.40 4.35 4.88 5.08 4.88 4.35 3.75 3.14 2.60 2.15 1.87 2.00 3.04 4.04 4.73 4.99 4.84 4.36
 18   3.70 3.15 2.60 2.14 1.75 1.55 2.38 3.74 4.72 5.20 5.35 5.01 4.40 3.66 3.00 2.40 1.96 1.67 2.00 3.33 4.39 4.91 5.06 4.80
 19   4.15 3.45 2.80 2.21 1.75 1.51 1.76 3.10 4.38 5.17 5.39 5.22 4.70 4.00 3.28 2.61 2.05 1.68 1.60 2.56 3.85 4.80 5.16 5.10
 20   4.55 3.85 3.18 2.49 1.95 1.57 1.36 2.20 3.72 4.94 5.47 5.54 5.12 4.41 3.61 2.88 2.28 1.84 1.55 1.75 3.13 4.33 4.95 5.10
 21   4.81 4.19 3.46 2.81 2.24 1.80 1.43 1.40 2.90 4.40 5.32 5.64 5.50 4.88 4.10 3.33 2.65 2.10 1.66 1.44 2.22 3.84 4.80 5.20
 22   5.20 4.75 4.07 3.39 2.70 2.12 1.60 1.28 2.07 3.83 5.21 5.70 5.75 5.33 4.60 3.81 3.10 2.45 1.90 1.50 1.62 3.16 4.40 5.10
 23   5.35 5.10 4.48 3.75 3.03 2.40 1.85 1.44 1.40 3.16 4.78 5.50 5.75 5.60 5.00 4.20 3.44 2.78 2.19 1.75 1.50 2.45 4.00 4.90
 24   5.36 5.36 4.88 4.18 3.46 2.78 2.18 1.65 1.30 2.05 4.00 5.27 5.75 5.79 5.40 4.65 3.84 3.05 2.40 1.95 1.70 2.00 3.42 4.61
 25   5.30 5.43 5.15 4.50 3.79 3.04 2.40 1.87 1.50 1.60 3.20 4.70 5.42 5.68 5.57 4.99 4.16 3.41 2.78 2.22 1.88 1.77 2.60 3.80
 26   4.81 5.24 5.24 4.80 4.17 3.44 2.80 2.24 1.84 1.60 2.38 3.79 4.85 5.40 5.56 5.25 4.54 3.80 3.10 2.53 2.08 1.84 1.96 2.80
 27   3.83 4.61 5.00 4.96 4.50 3.82 3.19 2.60 2.15 1.81 1.82 3.06 4.20 4.93 5.24 5.25 4.80 4.20 3.50 2.89 2.39 2.00 1.81 2.28
 28   3.25 4.08 4.67 4.92 4.75 4.24 3.65 3.04 2.50 2.10 1.85 2.16 3.21 4.20 4.82 5.06 5.04 4.58 3.95 3.33 2.79 2.32 2.00 1.92
 29   2.67 3.56 4.25 4.70 4.89 4.75 4.25 3.66 3.08 2.60 2.24 2.05 2.30 3.14 4.00 4.65 5.00 5.02 4.60 4.00 3.40 2.83 2.36 2.01
 30   1.90 2.37 3.22 4.02 4.62 4.86 4.85 4.47 4.00 3.47 2.99 2.50 2.19 2.15 2.84 3.72 4.54 5.00 5.15 4.92 4.32 3.67 3.10 2.61
 31   2.12 1.80 1.88 2.87 3.84 4.58 5.04 5.18 4.90 4.35 3.76 3.16 2.64 2.24 2.01 2.35 3.34 4.32 5.01 5.20 5.02 4.48 3.81 3.20
 ----------------------------------------------------------------------------------------------------------------------------
                                                                                               
 ----------------------------------------------------------------------------------------------------------------------------
 ----------------------------------------------------------------------------------------------------------------------------
                                                          SURVEY OF INDIA
                                                    MARINE GEODESY WING (G&RB)
                                                     HOURLY HEIGHTS IN METRES
  NAME OF PORT:- DIAMOND HARBOUR                                                                    MONTH JUNE      YEAR 2012
 ----------------------------------------------------------------------------------------------------------------------------
 DAYS 0000 0001 0002 0003 0004 0005 0006 0007 0008 0009 0010 0011 0012 0013 0014 0015 0016 0017 0018 0019 0020 0021 0022 0023
 ----------------------------------------------------------------------------------------------------------------------------
  1   2.59 2.08 1.73 1.68 2.57 3.80 4.84 5.42 5.54 5.25 4.70 4.00 3.32 2.68 2.20 1.90 1.94 3.07 4.40 5.17 5.39 5.28 4.74 4.06
  2   3.31 2.69 2.17 1.76 1.54 2.24 3.78 5.00 5.77 5.93 5.56 4.87 4.10 3.35 2.64 2.10 1.72 1.65 2.92 4.30 5.40 5.79 5.64 5.12
  3   4.40 3.69 2.99 2.30 1.73 1.37 2.38 4.20 5.68 6.36 6.40 5.90 5.13 4.24 3.36 2.56 1.90 1.43 1.37 3.18 4.98 5.93 6.10 5.80
  4   5.04 4.23 3.48 2.70 2.00 1.40 1.05 2.20 4.64 6.07 6.60 6.52 5.89 5.00 4.03 3.10 2.30 1.72 1.30 1.36 3.60 5.45 6.16 6.20
  5   5.64 4.88 4.05 3.25 2.46 1.78 1.20 0.90 2.80 5.20 6.36 6.67 6.33 5.59 4.62 3.66 2.76 2.01 1.59 1.23 1.50 4.08 5.64 6.15
  6   6.07 5.56 4.80 3.88 3.04 2.24 1.60 1.16 1.04 3.64 5.66 6.50 6.68 6.20 5.35 4.40 3.40 2.56 1.90 1.40 1.14 2.30 4.60 5.60
  7   5.85 5.60 5.00 4.21 3.40 2.62 2.00 1.50 1.18 1.65 4.10 5.72 6.38 6.39 5.78 4.94 4.00 3.08 2.28 1.65 1.36 1.34 2.80 4.69
  8   5.52 5.63 5.28 4.64 3.88 3.12 2.42 1.88 1.46 1.20 2.04 4.10 5.60 6.07 6.04 5.44 4.63 3.82 3.00 2.32 1.85 1.60 1.65 3.20
  9   4.83 5.38 5.50 5.20 4.53 3.75 3.06 2.44 1.97 1.60 1.60 3.01 4.43 5.42 5.72 5.60 5.08 4.40 3.58 2.84 2.26 1.83 1.65 2.31
 10   3.70 4.70 5.14 5.17 4.80 4.21 3.60 3.00 2.43 2.03 1.85 2.27 3.44 4.56 5.20 5.39 5.13 4.60 3.95 3.23 2.64 2.16 1.85 1.90
 11   2.88 3.95 4.64 5.01 5.00 4.60 4.07 3.51 2.95 2.46 2.15 2.04 2.84 3.79 4.57 5.01 5.13 4.85 4.30 3.70 3.18 2.69 2.32 2.10
 12   2.48 3.19 3.88 4.48 4.85 4.80 4.36 3.86 3.34 2.86 2.50 2.30 2.54 3.20 3.87 4.45 4.89 5.03 4.68 4.20 3.64 3.15 2.74 2.39
 13   2.20 2.58 3.21 3.88 4.45 4.80 4.80 4.50 4.04 3.60 3.18 2.80 2.54 2.53 3.05 3.77 4.40 4.85 5.05 4.84 4.37 3.80 3.29 2.88
 14   2.50 2.35 2.60 3.36 4.12 4.68 4.96 4.99 4.68 4.30 3.90 3.48 3.12 2.80 2.64 2.80 3.46 4.17 4.74 5.00 4.98 4.59 4.16 3.67
 15   3.20 2.85 2.58 2.47 3.04 3.84 4.52 4.98 5.19 5.00 4.56 4.08 3.59 3.12 2.74 2.50 2.55 3.24 4.06 4.68 5.07 5.04 4.62 4.13
 16   3.62 3.20 2.80 2.48 2.32 2.92 3.80 4.57 5.12 5.24 5.05 4.60 4.04 3.42 2.85 2.42 2.20 2.36 3.32 4.38 5.08 5.35 5.29 4.88
 17   4.25 3.64 3.05 2.46 2.00 1.96 3.00 4.06 4.87 5.23 5.28 4.88 4.29 3.65 3.05 2.52 2.15 1.90 2.24 3.40 4.40 5.00 5.19 5.01
 18   4.48 3.91 3.32 2.73 2.15 1.75 2.00 3.28 4.55 5.40 5.68 5.56 4.98 4.23 3.50 2.80 2.23 1.85 1.80 2.73 3.80 4.85 5.42 5.38
 19   4.77 4.16 3.52 2.88 2.27 1.80 1.48 2.48 3.87 5.13 5.90 5.99 5.60 4.83 4.00 3.15 2.47 1.95 1.61 2.08 3.22 4.44 5.28 5.55
 20   5.16 4.52 3.83 3.14 2.46 1.92 1.52 1.50 3.15 4.80 5.94 6.20 5.95 5.25 4.40 3.53 2.77 2.19 1.81 1.68 2.54 3.81 5.03 5.66
 21   5.56 5.05 4.32 3.50 2.80 2.20 1.75 1.50 2.20 4.11 5.60 6.20 6.21 5.71 4.95 4.10 3.25 2.54 1.98 1.65 1.75 3.12 4.55 5.59
 22   5.84 5.48 4.77 3.96 3.24 2.58 2.00 1.57 1.50 3.20 5.13 6.09 6.30 6.15 5.52 4.64 3.77 3.00 2.32 1.85 1.63 2.48 4.04 5.40
 23   5.81 5.78 5.20 4.45 3.72 3.01 2.40 1.85 1.52 1.88 3.82 5.39 6.07 6.20 5.82 5.19 4.40 3.57 2.80 2.20 1.75 1.61 2.88 4.49
 24   5.41 5.59 5.47 4.86 4.19 3.46 2.80 2.22 1.78 1.50 2.31 4.10 5.24 5.75 5.77 5.28 4.60 3.83 3.10 2.52 2.05 1.71 1.80 3.38
 25   4.80 5.32 5.47 5.24 4.66 4.01 3.39 2.80 2.30 1.95 1.93 3.38 4.63 5.35 5.62 5.58 5.15 4.53 3.79 3.07 2.41 1.89 1.68 2.56
 26   4.20 5.00 5.32 5.39 5.06 4.51 3.84 3.20 2.60 2.14 1.84 2.15 3.40 4.60 5.28 5.50 5.34 4.81 4.14 3.43 2.80 2.22 1.80 1.65
 27   2.60 3.92 4.70 5.05 5.15 4.84 4.30 3.68 3.06 2.48 2.10 1.90 2.22 3.40 4.49 5.02 5.15 4.98 4.40 3.73 3.14 2.58 2.10 1.78
 28   1.80 2.76 3.78 4.55 5.00 5.15 4.82 4.24 3.62 3.03 2.50 2.14 1.93 2.35 3.26 4.20 4.85 5.08 4.96 4.45 3.78 3.12 2.53 2.10
 29   1.79 1.80 2.80 3.82 4.61 5.05 5.20 4.99 4.50 3.92 3.39 2.94 2.55 2.30 2.39 3.12 3.95 4.62 5.00 5.02 4.60 3.95 3.25 2.64
 30   2.14 1.83 1.68 1.88 3.00 4.06 4.80 5.22 5.26 4.85 4.21 3.53 2.96 2.46 2.08 1.86 2.30 3.40 4.40 5.00 5.16 4.82 4.21 3.48
 ----------------------------------------------------------------------------------------------------------------------------
                                                                                               
 ----------------------------------------------------------------------------------------------------------------------------
 ----------------------------------------------------------------------------------------------------------------------------
                                                          SURVEY OF INDIA
                                                    MARINE GEODESY WING (G&RB)
                                                     HOURLY HEIGHTS IN METRES
  NAME OF PORT:- DIAMOND HARBOUR                                                                    MONTH JULY      YEAR 2012
 ----------------------------------------------------------------------------------------------------------------------------
 DAYS 0000 0001 0002 0003 0004 0005 0006 0007 0008 0009 0010 0011 0012 0013 0014 0015 0016 0017 0018 0019 0020 0021 0022 0023
 ----------------------------------------------------------------------------------------------------------------------------
  1   2.76 2.21 1.82 1.56 1.55 2.50 3.88 5.00 5.55 5.56 5.18 4.49 3.79 3.10 2.53 2.12 1.84 2.00 3.20 4.43 5.15 5.34 5.12 4.54
  2   3.76 3.10 2.51 2.02 1.64 1.44 2.40 3.98 5.40 5.93 5.96 5.49 4.69 3.87 3.09 2.40 1.93 1.64 1.90 3.36 4.78 5.62 5.84 5.50
  3   4.72 4.00 3.32 2.64 2.04 1.54 1.45 2.85 4.83 6.24 6.70 6.53 5.96 5.10 4.10 3.20 2.43 1.87 1.50 2.00 3.80 5.37 6.16 6.28
  4   5.84 5.16 4.33 3.49 2.69 2.00 1.44 1.28 3.36 5.60 6.60 6.76 6.40 5.60 4.60 3.62 2.80 2.08 1.50 1.20 2.18 4.40 5.90 6.38
  5   6.24 5.72 4.88 3.96 3.08 2.30 1.64 1.26 1.37 3.90 5.84 6.56 6.58 6.07 5.26 4.35 3.39 2.60 1.90 1.45 1.30 2.54 4.57 5.72
  6   6.06 5.72 5.05 4.24 3.43 2.63 2.00 1.52 1.25 2.16 4.50 6.00 6.41 6.36 5.76 4.88 4.00 3.13 2.37 1.79 1.40 1.39 3.12 4.79
  7   5.67 5.88 5.53 4.80 3.92 3.10 2.40 1.84 1.45 1.40 3.00 4.84 5.83 6.08 5.92 5.30 4.40 3.56 2.72 2.07 1.61 1.41 2.07 3.62
  8   5.06 5.60 5.68 5.30 4.52 3.62 2.84 2.24 1.80 1.53 1.86 3.60 4.97 5.60 5.72 5.36 4.64 3.88 3.08 2.43 1.92 1.58 1.53 2.80
  9   4.31 5.22 5.44 5.25 4.64 3.89 3.19 2.60 2.14 1.80 1.75 2.85 4.17 5.10 5.52 5.49 4.95 4.24 3.50 2.84 2.20 1.78 1.68 2.30
 10   3.53 4.56 5.15 5.28 4.98 4.34 3.66 3.07 2.50 2.16 2.00 2.40 3.48 4.41 5.08 5.29 5.10 4.52 3.85 3.21 2.67 2.20 1.90 1.92
 11   2.95 3.89 4.64 5.00 5.01 4.63 4.05 3.42 2.87 2.44 2.20 2.21 3.00 3.80 4.49 4.87 4.97 4.66 4.08 3.52 3.00 2.53 2.16 2.01
 12   2.62 3.51 4.23 4.72 4.88 4.78 4.35 3.84 3.38 2.96 2.59 2.37 2.46 2.97 3.54 4.12 4.55 4.57 4.20 3.76 3.33 2.94 2.58 2.30
 13   2.15 2.52 3.13 3.73 4.25 4.56 4.52 4.20 3.83 3.42 3.06 2.72 2.52 2.45 2.80 3.34 3.84 4.28 4.49 4.37 3.96 3.53 3.14 2.80
 14   2.45 2.24 2.23 2.80 3.45 4.01 4.40 4.55 4.46 4.14 3.80 3.40 3.00 2.60 2.35 2.40 2.97 3.52 4.10 4.48 4.59 4.35 3.88 3.42
 15   3.00 2.64 2.36 2.15 2.53 3.24 3.95 4.48 4.74 4.77 4.46 4.00 3.55 3.07 2.65 2.35 2.25 2.75 3.48 4.07 4.52 4.72 4.50 4.04
 16   3.55 3.05 2.65 2.24 2.01 2.28 3.17 4.03 4.78 5.13 5.11 4.64 4.03 3.40 2.84 2.40 2.06 1.97 2.60 3.56 4.40 4.84 4.90 4.55
 17   3.96 3.38 2.80 2.30 1.94 1.70 2.13 3.28 4.44 5.18 5.40 5.16 4.60 3.96 3.30 2.70 2.16 1.80 1.75 2.65 3.69 4.63 5.05 5.00
 18   4.50 3.88 3.28 2.63 2.07 1.66 1.50 2.39 3.88 5.12 5.60 5.60 5.10 4.46 3.70 3.00 2.36 1.83 1.47 1.80 3.12 4.31 5.01 5.24
 19   4.93 4.32 3.63 2.95 2.25 1.70 1.30 1.39 3.12 4.86 5.75 5.95 5.67 4.94 4.10 3.23 2.53 1.99 1.51 1.30 2.20 3.79 4.98 5.52
 20   5.40 4.83 4.10 3.37 2.62 1.98 1.44 1.06 1.80 4.14 5.62 6.10 6.08 5.57 4.70 3.77 2.90 2.20 1.64 1.26 1.28 3.15 4.82 5.64
 21   5.82 5.55 4.86 4.00 3.13 2.33 1.68 1.24 1.10 2.93 5.17 6.17 6.34 6.00 5.21 4.36 3.43 2.63 2.00 1.54 1.25 2.33 4.28 5.57
 22   5.98 5.85 5.28 4.48 3.61 2.80 2.13 1.63 1.38 2.00 4.12 5.78 6.28 6.24 5.65 4.80 3.93 3.04 2.28 1.73 1.40 1.41 3.30 5.06
 23   6.02 6.15 5.78 5.03 4.18 3.30 2.56 1.94 1.43 1.30 3.00 5.16 6.03 6.28 6.06 5.34 4.43 3.58 2.72 2.08 1.61 1.29 1.94 4.00
 24   5.58 5.97 5.96 5.44 4.63 3.76 2.98 2.32 1.80 1.40 1.66 3.76 5.20 5.80 5.93 5.60 4.80 3.96 3.12 2.40 1.84 1.42 1.39 2.50
 25   4.43 5.40 5.76 5.64 5.08 4.28 3.46 2.75 2.17 1.76 1.49 2.44 4.04 5.18 5.63 5.68 5.27 4.57 3.68 2.90 2.24 1.79 1.50 1.64
 26   3.20 4.48 5.28 5.52 5.40 4.80 4.00 3.26 2.60 2.15 1.86 1.94 3.03 4.20 5.02 5.36 5.28 4.76 4.06 3.40 2.85 2.33 1.90 1.69
 27   2.45 3.61 4.58 5.19 5.38 5.20 4.64 4.00 3.34 2.79 2.39 2.11 2.20 3.18 4.10 4.70 5.04 5.03 4.60 3.97 3.35 2.81 2.38 2.05
 28   1.87 2.28 3.26 4.20 4.84 5.20 5.18 4.75 4.20 3.60 3.06 2.60 2.28 2.21 2.78 3.67 4.41 4.83 5.00 4.80 4.24 3.63 3.11 2.64
 29   2.21 1.99 2.00 2.84 3.92 4.68 5.14 5.28 5.13 4.66 4.05 3.40 2.86 2.45 2.17 2.15 2.94 3.85 4.59 5.00 5.06 4.68 4.07 3.46
 30   2.90 2.47 2.14 1.95 2.09 3.18 4.33 5.16 5.48 5.45 5.00 4.34 3.65 3.00 2.44 2.04 1.85 2.40 3.60 4.60 5.21 5.40 5.06 4.45
 31   3.72 3.04 2.45 1.96 1.60 1.54 2.60 4.29 5.50 5.94 5.90 5.40 4.66 3.84 3.08 2.40 1.83 1.50 1.67 3.38 4.79 5.43 5.60 5.22
 ----------------------------------------------------------------------------------------------------------------------------
                                                                                               
 ----------------------------------------------------------------------------------------------------------------------------
 ----------------------------------------------------------------------------------------------------------------------------
                                                          SURVEY OF INDIA
                                                    MARINE GEODESY WING (G&RB)
                                                     HOURLY HEIGHTS IN METRES
  NAME OF PORT:- DIAMOND HARBOUR                                                                    MONTH AUGUST    YEAR 2012
 ----------------------------------------------------------------------------------------------------------------------------
 DAYS 0000 0001 0002 0003 0004 0005 0006 0007 0008 0009 0010 0011 0012 0013 0014 0015 0016 0017 0018 0019 0020 0021 0022 0023
 ----------------------------------------------------------------------------------------------------------------------------
  1   4.57 3.79 3.02 2.34 1.80 1.40 1.21 2.62 4.84 5.99 6.20 6.00 5.31 4.46 3.60 2.79 2.06 1.54 1.18 1.56 3.61 5.25 5.82 5.87
  2   5.35 4.60 3.77 2.95 2.15 1.48 1.07 1.00 3.10 5.42 6.33 6.45 6.04 5.21 4.30 3.38 2.48 1.84 1.35 1.04 2.19 4.45 5.76 6.15
  3   5.80 5.09 4.32 3.49 2.70 2.02 1.45 1.02 1.57 4.32 6.04 6.58 6.50 5.88 4.98 3.92 3.00 2.24 1.62 1.20 1.24 3.63 5.38 6.17
  4   6.33 5.96 5.20 4.27 3.30 2.44 1.78 1.27 1.15 3.20 5.35 6.45 6.74 6.40 5.60 4.58 3.49 2.64 1.98 1.47 1.30 2.51 4.56 5.90
  5   6.40 6.35 5.69 4.81 3.86 2.98 2.20 1.60 1.30 2.08 4.40 6.05 6.60 6.58 5.96 5.01 4.00 3.13 2.38 1.80 1.49 1.67 3.63 5.35
  6   6.26 6.44 6.04 5.25 4.27 3.39 2.60 2.04 1.62 1.66 3.31 5.15 6.20 6.48 6.17 5.49 4.55 3.68 2.90 2.20 1.68 1.55 2.59 4.42
  7   5.72 6.10 6.00 5.43 4.63 3.83 3.06 2.42 1.98 1.70 2.57 4.20 5.39 5.96 6.00 5.44 4.64 3.86 3.12 2.48 1.98 1.66 2.00 3.55
  8   5.07 5.65 5.79 5.50 4.84 4.11 3.38 2.75 2.23 1.90 2.02 3.21 4.35 5.10 5.42 5.30 4.78 4.04 3.34 2.75 2.21 1.85 1.76 2.60
  9   4.11 5.09 5.38 5.35 4.90 4.26 3.60 3.00 2.48 2.14 2.01 2.61 3.60 4.46 4.92 5.03 4.77 4.21 3.59 3.00 2.45 2.08 1.90 2.29
 10   3.38 4.32 5.01 5.20 5.01 4.55 4.00 3.45 2.99 2.60 2.38 2.52 3.27 3.96 4.53 4.80 4.80 4.45 3.98 3.50 3.10 2.71 2.39 2.34
 11   2.97 3.61 4.22 4.68 4.84 4.65 4.29 3.88 3.45 3.08 2.80 2.76 3.00 3.40 3.86 4.27 4.48 4.45 4.17 3.81 3.44 3.08 2.83 2.67
 12   2.64 3.02 3.50 3.96 4.33 4.57 4.60 4.39 4.05 3.69 3.37 3.05 2.85 2.77 2.89 3.34 3.75 4.09 4.32 4.43 4.24 3.83 3.43 3.04
 13   2.75 2.56 2.45 2.63 3.26 3.86 4.40 4.77 4.83 4.50 4.08 3.65 3.25 2.84 2.50 2.30 2.44 3.05 3.73 4.36 4.65 4.61 4.22 3.78
 14   3.23 2.80 2.41 2.15 2.16 2.84 3.62 4.39 4.93 5.08 4.84 4.32 3.79 3.20 2.62 2.23 2.04 2.24 3.04 3.85 4.49 4.88 4.84 4.40
 15   3.77 3.23 2.77 2.26 1.85 1.80 2.68 3.81 4.85 5.30 5.35 4.97 4.35 3.63 3.00 2.42 2.00 1.68 2.10 3.29 4.36 5.08 5.30 4.99
 16   4.32 3.63 2.97 2.35 1.87 1.55 1.55 2.86 4.37 5.31 5.68 5.57 4.98 4.22 3.45 2.76 2.18 1.76 1.50 2.10 3.77 5.00 5.48 5.45
 17   4.86 4.12 3.42 2.75 2.15 1.66 1.35 1.53 3.62 5.17 5.88 5.99 5.60 4.84 4.01 3.16 2.40 1.82 1.37 1.28 2.95 4.75 5.78 6.03
 18   5.61 4.87 4.07 3.27 2.50 1.80 1.44 1.21 2.56 4.80 6.12 6.52 6.29 5.62 4.78 3.80 2.95 2.20 1.65 1.36 2.08 4.10 5.82 6.37
 19   6.36 5.75 4.90 3.97 3.04 2.28 1.68 1.23 1.34 3.97 5.95 6.59 6.61 6.00 5.10 4.12 3.18 2.41 1.77 1.29 1.20 3.04 5.01 6.22
 20   6.53 6.20 5.46 4.54 3.54 2.67 1.99 1.44 1.15 2.70 5.30 6.41 6.60 6.37 5.62 4.74 3.72 2.82 2.14 1.57 1.20 1.43 3.86 5.79
 21   6.50 6.49 6.00 5.23 4.27 3.38 2.49 1.80 1.27 1.19 3.75 5.69 6.30 6.39 5.98 5.10 4.20 3.30 2.52 1.89 1.40 1.15 2.50 4.97
 22   6.04 6.24 6.03 5.40 4.61 3.80 3.00 2.27 1.73 1.32 1.70 4.15 5.40 5.93 5.95 5.46 4.60 3.69 2.90 2.22 1.68 1.38 1.39 3.26
 23   5.07 5.73 5.88 5.63 4.96 4.16 3.35 2.60 2.02 1.58 1.41 2.60 4.20 5.20 5.49 5.43 4.83 4.07 3.30 2.65 2.06 1.62 1.35 2.00
 24   3.71 4.88 5.38 5.47 5.10 4.42 3.71 3.04 2.43 2.00 1.70 1.82 2.97 4.08 4.85 5.18 5.05 4.50 3.83 3.18 2.58 2.05 1.70 1.61
 25   2.53 3.70 4.63 5.17 5.25 4.87 4.26 3.61 3.03 2.57 2.20 1.97 2.18 3.07 3.89 4.56 4.89 4.89 4.46 3.95 3.38 2.86 2.40 2.10
 26   2.00 2.59 3.50 4.25 4.77 4.97 4.88 4.49 3.98 3.46 3.01 2.60 2.35 2.30 2.78 3.43 4.07 4.60 4.85 4.70 4.27 3.72 3.25 2.83
 27   2.46 2.20 2.19 2.88 3.73 4.44 4.95 5.13 4.92 4.45 3.89 3.36 2.87 2.45 2.17 2.15 2.70 3.46 4.27 4.82 4.96 4.65 4.11 3.54
 28   2.91 2.42 2.04 1.83 2.03 3.12 4.16 4.95 5.35 5.30 4.80 4.15 3.53 2.88 2.38 1.97 1.70 2.07 3.22 4.30 4.98 5.19 4.97 4.40
 29   3.65 2.96 2.38 1.96 1.62 1.57 2.67 4.20 5.26 5.66 5.60 5.02 4.34 3.57 2.87 2.25 1.80 1.47 1.70 3.28 4.70 5.42 5.59 5.26
 30   4.58 3.85 3.17 2.52 1.89 1.43 1.35 3.00 4.76 5.80 6.08 5.87 5.19 4.26 3.37 2.61 2.01 1.51 1.26 2.20 4.21 5.46 5.92 5.90
 31   5.39 4.58 3.72 2.90 2.13 1.63 1.23 1.43 3.86 5.77 6.37 6.37 5.75 4.80 3.82 3.00 2.26 1.68 1.22 1.10 3.10 5.17 6.02 6.23
 ----------------------------------------------------------------------------------------------------------------------------
                                                                                               
 ----------------------------------------------------------------------------------------------------------------------------
 ----------------------------------------------------------------------------------------------------------------------------
                                                          SURVEY OF INDIA
                                                    MARINE GEODESY WING (G&RB)
                                                     HOURLY HEIGHTS IN METRES
  NAME OF PORT:- DIAMOND HARBOUR                                                                    MONTH SEPT      YEAR 2012
 ----------------------------------------------------------------------------------------------------------------------------
 DAYS 0000 0001 0002 0003 0004 0005 0006 0007 0008 0009 0010 0011 0012 0013 0014 0015 0016 0017 0018 0019 0020 0021 0022 0023
 ----------------------------------------------------------------------------------------------------------------------------
  1   5.82 5.08 4.26 3.44 2.64 1.95 1.36 1.00 2.21 4.38 5.94 6.40 6.08 5.28 4.30 3.37 2.57 1.90 1.34 0.98 1.72 4.50 5.78 6.26
  2   6.16 5.56 4.69 3.80 2.95 2.16 1.50 1.05 1.25 3.70 5.50 6.24 6.24 5.70 4.80 3.85 3.00 2.23 1.62 1.20 1.10 3.17 5.20 6.80
  3   6.30 5.90 5.16 4.30 3.40 2.60 1.95 1.50 1.31 2.60 4.80 6.03 6.30 6.08 5.37 4.40 3.46 2.67 2.00 1.55 1.35 2.46 4.50 5.80
  4   6.30 6.18 5.57 4.74 3.90 3.10 2.37 1.87 1.60 2.20 4.07 5.56 6.17 6.20 5.70 4.87 3.90 3.05 2.34 1.84 1.57 2.00 3.70 5.26
  5   6.10 6.20 5.90 5.13 4.28 3.48 2.73 2.14 1.75 1.80 3.20 4.78 5.68 5.93 5.72 5.00 4.14 3.30 2.60 2.07 1.72 1.66 2.96 4.50
  6   5.56 5.88 5.80 5.30 4.50 3.65 2.92 2.32 1.93 1.75 2.56 4.00 5.06 5.47 5.50 5.00 4.30 3.49 2.92 2.33 1.90 1.70 2.15 3.40
  7   4.63 5.32 5.45 5.13 4.50 3.80 3.10 2.52 2.10 1.95 2.13 3.18 4.12 4.86 5.13 4.95 4.40 3.75 3.10 2.53 2.10 1.86 1.95 2.90
  8   4.00 4.82 5.13 5.08 4.56 3.95 3.36 2.80 2.40 2.19 2.17 2.75 3.48 4.20 4.68 4.80 4.50 4.05 3.55 3.08 2.65 2.30 2.16 2.54
  9   3.44 4.18 4.69 4.85 4.70 4.30 3.87 3.40 3.00 2.66 2.50 2.69 3.15 3.63 4.06 4.40 4.51 4.26 3.88 3.52 3.18 2.90 2.67 2.62
 10   2.96 3.44 3.87 4.25 4.50 4.54 4.30 4.00 3.71 3.40 3.10 2.90 2.89 3.17 3.50 3.85 4.15 4.35 4.40 4.25 3.95 3.60 3.27 2.98
 11   2.75 2.70 3.15 3.66 4.10 4.47 4.67 4.72 4.56 4.20 3.80 3.40 3.05 2.75 2.56 2.72 3.16 3.67 4.22 4.65 4.75 4.50 4.10 3.66
 12   3.20 2.84 2.53 2.40 2.97 3.65 4.28 4.77 5.06 5.00 4.60 4.08 3.55 3.05 2.56 2.18 2.12 2.82 3.70 4.53 5.04 5.15 4.80 4.30
 13   3.70 3.16 2.64 2.14 1.86 2.10 3.34 4.42 5.18 5.50 5.30 4.77 4.10 3.42 2.80 2.26 1.85 1.70 2.66 3.84 4.90 5.50 5.46 4.94
 14   4.24 3.55 2.90 2.30 1.86 1.60 2.10 3.60 4.96 5.65 5.79 5.36 4.67 3.88 3.13 2.45 1.86 1.40 1.40 2.96 4.59 5.69 5.95 5.70
 15   4.95 4.16 3.38 2.60 2.00 1.50 1.25 2.50 4.56 5.72 6.15 6.07 5.47 4.60 3.70 2.86 2.18 1.60 1.16 1.45 3.95 5.72 6.30 6.26
 16   5.63 4.80 3.90 3.06 2.30 1.70 1.23 1.10 3.30 5.70 6.45 6.51 6.00 5.13 4.17 3.23 2.40 1.80 1.30 1.00 2.00 4.80 6.40 6.65
 17   6.28 5.55 4.64 3.70 2.80 2.08 1.45 1.00 1.70 4.80 6.32 6.69 6.45 5.70 4.76 3.76 2.86 2.06 1.40 0.96 0.98 3.60 5.90 6.85
 18   6.80 6.25 5.30 4.30 3.40 2.60 1.88 1.30 1.00 3.00 5.60 6.50 6.59 6.20 5.40 4.40 3.34 2.48 1.80 1.28 0.98 2.00 4.90 6.40
 19   6.70 6.45 5.75 4.80 3.84 3.00 2.20 1.60 1.20 1.30 3.92 5.73 6.30 6.26 5.70 4.80 3.80 2.90 2.14 1.58 1.22 1.06 3.16 5.56
 20   6.27 6.40 6.10 5.40 4.42 3.46 2.65 2.00 1.53 1.26 2.39 4.60 5.70 6.04 5.92 5.30 4.40 3.50 2.70 2.10 1.60 1.30 1.44 4.40
 21   5.60 6.04 6.06 5.57 4.80 3.90 3.10 2.40 1.86 1.47 1.50 3.00 4.57 5.42 5.59 5.35 4.66 3.90 3.10 2.50 1.98 1.60 1.56 2.66
 22   4.50 5.40 5.64 5.60 5.10 4.37 3.60 2.96 2.38 1.95 1.71 2.17 3.34 4.46 5.00 5.14 4.90 4.30 3.70 3.12 2.60 2.20 1.95 1.96
 23   3.20 4.30 4.92 5.16 5.15 4.72 4.16 3.55 3.00 2.52 2.18 2.00 2.32 3.08 3.82 4.40 4.70 4.65 4.23 3.75 3.24 2.79 2.42 2.15
 24   2.20 2.82 3.54 4.20 4.68 4.84 4.70 4.30 3.78 3.28 2.83 2.46 2.20 2.20 2.65 3.24 3.82 4.30 4.54 4.46 4.10 3.66 3.20 2.80
 25   2.42 2.20 2.20 2.96 3.75 4.36 4.76 4.95 4.76 4.30 3.70 3.13 2.66 2.26 2.00 2.00 2.74 3.50 4.24 4.70 4.85 4.56 4.06 3.50
 26   2.88 2.46 2.10 1.88 2.12 3.16 4.20 4.90 5.24 5.20 4.70 4.00 3.33 2.72 2.20 1.86 1.64 2.20 3.35 4.40 5.04 5.24 4.97 4.34
 27   3.55 2.90 2.37 1.94 1.60 1.76 3.10 4.46 5.34 5.64 5.46 4.86 4.04 3.26 2.56 2.02 1.62 1.44 2.38 3.86 5.00 5.58 5.58 5.00
 28   4.20 3.47 2.84 2.24 1.75 1.45 1.70 3.45 4.96 5.64 5.78 5.40 4.66 3.86 3.08 2.35 1.80 1.43 1.30 2.90 4.50 5.46 5.79 5.56
 29   4.80 4.02 3.30 2.60 2.06 1.60 1.30 1.98 4.00 5.30 5.80 5.80 5.20 4.38 3.49 2.70 2.08 1.62 1.30 1.54 3.56 5.32 6.00 6.00
 30   5.48 4.70 3.85 3.06 2.36 1.80 1.40 1.30 3.00 4.98 5.80 6.06 5.70 4.95 4.06 3.14 2.38 1.80 1.40 1.20 2.80 4.80 5.82 6.15
 ----------------------------------------------------------------------------------------------------------------------------
                                                                                               
 ----------------------------------------------------------------------------------------------------------------------------
 ----------------------------------------------------------------------------------------------------------------------------
                                                          SURVEY OF INDIA
                                                    MARINE GEODESY WING (G&RB)
                                                     HOURLY HEIGHTS IN METRES
  NAME OF PORT:- DIAMOND HARBOUR                                                                    MONTH OCTOBER   YEAR 2012
 ----------------------------------------------------------------------------------------------------------------------------
 DAYS 0000 0001 0002 0003 0004 0005 0006 0007 0008 0009 0010 0011 0012 0013 0014 0015 0016 0017 0018 0019 0020 0021 0022 0023
 ----------------------------------------------------------------------------------------------------------------------------
  1   5.96 5.22 4.44 3.62 2.84 2.18 1.59 1.27 1.96 3.92 5.50 5.96 5.90 5.30 4.40 3.50 2.72 2.02 1.54 1.29 1.70 3.60 5.24 6.02
  2   6.02 5.63 4.80 4.00 3.20 2.48 1.86 1.40 1.49 3.39 5.06 5.80 5.94 5.56 4.76 3.86 3.02 2.32 1.74 1.32 1.31 3.00 4.70 5.72
  3   5.99 5.70 5.06 4.25 3.45 2.68 2.00 1.52 1.30 2.60 4.30 5.40 5.79 5.67 5.02 4.20 3.39 2.65 2.00 1.50 1.28 2.20 4.20 5.50
  4   5.90 5.84 5.32 4.60 3.80 3.00 2.29 1.78 1.46 1.74 3.30 4.71 5.42 5.48 5.08 4.40 3.60 2.91 2.33 1.77 1.40 1.44 3.08 4.71
  5   5.57 5.70 5.40 4.76 3.98 3.20 2.47 1.88 1.42 1.32 2.44 3.96 4.86 5.18 5.10 4.59 3.80 3.10 2.45 1.93 1.56 1.41 2.17 3.77
  6   5.04 5.45 5.45 4.92 4.20 3.46 2.74 2.20 1.84 1.61 2.16 3.37 4.40 4.97 5.10 4.70 4.00 3.32 2.70 2.19 1.85 1.70 2.00 3.08
  7   4.30 4.98 5.19 5.00 4.46 3.77 3.12 2.58 2.19 1.97 2.03 2.86 3.71 4.44 4.77 4.71 4.24 3.70 3.19 2.74 2.32 2.07 2.10 2.74
  8   3.65 4.36 4.80 4.91 4.60 4.08 3.53 3.04 2.64 2.37 2.33 2.80 3.30 3.80 4.23 4.44 4.37 4.06 3.66 3.22 2.87 2.54 2.35 2.42
  9   3.05 3.60 4.09 4.43 4.60 4.40 4.03 3.64 3.24 2.92 2.64 2.56 2.69 3.00 3.40 3.80 4.18 4.31 4.17 3.80 3.43 3.13 2.85 2.62
 10   2.44 2.58 3.03 3.54 4.00 4.33 4.45 4.21 3.83 3.42 3.06 2.73 2.45 2.30 2.44 2.83 3.38 3.92 4.36 4.50 4.30 3.88 3.44 3.08
 11   2.70 2.40 2.21 2.43 3.09 3.80 4.40 4.74 4.76 4.40 3.88 3.30 2.83 2.42 2.12 1.97 2.30 3.10 3.96 4.64 4.92 4.78 4.32 3.80
 12   3.23 2.76 2.32 2.04 2.08 2.86 3.83 4.63 5.04 5.05 4.60 4.00 3.40 2.84 2.36 1.98 1.71 2.02 3.20 4.36 5.18 5.32 5.10 4.48
 13   3.72 3.12 2.60 2.13 1.78 1.70 2.72 4.04 5.09 5.43 5.32 4.71 4.00 3.24 2.60 2.03 1.58 1.30 2.04 3.80 5.21 5.80 5.80 5.30
 14   4.51 3.79 3.10 2.44 1.85 1.39 1.40 3.23 4.94 5.66 5.82 5.45 4.77 3.89 3.01 2.30 1.70 1.30 0.98 2.10 4.83 6.01 6.30 6.08
 15   5.37 4.58 3.72 2.90 2.20 1.56 1.10 1.47 3.87 5.42 6.00 5.94 5.30 4.40 3.45 2.65 1.98 1.40 0.90 0.80 3.30 5.52 6.40 6.40
 16   5.80 4.97 4.08 3.19 2.40 1.72 1.20 0.88 2.01 4.66 5.87 6.14 5.80 5.04 4.16 3.25 2.40 1.78 1.19 0.78 1.00 4.28 6.20 6.54
 17   6.26 5.44 4.57 3.61 2.80 2.08 1.44 0.96 0.86 3.18 5.30 6.06 6.10 5.58 4.70 3.74 2.90 2.13 1.50 1.02 0.72 2.40 5.44 6.36
 18   6.52 6.20 5.40 4.44 3.50 2.64 1.92 1.34 0.92 1.34 4.08 5.52 5.99 5.90 5.30 4.40 3.40 2.58 1.90 1.37 0.96 0.98 4.00 5.76
 19   6.19 6.23 5.83 5.03 4.10 3.20 2.40 1.80 1.37 1.10 2.30 4.19 5.32 5.63 5.53 4.90 4.00 3.12 2.34 1.75 1.32 1.15 1.92 4.00
 20   5.40 5.75 5.79 5.30 4.46 3.59 2.78 2.12 1.68 1.43 1.50 2.80 4.20 5.00 5.19 5.07 4.41 3.70 2.96 2.34 1.91 1.60 1.46 2.36
 21   4.00 5.06 5.37 5.36 4.88 4.14 3.40 2.80 2.28 1.88 1.66 1.90 2.98 3.98 4.60 4.84 4.72 4.11 3.40 2.80 2.32 1.99 1.81 1.97
 22   2.96 3.86 4.52 4.93 4.94 4.54 3.97 3.37 2.80 2.33 2.00 1.84 2.10 2.90 3.73 4.25 4.50 4.40 3.96 3.46 3.04 2.61 2.31 2.12
 23   2.20 2.88 3.60 4.20 4.60 4.70 4.51 4.10 3.58 3.08 2.63 2.20 1.97 2.00 2.68 3.33 3.91 4.30 4.45 4.25 3.85 3.43 3.03 2.62
 24   2.24 2.04 2.40 3.12 3.80 4.30 4.60 4.68 4.38 3.81 3.30 2.80 2.38 2.04 1.90 2.20 2.90 3.60 4.20 4.53 4.59 4.20 3.70 3.25
 25   2.80 2.45 2.18 2.01 2.40 3.28 4.07 4.61 4.83 4.63 4.10 3.51 3.00 2.50 2.13 1.84 1.80 2.60 3.54 4.40 4.88 4.90 4.52 4.00
 26   3.40 2.88 2.43 2.04 1.80 2.10 3.15 4.10 4.78 5.00 4.70 4.10 3.48 2.88 2.34 1.96 1.70 1.71 2.73 3.82 4.80 5.20 5.16 4.66
 27   3.97 3.39 2.88 2.40 2.00 1.72 2.20 3.40 4.50 5.03 5.10 4.70 4.00 3.30 2.69 2.19 1.80 1.53 1.64 3.10 4.46 5.20 5.40 5.03
 28   4.38 3.78 3.18 2.60 2.10 1.70 1.52 2.50 3.84 4.84 5.20 5.10 4.52 3.80 3.10 2.44 1.90 1.48 1.30 2.19 3.80 5.04 5.59 5.58
 29   4.90 4.19 3.44 2.77 2.16 1.69 1.36 1.60 3.04 4.36 5.06 5.24 4.87 4.16 3.40 2.70 2.13 1.64 1.32 1.38 3.10 4.82 5.57 5.72
 30   5.39 4.68 3.90 3.14 2.44 1.90 1.43 1.30 2.44 4.12 5.10 5.38 5.26 4.65 3.88 3.10 2.40 1.81 1.39 1.18 2.32 4.40 5.43 5.80
 31   5.70 5.14 4.40 3.52 2.80 2.11 1.60 1.32 1.70 3.50 4.79 5.40 5.47 5.00 4.20 3.40 2.73 2.10 1.66 1.32 1.58 3.64 5.14 5.74
 ----------------------------------------------------------------------------------------------------------------------------
                                                                                               
 ----------------------------------------------------------------------------------------------------------------------------
 ----------------------------------------------------------------------------------------------------------------------------
                                                          SURVEY OF INDIA
                                                    MARINE GEODESY WING (G&RB)
                                                     HOURLY HEIGHTS IN METRES
  NAME OF PORT:- DIAMOND HARBOUR                                                                    MONTH NOVEMBER  YEAR 2012
 ----------------------------------------------------------------------------------------------------------------------------
 DAYS 0000 0001 0002 0003 0004 0005 0006 0007 0008 0009 0010 0011 0012 0013 0014 0015 0016 0017 0018 0019 0020 0021 0022 0023
 ----------------------------------------------------------------------------------------------------------------------------
  1   5.84 5.45 4.78 3.96 3.17 2.47 1.87 1.40 1.40 2.70 4.16 5.14 5.43 5.20 4.50 3.71 2.97 2.30 1.80 1.44 1.31 2.61 4.22 5.25
  2   5.70 5.64 5.04 4.25 3.47 2.74 2.10 1.60 1.31 2.00 3.50 4.74 5.22 5.26 4.74 4.00 3.26 2.54 2.00 1.60 1.36 1.80 3.40 4.72
  3   5.42 5.54 5.28 4.60 3.82 3.08 2.44 1.91 1.52 1.61 2.74 4.03 4.80 5.12 4.90 4.28 3.52 2.88 2.28 1.86 1.60 1.60 2.80 4.16
  4   5.06 5.32 5.27 4.75 4.05 3.38 2.74 2.24 1.90 1.70 2.30 3.44 4.39 4.90 4.99 4.60 3.88 3.20 2.60 2.12 1.84 1.71 2.20 3.39
  5   4.52 5.01 5.14 4.85 4.30 3.64 3.00 2.48 2.10 1.90 2.02 2.94 3.80 4.46 4.70 4.64 4.20 3.60 2.98 2.44 2.10 1.90 1.92 2.88
  6   3.93 4.58 4.90 4.92 4.59 4.06 3.44 2.87 2.40 2.10 1.97 2.28 3.08 3.78 4.27 4.46 4.32 3.84 3.34 2.91 2.52 2.16 1.98 2.10
  7   2.94 3.64 4.17 4.50 4.59 4.24 3.72 3.20 2.76 2.38 2.10 2.01 2.36 2.98 3.60 4.10 4.34 4.30 3.92 3.56 3.16 2.80 2.46 2.24
  8   2.36 2.86 3.40 3.92 4.35 4.52 4.32 3.86 3.38 2.91 2.51 2.20 2.06 2.24 2.75 3.32 3.87 4.30 4.48 4.32 3.94 3.50 3.10 2.71
  9   2.32 2.16 2.50 3.18 3.78 4.26 4.58 4.60 4.20 3.71 3.20 2.71 2.32 2.01 1.90 2.16 2.80 3.56 4.24 4.74 4.70 4.30 3.76 3.23
 10   2.70 2.32 2.02 1.97 2.64 3.46 4.20 4.68 4.82 4.56 3.98 3.38 2.86 2.38 2.00 1.76 1.80 2.66 3.74 4.68 5.14 5.13 4.72 4.16
 11   3.44 2.81 2.32 1.96 1.76 2.24 3.30 4.32 4.94 5.08 4.68 4.04 3.40 2.80 2.28 1.86 1.57 1.59 2.79 4.10 5.19 5.68 5.50 4.84
 12   3.99 3.32 2.68 2.18 1.68 1.44 2.20 3.61 4.84 5.39 5.38 4.85 4.14 3.38 2.68 2.08 1.53 1.19 1.20 2.94 4.90 6.08 6.12 5.65
 13   4.79 3.98 3.18 2.39 1.72 1.26 1.12 2.16 4.20 5.48 5.73 5.39 4.64 3.85 3.08 2.38 1.80 1.30 0.94 1.40 4.00 5.84 6.35 6.24
 14   5.54 4.68 3.81 2.90 2.07 1.43 1.12 1.01 2.82 4.88 5.73 5.89 5.48 4.78 3.91 3.03 2.21 1.59 1.12 0.81 1.95 4.78 6.22 6.44
 15   6.05 5.24 4.34 3.44 2.63 1.96 1.43 1.02 1.08 3.28 5.06 5.75 5.79 5.28 4.51 3.60 2.78 2.08 1.57 1.13 0.92 2.84 5.20 6.22
 16   6.39 6.00 5.28 4.46 3.59 2.74 2.00 1.41 1.02 1.42 3.39 5.20 5.70 5.57 4.98 4.20 3.39 2.62 1.99 1.47 1.15 1.36 3.42 5.22
 17   6.08 6.10 5.59 4.81 4.00 3.20 2.46 1.86 1.44 1.25 2.32 4.08 5.18 5.59 5.38 4.76 3.92 3.19 2.47 1.92 1.52 1.32 2.18 4.28
 18   5.44 5.81 5.79 5.32 4.60 3.78 2.98 2.30 1.84 1.52 1.60 3.01 4.40 5.18 5.43 5.20 4.52 3.82 3.10 2.46 1.99 1.68 1.56 2.78
 19   4.52 5.24 5.48 5.41 4.92 4.20 3.46 2.80 2.26 1.88 1.72 2.18 3.28 4.38 4.99 5.12 4.82 4.20 3.52 2.90 2.36 2.00 1.86 2.08
 20   3.44 4.44 5.00 5.19 5.10 4.53 3.90 3.24 2.64 2.21 1.96 1.80 2.22 3.01 3.81 4.46 4.79 4.59 4.08 3.56 3.08 2.63 2.28 2.10
 21   2.24 3.17 4.04 4.61 4.94 4.97 4.50 3.90 3.31 2.80 2.34 2.08 1.96 2.40 3.16 3.85 4.40 4.63 4.56 4.12 3.63 3.17 2.72 2.40
 22   2.24 2.32 3.00 3.80 4.40 4.76 4.84 4.58 4.04 3.52 3.00 2.52 2.20 2.04 2.34 3.06 3.78 4.39 4.71 4.71 4.39 3.90 3.42 3.00
 23   2.59 2.38 2.28 2.87 3.60 4.18 4.60 4.74 4.60 4.12 3.60 3.10 2.64 2.24 2.05 2.20 2.88 3.62 4.38 4.86 4.96 4.64 4.13 3.60
 24   3.00 2.60 2.32 2.21 2.56 3.31 4.02 4.58 4.79 4.64 4.18 3.60 3.08 2.60 2.24 2.00 2.00 2.86 3.80 4.53 5.00 5.08 4.77 4.20
 25   3.59 3.08 2.61 2.24 2.00 2.26 3.06 3.86 4.56 4.82 4.72 4.20 3.60 3.01 2.51 2.16 1.90 1.92 2.96 4.00 4.77 5.18 5.20 4.72
 26   4.08 3.52 2.98 2.48 2.06 1.81 2.24 3.24 4.23 4.80 4.94 4.64 4.01 3.39 2.80 2.26 1.84 1.60 1.82 3.24 4.58 5.30 5.44 5.20
 27   4.52 3.88 3.28 2.72 2.20 1.78 1.62 2.44 3.60 4.59 5.06 4.98 4.45 3.78 3.08 2.42 1.98 1.60 1.40 2.40 4.00 5.12 5.56 5.54
 28   4.90 4.22 3.60 3.00 2.40 1.93 1.58 1.73 3.07 4.27 4.90 5.10 4.80 4.18 3.42 2.76 2.20 1.78 1.45 1.45 3.00 4.59 5.32 5.54
 29   5.36 4.76 4.01 3.31 2.70 2.13 1.64 1.42 2.20 3.53 4.50 5.00 5.08 4.56 3.82 3.12 2.48 1.96 1.56 1.32 1.81 3.60 4.85 5.42
 30   5.54 5.22 4.60 3.88 3.16 2.47 1.90 1.52 1.58 2.80 4.02 4.83 5.08 4.85 4.24 3.52 2.80 2.20 1.76 1.44 1.40 2.70 4.17 5.13
 ----------------------------------------------------------------------------------------------------------------------------
                                                                                               
 ----------------------------------------------------------------------------------------------------------------------------
 ----------------------------------------------------------------------------------------------------------------------------
                                                          SURVEY OF INDIA
                                                    MARINE GEODESY WING (G&RB)
                                                     HOURLY HEIGHTS IN METRES
  NAME OF PORT:- DIAMOND HARBOUR                                                                    MONTH DECEMBER  YEAR 2012
 ----------------------------------------------------------------------------------------------------------------------------
 DAYS 0000 0001 0002 0003 0004 0005 0006 0007 0008 0009 0010 0011 0012 0013 0014 0015 0016 0017 0018 0019 0020 0021 0022 0023
 ----------------------------------------------------------------------------------------------------------------------------
  1   5.46 5.40 4.94 4.26 3.50 2.75 2.12 1.66 1.41 2.04 3.30 4.44 4.92 5.09 4.64 3.92 3.17 2.53 2.00 1.62 1.42 2.18 3.80 4.86
  2   5.40 5.50 5.16 4.48 3.77 3.05 2.37 1.80 1.53 1.62 2.78 3.97 4.80 5.10 4.86 4.20 3.47 2.85 2.30 1.88 1.60 1.60 3.00 4.38
  3   5.11 5.33 5.26 4.80 4.09 3.40 2.74 2.26 1.88 1.66 2.18 3.38 4.32 4.88 5.04 4.64 3.92 3.26 2.68 2.20 1.88 1.70 2.30 3.74
  4   4.76 5.18 5.32 5.04 4.38 3.65 2.98 2.48 2.08 1.78 1.80 2.80 3.80 4.56 4.90 4.88 4.38 3.66 3.00 2.48 2.10 1.88 1.86 3.12
  5   4.36 4.93 5.15 5.15 4.66 3.98 3.30 2.72 2.28 1.98 1.82 2.20 3.13 4.00 4.60 4.84 4.60 4.06 3.46 2.94 2.48 2.12 1.92 2.18
  6   3.40 4.30 4.80 4.99 4.90 4.44 3.78 3.15 2.64 2.24 1.94 1.86 2.38 3.28 4.06 4.52 4.70 4.52 4.06 3.50 3.00 2.56 2.20 2.02
  7   2.30 3.24 4.00 4.49 4.64 4.56 4.12 3.60 3.08 2.56 2.20 1.90 1.80 2.20 3.00 3.78 4.40 4.65 4.48 4.00 3.50 3.06 2.64 2.32
  8   2.10 2.20 2.99 3.75 4.34 4.64 4.60 4.24 3.70 3.16 2.68 2.20 1.92 1.80 2.10 2.90 3.66 4.32 4.76 4.72 4.40 3.90 3.40 2.88
  9   2.33 2.00 1.98 2.70 3.48 4.12 4.54 4.70 4.40 3.84 3.30 2.80 2.34 1.95 1.70 1.70 2.50 3.50 4.44 4.92 5.04 4.76 4.30 3.74
 10   3.13 2.64 2.20 1.90 2.00 2.86 3.80 4.50 4.76 4.70 4.20 3.50 2.90 2.40 1.97 1.68 1.50 2.16 3.50 4.64 5.24 5.38 5.10 4.50
 11   3.72 3.10 2.54 2.06 1.70 1.70 2.70 3.88 4.70 5.00 4.92 4.35 3.65 2.96 2.38 1.92 1.54 1.32 1.90 3.58 5.06 5.70 5.76 5.26
 12   4.38 3.66 2.98 2.38 1.83 1.36 1.31 2.47 4.08 4.96 5.26 5.00 4.46 3.70 2.98 2.30 1.78 1.35 1.10 1.90 4.08 5.73 6.14 6.06
 13   5.38 4.60 3.80 3.00 2.24 1.60 1.18 1.24 3.08 4.70 5.38 5.54 5.16 4.40 3.58 2.80 2.10 1.56 1.10 0.90 2.40 4.88 6.08 6.30
 14   6.00 5.25 4.42 3.54 2.68 1.98 1.40 1.02 1.30 3.42 5.02 5.56 5.58 5.04 4.26 3.38 2.60 1.96 1.38 0.92 0.82 3.40 5.46 6.10
 15   6.20 5.80 5.08 4.14 3.26 2.46 1.78 1.24 0.90 1.70 3.87 5.10 5.60 5.58 4.92 4.10 3.20 2.48 1.82 1.30 0.92 1.00 3.56 5.30
 16   5.88 6.04 5.66 4.90 4.00 3.16 2.45 1.80 1.27 1.00 1.95 3.90 5.06 5.38 5.27 4.64 3.80 3.06 2.34 1.80 1.34 1.06 1.84 3.80
 17   5.30 5.70 5.71 5.22 4.46 3.63 2.80 2.10 1.55 1.20 1.21 2.61 4.16 5.00 5.20 5.07 4.45 3.70 2.94 2.28 1.76 1.40 1.25 2.48
 18   4.30 5.10 5.36 5.36 4.90 4.16 3.35 2.66 2.06 1.60 1.34 1.60 2.80 3.95 4.60 4.84 4.60 3.96 3.30 2.70 2.20 1.80 1.56 1.72
 19   3.24 4.32 4.90 5.10 4.96 4.40 3.68 3.00 2.40 1.94 1.66 1.50 2.10 3.28 4.11 4.60 4.70 4.30 3.72 3.14 2.66 2.25 1.92 1.82
 20   2.23 3.15 3.94 4.48 4.70 4.52 3.96 3.40 2.86 2.34 1.96 1.70 1.74 2.54 3.47 4.12 4.45 4.45 4.10 3.67 3.18 2.72 2.35 2.08
 21   2.04 2.53 3.20 3.84 4.28 4.44 4.28 3.76 3.22 2.70 2.24 1.90 1.76 2.00 2.74 3.40 3.96 4.34 4.36 4.02 3.58 3.12 2.74 2.38
 22   2.10 2.10 2.58 3.14 3.68 4.08 4.25 4.08 3.64 3.14 2.66 2.25 1.96 1.80 2.05 2.65 3.24 3.74 4.14 4.24 4.00 3.62 3.24 2.84
 23   2.46 2.20 2.06 2.40 2.92 3.40 3.80 3.98 3.94 3.54 3.08 2.60 2.22 1.90 1.72 1.80 2.36 3.00 3.65 4.20 4.44 4.24 3.80 3.28
 24   2.72 2.30 2.00 1.85 2.12 2.64 3.31 3.76 4.10 4.16 3.80 3.30 2.80 2.34 2.00 1.76 1.74 2.32 3.10 3.84 4.40 4.70 4.48 3.94
 25   3.36 2.90 2.47 2.10 1.85 1.88 2.58 3.30 3.94 4.29 4.29 3.88 3.35 2.82 2.30 1.90 1.68 1.60 2.32 3.30 4.18 4.76 4.95 4.67
 26   4.07 3.52 3.00 2.50 2.08 1.71 1.80 2.60 3.44 4.10 4.40 4.35 3.90 3.32 2.75 2.24 1.84 1.54 1.53 2.54 3.74 4.60 5.00 5.06
 27   4.62 4.00 3.40 2.80 2.24 1.74 1.50 2.00 2.98 3.90 4.48 4.64 4.36 3.73 3.12 2.54 2.08 1.72 1.46 1.68 3.00 4.20 4.98 5.30
 28   5.10 4.53 3.86 3.16 2.52 1.95 1.50 1.45 2.35 3.50 4.40 4.75 4.70 4.23 3.53 2.90 2.32 1.88 1.54 1.35 2.20 3.62 4.68 5.27
 29   5.37 4.92 4.25 3.55 2.92 2.32 1.86 1.50 1.60 2.88 4.08 4.76 4.92 4.66 4.00 3.30 2.68 2.12 1.70 1.35 1.40 3.00 4.38 5.12
 30   5.42 5.30 4.76 4.00 3.27 2.60 2.01 1.55 1.35 2.08 3.52 4.64 5.08 5.00 4.46 3.70 3.00 2.38 1.92 1.52 1.30 1.96 3.68 4.70
 31   5.28 5.39 5.05 4.40 3.64 2.88 2.20 1.70 1.40 1.50 2.66 4.00 4.80 5.04 4.78 4.10 3.30 2.68 2.11 1.70 1.37 1.40 2.90 4.20
 ----------------------------------------------------------------------------------------------------------------------------
                                                                                               
 ----------------------------------------------------------------------------------------------------------------------------
 ----------------------------------------------------------------------------------------------------------------------------
