                                                          SURVEY OF INDIA
                                                    MARINE GEODESY WING (G&RB)
                                                     HOURLY HEIGHTS IN METRES
  NAME OF PORT:- DIAMOND HARBOUR                                                                    MONTH JANUARY   YEAR 2008
 ----------------------------------------------------------------------------------------------------------------------------
 DAYS 0000 0001 0002 0003 0004 0005 0006 0007 0008 0009 0010 0011 0012 0013 0014 0015 0016 0017 0018 0019 0020 0021 0022 0023
 ----------------------------------------------------------------------------------------------------------------------------
  1   2.02 2.68 3.22 3.71 4.08 4.24 3.98 3.47 2.93 2.44 2.06 1.80 1.65 1.98 2.77 3.45 4.02 4.31 4.29 3.93 3.44 2.99 2.55 2.22
  2   2.02 2.34 2.81 3.28 3.67 3.96 4.04 3.73 3.32 2.86 2.43 2.08 1.81 1.78 2.29 2.90 3.48 3.98 4.29 4.26 3.93 3.55 3.15 2.76
  3   2.42 2.17 2.09 2.55 3.12 3.57 3.88 3.96 3.75 3.36 2.97 2.52 2.16 1.88 1.77 2.15 2.77 3.36 3.95 4.30 4.38 4.15 3.72 3.26
  4   2.80 2.42 2.09 1.95 2.34 2.90 3.40 3.79 3.98 3.92 3.53 3.12 2.67 2.25 1.92 1.67 1.77 2.40 3.22 3.97 4.46 4.59 4.39 3.86
  5   3.31 2.83 2.42 2.03 1.82 2.10 2.75 3.38 3.93 4.20 4.07 3.64 3.18 2.69 2.25 1.87 1.58 1.58 2.45 3.39 4.21 4.72 4.89 4.47
  6   3.77 3.21 2.68 2.22 1.86 1.63 1.92 2.80 3.58 4.15 4.42 4.33 3.81 3.25 2.69 2.18 1.81 1.50 1.56 2.61 3.62 4.50 4.99 5.03
  7   4.41 3.78 3.16 2.58 2.12 1.74 1.49 1.98 2.97 3.88 4.44 4.57 4.25 3.65 3.09 2.54 2.05 1.66 1.43 1.80 3.15 4.37 5.09 5.27
  8   4.90 4.27 3.61 2.96 2.40 1.94 1.53 1.44 2.35 3.42 4.29 4.70 4.73 4.15 3.50 2.89 2.32 1.82 1.43 1.24 2.10 3.58 4.76 5.28
  9   5.44 4.99 4.24 3.50 2.80 2.18 1.67 1.30 1.42 2.70 3.95 4.70 4.94 4.65 3.98 3.28 2.64 2.06 1.59 1.28 1.18 2.96 4.54 5.23
 10   5.54 5.45 4.76 3.94 3.16 2.46 1.85 1.43 1.17 1.93 3.44 4.58 5.10 5.14 4.51 3.81 3.09 2.42 1.89 1.46 1.18 1.80 3.84 5.12
 11   5.63 5.70 5.24 4.43 3.62 2.88 2.20 1.67 1.30 1.29 2.55 4.18 5.03 5.25 4.97 4.32 3.58 2.93 2.28 1.78 1.38 1.21 2.48 4.37
 12   5.36 5.64 5.55 5.00 4.17 3.36 2.56 1.94 1.45 1.22 1.67 3.49 4.66 5.12 5.17 4.73 3.99 3.31 2.64 2.08 1.63 1.38 1.82 3.54
 13   4.88 5.33 5.45 5.26 4.57 3.77 2.96 2.27 1.71 1.32 1.22 2.16 3.70 4.70 5.08 5.06 4.45 3.76 3.04 2.42 1.96 1.65 1.46 2.63
 14   4.33 4.98 5.23 5.21 4.74 4.03 3.29 2.60 2.02 1.61 1.35 1.45 2.82 4.00 4.75 4.96 4.75 4.09 3.41 2.81 2.30 1.92 1.64 1.60
 15   3.31 4.22 4.67 4.87 4.85 4.36 3.63 2.91 2.33 1.89 1.60 1.37 1.83 3.00 3.98 4.55 4.69 4.48 3.87 3.25 2.70 2.27 1.96 1.74
 16   2.01 3.32 4.00 4.43 4.58 4.47 3.93 3.37 2.78 2.23 1.84 1.52 1.43 2.29 3.33 4.09 4.45 4.57 4.22 3.71 3.20 2.74 2.34 2.04
 17   1.83 2.27 2.95 3.57 4.04 4.36 4.28 3.80 3.26 2.72 2.21 1.81 1.54 1.52 2.18 2.90 3.59 4.21 4.46 4.35 3.92 3.45 3.03 2.59
 18   2.13 1.86 2.02 2.67 3.28 3.76 4.11 4.16 3.82 3.35 2.86 2.36 1.97 1.67 1.54 1.98 2.72 3.44 4.10 4.46 4.51 4.20 3.72 3.20
 19   2.61 2.25 2.00 1.79 2.00 2.71 3.38 3.92 4.25 4.17 3.76 3.30 2.83 2.33 1.94 1.65 1.55 2.25 3.23 4.04 4.60 4.88 4.71 4.25
 20   3.58 3.05 2.54 2.03 1.60 1.68 2.37 3.19 4.00 4.42 4.50 4.04 3.52 2.98 2.44 1.99 1.59 1.35 1.76 3.06 4.28 4.95 5.13 4.97
 21   4.35 3.74 3.16 2.57 2.05 1.63 1.36 1.97 3.20 4.18 4.66 4.70 4.23 3.57 2.92 2.31 1.81 1.40 1.15 1.52 3.01 4.32 5.03 5.38
 22   4.98 4.34 3.67 2.99 2.33 1.76 1.31 1.14 1.90 3.35 4.52 4.96 4.93 4.36 3.66 2.95 2.24 1.71 1.29 1.04 1.80 3.66 4.97 5.57
 23   5.63 5.12 4.37 3.56 2.79 2.09 1.52 1.12 1.02 2.37 3.95 4.91 5.14 4.91 4.19 3.43 2.72 2.05 1.48 1.08 0.94 2.06 3.97 5.13
 24   5.63 5.62 5.00 4.19 3.30 2.46 1.77 1.28 0.99 1.15 2.87 4.55 5.15 5.25 4.80 4.01 3.22 2.50 1.87 1.37 1.04 1.05 3.29 4.82
 25   5.49 5.59 5.17 4.47 3.68 2.88 2.12 1.51 1.14 0.94 1.81 3.92 4.98 5.28 5.10 4.49 3.70 2.92 2.17 1.58 1.22 1.04 2.23 4.18
 26   5.12 5.42 5.38 4.79 4.06 3.28 2.48 1.82 1.33 1.10 1.27 2.98 4.40 5.01 5.14 4.80 4.10 3.29 2.54 1.90 1.49 1.28 1.35 3.31
 27   4.65 5.16 5.34 5.04 4.37 3.61 2.87 2.15 1.60 1.22 1.13 2.15 3.70 4.62 4.98 4.96 4.39 3.64 2.90 2.23 1.77 1.42 1.29 2.37
 28   3.95 4.66 5.00 5.02 4.58 3.92 3.18 2.45 1.84 1.46 1.28 1.67 2.88 3.94 4.52 4.63 4.40 3.78 3.14 2.53 2.02 1.67 1.43 1.74
 29   2.88 3.70 4.24 4.55 4.41 3.93 3.31 2.67 2.07 1.66 1.43 1.41 2.44 3.54 4.23 4.53 4.49 3.97 3.35 2.79 2.29 1.95 1.74 1.69
 30   2.42 3.17 3.72 4.11 4.34 4.06 3.51 2.90 2.31 1.89 1.69 1.63 2.11 3.04 3.79 4.26 4.46 4.17 3.60 3.07 2.60 2.21 2.00 1.85
 31   2.06 2.60 3.12 3.56 3.84 3.77 3.38 2.96 2.51 2.09 1.78 1.63 1.82 2.48 3.12 3.59 3.83 3.87 3.68 3.28 2.89 2.53 2.28 2.12
 ----------------------------------------------------------------------------------------------------------------------------
                                                                                               
 ----------------------------------------------------------------------------------------------------------------------------
 ----------------------------------------------------------------------------------------------------------------------------
                                                          SURVEY OF INDIA
                                                    MARINE GEODESY WING (G&RB)
                                                     HOURLY HEIGHTS IN METRES
  NAME OF PORT:- DIAMOND HARBOUR                                                                    MONTH FEBRUARY  YEAR 2008
 ----------------------------------------------------------------------------------------------------------------------------
 DAYS 0000 0001 0002 0003 0004 0005 0006 0007 0008 0009 0010 0011 0012 0013 0014 0015 0016 0017 0018 0019 0020 0021 0022 0023
 ----------------------------------------------------------------------------------------------------------------------------
  1   2.12 2.55 2.92 3.28 3.60 3.70 3.56 3.24 2.90 2.55 2.20 1.96 1.84 1.89 2.40 2.88 3.29 3.65 3.84 3.80 3.60 3.30 3.03 2.76
  2   2.48 2.30 2.29 2.60 2.92 3.15 3.35 3.49 3.45 3.20 2.86 2.50 2.20 2.00 1.95 2.13 2.57 3.03 3.45 3.84 4.10 4.09 3.77 3.31
  3   2.78 2.38 2.14 2.04 2.18 2.52 2.90 3.24 3.55 3.78 3.65 3.28 2.90 2.45 2.05 1.72 1.54 2.16 3.00 3.67 4.22 4.55 4.52 3.98
  4   3.35 2.80 2.35 1.95 1.72 1.83 2.44 3.05 3.59 3.97 4.14 4.00 3.56 3.03 2.53 2.08 1.75 1.50 1.60 2.77 3.80 4.58 4.87 4.84
  5   4.13 3.50 2.90 2.37 1.95 1.63 1.50 2.05 3.12 3.95 4.32 4.44 4.10 3.52 2.95 2.40 1.92 1.50 1.20 1.63 3.17 4.45 5.00 5.18
  6   4.80 4.10 3.43 2.75 2.15 1.68 1.32 1.30 2.35 3.57 4.40 4.70 4.60 4.00 3.35 2.75 2.16 1.66 1.27 1.07 2.20 4.02 5.05 5.36
  7   5.30 4.64 3.89 3.10 2.38 1.77 1.28 1.04 1.26 2.83 4.24 4.92 5.08 4.60 3.92 3.20 2.53 1.89 1.30 0.97 1.06 3.28 4.82 5.38
  8   5.64 5.36 4.50 3.64 2.82 2.10 1.55 1.10 0.88 1.98 3.80 5.00 5.30 5.20 4.49 3.70 2.92 2.25 1.65 1.13 0.82 1.82 4.17 5.25
  9   5.72 5.70 5.05 4.16 3.25 2.44 1.77 1.24 0.83 0.95 2.89 4.55 5.39 5.48 5.04 4.28 3.45 2.70 1.98 1.38 0.90 0.75 2.73 4.80
 10   5.72 5.86 5.38 4.60 3.76 2.94 2.17 1.57 1.05 0.70 1.40 3.76 5.06 5.45 5.27 4.60 3.84 3.05 2.29 1.70 1.18 0.79 1.35 4.27
 11   5.45 5.70 5.60 4.94 4.09 3.20 2.42 1.75 1.20 0.75 0.65 2.75 4.65 5.36 5.52 4.97 4.23 3.40 2.62 1.95 1.42 1.00 0.80 2.77
 12   4.88 5.40 5.50 5.25 4.45 3.55 2.75 2.07 1.48 1.05 0.78 1.74 3.95 5.00 5.29 5.15 4.58 3.87 3.08 2.35 1.73 1.25 0.95 1.52
 13   3.70 4.68 5.00 5.05 4.69 4.00 3.25 2.49 1.88 1.40 1.09 1.00 2.35 3.94 4.64 4.85 4.75 4.24 3.52 2.83 2.17 1.64 1.34 1.22
 14   2.55 3.77 4.38 4.62 4.62 4.15 3.52 2.82 2.21 1.75 1.41 1.21 1.45 2.80 3.78 4.32 4.54 4.38 3.80 3.18 2.62 2.13 1.76 1.52
 15   1.55 2.62 3.55 4.04 4.25 4.28 3.88 3.27 2.68 2.20 1.82 1.56 1.50 2.22 3.09 3.69 4.08 4.27 4.22 3.80 3.38 2.96 2.56 2.25
 16   1.95 1.95 2.54 3.15 3.60 3.82 3.95 3.78 3.37 2.90 2.48 2.08 1.79 1.61 1.84 2.42 3.02 3.62 4.08 4.25 4.20 3.85 3.46 3.08
 17   2.60 2.24 2.00 1.88 2.00 2.78 3.55 3.90 4.00 3.95 3.57 3.12 2.65 2.20 1.88 1.64 1.70 2.40 3.18 3.85 4.40 4.65 4.46 3.95
 18   3.38 2.88 2.42 2.05 1.75 1.82 2.40 3.05 3.78 4.24 4.35 4.00 3.50 2.97 2.42 1.95 1.57 1.37 1.84 3.05 4.19 4.85 5.06 4.90
 19   4.30 3.70 3.15 2.57 2.00 1.56 1.32 1.88 3.25 4.25 4.73 4.76 4.37 3.66 3.00 2.38 1.88 1.50 1.20 1.68 3.58 4.86 5.40 5.45
 20   4.98 4.35 3.68 2.98 2.28 1.68 1.18 0.93 2.30 3.95 4.88 5.14 5.00 4.30 3.55 2.77 2.12 1.61 1.17 0.88 2.34 4.46 5.45 5.72
 21   5.54 4.88 4.17 3.37 2.57 1.80 1.18 0.77 1.06 3.45 4.84 5.50 5.44 4.80 3.98 3.15 2.37 1.74 1.20 0.80 0.92 3.77 5.08 5.92
 22   5.88 5.28 4.54 3.70 2.88 2.08 1.40 0.93 0.62 2.57 4.60 5.57 5.72 5.25 4.50 3.68 2.80 2.05 1.46 0.98 0.65 2.46 4.70 5.78
 23   6.06 5.70 4.98 4.17 3.32 2.50 1.75 1.15 0.76 1.00 3.60 5.08 5.66 5.63 5.00 4.18 3.25 2.48 1.81 1.29 0.90 1.03 3.78 5.30
 24   5.82 5.82 5.48 4.62 3.77 2.90 2.15 1.48 1.00 0.85 2.50 4.49 5.35 5.58 5.30 4.58 3.73 2.97 2.26 1.68 1.24 1.02 2.44 4.48
 25   5.37 5.55 5.48 4.98 4.18 3.30 2.48 1.80 1.31 1.04 1.60 3.70 4.88 5.35 5.40 4.89 4.10 3.37 2.60 2.00 1.52 1.18 1.58 3.54
 26   4.85 5.15 5.20 4.81 4.17 3.38 2.60 1.97 1.52 1.17 1.18 2.90 4.15 4.80 5.05 4.77 4.10 3.42 2.77 2.17 1.73 1.40 1.28 2.78
 27   4.16 4.70 4.88 4.70 4.10 3.40 2.70 2.10 1.67 1.34 1.20 2.15 3.35 4.26 4.68 4.76 4.29 3.65 3.02 2.40 1.95 1.60 1.45 2.35
 28   3.58 4.20 4.50 4.50 4.07 3.42 2.81 2.28 1.87 1.56 1.38 1.92 3.03 3.83 4.38 4.58 4.40 3.83 3.23 2.72 2.21 1.89 1.66 2.10
 29   3.22 3.78 4.05 4.18 4.10 3.68 3.05 2.52 2.08 1.78 1.61 1.86 2.63 3.35 3.90 4.23 4.28 3.95 3.48 3.08 2.68 2.29 2.09 2.21
 ----------------------------------------------------------------------------------------------------------------------------
                                                                                               
 ----------------------------------------------------------------------------------------------------------------------------
 ----------------------------------------------------------------------------------------------------------------------------
                                                          SURVEY OF INDIA
                                                    MARINE GEODESY WING (G&RB)
                                                     HOURLY HEIGHTS IN METRES
  NAME OF PORT:- DIAMOND HARBOUR                                                                    MONTH MARCH     YEAR 2008
 ----------------------------------------------------------------------------------------------------------------------------
 DAYS 0000 0001 0002 0003 0004 0005 0006 0007 0008 0009 0010 0011 0012 0013 0014 0015 0016 0017 0018 0019 0020 0021 0022 0023
 ----------------------------------------------------------------------------------------------------------------------------
  1   2.80 3.14 3.44 3.64 3.78 3.68 3.28 2.88 2.48 2.19 2.03 2.05 2.46 2.94 3.36 3.67 3.87 3.88 3.74 3.53 3.28 3.05 2.79 2.60
  2   2.54 2.60 2.91 3.13 3.30 3.37 3.42 3.39 3.24 3.04 2.84 2.64 2.44 2.31 2.39 2.63 3.02 3.40 3.85 4.15 4.17 3.93 3.58 3.24
  3   2.82 2.47 2.21 2.08 2.30 2.72 3.20 3.57 3.84 3.90 3.67 3.34 2.96 2.56 2.17 1.92 1.82 2.36 3.14 3.90 4.47 4.67 4.52 4.08
  4   3.52 3.07 2.66 2.26 1.94 1.80 2.52 3.28 3.90 4.31 4.43 4.08 3.58 3.06 2.57 2.12 1.80 1.62 2.34 3.48 4.46 4.94 5.09 4.80
  5   4.08 3.50 2.94 2.43 1.98 1.65 1.70 2.80 3.83 4.44 4.75 4.68 4.10 3.49 2.89 2.28 1.80 1.41 1.26 2.58 4.19 5.09 5.39 5.38
  6   4.65 4.00 3.33 2.69 2.09 1.56 1.17 1.55 3.38 4.61 5.14 5.23 4.75 4.03 3.30 2.57 1.93 1.46 1.05 1.12 3.66 5.21 5.86 5.88
  7   5.18 4.49 3.76 3.02 2.30 1.67 1.07 0.71 2.25 4.58 5.53 5.79 5.48 4.74 3.85 2.98 2.21 1.63 1.16 0.83 2.20 4.68 5.87 6.13
  8   5.49 4.90 4.18 3.42 2.64 1.94 1.29 0.79 0.60 3.64 5.36 5.96 5.91 5.23 4.40 3.47 2.63 1.99 1.43 0.97 0.67 3.50 5.29 6.15
  9   6.06 5.38 4.66 3.90 3.12 2.33 1.61 1.06 0.66 1.80 4.54 5.67 6.06 5.75 4.93 4.06 3.19 2.40 1.75 1.21 0.80 1.15 4.20 5.55
 10   5.98 5.77 5.08 4.30 3.50 2.70 1.95 1.32 0.80 0.50 3.39 5.20 6.04 5.95 5.42 4.53 3.66 2.82 2.06 1.49 1.05 0.78 3.10 4.97
 11   5.70 5.78 5.40 4.65 3.84 3.02 2.22 1.58 1.06 0.68 1.45 4.36 5.42 5.86 5.70 5.02 4.15 3.30 2.45 1.87 1.38 0.97 1.24 4.15
 12   5.28 5.55 5.54 5.03 4.27 3.44 2.62 1.95 1.40 0.96 0.87 3.26 4.76 5.39 5.53 5.21 4.46 3.71 2.93 2.25 1.74 1.34 1.13 2.76
 13   4.49 4.98 5.12 5.07 4.46 3.69 2.86 2.15 1.62 1.26 1.03 2.07 3.60 4.63 5.06 5.17 4.77 4.10 3.40 2.77 2.23 1.76 1.51 1.79
 14   3.38 4.34 4.66 4.75 4.58 4.01 3.37 2.68 2.10 1.74 1.43 1.39 2.43 3.47 4.18 4.55 4.63 4.30 3.72 3.15 2.64 2.22 1.89 1.74
 15   2.47 3.28 3.87 4.19 4.27 4.16 3.72 3.23 2.74 2.27 1.97 1.73 1.87 2.55 3.23 3.79 4.16 4.33 4.18 3.83 3.46 3.10 2.70 2.33
 16   2.15 2.19 2.46 2.85 3.21 3.50 3.75 3.76 3.47 3.11 2.76 2.41 2.12 1.97 2.19 2.65 3.14 3.70 4.20 4.45 4.42 4.06 3.66 3.24
 17   2.73 2.33 2.04 1.94 2.12 2.70 3.32 3.83 4.13 4.15 3.80 3.34 2.88 2.42 2.04 1.79 1.78 2.53 3.41 4.21 4.73 4.90 4.70 4.19
 18   3.47 2.94 2.46 2.06 1.73 1.54 2.39 3.34 4.07 4.50 4.65 4.32 3.78 3.17 2.60 2.06 1.72 1.54 2.30 3.60 4.68 5.20 5.30 4.98
 19   4.21 3.60 2.98 2.37 1.85 1.48 1.44 2.60 4.00 4.86 5.12 5.07 4.53 3.83 3.14 2.47 1.94 1.57 1.36 2.67 4.41 5.38 5.66 5.49
 20   4.80 4.13 3.46 2.77 2.08 1.55 1.10 1.35 3.47 4.68 5.32 5.40 5.08 4.40 3.64 2.90 2.18 1.61 1.25 1.29 3.30 4.83 5.38 5.48
 21   5.14 4.55 3.87 3.13 2.38 1.75 1.25 1.07 2.54 4.30 5.22 5.56 5.45 4.82 4.00 3.20 2.46 1.87 1.35 1.03 2.05 4.30 5.43 5.75
 22   5.56 5.03 4.34 3.59 2.82 2.04 1.39 0.90 0.87 3.55 5.09 5.73 5.69 5.20 4.39 3.50 2.68 2.03 1.49 1.07 0.90 3.39 5.08 5.80
 23   5.77 5.29 4.65 3.87 3.04 2.22 1.49 0.99 0.74 2.59 4.65 5.47 5.69 5.37 4.58 3.74 2.95 2.23 1.66 1.22 0.90 2.37 4.37 5.27
 24   5.51 5.37 4.73 3.94 3.16 2.37 1.73 1.25 0.89 1.38 3.59 5.04 5.67 5.60 5.04 4.23 3.43 2.73 2.06 1.54 1.20 1.80 3.78 4.90
 25   5.33 5.34 4.94 4.24 3.47 2.69 2.04 1.52 1.13 1.05 2.87 4.54 5.33 5.54 5.35 4.62 3.81 3.07 2.30 1.77 1.40 1.25 2.70 4.25
 26   4.90 5.16 5.15 4.61 3.87 3.13 2.43 1.82 1.29 1.15 2.30 3.90 4.80 5.21 5.18 4.63 3.88 3.17 2.51 1.97 1.63 1.44 2.28 3.80
 27   4.68 5.00 5.07 4.60 3.94 3.26 2.52 1.98 1.54 1.34 1.81 3.47 4.47 4.94 5.13 4.85 4.15 3.52 2.90 2.36 1.92 1.64 1.87 3.00
 28   4.08 4.54 4.69 4.64 4.07 3.34 2.65 2.10 1.74 1.52 1.73 3.00 3.94 4.54 4.87 4.87 4.35 3.77 3.18 2.67 2.25 2.01 2.08 3.09
 29   3.88 4.27 4.45 4.47 4.14 3.54 2.93 2.40 2.05 1.81 1.77 2.50 3.26 3.92 4.42 4.54 4.37 3.93 3.49 3.04 2.62 2.28 2.14 2.50
 30   3.09 3.53 3.82 3.99 3.93 3.61 3.27 2.89 2.54 2.27 2.13 2.27 2.69 3.20 3.69 4.06 4.23 4.14 3.88 3.59 3.27 3.03 2.84 2.68
 31   2.82 3.17 3.39 3.54 3.59 3.61 3.47 3.27 3.07 2.87 2.70 2.60 2.54 2.73 3.02 3.28 3.64 3.94 4.12 4.15 3.97 3.71 3.39 2.99
 ----------------------------------------------------------------------------------------------------------------------------
                                                                                               
 ----------------------------------------------------------------------------------------------------------------------------
 ----------------------------------------------------------------------------------------------------------------------------
                                                          SURVEY OF INDIA
                                                    MARINE GEODESY WING (G&RB)
                                                     HOURLY HEIGHTS IN METRES
  NAME OF PORT:- DIAMOND HARBOUR                                                                    MONTH APRIL     YEAR 2008
 ----------------------------------------------------------------------------------------------------------------------------
 DAYS 0000 0001 0002 0003 0004 0005 0006 0007 0008 0009 0010 0011 0012 0013 0014 0015 0016 0017 0018 0019 0020 0021 0022 0023
 ----------------------------------------------------------------------------------------------------------------------------
  1   2.58 2.30 2.18 2.29 2.75 3.20 3.58 3.85 3.95 3.86 3.58 3.22 2.84 2.45 2.07 1.80 2.32 3.14 3.82 4.28 4.49 4.42 4.07 3.65
  2   3.15 2.68 2.30 1.95 1.84 2.33 3.08 3.80 4.30 4.50 4.36 3.88 3.38 2.90 2.45 2.00 1.77 2.10 3.07 4.11 4.75 4.98 4.90 4.40
  3   3.73 3.13 2.66 2.20 1.80 1.60 2.35 3.40 4.37 4.84 4.94 4.65 4.00 3.34 2.72 2.17 1.78 1.55 2.07 3.68 4.95 5.40 5.47 5.08
  4   4.20 3.50 2.88 2.27 1.75 1.24 1.08 2.77 4.28 5.15 5.28 5.11 4.55 3.80 3.07 2.40 1.80 1.36 1.15 2.40 4.39 5.40 5.70 5.51
  5   4.69 3.97 3.28 2.60 1.95 1.38 0.98 1.00 3.50 5.14 5.75 5.74 5.33 4.50 3.58 2.70 2.06 1.56 1.17 0.98 3.06 4.70 5.80 5.88
  6   5.22 4.50 3.79 3.05 2.31 1.65 1.05 0.65 2.22 4.86 5.87 6.24 6.02 5.28 4.37 3.40 2.56 1.90 1.30 0.90 1.40 4.25 5.67 6.12
  7   5.85 5.11 4.31 3.50 2.67 1.92 1.30 0.84 0.65 3.88 5.60 6.32 6.30 5.80 4.91 3.95 3.00 2.20 1.60 1.16 0.84 2.89 5.00 6.00
  8   6.05 5.38 4.59 3.78 2.96 2.23 1.60 1.13 0.74 2.05 4.72 6.02 6.35 6.16 5.40 4.54 3.53 2.69 2.00 1.49 1.10 1.13 3.70 5.30
  9   5.81 5.65 4.95 4.16 3.40 2.63 2.00 1.47 1.07 0.85 3.20 4.98 5.85 6.00 5.72 4.95 4.10 3.22 2.48 1.91 1.47 1.18 2.25 4.39
 10   5.25 5.40 5.27 4.60 3.85 3.12 2.45 1.90 1.47 1.15 1.60 3.79 4.98 5.53 5.58 5.16 4.39 3.63 2.90 2.30 1.82 1.48 1.40 2.76
 11   4.20 4.78 4.98 4.87 4.18 3.45 2.80 2.25 1.77 1.42 1.28 2.46 3.78 4.62 5.06 5.10 4.65 4.05 3.38 2.80 2.26 1.91 1.60 2.00
 12   3.13 3.88 4.45 4.59 4.37 3.82 3.25 2.67 2.16 1.80 1.59 2.02 2.98 3.87 4.46 4.78 4.80 4.36 3.82 3.28 2.78 2.36 2.07 1.95
 13   2.54 3.18 3.68 4.05 4.21 4.10 3.72 3.30 2.86 2.44 2.13 1.97 2.17 2.80 3.40 3.98 4.35 4.48 4.30 3.91 3.54 3.10 2.70 2.36
 14   2.20 2.38 2.73 3.10 3.47 3.80 4.05 4.15 3.98 3.60 3.20 2.78 2.38 2.15 2.35 2.93 3.48 4.02 4.40 4.50 4.37 4.03 3.60 3.17
 15   2.66 2.28 2.06 2.32 2.88 3.40 3.85 4.18 4.43 4.38 3.97 3.48 3.02 2.55 2.15 2.00 2.32 3.21 4.15 4.65 4.86 4.75 4.28 3.80
 16   3.20 2.75 2.27 1.88 1.73 2.38 3.24 4.14 4.65 4.87 4.73 4.17 3.65 3.08 2.52 2.04 1.70 1.88 3.10 4.23 4.83 5.06 4.97 4.42
 17   3.68 3.10 2.56 2.07 1.65 1.42 2.30 3.60 4.66 5.08 5.12 4.80 4.12 3.42 2.78 2.18 1.73 1.43 1.88 3.50 4.58 5.15 5.30 4.94
 18   4.18 3.53 2.88 2.25 1.70 1.32 1.26 2.82 4.40 5.25 5.45 5.30 4.68 3.93 3.18 2.46 1.91 1.46 1.20 2.35 3.98 5.00 5.33 5.22
 19   4.60 3.96 3.26 2.56 1.95 1.40 1.10 1.46 3.80 4.83 5.48 5.55 5.15 4.37 3.52 2.75 2.12 1.63 1.24 1.40 3.28 4.60 5.30 5.46
 20   4.95 4.27 3.58 2.84 2.18 1.62 1.22 1.00 2.40 4.38 5.38 5.70 5.55 4.87 4.02 3.16 2.40 1.87 1.40 1.15 2.32 4.00 5.00 5.42
 21   5.28 4.62 3.91 3.20 2.49 1.88 1.40 1.06 1.50 3.66 5.06 5.67 5.70 5.28 4.47 3.60 2.84 2.15 1.67 1.28 1.30 3.18 4.56 5.23
 22   5.38 5.07 4.35 3.60 2.87 2.22 1.68 1.22 1.10 3.04 4.60 5.45 5.65 5.40 4.70 3.86 3.05 2.40 1.87 1.43 1.20 2.46 4.10 4.98
 23   5.23 5.15 4.55 3.80 3.07 2.40 1.80 1.38 1.08 2.15 3.94 5.05 5.51 5.50 5.00 4.22 3.40 2.70 2.10 1.60 1.27 1.90 3.57 4.62
 24   5.15 5.22 4.86 4.15 3.42 2.70 2.07 1.62 1.30 1.47 3.22 4.60 5.22 5.45 5.23 4.50 3.78 3.08 2.45 1.95 1.60 1.55 2.86 4.05
 25   4.76 5.00 4.95 4.37 3.75 3.07 2.40 1.90 1.53 1.40 2.60 3.96 4.77 5.15 5.17 4.64 4.00 3.36 2.71 2.20 1.87 1.66 2.40 3.60
 26   4.40 4.75 4.80 4.40 3.82 3.17 2.55 2.08 1.75 1.60 2.35 3.52 4.40 4.83 5.09 4.90 4.35 3.76 3.16 2.62 2.20 1.98 2.08 3.12
 27   4.00 4.45 4.64 4.50 4.05 3.55 2.98 2.48 2.09 1.86 2.08 2.98 3.80 4.41 4.77 4.87 4.60 4.15 3.60 3.08 2.62 2.28 2.18 2.56
 28   3.42 4.02 4.40 4.48 4.30 3.90 3.42 2.99 2.60 2.28 2.20 2.60 3.19 3.80 4.30 4.60 4.65 4.36 3.95 3.50 3.10 2.76 2.47 2.40
 29   2.78 3.20 3.63 3.96 4.14 4.09 3.80 3.44 3.09 2.76 2.48 2.35 2.49 2.90 3.40 3.95 4.38 4.57 4.55 4.22 3.84 3.46 3.08 2.70
 30   2.28 2.42 2.90 3.34 3.70 4.06 4.27 4.21 3.95 3.60 3.22 2.85 2.52 2.30 2.36 2.95 3.65 4.28 4.71 4.85 4.60 4.11 3.60 3.05
 ----------------------------------------------------------------------------------------------------------------------------
                                                                                               
 ----------------------------------------------------------------------------------------------------------------------------
 ----------------------------------------------------------------------------------------------------------------------------
                                                          SURVEY OF INDIA
                                                    MARINE GEODESY WING (G&RB)
                                                     HOURLY HEIGHTS IN METRES
  NAME OF PORT:- DIAMOND HARBOUR                                                                    MONTH MAY       YEAR 2008
 ----------------------------------------------------------------------------------------------------------------------------
 DAYS 0000 0001 0002 0003 0004 0005 0006 0007 0008 0009 0010 0011 0012 0013 0014 0015 0016 0017 0018 0019 0020 0021 0022 0023
 ----------------------------------------------------------------------------------------------------------------------------
  1   2.52 2.17 1.98 2.12 2.79 3.54 4.24 4.63 4.77 4.50 4.02 3.48 2.96 2.46 2.07 1.94 2.42 3.36 4.46 5.03 5.20 5.01 4.41 3.77
  2   3.07 2.55 2.10 1.74 1.74 2.88 4.05 4.83 5.20 5.27 4.90 4.22 3.57 2.93 2.37 1.99 1.78 2.20 3.79 4.95 5.46 5.36 4.82 4.19
  3   3.43 2.80 2.23 1.75 1.33 1.40 3.02 4.68 5.64 5.87 5.72 5.11 4.37 3.52 2.77 2.14 1.67 1.38 2.21 4.25 5.30 5.84 5.74 5.08
  4   4.07 3.27 2.57 1.95 1.42 1.02 1.34 4.00 5.63 6.30 6.36 5.85 5.06 4.09 3.18 2.42 1.85 1.41 1.16 2.95 4.90 5.90 5.98 5.60
  5   4.61 3.80 3.00 2.23 1.64 1.20 0.85 2.10 4.48 6.01 6.50 6.32 5.66 4.78 3.77 2.83 2.13 1.61 1.16 1.00 3.83 5.48 6.17 6.02
  6   5.20 4.39 3.52 2.69 2.03 1.43 0.95 0.63 3.00 5.21 6.42 6.61 6.22 5.44 4.49 3.40 2.59 1.94 1.43 1.01 1.43 4.62 5.69 6.05
  7   5.69 4.93 4.13 3.32 2.55 1.90 1.39 0.96 0.73 3.62 5.43 6.43 6.49 6.03 5.16 4.19 3.28 2.56 1.93 1.41 1.03 2.88 5.08 5.72
  8   5.92 5.65 4.90 4.10 3.33 2.60 1.95 1.42 1.06 1.66 4.13 5.59 6.17 6.20 5.72 4.89 4.02 3.19 2.46 1.92 1.55 1.44 3.01 4.69
  9   5.39 5.47 5.31 4.79 3.97 3.16 2.42 1.83 1.39 1.17 2.59 4.41 5.38 5.84 5.83 5.26 4.49 3.72 2.96 2.37 1.92 1.66 1.94 3.67
 10   4.82 5.15 5.26 5.02 4.35 3.63 2.95 2.37 1.93 1.63 1.75 3.06 4.27 5.00 5.40 5.41 4.83 4.20 3.54 2.95 2.43 2.05 1.86 2.32
 11   3.80 4.47 4.77 4.86 4.66 4.07 3.45 2.86 2.36 2.01 1.85 2.46 3.35 4.20 4.85 5.13 5.13 4.60 4.02 3.46 2.94 2.48 2.10 1.92
 12   1.85 2.66 3.58 4.23 4.53 4.51 4.06 3.50 2.95 2.46 2.16 2.00 2.20 2.93 3.67 4.43 4.87 4.94 4.48 3.92 3.37 2.90 2.50 2.18
 13   1.95 2.16 2.75 3.37 3.94 4.39 4.51 4.37 3.79 3.26 2.75 2.38 2.16 2.22 2.93 3.61 4.23 4.65 4.82 4.62 4.12 3.63 3.08 2.66
 14   2.21 1.96 1.94 2.54 3.26 3.89 4.46 4.66 4.53 4.06 3.58 3.07 2.59 2.22 2.03 2.30 3.14 3.94 4.55 4.85 4.76 4.28 3.80 3.27
 15   2.68 2.25 1.94 1.77 2.27 3.14 4.08 4.67 4.94 4.79 4.23 3.66 3.07 2.54 2.13 1.89 2.12 3.13 4.03 4.65 4.90 4.87 4.20 3.56
 16   2.94 2.53 2.14 1.80 1.64 2.27 3.28 4.26 4.90 5.07 4.87 4.27 3.66 3.00 2.47 2.05 1.81 2.01 3.13 4.17 4.83 5.02 4.83 4.30
 17   3.59 3.01 2.46 1.99 1.61 1.60 2.66 3.93 4.90 5.28 5.31 4.90 4.22 3.47 2.80 2.20 1.87 1.69 2.59 3.72 4.37 4.86 4.88 4.55
 18   3.83 3.16 2.55 2.05 1.61 1.42 2.05 3.71 5.02 5.59 5.73 5.45 4.75 3.97 3.21 2.65 2.13 1.80 1.81 2.98 4.14 5.00 5.15 4.78
 19   4.04 3.44 2.80 2.23 1.83 1.53 1.43 2.86 4.50 5.46 5.74 5.60 5.06 4.27 3.45 2.80 2.26 1.86 1.61 2.40 3.69 4.69 5.07 4.93
 20   4.26 3.64 3.02 2.45 1.99 1.62 1.40 1.47 3.10 4.88 5.67 5.85 5.64 4.93 4.17 3.35 2.65 2.08 1.71 1.60 2.80 4.21 4.84 5.14
 21   5.15 4.40 3.81 3.07 2.48 2.03 1.74 1.53 2.47 4.01 4.97 5.48 5.55 5.26 4.55 3.78 2.98 2.34 1.86 1.48 1.52 3.28 4.58 5.18
 22   5.32 4.96 4.30 3.56 2.85 2.21 1.74 1.41 1.41 3.23 4.68 5.48 5.74 5.57 4.88 4.14 3.32 2.66 2.15 1.79 1.61 2.73 4.17 4.86
 23   5.03 4.96 4.47 3.81 3.07 2.43 1.94 1.67 1.60 2.65 4.20 5.14 5.46 5.46 5.01 4.35 3.64 2.99 2.38 1.95 1.69 2.12 3.30 4.21
 24   4.81 4.95 4.67 4.07 3.43 2.78 2.24 1.88 1.62 1.74 3.15 4.39 5.08 5.33 5.15 4.58 3.99 3.30 2.73 2.28 1.92 1.73 2.60 3.78
 25   4.55 4.87 4.84 4.28 3.66 3.04 2.49 2.09 1.78 1.60 2.45 3.64 4.43 4.92 5.12 4.92 4.27 3.64 2.98 2.46 2.07 1.76 1.76 2.88
 26   3.96 4.46 4.67 4.53 3.94 3.43 2.82 2.32 1.96 1.72 1.86 2.98 3.89 4.60 4.94 5.03 4.57 4.01 3.40 2.85 2.37 2.03 1.86 2.13
 27   3.27 3.95 4.34 4.54 4.43 3.92 3.32 2.78 2.34 2.03 1.88 2.40 3.19 3.93 4.48 4.82 4.82 4.42 3.86 3.28 2.80 2.36 2.06 1.88
 28   2.30 3.04 3.74 4.30 4.55 4.37 3.88 3.42 2.94 2.48 2.22 2.08 2.50 3.26 3.95 4.48 4.81 4.81 4.48 3.94 3.38 2.86 2.45 2.08
 29   1.87 2.48 3.20 3.82 4.27 4.48 4.40 4.04 3.64 3.22 2.82 2.50 2.27 2.32 2.98 3.69 4.40 4.75 4.86 4.60 4.13 3.66 3.10 2.59
 30   2.08 1.84 1.79 2.60 3.55 4.32 4.68 4.77 4.51 4.05 3.56 3.00 2.52 2.17 2.02 2.50 3.42 4.27 4.76 4.95 4.72 4.15 3.56 2.96
 31   2.32 1.92 1.68 1.71 2.70 3.70 4.58 5.02 5.10 4.80 4.20 3.54 2.99 2.46 2.08 1.90 2.22 3.15 4.15 4.70 4.96 4.90 4.35 3.80
 ----------------------------------------------------------------------------------------------------------------------------
                                                                                               
 ----------------------------------------------------------------------------------------------------------------------------
 ----------------------------------------------------------------------------------------------------------------------------
                                                          SURVEY OF INDIA
                                                    MARINE GEODESY WING (G&RB)
                                                     HOURLY HEIGHTS IN METRES
  NAME OF PORT:- DIAMOND HARBOUR                                                                    MONTH JUNE      YEAR 2008
 ----------------------------------------------------------------------------------------------------------------------------
 DAYS 0000 0001 0002 0003 0004 0005 0006 0007 0008 0009 0010 0011 0012 0013 0014 0015 0016 0017 0018 0019 0020 0021 0022 0023
 ----------------------------------------------------------------------------------------------------------------------------
  1   2.93 2.50 2.07 1.60 1.46 2.60 3.95 4.89 5.30 5.35 5.03 4.41 3.72 3.01 2.42 1.98 1.65 1.72 3.10 4.38 5.03 5.22 5.09 4.42
  2   3.61 2.98 2.39 1.86 1.44 1.32 2.68 4.20 5.33 5.72 5.69 5.19 4.48 3.63 2.87 2.21 1.79 1.42 1.61 3.45 4.70 5.24 5.32 4.97
  3   4.03 3.38 2.74 2.15 1.58 1.11 0.99 2.83 4.69 5.68 5.89 5.72 5.08 4.30 3.43 2.65 2.08 1.62 1.28 1.48 3.44 4.88 5.39 5.27
  4   4.52 3.83 3.19 2.58 2.00 1.48 1.07 0.98 3.10 4.91 5.81 5.98 5.67 5.10 4.26 3.38 2.59 1.99 1.50 1.15 1.72 4.04 5.18 5.62
  5   5.47 4.81 4.11 3.28 2.57 1.97 1.42 1.02 1.03 3.80 5.33 6.02 6.07 5.58 4.72 3.72 2.92 2.31 1.83 1.41 1.21 2.84 4.40 5.20
  6   5.48 5.31 4.65 3.95 3.18 2.45 1.82 1.38 1.02 1.62 4.15 5.45 5.95 5.96 5.40 4.58 3.68 2.95 2.25 1.80 1.42 1.25 2.43 4.16
  7   5.05 5.19 5.08 4.35 3.66 2.85 2.22 1.68 1.37 1.13 2.60 4.41 5.41 5.76 5.62 5.03 4.28 3.50 2.80 2.28 1.87 1.53 1.45 2.68
  8   4.18 4.79 5.04 4.90 4.20 3.53 2.83 2.22 1.82 1.45 1.60 3.21 4.42 5.18 5.40 5.33 4.71 4.02 3.28 2.68 2.21 1.86 1.62 1.90
  9   3.38 4.40 4.88 4.99 4.75 4.04 3.41 2.78 2.21 1.88 1.66 2.15 3.30 4.39 5.02 5.28 5.08 4.41 3.76 3.13 2.58 2.15 1.82 1.71
 10   2.55 3.61 4.40 4.80 4.88 4.45 3.80 3.21 2.65 2.23 1.95 1.82 2.58 3.55 4.38 4.88 5.11 4.95 4.30 3.70 3.08 2.58 2.18 1.94
 11   1.94 2.90 3.73 4.30 4.64 4.75 4.37 3.90 3.34 2.86 2.45 2.18 2.10 2.75 3.54 4.24 4.77 4.98 4.68 4.14 3.59 2.99 2.50 2.18
 12   1.92 2.12 2.88 3.64 4.20 4.52 4.68 4.46 3.98 3.48 3.02 2.55 2.25 2.20 2.60 3.28 3.99 4.52 4.78 4.64 4.08 3.48 2.99 2.56
 13   2.18 1.98 2.02 2.79 3.55 4.18 4.64 4.76 4.56 4.08 3.60 3.08 2.62 2.32 2.18 2.41 3.10 3.78 4.41 4.70 4.55 4.04 3.58 3.08
 14   2.54 2.20 1.97 1.99 2.72 3.48 4.18 4.70 4.88 4.66 4.17 3.59 3.03 2.52 2.16 1.94 2.28 3.10 3.88 4.50 4.80 4.78 4.21 3.63
 15   3.03 2.58 2.18 1.86 1.94 2.60 3.46 4.32 4.82 5.02 4.85 4.26 3.66 3.01 2.50 2.16 1.98 2.28 3.22 4.12 4.70 4.89 4.58 3.98
 16   3.40 2.98 2.56 2.10 1.72 1.68 2.82 4.02 4.84 5.30 5.32 4.81 4.14 3.44 2.82 2.31 1.94 1.78 2.08 3.18 3.94 4.53 4.74 4.56
 17   4.00 3.52 3.03 2.58 2.19 1.92 2.19 3.28 4.40 5.10 5.42 5.40 5.00 4.48 3.75 3.08 2.55 2.18 2.02 2.26 3.52 4.53 4.92 4.95
 18   4.48 3.95 3.42 2.90 2.39 1.97 1.70 2.17 3.79 5.10 5.64 5.78 5.48 4.81 4.08 3.30 2.59 2.04 1.64 1.60 3.18 4.41 5.01 5.18
 19   4.80 4.26 3.65 3.04 2.40 1.80 1.38 1.22 2.78 4.60 5.50 5.76 5.68 5.04 4.22 3.39 2.64 2.10 1.68 1.39 1.98 3.76 4.84 5.30
 20   5.22 4.68 4.06 3.42 2.78 2.16 1.70 1.40 1.79 3.96 5.30 5.84 5.92 5.50 4.70 3.82 3.02 2.37 1.88 1.56 1.50 3.06 4.54 5.23
 21   5.48 5.24 4.58 3.79 3.06 2.40 1.88 1.50 1.28 2.83 4.62 5.58 5.96 5.80 5.16 4.36 3.44 2.78 2.15 1.78 1.52 2.12 3.60 4.80
 22   5.34 5.36 4.85 4.16 3.38 2.70 2.15 1.71 1.40 1.90 3.88 5.20 5.70 5.90 5.50 4.78 3.98 3.22 2.48 2.00 1.64 1.46 2.42 3.62
 23   4.90 5.36 5.28 4.66 3.94 3.18 2.52 1.98 1.63 1.42 2.38 4.06 5.22 5.66 5.68 5.18 4.42 3.64 2.92 2.30 1.86 1.52 1.66 3.30
 24   4.62 5.18 5.30 5.04 4.38 3.63 2.90 2.30 1.84 1.52 1.64 3.34 4.58 5.32 5.63 5.46 4.82 4.06 3.31 2.66 2.17 1.78 1.54 2.34
 25   3.94 4.78 5.20 5.22 4.72 4.00 3.30 2.66 2.10 1.78 1.60 2.36 3.60 4.72 5.32 5.46 5.14 4.46 3.68 3.01 2.42 1.98 1.72 1.73
 26   3.00 4.18 4.82 5.10 5.08 4.55 3.87 3.19 2.61 2.19 1.93 1.88 2.61 3.72 4.66 5.14 5.20 4.81 4.20 3.50 2.90 2.34 1.90 1.64
 27   1.88 3.30 4.35 4.88 5.02 4.94 4.44 3.92 3.26 2.72 2.32 2.02 2.00 2.68 3.56 4.36 4.92 5.06 4.71 4.18 3.54 2.94 2.40 1.97
 28   1.59 1.84 3.24 4.28 4.81 5.04 5.00 4.60 4.10 3.52 3.00 2.57 2.24 2.12 2.58 3.40 4.21 4.80 5.08 4.90 4.38 3.78 3.17 2.58
 29   2.06 1.80 1.76 2.78 3.88 4.62 5.04 5.10 4.82 4.32 3.80 3.26 2.78 2.38 2.10 2.06 2.96 3.96 4.70 4.98 4.90 4.42 3.84 3.24
 30   2.58 2.14 1.80 1.59 2.34 3.56 4.50 5.04 5.32 5.18 4.66 3.99 3.36 2.78 2.30 1.94 1.78 2.41 3.58 4.52 5.08 5.00 4.59 3.94
 ----------------------------------------------------------------------------------------------------------------------------
                                                                                               
 ----------------------------------------------------------------------------------------------------------------------------
 ----------------------------------------------------------------------------------------------------------------------------
                                                          SURVEY OF INDIA
                                                    MARINE GEODESY WING (G&RB)
                                                     HOURLY HEIGHTS IN METRES
  NAME OF PORT:- DIAMOND HARBOUR                                                                    MONTH JULY      YEAR 2008
 ----------------------------------------------------------------------------------------------------------------------------
 DAYS 0000 0001 0002 0003 0004 0005 0006 0007 0008 0009 0010 0011 0012 0013 0014 0015 0016 0017 0018 0019 0020 0021 0022 0023
 ----------------------------------------------------------------------------------------------------------------------------
  1   3.25 2.72 2.21 1.80 1.50 1.75 3.30 4.64 5.44 5.69 5.58 5.03 4.34 3.58 2.85 2.24 1.83 1.60 2.00 3.61 4.64 5.16 5.26 4.85
  2   4.05 3.38 2.79 2.19 1.68 1.26 1.34 3.21 4.84 5.60 5.84 5.67 5.02 4.21 3.36 2.60 2.03 1.60 1.28 1.84 3.76 4.90 5.48 5.55
  3   4.92 4.16 3.32 2.64 2.06 1.56 1.14 1.18 3.70 5.28 6.03 6.20 5.85 5.06 4.12 3.20 2.43 1.94 1.46 1.17 2.15 4.24 5.36 5.58
  4   5.38 4.76 3.97 3.20 2.49 1.91 1.42 1.04 1.21 4.06 5.64 6.22 6.23 5.75 4.95 3.96 3.06 2.35 1.81 1.36 1.15 3.16 4.83 5.53
  5   5.62 5.21 4.50 3.75 3.00 2.37 1.79 1.30 0.97 2.46 4.75 5.85 6.28 6.10 5.46 4.55 3.57 2.78 2.10 1.60 1.24 1.09 3.00 4.63
  6   5.57 5.76 5.46 4.70 3.84 3.00 2.20 1.63 1.20 0.90 3.06 4.97 5.89 6.18 5.84 5.12 4.18 3.32 2.50 1.96 1.52 1.16 1.60 3.83
  7   5.12 5.61 5.71 5.30 4.48 3.59 2.66 2.03 1.58 1.23 1.48 3.70 4.98 5.78 5.88 5.48 4.65 3.80 3.00 2.28 1.81 1.40 1.22 2.55
  8   4.48 5.19 5.38 5.22 4.63 3.87 3.07 2.39 1.85 1.50 1.28 2.42 4.00 5.05 5.52 5.56 5.06 4.33 3.58 2.89 2.28 1.80 1.47 1.63
  9   3.80 4.80 5.20 5.39 5.15 4.54 3.78 3.12 2.48 2.08 1.80 2.00 3.29 4.47 5.16 5.40 5.18 4.58 3.82 3.19 2.59 2.14 1.82 1.76
 10   2.87 4.00 4.74 5.11 5.14 4.69 4.10 3.45 2.87 2.41 2.11 2.00 2.64 3.60 4.46 5.00 5.08 4.76 4.26 3.68 3.15 2.61 2.22 1.98
 11   2.15 2.97 3.95 4.60 4.94 4.94 4.55 4.10 3.55 3.04 2.65 2.40 2.32 2.81 3.46 4.10 4.55 4.68 4.45 4.08 3.55 3.08 2.66 2.27
 12   2.12 2.43 3.10 3.78 4.34 4.69 4.61 4.30 3.90 3.45 3.08 2.76 2.52 2.46 2.83 3.37 3.90 4.29 4.44 4.28 3.95 3.50 3.08 2.72
 13   2.41 2.30 2.54 3.06 3.55 4.02 4.42 4.58 4.39 4.09 3.74 3.30 2.95 2.61 2.39 2.46 3.00 3.64 4.00 4.15 4.21 3.92 3.58 3.20
 14   2.80 2.54 2.34 2.30 2.70 3.32 3.93 4.43 4.69 4.66 4.36 3.96 3.46 3.00 2.58 2.28 2.28 2.78 3.45 4.07 4.44 4.52 4.28 3.90
 15   3.41 2.98 2.55 2.12 1.88 2.04 2.95 3.81 4.49 5.00 5.05 4.63 4.16 3.55 2.98 2.50 2.12 1.92 2.50 3.36 4.19 4.64 4.77 4.48
 16   3.92 3.40 2.82 2.30 1.90 1.67 2.10 3.28 4.34 4.98 5.32 5.15 4.68 4.10 3.44 2.82 2.30 1.96 1.77 2.70 3.78 4.48 4.86 4.86
 17   4.28 3.80 3.24 2.64 2.10 1.71 1.45 2.16 3.74 4.90 5.33 5.48 5.14 4.55 3.76 3.04 2.42 1.99 1.66 1.86 3.10 4.10 4.83 5.11
 18   4.75 4.14 3.56 2.95 2.32 1.78 1.38 1.30 2.94 4.50 5.45 5.78 5.60 5.00 4.17 3.30 2.60 2.05 1.66 1.44 2.40 4.00 4.92 5.42
 19   5.23 4.66 4.00 3.32 2.66 2.05 1.58 1.25 1.53 4.00 5.30 5.87 5.93 5.40 4.56 3.66 2.86 2.27 1.80 1.41 1.36 3.27 4.77 5.46
 20   5.60 5.18 4.50 3.74 2.96 2.30 1.80 1.40 1.24 3.28 5.11 5.92 6.16 5.88 5.16 4.23 3.30 2.62 2.06 1.58 1.28 2.31 4.26 5.38
 21   5.80 5.74 5.24 4.50 3.60 2.79 2.14 1.60 1.26 1.80 4.20 5.60 6.13 6.18 5.66 4.80 3.87 3.07 2.40 1.86 1.43 1.36 3.31 4.94
 22   5.70 5.88 5.48 4.80 3.95 3.14 2.38 1.88 1.47 1.28 3.05 4.85 5.74 6.10 5.90 5.29 4.40 3.49 2.74 2.13 1.68 1.39 2.00 4.10
 23   5.38 5.80 5.83 5.38 4.64 3.78 2.95 2.34 1.80 1.44 1.75 3.94 5.20 5.78 5.94 5.50 4.78 3.86 3.03 2.42 1.93 1.55 1.38 2.83
 24   4.67 5.40 5.68 5.58 5.00 4.20 3.38 2.63 2.08 1.68 1.54 2.82 4.20 5.08 5.58 5.59 5.07 4.38 3.57 2.82 2.24 1.78 1.42 1.60
 25   3.88 4.90 5.41 5.58 5.20 4.59 3.82 3.07 2.44 1.94 1.66 1.94 3.15 4.26 4.95 5.36 5.26 4.70 3.95 3.24 2.63 2.06 1.66 1.45
 26   2.54 3.90 4.78 5.33 5.37 4.94 4.34 3.64 3.00 2.47 2.13 1.93 2.41 3.40 4.27 4.93 5.16 4.98 4.48 3.85 3.25 2.65 2.15 1.80
 27   1.84 3.01 4.05 4.78 5.14 5.18 4.82 4.38 3.78 3.28 2.88 2.58 2.40 2.64 3.30 4.00 4.60 4.97 4.94 4.54 4.03 3.48 3.00 2.56
 28   2.18 2.09 3.00 4.04 4.73 5.05 5.17 5.08 4.72 4.26 3.75 3.28 2.89 2.66 2.62 3.00 3.72 4.40 4.95 5.08 4.93 4.49 3.98 3.45
 29   2.90 2.57 2.36 2.49 3.33 4.14 4.80 5.28 5.44 5.18 4.73 4.27 3.71 3.12 2.64 2.32 2.46 3.21 4.16 4.90 5.30 5.22 4.80 4.25
 30   3.47 2.87 2.38 2.02 1.90 2.62 3.84 4.97 5.65 5.88 5.64 5.04 4.38 3.60 2.91 2.35 2.00 1.88 2.80 4.12 5.05 5.58 5.60 5.04
 31   4.18 3.53 2.92 2.30 1.83 1.52 2.04 3.78 5.32 6.05 6.24 5.88 5.15 4.30 3.43 2.70 2.17 1.70 1.54 2.80 4.40 5.53 5.90 5.84
 ----------------------------------------------------------------------------------------------------------------------------
                                                                                               
 ----------------------------------------------------------------------------------------------------------------------------
 ----------------------------------------------------------------------------------------------------------------------------
                                                          SURVEY OF INDIA
                                                    MARINE GEODESY WING (G&RB)
                                                     HOURLY HEIGHTS IN METRES
  NAME OF PORT:- DIAMOND HARBOUR                                                                    MONTH AUGUST    YEAR 2008
 ----------------------------------------------------------------------------------------------------------------------------
 DAYS 0000 0001 0002 0003 0004 0005 0006 0007 0008 0009 0010 0011 0012 0013 0014 0015 0016 0017 0018 0019 0020 0021 0022 0023
 ----------------------------------------------------------------------------------------------------------------------------
  1   5.05 4.30 3.52 2.75 2.14 1.68 1.35 2.02 4.34 5.82 6.45 6.50 5.98 5.13 4.19 3.22 2.51 1.97 1.53 1.34 2.95 4.85 5.90 6.23
  2   5.98 5.14 4.25 3.32 2.51 1.92 1.47 1.16 3.00 5.05 6.33 6.82 6.54 5.80 4.80 3.83 2.98 2.26 1.72 1.34 1.38 4.10 5.66 6.34
  3   6.35 5.80 4.88 3.92 3.05 2.30 1.75 1.35 1.17 3.74 5.58 6.52 6.78 6.38 5.56 4.56 3.54 2.77 2.15 1.65 1.31 2.25 4.86 6.08
  4   6.40 6.20 5.50 4.60 3.70 2.88 2.20 1.70 1.36 2.20 4.50 5.92 6.53 6.54 5.90 5.00 4.00 3.15 2.43 1.91 1.52 1.46 3.80 5.68
  5   6.26 6.25 5.80 5.08 4.22 3.35 2.58 2.04 1.59 1.54 3.68 5.20 6.15 6.40 6.11 5.32 4.44 3.55 2.78 2.15 1.70 1.44 2.58 4.85
  6   5.89 6.10 5.98 5.45 4.66 3.80 2.94 2.28 1.79 1.53 2.38 4.25 5.37 5.90 5.93 5.47 4.74 3.88 3.12 2.45 1.92 1.57 1.69 3.46
  7   5.16 5.64 5.75 5.54 4.88 4.12 3.35 2.70 2.16 1.81 1.80 3.28 4.48 5.23 5.58 5.44 4.85 4.15 3.38 2.78 2.23 1.82 1.67 2.88
  8   4.25 5.03 5.35 5.30 4.94 4.33 3.62 3.02 2.45 2.13 2.00 2.83 3.85 4.65 5.15 5.32 4.98 4.38 3.73 3.17 2.72 2.35 2.18 2.60
  9   3.75 4.55 5.00 5.16 5.04 4.58 4.00 3.46 2.98 2.65 2.51 2.94 3.62 4.25 4.75 5.01 4.94 4.57 4.12 3.66 3.26 2.93 2.66 2.71
 10   3.27 3.92 4.49 4.84 4.97 4.80 4.51 4.18 3.79 3.46 3.22 3.20 3.43 3.82 4.20 4.53 4.78 4.68 4.36 4.03 3.73 3.45 3.21 3.09
 11   3.38 3.72 4.05 4.38 4.60 4.72 4.68 4.54 4.30 4.05 3.77 3.48 3.27 3.19 3.29 3.63 3.97 4.29 4.45 4.44 4.25 4.00 3.71 3.44
 12   3.20 3.06 3.10 3.40 3.82 4.18 4.48 4.68 4.78 4.62 4.33 3.95 3.55 3.16 2.82 2.70 2.91 3.38 3.93 4.31 4.47 4.43 4.19 3.85
 13   3.47 3.12 2.84 2.53 2.58 3.22 3.93 4.56 5.05 5.19 4.98 4.45 4.00 3.45 2.95 2.53 2.22 2.45 3.15 3.92 4.52 4.85 4.73 4.28
 14   3.74 3.24 2.78 2.34 2.00 2.06 2.98 4.04 4.95 5.48 5.48 5.12 4.58 3.93 3.30 2.68 2.16 1.91 2.28 3.36 4.36 4.92 5.20 4.95
 15   4.30 3.70 3.15 2.62 2.14 1.80 1.88 3.15 4.62 5.50 5.88 5.75 5.16 4.43 3.70 2.95 2.36 1.87 1.64 2.46 3.90 5.02 5.50 5.60
 16   5.04 4.40 3.76 3.07 2.40 1.84 1.52 2.00 4.00 5.40 5.98 6.09 5.65 4.86 3.98 3.11 2.41 1.95 1.56 1.55 3.30 4.88 5.70 5.98
 17   5.46 4.80 4.07 3.30 2.58 1.99 1.50 1.26 2.98 4.96 5.97 6.35 6.12 5.48 4.55 3.60 2.78 2.17 1.66 1.26 1.88 4.21 5.57 6.03
 18   5.93 5.26 4.55 3.78 2.98 2.25 1.68 1.28 1.12 3.96 5.56 6.23 6.36 5.90 5.10 4.13 3.20 2.42 1.82 1.33 0.97 2.85 4.88 5.85
 19   6.13 5.75 4.98 4.13 3.28 2.46 1.82 1.34 1.00 2.40 4.77 5.94 6.36 6.08 5.32 4.38 3.38 2.60 1.95 1.40 1.00 1.00 4.28 5.78
 20   6.24 6.12 5.45 4.55 3.60 2.79 2.05 1.50 1.18 0.94 3.68 5.38 6.05 6.18 5.72 4.90 3.92 3.02 2.28 1.68 1.24 0.95 2.86 5.05
 21   5.94 6.15 5.89 5.18 4.22 3.28 2.48 1.88 1.40 1.05 2.26 4.50 5.63 6.05 5.96 5.32 4.43 3.52 2.66 2.06 1.53 1.15 1.25 3.80
 22   5.48 5.88 6.00 5.60 4.85 3.94 3.08 2.35 1.80 1.44 1.38 3.26 4.68 5.53 5.80 5.53 4.80 4.00 3.18 2.48 1.96 1.46 1.25 2.78
 23   4.92 5.58 5.80 5.72 5.20 4.44 3.63 2.86 2.28 1.86 1.65 2.40 3.66 4.70 5.29 5.49 5.12 4.52 3.75 3.08 2.46 1.99 1.68 1.78
 24   3.58 4.82 5.32 5.45 5.32 4.80 4.14 3.46 2.88 2.42 2.12 2.06 2.78 3.72 4.49 5.04 5.13 4.76 4.28 3.63 3.08 2.54 2.15 1.95
 25   2.44 3.60 4.45 4.90 5.06 4.99 4.60 4.18 3.66 3.19 2.86 2.60 2.58 3.00 3.54 4.10 4.49 4.75 4.62 4.29 3.86 3.40 2.95 2.65
 26   2.39 2.46 3.06 3.72 4.32 4.75 4.90 4.80 4.52 4.12 3.68 3.28 2.94 2.64 2.53 2.80 3.34 3.81 4.32 4.54 4.48 4.21 3.83 3.36
 27   2.86 2.49 2.25 2.28 2.88 3.64 4.33 4.80 5.02 4.92 4.55 4.10 3.60 3.10 2.59 2.20 2.02 2.40 3.42 4.23 4.74 4.92 4.68 4.10
 28   3.40 2.85 2.35 1.97 1.75 1.98 3.28 4.43 5.15 5.45 5.40 4.88 4.28 3.57 2.88 2.28 1.81 1.51 1.98 3.72 4.78 5.28 5.40 4.90
 29   4.16 3.55 2.90 2.31 1.80 1.41 1.43 3.35 4.78 5.55 5.85 5.60 5.00 4.18 3.36 2.57 1.95 1.46 1.08 1.90 4.00 5.11 5.61 5.58
 30   4.95 4.20 3.38 2.68 2.08 1.52 1.08 1.20 3.94 5.32 5.94 6.05 5.66 4.87 3.97 3.08 2.35 1.80 1.32 1.00 2.40 4.56 5.60 5.86
 31   5.40 4.68 3.94 3.20 2.48 1.88 1.34 0.92 1.90 4.42 5.71 6.08 5.95 5.26 4.38 3.46 2.65 2.03 1.49 1.05 0.92 3.58 5.35 6.00
 ----------------------------------------------------------------------------------------------------------------------------
                                                                                               
 ----------------------------------------------------------------------------------------------------------------------------
 ----------------------------------------------------------------------------------------------------------------------------
                                                          SURVEY OF INDIA
                                                    MARINE GEODESY WING (G&RB)
                                                     HOURLY HEIGHTS IN METRES
  NAME OF PORT:- DIAMOND HARBOUR                                                                    MONTH SEPT      YEAR 2008
 ----------------------------------------------------------------------------------------------------------------------------
 DAYS 0000 0001 0002 0003 0004 0005 0006 0007 0008 0009 0010 0011 0012 0013 0014 0015 0016 0017 0018 0019 0020 0021 0022 0023
 ----------------------------------------------------------------------------------------------------------------------------
  1   6.04 5.48 4.68 3.76 2.94 2.21 1.62 1.18 0.90 3.54 5.40 6.14 6.28 5.83 5.04 4.05 3.18 2.41 1.79 1.21 0.94 2.70 4.88 5.98
  2   6.22 5.94 5.24 4.34 3.50 2.66 1.94 1.41 0.99 2.00 4.50 5.80 6.12 6.00 5.31 4.40 3.46 2.66 2.02 1.46 1.05 1.04 3.92 5.35
  3   5.87 5.92 5.44 4.60 3.67 2.85 2.16 1.61 1.16 1.06 3.70 5.24 5.85 5.97 5.48 4.65 3.76 2.98 2.29 1.72 1.25 1.08 3.08 4.82
  4   5.69 5.84 5.68 4.97 4.14 3.26 2.50 1.91 1.44 1.16 2.56 4.36 5.26 5.65 5.56 4.88 4.10 3.30 2.60 2.02 1.56 1.30 2.21 4.28
  5   5.40 5.68 5.65 5.13 4.42 3.62 2.87 2.27 1.79 1.46 1.82 3.61 4.61 5.19 5.34 4.90 4.21 3.48 2.81 2.22 1.78 1.52 1.72 3.38
  6   4.80 5.26 5.39 5.10 4.60 3.87 3.13 2.52 2.07 1.72 1.66 2.71 3.79 4.55 5.00 4.96 4.45 3.87 3.16 2.58 2.12 1.78 1.74 2.52
  7   3.84 4.51 4.90 5.00 4.61 4.06 3.45 2.91 2.44 2.09 1.93 2.56 3.34 3.98 4.50 4.62 4.37 3.95 3.45 2.94 2.52 2.16 1.99 2.32
  8   3.22 3.85 4.35 4.62 4.59 4.22 3.81 3.29 2.88 2.55 2.40 2.63 3.09 3.53 3.96 4.16 4.14 3.95 3.62 3.27 2.86 2.51 2.41 2.52
  9   2.91 3.34 3.73 4.05 4.25 4.26 4.10 3.86 3.52 3.16 2.90 2.82 2.82 2.92 3.13 3.44 3.69 3.87 3.90 3.79 3.62 3.29 3.08 2.95
 10   2.81 2.84 2.92 3.24 3.54 3.88 4.14 4.25 4.28 4.08 3.79 3.42 3.11 2.85 2.65 2.68 2.96 3.32 3.79 4.15 4.30 4.21 3.93 3.50
 11   3.00 2.63 2.43 2.42 2.66 3.25 3.90 4.46 4.79 4.82 4.50 4.05 3.55 3.05 2.64 2.30 2.32 2.70 3.42 4.12 4.60 4.84 4.67 4.24
 12   3.66 3.16 2.70 2.30 2.05 2.35 3.30 4.29 5.00 5.33 5.27 4.74 4.17 3.47 2.85 2.35 2.00 1.86 2.59 3.81 4.69 5.20 5.26 4.81
 13   4.07 3.41 2.81 2.28 1.86 1.61 2.21 3.79 5.05 5.56 5.71 5.33 4.63 3.84 3.09 2.45 1.97 1.59 1.53 2.84 4.38 5.28 5.68 5.57
 14   4.86 4.13 3.42 2.70 2.06 1.57 1.33 2.65 4.54 5.62 6.02 5.87 5.18 4.36 3.46 2.67 2.06 1.59 1.21 2.00 4.12 5.47 5.96 5.97
 15   5.43 4.72 3.97 3.21 2.46 1.80 1.23 1.30 3.50 5.36 6.15 6.33 5.95 5.10 4.15 3.21 2.46 1.88 1.35 1.29 3.39 5.27 6.23 6.64
 16   6.25 5.34 4.44 3.46 2.71 2.12 1.60 1.42 3.18 5.04 6.36 6.99 6.62 5.67 4.66 3.65 2.93 2.40 1.98 1.84 2.85 4.50 5.98 6.84
 17   6.78 6.16 5.24 4.26 3.32 2.58 1.98 1.61 2.39 4.89 6.30 6.93 6.91 6.20 5.20 4.15 3.16 2.46 1.85 1.36 1.30 3.89 5.76 6.68
 18   6.82 6.31 5.54 4.63 3.68 2.85 2.14 1.59 1.25 2.88 5.16 6.29 6.69 6.32 5.54 4.49 3.61 2.79 2.13 1.60 1.13 2.30 5.08 6.29
 19   6.68 6.54 5.83 4.94 3.97 3.10 2.36 1.81 1.33 1.25 3.57 5.23 6.13 6.21 5.72 4.90 3.98 3.08 2.36 1.84 1.36 1.11 2.85 4.83
 20   5.98 6.25 5.93 5.27 4.45 3.56 2.80 2.17 1.68 1.38 2.40 4.11 5.10 5.68 5.72 5.17 4.45 3.64 2.92 2.27 1.84 1.48 1.78 3.62
 21   5.10 5.65 5.77 5.48 4.84 4.08 3.30 2.66 2.14 1.80 1.87 3.02 4.07 4.81 5.16 5.08 4.53 3.89 3.23 2.65 2.21 1.88 1.74 2.53
 22   3.78 4.52 5.03 5.20 4.91 4.33 3.76 3.20 2.69 2.33 2.11 2.38 3.16 3.87 4.43 4.71 4.66 4.24 3.75 3.22 2.79 2.43 2.15 2.08
 23   2.82 3.53 4.10 4.59 4.74 4.52 4.14 3.74 3.34 2.95 2.62 2.42 2.46 2.89 3.35 3.81 4.13 4.31 4.24 3.95 3.58 3.18 2.81 2.51
 24   2.38 2.57 2.98 3.44 3.94 4.34 4.59 4.55 4.25 3.88 3.53 3.14 2.81 2.53 2.37 2.56 3.14 3.74 4.30 4.63 4.64 4.33 3.90 3.40
 25   2.90 2.52 2.25 2.23 2.92 3.72 4.40 4.88 5.05 4.80 4.37 3.82 3.35 2.84 2.39 2.08 1.95 2.60 3.59 4.30 4.84 5.00 4.73 4.13
 26   3.41 2.86 2.36 1.95 1.74 1.92 3.15 4.29 5.09 5.36 5.19 4.59 3.95 3.25 2.60 2.06 1.63 1.39 2.13 3.80 4.95 5.41 5.53 5.04
 27   4.21 3.54 2.90 2.33 1.82 1.40 2.07 3.85 5.07 5.65 5.75 5.33 4.65 3.84 3.06 2.34 1.77 1.29 1.08 2.73 4.64 5.63 5.90 5.70
 28   4.88 4.14 3.36 2.62 2.01 1.52 1.20 2.40 4.45 5.59 5.98 5.86 5.24 4.42 3.54 2.70 2.07 1.54 1.13 1.02 3.76 5.35 6.05 6.11
 29   5.46 4.65 3.75 2.96 2.27 1.70 1.27 1.11 3.66 5.26 6.00 6.16 5.76 4.94 3.98 3.08 2.35 1.76 1.26 0.92 2.92 5.00 6.09 6.32
 30   5.81 5.04 4.15 3.26 2.53 1.80 1.39 0.99 1.94 4.58 5.79 6.14 5.97 5.25 4.32 3.34 2.56 1.92 1.36 0.96 1.30 4.42 5.90 6.37
 ----------------------------------------------------------------------------------------------------------------------------
                                                                                               
 ----------------------------------------------------------------------------------------------------------------------------
 ----------------------------------------------------------------------------------------------------------------------------
                                                          SURVEY OF INDIA
                                                    MARINE GEODESY WING (G&RB)
                                                     HOURLY HEIGHTS IN METRES
  NAME OF PORT:- DIAMOND HARBOUR                                                                    MONTH OCTOBER   YEAR 2008
 ----------------------------------------------------------------------------------------------------------------------------
 DAYS 0000 0001 0002 0003 0004 0005 0006 0007 0008 0009 0010 0011 0012 0013 0014 0015 0016 0017 0018 0019 0020 0021 0022 0023
 ----------------------------------------------------------------------------------------------------------------------------
  1   6.23 5.50 4.63 3.68 2.78 2.00 1.44 1.02 1.03 3.78 5.32 5.93 6.06 5.55 4.68 3.74 2.88 2.18 1.62 1.17 0.92 3.38 5.18 6.05
  2   6.28 5.98 5.12 4.20 3.32 2.48 1.84 1.41 1.08 2.70 4.60 5.63 5.93 5.74 4.93 4.05 3.21 2.49 1.88 1.43 1.08 2.11 4.38 5.48
  3   5.94 5.88 5.24 4.47 3.64 2.87 2.24 1.76 1.41 1.57 3.48 4.82 5.48 5.66 5.17 4.38 3.55 2.85 2.20 1.72 1.36 1.50 3.40 4.76
  4   5.50 5.74 5.48 4.78 4.04 3.28 2.57 2.06 1.63 1.50 2.82 4.13 4.98 5.36 5.24 4.57 3.88 3.17 2.56 2.05 1.68 1.53 2.60 4.18
  5   5.15 5.46 5.43 4.97 4.36 3.60 2.98 2.43 2.04 1.81 2.41 3.52 4.38 4.88 5.00 4.58 4.04 3.40 2.87 2.36 2.00 1.77 2.28 3.42
  6   4.52 4.94 5.05 4.87 4.34 3.77 3.21 2.70 2.28 2.01 2.00 2.85 3.63 4.30 4.60 4.54 4.15 3.68 3.15 2.67 2.26 2.04 2.07 2.88
  7   3.76 4.32 4.60 4.65 4.47 4.07 3.57 3.13 2.73 2.37 2.31 2.73 3.22 3.68 4.04 4.26 4.08 3.66 3.20 2.86 2.54 2.36 2.30 2.46
  8   3.07 3.60 3.98 4.28 4.34 4.14 3.78 3.43 3.10 2.83 2.59 2.58 2.79 3.10 3.40 3.66 3.84 3.88 3.70 3.48 3.27 3.07 2.88 2.68
  9   2.55 2.78 3.18 3.53 3.81 4.05 4.13 4.03 3.80 3.54 3.22 2.90 2.63 2.46 2.41 2.69 3.08 3.48 3.86 4.04 4.00 3.72 3.40 3.08
 10   2.68 2.43 2.26 2.35 2.86 3.49 4.07 4.45 4.53 4.31 3.86 3.40 2.91 2.47 2.08 1.90 2.02 2.70 3.48 4.13 4.48 4.49 4.15 3.68
 11   3.15 2.68 2.24 1.88 1.76 2.48 3.44 4.37 4.86 4.91 4.52 3.96 3.38 2.78 2.27 1.87 1.58 1.70 2.83 3.98 4.78 5.08 4.98 4.42
 12   3.76 3.22 2.68 2.14 1.72 1.54 2.56 3.89 4.86 5.25 5.26 4.71 4.07 3.30 2.63 2.04 1.59 1.24 1.68 3.43 4.83 5.37 5.52 5.20
 13   4.53 3.87 3.25 2.62 2.02 1.48 1.34 3.16 4.66 5.46 5.68 5.37 4.58 3.76 2.94 2.18 1.63 1.18 0.92 2.50 4.50 5.61 5.95 5.78
 14   5.05 4.37 3.68 2.86 2.18 1.53 0.95 1.55 4.00 5.50 5.84 5.78 5.13 4.28 3.28 2.46 1.84 1.29 0.88 0.82 3.16 5.15 5.98 6.19
 15   5.66 4.85 4.08 3.26 2.42 1.63 1.01 0.73 3.02 5.04 5.88 6.01 5.66 4.76 3.77 2.85 2.09 1.50 0.96 0.71 2.00 4.78 6.10 6.40
 16   5.95 5.22 4.38 3.48 2.60 1.83 1.25 0.85 0.98 3.74 5.34 5.88 5.90 5.31 4.39 3.40 2.55 1.83 1.28 0.78 0.55 3.51 5.37 6.15
 17   6.28 5.66 4.94 4.08 3.16 2.26 1.64 1.13 0.84 2.10 4.24 5.48 5.78 5.65 4.86 3.93 3.07 2.28 1.64 1.10 0.73 0.76 2.78 5.13
 18   6.06 6.06 5.44 4.58 3.58 2.78 2.04 1.48 1.09 1.07 3.12 4.65 5.40 5.64 5.38 4.57 3.73 2.94 2.16 1.51 1.07 0.90 2.88 4.64
 19   5.60 5.80 5.63 4.88 4.04 3.23 2.46 1.88 1.45 1.20 1.70 3.38 4.53 5.13 5.28 4.78 4.03 3.28 2.56 2.00 1.50 1.25 1.53 3.56
 20   4.85 5.27 5.38 5.18 4.46 3.71 2.98 2.42 1.98 1.68 1.58 2.41 3.43 4.31 4.78 4.90 4.47 3.80 3.12 2.50 2.04 1.69 1.58 2.41
 21   3.80 4.58 4.94 5.07 4.88 4.28 3.66 3.08 2.56 2.20 1.95 2.02 2.75 3.48 4.04 4.42 4.52 4.20 3.68 3.15 2.72 2.33 2.09 2.05
 22   2.70 3.40 4.00 4.48 4.76 4.68 4.28 3.85 3.30 2.87 2.50 2.24 2.10 2.34 2.87 3.41 3.95 4.30 4.36 4.07 3.67 3.21 2.80 2.47
 23   2.15 2.27 2.78 3.41 4.03 4.49 4.64 4.50 4.08 3.60 3.14 2.70 2.38 2.15 2.10 2.48 3.02 3.66 4.26 4.59 4.58 4.10 3.61 3.12
 24   2.54 2.18 1.99 2.03 2.80 3.60 4.33 4.68 4.78 4.42 3.90 3.34 2.84 2.35 2.04 1.78 1.85 2.72 3.60 4.38 4.84 4.94 4.58 3.99
 25   3.31 2.75 2.30 1.98 1.90 2.68 3.73 4.55 5.00 5.08 4.78 4.08 3.44 2.84 2.33 1.87 1.54 1.58 2.76 4.01 4.90 5.26 5.15 4.66
 26   3.93 3.29 2.72 2.20 1.78 1.63 2.41 3.58 4.71 5.26 5.27 4.83 4.11 3.35 2.70 2.10 1.60 1.33 1.63 3.26 4.77 5.50 5.66 5.14
 27   4.32 3.60 2.90 2.20 1.60 1.24 1.50 3.00 4.60 5.53 5.69 5.43 4.72 3.90 3.13 2.45 1.88 1.48 1.30 2.73 4.52 5.58 5.95 5.87
 28   5.01 4.20 3.43 2.68 2.06 1.54 1.28 2.28 4.05 5.20 5.69 5.68 5.12 4.38 3.52 2.78 2.10 1.60 1.19 1.69 3.94 5.32 5.98 6.08
 29   5.35 4.58 3.80 2.98 2.26 1.68 1.26 1.30 3.42 4.98 5.65 5.85 5.50 4.75 3.86 3.03 2.34 1.82 1.35 1.18 2.97 4.87 5.80 6.08
 30   5.70 4.96 4.18 3.35 2.60 1.99 1.50 1.28 2.19 3.96 4.94 5.50 5.54 4.96 4.18 3.34 2.63 2.08 1.58 1.25 1.72 3.97 5.27 5.86
 31   5.89 5.45 4.79 4.03 3.20 2.42 1.79 1.44 1.38 3.02 4.35 5.08 5.35 5.16 4.44 3.68 2.95 2.34 1.86 1.44 1.28 2.63 4.28 5.33
 ----------------------------------------------------------------------------------------------------------------------------
                                                                                               
 ----------------------------------------------------------------------------------------------------------------------------
 ----------------------------------------------------------------------------------------------------------------------------
                                                          SURVEY OF INDIA
                                                    MARINE GEODESY WING (G&RB)
                                                     HOURLY HEIGHTS IN METRES
  NAME OF PORT:- DIAMOND HARBOUR                                                                    MONTH NOVEMBER  YEAR 2008
 ----------------------------------------------------------------------------------------------------------------------------
 DAYS 0000 0001 0002 0003 0004 0005 0006 0007 0008 0009 0010 0011 0012 0013 0014 0015 0016 0017 0018 0019 0020 0021 0022 0023
 ----------------------------------------------------------------------------------------------------------------------------
  1   5.67 5.55 4.91 4.19 3.39 2.70 2.15 1.75 1.48 2.15 3.61 4.66 5.15 5.25 4.75 4.02 3.21 2.62 2.09 1.69 1.41 2.12 3.67 4.78
  2   5.36 5.47 5.15 4.41 3.69 3.00 2.42 1.99 1.65 1.70 2.92 4.03 4.76 5.08 4.92 4.28 3.62 2.95 2.40 1.98 1.65 1.66 2.98 4.14
  3   5.02 5.34 5.29 4.73 4.07 3.36 2.75 2.24 1.89 1.73 2.44 3.59 4.40 4.85 4.92 4.45 3.84 3.22 2.65 2.17 1.87 1.75 2.67 3.74
  4   4.63 5.04 5.16 4.87 4.27 3.67 3.08 2.61 2.24 1.98 2.10 3.08 3.88 4.49 4.75 4.58 4.07 3.52 2.95 2.47 2.14 1.95 2.35 3.26
  5   4.24 4.71 4.92 4.91 4.51 4.00 3.43 2.94 2.53 2.26 2.16 2.74 3.38 3.98 4.36 4.50 4.28 3.84 3.36 2.92 2.56 2.31 2.21 2.95
  6   3.74 4.22 4.53 4.69 4.65 4.23 3.76 3.36 2.95 2.60 2.35 2.30 2.75 3.30 3.79 4.16 4.33 4.20 3.89 3.50 3.14 2.83 2.55 2.47
  7   3.05 3.57 3.98 4.30 4.47 4.52 4.31 3.96 3.52 3.11 2.74 2.47 2.30 2.45 3.00 3.50 3.95 4.27 4.36 4.16 3.82 3.48 3.14 2.83
  8   2.48 2.43 2.67 3.25 3.88 4.37 4.58 4.60 4.25 3.82 3.35 2.88 2.48 2.20 2.06 2.38 3.04 3.68 4.30 4.60 4.67 4.35 3.90 3.40
  9   2.80 2.41 2.15 2.09 2.72 3.53 4.25 4.66 4.77 4.45 3.92 3.40 2.87 2.37 2.04 1.79 2.00 2.97 4.00 4.70 5.04 5.03 4.56 4.03
 10   3.32 2.80 2.34 1.96 1.82 2.53 3.64 4.53 4.98 5.05 4.65 4.03 3.40 2.77 2.22 1.82 1.52 1.65 3.07 4.53 5.26 5.52 5.38 4.72
 11   3.87 3.15 2.55 2.00 1.60 1.48 2.48 4.01 5.01 5.35 5.27 4.65 3.96 3.20 2.53 1.95 1.50 1.21 1.80 3.80 5.22 5.75 5.83 5.42
 12   4.47 3.65 2.92 2.24 1.73 1.33 1.31 2.90 4.53 5.35 5.54 5.31 4.55 3.80 3.00 2.28 1.68 1.20 0.95 2.56 4.63 5.80 6.12 6.01
 13   5.19 4.43 3.65 2.85 2.10 1.55 1.18 1.30 3.52 5.00 5.64 5.74 5.32 4.51 3.66 2.86 2.14 1.61 1.12 0.98 3.38 5.38 6.16 6.32
 14   5.70 4.95 4.18 3.37 2.60 1.92 1.37 1.08 1.88 4.09 5.30 5.72 5.65 5.04 4.23 3.33 2.58 1.96 1.43 1.05 1.60 4.30 5.81 6.21
 15   6.13 5.63 4.90 4.00 3.15 2.40 1.79 1.34 1.15 3.00 4.67 5.60 5.73 5.45 4.68 3.85 3.02 2.33 1.76 1.28 1.05 2.81 4.80 5.79
 16   6.13 5.98 5.35 4.55 3.61 2.84 2.20 1.72 1.36 1.47 3.16 4.55 5.30 5.50 5.16 4.41 3.65 2.94 2.30 1.77 1.40 1.28 2.77 4.50
 17   5.48 5.72 5.61 4.97 4.28 3.48 2.75 2.20 1.81 1.56 1.80 3.24 4.32 4.92 5.14 4.72 4.03 3.34 2.68 2.13 1.78 1.54 1.80 3.33
 18   4.78 5.25 5.38 5.20 4.57 3.97 3.25 2.65 2.20 1.87 1.70 2.36 3.39 4.20 4.75 4.92 4.51 3.87 3.23 2.67 2.20 1.93 1.75 2.19
 19   3.58 4.39 4.88 5.10 4.91 4.34 3.75 3.16 2.60 2.21 1.96 1.81 2.39 3.27 4.00 4.46 4.62 4.39 3.84 3.33 2.82 2.38 2.07 1.93
 20   2.70 3.44 4.11 4.58 4.83 4.74 4.24 3.77 3.20 2.70 2.32 2.04 1.92 2.38 3.13 3.78 4.26 4.50 4.43 4.01 3.59 3.13 2.70 2.41
 21   2.24 2.48 3.19 3.88 4.41 4.66 4.64 4.28 3.83 3.32 2.86 2.46 2.18 2.00 2.19 2.84 3.54 4.14 4.52 4.60 4.37 3.94 3.44 3.02
 22   2.52 2.23 2.14 2.68 3.38 4.03 4.48 4.65 4.43 3.94 3.43 2.91 2.46 2.12 1.83 1.78 2.45 3.22 4.02 4.53 4.71 4.58 4.06 3.48
 23   2.84 2.42 2.13 1.99 2.39 3.16 3.84 4.37 4.58 4.47 3.96 3.42 2.90 2.44 2.08 1.82 1.80 2.60 3.51 4.39 4.85 4.97 4.68 4.10
 24   3.40 2.87 2.41 2.05 1.88 2.23 3.10 3.84 4.44 4.62 4.43 3.87 3.34 2.78 2.32 1.97 1.70 1.74 2.76 3.81 4.60 5.08 5.08 4.64
 25   3.89 3.30 2.75 2.27 1.88 1.68 2.35 3.32 4.16 4.63 4.75 4.36 3.78 3.16 2.61 2.14 1.84 1.58 1.86 3.08 4.33 5.04 5.25 5.10
 26   4.28 3.60 3.05 2.53 2.10 1.74 1.60 2.55 3.59 4.39 4.74 4.70 4.14 3.54 2.91 2.35 1.92 1.58 1.40 2.24 3.68 4.84 5.28 5.32
 27   4.59 3.92 3.31 2.70 2.16 1.75 1.48 1.73 2.99 4.01 4.64 4.84 4.54 3.92 3.26 2.62 2.11 1.72 1.42 1.40 2.88 4.39 5.15 5.46
 28   5.14 4.44 3.72 3.05 2.47 1.99 1.57 1.45 2.45 3.63 4.49 4.87 4.88 4.32 3.68 2.97 2.38 1.91 1.51 1.30 2.20 3.90 5.04 5.40
 29   5.40 4.86 4.20 3.45 2.75 2.16 1.72 1.47 1.65 3.04 4.19 4.81 4.95 4.62 3.92 3.26 2.63 2.11 1.71 1.39 1.65 3.36 4.70 5.32
 30   5.46 5.13 4.45 3.75 3.05 2.47 1.98 1.64 1.51 2.41 3.52 4.45 4.86 4.87 4.28 3.65 2.98 2.41 1.96 1.64 1.45 2.46 3.90 5.00
 ----------------------------------------------------------------------------------------------------------------------------
                                                                                               
 ----------------------------------------------------------------------------------------------------------------------------
 ----------------------------------------------------------------------------------------------------------------------------
                                                          SURVEY OF INDIA
                                                    MARINE GEODESY WING (G&RB)
                                                     HOURLY HEIGHTS IN METRES
  NAME OF PORT:- DIAMOND HARBOUR                                                                    MONTH DECEMBER  YEAR 2008
 ----------------------------------------------------------------------------------------------------------------------------
 DAYS 0000 0001 0002 0003 0004 0005 0006 0007 0008 0009 0010 0011 0012 0013 0014 0015 0016 0017 0018 0019 0020 0021 0022 0023
 ----------------------------------------------------------------------------------------------------------------------------
  1   5.33 5.34 4.87 4.21 3.54 2.88 2.35 1.97 1.66 1.86 3.05 4.06 4.72 4.90 4.62 3.95 3.32 2.75 2.23 1.86 1.59 1.92 3.21 4.37
  2   5.15 5.30 5.09 4.51 3.84 3.19 2.67 2.18 1.87 1.73 2.59 3.63 4.39 4.78 4.80 4.26 3.67 3.06 2.53 2.12 1.83 1.71 2.73 3.89
  3   4.82 5.10 5.14 4.74 4.13 3.50 2.90 2.45 2.09 1.81 1.89 2.92 3.79 4.42 4.70 4.58 4.00 3.45 2.89 2.43 2.08 1.85 2.02 3.04
  4   4.12 4.73 4.95 4.91 4.42 3.86 3.26 2.74 2.30 1.99 1.82 2.29 3.18 3.90 4.40 4.53 4.27 3.74 3.21 2.72 2.32 2.05 1.92 2.51
  5   3.54 4.24 4.67 4.75 4.53 4.04 3.53 3.00 2.55 2.20 1.97 1.94 2.60 3.35 3.98 4.35 4.41 4.07 3.61 3.14 2.73 2.37 2.16 2.21
  6   2.90 3.58 4.12 4.53 4.69 4.53 4.04 3.58 3.05 2.56 2.20 1.97 1.98 2.66 3.37 3.95 4.30 4.40 4.16 3.74 3.32 2.90 2.56 2.33
  7   2.26 2.66 3.26 3.82 4.32 4.57 4.50 4.07 3.58 3.06 2.61 2.24 2.00 1.91 2.41 3.14 3.78 4.23 4.52 4.50 4.11 3.70 3.25 2.87
  8   2.46 2.23 2.30 2.90 3.58 4.18 4.55 4.58 4.21 3.72 3.19 2.67 2.26 1.93 1.79 2.22 3.01 3.74 4.42 4.70 4.74 4.37 3.87 3.34
  9   2.78 2.41 2.16 2.07 2.70 3.45 4.12 4.59 4.68 4.37 3.83 3.28 2.78 2.32 1.98 1.75 1.91 2.86 3.93 4.73 5.07 5.12 4.73 4.16
 10   3.45 2.92 2.46 2.13 1.92 2.36 3.38 4.20 4.79 4.90 4.58 4.01 3.42 2.85 2.35 1.95 1.67 1.74 2.98 4.32 5.19 5.58 5.51 4.95
 11   4.18 3.50 2.89 2.36 1.97 1.77 2.22 3.41 4.51 5.01 5.16 4.84 4.20 3.54 2.88 2.30 1.87 1.58 1.68 3.31 4.84 5.68 5.91 5.73
 12   4.90 4.16 3.42 2.72 2.22 1.84 1.57 2.14 3.71 4.80 5.28 5.34 4.93 4.22 3.48 2.80 2.18 1.74 1.41 1.58 4.00 5.42 5.98 6.10
 13   5.66 4.90 4.08 3.28 2.62 2.03 1.55 1.36 2.34 3.99 5.03 5.47 5.43 4.86 4.14 3.33 2.61 2.04 1.53 1.20 1.60 4.11 5.56 6.10
 14   6.06 5.48 4.70 3.90 3.17 2.46 1.90 1.48 1.30 2.58 4.14 5.18 5.50 5.38 4.75 3.99 3.17 2.49 1.90 1.40 1.12 2.42 4.41 5.58
 15   5.92 5.83 5.28 4.54 3.61 2.88 2.23 1.73 1.34 1.32 2.80 4.33 5.14 5.38 5.22 4.51 3.78 3.02 2.40 1.86 1.39 1.30 3.02 4.71
 16   5.54 5.78 5.63 5.00 4.25 3.45 2.75 2.14 1.72 1.46 1.56 3.14 4.33 5.01 5.16 4.82 4.10 3.40 2.77 2.21 1.78 1.51 1.83 3.36
 17   4.60 5.24 5.46 5.22 4.56 3.87 3.14 2.54 2.07 1.73 1.53 1.82 3.12 4.12 4.73 4.92 4.62 3.97 3.34 2.74 2.20 1.85 1.57 2.34
 18   3.70 4.47 4.94 5.13 4.89 4.26 3.62 3.02 2.45 2.09 1.81 1.67 2.43 3.41 4.21 4.62 4.72 4.32 3.77 3.14 2.64 2.20 1.89 1.90
 19   3.03 3.94 4.56 4.86 4.89 4.50 3.95 3.37 2.82 2.37 2.07 1.83 1.86 2.70 3.53 4.23 4.58 4.60 4.15 3.63 3.13 2.70 2.37 2.12
 20   2.13 2.83 3.62 4.21 4.57 4.64 4.24 3.73 3.21 2.73 2.33 2.06 1.86 2.08 2.79 3.50 4.11 4.45 4.50 4.16 3.71 3.21 2.83 2.51
 21   2.25 2.33 2.81 3.40 3.94 4.32 4.45 4.15 3.71 3.18 2.73 2.36 2.10 1.93 2.14 2.73 3.38 3.96 4.35 4.49 4.27 3.81 3.38 2.97
 22   2.54 2.31 2.23 2.62 3.12 3.62 4.09 4.26 4.10 3.69 3.29 2.86 2.45 2.16 1.97 2.06 2.62 3.26 3.93 4.38 4.56 4.43 4.02 3.51
 23   2.93 2.52 2.23 2.07 2.18 2.78 3.37 3.85 4.13 4.11 3.78 3.39 2.91 2.49 2.15 1.90 1.88 2.42 3.20 3.99 4.52 4.73 4.61 4.10
 24   3.44 2.94 2.51 2.19 2.02 2.10 2.83 3.47 3.99 4.29 4.28 3.91 3.45 2.97 2.50 2.16 1.87 1.76 2.44 3.35 4.27 4.78 4.92 4.65
 25   3.92 3.35 2.91 2.50 2.15 1.91 2.11 2.90 3.65 4.15 4.39 4.26 3.79 3.28 2.77 2.31 1.97 1.71 1.74 2.76 3.81 4.66 5.02 5.03
 26   4.39 3.79 3.25 2.72 2.28 1.93 1.78 2.30 3.21 3.94 4.42 4.57 4.28 3.73 3.16 2.63 2.17 1.83 1.58 1.92 3.14 4.39 5.05 5.27
 27   4.92 4.28 3.64 3.09 2.55 2.07 1.76 1.71 2.64 3.57 4.28 4.65 4.59 4.06 3.48 2.88 2.37 1.97 1.64 1.45 2.18 3.61 4.77 5.31
 28   5.28 4.75 4.08 3.45 2.83 2.24 1.77 1.52 1.83 2.97 3.93 4.54 4.72 4.47 3.84 3.23 2.65 2.17 1.79 1.49 1.61 3.01 4.42 5.08
 29   5.29 5.04 4.39 3.74 3.04 2.45 1.95 1.59 1.47 2.33 3.45 4.35 4.71 4.75 4.23 3.61 2.98 2.41 1.94 1.60 1.39 2.17 3.77 4.82
 30   5.28 5.27 4.78 4.11 3.41 2.78 2.21 1.80 1.50 1.64 2.84 3.94 4.61 4.82 4.55 3.91 3.26 2.66 2.14 1.74 1.44 1.51 2.95 4.27
 31   5.08 5.28 5.13 4.48 3.85 3.15 2.55 2.02 1.61 1.40 2.12 3.27 4.25 4.70 4.77 4.30 3.65 3.02 2.46 1.99 1.63 1.41 2.42 3.79
 ----------------------------------------------------------------------------------------------------------------------------
                                                                                               
 ----------------------------------------------------------------------------------------------------------------------------
 ----------------------------------------------------------------------------------------------------------------------------
