                                                          SURVEY OF INDIA
                                                    MARINE GEODESY WING (G&RB)
                                                     HOURLY HEIGHTS IN METRES
  NAME OF PORT:- DIAMOND HARBOUR                                                                    MONTH JANUARY   YEAR 2014
 ----------------------------------------------------------------------------------------------------------------------------
 DAYS 0000 0001 0002 0003 0004 0005 0006 0007 0008 0009 0010 0011 0012 0013 0014 0015 0016 0017 0018 0019 0020 0021 0022 0023
 ----------------------------------------------------------------------------------------------------------------------------
  1   5.15 4.30 3.45 2.65 2.00 1.46 1.10 1.10 2.60 4.23 5.21 5.40 5.08 4.37 3.57 2.78 2.10 1.55 1.10 0.80 2.00 4.48 5.85 6.17
  2   5.94 5.25 4.32 3.36 2.48 1.80 1.27 0.91 1.00 3.02 4.80 5.45 5.49 5.00 4.22 3.38 2.60 1.97 1.40 0.94 0.70 2.40 5.10 6.02
  3   6.25 5.90 5.15 4.20 3.28 2.44 1.72 1.20 0.82 1.00 3.30 4.95 5.53 5.48 4.90 4.05 3.20 2.47 1.80 1.28 0.88 0.80 3.30 5.37
  4   6.06 6.14 5.78 4.99 3.98 3.03 2.20 1.55 1.02 0.72 1.60 4.02 5.20 5.52 5.40 4.73 3.88 3.05 2.37 1.77 1.30 0.95 1.05 3.60
  5   5.45 5.86 5.86 5.35 4.50 3.60 2.73 2.05 1.46 0.97 0.90 2.33 4.27 5.15 5.40 5.10 4.40 3.61 2.85 2.20 1.68 1.30 1.14 2.02
  6   4.00 5.18 5.50 5.45 4.86 4.03 3.20 2.48 1.90 1.44 1.17 1.32 3.08 4.49 4.97 5.10 4.77 4.05 3.27 2.60 2.07 1.68 1.46 1.49
  7   2.65 3.90 4.79 5.10 5.00 4.40 3.60 2.87 2.27 1.85 1.50 1.30 2.06 3.32 4.30 4.72 4.80 4.40 3.70 3.06 2.50 2.08 1.80 1.62
  8   2.13 3.13 4.00 4.60 4.80 4.55 3.93 3.28 2.60 2.10 1.75 1.50 1.60 2.50 3.48 4.20 4.55 4.55 4.13 3.55 3.00 2.53 2.18 1.90
  9   1.83 2.40 3.18 3.88 4.30 4.43 4.15 3.60 3.00 2.48 2.08 1.75 1.60 1.93 2.75 3.50 4.00 4.25 4.28 3.95 3.53 3.09 2.65 2.30
 10   2.02 2.05 2.50 3.08 3.65 4.06 4.20 4.10 3.70 3.20 2.70 2.22 1.90 1.80 2.00 2.63 3.30 3.92 4.33 4.40 4.15 3.72 3.25 2.80
 11   2.40 2.15 2.05 2.48 3.08 3.60 4.00 4.18 4.15 3.85 3.45 2.95 2.49 2.12 1.90 1.83 2.24 2.93 3.68 4.28 4.57 4.55 4.17 3.59
 12   2.98 2.53 2.20 1.95 2.00 2.50 3.09 3.62 4.10 4.30 4.06 3.55 3.05 2.57 2.17 1.83 1.60 1.85 2.70 3.60 4.37 4.73 4.72 4.30
 13   3.70 3.13 2.60 2.12 1.77 1.67 2.18 3.00 3.73 4.20 4.32 4.00 3.40 2.85 2.38 2.00 1.65 1.45 1.80 2.76 3.70 4.55 4.95 4.85
 14   4.23 3.60 3.00 2.48 1.98 1.58 1.45 2.18 3.25 4.09 4.48 4.50 4.02 3.42 2.81 2.25 1.82 1.50 1.35 1.72 2.90 4.01 4.81 5.07
 15   4.78 4.15 3.47 2.82 2.25 1.77 1.40 1.40 2.46 3.60 4.36 4.69 4.58 4.00 3.30 2.65 2.08 1.67 1.35 1.25 2.29 3.61 4.71 5.15
 16   5.14 4.65 3.95 3.25 2.60 2.07 1.58 1.25 1.85 3.07 4.15 4.76 4.86 4.45 3.75 3.02 2.35 1.85 1.40 1.15 1.43 3.10 4.48 5.12
 17   5.30 5.05 4.40 3.63 2.91 2.25 1.68 1.20 1.11 2.13 3.55 4.55 4.87 4.78 4.15 3.40 2.70 2.10 1.60 1.22 1.04 2.00 3.60 4.80
 18   5.30 5.30 4.80 4.08 3.28 2.54 1.90 1.36 1.05 1.50 2.93 4.23 4.92 5.02 4.62 3.90 3.10 2.45 1.87 1.40 1.10 1.38 2.81 4.22
 19   5.16 5.34 5.05 4.40 3.60 2.86 2.18 1.58 1.13 1.02 2.15 3.70 4.76 5.09 4.98 4.37 3.57 2.80 2.19 1.69 1.30 1.10 2.20 3.68
 20   4.88 5.27 5.25 4.75 4.00 3.20 2.45 1.80 1.32 1.06 1.41 2.92 4.21 4.88 4.99 4.60 3.85 3.10 2.40 1.90 1.50 1.25 1.35 2.70
 21   4.15 4.90 5.10 4.85 4.20 3.45 2.70 2.08 1.55 1.22 1.17 2.12 3.55 4.55 4.88 4.78 4.19 3.42 2.77 2.19 1.75 1.45 1.30 1.95
 22   3.52 4.45 4.87 4.90 4.40 3.68 2.98 2.35 1.85 1.46 1.26 1.63 2.80 4.00 4.63 4.80 4.45 3.75 3.07 2.50 2.03 1.70 1.45 1.58
 23   2.90 3.95 4.61 4.80 4.60 4.00 3.26 2.60 2.10 1.70 1.40 1.33 2.15 3.26 4.15 4.58 4.60 4.20 3.55 2.90 2.38 2.00 1.72 1.55
 24   2.22 3.24 4.10 4.53 4.60 4.28 3.67 3.01 2.41 1.98 1.65 1.41 1.61 2.50 3.40 4.08 4.40 4.40 4.00 3.40 2.85 2.35 2.00 1.76
 25   1.73 2.33 3.18 3.93 4.27 4.35 4.00 3.48 2.90 2.40 1.98 1.65 1.45 1.66 2.48 3.28 3.98 4.38 4.40 4.00 3.47 2.97 2.50 2.14
 26   1.88 1.80 2.35 3.19 3.75 4.08 4.15 3.95 3.47 2.95 2.46 2.00 1.70 1.50 1.55 2.19 2.90 3.59 4.19 4.40 4.20 3.65 3.10 2.60
 27   2.15 1.85 1.70 1.94 2.64 3.30 3.80 4.05 4.10 3.75 3.28 2.75 2.28 1.86 1.55 1.35 1.70 2.52 3.48 4.30 4.64 4.60 4.18 3.60
 28   2.95 2.45 2.03 1.67 1.50 1.95 2.72 3.48 4.10 4.40 4.17 3.60 3.04 2.48 2.00 1.60 1.30 1.15 1.95 3.30 4.57 5.10 5.07 4.56
 29   3.83 3.18 2.55 2.00 1.52 1.21 1.25 2.30 3.60 4.48 4.73 4.60 4.10 3.37 2.65 2.08 1.60 1.18 0.95 1.85 3.70 5.15 5.57 5.57
 30   5.00 4.24 3.43 2.70 2.00 1.43 1.08 0.97 2.41 4.10 4.95 5.13 4.88 4.15 3.35 2.60 1.98 1.45 1.00 0.73 1.80 3.96 5.35 5.75
 31   5.61 5.08 4.20 3.38 2.58 1.81 1.18 0.75 0.70 2.62 4.65 5.35 5.40 4.90 4.07 3.23 2.47 1.80 1.25 0.80 0.55 2.30 4.80 5.78
 ----------------------------------------------------------------------------------------------------------------------------
                                                                                               
 ----------------------------------------------------------------------------------------------------------------------------
 ----------------------------------------------------------------------------------------------------------------------------
                                                          SURVEY OF INDIA
                                                    MARINE GEODESY WING (G&RB)
                                                     HOURLY HEIGHTS IN METRES
  NAME OF PORT:- DIAMOND HARBOUR                                                                    MONTH FEBRUARY  YEAR 2014
 ----------------------------------------------------------------------------------------------------------------------------
 DAYS 0000 0001 0002 0003 0004 0005 0006 0007 0008 0009 0010 0011 0012 0013 0014 0015 0016 0017 0018 0019 0020 0021 0022 0023
 ----------------------------------------------------------------------------------------------------------------------------
  1   6.10 5.75 5.00 4.10 3.18 2.29 1.50 0.86 0.52 0.90 3.05 5.10 5.60 5.40 4.75 3.90 3.00 2.25 1.60 1.05 0.70 0.70 2.80 5.00
  2   5.95 5.90 5.30 4.45 3.50 2.65 1.87 1.23 0.77 0.51 1.76 4.19 5.40 5.60 5.20 4.45 3.60 2.80 2.02 1.42 0.98 0.72 1.30 3.66
  3   5.50 5.80 5.53 4.90 4.05 3.18 2.32 1.65 1.10 0.70 0.75 2.80 4.78 5.38 5.40 4.90 4.17 3.36 2.50 1.80 1.30 0.95 0.85 2.50
  4   4.61 5.29 5.45 5.20 4.50 3.60 2.78 2.04 1.50 1.09 0.88 1.80 3.80 4.84 5.18 5.10 4.50 3.72 2.90 2.20 1.69 1.32 1.18 1.50
  5   3.20 4.51 5.00 5.10 4.72 4.01 3.22 2.47 1.85 1.38 1.10 1.20 2.60 4.01 4.70 4.90 4.70 4.10 3.30 2.63 2.10 1.70 1.40 1.40
  6   2.35 3.42 4.25 4.65 4.61 4.05 3.40 2.78 2.18 1.70 1.35 1.20 1.90 3.04 3.98 4.40 4.52 4.18 3.55 2.99 2.48 2.02 1.70 1.55
  7   1.85 2.69 3.50 4.10 4.30 4.10 3.63 3.02 2.45 2.00 1.62 1.40 1.50 2.23 3.03 3.77 4.20 4.20 3.85 3.40 2.96 2.48 2.10 1.85
  8   1.88 2.22 2.80 3.39 3.83 4.00 3.80 3.40 2.97 2.49 2.10 1.80 1.65 1.90 2.45 3.05 3.60 3.93 3.98 3.77 3.43 3.10 2.78 2.45
  9   2.14 2.05 2.30 2.75 3.20 3.55 3.77 3.76 3.45 3.10 2.70 2.30 2.00 1.80 1.82 2.28 2.85 3.33 3.81 4.10 4.10 3.82 3.40 2.90
 10   2.38 2.05 1.85 1.90 2.27 2.80 3.27 3.65 3.87 3.82 3.50 3.06 2.60 2.20 1.92 1.70 1.78 2.35 3.04 3.68 4.20 4.42 4.32 3.79
 11   3.14 2.59 2.17 1.85 1.68 1.74 2.38 3.02 3.65 4.07 4.13 3.79 3.21 2.71 2.24 1.85 1.60 1.50 2.18 3.13 3.98 4.55 4.72 4.53
 12   3.90 3.27 2.62 2.15 1.74 1.48 1.52 2.27 3.20 3.93 4.30 4.26 3.80 3.20 2.60 2.11 1.70 1.39 1.30 2.21 3.50 4.47 4.87 4.94
 13   4.56 3.97 3.30 2.60 1.95 1.44 1.20 1.47 2.60 3.78 4.40 4.60 4.30 3.70 3.01 2.40 1.90 1.50 1.20 1.27 2.66 4.10 5.00 5.20
 14   5.00 4.47 3.80 3.05 2.38 1.78 1.30 1.10 1.88 3.30 4.44 4.85 4.80 4.22 3.53 2.85 2.22 1.70 1.30 1.06 1.68 3.23 4.58 5.20
 15   5.27 4.90 4.20 3.42 2.69 2.00 1.40 1.03 1.13 2.78 4.22 4.95 5.10 4.75 4.00 3.22 2.50 1.94 1.40 1.01 0.97 2.65 4.40 5.15
 16   5.43 5.20 4.55 3.80 2.95 2.18 1.48 0.99 0.70 1.50 3.40 4.88 5.28 5.18 4.57 3.72 2.90 2.15 1.55 1.05 0.75 1.44 3.41 4.99
 17   5.55 5.54 5.05 4.20 3.28 2.42 1.70 1.20 0.80 0.87 2.60 4.30 5.08 5.20 4.80 4.05 3.20 2.46 1.80 1.28 0.87 0.85 2.55 4.30
 18   5.22 5.40 5.20 4.55 3.68 2.80 2.00 1.40 0.95 0.70 2.00 3.88 4.95 5.20 5.10 4.50 3.60 2.80 2.03 1.50 1.04 0.84 1.65 3.40
 19   4.75 5.13 5.18 4.75 4.00 3.10 2.27 1.60 1.15 0.90 1.05 2.80 4.41 5.00 5.12 4.75 4.00 3.20 2.42 1.80 1.35 1.08 1.10 2.55
 20   4.15 4.84 5.05 4.80 4.20 3.40 2.60 1.92 1.40 1.10 1.00 1.95 3.45 4.61 4.96 4.95 4.43 3.65 2.90 2.25 1.77 1.37 1.17 1.62
 21   3.20 4.20 4.70 4.90 4.60 3.87 3.05 2.30 1.75 1.35 1.15 1.40 2.60 3.81 4.64 4.85 4.63 4.10 3.40 2.75 2.15 1.69 1.43 1.46
 22   2.45 3.41 4.19 4.55 4.50 4.00 3.32 2.70 2.15 1.70 1.40 1.25 1.85 3.00 3.95 4.46 4.60 4.30 3.70 3.12 2.60 2.14 1.75 1.55
 23   1.82 2.75 3.55 4.05 4.25 4.15 3.65 3.00 2.45 2.00 1.65 1.40 1.41 2.15 2.97 3.70 4.19 4.34 4.15 3.70 3.20 2.66 2.20 1.86
 24   1.70 1.87 2.60 3.22 3.72 4.00 4.00 3.63 3.17 2.65 2.20 1.80 1.56 1.50 1.98 2.61 3.27 3.85 4.25 4.29 4.04 3.60 3.11 2.68
 25   2.28 1.90 1.70 2.04 2.70 3.32 3.80 4.05 4.01 3.65 3.20 2.70 2.20 1.80 1.50 1.38 1.80 2.68 3.63 4.38 4.67 4.60 4.15 3.54
 26   2.90 2.35 1.95 1.60 1.55 2.16 3.00 3.72 4.29 4.50 4.28 3.70 3.06 2.44 1.92 1.50 1.24 1.30 2.40 3.78 4.66 5.10 5.05 4.60
 27   3.92 3.21 2.60 2.02 1.52 1.15 1.30 2.65 3.95 4.65 4.85 4.60 3.98 3.22 2.58 1.97 1.43 1.05 0.85 2.00 3.80 5.01 5.40 5.35
 28   4.80 3.97 3.20 2.43 1.78 1.20 0.80 0.95 2.58 4.10 4.80 4.90 4.50 3.79 3.00 2.30 1.70 1.20 0.85 0.78 2.50 4.61 5.50 5.72
 ----------------------------------------------------------------------------------------------------------------------------
                                                                                               
 ----------------------------------------------------------------------------------------------------------------------------
 ----------------------------------------------------------------------------------------------------------------------------
                                                          SURVEY OF INDIA
                                                    MARINE GEODESY WING (G&RB)
                                                     HOURLY HEIGHTS IN METRES
  NAME OF PORT:- DIAMOND HARBOUR                                                                    MONTH MARCH     YEAR 2014
 ----------------------------------------------------------------------------------------------------------------------------
 DAYS 0000 0001 0002 0003 0004 0005 0006 0007 0008 0009 0010 0011 0012 0013 0014 0015 0016 0017 0018 0019 0020 0021 0022 0023
 ----------------------------------------------------------------------------------------------------------------------------
  1   5.46 4.75 3.90 3.01 2.19 1.40 0.80 0.52 1.10 3.58 5.19 5.65 5.50 4.88 3.97 3.04 2.25 1.60 1.01 0.60 0.65 2.70 4.80 5.93
  2   5.88 5.30 4.49 3.60 2.72 1.93 1.25 0.70 0.41 2.08 4.76 5.85 5.90 5.50 4.70 3.72 2.80 2.01 1.35 0.80 0.52 1.20 3.59 5.50
  3   6.00 5.66 4.92 4.01 3.15 2.32 1.60 1.00 0.60 0.57 3.10 5.21 5.80 5.73 5.08 4.25 3.39 2.55 1.80 1.22 0.80 0.60 2.25 4.58
  4   5.79 5.80 5.30 4.50 3.62 2.80 2.00 1.35 0.80 0.55 1.35 4.08 5.40 5.60 5.25 4.52 3.70 2.90 2.17 1.58 1.10 0.85 1.08 2.98
  5   4.80 5.20 5.08 4.60 3.98 3.20 2.45 1.80 1.23 0.82 0.80 2.60 4.40 5.18 5.23 4.86 4.19 3.41 2.61 1.97 1.47 1.10 1.00 1.95
  6   3.67 4.75 5.02 4.80 4.20 3.48 2.74 2.02 1.48 1.10 0.90 1.88 3.44 4.60 4.98 4.90 4.39 3.67 2.97 2.32 1.83 1.45 1.26 1.70
  7   3.00 4.01 4.65 4.75 4.38 3.68 2.94 2.26 1.79 1.39 1.15 1.35 2.60 3.70 4.35 4.60 4.40 3.80 3.18 2.60 2.10 1.72 1.48 1.58
  8   2.37 3.20 3.92 4.37 4.30 3.80 3.14 2.55 2.02 1.67 1.38 1.30 2.00 2.97 3.79 4.20 4.30 3.98 3.45 2.97 2.47 2.06 1.79 1.70
  9   2.18 2.74 3.28 3.75 3.94 3.75 3.35 2.85 2.38 1.95 1.65 1.50 1.86 2.48 3.12 3.65 3.94 3.90 3.60 3.20 2.80 2.40 2.10 1.90
 10   1.98 2.30 2.69 3.05 3.38 3.50 3.40 3.18 2.84 2.49 2.19 1.98 1.84 2.00 2.35 2.78 3.18 3.50 3.72 3.74 3.55 3.25 2.94 2.60
 11   2.22 1.98 1.95 2.22 2.61 3.00 3.30 3.50 3.60 3.45 3.14 2.75 2.37 2.00 1.78 1.70 2.10 2.70 3.28 3.80 4.15 4.15 3.80 3.30
 12   2.78 2.38 2.02 1.78 1.60 2.00 2.68 3.39 3.90 4.10 3.94 3.50 3.00 2.50 2.06 1.75 1.54 1.69 2.58 3.40 4.12 4.45 4.40 3.99
 13   3.38 2.85 2.35 1.90 1.50 1.30 1.80 2.73 3.65 4.20 4.34 4.10 3.60 2.99 2.40 1.90 1.50 1.25 1.46 2.72 3.88 4.60 4.80 4.67
 14   4.04 3.40 2.80 2.19 1.65 1.25 1.10 2.00 3.25 4.25 4.65 4.60 4.05 3.37 2.72 2.10 1.60 1.24 1.05 1.80 3.20 4.41 5.00 5.02
 15   4.60 3.91 3.19 2.41 1.75 1.20 0.90 1.00 2.50 4.10 4.80 5.00 4.70 4.00 3.20 2.50 1.86 1.34 0.97 0.86 2.27 4.08 5.05 5.26
 16   4.95 4.20 3.40 2.70 2.05 1.50 1.05 0.78 1.50 3.60 4.80 5.20 5.10 4.50 3.70 2.91 2.18 1.60 1.12 0.80 1.05 3.30 4.88 5.40
 17   5.33 4.75 3.90 3.05 2.30 1.68 1.19 0.80 0.75 2.50 4.40 5.38 5.40 4.98 4.22 3.40 2.60 1.90 1.33 0.90 0.70 2.40 4.38 5.25
 18   5.50 5.18 4.40 3.52 2.72 2.00 1.40 0.88 0.60 1.50 3.90 5.30 5.60 5.39 4.69 3.88 3.07 2.25 1.58 1.06 0.72 1.10 3.25 4.87
 19   5.49 5.46 4.83 4.00 3.15 2.38 1.65 1.10 0.76 0.73 2.43 4.63 5.45 5.50 5.00 4.30 3.42 2.62 1.90 1.30 0.87 0.65 1.90 4.00
 20   5.24 5.50 5.18 4.40 3.52 2.70 2.00 1.34 0.80 0.55 1.38 3.60 5.06 5.43 5.32 4.70 3.85 3.00 2.20 1.58 1.05 0.77 1.25 3.30
 21   4.80 5.20 5.20 4.72 3.91 3.07 2.30 1.65 1.15 0.81 0.90 2.38 4.18 5.10 5.29 4.98 4.20 3.40 2.65 2.00 1.47 1.10 1.00 2.15
 22   4.00 4.82 5.05 4.90 4.30 3.50 2.73 2.09 1.54 1.15 0.95 1.78 3.35 4.55 5.07 5.09 4.62 3.98 3.25 2.60 2.07 1.60 1.33 1.60
 23   3.00 4.12 4.74 4.93 4.70 4.00 3.17 2.47 1.92 1.47 1.15 1.22 2.52 3.75 4.47 4.80 4.78 4.35 3.63 3.00 2.42 1.98 1.60 1.46
 24   2.30 3.20 3.82 4.31 4.50 4.20 3.59 2.90 2.34 1.90 1.54 1.37 1.70 2.60 3.42 4.14 4.50 4.50 4.10 3.60 3.10 2.58 2.12 1.78
 25   1.60 2.00 2.72 3.40 3.86 4.10 4.03 3.60 3.12 2.61 2.20 1.85 1.62 1.60 2.20 2.95 3.60 4.17 4.45 4.32 3.90 3.40 2.90 2.45
 26   2.00 1.77 1.78 2.35 3.00 3.57 4.00 4.20 4.08 3.70 3.20 2.67 2.20 1.84 1.59 1.50 2.15 3.04 3.90 4.50 4.70 4.45 3.90 3.30
 27   2.71 2.20 1.80 1.53 1.40 2.05 3.10 3.93 4.46 4.60 4.30 3.74 3.10 2.50 1.98 1.58 1.35 1.42 2.70 3.92 4.80 5.06 4.80 4.20
 28   3.44 2.80 2.20 1.72 1.30 1.05 1.80 3.20 4.41 4.95 4.95 4.55 3.90 3.18 2.50 1.90 1.40 1.05 1.06 2.60 4.25 5.20 5.40 5.07
 29   4.24 3.50 2.79 2.08 1.45 1.00 0.77 1.70 3.70 5.07 5.45 5.30 4.75 3.96 3.18 2.40 1.72 1.20 0.82 0.87 3.20 5.10 5.68 5.66
 30   4.95 4.12 3.30 2.50 1.85 1.27 0.80 0.55 2.41 4.81 5.77 5.80 5.35 4.58 3.70 2.88 2.10 1.50 0.98 0.68 1.25 4.25 5.68 5.93
 31   5.55 4.80 3.90 2.90 2.05 1.40 0.90 0.55 0.60 3.65 5.52 6.00 5.85 5.23 4.39 3.40 2.55 1.80 1.20 0.78 0.56 2.66 5.18 5.90
 ----------------------------------------------------------------------------------------------------------------------------
                                                                                               
 ----------------------------------------------------------------------------------------------------------------------------
 ----------------------------------------------------------------------------------------------------------------------------
                                                          SURVEY OF INDIA
                                                    MARINE GEODESY WING (G&RB)
                                                     HOURLY HEIGHTS IN METRES
  NAME OF PORT:- DIAMOND HARBOUR                                                                    MONTH APRIL     YEAR 2014
 ----------------------------------------------------------------------------------------------------------------------------
 DAYS 0000 0001 0002 0003 0004 0005 0006 0007 0008 0009 0010 0011 0012 0013 0014 0015 0016 0017 0018 0019 0020 0021 0022 0023
 ----------------------------------------------------------------------------------------------------------------------------
  1   5.90 5.30 4.49 3.50 2.60 1.89 1.28 0.80 0.50 1.70 4.60 5.72 5.90 5.50 4.77 3.90 3.00 2.20 1.50 1.00 0.77 1.00 3.30 5.27
  2   5.73 5.50 4.80 3.90 3.00 2.21 1.60 1.10 0.70 0.70 3.23 5.20 5.74 5.70 5.09 4.28 3.45 2.70 2.00 1.42 0.98 0.82 2.00 4.10
  3   5.32 5.43 5.03 4.26 3.45 2.68 2.00 1.45 1.01 0.85 1.90 4.38 5.33 5.54 5.29 4.68 3.90 3.12 2.40 1.80 1.33 1.05 1.50 3.22
  4   4.75 5.20 5.17 4.63 3.93 3.18 2.45 1.85 1.38 1.00 1.02 2.82 4.30 5.05 5.22 4.92 4.27 3.53 2.80 2.15 1.66 1.34 1.33 2.40
  5   3.80 4.64 4.94 4.80 4.20 3.41 2.68 2.06 1.55 1.20 1.20 2.40 3.65 4.57 4.90 4.85 4.38 3.67 3.00 2.40 1.95 1.55 1.40 1.99
  6   3.00 3.90 4.45 4.54 4.20 3.60 2.98 2.37 1.90 1.60 1.46 1.95 3.00 3.95 4.49 4.65 4.46 3.96 3.38 2.80 2.30 1.90 1.66 1.92
  7   2.66 3.31 3.88 4.20 4.18 3.80 3.28 2.78 2.28 1.94 1.73 1.81 2.45 3.15 3.79 4.20 4.32 4.11 3.67 3.20 2.78 2.40 2.11 2.04
  8   2.43 2.90 3.35 3.73 3.95 3.95 3.64 3.29 2.90 2.51 2.20 2.00 2.08 2.50 3.00 3.50 3.90 4.10 4.01 3.69 3.30 2.94 2.63 2.40
  9   2.20 2.30 2.65 3.07 3.43 3.69 3.80 3.75 3.50 3.10 2.70 2.32 2.05 1.90 2.13 2.60 3.06 3.52 3.93 4.14 4.05 3.68 3.25 2.83
 10   2.37 2.00 1.85 2.03 2.48 3.00 3.50 3.90 4.14 4.05 3.67 3.14 2.67 2.21 1.89 1.70 2.05 2.70 3.40 4.01 4.47 4.50 4.14 3.60
 11   2.98 2.47 2.00 1.72 1.60 1.98 2.73 3.50 4.19 4.53 4.39 3.90 3.30 2.75 2.22 1.83 1.58 1.60 2.55 3.52 4.35 4.77 4.70 4.20
 12   3.50 2.79 2.21 1.79 1.48 1.37 1.93 3.00 4.05 4.78 4.94 4.60 3.98 3.26 2.65 2.10 1.65 1.39 1.60 2.88 4.05 4.80 5.02 4.72
 13   4.03 3.30 2.67 2.13 1.70 1.35 1.15 1.92 3.57 4.86 5.25 5.19 4.67 3.89 3.10 2.40 1.80 1.36 1.05 1.70 3.56 4.85 5.28 5.20
 14   4.68 3.80 3.00 2.28 1.65 1.20 0.90 0.89 2.80 4.75 5.40 5.49 5.10 4.35 3.48 2.70 2.00 1.41 0.99 0.87 2.40 4.20 5.19 5.46
 15   5.18 4.38 3.48 2.60 1.88 1.27 0.90 0.78 1.76 4.05 5.46 5.75 5.50 4.80 3.92 3.08 2.30 1.66 1.10 0.78 1.40 3.60 5.08 5.60
 16   5.52 4.95 4.08 3.20 2.40 1.68 1.12 0.72 0.69 3.20 5.40 6.00 6.00 5.49 4.68 3.62 2.74 1.98 1.30 0.82 0.70 2.45 4.81 5.65
 17   5.79 5.45 4.63 3.72 2.80 2.00 1.35 0.81 0.52 2.20 4.80 5.89 6.10 5.80 5.07 4.12 3.20 2.35 1.63 1.10 0.77 1.05 3.80 5.30
 18   5.71 5.60 5.03 4.12 3.20 2.37 1.61 1.05 0.62 0.61 3.40 5.26 5.92 5.97 5.45 4.60 3.63 2.79 2.00 1.38 0.92 0.77 2.20 4.60
 19   5.45 5.60 5.27 4.50 3.60 2.78 2.02 1.45 0.97 0.68 1.20 3.80 5.23 5.67 5.59 4.92 4.07 3.21 2.46 1.80 1.32 1.00 1.10 3.10
 20   4.81 5.20 5.25 4.82 4.18 3.40 2.62 1.95 1.40 1.00 0.90 2.18 3.85 4.99 5.30 5.20 4.60 3.80 3.00 2.30 1.77 1.30 1.06 1.60
 21   3.30 4.43 4.87 4.93 4.56 3.80 3.00 2.32 1.76 1.36 1.15 1.30 2.58 3.92 4.73 5.00 4.86 4.30 3.60 2.95 2.32 1.80 1.40 1.30
 22   2.20 3.32 4.16 4.54 4.60 4.30 3.67 2.98 2.36 1.87 1.51 1.30 1.80 2.81 3.80 4.47 4.77 4.74 4.28 3.64 3.03 2.45 1.90 1.56
 23   1.49 2.30 3.20 3.98 4.40 4.50 4.28 3.76 3.20 2.65 2.20 1.83 1.61 1.70 2.40 3.32 4.10 4.60 4.75 4.46 3.90 3.29 2.70 2.18
 24   1.76 1.57 1.83 2.66 3.50 4.17 4.49 4.55 4.30 3.80 3.20 2.62 2.16 1.77 1.55 2.00 2.90 3.80 4.57 4.90 4.87 4.39 3.73 3.10
 25   2.50 1.93 1.60 1.45 2.00 3.00 3.99 4.60 4.81 4.70 4.20 3.60 3.00 2.40 1.90 1.51 1.40 2.32 3.65 4.62 5.06 5.10 4.70 4.00
 26   3.29 2.58 2.00 1.50 1.21 1.40 2.80 4.20 4.99 5.23 5.10 4.50 3.80 3.10 2.40 1.85 1.40 1.20 2.20 3.77 4.98 5.37 5.36 4.87
 27   4.12 3.30 2.58 1.88 1.33 1.00 1.25 3.00 4.70 5.50 5.65 5.27 4.56 3.77 2.99 2.23 1.66 1.20 1.00 2.27 4.28 5.45 5.70 5.42
 28   4.76 3.95 3.15 2.40 1.75 1.24 0.90 1.64 4.10 5.40 5.87 5.80 5.20 4.38 3.47 2.60 1.92 1.40 1.00 1.00 3.08 5.12 5.84 5.80
 29   5.18 4.38 3.50 2.67 1.95 1.39 0.98 0.77 2.90 5.00 5.92 6.07 5.63 4.90 4.00 3.15 2.40 1.74 1.20 0.90 1.90 4.40 5.42 5.70
 30   5.40 4.77 3.97 3.15 2.40 1.74 1.20 0.80 0.90 3.90 5.50 6.00 5.97 5.38 4.50 3.60 2.80 2.05 1.49 1.10 1.01 2.90 4.93 5.65
 ----------------------------------------------------------------------------------------------------------------------------
                                                                                               
 ----------------------------------------------------------------------------------------------------------------------------
 ----------------------------------------------------------------------------------------------------------------------------
                                                          SURVEY OF INDIA
                                                    MARINE GEODESY WING (G&RB)
                                                     HOURLY HEIGHTS IN METRES
  NAME OF PORT:- DIAMOND HARBOUR                                                                    MONTH MAY       YEAR 2014
 ----------------------------------------------------------------------------------------------------------------------------
 DAYS 0000 0001 0002 0003 0004 0005 0006 0007 0008 0009 0010 0011 0012 0013 0014 0015 0016 0017 0018 0019 0020 0021 0022 0023
 ----------------------------------------------------------------------------------------------------------------------------
  1   5.68 5.20 4.40 3.48 2.65 2.00 1.47 1.05 0.80 2.19 4.76 5.86 6.10 5.75 5.00 4.12 3.30 2.59 1.90 1.38 1.00 1.95 4.20 5.38
  2   5.68 5.58 5.00 4.18 3.26 2.41 1.73 1.22 0.90 1.10 3.48 5.22 5.74 5.80 5.40 4.60 3.70 2.92 2.20 1.65 1.28 1.30 2.80 4.33
  3   5.08 5.25 4.98 4.38 3.60 2.80 2.12 1.60 1.21 1.22 3.22 4.60 5.38 5.60 5.39 4.72 3.90 3.18 2.47 1.89 1.45 1.37 2.10 3.27
  4   4.33 4.68 4.66 4.30 3.79 3.19 2.59 2.05 1.60 1.37 2.00 3.55 4.70 5.32 5.50 5.10 4.40 3.68 2.97 2.35 1.88 1.60 1.80 2.52
  5   3.45 4.10 4.40 4.25 3.80 3.25 2.66 2.13 1.73 1.52 1.78 2.82 3.80 4.50 4.85 4.84 4.40 3.79 3.10 2.49 2.00 1.62 1.60 2.10
  6   3.00 3.80 4.30 4.50 4.25 3.74 3.17 2.60 2.13 1.80 1.65 2.25 3.13 3.92 4.50 4.73 4.60 4.18 3.63 3.10 2.60 2.12 1.90 2.08
  7   2.75 3.40 3.95 4.28 4.37 4.11 3.68 3.25 2.82 2.47 2.20 2.20 2.62 3.28 3.83 4.30 4.50 4.45 4.15 3.80 3.40 3.00 2.65 2.40
  8   2.50 2.98 3.40 3.81 4.15 4.30 4.20 3.95 3.61 3.23 2.89 2.58 2.39 2.42 2.91 3.45 3.97 4.38 4.55 4.40 4.10 3.73 3.30 2.90
  9   2.52 2.30 2.58 3.10 3.60 4.04 4.35 4.45 4.20 3.80 3.39 2.98 2.55 2.20 2.10 2.50 3.20 3.93 4.53 4.74 4.64 4.27 3.79 3.22
 10   2.67 2.20 1.90 1.95 2.60 3.38 4.02 4.54 4.70 4.52 4.10 3.60 3.07 2.54 2.13 1.90 2.12 2.92 3.70 4.32 4.58 4.52 4.06 3.55
 11   2.98 2.47 2.09 1.80 1.61 2.18 3.21 4.21 4.98 5.16 4.85 4.22 3.60 3.00 2.40 1.99 1.65 1.80 3.00 4.02 4.77 5.02 4.92 4.38
 12   3.62 3.00 2.50 1.97 1.58 1.35 2.30 3.87 5.00 5.40 5.40 5.00 4.30 3.50 2.80 2.17 1.65 1.39 1.97 3.59 4.86 5.39 5.45 5.02
 13   4.21 3.50 2.82 2.21 1.68 1.27 1.21 3.00 4.80 5.70 5.90 5.60 4.90 4.02 3.20 2.42 1.80 1.35 1.10 2.40 4.40 5.42 5.74 5.50
 14   4.76 3.90 3.10 2.35 1.68 1.20 0.92 1.50 3.90 5.55 6.05 6.00 5.40 4.60 3.67 2.80 2.00 1.42 1.10 1.10 3.19 5.01 5.78 5.80
 15   5.22 4.45 3.58 2.70 2.00 1.40 1.00 0.80 2.40 4.88 6.02 6.36 6.00 5.20 4.20 3.23 2.40 1.79 1.28 0.95 1.42 4.00 5.55 6.00
 16   5.71 5.02 4.10 3.18 2.38 1.69 1.20 0.85 0.81 3.05 5.41 6.33 6.30 5.70 4.82 3.90 3.01 2.25 1.60 1.15 1.00 2.30 4.65 5.73
 17   5.92 5.60 4.85 3.98 3.08 2.34 1.66 1.13 0.84 1.45 4.20 5.70 6.15 6.08 5.41 4.55 3.62 2.80 2.05 1.40 1.06 1.10 3.20 4.98
 18   5.70 5.80 5.40 4.63 3.80 3.00 2.22 1.61 1.18 0.98 2.48 4.60 5.80 6.05 5.80 5.10 4.28 3.41 2.61 1.95 1.40 1.15 1.50 3.60
 19   5.00 5.50 5.50 4.90 4.13 3.40 2.68 2.07 1.58 1.20 1.20 3.30 4.82 5.60 5.80 5.58 4.90 4.15 3.32 2.62 2.05 1.60 1.38 2.26
 20   4.00 4.90 5.20 5.20 4.70 4.00 3.32 2.62 2.10 1.66 1.41 1.80 3.28 4.52 5.23 5.50 5.28 4.65 3.95 3.26 2.68 2.10 1.70 1.61
 21   2.80 3.95 4.70 4.97 4.98 4.60 4.00 3.35 2.70 2.15 1.81 1.62 2.19 3.39 4.42 5.07 5.30 5.20 4.60 3.90 3.22 2.65 2.15 1.79
 22   1.82 2.80 3.63 4.42 4.88 4.97 4.62 4.10 3.50 2.92 2.40 2.05 1.82 2.18 3.20 4.20 4.88 5.18 5.15 4.65 4.00 3.30 2.70 2.20
 23   1.83 1.74 2.38 3.40 4.20 4.73 4.92 4.80 4.30 3.70 3.10 2.59 2.18 1.90 1.90 2.68 3.70 4.60 5.15 5.20 4.86 4.25 3.58 2.98
 24   2.39 2.00 1.79 1.82 2.81 3.86 4.64 5.03 5.05 4.65 4.00 3.39 2.86 2.38 1.97 1.76 2.22 3.35 4.38 5.08 5.24 5.00 4.39 3.60
 25   2.92 2.37 1.98 1.70 1.75 2.90 4.05 5.00 5.40 5.40 5.00 4.38 3.68 3.00 2.40 1.90 1.65 1.94 3.20 4.50 5.25 5.40 5.04 4.30
 26   3.48 2.80 2.20 1.80 1.52 1.52 2.81 4.21 5.38 5.75 5.60 5.10 4.40 3.60 2.80 2.20 1.83 1.65 2.22 3.62 4.87 5.47 5.50 5.00
 27   4.12 3.38 2.78 2.20 1.75 1.40 1.60 3.40 5.00 5.80 6.00 5.70 5.00 4.20 3.40 2.67 2.08 1.65 1.50 2.58 4.10 5.38 5.80 5.67
 28   5.00 4.20 3.40 2.68 2.08 1.61 1.36 2.20 4.15 5.52 6.00 5.99 5.39 4.50 3.65 2.88 2.21 1.70 1.35 1.40 3.02 4.68 5.58 5.73
 29   5.32 4.60 3.79 3.00 2.32 1.71 1.26 1.00 2.42 4.60 5.61 5.90 5.79 5.18 4.32 3.45 2.70 2.05 1.55 1.28 1.70 3.32 4.88 5.51
 30   5.46 4.98 4.22 3.50 2.79 2.12 1.60 1.22 1.40 3.57 5.18 5.80 5.90 5.50 4.78 3.99 3.19 2.47 1.88 1.40 1.30 2.30 3.81 5.06
 31   5.44 5.29 4.67 3.98 3.24 2.55 1.90 1.45 1.25 2.61 4.57 5.40 5.70 5.60 5.00 4.20 3.40 2.70 2.05 1.59 1.30 1.80 3.20 4.50
 ----------------------------------------------------------------------------------------------------------------------------
                                                                                               
 ----------------------------------------------------------------------------------------------------------------------------
 ----------------------------------------------------------------------------------------------------------------------------
                                                          SURVEY OF INDIA
                                                    MARINE GEODESY WING (G&RB)
                                                     HOURLY HEIGHTS IN METRES
  NAME OF PORT:- DIAMOND HARBOUR                                                                    MONTH JUNE      YEAR 2014
 ----------------------------------------------------------------------------------------------------------------------------
 DAYS 0000 0001 0002 0003 0004 0005 0006 0007 0008 0009 0010 0011 0012 0013 0014 0015 0016 0017 0018 0019 0020 0021 0022 0023
 ----------------------------------------------------------------------------------------------------------------------------
  1   5.19 5.20 4.64 3.97 3.25 2.58 2.00 1.57 1.26 1.40 3.25 4.80 5.43 5.60 5.21 4.48 3.70 3.00 2.38 1.84 1.50 1.41 2.40 3.70
  2   4.77 5.08 5.00 4.45 3.78 3.08 2.44 1.90 1.55 1.40 2.28 4.00 5.00 5.40 5.40 4.90 4.10 3.40 2.70 2.14 1.70 1.50 2.00 3.21
  3   4.42 4.93 5.05 4.74 4.08 3.40 2.80 2.21 1.80 1.51 1.80 3.10 4.30 4.96 5.15 4.97 4.40 3.70 3.05 2.47 2.00 1.70 1.70 2.60
  4   3.79 4.53 4.80 4.80 4.40 3.80 3.20 2.60 2.13 1.80 1.70 2.40 3.40 4.33 4.89 5.04 4.69 4.10 3.44 2.86 2.37 1.94 1.74 2.14
  5   3.10 3.92 4.54 4.72 4.59 4.10 3.60 3.10 2.60 2.20 2.00 2.10 2.85 3.65 4.40 4.85 4.90 4.55 4.00 3.40 2.86 2.38 2.02 1.98
  6   2.60 3.33 3.96 4.46 4.66 4.57 4.15 3.65 3.19 2.75 2.41 2.21 2.40 3.02 3.67 4.29 4.68 4.76 4.45 3.94 3.40 2.97 2.56 2.22
  7   2.18 2.72 3.32 3.90 4.35 4.60 4.60 4.24 3.79 3.32 2.90 2.56 2.35 2.40 2.98 3.60 4.20 4.60 4.80 4.60 4.14 3.59 3.08 2.60
  8   2.18 2.00 2.21 3.05 3.88 4.59 4.90 4.86 4.50 4.00 3.50 3.00 2.60 2.28 2.22 2.82 3.55 4.22 4.81 5.00 4.80 4.19 3.53 3.00
  9   2.48 2.07 1.90 2.05 2.94 3.81 4.60 5.01 5.10 4.78 4.28 3.70 3.18 2.68 2.27 2.07 2.39 3.20 4.12 4.80 5.05 4.85 4.30 3.60
 10   2.98 2.42 2.01 1.79 1.70 2.45 3.68 4.74 5.40 5.44 5.05 4.40 3.78 3.14 2.59 2.10 1.80 1.98 3.13 4.30 5.06 5.30 5.10 4.50
 11   3.77 3.10 2.53 2.04 1.70 1.58 2.58 4.10 5.32 5.77 5.73 5.20 4.50 3.79 3.05 2.40 1.90 1.60 1.98 3.32 4.60 5.40 5.55 5.26
 12   4.56 3.80 3.12 2.46 1.88 1.42 1.40 2.90 4.85 6.00 6.25 6.00 5.30 4.40 3.51 2.72 2.04 1.60 1.30 2.08 3.62 5.07 5.82 5.80
 13   5.17 4.39 3.54 2.79 2.10 1.53 1.12 1.18 3.50 5.48 6.38 6.46 5.96 5.07 4.10 3.14 2.37 1.75 1.30 1.10 2.60 4.57 5.85 6.10
 14   5.77 5.00 4.10 3.25 2.49 1.81 1.33 0.98 1.60 4.47 6.06 6.64 6.52 5.80 4.87 3.88 2.98 2.18 1.57 1.10 1.05 3.10 5.13 6.09
 15   6.20 5.72 4.80 3.82 2.97 2.20 1.60 1.14 0.83 2.40 5.10 6.29 6.60 6.23 5.47 4.54 3.59 2.70 2.00 1.46 1.10 1.22 3.62 5.45
 16   6.01 5.98 5.38 4.50 3.60 2.80 2.11 1.55 1.10 1.04 2.80 5.16 6.13 6.30 5.99 5.20 4.30 3.42 2.60 1.98 1.46 1.20 1.68 3.42
 17   5.30 5.86 5.80 5.20 4.33 3.40 2.61 2.00 1.54 1.25 1.56 3.76 5.34 6.00 6.13 5.80 5.00 4.09 3.20 2.42 1.80 1.40 1.35 2.50
 18   4.26 5.32 5.68 5.58 4.99 4.13 3.27 2.58 2.00 1.62 1.44 2.45 4.19 5.33 5.80 5.88 5.52 4.77 3.85 3.09 2.45 1.97 1.61 1.67
 19   3.07 4.40 5.20 5.48 5.36 4.75 4.00 3.30 2.66 2.17 1.82 1.70 2.61 4.18 5.18 5.56 5.60 5.20 4.47 3.70 3.05 2.48 2.05 1.76
 20   1.94 3.20 4.27 5.00 5.22 5.16 4.63 4.00 3.30 2.72 2.24 1.95 2.00 2.81 3.88 4.72 5.20 5.29 4.88 4.20 3.55 2.94 2.40 2.05
 21   1.80 2.20 3.32 4.32 4.94 5.19 5.10 4.65 4.04 3.50 3.00 2.58 2.28 2.14 2.60 3.40 4.20 4.72 5.00 4.85 4.35 3.76 3.20 2.75
 22   2.36 2.10 2.09 2.98 3.93 4.69 5.06 5.15 4.88 4.33 3.70 3.16 2.68 2.33 2.10 2.15 3.09 4.00 4.80 5.10 5.07 4.60 4.00 3.40
 23   2.87 2.43 2.10 1.87 2.38 3.37 4.35 5.00 5.24 5.07 4.60 3.97 3.33 2.78 2.30 1.99 2.00 2.92 3.96 4.71 5.10 5.08 4.67 4.10
 24   3.49 2.86 2.36 1.93 1.70 2.21 3.50 4.62 5.35 5.50 5.27 4.65 3.97 3.27 2.64 2.15 1.85 1.92 2.98 4.00 4.85 5.23 5.23 4.78
 25   4.08 3.39 2.79 2.23 1.84 1.60 2.40 3.80 4.99 5.50 5.65 5.30 4.55 3.78 3.03 2.42 1.99 1.68 1.78 3.00 4.20 5.10 5.40 5.18
 26   4.45 3.76 3.08 2.41 1.84 1.43 1.40 2.70 4.32 5.43 5.85 5.79 5.13 4.28 3.45 2.78 2.20 1.78 1.50 2.19 3.46 4.68 5.34 5.45
 27   5.00 4.30 3.54 2.81 2.20 1.73 1.40 1.60 3.50 5.00 5.70 5.92 5.60 4.81 4.00 3.21 2.57 2.00 1.52 1.43 2.65 4.11 5.22 5.62
 28   5.48 4.90 4.10 3.30 2.59 2.00 1.51 1.30 2.51 4.39 5.60 6.02 6.00 5.30 4.48 3.62 2.91 2.25 1.74 1.42 1.91 3.42 4.85 5.58
 29   5.69 5.35 4.58 3.78 2.99 2.28 1.78 1.39 1.50 3.50 5.15 5.95 6.10 5.78 5.00 4.15 3.30 2.57 1.98 1.58 1.50 2.50 4.00 5.08
 30   5.50 5.40 4.80 4.00 3.23 2.57 2.00 1.55 1.30 2.32 4.32 5.52 5.96 5.90 5.30 4.46 3.59 2.80 2.17 1.67 1.40 1.73 3.19 4.50
 ----------------------------------------------------------------------------------------------------------------------------
                                                                                               
 ----------------------------------------------------------------------------------------------------------------------------
 ----------------------------------------------------------------------------------------------------------------------------
                                                          SURVEY OF INDIA
                                                    MARINE GEODESY WING (G&RB)
                                                     HOURLY HEIGHTS IN METRES
  NAME OF PORT:- DIAMOND HARBOUR                                                                    MONTH JULY      YEAR 2014
 ----------------------------------------------------------------------------------------------------------------------------
 DAYS 0000 0001 0002 0003 0004 0005 0006 0007 0008 0009 0010 0011 0012 0013 0014 0015 0016 0017 0018 0019 0020 0021 0022 0023
 ----------------------------------------------------------------------------------------------------------------------------
  1   5.46 5.53 5.16 4.40 3.60 2.85 2.20 1.77 1.40 1.40 3.25 4.82 5.52 5.72 5.40 4.67 3.87 3.15 2.48 1.97 1.57 1.45 2.26 3.59
  2   4.83 5.40 5.30 4.70 3.97 3.24 2.60 2.04 1.69 1.50 2.50 4.11 5.10 5.55 5.60 5.10 4.32 3.60 2.95 2.35 1.90 1.60 1.80 3.00
  3   4.40 5.20 5.40 5.10 4.45 3.71 3.00 2.42 2.00 1.70 1.86 3.40 4.70 5.30 5.46 5.30 4.70 4.00 3.30 2.70 2.20 1.82 1.66 2.40
  4   3.70 4.70 5.18 5.20 4.75 4.08 3.40 2.80 2.30 1.98 1.86 2.40 3.65 4.65 5.14 5.20 4.86 4.26 3.60 3.00 2.42 1.98 1.75 2.02
  5   3.20 4.20 4.92 5.15 5.00 4.53 3.93 3.38 2.85 2.40 2.11 2.20 3.02 4.04 4.80 5.17 5.16 4.70 4.05 3.43 2.91 2.44 2.05 1.90
  6   2.67 3.60 4.40 4.88 5.06 4.87 4.42 3.95 3.40 2.92 2.50 2.37 2.57 3.30 4.06 4.78 5.15 5.15 4.70 4.10 3.57 3.07 2.66 2.37
  7   2.20 2.48 3.37 4.13 4.77 5.04 4.99 4.60 4.10 3.60 3.13 2.75 2.50 2.40 2.99 3.70 4.39 4.84 5.05 4.80 4.30 3.75 3.30 2.89
  8   2.48 2.18 2.20 3.02 3.94 4.60 5.00 5.10 4.92 4.42 3.91 3.40 2.93 2.51 2.28 2.40 3.10 3.87 4.58 5.00 5.00 4.56 3.93 3.32
  9   2.77 2.35 2.02 1.87 2.41 3.45 4.40 5.16 5.43 5.22 4.70 4.08 3.49 2.93 2.38 1.96 1.90 2.80 3.87 4.79 5.20 5.20 4.68 4.00
 10   3.30 2.70 2.20 1.80 1.58 2.10 3.42 4.69 5.65 5.90 5.60 4.98 4.20 3.46 2.78 2.18 1.71 1.61 2.50 3.98 5.16 5.65 5.60 5.02
 11   4.33 3.60 2.90 2.27 1.70 1.38 1.90 3.74 5.42 6.30 6.38 5.87 5.00 4.10 3.20 2.42 1.86 1.42 1.38 2.99 4.70 5.86 6.10 5.78
 12   4.94 4.16 3.40 2.62 1.99 1.40 1.10 2.00 4.50 6.26 6.88 6.72 6.00 5.00 3.93 3.00 2.22 1.72 1.35 1.39 3.30 5.40 6.50 6.65
 13   6.12 5.32 4.40 3.42 2.60 1.90 1.37 1.10 2.81 5.48 6.88 7.20 6.90 6.00 4.90 3.79 2.85 2.17 1.60 1.20 1.65 4.20 6.03 6.73
 14   6.65 6.06 5.17 4.05 3.10 2.30 1.64 1.19 1.00 3.60 6.00 7.13 7.20 6.55 5.53 4.56 3.50 2.61 1.92 1.38 1.10 2.10 4.62 6.48
 15   6.90 6.50 5.60 4.60 3.60 2.80 2.10 1.55 1.19 1.39 4.48 6.40 7.00 7.00 6.30 5.37 4.28 3.33 2.52 1.86 1.37 1.18 2.60 5.20
 16   6.46 6.70 6.36 5.46 4.42 3.50 2.69 2.02 1.50 1.20 1.79 4.77 6.32 6.67 6.60 5.90 4.96 4.00 3.05 2.30 1.71 1.34 1.40 3.30
 17   5.40 6.14 6.26 5.88 5.12 4.20 3.30 2.52 1.85 1.40 1.36 2.90 4.90 5.97 6.20 6.02 5.35 4.45 3.60 2.87 2.18 1.60 1.35 2.10
 18   4.10 5.38 5.79 5.81 5.41 4.70 3.84 3.08 2.40 1.90 1.60 1.80 3.17 4.70 5.54 5.73 5.60 5.00 4.20 3.40 2.70 2.07 1.60 1.55
 19   2.90 4.20 5.05 5.45 5.48 5.10 4.38 3.60 2.96 2.39 1.99 1.85 2.51 3.68 4.69 5.20 5.40 5.24 4.65 3.94 3.27 2.62 2.10 1.76
 20   1.93 2.96 3.95 4.68 5.00 5.01 4.62 4.07 3.49 2.94 2.48 2.18 2.12 2.60 3.34 4.12 4.71 4.94 4.85 4.50 3.98 3.40 2.90 2.40
 21   2.08 2.20 3.00 3.90 4.68 5.20 5.35 5.12 4.70 4.26 3.78 3.31 2.95 2.70 2.75 3.28 3.89 4.40 4.77 4.78 4.40 3.97 3.47 3.01
 22   2.60 2.38 2.30 2.65 3.53 4.30 4.91 5.20 5.06 4.70 4.28 3.77 3.28 2.85 2.50 2.30 2.71 3.40 4.20 4.79 5.00 4.80 4.27 3.66
 23   3.08 2.60 2.24 2.02 2.10 2.85 3.82 4.65 5.23 5.35 4.94 4.30 3.70 3.10 2.58 2.19 2.00 2.40 3.38 4.36 5.00 5.20 5.00 4.42
 24   3.70 3.06 2.55 2.14 1.90 1.95 3.01 4.19 5.10 5.54 5.57 5.03 4.35 3.58 2.90 2.32 1.92 1.70 2.30 3.53 4.60 5.22 5.40 5.08
 25   4.35 3.60 2.98 2.39 1.90 1.61 1.90 3.30 4.78 5.70 5.90 5.68 4.98 4.14 3.38 2.68 2.10 1.71 1.61 2.57 3.90 5.01 5.48 5.45
 26   4.85 4.10 3.39 2.68 2.06 1.61 1.44 2.02 3.82 5.32 5.90 6.00 5.51 4.67 3.82 3.10 2.50 2.00 1.66 1.90 3.40 4.88 5.69 5.84
 27   5.48 4.75 3.98 3.18 2.45 1.88 1.50 1.50 3.13 5.09 6.05 6.30 6.00 5.22 4.37 3.51 2.80 2.20 1.72 1.50 2.59 4.30 5.50 5.96
 28   5.88 5.32 4.46 3.59 2.77 2.10 1.66 1.39 1.80 4.00 5.62 6.22 6.28 5.80 4.96 3.98 3.10 2.40 1.86 1.50 1.60 3.30 4.98 5.85
 29   6.10 5.79 5.00 4.13 3.22 2.40 1.82 1.42 1.46 3.40 5.20 6.14 6.35 6.08 5.23 4.30 3.40 2.70 2.10 1.65 1.50 2.60 4.34 5.59
 30   6.05 5.98 5.38 4.50 3.60 2.78 2.10 1.65 1.40 2.28 4.30 5.78 6.27 6.29 5.72 4.80 3.90 3.07 2.38 1.85 1.50 1.65 3.39 5.00
 31   5.88 6.09 5.73 4.98 4.10 3.20 2.44 1.86 1.48 1.57 3.40 5.28 6.11 6.29 5.93 5.08 4.20 3.39 2.63 2.03 1.60 1.46 2.60 4.38
 ----------------------------------------------------------------------------------------------------------------------------
                                                                                               
 ----------------------------------------------------------------------------------------------------------------------------
 ----------------------------------------------------------------------------------------------------------------------------
                                                          SURVEY OF INDIA
                                                    MARINE GEODESY WING (G&RB)
                                                     HOURLY HEIGHTS IN METRES
  NAME OF PORT:- DIAMOND HARBOUR                                                                    MONTH AUGUST    YEAR 2014
 ----------------------------------------------------------------------------------------------------------------------------
 DAYS 0000 0001 0002 0003 0004 0005 0006 0007 0008 0009 0010 0011 0012 0013 0014 0015 0016 0017 0018 0019 0020 0021 0022 0023
 ----------------------------------------------------------------------------------------------------------------------------
  1   5.60 5.99 5.87 5.24 4.40 3.55 2.80 2.20 1.77 1.50 2.27 4.29 5.52 5.90 5.87 5.29 4.45 3.65 2.92 2.30 1.83 1.58 1.93 3.30
  2   4.75 5.54 5.74 5.40 4.62 3.87 3.12 2.49 2.00 1.61 1.62 3.10 4.57 5.38 5.60 5.47 4.87 4.12 3.36 2.69 2.13 1.70 1.61 2.41
  3   3.82 4.89 5.40 5.45 4.98 4.25 3.54 2.88 2.30 1.91 1.72 2.30 3.60 4.61 5.20 5.35 5.06 4.40 3.64 3.00 2.42 2.00 1.72 1.82
  4   3.12 4.28 5.00 5.30 5.25 4.87 4.40 3.88 3.40 2.98 2.58 2.43 2.93 3.82 4.70 5.18 5.22 4.98 4.50 3.90 3.33 2.80 2.39 2.20
  5   2.47 3.50 4.48 5.16 5.36 5.20 4.77 4.27 3.75 3.25 2.81 2.55 2.51 2.97 3.68 4.40 4.90 5.00 4.75 4.30 3.80 3.30 2.86 2.46
  6   2.20 2.40 3.21 4.00 4.60 4.91 5.00 4.80 4.36 3.84 3.35 2.85 2.46 2.22 2.40 3.10 3.80 4.47 4.93 4.99 4.64 4.06 3.42 2.89
  7   2.37 2.01 1.84 2.25 3.21 4.12 4.90 5.30 5.34 4.97 4.32 3.60 3.00 2.41 2.02 1.82 2.28 3.30 4.36 4.97 5.14 4.90 4.22 3.55
  8   2.90 2.30 1.88 1.60 1.60 2.71 4.00 5.08 5.69 5.73 5.37 4.60 3.78 2.99 2.28 1.74 1.40 1.41 2.85 4.38 5.21 5.46 5.25 4.64
  9   3.82 3.08 2.40 1.80 1.35 1.16 1.77 3.90 5.58 6.21 6.20 5.61 4.80 3.90 3.04 2.30 1.70 1.25 1.14 3.10 4.99 5.86 6.05 5.71
 10   4.82 3.92 3.10 2.40 1.77 1.27 1.01 2.20 4.81 6.28 6.67 6.50 5.81 4.90 3.93 3.00 2.22 1.62 1.17 1.10 3.40 5.67 6.38 6.40
 11   5.78 4.90 3.99 3.05 2.23 1.60 1.17 0.90 2.80 5.60 6.79 7.00 6.58 5.70 4.63 3.60 2.70 1.98 1.37 0.93 1.20 4.30 6.24 6.79
 12   6.60 5.89 4.97 3.88 2.94 2.10 1.46 1.00 0.80 3.89 6.22 7.00 7.05 6.43 5.50 4.40 3.37 2.46 1.78 1.20 0.88 1.80 5.08 6.57
 13   6.80 6.40 5.60 4.58 3.53 2.60 1.90 1.33 0.91 1.03 4.50 6.55 6.85 6.66 5.95 5.00 3.90 2.99 2.13 1.50 1.00 0.80 2.80 5.66
 14   6.51 6.58 6.10 5.23 4.21 3.21 2.37 1.68 1.18 0.90 2.20 5.20 6.40 6.60 6.28 5.48 4.57 3.60 2.69 1.92 1.31 0.96 1.20 3.86
 15   5.82 6.18 6.10 5.50 4.69 3.79 2.89 2.15 1.53 1.10 1.02 3.20 5.20 5.90 6.00 5.67 4.90 4.00 3.12 2.39 1.77 1.30 1.10 2.20
 16   4.57 5.50 5.80 5.70 5.08 4.28 3.38 2.60 2.01 1.58 1.37 2.37 3.91 5.12 5.60 5.60 5.12 4.36 3.48 2.74 2.10 1.60 1.31 1.59
 17   3.16 4.50 5.28 5.44 5.27 4.68 3.87 3.12 2.42 2.00 1.75 1.80 2.80 3.93 4.80 5.10 5.05 4.60 3.96 3.28 2.70 2.20 1.82 1.67
 18   2.21 3.20 4.16 4.86 5.01 4.72 4.19 3.60 3.08 2.62 2.32 2.16 2.42 3.18 3.92 4.53 4.79 4.70 4.37 3.83 3.34 2.87 2.43 2.12
 19   2.12 2.63 3.38 4.02 4.57 4.73 4.57 4.18 3.73 3.30 2.94 2.65 2.50 2.60 3.00 3.46 3.90 4.26 4.44 4.28 3.91 3.50 3.12 2.80
 20   2.52 2.40 2.50 3.10 3.75 4.28 4.60 4.62 4.40 4.02 3.62 3.22 2.87 2.57 2.37 2.41 2.97 3.57 4.15 4.52 4.58 4.21 3.74 3.25
 21   2.76 2.37 2.10 2.04 2.40 3.22 4.02 4.69 4.93 4.82 4.45 3.95 3.43 2.96 2.51 2.15 2.01 2.61 3.40 4.18 4.66 4.80 4.51 4.02
 22   3.42 2.95 2.50 2.12 1.90 2.09 3.17 4.18 4.90 5.20 5.17 4.70 4.11 3.50 2.90 2.35 1.90 1.70 2.33 3.50 4.52 5.13 5.21 4.92
 23   4.22 3.60 2.99 2.40 1.94 1.65 2.02 3.30 4.59 5.30 5.48 5.28 4.62 3.90 3.20 2.60 2.04 1.63 1.62 2.72 3.92 5.00 5.40 5.39
 24   4.78 4.08 3.37 2.66 2.09 1.60 1.40 2.23 3.94 5.08 5.60 5.67 5.19 4.40 3.61 2.88 2.20 1.65 1.26 1.70 3.25 4.72 5.40 5.61
 25   5.20 4.50 3.79 3.01 2.31 1.72 1.33 1.37 3.25 4.90 5.78 5.94 5.60 4.80 3.90 3.07 2.35 1.74 1.30 1.10 2.25 4.18 5.58 5.94
 26   5.66 5.01 4.21 3.40 2.60 1.86 1.33 1.00 1.90 4.23 5.67 6.18 6.00 5.30 4.39 3.40 2.58 1.90 1.36 1.01 1.32 3.20 5.05 5.99
 27   5.93 5.35 4.58 3.68 2.80 2.04 1.40 1.02 1.05 3.16 5.36 6.15 6.20 5.60 4.76 3.80 2.90 2.18 1.57 1.10 1.00 2.54 4.58 5.86
 28   6.14 5.80 5.05 4.18 3.24 2.40 1.75 1.26 1.00 2.06 4.38 5.80 6.10 5.80 5.00 4.10 3.20 2.50 1.88 1.40 1.10 1.80 3.87 5.58
 29   6.10 6.05 5.44 4.60 3.72 2.80 2.05 1.50 1.17 1.46 3.60 5.42 6.12 6.18 5.59 4.68 3.70 2.86 2.17 1.60 1.22 1.22 3.10 5.18
 30   6.03 6.20 5.80 5.00 4.04 3.19 2.40 1.78 1.32 1.20 2.70 4.85 5.81 6.04 5.79 5.00 4.07 3.20 2.44 1.91 1.50 1.33 2.32 4.20
 31   5.65 6.00 5.93 5.30 4.47 3.58 2.76 2.10 1.62 1.30 2.00 4.01 5.31 5.79 5.80 5.20 4.39 3.50 2.80 2.21 1.80 1.53 1.77 3.40
 ----------------------------------------------------------------------------------------------------------------------------
                                                                                               
 ----------------------------------------------------------------------------------------------------------------------------
 ----------------------------------------------------------------------------------------------------------------------------
                                                          SURVEY OF INDIA
                                                    MARINE GEODESY WING (G&RB)
                                                     HOURLY HEIGHTS IN METRES
  NAME OF PORT:- DIAMOND HARBOUR                                                                    MONTH SEPT      YEAR 2014
 ----------------------------------------------------------------------------------------------------------------------------
 DAYS 0000 0001 0002 0003 0004 0005 0006 0007 0008 0009 0010 0011 0012 0013 0014 0015 0016 0017 0018 0019 0020 0021 0022 0023
 ----------------------------------------------------------------------------------------------------------------------------
  1   5.10 5.80 6.00 5.66 4.89 4.08 3.33 2.70 2.21 1.90 1.90 3.00 4.18 5.18 5.60 5.52 4.88 4.15 3.40 2.82 2.34 1.90 1.70 2.50
  2   3.86 5.01 5.62 5.65 5.20 4.52 3.80 3.17 2.58 2.17 2.00 2.48 3.48 4.41 5.01 5.20 4.98 4.39 3.72 3.13 2.60 2.15 1.87 1.97
  3   3.00 4.00 4.78 5.18 5.20 4.78 4.19 3.60 3.10 2.65 2.30 2.10 2.46 3.19 3.92 4.52 4.80 4.78 4.40 3.93 3.43 2.97 2.50 2.17
  4   2.18 2.90 3.62 4.29 4.72 4.93 4.84 4.43 3.96 3.43 3.00 2.60 2.33 2.20 2.60 3.29 3.98 4.52 4.75 4.60 4.19 3.65 3.12 2.66
  5   2.27 2.00 2.00 2.60 3.41 4.21 4.80 5.10 5.00 4.58 3.97 3.30 2.73 2.30 1.98 1.85 2.40 3.35 4.34 4.96 5.17 4.89 4.27 3.59
  6   2.89 2.38 2.00 1.80 1.90 2.98 4.13 5.06 5.60 5.66 5.19 4.40 3.65 2.99 2.40 1.96 1.70 2.12 3.28 4.42 5.41 5.80 5.51 4.84
  7   4.00 3.20 2.53 2.01 1.70 1.61 2.80 4.57 5.80 6.26 6.13 5.40 4.58 3.70 2.88 2.20 1.72 1.38 1.60 3.50 5.25 6.15 6.22 5.87
  8   5.00 4.05 3.19 2.36 1.70 1.22 1.05 2.70 5.20 6.35 6.60 6.25 5.45 4.46 3.40 2.52 1.90 1.40 1.00 1.32 4.53 6.00 6.50 6.47
  9   5.80 4.92 3.90 2.90 2.03 1.38 0.90 0.78 3.60 5.81 6.67 6.70 6.13 5.13 4.10 3.10 2.22 1.58 1.00 0.69 1.60 5.10 6.53 6.82
 10   6.49 5.70 4.70 3.62 2.72 1.97 1.32 0.83 0.90 4.37 6.30 6.73 6.60 6.00 5.00 3.90 2.94 2.10 1.42 0.96 0.70 2.86 5.90 6.62
 11   6.60 6.00 5.17 4.20 3.27 2.42 1.65 1.08 0.78 1.97 5.24 6.42 6.60 6.26 5.41 4.40 3.40 2.57 1.82 1.27 0.83 0.90 4.00 6.14
 12   6.53 6.40 5.80 4.85 3.82 2.93 2.14 1.50 1.00 0.87 3.00 5.43 6.20 6.28 5.90 5.08 4.01 3.10 2.29 1.66 1.19 0.90 2.00 4.90
 13   6.10 6.26 6.00 5.27 4.30 3.40 2.57 1.88 1.37 1.07 1.56 3.96 5.57 5.99 5.90 5.30 4.41 3.50 2.70 2.04 1.55 1.20 1.38 3.20
 14   5.10 5.82 5.95 5.58 4.78 3.80 2.98 2.30 1.80 1.42 1.49 2.92 4.39 5.32 5.60 5.38 4.66 3.88 3.13 2.43 1.92 1.58 1.50 2.32
 15   3.60 4.78 5.40 5.38 4.80 4.05 3.38 2.78 2.20 1.82 1.78 2.56 3.60 4.54 5.10 5.20 4.80 4.19 3.49 2.91 2.40 2.01 1.82 2.32
 16   3.30 4.22 4.85 5.14 4.96 4.40 3.80 3.20 2.76 2.40 2.20 2.40 2.97 3.60 4.20 4.61 4.65 4.30 3.80 3.30 2.87 2.50 2.30 2.30
 17   2.70 3.28 3.90 4.40 4.62 4.48 4.13 3.74 3.37 2.99 2.70 2.56 2.63 3.01 3.41 3.81 4.15 4.30 4.20 3.92 3.60 3.25 3.00 2.80
 18   2.70 2.73 3.12 3.57 3.98 4.32 4.50 4.40 4.10 3.74 3.39 3.05 2.75 2.58 2.61 3.00 3.47 3.94 4.31 4.50 4.41 4.10 3.72 3.33
 19   2.90 2.60 2.43 2.68 3.27 3.81 4.34 4.70 4.82 4.60 4.20 3.77 3.30 2.90 2.57 2.40 2.74 3.34 4.01 4.60 4.95 4.90 4.53 4.03
 20   3.48 3.02 2.64 2.36 2.42 3.21 3.99 4.67 5.15 5.28 5.05 4.60 4.07 3.55 3.06 2.60 2.28 2.40 3.20 4.18 5.01 5.39 5.26 4.80
 21   4.14 3.59 3.08 2.60 2.22 2.22 3.25 4.40 5.30 5.75 5.67 5.08 4.40 3.70 3.04 2.47 2.02 1.86 2.55 3.70 4.78 5.58 5.58 5.09
 22   4.40 3.78 3.17 2.59 2.10 1.81 2.18 3.60 4.80 5.57 5.74 5.40 4.68 3.90 3.18 2.52 1.91 1.48 1.38 2.60 4.19 5.34 5.70 5.62
 23   4.98 4.18 3.40 2.60 1.98 1.50 1.30 2.00 3.81 5.20 5.78 5.80 5.30 4.45 3.58 2.78 2.10 1.60 1.20 1.26 3.00 4.88 5.76 5.93
 24   5.52 4.80 3.98 3.12 2.39 1.79 1.27 1.13 2.85 4.98 5.90 6.10 5.78 4.98 4.02 3.20 2.44 1.85 1.34 1.04 2.18 4.30 5.80 6.14
 25   5.80 5.12 4.32 3.46 2.63 1.90 1.32 1.01 1.80 4.16 5.58 6.08 5.98 5.38 4.50 3.58 2.70 2.00 1.41 1.08 1.23 3.37 5.32 6.12
 26   6.10 5.52 4.69 3.80 3.00 2.22 1.60 1.12 1.01 3.17 5.18 5.94 6.05 5.65 4.82 3.82 3.00 2.22 1.62 1.20 0.98 2.40 4.75 5.90
 27   6.20 5.85 5.04 4.19 3.30 2.50 1.80 1.26 0.92 1.53 4.13 5.48 5.87 5.79 5.17 4.21 3.26 2.40 1.73 1.20 0.90 1.08 3.34 5.39
 28   6.00 6.00 5.50 4.65 3.70 2.82 2.09 1.52 1.05 0.96 2.73 4.84 5.57 5.69 5.38 4.60 3.70 2.82 2.10 1.50 1.10 0.95 2.26 4.42
 29   5.53 5.87 5.80 5.19 4.27 3.30 2.47 1.80 1.30 1.00 1.58 3.67 4.94 5.39 5.38 4.80 4.03 3.22 2.50 1.89 1.40 1.12 1.20 3.06
 30   4.70 5.40 5.54 5.28 4.60 3.80 3.00 2.27 1.70 1.32 1.23 2.40 4.00 4.90 5.14 5.00 4.40 3.60 2.90 2.30 1.81 1.41 1.26 2.20
 ----------------------------------------------------------------------------------------------------------------------------
                                                                                               
 ----------------------------------------------------------------------------------------------------------------------------
 ----------------------------------------------------------------------------------------------------------------------------
                                                          SURVEY OF INDIA
                                                    MARINE GEODESY WING (G&RB)
                                                     HOURLY HEIGHTS IN METRES
  NAME OF PORT:- DIAMOND HARBOUR                                                                    MONTH OCTOBER   YEAR 2014
 ----------------------------------------------------------------------------------------------------------------------------
 DAYS 0000 0001 0002 0003 0004 0005 0006 0007 0008 0009 0010 0011 0012 0013 0014 0015 0016 0017 0018 0019 0020 0021 0022 0023
 ----------------------------------------------------------------------------------------------------------------------------
  1   3.81 4.81 5.20 5.20 4.78 4.02 3.36 2.71 2.19 1.77 1.50 1.80 2.87 3.92 4.60 4.84 4.62 4.05 3.34 2.78 2.28 1.91 1.66 1.68
  2   2.61 3.65 4.50 4.94 4.96 4.52 3.90 3.32 2.78 2.26 1.97 1.80 2.20 3.00 3.80 4.40 4.62 4.58 4.13 3.51 2.98 2.50 2.14 1.93
  3   1.98 2.60 3.41 4.21 4.73 4.90 4.70 4.26 3.70 3.17 2.65 2.22 2.00 1.98 2.50 3.21 3.92 4.41 4.60 4.40 4.00 3.50 3.00 2.59
  4   2.20 1.98 1.92 2.60 3.52 4.30 4.81 5.00 4.78 4.20 3.60 3.00 2.46 2.05 1.79 1.71 2.40 3.39 4.29 4.87 5.00 4.60 3.99 3.30
  5   2.67 2.18 1.80 1.58 1.78 2.81 3.91 4.80 5.24 5.20 4.60 3.86 3.19 2.55 2.00 1.57 1.30 1.93 3.34 4.58 5.21 5.40 5.02 4.30
  6   3.48 2.80 2.20 1.70 1.37 1.26 2.48 4.01 5.32 5.70 5.60 5.00 4.19 3.25 2.48 1.88 1.39 1.01 1.38 3.70 5.20 5.90 5.99 5.51
  7   4.67 3.80 3.00 2.20 1.52 1.03 0.98 2.60 4.74 5.83 6.06 5.72 4.90 3.90 3.01 2.26 1.62 1.13 0.80 2.00 4.40 5.80 6.21 6.07
  8   5.28 4.40 3.57 2.73 1.99 1.38 0.92 0.99 3.58 5.50 6.26 6.20 5.60 4.67 3.62 2.70 1.98 1.37 0.90 0.71 2.75 5.30 6.38 6.40
  9   5.80 4.98 4.06 3.19 2.37 1.62 1.10 0.79 1.50 4.60 5.94 6.28 6.00 5.27 4.30 3.30 2.41 1.72 1.19 0.80 0.98 4.00 6.06 6.59
 10   6.42 5.81 5.00 4.00 3.03 2.20 1.50 1.00 0.83 3.29 5.60 6.40 6.50 6.00 5.10 4.00 3.05 2.21 1.60 1.18 0.90 2.60 5.39 6.46
 11   6.74 6.40 5.65 4.78 3.79 2.86 2.10 1.50 1.19 2.28 4.75 6.19 6.57 6.38 5.63 4.60 3.58 2.70 2.00 1.50 1.25 1.90 4.31 5.98
 12   6.56 6.50 5.93 5.01 4.12 3.20 2.40 1.88 1.61 2.00 3.73 5.28 6.00 6.19 5.78 4.96 4.00 3.19 2.47 1.95 1.60 1.76 3.37 5.20
 13   6.19 6.34 6.00 5.20 4.39 3.56 2.80 2.27 1.90 1.88 2.82 4.18 5.30 5.80 5.72 5.09 4.30 3.51 2.80 2.26 1.92 1.78 2.60 4.12
 14   5.30 5.76 5.77 5.30 4.60 3.80 3.10 2.58 2.16 1.92 2.22 3.22 4.20 5.00 5.20 5.00 4.40 3.78 3.15 2.60 2.17 1.90 1.92 2.99
 15   4.20 4.89 5.17 5.11 4.55 3.98 3.40 2.90 2.42 2.10 2.03 2.61 3.40 4.12 4.58 4.70 4.45 4.00 3.45 2.98 2.57 2.20 2.10 2.59
 16   3.30 3.95 4.40 4.68 4.60 4.22 3.75 3.24 2.84 2.50 2.27 2.30 2.66 3.15 3.60 4.00 4.20 4.12 3.82 3.45 3.06 2.72 2.42 2.30
 17   2.55 3.02 3.51 3.95 4.27 4.40 4.19 3.85 3.43 3.02 2.68 2.41 2.37 2.51 2.88 3.25 3.66 4.00 4.14 4.04 3.78 3.44 3.13 2.85
 18   2.58 2.46 2.72 3.20 3.60 3.98 4.20 4.30 4.19 3.82 3.42 3.00 2.60 2.35 2.18 2.30 2.80 3.36 3.92 4.36 4.50 4.24 3.80 3.30
 19   2.86 2.46 2.20 2.10 2.49 3.20 3.90 4.43 4.70 4.60 4.18 3.62 3.10 2.60 2.20 1.97 1.90 2.58 3.39 4.20 4.78 4.94 4.60 4.00
 20   3.38 2.85 2.40 2.06 1.80 2.08 3.05 3.95 4.68 4.95 4.80 4.20 3.59 2.99 2.40 1.99 1.66 1.57 2.50 3.60 4.60 5.15 5.18 4.61
 21   3.88 3.21 2.63 2.16 1.76 1.57 2.18 3.54 4.68 5.12 5.20 4.80 4.13 3.40 2.73 2.13 1.70 1.40 1.60 3.08 4.48 5.29 5.50 5.28
 22   4.51 3.79 3.04 2.39 1.79 1.41 1.40 2.46 4.05 5.09 5.40 5.26 4.65 3.85 3.07 2.40 1.80 1.39 1.16 2.07 3.72 5.19 5.76 5.71
 23   5.10 4.38 3.60 2.80 2.11 1.50 1.18 1.65 3.28 4.85 5.52 5.60 5.20 4.41 3.54 2.72 2.02 1.52 1.13 1.10 2.70 4.60 5.80 6.00
 24   5.61 4.90 4.06 3.22 2.42 1.80 1.30 1.00 2.02 3.92 5.25 5.70 5.59 4.93 4.05 3.16 2.40 1.75 1.20 0.97 1.60 4.00 5.60 6.05
 25   6.00 5.40 4.59 3.68 2.80 2.08 1.50 1.10 1.18 3.10 4.88 5.71 5.79 5.30 4.48 3.58 2.70 1.99 1.40 1.01 0.91 2.48 4.86 5.90
 26   6.17 5.80 5.06 4.18 3.25 2.40 1.78 1.30 1.00 1.93 4.15 5.38 5.70 5.59 4.93 4.00 3.07 2.30 1.70 1.29 1.02 1.26 3.69 5.40
 27   6.00 6.00 5.53 4.65 3.70 2.80 2.03 1.43 1.02 1.04 3.13 4.90 5.57 5.66 5.30 4.51 3.57 2.70 2.00 1.51 1.20 1.05 2.56 4.68
 28   5.61 5.87 5.80 5.16 4.24 3.30 2.50 1.88 1.40 1.18 1.90 3.90 5.01 5.37 5.36 4.85 4.00 3.20 2.47 1.90 1.47 1.22 1.40 3.35
 29   4.99 5.50 5.60 5.25 4.50 3.65 2.90 2.26 1.79 1.42 1.40 2.72 4.17 4.90 5.12 5.00 4.40 3.67 2.96 2.31 1.82 1.51 1.40 2.47
 30   4.07 4.93 5.29 5.33 4.85 4.19 3.45 2.80 2.23 1.81 1.59 1.80 3.04 4.20 4.73 4.90 4.76 4.20 3.60 3.00 2.43 2.00 1.76 1.77
 31   3.00 4.10 4.78 5.07 5.10 4.78 4.12 3.44 2.85 2.37 1.98 1.71 1.98 2.72 3.60 4.30 4.64 4.60 4.20 3.65 3.15 2.67 2.26 1.97
 ----------------------------------------------------------------------------------------------------------------------------
                                                                                               
 ----------------------------------------------------------------------------------------------------------------------------
 ----------------------------------------------------------------------------------------------------------------------------
                                                          SURVEY OF INDIA
                                                    MARINE GEODESY WING (G&RB)
                                                     HOURLY HEIGHTS IN METRES
  NAME OF PORT:- DIAMOND HARBOUR                                                                    MONTH NOVEMBER  YEAR 2014
 ----------------------------------------------------------------------------------------------------------------------------
 DAYS 0000 0001 0002 0003 0004 0005 0006 0007 0008 0009 0010 0011 0012 0013 0014 0015 0016 0017 0018 0019 0020 0021 0022 0023
 ----------------------------------------------------------------------------------------------------------------------------
  1   1.82 2.26 3.01 3.81 4.49 4.88 4.78 4.20 3.60 3.00 2.52 2.10 1.86 1.81 2.30 3.11 3.89 4.50 4.66 4.47 4.00 3.50 3.01 2.55
  2   2.14 1.91 1.85 2.62 3.55 4.30 4.78 4.90 4.60 4.00 3.40 2.80 2.30 1.98 1.77 1.73 2.60 3.60 4.42 4.89 4.93 4.59 3.96 3.30
  3   2.68 2.20 1.88 1.72 2.02 3.18 4.23 4.90 5.11 4.98 4.37 3.60 2.95 2.36 1.90 1.60 1.48 2.27 3.60 4.71 5.23 5.29 4.90 4.17
  4   3.34 2.70 2.20 1.80 1.56 1.70 2.98 4.22 5.06 5.30 5.12 4.50 3.73 3.00 2.33 1.80 1.40 1.20 2.18 4.00 5.18 5.60 5.60 5.02
  5   4.15 3.37 2.66 2.07 1.60 1.31 1.40 3.00 4.65 5.43 5.60 5.22 4.50 3.63 2.87 2.20 1.66 1.24 1.00 2.60 4.69 5.70 5.96 5.80
  6   5.15 4.38 3.52 2.71 1.99 1.40 1.07 1.50 3.58 5.08 5.65 5.61 5.00 4.20 3.40 2.60 1.97 1.40 1.00 1.00 3.38 5.39 6.07 6.14
  7   5.65 4.95 4.08 3.20 2.40 1.78 1.26 1.00 2.32 4.47 5.60 5.90 5.60 4.83 3.97 3.12 2.38 1.77 1.28 0.99 1.80 4.08 5.68 6.10
  8   6.02 5.43 4.60 3.71 2.83 2.11 1.55 1.18 1.19 3.06 4.94 5.70 5.82 5.43 4.65 3.76 2.90 2.18 1.58 1.14 1.11 2.98 4.96 6.03
  9   6.30 5.90 5.07 4.10 3.20 2.40 1.80 1.34 1.10 2.22 4.35 5.52 5.84 5.73 5.09 4.19 3.20 2.42 1.81 1.36 1.11 1.90 4.18 5.60
 10   6.02 6.00 5.50 4.63 3.67 2.80 2.15 1.63 1.30 1.43 3.23 4.70 5.33 5.47 5.13 4.40 3.59 2.81 2.19 1.65 1.31 1.32 2.92 4.64
 11   5.56 5.74 5.60 5.00 4.18 3.28 2.59 2.00 1.61 1.40 2.22 3.70 4.75 5.20 5.17 4.62 3.87 3.18 2.50 2.00 1.65 1.50 2.28 3.68
 12   4.85 5.34 5.40 5.02 4.40 3.60 2.90 2.32 1.90 1.64 1.80 2.90 3.96 4.69 4.93 4.80 4.20 3.56 2.98 2.41 2.00 1.77 1.80 2.92
 13   4.20 4.88 5.12 5.10 4.62 3.93 3.21 2.64 2.20 1.90 1.78 2.30 3.20 4.00 4.52 4.64 4.40 3.85 3.26 2.72 2.30 2.00 1.86 2.36
 14   3.39 4.13 4.59 4.79 4.70 4.24 3.60 3.05 2.60 2.22 2.00 2.06 2.72 3.40 4.00 4.38 4.41 4.18 3.70 3.20 2.79 2.41 2.20 2.18
 15   2.83 3.49 4.00 4.40 4.59 4.40 3.99 3.46 2.99 2.58 2.27 2.08 2.20 2.73 3.22 3.76 4.17 4.30 4.16 3.80 3.40 3.00 2.66 2.40
 16   2.34 2.70 3.20 3.70 4.10 4.33 4.31 4.05 3.62 3.19 2.78 2.40 2.15 2.12 2.47 2.95 3.44 3.96 4.32 4.37 4.12 3.66 3.20 2.78
 17   2.40 2.23 2.35 2.86 3.40 3.94 4.26 4.40 4.29 3.80 3.29 2.80 2.39 2.02 1.87 2.00 2.60 3.36 4.13 4.60 4.70 4.40 3.82 3.27
 18   2.71 2.30 2.00 1.89 2.32 3.01 3.70 4.27 4.54 4.46 4.00 3.40 2.90 2.41 2.05 1.80 1.72 2.40 3.38 4.26 4.81 5.00 4.62 4.00
 19   3.35 2.72 2.28 1.93 1.76 2.00 2.95 3.85 4.55 4.80 4.68 4.10 3.46 2.82 2.30 1.89 1.60 1.60 2.53 3.74 4.80 5.30 5.30 4.80
 20   4.10 3.32 2.70 2.20 1.79 1.55 2.12 3.30 4.39 4.94 5.04 4.61 3.98 3.28 2.68 2.13 1.70 1.40 1.60 2.94 4.18 5.27 5.65 5.40
 21   4.71 3.97 3.20 2.50 1.91 1.45 1.40 2.50 3.80 4.83 5.30 5.27 4.62 3.80 3.06 2.40 1.84 1.47 1.20 1.90 3.58 5.02 5.92 5.99
 22   5.46 4.68 3.88 3.08 2.34 1.74 1.38 1.41 3.10 4.60 5.38 5.56 5.20 4.45 3.61 2.84 2.20 1.65 1.26 1.18 2.63 4.70 5.87 6.13
 23   5.95 5.26 4.41 3.54 2.73 2.00 1.40 1.11 1.85 3.84 5.10 5.60 5.60 5.00 4.18 3.30 2.53 1.92 1.41 1.12 1.39 3.68 5.36 6.06
 24   6.20 5.88 5.03 4.05 3.18 2.33 1.63 1.20 1.12 2.68 4.47 5.40 5.68 5.52 4.80 3.86 3.00 2.25 1.70 1.25 1.00 2.20 4.54 5.74
 25   6.10 6.02 5.47 4.60 3.70 2.82 2.10 1.58 1.20 1.38 3.27 4.85 5.50 5.59 5.10 4.36 3.50 2.76 2.10 1.58 1.20 1.15 2.97 4.98
 26   5.86 6.00 5.71 4.97 4.12 3.28 2.53 1.91 1.40 1.18 1.83 3.70 4.98 5.45 5.40 4.80 4.00 3.22 2.60 2.02 1.60 1.31 1.52 3.25
 27   4.93 5.58 5.74 5.42 4.60 3.78 2.95 2.26 1.78 1.40 1.30 2.42 3.85 4.87 5.20 5.15 4.55 3.80 3.07 2.45 2.00 1.62 1.45 2.07
 28   3.80 4.87 5.38 5.44 5.10 4.34 3.57 2.80 2.22 1.80 1.54 1.61 2.70 3.81 4.65 4.98 4.83 4.27 3.60 2.98 2.50 2.10 1.80 1.70
 29   2.66 3.87 4.72 5.12 5.20 4.80 4.10 3.40 2.80 2.26 1.87 1.60 1.68 2.62 3.62 4.40 4.70 4.68 4.29 3.70 3.10 2.58 2.18 1.89
 30   1.80 2.50 3.54 4.39 4.84 4.93 4.64 4.06 3.40 2.80 2.32 1.90 1.66 1.70 2.51 3.40 4.12 4.53 4.60 4.28 3.77 3.22 2.80 2.45
 ----------------------------------------------------------------------------------------------------------------------------
                                                                                               
 ----------------------------------------------------------------------------------------------------------------------------
 ----------------------------------------------------------------------------------------------------------------------------
                                                          SURVEY OF INDIA
                                                    MARINE GEODESY WING (G&RB)
                                                     HOURLY HEIGHTS IN METRES
  NAME OF PORT:- DIAMOND HARBOUR                                                                    MONTH DECEMBER  YEAR 2014
 ----------------------------------------------------------------------------------------------------------------------------
 DAYS 0000 0001 0002 0003 0004 0005 0006 0007 0008 0009 0010 0011 0012 0013 0014 0015 0016 0017 0018 0019 0020 0021 0022 0023
 ----------------------------------------------------------------------------------------------------------------------------
  1   2.17 1.90 2.22 3.00 3.78 4.40 4.70 4.66 4.17 3.51 2.93 2.40 2.00 1.70 1.58 2.12 3.08 3.98 4.58 4.80 4.68 4.20 3.62 3.12
  2   2.62 2.14 1.80 1.80 2.65 3.55 4.27 4.68 4.80 4.40 3.79 3.12 2.57 2.12 1.75 1.54 1.75 2.80 3.82 4.60 4.96 4.90 4.45 3.80
  3   3.13 2.60 2.18 1.83 1.65 2.38 3.38 4.20 4.74 4.88 4.50 3.82 3.20 2.60 2.10 1.71 1.45 1.60 2.80 4.00 4.92 5.30 5.20 4.60
  4   3.85 3.20 2.60 2.10 1.70 1.50 2.18 3.40 4.54 4.99 5.02 4.62 3.98 3.21 2.58 2.00 1.60 1.38 1.56 3.05 4.45 5.34 5.56 5.31
  5   4.59 3.88 3.20 2.51 1.94 1.51 1.31 2.21 3.78 4.82 5.20 5.17 4.60 3.84 3.10 2.42 1.91 1.51 1.25 1.64 3.30 4.87 5.65 5.75
  6   5.30 4.60 3.80 3.02 2.39 1.82 1.42 1.38 2.70 4.18 5.07 5.34 5.10 4.40 3.60 2.85 2.20 1.71 1.38 1.20 2.38 4.14 5.40 5.81
  7   5.73 5.18 4.38 3.47 2.71 2.07 1.59 1.30 1.73 3.28 4.58 5.19 5.27 4.90 4.18 3.32 2.59 2.00 1.55 1.20 1.40 3.18 4.78 5.61
  8   5.80 5.45 4.70 3.80 3.00 2.32 1.79 1.40 1.30 2.22 3.81 4.90 5.20 5.16 4.59 3.79 3.00 2.39 1.86 1.43 1.20 2.30 3.98 5.15
  9   5.64 5.63 5.06 4.20 3.40 2.70 2.10 1.62 1.33 1.57 3.00 4.28 4.97 5.15 4.80 4.17 3.38 2.70 2.10 1.67 1.38 1.42 2.90 4.37
 10   5.28 5.50 5.39 4.78 3.99 3.19 2.48 1.91 1.50 1.40 2.29 3.60 4.56 5.00 5.00 4.50 3.80 3.08 2.40 1.90 1.58 1.40 2.12 3.56
 11   4.80 5.21 5.30 4.99 4.22 3.45 2.79 2.20 1.79 1.52 1.60 2.70 3.85 4.60 4.84 4.63 4.05 3.38 2.73 2.20 1.84 1.60 1.65 2.80
 12   4.01 4.69 4.97 4.90 4.42 3.70 3.00 2.40 1.94 1.62 1.50 2.19 3.16 4.10 4.54 4.60 4.20 3.58 2.99 2.42 2.03 1.78 1.60 2.18
 13   3.22 4.15 4.60 4.80 4.60 4.00 3.30 2.72 2.21 1.88 1.68 1.80 2.66 3.57 4.20 4.50 4.43 4.00 3.40 2.84 2.39 2.03 1.80 1.81
 14   2.66 3.60 4.22 4.60 4.60 4.20 3.60 3.04 2.55 2.13 1.82 1.77 2.25 3.00 3.70 4.25 4.44 4.28 3.80 3.30 2.80 2.40 2.11 1.91
 15   2.21 2.81 3.48 4.05 4.40 4.39 4.00 3.49 2.98 2.51 2.16 1.90 1.91 2.39 3.00 3.60 4.10 4.38 4.27 3.80 3.30 2.86 2.52 2.30
 16   2.12 2.37 2.90 3.41 3.90 4.20 4.24 4.02 3.55 3.01 2.54 2.18 1.91 1.86 2.22 2.80 3.40 4.00 4.40 4.40 4.10 3.70 3.28 2.85
 17   2.40 2.08 2.10 2.60 3.17 3.66 4.00 4.16 3.98 3.50 3.00 2.52 2.15 1.86 1.70 1.90 2.57 3.34 4.10 4.54 4.59 4.30 3.80 3.30
 18   2.80 2.30 1.99 1.85 2.35 3.09 3.74 4.19 4.40 4.25 3.79 3.22 2.75 2.30 1.91 1.60 1.60 2.50 3.60 4.40 4.80 4.80 4.52 3.92
 19   3.32 2.76 2.30 1.92 1.66 1.85 2.71 3.60 4.28 4.50 4.31 3.78 3.20 2.62 2.19 1.80 1.52 1.40 2.30 3.50 4.60 5.13 5.18 4.65
 20   3.94 3.37 2.80 2.30 1.87 1.56 1.69 2.81 3.90 4.62 4.80 4.58 3.88 3.20 2.60 2.10 1.71 1.40 1.35 2.60 3.98 5.02 5.50 5.42
 21   4.80 4.06 3.32 2.62 2.01 1.59 1.31 1.96 3.24 4.40 4.95 5.01 4.63 3.90 3.14 2.50 1.98 1.50 1.20 1.20 2.80 4.48 5.59 5.80
 22   5.40 4.70 3.92 3.10 2.39 1.78 1.30 1.03 1.90 3.63 4.83 5.25 5.19 4.59 3.77 3.00 2.37 1.80 1.34 1.00 1.30 3.60 5.27 5.90
 23   5.83 5.30 4.42 3.58 2.75 2.01 1.42 1.05 1.00 2.56 4.40 5.30 5.50 5.17 4.41 3.60 2.80 2.12 1.58 1.17 0.90 2.10 4.33 5.64
 24   6.04 5.90 5.27 4.42 3.58 2.70 1.92 1.34 0.96 1.10 3.14 4.98 5.48 5.44 4.96 4.18 3.35 2.59 1.92 1.40 1.10 1.01 2.60 4.70
 25   5.72 5.90 5.59 4.80 3.99 3.12 2.30 1.65 1.20 0.96 1.60 3.55 4.94 5.34 5.26 4.61 3.81 3.09 2.40 1.83 1.42 1.20 1.28 3.14
 26   5.01 5.60 5.70 5.34 4.60 3.72 2.85 2.10 1.58 1.20 1.05 2.11 3.82 4.92 5.23 5.17 4.56 3.70 2.97 2.32 1.81 1.45 1.25 1.85
 27   3.60 4.85 5.29 5.40 5.07 4.26 3.42 2.68 2.08 1.63 1.35 1.30 2.60 3.98 4.64 4.93 4.80 4.20 3.45 2.80 2.27 1.86 1.55 1.40
 28   2.20 3.85 4.66 5.00 5.00 4.58 3.80 3.07 2.43 1.99 1.62 1.40 1.55 2.67 3.77 4.50 4.72 4.58 4.06 3.45 2.87 2.32 1.97 1.70
 29   1.73 2.73 3.77 4.51 4.79 4.70 4.17 3.56 2.97 2.40 2.00 1.69 1.52 1.88 2.80 3.70 4.38 4.60 4.46 4.00 3.40 2.86 2.40 2.08
 30   1.82 1.80 2.65 3.58 4.20 4.50 4.54 4.20 3.60 3.00 2.48 2.06 1.79 1.60 1.92 2.73 3.58 4.20 4.55 4.50 4.17 3.60 3.07 2.56
 31   2.10 1.87 1.81 2.58 3.40 4.01 4.40 4.50 4.30 3.77 3.19 2.61 2.18 1.87 1.62 1.78 2.60 3.40 4.19 4.59 4.62 4.28 3.80 3.33
 ----------------------------------------------------------------------------------------------------------------------------
                                                                                               
 ----------------------------------------------------------------------------------------------------------------------------
 ----------------------------------------------------------------------------------------------------------------------------
