                                                          SURVEY OF INDIA
                                                    MARINE GEODESY WING (G&RB)
                                                     HOURLY HEIGHTS IN METRES
  NAME OF PORT:- DIAMOND HARBOUR                                                                    MONTH JANUARY   YEAR 2010
 ----------------------------------------------------------------------------------------------------------------------------
 DAYS 0000 0001 0002 0003 0004 0005 0006 0007 0008 0009 0010 0011 0012 0013 0014 0015 0016 0017 0018 0019 0020 0021 0022 0023
 ----------------------------------------------------------------------------------------------------------------------------
  1   5.42 4.78 4.10 3.36 2.61 1.97 1.37 1.00 1.22 2.77 4.20 4.90 4.97 4.49 3.79 3.06 2.38 1.70 1.20 0.90 0.88 2.82 4.65 5.50
  2   5.64 5.28 4.57 3.77 2.99 2.21 1.56 1.05 0.78 1.20 3.19 4.60 5.06 4.98 4.35 3.60 2.91 2.22 1.63 1.15 0.80 0.92 3.59 5.10
  3   5.68 5.76 5.20 4.37 3.49 2.64 1.94 1.32 0.90 0.65 1.80 3.89 5.02 5.27 5.00 4.28 3.50 2.74 2.00 1.45 1.00 0.85 1.78 4.38
  4   5.44 5.63 5.52 4.92 4.14 3.30 2.50 1.79 1.26 0.90 0.88 2.51 4.20 5.05 5.20 4.84 4.18 3.40 2.63 2.00 1.51 1.20 1.05 3.00
  5   4.74 5.23 5.39 5.18 4.57 3.80 3.00 2.25 1.66 1.27 0.99 1.17 2.77 4.19 4.83 4.96 4.58 3.86 3.11 2.40 1.87 1.50 1.25 1.31
  6   3.62 4.68 5.08 5.16 4.89 4.19 3.40 2.70 2.07 1.61 1.29 1.17 1.97 3.19 4.21 4.70 4.70 4.24 3.59 2.95 2.38 1.90 1.53 1.30
  7   2.23 3.81 4.49 4.74 4.80 4.40 3.70 3.00 2.37 1.84 1.50 1.30 1.38 2.30 3.29 4.10 4.48 4.45 3.98 3.35 2.78 2.29 1.89 1.63
  8   1.51 2.37 3.50 4.11 4.38 4.40 4.04 3.42 2.82 2.30 1.90 1.63 1.47 1.78 2.51 3.39 4.01 4.36 4.36 3.87 3.30 2.79 2.32 2.01
  9   1.80 1.90 2.56 3.29 3.82 4.08 4.15 3.81 3.33 2.83 2.35 1.95 1.70 1.58 1.99 2.62 3.31 3.94 4.36 4.35 4.01 3.59 3.18 2.74
 10   2.22 1.97 1.97 2.50 3.08 3.55 3.89 4.04 3.86 3.41 3.00 2.56 2.18 1.90 1.76 1.85 2.40 3.10 3.75 4.20 4.37 4.12 3.70 3.25
 11   2.77 2.39 2.08 1.95 2.16 2.57 3.11 3.63 4.00 4.00 3.69 3.22 2.78 2.35 1.98 1.70 1.64 2.26 3.12 3.85 4.40 4.64 4.56 4.03
 12   3.34 2.79 2.36 2.01 1.84 1.90 2.39 3.01 3.64 4.10 4.20 3.80 3.30 2.80 2.35 1.95 1.64 1.49 1.98 3.00 3.94 4.58 4.90 4.65
 13   3.71 3.31 2.78 2.29 1.93 1.69 1.68 2.29 3.18 3.85 4.28 4.30 3.84 3.30 2.76 2.22 1.85 1.59 1.46 2.07 3.24 4.38 4.90 5.08
 14   4.59 3.90 3.24 2.66 2.17 1.80 1.51 1.58 2.50 3.52 4.19 4.44 4.34 3.80 3.17 2.58 2.10 1.70 1.40 1.37 2.43 3.77 4.74 5.08
 15   5.00 4.50 3.85 3.17 2.50 1.94 1.50 1.27 1.60 2.80 3.85 4.48 4.65 4.29 3.65 3.00 2.40 1.92 1.55 1.30 1.61 3.20 4.63 5.18
 16   5.29 4.96 4.37 3.67 2.98 2.29 1.70 1.38 1.25 2.33 3.53 4.39 4.69 4.60 4.00 3.35 2.70 2.10 1.67 1.36 1.22 1.90 3.64 4.90
 17   5.37 5.30 4.73 4.06 3.34 2.60 1.90 1.48 1.19 1.48 2.84 4.17 4.78 4.85 4.44 3.73 3.05 2.40 1.89 1.49 1.20 1.38 3.10 4.54
 18   5.15 5.25 5.00 4.40 3.65 2.90 2.20 1.64 1.28 1.15 2.20 3.60 4.60 4.90 4.78 4.18 3.45 2.80 2.20 1.70 1.35 1.14 2.30 4.00
 19   4.92 5.20 5.20 4.75 4.02 3.26 2.53 1.94 1.46 1.21 1.60 3.03 4.20 4.79 4.90 4.49 3.79 3.12 2.48 1.91 1.52 1.25 1.40 3.22
 20   4.63 5.04 5.15 4.94 4.35 3.60 2.86 2.21 1.70 1.35 1.30 2.34 3.58 4.48 4.80 4.65 4.07 3.40 2.78 2.20 1.78 1.46 1.35 2.50
 21   4.20 4.80 4.99 4.90 4.45 3.79 3.06 2.40 1.84 1.45 1.27 1.80 2.99 4.00 4.60 4.70 4.30 3.68 3.05 2.48 2.01 1.70 1.54 2.18
 22   3.58 4.38 4.70 4.76 4.46 3.88 3.26 2.60 2.06 1.64 1.43 1.40 2.44 3.46 4.18 4.54 4.44 3.92 3.30 2.76 2.26 1.92 1.70 1.65
 23   2.70 3.60 4.16 4.40 4.42 4.08 3.46 2.80 2.22 1.80 1.50 1.36 1.86 2.83 3.67 4.20 4.40 4.19 3.60 3.08 2.60 2.20 1.90 1.75
 24   2.18 3.00 3.60 4.06 4.28 4.20 3.70 3.08 2.48 2.06 1.72 1.50 1.60 2.37 3.12 3.75 4.14 4.29 4.00 3.54 3.08 2.65 2.30 2.02
 25   1.88 2.42 3.07 3.62 3.98 4.10 3.92 3.50 3.00 2.50 2.12 1.80 1.60 1.70 2.28 2.98 3.58 4.02 4.28 4.09 3.72 3.30 2.92 2.56
 26   2.16 1.94 1.96 2.49 3.06 3.55 3.85 3.95 3.75 3.30 2.88 2.44 2.08 1.78 1.61 1.80 2.44 3.17 3.79 4.22 4.44 4.24 3.76 3.26
 27   2.66 2.26 1.94 1.76 2.00 2.60 3.19 3.66 4.04 4.08 3.70 3.20 2.74 2.27 1.90 1.60 1.42 1.76 2.68 3.60 4.40 4.75 4.66 4.13
 28   3.39 2.80 2.26 1.84 1.60 1.54 2.04 2.84 3.58 4.19 4.40 4.16 3.60 3.00 2.42 1.96 1.54 1.24 1.24 2.58 3.94 4.84 5.20 5.16
 29   4.40 3.72 3.12 2.54 2.00 1.56 1.20 1.40 2.80 4.04 4.66 4.80 4.48 3.80 3.10 2.44 1.88 1.42 1.10 0.94 2.32 4.38 5.26 5.62
 30   5.50 4.84 4.04 3.26 2.50 1.80 1.18 0.90 1.28 3.20 4.64 5.20 5.17 4.66 3.84 3.06 2.36 1.80 1.30 0.89 0.90 3.38 5.26 5.88
 31   5.88 5.24 4.42 3.60 2.80 2.08 1.44 0.98 0.74 1.80 4.18 5.40 5.60 5.32 4.59 3.72 2.86 2.08 1.48 1.02 0.68 1.60 4.58 5.78
 ----------------------------------------------------------------------------------------------------------------------------
                                                                                               
 ----------------------------------------------------------------------------------------------------------------------------
 ----------------------------------------------------------------------------------------------------------------------------
                                                          SURVEY OF INDIA
                                                    MARINE GEODESY WING (G&RB)
                                                     HOURLY HEIGHTS IN METRES
  NAME OF PORT:- DIAMOND HARBOUR                                                                    MONTH FEBRUARY  YEAR 2010
 ----------------------------------------------------------------------------------------------------------------------------
 DAYS 0000 0001 0002 0003 0004 0005 0006 0007 0008 0009 0010 0011 0012 0013 0014 0015 0016 0017 0018 0019 0020 0021 0022 0023
 ----------------------------------------------------------------------------------------------------------------------------
  1   6.05 5.73 5.00 4.17 3.27 2.38 1.61 1.07 0.73 0.55 2.70 5.10 5.75 5.72 5.14 4.38 3.50 2.64 1.86 1.20 0.79 0.64 2.60 5.12
  2   5.98 5.93 5.41 4.71 3.86 3.01 2.18 1.47 0.99 0.62 0.75 3.90 5.38 5.72 5.47 4.86 4.04 3.18 2.37 1.67 1.14 0.79 0.85 4.00
  3   5.44 5.65 5.55 5.00 4.22 3.38 2.53 1.85 1.31 0.89 0.73 2.17 4.18 5.15 5.46 5.19 4.53 3.72 2.90 2.20 1.59 1.19 1.00 2.00
  4   4.50 5.07 5.25 5.14 4.57 3.80 2.98 2.24 1.70 1.27 1.02 1.15 2.72 4.14 4.83 5.03 4.75 4.02 3.27 2.59 2.03 1.62 1.36 1.37
  5   3.08 4.04 4.60 4.79 4.59 4.00 3.30 2.63 2.03 1.59 1.30 1.16 1.90 3.13 4.05 4.52 4.59 4.20 3.62 3.10 2.61 2.17 1.80 1.61
  6   2.10 2.93 3.63 4.20 4.40 4.08 3.50 2.87 2.30 1.82 1.47 1.26 1.40 2.33 3.18 3.82 4.20 4.24 3.86 3.35 2.87 2.40 2.00 1.77
  7   1.80 2.30 2.87 3.41 3.80 3.90 3.62 3.15 2.63 2.20 1.86 1.57 1.43 1.80 2.47 3.13 3.67 3.99 4.00 3.65 3.22 2.82 2.46 2.18
  8   1.99 1.94 2.20 2.61 3.00 3.33 3.49 3.43 3.17 2.82 2.45 2.10 1.84 1.70 1.83 2.25 2.75 3.22 3.67 3.95 3.93 3.62 3.23 2.84
  9   2.38 2.07 1.86 1.94 2.24 2.60 2.99 3.34 3.54 3.48 3.24 2.90 2.49 2.15 1.83 1.65 1.75 2.24 2.90 3.54 4.07 4.29 4.20 3.74
 10   3.16 2.70 2.28 1.94 1.70 1.73 2.19 2.79 3.39 3.80 3.94 3.66 3.19 2.70 2.23 1.86 1.60 1.45 1.90 2.84 3.72 4.40 4.54 4.40
 11   3.75 3.19 2.66 2.20 1.81 1.48 1.42 2.16 3.03 3.72 4.06 4.08 3.65 3.14 2.60 2.10 1.68 1.40 1.24 1.72 3.06 4.14 4.67 4.86
 12   4.47 3.84 3.25 2.67 2.15 1.67 1.32 1.40 2.40 3.42 4.15 4.39 4.21 3.65 3.03 2.42 1.93 1.55 1.26 1.25 2.50 3.83 4.74 5.01
 13   4.85 4.22 3.60 2.96 2.35 1.81 1.35 1.04 1.72 3.14 4.21 4.65 4.67 4.21 3.49 2.80 2.20 1.70 1.32 1.13 1.67 3.38 4.70 5.13
 14   5.18 4.73 4.00 3.26 2.56 1.97 1.44 1.05 1.24 2.73 4.03 4.73 4.88 4.60 3.91 3.15 2.49 1.98 1.53 1.18 1.07 2.68 4.41 5.13
 15   5.34 5.12 4.47 3.70 2.91 2.14 1.51 1.07 0.83 2.13 3.67 4.62 4.97 4.87 4.27 3.50 2.74 2.12 1.60 1.21 0.98 1.92 3.92 4.95
 16   5.29 5.20 4.62 3.92 3.15 2.43 1.80 1.26 0.93 1.21 3.07 4.47 5.03 5.12 4.73 3.98 3.18 2.43 1.81 1.33 1.06 1.12 2.87 4.35
 17   5.10 5.20 4.89 4.22 3.46 2.74 2.04 1.46 1.07 0.97 2.32 4.00 4.95 5.20 4.97 4.33 3.53 2.78 2.07 1.55 1.22 1.03 1.82 3.41
 18   4.87 5.20 5.07 4.47 3.73 3.00 2.28 1.70 1.22 0.91 1.27 2.98 4.37 4.93 4.95 4.52 3.81 3.07 2.38 1.83 1.40 1.17 1.38 2.98
 19   4.46 4.98 5.03 4.62 3.93 3.22 2.52 1.90 1.39 1.10 1.10 2.58 3.95 4.74 4.93 4.75 4.10 3.40 2.72 2.14 1.67 1.35 1.32 2.42
 20   3.88 4.59 4.79 4.70 4.25 3.52 2.80 2.14 1.67 1.32 1.14 1.93 3.34 4.33 4.72 4.68 4.30 3.65 3.00 2.42 1.95 1.58 1.42 2.00
 21   3.39 4.14 4.47 4.53 4.26 3.67 3.01 2.40 1.90 1.54 1.28 1.46 2.53 3.50 4.17 4.46 4.39 3.88 3.28 2.73 2.23 1.84 1.60 1.70
 22   2.73 3.54 3.98 4.17 4.14 3.78 3.21 2.63 2.13 1.77 1.48 1.33 1.83 2.69 3.46 4.00 4.24 4.07 3.67 3.20 2.75 2.33 2.00 1.83
 23   2.01 2.63 3.24 3.63 3.81 3.84 3.58 3.13 2.61 2.20 1.87 1.62 1.55 2.00 2.70 3.32 3.78 4.00 4.03 3.72 3.32 2.92 2.57 2.28
 24   2.00 1.88 2.17 2.75 3.22 3.60 3.77 3.74 3.48 3.12 2.73 2.33 2.00 1.77 1.64 2.02 2.63 3.23 3.80 4.20 4.34 4.10 3.65 3.15
 25   2.54 2.13 1.83 1.75 2.12 2.67 3.21 3.67 4.00 4.00 3.60 3.10 2.63 2.17 1.77 1.43 1.34 1.88 2.94 3.78 4.41 4.66 4.47 3.92
 26   3.11 2.54 2.10 1.72 1.39 1.37 2.00 3.08 3.95 4.47 4.49 4.10 3.54 2.94 2.33 1.82 1.40 1.13 1.40 2.92 4.37 5.10 5.26 4.91
 27   3.94 3.20 2.54 1.98 1.46 1.04 0.88 1.59 3.30 4.60 5.03 4.97 4.47 3.72 2.94 2.22 1.63 1.19 0.90 1.03 3.27 5.02 5.63 5.67
 28   4.87 4.06 3.28 2.54 1.88 1.33 0.82 0.57 1.95 4.34 5.45 5.60 5.27 4.54 3.67 2.86 2.07 1.44 0.97 0.62 1.79 4.59 5.77 6.06
 ----------------------------------------------------------------------------------------------------------------------------
                                                                                               
 ----------------------------------------------------------------------------------------------------------------------------
 ----------------------------------------------------------------------------------------------------------------------------
                                                          SURVEY OF INDIA
                                                    MARINE GEODESY WING (G&RB)
                                                     HOURLY HEIGHTS IN METRES
  NAME OF PORT:- DIAMOND HARBOUR                                                                    MONTH MARCH     YEAR 2010
 ----------------------------------------------------------------------------------------------------------------------------
 DAYS 0000 0001 0002 0003 0004 0005 0006 0007 0008 0009 0010 0011 0012 0013 0014 0015 0016 0017 0018 0019 0020 0021 0022 0023
 ----------------------------------------------------------------------------------------------------------------------------
  1   5.70 5.06 4.37 3.54 2.70 1.87 1.12 0.60 0.41 3.46 5.28 6.01 5.90 5.21 4.35 3.41 2.53 1.80 1.21 0.78 0.48 2.91 5.33 6.20
  2   6.10 5.47 4.73 3.92 3.07 2.23 1.47 0.86 0.46 0.98 4.43 5.80 6.12 5.80 5.03 4.08 3.14 2.31 1.63 1.07 0.65 0.60 4.20 5.80
  3   6.14 5.88 5.18 4.34 3.47 2.61 1.80 1.15 0.67 0.43 2.80 4.95 5.88 5.98 5.52 4.67 3.75 2.85 2.03 1.41 0.93 0.62 1.89 4.82
  4   5.61 5.70 5.48 4.87 4.07 3.20 2.32 1.59 1.04 0.70 0.87 3.81 5.28 5.70 5.63 5.02 4.19 3.30 2.46 1.76 1.20 0.85 0.94 3.10
  5   4.79 5.25 5.34 5.05 4.35 3.57 2.73 2.00 1.41 1.03 0.87 2.53 4.06 4.95 5.26 5.15 4.53 3.73 2.93 2.27 1.80 1.44 1.24 2.47
  6   4.08 4.67 4.87 4.80 4.35 3.72 3.01 2.28 1.70 1.30 1.06 1.59 2.87 3.94 4.54 4.75 4.53 3.88 3.19 2.57 2.06 1.67 1.46 1.67
  7   3.14 3.92 4.33 4.48 4.40 3.90 3.20 2.53 1.99 1.60 1.34 1.41 2.41 3.34 4.05 4.41 4.50 4.14 3.52 2.97 2.49 2.07 1.78 1.72
  8   2.45 3.18 3.67 3.98 4.08 3.87 3.32 2.73 2.27 1.92 1.66 1.57 2.10 2.70 3.27 3.69 3.97 4.01 3.72 3.33 2.94 2.53 2.21 2.01
  9   2.08 2.44 2.82 3.15 3.39 3.48 3.40 3.09 2.79 2.46 2.18 1.98 2.00 2.22 2.54 2.90 3.23 3.56 3.75 3.78 3.61 3.31 3.01 2.70
 10   2.35 2.12 2.01 2.11 2.40 2.78 3.14 3.40 3.46 3.27 3.04 2.70 2.34 2.03 1.81 1.75 2.07 2.59 3.23 3.74 4.07 4.14 3.81 3.38
 11   2.86 2.44 2.04 1.74 1.63 1.90 2.50 3.12 3.63 3.87 3.83 3.45 3.03 2.55 2.10 1.73 1.50 1.65 2.41 3.25 3.97 4.44 4.52 4.13
 12   3.46 2.90 2.41 2.01 1.68 1.46 1.79 2.60 3.39 3.99 4.23 4.06 3.54 3.05 2.50 1.99 1.56 1.34 1.53 2.64 3.73 4.47 4.75 4.70
 13   3.96 3.33 2.73 2.23 1.80 1.43 1.23 1.91 3.10 4.02 4.47 4.54 4.19 3.53 2.90 2.29 1.80 1.40 1.20 1.99 3.52 4.58 5.00 5.10
 14   4.58 3.87 3.18 2.53 1.97 1.49 1.15 1.25 2.62 4.07 4.73 4.93 4.72 4.04 3.30 2.65 2.06 1.58 1.20 1.10 2.62 4.30 5.12 5.33
 15   5.15 4.48 3.74 2.99 2.27 1.67 1.18 0.96 2.07 3.88 4.87 5.21 5.17 4.62 3.87 3.07 2.34 1.80 1.33 1.02 1.70 3.77 4.94 5.40
 16   5.38 4.80 4.11 3.35 2.58 1.87 1.22 0.79 0.95 3.27 4.79 5.39 5.40 4.94 4.19 3.37 2.57 1.90 1.34 0.97 0.98 3.14 4.70 5.42
 17   5.55 5.16 4.48 3.71 2.86 2.10 1.40 0.86 0.65 2.20 4.18 5.15 5.45 5.25 4.55 3.70 2.87 2.15 1.60 1.14 0.86 1.99 4.15 5.22
 18   5.58 5.40 4.80 4.04 3.23 2.42 1.65 1.05 0.65 1.00 3.62 5.03 5.52 5.39 4.85 4.08 3.26 2.50 1.87 1.36 0.96 0.94 3.34 4.78
 19   5.33 5.30 4.92 4.25 3.48 2.67 1.90 1.27 0.83 0.70 2.70 4.55 5.29 5.44 5.13 4.34 3.53 2.79 2.10 1.58 1.17 0.92 2.23 4.19
 20   5.03 5.19 5.00 4.47 3.73 2.95 2.20 1.60 1.20 0.93 1.64 3.60 4.73 5.19 5.19 4.66 3.92 3.19 2.48 1.94 1.50 1.21 1.40 3.13
 21   4.54 4.88 4.92 4.60 4.00 3.27 2.54 1.92 1.42 1.13 1.14 2.73 4.03 4.80 5.07 4.95 4.33 3.62 2.96 2.37 1.90 1.57 1.43 2.46
 22   3.90 4.58 4.79 4.69 4.20 3.58 2.92 2.28 1.85 1.54 1.33 2.26 3.46 4.34 4.74 4.85 4.59 4.03 3.40 2.82 2.33 1.99 1.73 2.17
 23   3.33 4.00 4.41 4.54 4.40 3.90 3.26 2.65 2.16 1.83 1.57 1.62 2.61 3.58 4.17 4.50 4.62 4.34 3.84 3.33 2.85 2.42 2.15 2.10
 24   2.82 3.40 3.82 4.10 4.23 4.17 3.78 3.33 2.86 2.44 2.18 1.94 2.02 2.67 3.32 3.84 4.21 4.41 4.30 3.97 3.59 3.15 2.80 2.50
 25   2.27 2.26 2.59 3.08 3.54 3.86 4.02 4.00 3.66 3.27 2.93 2.53 2.23 2.01 2.13 2.72 3.33 3.95 4.35 4.50 4.45 4.10 3.66 3.25
 26   2.78 2.41 2.14 2.01 2.19 2.85 3.59 4.13 4.39 4.34 3.93 3.45 2.98 2.47 2.07 1.75 1.78 2.80 3.87 4.56 4.86 4.94 4.62 4.01
 27   3.24 2.81 2.34 1.90 1.60 1.70 2.70 3.71 4.46 4.83 4.83 4.40 3.82 3.15 2.50 1.96 1.55 1.28 2.23 4.00 5.04 5.42 5.39 4.84
 28   4.04 3.40 2.80 2.19 1.62 1.15 0.98 2.94 4.78 5.60 5.79 5.46 4.80 4.00 3.10 2.30 1.74 1.22 0.86 2.57 4.74 5.77 6.03 5.61
 29   4.74 3.99 3.25 2.54 1.86 1.28 0.83 0.74 3.64 5.41 6.00 5.95 5.39 4.55 3.62 2.79 2.00 1.40 0.87 0.72 3.80 5.53 6.12 6.10
 30   5.34 4.54 3.76 2.98 2.21 1.60 1.05 0.70 2.23 5.05 6.20 6.43 6.02 5.13 4.17 3.23 2.42 1.76 1.20 0.73 0.90 4.93 6.10 6.45
 31   6.00 5.12 4.25 3.45 2.68 1.97 1.30 0.82 0.70 4.00 5.75 6.43 6.45 5.82 4.93 3.99 3.00 2.22 1.62 1.10 0.78 2.80 5.16 6.10
 ----------------------------------------------------------------------------------------------------------------------------
                                                                                               
 ----------------------------------------------------------------------------------------------------------------------------
 ----------------------------------------------------------------------------------------------------------------------------
                                                          SURVEY OF INDIA
                                                    MARINE GEODESY WING (G&RB)
                                                     HOURLY HEIGHTS IN METRES
  NAME OF PORT:- DIAMOND HARBOUR                                                                    MONTH APRIL     YEAR 2010
 ----------------------------------------------------------------------------------------------------------------------------
 DAYS 0000 0001 0002 0003 0004 0005 0006 0007 0008 0009 0010 0011 0012 0013 0014 0015 0016 0017 0018 0019 0020 0021 0022 0023
 ----------------------------------------------------------------------------------------------------------------------------
  1   6.25 5.71 4.97 4.14 3.24 2.35 1.56 1.02 0.65 1.20 4.21 5.96 6.29 6.02 5.28 4.39 3.41 2.58 1.88 1.30 0.83 0.97 4.20 5.70
  2   6.06 6.01 5.42 4.64 3.80 2.89 2.00 1.35 0.85 0.70 3.16 5.35 6.05 6.06 5.53 4.75 3.90 3.04 2.25 1.65 1.20 0.97 2.71 4.80
  3   5.50 5.60 5.40 4.82 4.12 3.32 2.53 1.77 1.20 0.93 1.94 3.98 5.14 5.61 5.57 5.00 4.29 3.54 2.79 2.15 1.65 1.36 1.57 3.40
  4   4.74 5.08 5.17 4.95 4.39 3.69 2.92 2.21 1.69 1.37 1.38 3.00 4.17 4.86 5.14 5.04 4.45 3.80 3.12 2.50 2.02 1.68 1.54 2.34
  5   3.64 4.36 4.67 4.73 4.42 3.88 3.28 2.65 2.07 1.71 1.55 2.20 3.20 3.99 4.50 4.73 4.54 4.01 3.42 2.86 2.37 1.99 1.79 1.95
  6   3.01 3.75 4.17 4.35 4.24 3.87 3.34 2.85 2.38 2.00 1.79 1.98 2.70 3.42 3.98 4.30 4.36 4.19 3.77 3.26 2.80 2.37 2.00 1.95
  7   2.32 2.76 3.20 3.65 3.94 3.90 3.51 3.12 2.80 2.49 2.25 2.15 2.34 2.77 3.21 3.61 3.90 4.05 4.06 3.79 3.42 3.07 2.74 2.47
  8   2.21 2.25 2.58 2.95 3.27 3.53 3.68 3.73 3.56 3.30 3.02 2.67 2.38 2.18 2.28 2.70 3.19 3.68 4.09 4.32 4.25 3.97 3.60 3.22
  9   2.80 2.50 2.29 2.24 2.47 2.90 3.37 3.80 4.10 4.06 3.74 3.37 2.99 2.58 2.19 1.93 2.00 2.65 3.40 4.06 4.50 4.65 4.40 3.97
 10   3.40 2.93 2.47 2.12 1.96 2.37 3.07 3.79 4.30 4.58 4.48 4.06 3.53 2.93 2.38 1.93 1.70 1.81 2.92 3.98 4.65 4.99 4.98 4.51
 11   3.82 3.26 2.67 2.14 1.70 1.54 2.27 3.55 4.45 4.87 4.93 4.60 4.00 3.39 2.79 2.20 1.70 1.45 2.02 3.32 4.40 5.05 5.25 5.01
 12   4.29 3.68 3.02 2.37 1.74 1.25 1.40 3.06 4.52 5.14 5.39 5.25 4.61 3.88 3.20 2.50 1.92 1.45 1.30 2.47 3.95 4.98 5.46 5.46
 13   4.75 4.07 3.39 2.66 2.00 1.42 1.14 2.09 4.02 5.13 5.61 5.54 5.01 4.26 3.48 2.75 2.07 1.55 1.20 1.70 3.75 5.02 5.60 5.64
 14   5.03 4.35 3.63 2.90 2.16 1.48 1.06 1.18 3.58 5.00 5.68 5.80 5.47 4.69 3.87 3.06 2.30 1.73 1.27 1.01 2.59 4.53 5.45 5.73
 15   5.33 4.67 3.90 3.14 2.40 1.74 1.18 0.87 2.05 4.43 5.48 5.88 5.79 5.15 4.28 3.49 2.73 2.06 1.48 1.05 1.14 3.79 5.20 5.75
 16   5.61 4.86 4.07 3.31 2.57 1.94 1.39 0.99 0.88 3.08 4.94 5.72 5.87 5.60 4.93 4.14 3.26 2.50 1.86 1.39 1.14 2.30 4.14 5.10
 17   5.41 5.34 4.78 4.00 3.23 2.49 1.82 1.30 1.01 2.23 4.40 5.47 5.87 5.88 5.33 4.57 3.76 3.00 2.27 1.74 1.34 1.62 3.54 4.79
 18   5.41 5.51 5.17 4.46 3.67 2.91 2.20 1.60 1.20 1.10 3.54 5.15 5.80 5.91 5.60 4.94 4.14 3.30 2.58 2.00 1.60 1.46 2.80 4.37
 19   5.25 5.52 5.42 4.84 4.13 3.40 2.65 2.00 1.50 1.30 1.54 4.39 5.34 5.73 5.75 5.32 4.61 3.83 3.05 2.40 1.92 1.64 2.20 3.59
 20   4.66 5.17 5.28 5.06 4.45 3.73 3.01 2.38 1.83 1.46 1.42 2.95 4.22 5.01 5.30 5.30 4.87 4.20 3.50 2.89 2.40 2.06 1.94 2.62
 21   3.91 4.50 4.81 4.89 4.70 4.20 3.60 3.00 2.43 2.06 1.83 1.91 2.90 3.97 4.65 5.05 5.06 4.75 4.20 3.60 3.07 2.62 2.26 2.07
 22   2.58 3.43 4.02 4.40 4.55 4.45 4.05 3.60 3.14 2.67 2.30 2.06 2.02 2.77 3.68 4.39 4.70 4.79 4.60 4.20 3.72 3.22 2.83 2.51
 23   2.17 2.14 2.92 3.62 4.10 4.40 4.50 4.35 4.00 3.59 3.13 2.66 2.28 2.06 2.11 3.07 3.92 4.54 4.94 4.94 4.60 4.08 3.54 3.02
 24   2.40 2.05 1.86 2.18 3.05 3.81 4.42 4.74 4.79 4.48 4.00 3.47 2.99 2.48 2.07 1.78 2.13 3.30 4.50 5.09 5.19 4.95 4.40 3.78
 25   3.07 2.54 2.13 1.80 1.70 2.40 3.60 4.58 5.20 5.28 4.95 4.25 3.58 2.90 2.29 1.83 1.47 1.75 3.48 4.80 5.40 5.63 5.26 4.57
 26   3.73 3.05 2.46 1.93 1.45 1.21 2.26 4.17 5.38 5.74 5.70 5.20 4.50 3.69 2.90 2.18 1.60 1.22 1.70 3.70 5.10 5.72 5.65 5.06
 27   4.19 3.47 2.85 2.20 1.62 1.10 0.87 2.88 5.06 5.94 6.15 5.90 5.14 4.25 3.30 2.52 1.86 1.37 1.04 2.40 4.38 5.58 5.87 5.64
 28   4.74 3.97 3.26 2.58 1.89 1.30 0.86 0.89 3.83 5.56 6.20 6.19 5.67 4.78 3.83 2.97 2.23 1.65 1.18 0.94 3.03 4.97 5.79 5.94
 29   5.26 4.48 3.71 2.97 2.23 1.61 1.06 0.65 1.29 4.58 5.90 6.27 6.05 5.28 4.34 3.39 2.59 1.95 1.40 1.03 1.19 3.70 5.19 5.65
 30   5.45 4.79 4.08 3.38 2.70 2.06 1.53 1.07 0.85 3.37 5.14 5.98 6.05 5.69 4.94 4.04 3.18 2.42 1.80 1.33 1.10 2.28 4.26 5.25
 ----------------------------------------------------------------------------------------------------------------------------
                                                                                               
 ----------------------------------------------------------------------------------------------------------------------------
 ----------------------------------------------------------------------------------------------------------------------------
                                                          SURVEY OF INDIA
                                                    MARINE GEODESY WING (G&RB)
                                                     HOURLY HEIGHTS IN METRES
  NAME OF PORT:- DIAMOND HARBOUR                                                                    MONTH MAY       YEAR 2010
 ----------------------------------------------------------------------------------------------------------------------------
 DAYS 0000 0001 0002 0003 0004 0005 0006 0007 0008 0009 0010 0011 0012 0013 0014 0015 0016 0017 0018 0019 0020 0021 0022 0023
 ----------------------------------------------------------------------------------------------------------------------------
  1   5.50 5.18 4.58 3.90 3.19 2.49 1.82 1.30 0.99 1.67 3.98 5.31 5.79 5.77 5.23 4.49 3.63 2.89 2.26 1.78 1.39 1.38 3.10 4.47
  2   5.17 5.27 4.96 4.33 3.66 2.94 2.28 1.72 1.32 1.20 2.90 4.36 5.11 5.40 5.32 4.70 4.01 3.28 2.60 2.09 1.68 1.48 2.40 3.75
  3   4.70 4.95 4.94 4.60 3.93 3.20 2.54 2.02 1.61 1.41 2.20 3.47 4.40 4.94 5.14 4.90 4.33 3.68 3.02 2.42 1.93 1.60 1.70 2.78
  4   3.98 4.46 4.60 4.50 4.10 3.50 2.90 2.35 1.90 1.68 1.80 2.99 4.00 4.60 4.97 4.91 4.42 3.91 3.29 2.75 2.26 1.98 1.88 2.34
  5   3.30 4.00 4.40 4.50 4.25 3.77 3.25 2.72 2.29 1.99 1.88 2.40 3.21 3.98 4.49 4.72 4.65 4.21 3.71 3.17 2.69 2.29 2.00 1.75
  6   2.25 3.02 3.72 4.18 4.33 4.28 3.84 3.34 2.77 2.30 2.05 2.05 2.68 3.25 3.78 4.20 4.44 4.43 4.10 3.65 3.14 2.75 2.35 2.08
  7   2.14 2.69 3.14 3.63 4.03 4.20 4.05 3.70 3.34 3.00 2.68 2.43 2.35 2.59 3.10 3.60 4.06 4.40 4.49 4.20 3.75 3.29 2.85 2.48
  8   2.15 2.07 2.49 3.03 3.49 3.84 4.05 4.14 3.91 3.61 3.30 3.00 2.70 2.45 2.25 2.30 3.00 3.65 4.26 4.60 4.57 4.14 3.65 3.20
  9   2.69 2.30 2.06 1.96 2.42 3.30 4.05 4.49 4.65 4.45 4.01 3.57 3.16 2.74 2.34 2.07 2.20 3.02 3.90 4.54 4.74 4.65 4.19 3.66
 10   3.10 2.65 2.31 2.06 1.95 2.64 3.61 4.40 4.86 4.95 4.73 4.21 3.67 3.10 2.59 2.10 1.85 2.08 3.18 4.20 4.73 4.91 4.80 4.30
 11   3.61 3.09 2.59 2.10 1.71 1.74 2.90 3.99 4.80 5.15 5.14 4.70 4.08 3.42 2.85 2.31 1.90 1.68 2.35 3.60 4.54 5.10 5.26 4.95
 12   4.19 3.56 2.98 2.40 1.84 1.46 1.90 3.59 4.86 5.46 5.66 5.39 4.78 4.03 3.28 2.55 1.98 1.54 1.39 3.07 4.32 5.10 5.32 5.17
 13   4.46 3.82 3.22 2.60 2.00 1.50 1.23 2.50 4.30 5.30 5.70 5.66 5.18 4.40 3.61 2.87 2.20 1.70 1.34 1.64 3.50 4.80 5.46 5.46
 14   4.89 4.24 3.60 2.96 2.30 1.71 1.29 1.21 3.52 4.88 5.67 5.90 5.60 4.92 4.11 3.29 2.59 2.00 1.49 1.25 2.20 4.14 5.20 5.60
 15   5.26 4.66 4.00 3.30 2.60 1.93 1.33 0.95 1.83 4.00 5.40 5.90 5.89 5.32 4.48 3.61 2.90 2.27 1.74 1.38 1.30 3.21 4.68 5.35
 16   5.49 5.09 4.43 3.71 2.99 2.27 1.68 1.23 1.00 2.60 4.50 5.50 5.92 5.77 5.10 4.32 3.49 2.72 2.05 1.55 1.26 1.81 3.49 4.81
 17   5.35 5.30 4.80 4.15 3.45 2.75 2.09 1.55 1.21 1.30 3.32 4.80 5.52 5.70 5.40 4.75 3.99 3.23 2.55 2.00 1.60 1.48 2.32 3.70
 18   4.87 5.10 5.00 4.49 3.83 3.18 2.59 2.08 1.61 1.35 2.00 3.68 4.71 5.25 5.40 5.08 4.40 3.69 3.00 2.40 1.92 1.68 1.79 2.88
 19   4.21 4.79 4.92 4.83 4.31 3.66 3.00 2.42 1.98 1.65 1.60 2.83 4.03 4.86 5.29 5.32 4.89 4.24 3.51 2.89 2.35 1.94 1.68 1.81
 20   3.37 4.30 4.82 5.07 4.92 4.41 3.73 3.10 2.52 2.10 1.81 2.00 3.20 4.32 4.95 5.30 5.27 4.75 4.10 3.45 2.88 2.37 1.92 1.71
 21   2.20 3.16 4.06 4.63 4.88 4.75 4.25 3.68 3.10 2.60 2.16 1.90 1.98 2.90 3.90 4.66 5.02 5.00 4.50 3.92 3.32 2.80 2.32 2.05
 22   1.86 2.30 3.26 4.06 4.56 4.80 4.79 4.50 3.98 3.40 2.90 2.46 2.10 1.92 2.60 3.66 4.50 4.96 5.12 4.84 4.25 3.60 3.06 2.56
 23   2.13 1.91 1.80 2.60 3.52 4.32 4.88 5.07 4.84 4.26 3.62 3.06 2.56 2.18 1.94 2.20 3.13 4.08 4.82 5.13 5.14 4.68 4.04 3.39
 24   2.73 2.24 1.88 1.70 2.19 3.32 4.46 5.18 5.41 5.23 4.60 3.92 3.30 2.74 2.20 1.90 1.90 2.94 4.07 4.92 5.22 5.13 4.58 3.98
 25   3.26 2.66 2.20 1.86 1.66 2.12 3.54 4.84 5.66 5.78 5.42 4.77 4.06 3.38 2.74 2.20 1.86 1.86 3.22 4.54 5.30 5.59 5.38 4.74
 26   3.86 3.18 2.58 2.08 1.70 1.58 2.66 4.10 5.28 5.90 5.92 5.50 4.82 4.06 3.28 2.54 1.92 1.57 1.80 3.35 4.62 5.44 5.55 5.10
 27   4.26 3.54 2.84 2.24 1.72 1.30 1.50 3.08 4.73 5.82 6.10 5.84 5.20 4.44 3.60 2.86 2.20 1.76 1.46 2.04 3.70 5.12 5.70 5.72
 28   5.04 4.26 3.46 2.74 2.12 1.60 1.22 1.38 3.64 5.20 5.92 6.10 5.76 5.03 4.17 3.30 2.62 2.06 1.62 1.46 2.26 4.06 5.32 5.70
 29   5.40 4.72 4.00 3.26 2.60 2.02 1.53 1.30 2.50 4.20 5.50 6.04 6.03 5.55 4.72 3.80 3.04 2.42 1.90 1.50 1.58 3.00 4.57 5.44
 30   5.58 5.20 4.66 3.98 3.24 2.53 1.90 1.46 1.40 2.98 4.68 5.80 6.08 5.88 5.23 4.46 3.66 2.98 2.32 1.82 1.58 2.17 3.75 4.80
 31   5.32 5.43 5.04 4.40 3.72 3.08 2.40 1.90 1.62 2.10 3.95 5.20 5.76 5.90 5.53 4.86 4.12 3.42 2.76 2.16 1.76 1.86 3.06 4.26
 ----------------------------------------------------------------------------------------------------------------------------
                                                                                               
 ----------------------------------------------------------------------------------------------------------------------------
 ----------------------------------------------------------------------------------------------------------------------------
                                                          SURVEY OF INDIA
                                                    MARINE GEODESY WING (G&RB)
                                                     HOURLY HEIGHTS IN METRES
  NAME OF PORT:- DIAMOND HARBOUR                                                                    MONTH JUNE      YEAR 2010
 ----------------------------------------------------------------------------------------------------------------------------
 DAYS 0000 0001 0002 0003 0004 0005 0006 0007 0008 0009 0010 0011 0012 0013 0014 0015 0016 0017 0018 0019 0020 0021 0022 0023
 ----------------------------------------------------------------------------------------------------------------------------
  1   5.06 5.25 5.10 4.61 3.93 3.22 2.59 2.10 1.72 1.65 3.04 4.40 5.37 5.70 5.64 5.12 4.48 3.76 3.06 2.50 2.10 1.88 2.28 3.46
  2   4.55 4.99 5.12 4.79 4.19 3.57 2.95 2.40 2.02 1.85 2.52 3.74 4.68 5.22 5.43 5.23 4.64 4.02 3.35 2.79 2.34 2.04 2.09 2.85
  3   4.03 4.67 5.00 4.96 4.49 3.90 3.30 2.80 2.35 2.06 2.06 3.01 4.01 4.80 5.13 5.17 4.85 4.31 3.70 3.14 2.67 2.30 2.10 2.36
  4   3.50 4.28 4.72 4.88 4.73 4.29 3.74 3.23 2.76 2.41 2.26 2.67 3.45 4.19 4.74 4.98 4.94 4.50 3.95 3.41 2.97 2.52 2.17 1.95
  5   2.59 3.47 4.10 4.54 4.70 4.54 4.11 3.65 3.21 2.83 2.56 2.59 2.99 3.54 4.13 4.65 4.96 4.90 4.49 3.92 3.36 2.87 2.43 2.15
  6   2.28 2.83 3.46 4.07 4.48 4.65 4.50 4.15 3.71 3.31 2.95 2.63 2.48 2.74 3.22 3.82 4.39 4.76 4.77 4.40 3.93 3.45 2.99 2.52
  7   2.20 2.23 2.80 3.43 4.02 4.47 4.70 4.66 4.30 3.88 3.43 3.02 2.66 2.41 2.37 2.88 3.54 4.19 4.66 4.79 4.56 4.09 3.54 3.05
  8   2.55 2.26 2.10 2.35 3.14 3.90 4.51 4.84 4.86 4.59 4.15 3.67 3.21 2.80 2.39 2.17 2.54 3.39 4.20 4.74 4.95 4.76 4.28 3.72
  9   3.13 2.65 2.26 2.00 2.05 3.01 4.01 4.77 5.14 5.15 4.78 4.24 3.65 3.06 2.53 2.17 1.94 2.44 3.46 4.34 4.84 4.94 4.64 4.11
 10   3.48 2.95 2.48 2.08 1.78 2.00 3.05 4.10 5.02 5.35 5.31 4.84 4.22 3.55 2.91 2.39 2.00 1.78 2.29 3.56 4.54 5.11 5.15 4.80
 11   4.08 3.43 2.83 2.31 1.90 1.59 1.99 3.50 4.87 5.62 5.79 5.53 4.90 4.20 3.46 2.76 2.18 1.81 1.66 2.74 4.11 5.10 5.45 5.29
 12   4.56 3.91 3.27 2.62 2.08 1.66 1.41 2.39 4.07 5.46 6.07 6.09 5.57 4.78 3.95 3.20 2.54 2.00 1.60 1.85 3.38 4.71 5.44 5.64
 13   5.15 4.48 3.80 3.10 2.45 1.88 1.46 1.41 3.15 4.85 5.94 6.27 6.06 5.39 4.57 3.68 2.91 2.26 1.73 1.47 1.77 3.88 5.26 5.80
 14   5.73 5.10 4.37 3.64 2.94 2.30 1.73 1.34 1.35 3.43 5.35 6.23 6.35 6.02 5.17 4.28 3.45 2.70 2.09 1.66 1.39 2.36 4.12 5.30
 15   5.85 5.74 5.06 4.30 3.55 2.80 2.12 1.59 1.25 1.80 4.04 5.48 6.07 6.06 5.57 4.80 3.97 3.19 2.45 1.88 1.49 1.34 2.94 4.53
 16   5.50 5.85 5.53 4.85 4.08 3.31 2.55 1.94 1.47 1.21 2.47 4.41 5.53 5.97 5.88 5.35 4.62 3.84 3.08 2.40 1.88 1.49 1.59 3.43
 17   5.06 5.55 5.65 5.34 4.66 3.87 3.10 2.43 1.91 1.52 1.35 2.90 4.45 5.46 5.71 5.48 4.89 4.21 3.46 2.77 2.18 1.73 1.46 1.79
 18   3.80 4.78 5.23 5.42 5.17 4.58 3.83 3.14 2.51 2.05 1.74 1.97 3.35 4.56 5.30 5.52 5.28 4.70 3.94 3.25 2.63 2.13 1.79 1.62
 19   2.55 4.05 4.78 5.17 5.25 4.91 4.30 3.63 3.00 2.46 2.06 1.86 2.06 3.53 4.57 5.09 5.24 5.15 4.60 3.92 3.26 2.70 2.23 1.94
 20   1.82 2.75 3.99 4.67 4.99 5.11 4.92 4.39 3.79 3.20 2.73 2.35 2.13 2.20 3.20 4.17 4.85 5.11 5.07 4.60 4.03 3.43 2.90 2.42
 21   2.07 1.96 2.17 3.40 4.14 4.63 4.86 4.82 4.40 3.87 3.36 2.83 2.39 2.06 1.99 2.75 3.67 4.39 4.79 4.81 4.50 3.96 3.41 2.92
 22   2.35 2.03 1.86 2.38 3.34 4.10 4.65 5.01 5.07 4.70 4.13 3.53 2.98 2.47 2.09 1.97 2.53 3.42 4.30 4.78 4.94 4.69 4.10 3.52
 23   2.91 2.45 2.08 1.80 1.82 2.93 4.00 4.77 5.17 5.22 4.84 4.23 3.66 3.10 2.58 2.15 1.91 2.18 3.21 4.10 4.75 5.04 4.75 4.18
 24   3.46 2.92 2.45 2.07 1.79 1.72 2.79 3.99 4.95 5.40 5.40 5.02 4.36 3.63 2.98 2.45 2.05 1.86 2.30 3.38 4.36 4.97 5.15 4.86
 25   4.14 3.55 3.00 2.48 2.05 1.70 1.93 3.20 4.76 5.59 5.85 5.61 4.95 4.16 3.39 2.75 2.24 1.91 1.92 2.84 3.87 4.78 5.32 5.32
 26   4.68 4.01 3.41 2.85 2.34 1.90 1.65 2.35 3.86 5.22 5.86 5.92 5.57 4.84 4.05 3.30 2.58 2.04 1.70 1.79 3.14 4.41 5.18 5.48
 27   5.11 4.52 3.86 3.24 2.64 2.15 1.77 1.63 2.92 4.60 5.73 6.16 6.05 5.40 4.60 3.80 3.14 2.47 1.94 1.61 2.15 3.68 4.83 5.45
 28   5.42 4.89 4.24 3.60 2.98 2.42 1.94 1.60 1.78 3.65 5.06 5.81 5.98 5.71 5.06 4.23 3.53 2.83 2.19 1.67 1.60 2.97 4.33 5.18
 29   5.56 5.44 4.79 4.07 3.40 2.74 2.15 1.70 1.48 2.41 4.19 5.35 5.86 5.86 5.44 4.66 3.86 3.16 2.54 2.02 1.65 1.83 3.08 4.42
 30   5.19 5.39 5.06 4.38 3.72 3.05 2.46 2.00 1.72 1.83 3.32 4.50 5.14 5.48 5.40 4.80 4.07 3.40 2.78 2.23 1.82 1.66 2.33 3.65
 ----------------------------------------------------------------------------------------------------------------------------
                                                                                               
 ----------------------------------------------------------------------------------------------------------------------------
 ----------------------------------------------------------------------------------------------------------------------------
                                                          SURVEY OF INDIA
                                                    MARINE GEODESY WING (G&RB)
                                                     HOURLY HEIGHTS IN METRES
  NAME OF PORT:- DIAMOND HARBOUR                                                                    MONTH JULY      YEAR 2010
 ----------------------------------------------------------------------------------------------------------------------------
 DAYS 0000 0001 0002 0003 0004 0005 0006 0007 0008 0009 0010 0011 0012 0013 0014 0015 0016 0017 0018 0019 0020 0021 0022 0023
 ----------------------------------------------------------------------------------------------------------------------------
  1   4.84 5.24 5.25 4.80 4.15 3.48 2.82 2.28 1.90 1.70 2.57 3.87 4.85 5.46 5.55 5.18 4.51 3.75 3.10 2.57 2.15 1.86 2.00 3.05
  2   4.36 5.00 5.23 5.06 4.50 3.80 3.15 2.60 2.20 1.97 2.24 3.49 4.55 5.25 5.59 5.45 4.85 4.13 3.44 2.87 2.38 2.00 2.10 2.80
  3   3.96 4.75 5.24 5.20 4.75 4.16 3.53 2.98 2.50 2.20 2.10 3.04 4.00 4.76 5.20 5.33 4.90 4.26 3.63 3.06 2.56 2.16 1.96 2.38
  4   3.60 4.48 5.03 5.20 4.93 4.38 3.78 3.20 2.69 2.35 2.12 2.30 3.18 4.00 4.63 5.02 5.00 4.56 3.92 3.36 2.85 2.38 2.00 1.92
  5   2.96 3.87 4.49 4.83 4.90 4.60 4.10 3.60 3.07 2.61 2.30 2.17 2.55 3.26 3.95 4.55 4.88 4.80 4.32 3.77 3.22 2.73 2.28 2.04
  6   2.20 2.95 3.68 4.23 4.60 4.69 4.47 4.10 3.66 3.21 2.83 2.50 2.43 2.65 3.28 3.90 4.40 4.77 4.81 4.43 3.92 3.40 2.98 2.61
  7   2.30 2.20 2.70 3.48 4.12 4.57 4.79 4.68 4.36 3.95 3.55 3.15 2.82 2.60 2.50 3.01 3.57 4.08 4.50 4.63 4.40 3.91 3.42 2.99
  8   2.48 2.20 2.05 2.42 3.19 3.88 4.40 4.75 4.91 4.75 4.35 3.82 3.34 2.86 2.45 2.23 2.37 3.06 3.85 4.50 4.78 4.62 4.13 3.58
  9   2.92 2.46 2.16 1.99 1.99 2.79 3.65 4.45 4.97 5.16 4.95 4.46 3.90 3.27 2.75 2.30 2.00 1.95 2.89 3.81 4.48 4.90 4.82 4.20
 10   3.43 2.89 2.40 2.00 1.75 1.62 2.28 3.56 4.78 5.35 5.45 5.20 4.62 3.95 3.23 2.61 2.09 1.72 1.61 2.85 4.12 4.97 5.22 5.00
 11   4.20 3.54 2.92 2.39 1.90 1.50 1.22 2.15 4.17 5.40 5.81 5.72 5.20 4.42 3.58 2.80 2.17 1.65 1.23 1.20 3.00 4.47 5.28 5.30
 12   4.65 4.00 3.35 2.74 2.12 1.60 1.15 0.90 2.64 4.69 5.81 6.13 5.84 5.12 4.25 3.38 2.57 1.98 1.46 1.00 1.03 3.20 4.95 5.60
 13   5.48 4.86 4.10 3.37 2.63 2.06 1.52 1.03 0.81 3.60 5.48 6.15 6.20 5.73 4.90 4.01 3.13 2.40 1.76 1.25 0.92 1.63 4.30 5.60
 14   5.94 5.69 4.93 4.10 3.26 2.53 1.88 1.30 0.85 1.44 4.37 5.86 6.35 6.25 5.60 4.66 3.75 2.93 2.15 1.50 1.03 0.85 3.12 5.20
 15   5.93 5.95 5.42 4.63 3.83 3.04 2.35 1.75 1.28 0.96 2.58 4.97 6.03 6.40 6.10 5.35 4.41 3.50 2.67 2.05 1.57 1.18 1.20 3.80
 16   5.60 5.98 5.85 5.25 4.55 3.80 3.07 2.40 1.79 1.36 1.31 3.30 4.93 5.84 6.05 5.60 4.93 4.19 3.40 2.68 2.03 1.54 1.25 1.91
 17   4.03 5.37 5.74 5.60 5.05 4.33 3.59 2.87 2.22 1.74 1.52 2.14 3.75 5.00 5.66 5.71 5.24 4.57 3.81 3.10 2.47 1.96 1.69 1.67
 18   3.15 4.46 5.28 5.51 5.39 4.84 4.15 3.44 2.81 2.29 1.92 1.81 2.75 3.88 4.71 5.24 5.30 4.85 4.20 3.54 2.95 2.42 2.04 1.82
 19   2.20 3.46 4.48 5.06 5.26 5.08 4.56 3.98 3.39 2.88 2.45 2.12 2.20 3.02 3.84 4.52 4.94 4.99 4.54 3.98 3.43 2.92 2.49 2.16
 20   2.00 2.28 3.40 4.30 4.76 4.92 4.90 4.53 4.00 3.48 3.03 2.63 2.37 2.34 2.89 3.54 4.20 4.62 4.75 4.54 4.10 3.59 3.13 2.75
 21   2.38 2.21 2.33 2.99 3.74 4.34 4.75 4.91 4.71 4.30 3.84 3.35 2.95 2.61 2.41 2.53 3.14 3.79 4.39 4.68 4.70 4.37 3.90 3.41
 22   2.86 2.48 2.20 2.20 2.89 3.71 4.42 4.91 5.15 5.10 4.65 4.09 3.52 3.00 2.57 2.32 2.33 2.90 3.72 4.40 4.85 4.94 4.59 4.10
 23   3.46 2.96 2.53 2.19 2.12 2.57 3.47 4.48 5.40 5.69 5.35 4.74 4.06 3.36 2.75 2.26 1.94 1.96 2.81 3.79 4.61 5.11 5.10 4.59
 24   3.87 3.30 2.79 2.31 1.91 1.70 1.97 3.44 4.79 5.62 5.73 5.42 4.77 4.03 3.31 2.66 2.14 1.84 1.87 3.12 4.35 5.21 5.52 5.31
 25   4.55 3.88 3.25 2.64 2.13 1.76 1.84 2.95 4.45 5.67 6.16 6.15 5.58 4.79 3.91 3.08 2.41 1.93 1.68 2.16 3.74 5.01 5.72 5.82
 26   5.16 4.49 3.79 3.10 2.47 1.92 1.52 1.74 3.61 5.33 6.12 6.33 5.95 5.20 4.35 3.46 2.70 2.10 1.62 1.41 2.70 4.54 5.53 5.88
 27   5.63 4.93 4.22 3.50 2.80 2.14 1.59 1.28 2.50 4.66 5.90 6.40 6.33 5.67 4.77 3.85 3.04 2.36 1.81 1.48 1.75 3.68 5.15 5.87
 28   5.93 5.43 4.75 3.99 3.25 2.55 1.95 1.51 1.50 3.49 5.21 6.11 6.39 6.00 5.19 4.31 3.48 2.79 2.15 1.66 1.45 2.61 4.41 5.50
 29   5.93 5.80 5.26 4.45 3.65 2.91 2.25 1.80 1.51 2.34 4.20 5.58 6.20 6.21 5.67 4.81 3.95 3.18 2.49 1.95 1.66 1.76 3.42 4.98
 30   5.75 5.80 5.45 4.81 4.08 3.33 2.64 2.05 1.60 1.66 3.50 5.06 5.82 6.00 5.72 5.02 4.22 3.46 2.76 2.15 1.75 1.68 2.93 4.59
 31   5.58 5.89 5.78 5.19 4.45 3.70 3.00 2.39 1.90 1.61 2.74 4.29 5.24 5.70 5.66 5.14 4.45 3.76 3.06 2.43 1.94 1.71 2.19 3.79
 ----------------------------------------------------------------------------------------------------------------------------
                                                                                               
 ----------------------------------------------------------------------------------------------------------------------------
 ----------------------------------------------------------------------------------------------------------------------------
                                                          SURVEY OF INDIA
                                                    MARINE GEODESY WING (G&RB)
                                                     HOURLY HEIGHTS IN METRES
  NAME OF PORT:- DIAMOND HARBOUR                                                                    MONTH AUGUST    YEAR 2010
 ----------------------------------------------------------------------------------------------------------------------------
 DAYS 0000 0001 0002 0003 0004 0005 0006 0007 0008 0009 0010 0011 0012 0013 0014 0015 0016 0017 0018 0019 0020 0021 0022 0023
 ----------------------------------------------------------------------------------------------------------------------------
  1   5.09 5.60 5.72 5.37 4.72 3.98 3.24 2.62 2.18 1.91 2.18 3.60 4.69 5.32 5.54 5.28 4.64 3.99 3.31 2.76 2.31 2.00 1.92 3.00
  2   4.45 5.11 5.45 5.40 4.91 4.27 3.56 2.94 2.49 2.15 2.13 3.08 4.05 4.83 5.31 5.32 4.89 4.31 3.69 3.12 2.67 2.28 2.11 2.48
  3   3.79 4.68 5.16 5.30 5.00 4.50 3.92 3.40 2.92 2.53 2.35 2.68 3.45 4.20 4.85 5.10 5.07 4.60 4.00 3.45 2.99 2.60 2.35 2.38
  4   3.25 4.01 4.60 4.92 4.98 4.72 4.28 3.76 3.28 2.91 2.69 2.67 2.99 3.50 4.05 4.50 4.74 4.75 4.42 3.92 3.49 3.10 2.74 2.53
  5   2.63 3.20 3.80 4.29 4.60 4.71 4.66 4.35 4.02 3.69 3.37 3.09 2.98 2.99 3.28 3.70 4.17 4.57 4.79 4.69 4.31 3.90 3.50 3.13
  6   2.80 2.68 2.92 3.53 4.15 4.65 4.91 5.05 4.88 4.52 4.12 3.72 3.35 3.05 2.75 2.72 3.22 3.89 4.55 4.91 4.91 4.58 4.12 3.66
  7   3.13 2.75 2.44 2.30 2.88 3.72 4.48 5.05 5.31 5.30 4.90 4.40 3.85 3.30 2.85 2.48 2.26 2.55 3.54 4.45 5.06 5.19 4.88 4.31
  8   3.65 3.09 2.60 2.19 1.90 1.89 3.07 4.32 5.28 5.67 5.63 5.12 4.50 3.80 3.10 2.49 2.01 1.70 1.95 3.42 4.79 5.38 5.53 5.19
  9   4.40 3.69 3.04 2.41 1.90 1.51 1.45 2.99 4.73 5.88 6.13 5.93 5.27 4.48 3.62 2.84 2.22 1.72 1.32 1.79 3.92 5.39 5.92 5.89
 10   5.20 4.40 3.64 2.91 2.28 1.72 1.28 1.15 3.85 5.69 6.49 6.61 6.01 5.14 4.30 3.39 2.55 1.92 1.39 1.05 1.99 4.84 6.12 6.35
 11   5.98 5.20 4.32 3.47 2.71 2.08 1.51 1.04 1.28 4.61 6.19 6.75 6.60 5.89 4.92 3.95 3.03 2.28 1.64 1.12 0.82 3.00 5.39 6.43
 12   6.50 6.04 5.19 4.25 3.33 2.55 1.88 1.30 0.88 2.60 5.25 6.51 6.87 6.45 5.60 4.59 3.61 2.70 1.95 1.40 1.00 0.92 4.02 5.92
 13   6.52 6.31 5.67 4.74 3.87 3.05 2.30 1.70 1.15 0.90 3.80 5.68 6.49 6.50 5.89 5.01 4.12 3.27 2.47 1.82 1.31 1.03 2.12 5.00
 14   6.12 6.34 6.05 5.29 4.41 3.56 2.83 2.17 1.57 1.15 1.63 4.29 5.64 6.24 6.18 5.46 4.60 3.75 2.95 2.21 1.65 1.24 1.20 3.40
 15   5.50 6.05 6.12 5.70 4.97 4.17 3.38 2.61 1.97 1.50 1.35 3.15 4.63 5.50 5.64 5.40 4.64 3.99 3.32 2.65 2.11 1.68 1.41 2.35
 16   4.49 5.15 5.53 5.48 5.00 4.39 3.71 3.05 2.42 1.99 1.75 2.15 3.40 4.48 5.09 5.29 5.00 4.43 3.79 3.16 2.61 2.18 1.89 1.92
 17   3.27 4.33 4.95 5.21 5.14 4.68 4.12 3.53 2.99 2.54 2.24 2.15 2.80 3.61 4.38 4.81 4.85 4.60 4.12 3.57 3.07 2.63 2.27 2.16
 18   2.40 3.06 3.79 4.38 4.78 4.88 4.64 4.15 3.63 3.18 2.81 2.55 2.54 2.90 3.43 3.95 4.34 4.49 4.40 4.05 3.63 3.29 2.92 2.65
 19   2.44 2.52 2.95 3.46 3.96 4.40 4.65 4.59 4.29 3.95 3.58 3.21 2.91 2.65 2.68 2.95 3.34 3.77 4.15 4.38 4.35 4.03 3.65 3.30
 20   2.89 2.64 2.45 2.46 2.98 3.62 4.23 4.70 4.92 4.85 4.50 4.05 3.58 3.10 2.72 2.43 2.30 2.75 3.48 4.18 4.62 4.76 4.51 4.09
 21   3.50 3.10 2.75 2.40 2.17 2.45 3.38 4.25 4.98 5.25 5.20 4.75 4.18 3.57 3.00 2.54 2.20 2.08 2.75 3.66 4.45 4.91 5.04 4.70
 22   4.06 3.55 3.05 2.59 2.20 1.95 2.58 3.68 4.69 5.28 5.50 5.26 4.63 3.99 3.35 2.77 2.24 1.89 1.85 2.80 3.98 4.86 5.20 5.18
 23   4.56 3.99 3.43 2.89 2.39 1.97 1.76 2.55 4.00 5.17 5.62 5.68 5.23 4.52 3.77 3.05 2.42 1.95 1.63 1.97 3.39 4.70 5.36 5.50
 24   5.03 4.45 3.85 3.24 2.65 2.09 1.63 1.63 3.32 4.91 5.67 5.89 5.60 4.89 4.11 3.32 2.61 2.05 1.62 1.45 2.70 4.40 5.40 5.75
 25   5.54 4.98 4.33 3.61 2.90 2.18 1.60 1.35 2.39 4.40 5.58 6.05 5.92 5.30 4.50 3.66 2.90 2.25 1.70 1.33 1.88 3.97 5.28 5.90
 26   5.82 5.30 4.65 3.92 3.18 2.45 1.82 1.36 1.56 3.77 5.42 6.05 6.10 5.64 4.80 3.95 3.11 2.38 1.79 1.37 1.30 3.48 5.05 5.96
 27   6.05 5.61 4.92 4.18 3.41 2.66 1.99 1.45 1.30 2.98 4.88 5.90 6.10 5.78 5.02 4.19 3.37 2.62 2.03 1.56 1.30 2.44 4.42 5.70
 28   6.05 5.80 5.18 4.43 3.67 2.93 2.25 1.68 1.35 2.20 4.20 5.46 5.80 5.92 5.34 4.58 3.76 3.00 2.30 1.80 1.40 1.60 3.63 5.24
 29   5.90 5.85 5.42 4.79 4.04 3.30 2.60 2.00 1.57 1.56 3.37 4.84 5.64 5.86 5.57 4.83 4.04 3.25 2.57 2.00 1.61 1.50 2.83 4.70
 30   5.75 5.95 5.68 5.02 4.30 3.57 2.83 2.22 1.84 1.67 2.81 4.22 5.13 5.61 5.60 5.04 4.35 3.64 3.00 2.45 2.02 1.81 2.32 4.01
 31   5.40 5.80 5.80 5.35 4.66 3.98 3.30 2.72 2.28 1.97 2.26 3.60 4.61 5.23 5.44 5.15 4.50 3.81 3.19 2.66 2.23 1.98 2.10 3.25
 ----------------------------------------------------------------------------------------------------------------------------
                                                                                               
 ----------------------------------------------------------------------------------------------------------------------------
 ----------------------------------------------------------------------------------------------------------------------------
                                                          SURVEY OF INDIA
                                                    MARINE GEODESY WING (G&RB)
                                                     HOURLY HEIGHTS IN METRES
  NAME OF PORT:- DIAMOND HARBOUR                                                                    MONTH SEPT      YEAR 2010
 ----------------------------------------------------------------------------------------------------------------------------
 DAYS 0000 0001 0002 0003 0004 0005 0006 0007 0008 0009 0010 0011 0012 0013 0014 0015 0016 0017 0018 0019 0020 0021 0022 0023
 ----------------------------------------------------------------------------------------------------------------------------
  1   4.45 5.10 5.48 5.40 4.88 4.25 3.65 3.10 2.60 2.30 2.25 3.05 3.90 4.60 5.00 5.10 4.70 4.16 3.60 3.09 2.65 2.26 2.05 2.48
  2   3.66 4.54 5.07 5.25 5.05 4.56 4.05 3.52 3.08 2.73 2.56 2.80 3.40 3.95 4.44 4.73 4.76 4.50 4.05 3.57 3.12 2.75 2.48 2.45
  3   3.01 3.65 4.26 4.70 4.95 4.84 4.48 4.08 3.67 3.29 3.00 2.90 2.92 3.15 3.49 3.89 4.28 4.51 4.50 4.25 3.93 3.60 3.26 2.98
  4   2.67 2.61 3.10 3.75 4.26 4.62 4.84 4.88 4.66 4.30 3.91 3.50 3.15 2.83 2.60 2.69 3.12 3.75 4.35 4.75 4.82 4.60 4.18 3.70
  5   3.20 2.78 2.45 2.35 3.00 3.86 4.62 5.22 5.44 5.30 4.83 4.28 3.66 3.12 2.65 2.33 2.15 2.65 3.70 4.66 5.20 5.32 4.96 4.39
  6   3.68 3.15 2.68 2.27 1.95 2.06 3.45 4.82 5.73 5.99 5.78 5.12 4.40 3.60 2.90 2.30 1.86 1.64 2.55 4.15 5.38 5.91 5.88 5.26
  7   4.40 3.71 3.08 2.47 1.94 1.55 1.90 3.85 5.62 6.40 6.48 5.98 5.18 4.24 3.40 2.65 2.10 1.65 1.37 2.70 4.97 6.22 6.58 6.32
  8   5.37 4.51 3.72 2.95 2.25 1.63 1.28 2.18 4.66 6.26 6.80 6.68 6.00 5.00 4.00 3.12 2.40 1.77 1.23 1.17 3.80 6.13 6.82 6.80
  9   6.05 5.17 4.30 3.43 2.63 1.95 1.30 0.96 2.83 5.50 6.67 6.92 6.52 5.65 4.64 3.70 2.86 2.12 1.46 1.00 0.90 4.43 6.17 6.88
 10   6.77 5.95 5.03 4.15 3.27 2.48 1.80 1.22 0.90 3.80 5.82 6.70 6.77 6.15 5.20 4.20 3.24 2.45 1.75 1.20 0.90 1.78 5.34 6.55
 11   6.79 6.35 5.50 4.60 3.70 2.90 2.18 1.56 1.09 1.20 4.77 6.20 6.57 6.35 5.64 4.70 3.76 2.95 2.20 1.61 1.20 1.02 3.80 5.90
 12   6.50 6.50 5.90 5.03 4.15 3.30 2.57 1.92 1.40 1.10 2.80 4.95 5.94 6.19 5.84 5.08 4.25 3.40 2.64 1.99 1.45 1.20 1.60 4.86
 13   6.00 6.19 6.05 5.48 4.63 3.80 3.00 2.39 1.85 1.50 1.80 3.60 5.00 5.60 5.69 5.27 4.52 3.75 3.01 2.43 2.01 1.70 1.75 3.30
 14   4.83 5.40 5.60 5.40 4.83 4.12 3.43 2.84 2.35 1.96 1.80 2.79 3.95 4.80 5.20 5.20 4.62 4.04 3.43 2.95 2.50 2.12 1.94 2.26
 15   3.42 4.35 5.00 5.20 4.97 4.47 3.87 3.30 2.80 2.44 2.25 2.48 3.18 3.90 4.52 4.86 4.75 4.37 3.93 3.46 3.06 2.65 2.39 2.40
 16   3.20 3.84 4.40 4.75 4.84 4.61 4.26 3.88 3.45 3.06 2.77 2.70 3.00 3.40 3.85 4.20 4.42 4.40 4.15 3.85 3.56 3.25 3.00 2.90
 17   3.01 3.37 3.70 4.02 4.32 4.50 4.60 4.50 4.21 3.87 3.52 3.20 3.00 2.84 3.00 3.40 3.80 4.18 4.46 4.57 4.40 4.05 3.65 3.28
 18   2.95 2.75 2.70 3.00 3.50 4.01 4.46 4.80 4.90 4.70 4.40 4.00 3.60 3.21 2.90 2.70 2.78 3.30 3.99 4.52 4.90 4.90 4.50 4.06
 19   3.56 3.20 2.86 2.66 2.63 3.16 3.97 4.65 5.19 5.32 4.97 4.42 3.85 3.35 2.88 2.52 2.30 2.51 3.36 4.18 4.80 5.10 4.99 4.58
 20   4.00 3.52 3.05 2.60 2.20 2.06 2.90 3.92 4.87 5.32 5.35 4.88 4.28 3.62 3.02 2.50 2.06 1.87 2.20 3.32 4.40 5.10 5.26 4.96
 21   4.32 3.78 3.24 2.70 2.20 1.80 1.85 3.25 4.55 5.35 5.55 5.30 4.65 3.97 3.24 2.61 2.05 1.60 1.55 3.00 4.34 5.15 5.55 5.40
 22   4.74 4.10 3.55 2.92 2.35 1.80 1.57 2.26 3.92 5.26 5.70 5.62 5.07 4.36 3.60 2.83 2.21 1.70 1.31 1.50 3.60 5.00 5.64 5.72
 23   5.19 4.57 3.86 3.20 2.48 1.87 1.40 1.38 3.25 4.92 5.66 5.86 5.55 4.80 3.95 3.12 2.42 1.85 1.38 1.25 2.97 4.73 5.60 5.89
 24   5.15 4.80 4.07 3.40 2.68 2.05 1.50 1.22 2.05 4.22 5.48 5.90 5.80 5.10 4.30 3.47 2.75 2.05 1.56 1.20 1.60 4.00 5.43 5.97
 25   5.92 5.23 4.45 3.70 2.98 2.25 1.63 1.20 1.38 3.81 5.25 5.90 5.95 5.40 4.63 3.80 2.99 2.22 1.60 1.18 1.10 3.57 5.30 6.05
 26   6.16 5.72 4.95 4.10 3.30 2.58 1.95 1.40 1.17 2.75 4.62 5.60 5.80 5.60 4.83 4.02 3.22 2.49 1.89 1.40 1.20 2.47 4.46 5.60
 27   5.99 5.87 5.22 4.46 3.67 2.90 2.20 1.66 1.32 1.50 3.52 4.95 5.56 5.62 5.20 4.43 3.65 2.92 2.23 1.70 1.38 1.40 3.41 4.96
 28   5.65 5.79 5.59 4.85 4.06 3.30 2.60 2.02 1.61 1.45 2.60 4.00 4.92 5.26 5.20 4.68 3.95 3.22 2.56 2.00 1.55 1.36 2.22 4.25
 29   5.23 5.48 5.48 5.04 4.35 3.65 2.97 2.37 1.87 1.58 1.95 3.30 4.30 4.88 5.07 4.80 4.17 3.49 2.86 2.33 1.92 1.60 1.70 2.98
 30   4.30 4.95 5.20 5.17 4.62 3.98 3.30 2.72 2.21 1.90 1.83 2.67 3.60 4.40 4.80 4.83 4.50 3.90 3.26 2.72 2.23 1.90 1.75 2.28
 ----------------------------------------------------------------------------------------------------------------------------
                                                                                               
 ----------------------------------------------------------------------------------------------------------------------------
 ----------------------------------------------------------------------------------------------------------------------------
                                                          SURVEY OF INDIA
                                                    MARINE GEODESY WING (G&RB)
                                                     HOURLY HEIGHTS IN METRES
  NAME OF PORT:- DIAMOND HARBOUR                                                                    MONTH OCTOBER   YEAR 2010
 ----------------------------------------------------------------------------------------------------------------------------
 DAYS 0000 0001 0002 0003 0004 0005 0006 0007 0008 0009 0010 0011 0012 0013 0014 0015 0016 0017 0018 0019 0020 0021 0022 0023
 ----------------------------------------------------------------------------------------------------------------------------
  1   3.55 4.35 4.85 4.99 4.80 4.35 3.80 3.25 2.78 2.41 2.22 2.40 3.01 3.68 4.26 4.60 4.60 4.15 3.63 3.15 2.71 2.37 2.15 2.10
  2   2.81 3.55 4.15 4.55 4.75 4.65 4.30 3.88 3.44 3.05 2.72 2.48 2.48 2.75 3.19 3.67 4.08 4.35 4.37 4.06 3.66 3.30 2.95 2.65
  3   2.36 2.37 2.92 3.52 4.06 4.50 4.69 4.60 4.20 3.82 3.43 3.06 2.70 2.39 2.15 2.39 3.01 3.63 4.23 4.63 4.63 4.25 3.81 3.37
  4   2.81 2.42 2.12 2.05 2.58 3.46 4.27 4.88 5.10 4.84 4.34 3.76 3.20 2.67 2.20 1.80 1.70 2.30 3.55 4.60 5.10 5.20 4.92 4.30
  5   3.55 2.92 2.40 1.88 1.64 2.08 3.42 4.60 5.24 5.47 5.23 4.59 3.95 3.32 2.72 2.15 1.69 1.41 2.24 3.87 5.06 5.72 5.65 5.04
  6   4.16 3.47 2.81 2.20 1.70 1.41 2.00 4.12 5.58 6.28 6.28 5.57 4.67 3.80 3.00 2.20 1.60 1.20 1.22 3.35 5.62 6.60 6.64 6.00
  7   4.95 4.06 3.24 2.45 1.75 1.20 1.16 3.00 5.17 6.40 6.79 6.40 5.48 4.47 3.56 2.77 2.08 1.50 1.12 1.77 4.60 6.56 7.10 6.97
  8   6.00 5.02 4.04 3.12 2.26 1.60 1.20 1.57 4.22 6.05 6.84 6.83 6.15 5.17 4.16 3.15 2.34 1.70 1.19 0.90 2.70 5.61 6.81 7.08
  9   6.51 5.60 4.60 3.60 2.65 1.90 1.30 0.97 1.85 4.70 6.30 6.82 6.61 5.81 4.85 3.85 2.85 2.02 1.35 0.90 1.02 4.62 6.37 7.00
 10   6.90 6.23 5.31 4.32 3.30 2.42 1.70 1.26 1.10 3.00 5.02 6.16 6.43 6.05 5.25 4.40 3.46 2.62 1.90 1.40 1.15 2.41 5.21 6.35
 11   6.59 6.40 5.78 4.91 4.00 3.10 2.34 1.80 1.45 1.69 3.63 5.21 5.96 6.08 5.63 4.81 4.00 3.16 2.40 1.83 1.50 1.50 3.18 5.01
 12   6.00 6.20 6.00 5.35 4.52 3.65 2.86 2.24 1.83 1.65 2.63 4.10 5.15 5.60 5.59 5.00 4.23 3.50 2.82 2.25 1.90 1.75 2.30 3.75
 13   5.02 5.59 5.68 5.37 4.72 4.00 3.27 2.71 2.26 1.98 2.19 3.22 4.17 4.97 5.28 5.17 4.60 3.97 3.30 2.73 2.31 2.08 2.15 3.01
 14   4.15 4.90 5.28 5.31 4.98 4.37 3.70 3.21 2.78 2.46 2.30 2.77 3.60 4.38 4.80 4.92 4.80 4.40 3.92 3.50 3.10 2.82 2.70 2.95
 15   3.77 4.46 4.94 5.08 5.03 4.80 4.42 4.00 3.60 3.22 3.00 3.15 3.45 3.80 4.22 4.60 4.80 4.58 4.25 3.90 3.57 3.21 2.92 2.86
 16   3.24 3.67 4.16 4.62 4.92 4.99 4.80 4.50 4.11 3.70 3.33 3.08 3.01 3.20 3.60 4.00 4.40 4.60 4.65 4.50 4.23 3.90 3.60 3.30
 17   3.00 2.95 3.17 3.50 3.94 4.40 4.83 4.95 4.70 4.30 3.87 3.42 3.01 2.70 2.63 2.86 3.37 3.91 4.45 4.80 4.82 4.54 4.15 3.75
 18   3.25 2.88 2.60 2.59 3.07 3.77 4.41 4.90 5.10 4.84 4.36 3.82 3.30 2.86 2.50 2.27 2.30 3.05 3.90 4.55 5.00 5.10 4.77 4.28
 19   3.64 3.12 2.66 2.30 2.17 2.65 3.58 4.38 4.92 5.15 4.92 4.40 3.80 3.20 2.65 2.20 1.90 2.00 3.08 4.20 5.05 5.35 5.27 4.80
 20   4.10 3.51 3.00 2.48 2.08 1.90 2.70 3.87 4.80 5.31 5.38 4.90 4.26 3.60 3.00 2.40 1.97 1.70 2.20 3.54 4.77 5.50 5.70 5.45
 21   4.65 3.99 3.35 2.75 2.20 1.78 1.80 3.15 4.50 5.30 5.60 5.44 4.80 4.05 3.30 2.65 2.14 1.77 1.62 2.98 4.43 5.61 5.99 5.85
 22   5.17 4.44 3.71 3.00 2.38 1.85 1.60 2.41 4.03 5.26 5.81 5.80 5.30 4.55 3.76 3.01 2.37 1.80 1.45 2.37 3.99 5.40 6.10 6.16
 23   5.58 4.86 4.11 3.37 2.63 2.02 1.57 1.60 3.42 4.91 5.66 5.90 5.60 4.83 4.03 3.25 2.56 1.96 1.46 1.40 3.15 4.90 5.94 6.30
 24   6.02 5.30 4.56 3.72 2.95 2.22 1.69 1.38 2.39 4.18 5.22 5.75 5.76 5.17 4.35 3.55 2.80 2.10 1.57 1.26 2.01 4.00 5.40 6.15
 25   6.18 5.65 4.87 4.03 3.22 2.46 1.85 1.45 1.48 3.39 4.90 5.63 5.84 5.50 4.76 3.90 3.10 2.42 1.82 1.40 1.30 3.05 4.84 5.84
 26   6.20 5.97 5.25 4.45 3.63 2.82 2.17 1.65 1.40 2.41 4.02 5.20 5.63 5.61 5.05 4.23 3.44 2.75 2.15 1.63 1.36 1.95 3.80 5.10
 27   5.85 5.92 5.55 4.80 3.98 3.20 2.50 1.97 1.60 1.70 3.20 4.56 5.27 5.47 5.28 4.62 3.83 3.17 2.51 2.00 1.63 1.60 2.77 4.18
 28   5.26 5.63 5.61 5.16 4.41 3.64 2.95 2.37 1.95 1.76 2.21 3.60 4.60 5.05 5.20 4.83 4.20 3.56 2.92 2.42 2.03 1.78 2.13 3.50
 29   4.70 5.25 5.44 5.27 4.76 4.06 3.38 2.72 2.23 1.97 1.92 2.68 3.63 4.52 4.95 4.92 4.45 3.85 3.26 2.76 2.35 2.02 1.90 2.70
 30   3.99 4.63 5.00 5.12 4.96 4.43 3.80 3.22 2.72 2.37 2.15 2.15 2.80 3.61 4.30 4.63 4.65 4.40 3.80 3.29 2.85 2.45 2.20 2.10
 31   2.78 3.75 4.36 4.76 4.90 4.80 4.40 3.90 3.40 2.97 2.58 2.28 2.16 2.54 3.20 3.83 4.37 4.62 4.65 4.25 3.80 3.35 2.97 2.65
 ----------------------------------------------------------------------------------------------------------------------------
                                                                                               
 ----------------------------------------------------------------------------------------------------------------------------
 ----------------------------------------------------------------------------------------------------------------------------
                                                          SURVEY OF INDIA
                                                    MARINE GEODESY WING (G&RB)
                                                     HOURLY HEIGHTS IN METRES
  NAME OF PORT:- DIAMOND HARBOUR                                                                    MONTH NOVEMBER  YEAR 2010
 ----------------------------------------------------------------------------------------------------------------------------
 DAYS 0000 0001 0002 0003 0004 0005 0006 0007 0008 0009 0010 0011 0012 0013 0014 0015 0016 0017 0018 0019 0020 0021 0022 0023
 ----------------------------------------------------------------------------------------------------------------------------
  1   2.35 2.36 2.88 3.50 4.10 4.59 4.80 4.61 4.18 3.66 3.18 2.69 2.30 1.98 1.90 2.40 3.16 3.90 4.48 4.64 4.46 4.05 3.58 3.08
  2   2.58 2.24 2.04 2.18 3.00 3.88 4.59 4.94 4.97 4.60 4.00 3.40 2.83 2.36 1.95 1.70 1.90 3.00 4.21 5.00 5.25 5.22 4.72 4.05
  3   3.29 2.65 2.15 1.77 1.75 2.65 3.81 4.72 5.21 5.29 4.81 4.16 3.47 2.85 2.30 1.84 1.55 1.66 3.18 4.61 5.47 5.75 5.50 4.81
  4   3.95 3.18 2.52 2.00 1.60 1.46 2.55 3.95 4.91 5.43 5.40 4.82 4.10 3.37 2.65 2.04 1.55 1.20 1.60 3.70 5.20 6.00 6.08 5.55
  5   4.62 3.80 3.00 2.25 1.67 1.30 1.29 2.80 4.38 5.36 5.70 5.42 4.79 4.02 3.28 2.56 1.92 1.41 1.15 2.35 4.45 5.81 6.27 6.20
  6   5.48 4.62 3.78 2.90 2.18 1.62 1.23 1.37 3.15 4.86 5.69 5.80 5.40 4.62 3.79 2.97 2.23 1.65 1.22 1.10 2.97 5.11 6.25 6.56
  7   6.19 5.36 4.47 3.60 2.80 2.05 1.45 1.10 1.90 3.90 5.33 5.83 5.79 5.12 4.25 3.42 2.63 2.00 1.45 1.10 1.50 4.28 5.90 6.56
  8   6.48 5.80 4.95 4.02 3.19 2.40 1.71 1.20 1.15 3.20 4.95 5.77 5.87 5.47 4.67 3.83 3.02 2.30 1.67 1.23 1.10 3.00 4.90 5.85
  9   6.20 6.00 5.25 4.43 3.61 2.81 2.10 1.60 1.32 1.63 3.55 4.96 5.46 5.50 5.06 4.35 3.52 2.78 2.18 1.70 1.40 1.75 3.40 4.81
 10   5.59 5.68 5.50 4.81 4.02 3.27 2.60 2.01 1.65 1.50 2.40 3.80 4.75 5.18 5.18 4.63 3.90 3.20 2.58 2.05 1.68 1.55 2.58 3.90
 11   5.02 5.40 5.42 5.08 4.41 3.68 3.00 2.41 2.00 1.72 1.80 2.92 3.90 4.60 4.82 4.65 4.10 3.46 2.90 2.40 2.00 1.78 1.86 3.10
 12   4.29 4.81 5.00 4.98 4.57 4.00 3.39 2.80 2.36 2.01 1.82 2.22 3.13 3.90 4.43 4.62 4.37 3.83 3.27 2.80 2.38 2.09 1.98 2.43
 13   3.60 4.30 4.69 4.83 4.68 4.20 3.63 3.12 2.62 2.25 2.03 2.03 2.70 3.43 4.03 4.40 4.42 4.13 3.67 3.25 2.90 2.55 2.31 2.30
 14   3.05 3.72 4.21 4.52 4.69 4.50 4.10 3.66 3.25 2.84 2.46 2.20 2.30 2.85 3.42 3.90 4.23 4.35 4.07 3.72 3.37 3.03 2.76 2.50
 15   2.41 2.68 3.21 3.72 4.15 4.42 4.50 4.21 3.80 3.35 2.92 2.51 2.26 2.15 2.51 3.10 3.63 4.20 4.55 4.50 4.15 3.80 3.41 3.01
 16   2.64 2.42 2.48 3.00 3.56 4.09 4.44 4.60 4.40 3.94 3.43 2.97 2.54 2.20 2.04 2.25 2.95 3.65 4.26 4.65 4.75 4.47 4.10 3.68
 17   3.15 2.67 2.32 2.20 2.64 3.35 4.00 4.50 4.65 4.42 3.94 3.42 2.95 2.47 2.14 1.95 2.10 2.94 3.80 4.55 4.95 4.96 4.60 4.07
 18   3.48 2.96 2.52 2.17 2.00 2.50 3.40 4.19 4.65 4.84 4.60 4.04 3.48 2.95 2.45 2.05 1.80 2.00 3.10 4.15 4.95 5.27 5.20 4.62
 19   3.95 3.32 2.76 2.27 1.92 1.85 2.52 3.55 4.45 4.91 4.99 4.58 3.98 3.32 2.72 2.20 1.80 1.60 2.21 3.40 4.47 5.36 5.60 5.33
 20   4.55 3.80 3.10 2.45 1.97 1.66 1.71 2.86 4.10 4.85 5.15 5.06 4.52 3.80 3.05 2.45 1.99 1.60 1.46 2.75 4.19 5.30 5.80 5.78
 21   5.15 4.37 3.60 2.84 2.20 1.65 1.34 1.90 3.26 4.45 5.05 5.23 4.90 4.19 3.40 2.70 2.15 1.68 1.36 1.52 3.48 4.98 5.70 5.89
 22   5.50 4.75 3.96 3.20 2.47 1.87 1.40 1.36 2.50 3.91 4.90 5.34 5.21 4.61 3.83 3.08 2.44 1.90 1.43 1.25 2.25 4.36 5.52 5.95
 23   5.81 5.20 4.47 3.71 2.95 2.28 1.75 1.40 1.50 3.06 4.40 5.19 5.36 5.00 4.31 3.56 2.85 2.24 1.75 1.36 1.26 3.20 4.95 5.71
 24   5.90 5.75 5.06 4.23 3.43 2.70 2.04 1.59 1.33 1.98 3.40 4.67 5.25 5.30 4.80 4.02 3.30 2.63 2.04 1.58 1.30 1.62 3.75 5.10
 25   5.67 5.75 5.43 4.72 3.95 3.18 2.43 1.87 1.50 1.43 2.38 3.80 4.80 5.16 5.09 4.47 3.70 3.01 2.35 1.85 1.50 1.37 2.56 4.10
 26   5.15 5.50 5.48 5.00 4.32 3.60 2.85 2.22 1.80 1.51 1.69 2.87 4.02 4.82 5.05 4.82 4.23 3.52 2.81 2.21 1.80 1.55 1.60 3.00
 27   4.40 5.05 5.27 5.20 4.72 4.05 3.35 2.67 2.20 1.82 1.60 2.00 3.10 4.15 4.78 4.95 4.67 4.05 3.36 2.80 2.32 1.95 1.75 2.20
 28   3.62 4.55 5.06 5.20 4.98 4.40 3.80 3.20 2.62 2.15 1.81 1.70 2.20 3.20 4.08 4.62 4.79 4.50 3.95 3.40 2.91 2.50 2.20 2.04
 29   2.21 3.11 4.02 4.63 4.86 4.80 4.32 3.72 3.12 2.60 2.20 1.87 1.75 2.15 3.06 3.90 4.45 4.66 4.60 4.23 3.75 3.25 2.83 2.46
 30   2.17 2.20 3.03 3.90 4.51 4.83 4.80 4.43 3.83 3.23 2.67 2.24 1.90 1.71 1.82 2.70 3.59 4.34 4.72 4.79 4.50 3.95 3.36 2.86
 ----------------------------------------------------------------------------------------------------------------------------
                                                                                               
 ----------------------------------------------------------------------------------------------------------------------------
 ----------------------------------------------------------------------------------------------------------------------------
                                                          SURVEY OF INDIA
                                                    MARINE GEODESY WING (G&RB)
                                                     HOURLY HEIGHTS IN METRES
  NAME OF PORT:- DIAMOND HARBOUR                                                                    MONTH DECEMBER  YEAR 2010
 ----------------------------------------------------------------------------------------------------------------------------
 DAYS 0000 0001 0002 0003 0004 0005 0006 0007 0008 0009 0010 0011 0012 0013 0014 0015 0016 0017 0018 0019 0020 0021 0022 0023
 ----------------------------------------------------------------------------------------------------------------------------
  1   2.40 2.12 2.00 2.50 3.25 3.96 4.50 4.68 4.45 3.85 3.30 2.80 2.34 1.96 1.73 1.75 2.43 3.40 4.40 4.90 4.98 4.70 4.16 3.57
  2   2.89 2.42 2.06 1.82 2.03 2.85 3.75 4.47 4.75 4.60 4.07 3.50 2.94 2.41 2.00 1.70 1.57 2.20 3.43 4.58 5.23 5.35 5.02 4.40
  3   3.55 2.90 2.37 1.92 1.70 1.95 2.82 3.80 4.60 4.90 4.75 4.20 3.57 2.97 2.40 1.96 1.62 1.43 2.30 3.79 5.00 5.50 5.56 5.04
  4   4.17 3.44 2.82 2.23 1.80 1.48 1.58 2.75 4.00 4.80 5.05 4.82 4.21 3.57 2.90 2.27 1.83 1.50 1.31 2.30 3.88 5.15 5.73 5.72
  5   4.99 4.25 3.52 2.81 2.19 1.65 1.37 1.63 3.00 4.27 4.98 5.13 4.80 4.10 3.40 2.75 2.15 1.68 1.35 1.36 2.90 4.40 5.46 5.89
  6   5.68 5.03 4.25 3.47 2.72 2.03 1.52 1.35 2.10 3.60 4.77 5.15 5.10 4.54 3.82 3.10 2.40 1.85 1.43 1.22 1.83 3.72 5.04 5.80
  7   5.88 5.50 4.80 4.00 3.21 2.46 1.83 1.40 1.34 2.55 4.00 4.95 5.24 5.01 4.40 3.66 2.98 2.32 1.75 1.39 1.30 2.63 4.35 5.37
  8   5.67 5.57 5.01 4.30 3.60 2.86 2.21 1.75 1.45 1.92 3.23 4.46 5.06 5.15 4.72 4.00 3.35 2.68 2.08 1.62 1.40 1.85 3.60 4.97
  9   5.55 5.60 5.32 4.68 3.98 3.22 2.56 2.00 1.64 1.56 2.43 3.75 4.65 5.10 5.03 4.43 3.77 3.08 2.42 1.90 1.62 1.55 2.39 4.01
 10   5.05 5.40 5.40 5.00 4.40 3.63 2.95 2.31 1.91 1.71 1.98 3.20 4.20 4.85 5.06 4.80 4.15 3.48 2.85 2.30 1.97 1.80 2.08 3.30
 11   4.58 5.14 5.28 5.10 4.61 4.00 3.35 2.71 2.22 1.95 1.90 2.72 3.63 4.45 4.90 4.92 4.45 3.85 3.25 2.74 2.30 2.06 2.03 3.02
 12   4.13 4.78 5.10 5.20 4.80 4.25 3.67 3.07 2.56 2.17 1.97 2.30 3.15 4.00 4.62 4.92 4.77 4.25 3.70 3.20 2.77 2.38 2.20 2.49
 13   3.63 4.40 4.82 4.98 4.92 4.45 3.85 3.27 2.78 2.36 2.06 1.92 2.41 3.24 3.97 4.43 4.62 4.49 3.99 3.48 3.02 2.63 2.40 2.36
 14   2.95 3.60 4.14 4.51 4.68 4.60 4.17 3.65 3.14 2.67 2.32 2.06 2.10 2.73 3.40 4.00 4.41 4.55 4.28 3.86 3.45 3.05 2.75 2.57
 15   2.43 2.90 3.47 3.96 4.26 4.40 4.27 3.87 3.45 3.02 2.62 2.27 2.03 2.03 2.52 3.13 3.70 4.15 4.35 4.25 3.95 3.61 3.26 2.98
 16   2.65 2.40 2.36 2.75 3.25 3.75 4.12 4.23 4.00 3.56 3.10 2.62 2.25 2.00 1.97 2.39 2.97 3.51 4.04 4.43 4.50 4.24 3.81 3.40
 17   2.85 2.45 2.18 2.20 2.70 3.21 3.72 4.10 4.35 4.20 3.70 3.18 2.72 2.30 2.01 1.85 2.03 2.81 3.61 4.35 4.80 4.88 4.48 3.95
 18   3.26 2.78 2.41 2.18 2.01 2.21 3.00 3.72 4.30 4.49 4.23 3.72 3.20 2.72 2.28 1.97 1.72 1.86 2.98 4.01 4.85 5.10 4.96 4.41
 19   3.76 3.20 2.70 2.24 1.90 1.80 2.39 3.19 3.96 4.56 4.65 4.23 3.76 3.22 2.70 2.20 1.82 1.61 2.10 3.25 4.32 5.08 5.25 4.90
 20   4.19 3.60 3.01 2.52 2.10 1.80 1.63 2.25 3.28 4.20 4.72 4.75 4.35 3.72 3.10 2.52 2.02 1.65 1.43 2.20 3.64 4.80 5.40 5.54
 21   5.03 4.32 3.60 2.90 2.35 1.90 1.60 1.50 2.42 3.67 4.58 5.03 4.97 4.38 3.66 3.00 2.38 1.85 1.43 1.30 2.43 4.20 5.20 5.64
 22   5.59 4.96 4.18 3.37 2.61 2.04 1.62 1.38 1.58 2.90 4.27 5.08 5.25 4.96 4.21 3.45 2.79 2.17 1.66 1.32 1.28 3.10 4.78 5.62
 23   5.88 5.62 4.81 3.95 3.12 2.38 1.85 1.50 1.25 1.80 3.45 4.92 5.31 5.31 4.83 4.10 3.32 2.62 2.00 1.52 1.20 1.78 3.95 5.37
 24   5.90 5.95 5.45 4.60 3.78 2.98 2.27 1.79 1.40 1.25 2.40 4.18 5.20 5.45 5.26 4.60 3.82 3.11 2.40 1.85 1.43 1.25 2.57 4.58
 25   5.61 5.85 5.75 5.15 4.30 3.45 2.70 2.12 1.68 1.37 1.40 2.92 4.40 5.15 5.35 5.12 4.40 3.65 2.92 2.32 1.84 1.51 1.41 3.02
 26   4.94 5.54 5.66 5.58 4.90 4.05 3.24 2.59 2.05 1.66 1.42 1.70 3.12 4.32 4.98 5.15 4.83 4.18 3.43 2.81 2.25 1.85 1.65 1.75
 27   3.58 4.64 5.17 5.32 5.20 4.59 3.75 3.01 2.40 1.98 1.62 1.44 2.15 3.32 4.35 4.86 4.97 4.63 4.00 3.35 2.80 2.31 1.98 1.81
 28   2.24 3.57 4.43 4.83 4.99 4.86 4.23 3.52 2.85 2.37 1.99 1.70 1.64 2.41 3.40 4.20 4.68 4.79 4.50 3.95 3.35 2.88 2.50 2.19
 29   2.01 2.40 3.42 4.20 4.57 4.68 4.55 3.98 3.35 2.81 2.38 2.00 1.70 1.69 2.61 3.64 4.34 4.63 4.77 4.60 4.04 3.46 3.00 2.55
 30   2.18 2.04 2.50 3.45 4.04 4.43 4.57 4.45 3.98 3.41 2.90 2.40 2.05 1.78 1.72 2.26 3.08 3.88 4.50 4.75 4.68 4.25 3.65 3.12
 31   2.55 2.20 1.97 2.03 2.65 3.32 3.91 4.40 4.47 4.15 3.62 3.07 2.60 2.20 1.90 1.70 1.90 2.85 3.80 4.57 4.95 4.92 4.52 4.00
 ----------------------------------------------------------------------------------------------------------------------------
                                                                                               
 ----------------------------------------------------------------------------------------------------------------------------
 ----------------------------------------------------------------------------------------------------------------------------
