                                                          SURVEY OF INDIA
                                                    MARINE GEODESY WING (G&RB)
                                                     HOURLY HEIGHTS IN METRES
  NAME OF PORT:- MACHILIPATNAM                                                                      MONTH JANUARY   YEAR 2017
 ----------------------------------------------------------------------------------------------------------------------------
 DAYS 0000 0001 0002 0003 0004 0005 0006 0007 0008 0009 0010 0011 0012 0013 0014 0015 0016 0017 0018 0019 0020 0021 0022 0023
 ----------------------------------------------------------------------------------------------------------------------------
  1   0.82 0.85 0.87 0.88 0.88 0.86 0.79 0.74 0.71 0.71 0.74 0.78 0.81 0.83 0.84 0.83 0.79 0.71 0.64 0.60 0.60 0.63 0.69 0.75
  2   0.81 0.86 0.89 0.90 0.90 0.89 0.86 0.82 0.76 0.71 0.71 0.75 0.80 0.84 0.85 0.84 0.80 0.74 0.67 0.61 0.58 0.58 0.62 0.70
  3   0.77 0.83 0.87 0.89 0.89 0.87 0.84 0.80 0.75 0.71 0.70 0.71 0.75 0.79 0.83 0.84 0.83 0.80 0.75 0.68 0.60 0.58 0.60 0.66
  4   0.72 0.78 0.84 0.88 0.89 0.88 0.85 0.80 0.74 0.68 0.65 0.65 0.68 0.73 0.77 0.80 0.81 0.80 0.77 0.72 0.65 0.61 0.60 0.61
  5   0.65 0.70 0.76 0.81 0.85 0.86 0.85 0.81 0.75 0.69 0.64 0.62 0.62 0.65 0.69 0.73 0.76 0.78 0.78 0.76 0.72 0.67 0.64 0.64
  6   0.67 0.72 0.77 0.81 0.85 0.88 0.89 0.87 0.82 0.76 0.69 0.64 0.63 0.64 0.67 0.71 0.75 0.78 0.80 0.81 0.81 0.79 0.75 0.71
  7   0.70 0.71 0.73 0.76 0.79 0.82 0.84 0.85 0.84 0.80 0.74 0.68 0.62 0.57 0.56 0.57 0.60 0.64 0.69 0.73 0.76 0.78 0.78 0.76
  8   0.73 0.70 0.70 0.72 0.75 0.78 0.81 0.83 0.84 0.83 0.78 0.72 0.65 0.60 0.58 0.59 0.63 0.68 0.73 0.77 0.80 0.82 0.83 0.83
  9   0.82 0.79 0.74 0.70 0.70 0.73 0.77 0.80 0.82 0.83 0.82 0.78 0.72 0.66 0.62 0.60 0.60 0.62 0.65 0.69 0.73 0.77 0.80 0.81
 10   0.80 0.77 0.73 0.70 0.68 0.68 0.70 0.74 0.78 0.81 0.82 0.81 0.78 0.73 0.66 0.60 0.57 0.57 0.60 0.66 0.72 0.77 0.82 0.85
 11   0.86 0.85 0.81 0.76 0.71 0.68 0.69 0.73 0.77 0.81 0.84 0.84 0.81 0.76 0.69 0.62 0.55 0.52 0.53 0.58 0.66 0.73 0.79 0.84
 12   0.87 0.88 0.86 0.82 0.76 0.71 0.68 0.68 0.71 0.76 0.81 0.83 0.83 0.81 0.75 0.67 0.59 0.54 0.53 0.55 0.64 0.72 0.80 0.85
 13   0.88 0.89 0.88 0.83 0.74 0.64 0.59 0.61 0.69 0.78 0.88 0.94 0.94 0.88 0.77 0.66 0.55 0.46 0.44 0.47 0.62 0.78 0.91 1.00
 14   1.05 1.04 0.98 0.90 0.79 0.65 0.58 0.57 0.63 0.74 0.84 0.92 0.95 0.90 0.82 0.72 0.60 0.49 0.43 0.46 0.57 0.70 0.85 0.97
 15   1.04 1.07 1.06 0.98 0.87 0.78 0.72 0.69 0.69 0.72 0.78 0.85 0.92 0.93 0.89 0.81 0.73 0.66 0.61 0.58 0.59 0.66 0.76 0.89
 16   0.98 1.04 1.04 0.98 0.89 0.80 0.73 0.67 0.64 0.65 0.69 0.76 0.85 0.91 0.90 0.84 0.77 0.71 0.67 0.64 0.63 0.64 0.68 0.76
 17   0.86 0.95 1.00 0.99 0.91 0.82 0.75 0.70 0.66 0.64 0.65 0.69 0.77 0.84 0.87 0.86 0.80 0.71 0.64 0.60 0.58 0.58 0.61 0.68
 18   0.78 0.88 0.94 0.96 0.93 0.86 0.79 0.72 0.66 0.61 0.59 0.60 0.65 0.72 0.80 0.84 0.84 0.81 0.76 0.71 0.67 0.64 0.63 0.65
 19   0.74 0.84 0.91 0.95 0.95 0.92 0.86 0.79 0.73 0.69 0.67 0.66 0.67 0.70 0.76 0.82 0.87 0.89 0.88 0.83 0.78 0.73 0.70 0.71
 20   0.77 0.84 0.91 0.95 0.95 0.92 0.86 0.79 0.73 0.69 0.66 0.66 0.70 0.80 0.89 0.96 1.00 1.01 0.98 0.91 0.85 0.81 0.80 0.82
 21   0.88 0.95 1.01 1.05 1.05 1.02 0.96 0.89 0.82 0.74 0.67 0.65 0.68 0.76 0.86 0.95 1.02 1.06 1.05 1.01 0.96 0.91 0.86 0.81
 22   0.79 0.81 0.87 0.93 0.97 0.98 0.95 0.89 0.82 0.74 0.67 0.61 0.59 0.63 0.72 0.81 0.91 1.00 1.03 1.03 1.00 0.95 0.89 0.82
 23   0.76 0.74 0.75 0.80 0.85 0.89 0.90 0.88 0.82 0.74 0.66 0.59 0.53 0.52 0.56 0.65 0.77 0.90 0.99 1.03 1.03 1.00 0.94 0.86
 24   0.77 0.67 0.64 0.66 0.72 0.79 0.85 0.88 0.87 0.81 0.73 0.64 0.55 0.48 0.47 0.52 0.63 0.77 0.91 1.01 1.05 1.05 1.00 0.92
 25   0.84 0.76 0.68 0.64 0.65 0.73 0.82 0.89 0.92 0.90 0.83 0.73 0.62 0.51 0.42 0.42 0.52 0.68 0.84 0.98 1.06 1.09 1.06 0.98
 26   0.90 0.81 0.72 0.64 0.61 0.66 0.77 0.88 0.95 0.97 0.94 0.86 0.75 0.64 0.54 0.48 0.49 0.61 0.76 0.93 1.05 1.12 1.13 1.07
 27   0.98 0.88 0.78 0.69 0.62 0.61 0.70 0.82 0.92 0.99 1.00 0.95 0.86 0.75 0.62 0.52 0.48 0.50 0.63 0.81 0.98 1.10 1.13 1.10
 28   1.02 0.92 0.81 0.70 0.61 0.56 0.58 0.70 0.84 0.94 0.99 0.98 0.88 0.77 0.64 0.53 0.44 0.43 0.52 0.68 0.90 1.04 1.11 1.12
 29   1.06 0.96 0.86 0.75 0.64 0.55 0.53 0.62 0.76 0.89 0.98 0.99 0.94 0.82 0.69 0.58 0.52 0.50 0.51 0.58 0.76 0.96 1.08 1.12
 30   1.10 1.02 0.92 0.80 0.68 0.58 0.52 0.53 0.64 0.78 0.92 1.00 0.99 0.90 0.79 0.68 0.56 0.46 0.42 0.45 0.63 0.84 1.01 1.08
 31   1.10 1.09 1.05 0.98 0.88 0.76 0.64 0.54 0.50 0.53 0.69 0.84 0.95 0.99 0.96 0.87 0.76 0.63 0.51 0.43 0.43 0.55 0.71 0.88
 ----------------------------------------------------------------------------------------------------------------------------
                                                                                               
 ----------------------------------------------------------------------------------------------------------------------------
 ----------------------------------------------------------------------------------------------------------------------------
                                                          SURVEY OF INDIA
                                                    MARINE GEODESY WING (G&RB)
                                                     HOURLY HEIGHTS IN METRES
  NAME OF PORT:- MACHILIPATNAM                                                                      MONTH FEBRUARY  YEAR 2017
 ----------------------------------------------------------------------------------------------------------------------------
 DAYS 0000 0001 0002 0003 0004 0005 0006 0007 0008 0009 0010 0011 0012 0013 0014 0015 0016 0017 0018 0019 0020 0021 0022 0023
 ----------------------------------------------------------------------------------------------------------------------------
  1
  2
  3
  4
  5
  6
  7
  8
  9
 10
 11
 12
 13
 14
 15
 16
 17
 18
 19
 20
 21
 22
 23
 24
 25
 26
 27
 28
 ----------------------------------------------------------------------------------------------------------------------------
                                                          SURVEY OF INDIA
                                                    MARINE GEODESY WING (G&RB)
                                                     HOURLY HEIGHTS IN METRES
  NAME OF PORT:- MACHILIPATNAM                                                                      MONTH MARCH     YEAR 2017
 ----------------------------------------------------------------------------------------------------------------------------
 DAYS 0000 0001 0002 0003 0004 0005 0006 0007 0008 0009 0010 0011 0012 0013 0014 0015 0016 0017 0018 0019 0020 0021 0022 0023
 ----------------------------------------------------------------------------------------------------------------------------
  1
  2   1.00 0.95 0.85 0.73 0.59 0.50 0.46 0.47 0.53 0.62 0.77 0.91 0.98 0.98 0.87 0.76 0.64 0.51 0.41 0.38 0.42 0.57 0.74 0.88
  3   0.96 0.96 0.88 0.77 0.64 0.52 0.45 0.42 0.43 0.50 0.62 0.80 0.93 0.98 0.97 0.86 0.74 0.63 0.55 0.50 0.49 0.54 0.65 0.78
  4   0.90 0.95 0.94 0.86 0.75 0.63 0.54 0.48 0.46 0.48 0.55 0.66 0.81 0.91 0.95 0.91 0.82 0.71 0.60 0.51 0.44 0.43 0.51 0.63
  5   0.75 0.84 0.88 0.86 0.76 0.66 0.57 0.49 0.44 0.42 0.44 0.50 0.60 0.72 0.83 0.88 0.87 0.78 0.69 0.60 0.52 0.48 0.48 0.52
  6   0.59 0.68 0.76 0.79 0.77 0.71 0.64 0.57 0.51 0.46 0.44 0.44 0.47 0.56 0.71 0.81 0.87 0.88 0.85 0.78 0.70 0.62 0.54 0.50
  7   0.50 0.54 0.61 0.69 0.75 0.77 0.75 0.68 0.60 0.52 0.45 0.41 0.41 0.46 0.54 0.65 0.78 0.86 0.90 0.89 0.84 0.75 0.66 0.57
  8   0.50 0.46 0.46 0.51 0.59 0.68 0.75 0.76 0.72 0.64 0.55 0.47 0.41 0.39 0.41 0.50 0.62 0.75 0.87 0.94 0.94 0.89 0.79 0.69
  9   0.58 0.52 0.51 0.53 0.58 0.65 0.74 0.82 0.85 0.81 0.71 0.60 0.50 0.42 0.39 0.42 0.53 0.69 0.85 0.97 1.04 1.04 0.96 0.86
 10   0.76 0.64 0.54 0.47 0.48 0.59 0.72 0.83 0.92 0.94 0.88 0.78 0.67 0.55 0.46 0.41 0.44 0.57 0.78 0.96 1.06 1.09 1.07 0.98
 11   0.87 0.76 0.64 0.53 0.48 0.52 0.67 0.81 0.93 0.99 0.99 0.89 0.76 0.64 0.51 0.40 0.36 0.39 0.59 0.77 0.92 1.00 1.00 0.93
 12   0.83 0.71 0.58 0.48 0.40 0.38 0.47 0.61 0.78 0.90 0.94 0.88 0.78 0.66 0.54 0.42 0.34 0.34 0.44 0.61 0.81 0.94 0.99 0.95
 13   0.86 0.75 0.63 0.51 0.41 0.35 0.38 0.51 0.68 0.84 0.93 0.94 0.84 0.71 0.58 0.46 0.38 0.37 0.42 0.52 0.69 0.87 0.96 0.97
 14   0.90 0.79 0.66 0.54 0.44 0.35 0.33 0.43 0.59 0.76 0.89 0.94 0.90 0.79 0.67 0.56 0.45 0.36 0.35 0.46 0.63 0.80 0.93 0.97
 15   0.94 0.83 0.71 0.58 0.47 0.38 0.33 0.36 0.51 0.67 0.83 0.93 0.94 0.86 0.75 0.63 0.51 0.41 0.37 0.43 0.57 0.73 0.87 0.96
 16   0.98 0.90 0.78 0.64 0.52 0.42 0.36 0.37 0.48 0.62 0.78 0.91 0.95 0.90 0.81 0.69 0.58 0.48 0.40 0.39 0.50 0.65 0.78 0.89
 17   0.93 0.88 0.79 0.69 0.57 0.46 0.36 0.34 0.40 0.54 0.68 0.81 0.91 0.92 0.86 0.75 0.64 0.54 0.46 0.43 0.46 0.59 0.71 0.82
 18   0.88 0.88 0.80 0.69 0.59 0.50 0.42 0.35 0.34 0.43 0.58 0.71 0.81 0.86 0.83 0.76 0.67 0.57 0.47 0.41 0.40 0.47 0.59 0.69
 19   0.76 0.79 0.77 0.69 0.59 0.49 0.41 0.35 0.33 0.38 0.48 0.60 0.71 0.78 0.81 0.78 0.71 0.62 0.53 0.45 0.42 0.45 0.53 0.61
 20   0.68 0.73 0.74 0.68 0.60 0.52 0.44 0.37 0.32 0.31 0.36 0.47 0.58 0.68 0.74 0.74 0.70 0.64 0.57 0.51 0.46 0.45 0.48 0.53
 21   0.58 0.63 0.65 0.63 0.58 0.52 0.45 0.39 0.34 0.32 0.33 0.38 0.46 0.54 0.62 0.67 0.69 0.67 0.63 0.58 0.52 0.47 0.43 0.42
 22   0.44 0.48 0.52 0.54 0.54 0.51 0.47 0.42 0.37 0.33 0.31 0.33 0.38 0.45 0.52 0.59 0.65 0.70 0.71 0.67 0.61 0.55 0.50 0.45
 23   0.42 0.42 0.45 0.50 0.55 0.59 0.61 0.59 0.54 0.48 0.41 0.35 0.32 0.33 0.39 0.48 0.59 0.69 0.75 0.77 0.75 0.69 0.59 0.51
 24   0.44 0.39 0.38 0.41 0.49 0.58 0.64 0.67 0.66 0.61 0.53 0.44 0.37 0.31 0.30 0.35 0.46 0.59 0.71 0.79 0.81 0.77 0.67 0.57
 25   0.48 0.40 0.33 0.31 0.37 0.47 0.58 0.69 0.74 0.73 0.66 0.57 0.47 0.37 0.29 0.27 0.34 0.47 0.62 0.78 0.85 0.86 0.78 0.67
 26   0.56 0.45 0.35 0.29 0.30 0.41 0.54 0.68 0.77 0.80 0.75 0.66 0.55 0.44 0.34 0.28 0.27 0.36 0.54 0.71 0.86 0.91 0.87 0.76
 27   0.64 0.54 0.44 0.35 0.29 0.30 0.44 0.61 0.77 0.87 0.87 0.78 0.65 0.53 0.41 0.31 0.25 0.26 0.43 0.63 0.82 0.92 0.92 0.83
 28   0.72 0.60 0.48 0.37 0.29 0.27 0.33 0.52 0.70 0.86 0.92 0.88 0.78 0.65 0.51 0.40 0.30 0.26 0.30 0.49 0.69 0.86 0.93 0.89
 29   0.79 0.65 0.53 0.41 0.31 0.24 0.25 0.39 0.59 0.81 0.93 0.95 0.87 0.74 0.61 0.49 0.37 0.28 0.26 0.37 0.56 0.76 0.89 0.93
 30   0.87 0.76 0.62 0.49 0.37 0.27 0.22 0.25 0.43 0.63 0.83 0.92 0.92 0.82 0.69 0.57 0.45 0.34 0.26 0.26 0.43 0.61 0.79 0.89
 31   0.89 0.80 0.67 0.55 0.43 0.33 0.23 0.21 0.31 0.50 0.70 0.85 0.93 0.92 0.78 0.64 0.53 0.41 0.32 0.29 0.33 0.48 0.62 0.78
 ----------------------------------------------------------------------------------------------------------------------------
                                                                                               
 ----------------------------------------------------------------------------------------------------------------------------
 ----------------------------------------------------------------------------------------------------------------------------
                                                          SURVEY OF INDIA
                                                    MARINE GEODESY WING (G&RB)
                                                     HOURLY HEIGHTS IN METRES
  NAME OF PORT:- MACHILIPATNAM                                                                      MONTH APRIL     YEAR 2017
 ----------------------------------------------------------------------------------------------------------------------------
 DAYS 0000 0001 0002 0003 0004 0005 0006 0007 0008 0009 0010 0011 0012 0013 0014 0015 0016 0017 0018 0019 0020 0021 0022 0023
 ----------------------------------------------------------------------------------------------------------------------------
  1   0.86 0.85 0.76 0.64 0.53 0.42 0.33 0.26 0.25 0.36 0.52 0.70 0.83 0.90 0.88 0.77 0.65 0.52 0.39 0.30 0.30 0.39 0.53 0.65
  2   0.77 0.82 0.80 0.71 0.61 0.50 0.40 0.33 0.29 0.31 0.40 0.54 0.69 0.81 0.86 0.84 0.77 0.65 0.54 0.45 0.38 0.36 0.44 0.56
  3   0.67 0.75 0.79 0.76 0.68 0.58 0.48 0.39 0.33 0.31 0.36 0.45 0.56 0.69 0.79 0.83 0.81 0.74 0.66 0.57 0.49 0.43 0.41 0.44
  4   0.51 0.61 0.69 0.72 0.71 0.65 0.57 0.49 0.41 0.34 0.32 0.37 0.47 0.58 0.69 0.78 0.83 0.84 0.81 0.72 0.62 0.54 0.48 0.45
  5   0.45 0.49 0.55 0.63 0.68 0.69 0.66 0.61 0.55 0.48 0.42 0.39 0.41 0.47 0.56 0.66 0.75 0.81 0.84 0.82 0.74 0.65 0.56 0.49
  6   0.44 0.42 0.44 0.51 0.60 0.69 0.73 0.71 0.66 0.58 0.50 0.43 0.40 0.40 0.44 0.52 0.64 0.74 0.82 0.86 0.85 0.78 0.69 0.59
  7   0.49 0.42 0.38 0.40 0.51 0.62 0.72 0.78 0.77 0.70 0.61 0.52 0.45 0.40 0.38 0.42 0.52 0.63 0.74 0.84 0.89 0.87 0.78 0.67
  8   0.57 0.47 0.39 0.34 0.36 0.49 0.61 0.74 0.82 0.83 0.75 0.64 0.54 0.46 0.40 0.37 0.40 0.54 0.69 0.82 0.90 0.91 0.85 0.75
  9   0.63 0.53 0.44 0.37 0.36 0.45 0.59 0.74 0.85 0.90 0.88 0.78 0.67 0.57 0.47 0.40 0.39 0.48 0.61 0.77 0.90 0.96 0.94 0.84
 10   0.73 0.62 0.51 0.43 0.38 0.39 0.54 0.70 0.86 0.96 0.98 0.90 0.79 0.67 0.55 0.45 0.39 0.42 0.53 0.68 0.84 0.94 0.96 0.91
 11   0.81 0.69 0.58 0.48 0.39 0.37 0.47 0.63 0.80 0.94 0.99 0.96 0.87 0.76 0.63 0.52 0.43 0.41 0.49 0.62 0.78 0.91 0.96 0.94
 12   0.85 0.74 0.62 0.51 0.41 0.36 0.38 0.55 0.71 0.88 0.98 1.00 0.94 0.84 0.72 0.60 0.49 0.43 0.45 0.58 0.72 0.86 0.95 0.97
 13   0.91 0.80 0.68 0.57 0.47 0.40 0.40 0.52 0.68 0.87 1.00 1.05 1.02 0.94 0.84 0.72 0.60 0.50 0.47 0.56 0.69 0.84 0.95 1.00
 14   0.98 0.90 0.79 0.67 0.56 0.47 0.44 0.51 0.65 0.81 0.97 1.05 1.07 1.02 0.93 0.83 0.73 0.63 0.56 0.57 0.67 0.81 0.92 0.98
 15   0.99 0.94 0.84 0.72 0.61 0.53 0.48 0.49 0.61 0.77 0.92 1.02 1.06 1.04 0.98 0.88 0.77 0.67 0.59 0.56 0.62 0.73 0.86 0.96
 16   1.01 0.98 0.90 0.79 0.68 0.59 0.53 0.51 0.55 0.68 0.82 0.93 1.00 1.03 0.99 0.91 0.82 0.71 0.61 0.57 0.60 0.69 0.80 0.88
 17   0.93 0.94 0.88 0.79 0.70 0.61 0.53 0.48 0.49 0.58 0.71 0.84 0.93 0.99 1.01 0.97 0.88 0.79 0.69 0.61 0.57 0.60 0.67 0.74
 18   0.80 0.84 0.83 0.77 0.70 0.62 0.55 0.49 0.47 0.51 0.61 0.73 0.84 0.92 0.95 0.93 0.87 0.78 0.69 0.61 0.56 0.54 0.57 0.63
 19   0.70 0.75 0.77 0.76 0.72 0.65 0.57 0.51 0.47 0.46 0.50 0.59 0.68 0.77 0.84 0.87 0.86 0.82 0.76 0.69 0.62 0.58 0.57 0.59
 20   0.63 0.68 0.72 0.75 0.76 0.74 0.68 0.62 0.56 0.51 0.50 0.53 0.59 0.66 0.75 0.83 0.90 0.93 0.91 0.85 0.78 0.70 0.63 0.59
 21   0.58 0.60 0.64 0.69 0.75 0.79 0.80 0.77 0.71 0.65 0.59 0.54 0.53 0.57 0.64 0.73 0.81 0.88 0.92 0.91 0.86 0.78 0.69 0.60
 22   0.54 0.51 0.52 0.59 0.69 0.77 0.83 0.86 0.83 0.76 0.68 0.61 0.55 0.52 0.55 0.63 0.75 0.87 0.97 1.02 1.01 0.96 0.87 0.77
 23   0.67 0.60 0.55 0.55 0.62 0.75 0.86 0.94 0.95 0.91 0.84 0.75 0.65 0.56 0.51 0.54 0.65 0.77 0.90 0.98 1.01 0.99 0.92 0.81
 24   0.70 0.60 0.51 0.48 0.51 0.64 0.79 0.91 0.99 1.00 0.95 0.84 0.72 0.62 0.54 0.49 0.51 0.64 0.81 0.94 1.01 1.02 0.96 0.86
 25   0.75 0.64 0.55 0.48 0.47 0.55 0.73 0.90 1.04 1.09 1.07 0.98 0.87 0.75 0.64 0.55 0.51 0.55 0.71 0.88 1.02 1.06 1.03 0.95
 26   0.85 0.75 0.64 0.55 0.48 0.49 0.63 0.82 1.00 1.09 1.10 1.06 0.98 0.87 0.76 0.65 0.57 0.54 0.63 0.79 0.94 1.03 1.06 1.02
 27   0.92 0.81 0.71 0.61 0.52 0.48 0.53 0.71 0.92 1.06 1.12 1.12 1.06 0.97 0.87 0.76 0.66 0.58 0.56 0.65 0.81 0.95 1.04 1.06
 28   0.99 0.89 0.78 0.67 0.57 0.49 0.46 0.55 0.72 0.93 1.05 1.10 1.09 1.01 0.91 0.80 0.70 0.61 0.56 0.57 0.70 0.86 0.98 1.05
 29   1.06 0.98 0.87 0.75 0.64 0.54 0.47 0.47 0.59 0.76 0.96 1.07 1.12 1.09 1.01 0.91 0.80 0.69 0.60 0.54 0.56 0.68 0.92 1.02
 30   1.02 0.97 0.89 0.79 0.68 0.57 0.47 0.43 0.46 0.60 0.79 0.93 1.03 1.07 1.04 0.96 0.86 0.75 0.64 0.54 0.50 0.56 0.69 0.80
 ----------------------------------------------------------------------------------------------------------------------------
                                                                                              
 ----------------------------------------------------------------------------------------------------------------------------
 ----------------------------------------------------------------------------------------------------------------------------
                                                          SURVEY OF INDIA
                                                    MARINE GEODESY WING (G&RB)
                                                     HOURLY HEIGHTS IN METRES
  NAME OF PORT:- MACHILIPATNAM                                                                      MONTH MAY       YEAR 2017
 ----------------------------------------------------------------------------------------------------------------------------
 DAYS 0000 0001 0002 0003 0004 0005 0006 0007 0008 0009 0010 0011 0012 0013 0014 0015 0016 0017 0018 0019 0020 0021 0022 0023
 ----------------------------------------------------------------------------------------------------------------------------
  1   0.88 0.93 0.91 0.84 0.73 0.62 0.52 0.44 0.42 0.48 0.60 0.74 0.88 0.97 1.00 0.97 0.90 0.81 0.71 0.61 0.54 0.51 0.54 0.62
  2   0.72 0.81 0.86 0.85 0.78 0.69 0.60 0.52 0.46 0.44 0.50 0.64 0.77 0.89 0.97 1.01 0.99 0.93 0.84 0.74 0.65 0.58 0.54 0.54
  3   0.58 0.66 0.73 0.78 0.79 0.75 0.68 0.61 0.54 0.49 0.48 0.53 0.62 0.72 0.82 0.90 0.95 0.96 0.91 0.83 0.73 0.64 0.56 0.51
  4   0.50 0.53 0.61 0.69 0.76 0.79 0.78 0.73 0.67 0.61 0.55 0.52 0.53 0.59 0.67 0.76 0.84 0.90 0.92 0.89 0.82 0.73 0.64 0.57
  5   0.52 0.50 0.53 0.61 0.70 0.78 0.84 0.85 0.81 0.75 0.68 0.62 0.58 0.57 0.61 0.68 0.77 0.85 0.90 0.91 0.88 0.81 0.71 0.62
  6   0.55 0.49 0.46 0.49 0.59 0.70 0.81 0.88 0.89 0.85 0.78 0.69 0.61 0.55 0.52 0.54 0.64 0.75 0.85 0.92 0.95 0.92 0.85 0.75
  7   0.66 0.57 0.49 0.46 0.49 0.60 0.71 0.82 0.89 0.90 0.87 0.80 0.71 0.63 0.56 0.52 0.55 0.66 0.79 0.89 0.96 0.95 0.89 0.80
  8   0.70 0.60 0.52 0.47 0.47 0.54 0.68 0.83 0.94 0.98 0.97 0.91 0.81 0.70 0.60 0.54 0.52 0.57 0.69 0.81 0.91 0.94 0.92 0.85
  9   0.76 0.66 0.57 0.48 0.44 0.47 0.60 0.74 0.86 0.95 0.98 0.95 0.88 0.78 0.68 0.60 0.54 0.53 0.61 0.76 0.88 0.95 0.96 0.92
 10   0.84 0.74 0.64 0.56 0.50 0.48 0.55 0.70 0.86 0.97 1.01 1.00 0.94 0.85 0.75 0.65 0.57 0.54 0.60 0.71 0.83 0.93 0.96 0.94
 11   0.87 0.76 0.65 0.55 0.47 0.44 0.50 0.67 0.83 0.97 1.04 1.06 1.02 0.93 0.83 0.73 0.63 0.56 0.55 0.63 0.76 0.86 0.92 0.94
 12   0.90 0.81 0.70 0.59 0.51 0.46 0.48 0.58 0.75 0.91 1.00 1.04 1.03 0.97 0.87 0.77 0.68 0.60 0.56 0.60 0.72 0.85 0.92 0.94
 13   0.91 0.84 0.74 0.64 0.54 0.47 0.45 0.52 0.66 0.82 0.94 1.01 1.03 1.00 0.92 0.82 0.72 0.63 0.57 0.57 0.66 0.77 0.86 0.92
 14   0.92 0.86 0.77 0.67 0.58 0.50 0.45 0.47 0.60 0.75 0.90 0.99 1.03 1.02 0.97 0.88 0.78 0.69 0.61 0.57 0.58 0.66 0.77 0.88
 15   0.92 0.90 0.84 0.74 0.62 0.53 0.47 0.47 0.55 0.68 0.84 0.95 1.01 1.03 1.00 0.93 0.84 0.75 0.66 0.60 0.58 0.63 0.72 0.81
 16   0.87 0.88 0.84 0.75 0.66 0.57 0.50 0.47 0.51 0.63 0.76 0.89 0.98 1.02 1.00 0.94 0.86 0.77 0.68 0.60 0.57 0.61 0.70 0.78
 17   0.85 0.87 0.83 0.76 0.69 0.61 0.53 0.48 0.49 0.56 0.66 0.80 0.91 0.98 1.01 0.98 0.91 0.83 0.75 0.67 0.60 0.57 0.60 0.67
 18   0.74 0.80 0.82 0.79 0.73 0.65 0.58 0.53 0.50 0.51 0.58 0.69 0.80 0.90 0.96 0.98 0.95 0.88 0.80 0.72 0.65 0.60 0.58 0.61
 19   0.67 0.74 0.80 0.84 0.84 0.79 0.73 0.67 0.61 0.57 0.57 0.64 0.73 0.82 0.90 0.96 0.98 0.96 0.91 0.84 0.76 0.68 0.62 0.59
 20   0.60 0.65 0.72 0.80 0.86 0.88 0.85 0.79 0.73 0.67 0.62 0.60 0.63 0.70 0.81 0.92 0.99 1.02 1.00 0.95 0.88 0.80 0.72 0.64
 21   0.59 0.59 0.65 0.74 0.84 0.90 0.93 0.92 0.86 0.78 0.70 0.64 0.61 0.64 0.72 0.82 0.92 0.99 1.02 1.00 0.93 0.85 0.77 0.68
 22   0.60 0.54 0.54 0.62 0.77 0.88 0.96 0.99 0.97 0.91 0.83 0.74 0.66 0.60 0.60 0.69 0.80 0.91 1.00 1.02 0.98 0.90 0.80 0.71
 23   0.63 0.56 0.52 0.54 0.68 0.82 0.95 1.04 1.07 1.04 0.96 0.87 0.78 0.69 0.62 0.62 0.70 0.84 0.96 1.03 1.04 0.98 0.90 0.81
 24   0.72 0.63 0.55 0.52 0.56 0.71 0.90 1.07 1.11 1.07 0.98 0.87 0.78 0.70 0.64 0.61 0.65 0.77 0.90 1.01 1.08 1.08 1.01 0.92
 25   0.82 0.72 0.63 0.56 0.53 0.60 0.80 0.98 1.11 1.16 1.15 1.09 1.01 0.92 0.82 0.73 0.68 0.69 0.80 0.94 1.04 1.08 1.07 1.00
 26   0.91 0.82 0.73 0.65 0.58 0.57 0.67 0.88 1.06 1.16 1.20 1.18 1.11 1.02 0.93 0.84 0.76 0.70 0.70 0.83 0.97 1.06 1.09 1.07
 27   1.01 0.92 0.82 0.73 0.65 0.59 0.60 0.74 0.90 1.07 1.16 1.18 1.15 1.09 1.02 0.94 0.86 0.78 0.74 0.76 0.87 0.98 1.06 1.09
 28   1.07 1.00 0.91 0.82 0.74 0.66 0.61 0.63 0.77 0.95 1.08 1.16 1.19 1.16 1.09 1.00 0.91 0.83 0.77 0.74 0.77 0.86 0.96 1.03
 29   1.06 1.05 0.99 0.90 0.81 0.72 0.64 0.61 0.66 0.81 0.95 1.06 1.12 1.14 1.12 1.06 0.99 0.91 0.83 0.76 0.72 0.75 0.84 0.93
 30   1.00 1.03 1.02 0.96 0.88 0.80 0.72 0.65 0.62 0.66 0.81 0.94 1.04 1.10 1.12 1.10 1.05 0.98 0.90 0.81 0.74 0.70 0.72 0.79
 31   0.87 0.93 0.97 0.97 0.92 0.85 0.77 0.69 0.64 0.63 0.70 0.83 0.96 1.04 1.08 1.09 1.06 0.99 0.91 0.83 0.76 0.69 0.66 0.69
 ----------------------------------------------------------------------------------------------------------------------------
                                                                                              
 ----------------------------------------------------------------------------------------------------------------------------
 ----------------------------------------------------------------------------------------------------------------------------
                                                          SURVEY OF INDIA
                                                    MARINE GEODESY WING (G&RB)
                                                     HOURLY HEIGHTS IN METRES
  NAME OF PORT:- MACHILIPATNAM                                                                      MONTH JUNE      YEAR 2017
 ----------------------------------------------------------------------------------------------------------------------------
 DAYS 0000 0001 0002 0003 0004 0005 0006 0007 0008 0009 0010 0011 0012 0013 0014 0015 0016 0017 0018 0019 0020 0021 0022 0023
 ----------------------------------------------------------------------------------------------------------------------------
  1   0.78 0.86 0.92 0.96 0.96 0.91 0.84 0.77 0.70 0.65 0.64 0.71 0.83 0.93 1.01 1.06 1.07 1.04 0.98 0.91 0.84 0.77 0.71 0.70
  2   0.73 0.79 0.87 0.94 0.97 0.96 0.91 0.85 0.79 0.74 0.72 0.74 0.79 0.87 0.95 1.01 1.05 1.06 1.04 0.98 0.91 0.84 0.78 0.73
  3   0.70 0.72 0.79 0.88 0.96 1.01 1.02 1.00 0.95 0.89 0.83 0.78 0.77 0.81 0.90 0.98 1.05 1.09 1.10 1.07 1.02 0.96 0.89 0.82
  4   0.75 0.70 0.70 0.78 0.88 0.96 1.02 1.05 1.03 0.98 0.92 0.86 0.80 0.77 0.79 0.85 0.92 0.98 1.03 1.04 1.01 0.96 0.89 0.81
  5   0.74 0.67 0.64 0.67 0.76 0.86 0.94 1.00 1.02 1.00 0.94 0.87 0.80 0.74 0.71 0.72 0.79 0.87 0.96 1.01 1.02 0.98 0.90 0.82
  6   0.74 0.66 0.60 0.58 0.63 0.76 0.87 0.96 1.01 1.02 0.97 0.90 0.83 0.76 0.70 0.67 0.71 0.81 0.90 0.97 1.00 0.98 0.92 0.84
  7   0.76 0.68 0.60 0.55 0.57 0.68 0.80 0.93 1.01 1.03 1.00 0.94 0.85 0.76 0.69 0.63 0.61 0.66 0.76 0.87 0.95 0.99 0.98 0.94
  8   0.88 0.80 0.71 0.63 0.60 0.62 0.72 0.86 0.96 1.01 1.02 0.97 0.90 0.83 0.76 0.69 0.65 0.66 0.76 0.87 0.95 1.00 1.00 0.95
  9   0.88 0.80 0.71 0.64 0.60 0.61 0.69 0.86 1.00 1.08 1.12 1.12 1.08 1.01 0.94 0.87 0.81 0.77 0.79 0.87 0.95 1.02 1.05 1.03
 10   0.98 0.91 0.83 0.74 0.67 0.64 0.69 0.82 0.97 1.08 1.13 1.12 1.07 1.00 0.93 0.86 0.80 0.77 0.79 0.89 0.98 1.04 1.07 1.07
 11   1.03 0.97 0.90 0.83 0.76 0.70 0.69 0.78 0.90 1.03 1.11 1.15 1.15 1.11 1.05 0.99 0.92 0.86 0.81 0.80 0.86 0.95 1.01 1.04
 12   1.03 0.99 0.92 0.85 0.78 0.71 0.66 0.68 0.80 0.94 1.04 1.10 1.13 1.13 1.09 1.02 0.95 0.88 0.83 0.81 0.84 0.92 0.99 1.04
 13   1.05 1.01 0.95 0.87 0.80 0.73 0.68 0.68 0.78 0.89 1.00 1.09 1.14 1.15 1.12 1.06 1.00 0.94 0.88 0.83 0.82 0.88 0.97 1.04
 14   1.06 1.03 0.98 0.92 0.85 0.78 0.71 0.67 0.70 0.80 0.92 1.03 1.09 1.12 1.12 1.08 1.02 0.96 0.90 0.85 0.82 0.82 0.86 0.93
 15   0.98 0.99 0.97 0.92 0.86 0.80 0.74 0.69 0.66 0.69 0.80 0.90 0.99 1.06 1.09 1.07 1.01 0.94 0.86 0.79 0.73 0.69 0.70 0.77
 16   0.84 0.90 0.93 0.93 0.91 0.87 0.81 0.76 0.72 0.71 0.76 0.85 0.94 1.00 1.04 1.05 1.03 0.98 0.92 0.85 0.79 0.73 0.70 0.72
 17   0.78 0.86 0.93 0.96 0.96 0.94 0.88 0.80 0.74 0.70 0.69 0.72 0.82 0.91 0.99 1.03 1.05 1.04 1.01 0.96 0.88 0.80 0.74 0.70
 18   0.69 0.73 0.80 0.87 0.92 0.94 0.93 0.89 0.84 0.78 0.72 0.69 0.71 0.78 0.87 0.94 0.99 1.01 1.01 0.99 0.94 0.86 0.78 0.71
 19   0.66 0.64 0.67 0.74 0.82 0.89 0.93 0.94 0.91 0.86 0.79 0.72 0.67 0.65 0.69 0.77 0.86 0.93 0.97 0.98 0.96 0.90 0.81 0.73
 20   0.66 0.61 0.60 0.64 0.76 0.87 0.95 0.99 1.00 0.98 0.91 0.82 0.74 0.68 0.66 0.68 0.76 0.85 0.92 0.96 0.97 0.95 0.89 0.79
 21   0.70 0.63 0.58 0.57 0.62 0.75 0.89 0.98 1.03 1.04 1.02 0.96 0.88 0.79 0.70 0.66 0.67 0.74 0.84 0.92 0.96 0.97 0.95 0.90
 22   0.82 0.72 0.63 0.57 0.56 0.60 0.74 0.88 0.99 1.04 1.05 1.03 0.96 0.86 0.77 0.69 0.65 0.67 0.78 0.95 1.03 1.05 1.01 0.93
 23   0.84 0.76 0.68 0.62 0.60 0.65 0.80 0.98 1.09 1.14 1.16 1.15 1.10 1.02 0.93 0.85 0.79 0.77 0.81 0.91 1.00 1.06 1.07 1.04
 24   0.98 0.90 0.80 0.70 0.63 0.60 0.64 0.80 0.96 1.08 1.13 1.14 1.11 1.05 0.98 0.90 0.82 0.75 0.72 0.76 0.86 0.96 1.01 1.03
 25   1.01 0.95 0.87 0.78 0.68 0.61 0.58 0.62 0.80 0.96 1.09 1.14 1.14 1.11 1.06 0.99 0.90 0.82 0.75 0.72 0.77 0.88 0.98 1.04
 26   1.06 1.04 0.99 0.91 0.82 0.73 0.66 0.64 0.73 0.90 1.03 1.11 1.15 1.16 1.14 1.09 1.02 0.94 0.86 0.79 0.76 0.79 0.87 0.95
 27   1.00 1.02 1.00 0.95 0.88 0.79 0.70 0.63 0.64 0.73 0.90 1.01 1.08 1.11 1.12 1.10 1.06 0.99 0.90 0.80 0.72 0.70 0.74 0.83
 28   0.90 0.95 0.97 0.96 0.93 0.87 0.78 0.69 0.64 0.63 0.69 0.87 0.98 1.04 1.07 1.07 1.05 1.00 0.92 0.80 0.72 0.68 0.68 0.72
 29   0.78 0.85 0.90 0.92 0.91 0.88 0.82 0.73 0.64 0.60 0.62 0.72 0.84 0.94 1.00 1.03 1.03 1.00 0.94 0.86 0.77 0.70 0.65 0.64
 30   0.67 0.73 0.79 0.84 0.86 0.86 0.83 0.76 0.69 0.64 0.62 0.65 0.73 0.83 0.91 0.96 0.98 0.97 0.94 0.88 0.80 0.72 0.65 0.60
 ----------------------------------------------------------------------------------------------------------------------------
                                                                                               
 ----------------------------------------------------------------------------------------------------------------------------
 ----------------------------------------------------------------------------------------------------------------------------
                                                          SURVEY OF INDIA
                                                    MARINE GEODESY WING (G&RB)
                                                     HOURLY HEIGHTS IN METRES
  NAME OF PORT:- MACHILIPATNAM                                                                      MONTH JULY      YEAR 2017
 ----------------------------------------------------------------------------------------------------------------------------
 DAYS 0000 0001 0002 0003 0004 0005 0006 0007 0008 0009 0010 0011 0012 0013 0014 0015 0016 0017 0018 0019 0020 0021 0022 0023
 ----------------------------------------------------------------------------------------------------------------------------
  1   0.60 0.65 0.73 0.80 0.85 0.88 0.88 0.84 0.78 0.72 0.67 0.65 0.67 0.74 0.82 0.88 0.91 0.92 0.91 0.89 0.85 0.78 0.70 0.64
  2   0.60 0.60 0.63 0.70 0.77 0.82 0.84 0.84 0.82 0.78 0.72 0.67 0.65 0.66 0.69 0.73 0.78 0.82 0.84 0.84 0.82 0.79 0.74 0.67
  3   0.61 0.58 0.58 0.60 0.64 0.70 0.76 0.81 0.83 0.83 0.81 0.78 0.74 0.71 0.69 0.69 0.71 0.75 0.78 0.80 0.81 0.81 0.79 0.74
  4   0.68 0.63 0.60 0.59 0.60 0.64 0.72 0.78 0.82 0.84 0.84 0.83 0.81 0.78 0.75 0.73 0.72 0.72 0.74 0.76 0.77 0.77 0.76 0.73
  5   0.69 0.64 0.60 0.58 0.58 0.60 0.66 0.73 0.81 0.85 0.87 0.87 0.85 0.82 0.78 0.73 0.70 0.69 0.70 0.72 0.74 0.76 0.77 0.75
  6   0.71 0.65 0.58 0.52 0.50 0.51 0.56 0.65 0.77 0.86 0.90 0.91 0.90 0.88 0.84 0.78 0.72 0.70 0.70 0.72 0.75 0.77 0.77 0.76
  7   0.74 0.70 0.65 0.58 0.52 0.51 0.54 0.61 0.74 0.85 0.90 0.92 0.92 0.90 0.86 0.81 0.75 0.70 0.68 0.68 0.70 0.73 0.76 0.78
  8   0.78 0.76 0.70 0.64 0.59 0.56 0.56 0.59 0.69 0.81 0.91 0.95 0.95 0.89 0.79 0.70 0.62 0.59 0.60 0.68 0.77 0.85 0.89 0.89
  9   0.85 0.78 0.70 0.61 0.54 0.50 0.52 0.64 0.78 0.94 1.02 1.05 1.05 1.02 0.96 0.88 0.79 0.71 0.68 0.69 0.75 0.84 0.91 0.93
 10   0.92 0.88 0.80 0.72 0.64 0.56 0.50 0.50 0.58 0.74 0.90 0.99 1.02 1.01 0.96 0.89 0.80 0.70 0.64 0.63 0.67 0.74 0.81 0.86
 11   0.88 0.87 0.81 0.72 0.64 0.57 0.55 0.59 0.70 0.84 0.94 1.00 1.04 1.05 1.03 0.98 0.90 0.80 0.69 0.61 0.58 0.59 0.65 0.75
 12   0.81 0.84 0.84 0.81 0.74 0.66 0.59 0.54 0.52 0.55 0.66 0.78 0.88 0.94 0.96 0.94 0.89 0.80 0.73 0.68 0.66 0.69 0.76 0.83
 13   0.87 0.88 0.86 0.80 0.70 0.61 0.54 0.50 0.52 0.60 0.75 0.88 0.96 0.99 0.98 0.93 0.85 0.75 0.66 0.59 0.56 0.59 0.67 0.78
 14   0.86 0.90 0.91 0.87 0.78 0.69 0.61 0.55 0.52 0.55 0.66 0.80 0.92 0.99 1.01 0.99 0.93 0.84 0.75 0.67 0.60 0.57 0.60 0.68
 15   0.76 0.82 0.86 0.85 0.80 0.73 0.65 0.57 0.51 0.50 0.55 0.66 0.78 0.88 0.94 0.95 0.92 0.85 0.77 0.68 0.60 0.55 0.54 0.58
 16   0.64 0.72 0.79 0.83 0.83 0.80 0.73 0.64 0.57 0.53 0.52 0.56 0.66 0.77 0.85 0.90 0.90 0.86 0.79 0.70 0.62 0.55 0.50 0.49
 17   0.52 0.60 0.69 0.77 0.82 0.83 0.81 0.76 0.69 0.62 0.56 0.55 0.60 0.68 0.76 0.82 0.86 0.86 0.83 0.77 0.69 0.61 0.55 0.51
 18   0.50 0.52 0.59 0.69 0.79 0.85 0.87 0.86 0.81 0.75 0.68 0.61 0.58 0.60 0.65 0.73 0.80 0.84 0.85 0.82 0.76 0.68 0.61 0.55
 19   0.50 0.48 0.50 0.58 0.70 0.81 0.87 0.89 0.88 0.84 0.77 0.70 0.64 0.60 0.59 0.62 0.69 0.79 0.85 0.87 0.85 0.79 0.70 0.62
 20   0.56 0.52 0.50 0.52 0.60 0.75 0.87 0.95 0.98 0.96 0.90 0.82 0.74 0.67 0.62 0.61 0.65 0.74 0.83 0.90 0.92 0.89 0.80 0.70
 21   0.61 0.54 0.49 0.47 0.50 0.60 0.76 0.89 0.98 1.00 0.96 0.89 0.80 0.70 0.62 0.57 0.55 0.59 0.70 0.80 0.86 0.87 0.82 0.74
 22   0.65 0.56 0.48 0.42 0.40 0.45 0.59 0.74 0.88 0.98 0.99 0.94 0.86 0.76 0.66 0.57 0.50 0.48 0.51 0.62 0.74 0.81 0.82 0.78
 23   0.70 0.60 0.50 0.42 0.36 0.36 0.48 0.64 0.81 0.96 1.02 1.01 0.94 0.84 0.70 0.58 0.50 0.47 0.50 0.60 0.75 0.86 0.92 0.90
 24   0.82 0.73 0.64 0.54 0.45 0.42 0.47 0.62 0.81 0.98 1.08 1.09 1.04 0.96 0.87 0.77 0.66 0.58 0.54 0.58 0.70 0.82 0.92 0.95
 25   0.91 0.84 0.75 0.66 0.57 0.50 0.47 0.54 0.70 0.86 1.01 1.07 1.06 1.00 0.92 0.83 0.73 0.64 0.57 0.55 0.61 0.72 0.83 0.92
 26   0.93 0.87 0.79 0.70 0.61 0.53 0.49 0.50 0.61 0.76 0.93 1.02 1.05 1.01 0.94 0.86 0.77 0.67 0.58 0.52 0.52 0.62 0.73 0.83
 27   0.88 0.86 0.80 0.71 0.62 0.53 0.47 0.45 0.49 0.62 0.77 0.91 0.98 0.99 0.95 0.87 0.77 0.67 0.58 0.50 0.48 0.53 0.62 0.72
 28   0.80 0.85 0.83 0.76 0.67 0.59 0.52 0.47 0.47 0.54 0.69 0.82 0.92 0.98 0.98 0.92 0.84 0.75 0.67 0.59 0.54 0.54 0.60 0.69
 29   0.78 0.85 0.88 0.85 0.79 0.72 0.65 0.59 0.55 0.55 0.62 0.74 0.84 0.91 0.94 0.93 0.89 0.82 0.73 0.65 0.59 0.56 0.58 0.65
 30   0.74 0.83 0.90 0.93 0.92 0.87 0.81 0.74 0.68 0.65 0.66 0.73 0.82 0.89 0.94 0.96 0.94 0.89 0.82 0.73 0.65 0.60 0.58 0.59
 31   0.64 0.72 0.81 0.87 0.89 0.87 0.82 0.76 0.70 0.65 0.62 0.62 0.66 0.74 0.82 0.88 0.90 0.88 0.83 0.76 0.68 0.60 0.54 0.51
 ----------------------------------------------------------------------------------------------------------------------------
                                                                                              
 ----------------------------------------------------------------------------------------------------------------------------
 ----------------------------------------------------------------------------------------------------------------------------
                                                          SURVEY OF INDIA
                                                    MARINE GEODESY WING (G&RB)
                                                     HOURLY HEIGHTS IN METRES
  NAME OF PORT:- MACHILIPATNAM                                                                      MONTH AUGUST    YEAR 2017
 ----------------------------------------------------------------------------------------------------------------------------
 DAYS 0000 0001 0002 0003 0004 0005 0006 0007 0008 0009 0010 0011 0012 0013 0014 0015 0016 0017 0018 0019 0020 0021 0022 0023
 ----------------------------------------------------------------------------------------------------------------------------
  1   0.52 0.59 0.67 0.75 0.82 0.86 0.86 0.82 0.76 0.69 0.63 0.60 0.61 0.66 0.73 0.80 0.86 0.90 0.89 0.84 0.77 0.69 0.62 0.56
  2   0.54 0.56 0.62 0.71 0.80 0.88 0.92 0.92 0.89 0.83 0.76 0.69 0.65 0.64 0.67 0.72 0.79 0.85 0.87 0.85 0.80 0.74 0.67 0.60
  3   0.55 0.53 0.55 0.62 0.73 0.82 0.90 0.94 0.94 0.90 0.84 0.77 0.70 0.64 0.60 0.61 0.66 0.73 0.80 0.84 0.84 0.80 0.74 0.67
  4   0.60 0.53 0.49 0.51 0.58 0.68 0.80 0.90 0.95 0.94 0.89 0.82 0.74 0.67 0.61 0.58 0.60 0.68 0.76 0.83 0.86 0.85 0.80 0.73
  5   0.65 0.58 0.52 0.49 0.53 0.65 0.78 0.91 1.00 1.03 1.00 0.94 0.87 0.79 0.71 0.64 0.60 0.63 0.72 0.81 0.88 0.91 0.88 0.80
  6   0.72 0.64 0.56 0.50 0.50 0.56 0.70 0.86 1.00 1.06 1.06 1.01 0.94 0.87 0.80 0.73 0.68 0.68 0.76 0.86 0.94 0.98 0.98 0.93
  7   0.86 0.78 0.70 0.63 0.59 0.60 0.70 0.86 1.00 1.10 1.12 1.09 1.03 0.96 0.89 0.82 0.75 0.72 0.74 0.82 0.92 1.00 1.03 1.01
  8   0.95 0.87 0.79 0.71 0.64 0.61 0.64 0.76 0.92 1.04 1.10 1.11 1.07 1.01 0.94 0.86 0.78 0.71 0.69 0.74 0.84 0.93 0.99 1.01
  9   0.98 0.92 0.84 0.75 0.67 0.61 0.61 0.70 0.85 1.02 1.12 1.17 1.16 1.11 1.03 0.95 0.86 0.78 0.71 0.67 0.70 0.80 0.91 1.00
 10   1.02 0.99 0.92 0.84 0.76 0.69 0.64 0.65 0.76 0.90 1.03 1.10 1.11 1.08 1.02 0.95 0.88 0.82 0.78 0.78 0.83 0.93 1.01 1.04
 11   1.04 1.01 0.95 0.88 0.80 0.71 0.63 0.61 0.65 0.78 0.92 1.01 1.06 1.07 1.04 0.97 0.89 0.80 0.70 0.60 0.56 0.58 0.67 0.79
 12   0.89 0.94 0.94 0.90 0.82 0.74 0.66 0.59 0.55 0.57 0.67 0.79 0.91 0.98 1.01 0.99 0.94 0.87 0.80 0.74 0.71 0.73 0.82 0.92
 13   0.98 1.00 0.97 0.91 0.83 0.74 0.66 0.59 0.58 0.66 0.79 0.92 1.00 1.04 1.03 0.97 0.89 0.80 0.70 0.61 0.54 0.50 0.50 0.56
 14   0.76 0.88 0.93 0.93 0.88 0.80 0.71 0.62 0.56 0.54 0.58 0.67 0.78 0.88 0.93 0.92 0.87 0.79 0.70 0.61 0.54 0.49 0.48 0.53
 15   0.65 0.77 0.87 0.92 0.92 0.87 0.80 0.71 0.62 0.56 0.54 0.58 0.67 0.78 0.86 0.90 0.89 0.84 0.76 0.66 0.57 0.50 0.47 0.48
 16   0.55 0.64 0.74 0.84 0.90 0.90 0.86 0.80 0.72 0.64 0.59 0.58 0.61 0.68 0.77 0.85 0.90 0.90 0.86 0.79 0.71 0.62 0.55 0.50
 17   0.49 0.52 0.61 0.72 0.84 0.93 0.96 0.94 0.88 0.81 0.73 0.66 0.62 0.61 0.64 0.72 0.80 0.86 0.88 0.86 0.80 0.72 0.64 0.56
 18   0.50 0.48 0.51 0.62 0.74 0.85 0.95 1.00 1.00 0.95 0.87 0.79 0.71 0.64 0.59 0.60 0.68 0.78 0.86 0.89 0.88 0.83 0.75 0.67
 19   0.60 0.53 0.50 0.52 0.64 0.76 0.89 1.00 1.06 1.06 1.01 0.93 0.85 0.77 0.70 0.66 0.67 0.76 0.86 0.95 0.99 0.99 0.94 0.87
 20   0.79 0.71 0.63 0.58 0.58 0.66 0.82 0.97 1.07 1.12 1.11 1.06 0.98 0.89 0.81 0.74 0.69 0.70 0.78 0.89 0.96 1.00 1.00 0.95
 21   0.88 0.80 0.72 0.63 0.58 0.59 0.68 0.84 0.98 1.08 1.13 1.12 1.06 0.98 0.89 0.80 0.71 0.66 0.67 0.79 0.90 0.99 1.02 1.00
 22   0.93 0.85 0.76 0.67 0.60 0.57 0.62 0.76 0.92 1.06 1.13 1.14 1.09 1.02 0.94 0.85 0.77 0.70 0.68 0.74 0.86 0.97 1.04 1.05
 23   1.02 0.95 0.87 0.79 0.71 0.64 0.63 0.71 0.88 1.02 1.11 1.15 1.14 1.09 1.01 0.93 0.85 0.78 0.75 0.78 0.88 0.98 1.06 1.11
 24   1.12 1.08 1.02 0.95 0.87 0.80 0.74 0.73 0.80 0.93 1.04 1.11 1.14 1.12 1.07 1.00 0.92 0.85 0.79 0.76 0.80 0.92 1.01 1.06
 25   1.08 1.06 0.99 0.92 0.85 0.78 0.73 0.74 0.86 1.00 1.10 1.17 1.18 1.13 1.06 0.99 0.92 0.85 0.79 0.75 0.76 0.84 0.94 1.03
 26   1.07 1.07 1.02 0.96 0.90 0.84 0.79 0.75 0.76 0.84 0.97 1.06 1.11 1.12 1.08 1.02 0.95 0.88 0.81 0.76 0.74 0.78 0.88 0.97
 27   1.03 1.05 1.04 1.00 0.94 0.88 0.82 0.78 0.76 0.78 0.86 0.96 1.03 1.06 1.05 1.01 0.94 0.87 0.80 0.74 0.69 0.68 0.74 0.84
 28   0.94 1.00 1.02 1.00 0.95 0.89 0.83 0.78 0.75 0.75 0.80 0.88 0.95 1.00 1.02 1.00 0.95 0.89 0.83 0.77 0.72 0.70 0.72 0.79
 29   0.88 0.96 1.00 1.00 0.97 0.93 0.88 0.83 0.79 0.76 0.76 0.80 0.86 0.91 0.94 0.94 0.91 0.86 0.81 0.76 0.72 0.70 0.70 0.72
 30   0.76 0.82 0.89 0.92 0.92 0.90 0.87 0.84 0.81 0.78 0.76 0.75 0.76 0.79 0.83 0.85 0.85 0.83 0.80 0.76 0.72 0.69 0.67 0.66
 31   0.67 0.71 0.79 0.86 0.90 0.92 0.92 0.90 0.87 0.83 0.79 0.76 0.74 0.74 0.76 0.80 0.83 0.84 0.83 0.80 0.77 0.74 0.71 0.69
 ----------------------------------------------------------------------------------------------------------------------------
                                                                                               
 ----------------------------------------------------------------------------------------------------------------------------
 ----------------------------------------------------------------------------------------------------------------------------
                                                          SURVEY OF INDIA
                                                    MARINE GEODESY WING (G&RB)
                                                     HOURLY HEIGHTS IN METRES
  NAME OF PORT:- MACHILIPATNAM                                                                      MONTH SEPT      YEAR 2017
 ----------------------------------------------------------------------------------------------------------------------------
 DAYS 0000 0001 0002 0003 0004 0005 0006 0007 0008 0009 0010 0011 0012 0013 0014 0015 0016 0017 0018 0019 0020 0021 0022 0023
 ----------------------------------------------------------------------------------------------------------------------------
  1   0.68 0.68 0.71 0.78 0.86 0.93 0.97 0.98 0.96 0.92 0.87 0.82 0.78 0.75 0.73 0.73 0.76 0.80 0.83 0.83 0.81 0.78 0.74 0.70
  2   0.66 0.62 0.61 0.64 0.72 0.82 0.91 0.97 0.98 0.95 0.90 0.84 0.78 0.72 0.67 0.66 0.70 0.77 0.85 0.89 0.89 0.86 0.81 0.75
  3   0.68 0.62 0.59 0.59 0.64 0.75 0.85 0.94 1.00 1.00 0.96 0.90 0.84 0.77 0.70 0.65 0.65 0.70 0.79 0.88 0.93 0.93 0.89 0.82
  4   0.75 0.68 0.62 0.58 0.59 0.67 0.80 0.93 1.02 1.06 1.04 0.98 0.91 0.83 0.76 0.69 0.64 0.64 0.72 0.84 0.94 0.98 0.96 0.91
  5   0.84 0.76 0.68 0.62 0.58 0.60 0.71 0.84 0.96 1.04 1.07 1.04 0.98 0.91 0.84 0.76 0.69 0.65 0.67 0.79 0.90 0.98 1.01 0.99
  6   0.93 0.86 0.79 0.72 0.65 0.62 0.65 0.78 0.92 1.03 1.10 1.10 1.06 1.00 0.93 0.85 0.78 0.72 0.70 0.75 0.85 0.95 1.03 1.05
  7   1.02 0.96 0.89 0.82 0.75 0.69 0.67 0.72 0.86 0.98 1.07 1.12 1.12 1.08 1.03 0.97 0.91 0.85 0.80 0.80 0.86 0.96 1.04 1.10
  8   1.11 1.07 1.00 0.93 0.86 0.80 0.76 0.78 0.87 0.98 1.07 1.15 1.17 1.15 1.09 1.02 0.94 0.87 0.81 0.78 0.81 0.88 0.96 1.03
  9   1.07 1.08 1.06 1.02 0.97 0.91 0.86 0.82 0.82 0.89 0.97 1.04 1.09 1.10 1.08 1.04 0.98 0.91 0.85 0.79 0.77 0.80 0.87 0.94
 10   1.00 1.04 1.04 1.01 0.96 0.89 0.83 0.79 0.77 0.78 0.84 0.92 0.99 1.03 1.04 1.02 0.98 0.92 0.85 0.80 0.77 0.77 0.82 0.90
 11   0.97 1.03 1.07 1.08 1.05 1.00 0.94 0.89 0.85 0.83 0.85 0.90 0.96 1.01 1.03 1.02 0.98 0.92 0.85 0.78 0.72 0.69 0.70 0.76
 12   0.83 0.90 0.95 0.98 0.99 0.97 0.93 0.88 0.83 0.79 0.77 0.79 0.83 0.88 0.92 0.94 0.94 0.91 0.86 0.79 0.72 0.66 0.63 0.64
 13   0.70 0.77 0.83 0.88 0.91 0.92 0.91 0.87 0.81 0.76 0.72 0.71 0.73 0.77 0.81 0.84 0.86 0.86 0.84 0.80 0.75 0.69 0.63 0.60
 14   0.61 0.64 0.69 0.75 0.81 0.85 0.87 0.87 0.84 0.79 0.74 0.69 0.66 0.66 0.69 0.74 0.78 0.80 0.80 0.78 0.74 0.69 0.64 0.59
 15   0.56 0.56 0.59 0.64 0.69 0.75 0.80 0.84 0.85 0.84 0.81 0.76 0.71 0.67 0.65 0.66 0.71 0.77 0.82 0.85 0.85 0.82 0.76 0.69
 16   0.63 0.59 0.58 0.62 0.70 0.78 0.86 0.92 0.96 0.96 0.92 0.85 0.78 0.71 0.65 0.62 0.65 0.72 0.79 0.84 0.87 0.87 0.84 0.79
 17   0.72 0.65 0.59 0.56 0.58 0.65 0.74 0.82 0.89 0.94 0.95 0.91 0.85 0.77 0.69 0.62 0.58 0.60 0.67 0.75 0.82 0.86 0.87 0.85
 18   0.81 0.75 0.68 0.61 0.57 0.57 0.62 0.70 0.78 0.86 0.92 0.94 0.93 0.89 0.83 0.76 0.69 0.64 0.63 0.68 0.75 0.82 0.86 0.87
 19   0.85 0.81 0.75 0.68 0.61 0.57 0.58 0.65 0.73 0.81 0.87 0.91 0.92 0.90 0.85 0.78 0.69 0.62 0.59 0.61 0.68 0.75 0.82 0.87
 20   0.88 0.86 0.81 0.74 0.67 0.60 0.58 0.61 0.69 0.78 0.88 0.95 0.97 0.93 0.86 0.77 0.69 0.61 0.56 0.59 0.69 0.79 0.88 0.94
 21   0.95 0.92 0.86 0.78 0.69 0.61 0.57 0.59 0.69 0.80 0.90 0.96 0.97 0.93 0.86 0.77 0.68 0.59 0.53 0.54 0.62 0.74 0.85 0.94
 22   0.98 0.96 0.89 0.81 0.72 0.64 0.57 0.56 0.63 0.75 0.85 0.93 0.98 0.96 0.89 0.80 0.70 0.61 0.53 0.50 0.55 0.65 0.76 0.86
 23   0.94 0.98 0.95 0.89 0.81 0.72 0.64 0.59 0.62 0.72 0.82 0.92 0.99 1.00 0.95 0.88 0.80 0.70 0.61 0.56 0.58 0.66 0.77 0.87
 24   0.96 1.02 1.01 0.96 0.89 0.81 0.73 0.67 0.67 0.73 0.82 0.91 0.99 1.03 1.01 0.95 0.88 0.80 0.71 0.64 0.62 0.67 0.77 0.87
 25   0.96 1.03 1.05 1.03 0.98 0.92 0.85 0.79 0.76 0.78 0.86 0.95 1.03 1.07 1.07 1.04 0.99 0.92 0.85 0.78 0.73 0.74 0.81 0.89
 26   0.97 1.03 1.07 1.08 1.05 1.00 0.94 0.88 0.83 0.82 0.85 0.91 0.97 1.01 1.03 1.03 1.01 0.96 0.90 0.83 0.76 0.73 0.75 0.82
 27   0.90 0.98 1.04 1.07 1.08 1.06 1.02 0.97 0.92 0.89 0.89 0.92 0.96 1.01 1.04 1.04 1.02 0.98 0.93 0.88 0.83 0.79 0.79 0.82
 28   0.87 0.93 0.99 1.04 1.07 1.07 1.05 1.02 0.98 0.94 0.90 0.88 0.89 0.93 0.97 0.99 0.99 0.97 0.94 0.90 0.86 0.82 0.79 0.79
 29   0.82 0.87 0.92 0.96 0.99 1.01 1.02 1.02 1.00 0.97 0.94 0.92 0.91 0.91 0.92 0.94 0.96 0.98 0.99 0.97 0.92 0.87 0.83 0.80
 30   0.79 0.80 0.83 0.88 0.93 0.97 1.00 1.02 1.02 1.00 0.96 0.92 0.88 0.85 0.84 0.85 0.88 0.91 0.94 0.95 0.94 0.92 0.89 0.85
 ----------------------------------------------------------------------------------------------------------------------------
                                                                                              
 ----------------------------------------------------------------------------------------------------------------------------
 ----------------------------------------------------------------------------------------------------------------------------
                                                          SURVEY OF INDIA
                                                    MARINE GEODESY WING (G&RB)
                                                     HOURLY HEIGHTS IN METRES
  NAME OF PORT:- MACHILIPATNAM                                                                      MONTH OCTOBER   YEAR 2017
 ----------------------------------------------------------------------------------------------------------------------------
 DAYS 0000 0001 0002 0003 0004 0005 0006 0007 0008 0009 0010 0011 0012 0013 0014 0015 0016 0017 0018 0019 0020 0021 0022 0023
 ----------------------------------------------------------------------------------------------------------------------------
  1   0.81 0.78 0.77 0.79 0.83 0.88 0.94 0.99 1.02 1.03 1.01 0.97 0.92 0.87 0.83 0.81 0.82 0.86 0.91 0.96 0.99 0.99 0.96 0.92
  2   0.87 0.82 0.79 0.78 0.80 0.84 0.89 0.94 0.98 1.01 1.02 1.01 0.98 0.94 0.89 0.85 0.83 0.84 0.88 0.93 0.98 1.01 1.02 1.00
  3   0.97 0.93 0.89 0.85 0.83 0.85 0.90 0.96 1.02 1.06 1.08 1.08 1.06 1.02 0.97 0.92 0.89 0.88 0.91 0.96 1.01 1.05 1.07 1.07
  4   1.05 1.02 0.98 0.94 0.91 0.90 0.93 0.98 1.03 1.08 1.12 1.14 1.13 1.10 1.06 1.02 0.98 0.96 0.97 1.01 1.06 1.11 1.14 1.15
  5   1.14 1.11 1.08 1.05 1.02 1.00 1.00 1.04 1.09 1.14 1.19 1.21 1.21 1.19 1.16 1.12 1.08 1.04 1.03 1.05 1.09 1.14 1.19 1.22
  6   1.22 1.20 1.17 1.14 1.11 1.08 1.06 1.06 1.09 1.14 1.19 1.23 1.25 1.24 1.21 1.17 1.13 1.09 1.07 1.07 1.10 1.15 1.20 1.24
  7   1.26 1.26 1.25 1.23 1.20 1.17 1.14 1.13 1.14 1.18 1.23 1.27 1.29 1.29 1.27 1.24 1.20 1.16 1.12 1.10 1.11 1.15 1.20 1.25
  8   1.28 1.29 1.28 1.26 1.23 1.20 1.17 1.15 1.14 1.15 1.19 1.23 1.26 1.27 1.26 1.23 1.19 1.15 1.11 1.08 1.08 1.10 1.14 1.19
  9   1.24 1.27 1.28 1.26 1.23 1.20 1.17 1.14 1.12 1.11 1.12 1.15 1.18 1.21 1.21 1.19 1.16 1.13 1.10 1.07 1.05 1.04 1.06 1.10
 10   1.14 1.17 1.19 1.19 1.17 1.14 1.11 1.08 1.05 1.04 1.05 1.07 1.10 1.13 1.14 1.13 1.11 1.08 1.05 1.02 0.99 0.97 0.98 1.01
 11   1.06 1.11 1.15 1.16 1.15 1.13 1.10 1.07 1.04 1.01 0.99 0.99 1.01 1.04 1.07 1.08 1.07 1.04 1.00 0.96 0.92 0.89 0.87 0.89
 12   0.94 0.99 1.04 1.08 1.10 1.10 1.07 1.03 0.99 0.95 0.92 0.90 0.89 0.90 0.93 0.96 0.97 0.96 0.93 0.89 0.85 0.81 0.78 0.77
 13   0.78 0.82 0.88 0.93 0.97 1.00 1.01 1.00 0.97 0.93 0.90 0.87 0.85 0.85 0.87 0.90 0.93 0.95 0.95 0.93 0.90 0.87 0.84 0.81
 14   0.79 0.79 0.82 0.87 0.92 0.97 1.00 1.02 1.01 0.99 0.96 0.92 0.88 0.85 0.83 0.83 0.85 0.88 0.90 0.91 0.91 0.90 0.88 0.85
 15   0.82 0.79 0.78 0.79 0.82 0.86 0.91 0.95 0.98 1.00 1.00 0.98 0.95 0.91 0.87 0.84 0.82 0.82 0.85 0.89 0.92 0.94 0.95 0.94
 16   0.91 0.88 0.86 0.85 0.86 0.89 0.93 0.97 1.01 1.04 1.05 1.04 1.02 0.99 0.96 0.93 0.91 0.91 0.94 0.98 1.02 1.06 1.08 1.08
 17   1.06 1.03 1.00 0.97 0.95 0.95 0.98 1.02 1.07 1.11 1.14 1.15 1.14 1.11 1.08 1.05 1.02 1.00 1.00 1.03 1.07 1.12 1.16 1.19
 18   1.19 1.17 1.14 1.11 1.09 1.08 1.08 1.10 1.13 1.16 1.19 1.21 1.21 1.18 1.15 1.12 1.09 1.07 1.06 1.07 1.11 1.15 1.19 1.21
 19   1.21 1.20 1.18 1.15 1.12 1.10 1.09 1.10 1.12 1.15 1.18 1.20 1.20 1.19 1.17 1.14 1.11 1.08 1.06 1.06 1.09 1.14 1.18 1.21
 20   1.23 1.23 1.22 1.20 1.17 1.14 1.12 1.12 1.14 1.18 1.22 1.24 1.24 1.22 1.19 1.16 1.13 1.10 1.08 1.08 1.10 1.13 1.17 1.21
 21   1.24 1.25 1.24 1.21 1.17 1.14 1.11 1.09 1.09 1.11 1.14 1.17 1.18 1.17 1.14 1.10 1.06 1.02 0.99 0.97 0.98 1.01 1.06 1.10
 22   1.13 1.15 1.15 1.13 1.09 1.04 1.00 0.97 0.96 0.98 1.01 1.04 1.06 1.06 1.04 1.00 0.95 0.89 0.83 0.80 0.80 0.84 0.90 0.95
 23   0.99 1.02 1.03 1.02 0.99 0.95 0.90 0.87 0.86 0.87 0.90 0.94 0.97 0.98 0.97 0.92 0.86 0.80 0.74 0.69 0.68 0.71 0.77 0.82
 24   0.87 0.91 0.94 0.95 0.94 0.91 0.88 0.85 0.83 0.83 0.86 0.89 0.92 0.94 0.94 0.91 0.86 0.81 0.76 0.71 0.68 0.69 0.75 0.81
 25   0.88 0.94 0.98 1.00 1.00 0.98 0.95 0.91 0.88 0.87 0.89 0.93 0.97 1.00 1.01 1.00 0.97 0.93 0.89 0.85 0.82 0.81 0.83 0.87
 26   0.93 0.98 1.01 1.02 1.02 1.01 0.99 0.97 0.95 0.94 0.94 0.95 0.97 0.99 1.00 1.00 0.98 0.95 0.91 0.87 0.84 0.83 0.84 0.87
 27   0.90 0.93 0.96 0.99 1.01 1.02 1.02 1.01 0.98 0.95 0.92 0.90 0.90 0.91 0.93 0.94 0.94 0.92 0.89 0.86 0.83 0.81 0.80 0.81
 28   0.84 0.88 0.92 0.96 0.99 1.01 1.01 1.00 0.98 0.95 0.92 0.90 0.89 0.89 0.90 0.92 0.94 0.95 0.95 0.94 0.93 0.92 0.91 0.90
 29   0.90 0.91 0.93 0.96 0.99 1.02 1.05 1.07 1.08 1.07 1.05 1.02 0.99 0.98 0.98 0.99 1.00 1.02 1.04 1.06 1.07 1.07 1.06 1.04
 30   1.02 1.01 1.02 1.04 1.06 1.08 1.10 1.12 1.13 1.13 1.12 1.10 1.08 1.06 1.05 1.05 1.06 1.07 1.08 1.09 1.10 1.11 1.12 1.12
 31   1.10 1.08 1.07 1.07 1.08 1.11 1.14 1.17 1.19 1.20 1.20 1.19 1.17 1.14 1.11 1.09 1.09 1.10 1.12 1.15 1.18 1.20 1.20 1.19
 ----------------------------------------------------------------------------------------------------------------------------
                                                                                            
 ----------------------------------------------------------------------------------------------------------------------------
 ----------------------------------------------------------------------------------------------------------------------------
                                                          SURVEY OF INDIA
                                                    MARINE GEODESY WING (G&RB)
                                                     HOURLY HEIGHTS IN METRES
  NAME OF PORT:- MACHILIPATNAM                                                                      MONTH NOVEMBER  YEAR 2017
 ----------------------------------------------------------------------------------------------------------------------------
 DAYS 0000 0001 0002 0003 0004 0005 0006 0007 0008 0009 0010 0011 0012 0013 0014 0015 0016 0017 0018 0019 0020 0021 0022 0023
 ----------------------------------------------------------------------------------------------------------------------------
  1   1.17 1.15 1.13 1.12 1.12 1.13 1.15 1.18 1.21 1.23 1.23 1.22 1.20 1.17 1.14 1.11 1.10 1.10 1.11 1.14 1.18 1.21 1.23 1.24
  2   1.24 1.23 1.21 1.19 1.17 1.16 1.16 1.17 1.19 1.22 1.24 1.24 1.23 1.21 1.18 1.15 1.12 1.11 1.12 1.14 1.16 1.18 1.19 1.19
  3   1.18 1.16 1.14 1.12 1.11 1.12 1.15 1.18 1.21 1.24 1.26 1.26 1.25 1.23 1.20 1.17 1.14 1.13 1.13 1.14 1.16 1.19 1.22 1.25
  4   1.27 1.27 1.26 1.24 1.22 1.20 1.19 1.19 1.21 1.24 1.27 1.29 1.30 1.30 1.29 1.27 1.24 1.21 1.20 1.20 1.21 1.23 1.26 1.29
  5   1.31 1.32 1.31 1.29 1.26 1.23 1.21 1.20 1.21 1.24 1.27 1.30 1.31 1.31 1.30 1.28 1.24 1.19 1.16 1.15 1.16 1.18 1.21 1.24
  6   1.27 1.29 1.30 1.30 1.29 1.27 1.24 1.21 1.20 1.21 1.24 1.27 1.30 1.31 1.30 1.27 1.23 1.18 1.14 1.12 1.12 1.14 1.18 1.23
  7   1.26 1.28 1.29 1.29 1.28 1.25 1.22 1.19 1.17 1.18 1.21 1.25 1.29 1.30 1.29 1.26 1.22 1.17 1.12 1.08 1.06 1.07 1.10 1.14
  8   1.18 1.22 1.24 1.25 1.24 1.21 1.17 1.13 1.10 1.09 1.10 1.13 1.16 1.19 1.21 1.21 1.19 1.14 1.09 1.04 1.01 1.01 1.04 1.09
  9   1.14 1.19 1.23 1.26 1.27 1.26 1.23 1.18 1.13 1.10 1.09 1.10 1.12 1.14 1.16 1.17 1.17 1.15 1.12 1.09 1.06 1.03 1.01 1.01
 10   1.03 1.06 1.10 1.14 1.17 1.19 1.19 1.18 1.16 1.13 1.10 1.07 1.05 1.04 1.05 1.08 1.11 1.13 1.12 1.09 1.06 1.03 1.02 1.03
 11   1.06 1.10 1.14 1.18 1.21 1.22 1.21 1.19 1.15 1.11 1.08 1.07 1.07 1.08 1.10 1.12 1.14 1.15 1.15 1.14 1.12 1.09 1.06 1.04
 12   1.04 1.06 1.09 1.12 1.15 1.18 1.21 1.23 1.23 1.21 1.18 1.14 1.11 1.09 1.08 1.08 1.09 1.11 1.14 1.17 1.19 1.19 1.18 1.16
 13   1.14 1.12 1.11 1.12 1.14 1.17 1.20 1.22 1.23 1.23 1.22 1.19 1.15 1.11 1.08 1.06 1.06 1.08 1.11 1.14 1.17 1.18 1.18 1.17
 14   1.15 1.13 1.11 1.10 1.11 1.13 1.16 1.19 1.21 1.22 1.22 1.21 1.19 1.16 1.13 1.11 1.10 1.10 1.11 1.13 1.16 1.20 1.22 1.22
 15   1.21 1.19 1.17 1.15 1.14 1.14 1.15 1.17 1.19 1.21 1.22 1.21 1.19 1.16 1.13 1.10 1.08 1.07 1.08 1.11 1.15 1.19 1.22 1.24
 16   1.24 1.22 1.19 1.16 1.14 1.13 1.14 1.16 1.18 1.20 1.21 1.21 1.19 1.15 1.10 1.05 1.01 0.99 1.00 1.04 1.08 1.12 1.16 1.18
 17   1.18 1.17 1.15 1.12 1.08 1.05 1.05 1.07 1.10 1.13 1.15 1.15 1.13 1.10 1.06 1.01 0.96 0.92 0.92 0.95 0.99 1.03 1.07 1.10
 18   1.12 1.12 1.10 1.07 1.04 1.01 1.00 1.01 1.03 1.06 1.09 1.11 1.11 1.09 1.05 1.01 0.96 0.90 0.88 0.90 0.94 0.98 1.02 1.05
 19   1.07 1.08 1.07 1.05 1.02 0.99 0.96 0.95 0.96 0.98 1.01 1.04 1.05 1.04 1.01 0.96 0.91 0.87 0.84 0.83 0.84 0.87 0.90 0.94
 20   0.97 0.99 1.00 1.00 0.99 0.97 0.94 0.92 0.92 0.94 0.97 1.00 1.01 1.00 0.96 0.90 0.83 0.76 0.71 0.71 0.75 0.80 0.85 0.89
 21   0.92 0.94 0.95 0.95 0.94 0.92 0.90 0.88 0.88 0.90 0.93 0.97 0.99 0.99 0.97 0.92 0.85 0.78 0.72 0.71 0.74 0.80 0.86 0.91
 22   0.96 1.00 1.03 1.04 1.03 1.00 0.96 0.92 0.90 0.90 0.93 0.96 0.99 1.01 1.01 0.98 0.93 0.86 0.80 0.76 0.75 0.79 0.84 0.89
 23   0.94 0.99 1.03 1.04 1.03 1.00 0.96 0.92 0.88 0.87 0.88 0.91 0.94 0.96 0.97 0.96 0.92 0.87 0.81 0.76 0.74 0.75 0.78 0.83
 24   0.88 0.93 0.96 0.98 0.99 0.98 0.96 0.93 0.90 0.87 0.86 0.86 0.87 0.89 0.90 0.90 0.88 0.84 0.79 0.74 0.72 0.72 0.74 0.79
 25   0.85 0.90 0.93 0.95 0.96 0.96 0.95 0.93 0.91 0.89 0.87 0.86 0.86 0.87 0.90 0.91 0.90 0.88 0.86 0.84 0.82 0.80 0.79 0.80
 26   0.83 0.86 0.89 0.93 0.96 0.99 1.00 0.99 0.96 0.92 0.88 0.84 0.83 0.84 0.86 0.88 0.90 0.91 0.90 0.88 0.85 0.82 0.81 0.82
 27   0.85 0.89 0.93 0.96 0.98 0.99 0.99 0.98 0.95 0.91 0.87 0.83 0.80 0.79 0.79 0.80 0.82 0.84 0.85 0.84 0.82 0.80 0.78 0.77
 28   0.77 0.78 0.81 0.85 0.89 0.92 0.94 0.94 0.92 0.88 0.83 0.78 0.73 0.70 0.69 0.70 0.73 0.77 0.82 0.87 0.89 0.89 0.87 0.85
 29   0.83 0.81 0.80 0.81 0.84 0.88 0.91 0.93 0.94 0.94 0.92 0.88 0.84 0.80 0.77 0.76 0.77 0.79 0.82 0.85 0.88 0.91 0.94 0.96
 30   0.96 0.94 0.92 0.91 0.91 0.92 0.94 0.96 0.98 0.99 0.98 0.95 0.90 0.84 0.79 0.77 0.78 0.81 0.85 0.89 0.93 0.96 0.97 0.97
 ----------------------------------------------------------------------------------------------------------------------------
                                                                                               
 ----------------------------------------------------------------------------------------------------------------------------
 ----------------------------------------------------------------------------------------------------------------------------
                                                          SURVEY OF INDIA
                                                    MARINE GEODESY WING (G&RB)
                                                     HOURLY HEIGHTS IN METRES
  NAME OF PORT:- MACHILIPATNAM                                                                      MONTH DECEMBER  YEAR 2017
 ----------------------------------------------------------------------------------------------------------------------------
 DAYS 0000 0001 0002 0003 0004 0005 0006 0007 0008 0009 0010 0011 0012 0013 0014 0015 0016 0017 0018 0019 0020 0021 0022 0023
 ----------------------------------------------------------------------------------------------------------------------------
  1   0.96 0.94 0.92 0.90 0.89 0.89 0.91 0.94 0.97 0.99 1.00 1.00 0.98 0.93 0.88 0.83 0.81 0.81 0.83 0.86 0.89 0.92 0.94 0.95
  2   0.95 0.94 0.93 0.92 0.91 0.91 0.92 0.94 0.97 0.99 1.00 1.00 0.99 0.96 0.92 0.87 0.83 0.82 0.83 0.85 0.87 0.89 0.91 0.93
  3   0.94 0.95 0.95 0.94 0.93 0.92 0.92 0.93 0.95 0.97 1.00 1.02 1.03 1.02 0.98 0.93 0.88 0.84 0.84 0.86 0.88 0.90 0.92 0.94
  4   0.96 0.98 0.99 0.99 0.98 0.96 0.95 0.96 0.98 1.00 1.02 1.03 1.04 1.04 1.02 0.98 0.92 0.86 0.83 0.84 0.87 0.90 0.93 0.96
  5   0.98 0.99 1.00 1.00 0.99 0.97 0.95 0.93 0.93 0.95 0.98 1.01 1.03 1.03 1.02 0.99 0.94 0.88 0.83 0.81 0.81 0.84 0.88 0.92
  6   0.96 0.99 1.01 1.02 1.02 1.01 0.98 0.94 0.92 0.92 0.95 0.98 1.01 1.03 1.03 1.01 0.97 0.92 0.87 0.83 0.81 0.82 0.85 0.88
  7   0.91 0.94 0.97 0.98 0.98 0.97 0.95 0.92 0.90 0.89 0.90 0.92 0.94 0.96 0.98 0.99 0.98 0.94 0.90 0.86 0.82 0.81 0.82 0.84
  8   0.87 0.90 0.93 0.95 0.97 0.98 0.98 0.97 0.94 0.91 0.89 0.89 0.92 0.95 0.98 0.99 0.99 0.98 0.95 0.91 0.86 0.84 0.84 0.85
  9   0.87 0.90 0.95 0.99 1.02 1.04 1.05 1.05 1.04 1.01 0.97 0.93 0.90 0.90 0.92 0.95 0.98 1.00 1.00 0.98 0.94 0.90 0.86 0.83
 10   0.83 0.88 0.94 1.01 1.05 1.06 1.06 1.05 1.02 0.97 0.92 0.88 0.86 0.87 0.90 0.93 0.96 0.98 0.99 0.98 0.96 0.92 0.88 0.86
 11   0.87 0.89 0.92 0.96 1.00 1.03 1.05 1.05 1.03 0.99 0.94 0.89 0.85 0.82 0.81 0.82 0.85 0.89 0.92 0.94 0.95 0.94 0.91 0.88
 12   0.85 0.84 0.84 0.86 0.89 0.93 0.96 0.97 0.97 0.95 0.91 0.86 0.80 0.75 0.72 0.71 0.72 0.75 0.79 0.83 0.86 0.88 0.88 0.85
 13   0.82 0.79 0.77 0.77 0.79 0.82 0.85 0.88 0.90 0.90 0.88 0.83 0.78 0.73 0.69 0.67 0.67 0.70 0.74 0.78 0.82 0.85 0.86 0.86
 14   0.85 0.83 0.81 0.80 0.80 0.81 0.83 0.85 0.87 0.89 0.90 0.89 0.86 0.82 0.78 0.74 0.72 0.73 0.77 0.81 0.85 0.88 0.90 0.91
 15   0.91 0.90 0.88 0.86 0.84 0.84 0.85 0.87 0.89 0.91 0.92 0.92 0.90 0.86 0.82 0.78 0.75 0.75 0.77 0.80 0.83 0.87 0.90 0.92
 16   0.93 0.93 0.92 0.91 0.89 0.87 0.87 0.88 0.90 0.92 0.93 0.93 0.92 0.90 0.86 0.81 0.77 0.75 0.75 0.77 0.80 0.84 0.88 0.91
 17   0.93 0.94 0.93 0.91 0.88 0.85 0.84 0.85 0.87 0.89 0.91 0.92 0.92 0.91 0.88 0.84 0.80 0.77 0.76 0.77 0.80 0.84 0.88 0.91
 18   0.93 0.94 0.95 0.95 0.94 0.92 0.91 0.91 0.92 0.94 0.96 0.97 0.97 0.96 0.94 0.91 0.88 0.86 0.85 0.85 0.86 0.88 0.91 0.94
 19   0.96 0.97 0.97 0.96 0.95 0.94 0.93 0.92 0.92 0.93 0.95 0.97 0.98 0.98 0.97 0.94 0.91 0.88 0.85 0.83 0.82 0.83 0.85 0.87
 20   0.89 0.91 0.92 0.92 0.91 0.89 0.88 0.88 0.89 0.90 0.91 0.92 0.93 0.94 0.94 0.93 0.91 0.88 0.86 0.85 0.85 0.86 0.88 0.90
 21   0.92 0.94 0.95 0.95 0.94 0.92 0.90 0.88 0.87 0.87 0.88 0.90 0.92 0.93 0.93 0.92 0.90 0.87 0.84 0.82 0.81 0.82 0.84 0.86
 22   0.88 0.90 0.92 0.93 0.93 0.92 0.90 0.88 0.87 0.87 0.88 0.89 0.90 0.91 0.92 0.92 0.90 0.87 0.84 0.81 0.79 0.78 0.79 0.81
 23   0.83 0.85 0.87 0.89 0.91 0.92 0.91 0.88 0.85 0.83 0.83 0.84 0.85 0.86 0.87 0.87 0.86 0.84 0.82 0.80 0.78 0.77 0.77 0.78
 24   0.80 0.82 0.84 0.86 0.88 0.89 0.88 0.86 0.84 0.82 0.81 0.81 0.82 0.83 0.84 0.85 0.86 0.86 0.85 0.83 0.80 0.78 0.77 0.78
 25   0.80 0.82 0.84 0.86 0.88 0.89 0.89 0.88 0.86 0.83 0.81 0.80 0.80 0.81 0.83 0.85 0.87 0.88 0.88 0.87 0.84 0.82 0.81 0.81
 26   0.82 0.84 0.87 0.90 0.92 0.93 0.93 0.92 0.90 0.87 0.83 0.80 0.79 0.79 0.80 0.81 0.82 0.83 0.84 0.84 0.83 0.82 0.81 0.80
 27   0.79 0.79 0.80 0.81 0.82 0.83 0.84 0.85 0.85 0.83 0.80 0.77 0.75 0.74 0.74 0.75 0.76 0.77 0.78 0.79 0.80 0.81 0.81 0.79
 28   0.78 0.78 0.79 0.81 0.83 0.85 0.87 0.88 0.88 0.87 0.84 0.80 0.77 0.75 0.74 0.74 0.75 0.77 0.79 0.81 0.83 0.84 0.84 0.83
 29   0.82 0.81 0.80 0.80 0.81 0.82 0.83 0.84 0.85 0.86 0.86 0.85 0.82 0.79 0.76 0.74 0.74 0.75 0.77 0.79 0.82 0.84 0.86 0.87
 30   0.87 0.86 0.85 0.84 0.83 0.83 0.84 0.85 0.86 0.87 0.87 0.86 0.84 0.82 0.80 0.78 0.77 0.77 0.78 0.80 0.83 0.85 0.87 0.88
 31   0.89 0.89 0.88 0.87 0.86 0.86 0.87 0.88 0.90 0.92 0.93 0.93 0.92 0.90 0.87 0.83 0.80 0.79 0.81 0.84 0.87 0.90 0.93 0.94
 ----------------------------------------------------------------------------------------------------------------------------
                                                                                               
 ----------------------------------------------------------------------------------------------------------------------------
 ----------------------------------------------------------------------------------------------------------------------------
