MUMBAI                                                                          
1933
000000000000000000000000000000000000000000000000000000000000000000000000
268350414445439393317235171134122137192259317354357317256198152131137174
229296363405424402354280216168140134152201259305329329293247207180171186
216259314366396393357299241189152134140168207253286308311293268238216210
216238277320354369354311262216177152143149174207244277299308305286265250
241241256277308335341323283247210180162152158177207244277305320320305286
268253253262280302314314296271244210177152143152180213250290323341341323
299277265262265277296305305293271241207171143134143174216268314347363360
335302274256250253265280296299293268235189152125116134174232293344378387
375335296265244232238253277302311299268222174134107107137186256323378405
405375329283247226216226259293317329311268213152107091107152216286354402
421408366311256219204204232274317344344311253186122085076107165238311381
424430402341271219189183192232286335363354299226152094067076122195274354
414442433390311244192165162195259326369387357283204134085070094155229314
387439454427363277207165146165216286344381384338259180113073073119186268
350421457451402314235174140140174241311369393378317238165110091113165232
311387442457430366274204149125134183259338381384347277201146116119162219
286360421448436384296219152116110137201286344378372329262204165149165201
253317378424436405341256186131104113152222293344369360320265222195189204
235274332381408405360286222165125107122158222277320347354332299256226216
226250290332369384375329268213158125113122155204262308338354344320293268
250247256283317341354341305262213162125104110140189247296335366372360326
290262250247265290314329329311271219165116085085116165229293344384399387
344296259238226235259290314326314280229165107064052082143216293357402418
396347286232195183195229277320341338302235158091037018049116207305378427
436405341265201162146162207277335366363317238152061015015067155256350427
460448396311222162128125162232317372396375308213134067015024088186293387
457472448381277195134110113162250335393411378293195113049021055128226329
414466469424335235158101085110174268350402408357277183107052046094165262
354430463451390290198131085079116189280354393393332247168107076094146213
305378433442408332238165107079088137216299357384366305229168131125155204
268338396424405354271198140097091119165235305347360332274219183165174204
247296354387393357296232174131113122162210265311332329296259232210207219
241274317350363344293238189152131128149186222262293308305290271256247244
247259283314332332308265222186158146149171198226256277293302302296283268
262259265283302311305280250216192174158155174189216253283299311311308299
283268262265271280283280262241219198177162149152174213253286311332341335
308280262253256262268277277274256235204174149134137165207259308344369363
335299262247235235244256280293296280244198155122110119155213274329372384
372335286244216201201219253290311311283235180131097085107158226302363399
405378323268222192183189219277323344338293232165110073073116186265344405
433424381305238189165165195253320366384360299222152094067085146229311393
451463433366268201158146162213286357399405360280192122073064104177265357
433466460402366216146110107143219311387418402332238152094067091149229317
405460472427338238158101082101165247341402430399323226146094079116177262
350424463451390293195122070064097174274360414424378290201137104110149216
296372430445411332235149082049058110204293363405402350265192149134152195
250314378414408357274195125067052073134204293360384369314253204177177198
232280335369381354296229162104070073107162229296341360350311274244226222
226247280320350350320265216165122097097122168226280320341341323299280262
250247250271302320323302268226180146122113125158210259302332347350338311
280256241238247268286302302280247204162125101101131183238290335366378366
326280244219207216244277305314311277232174122085079122183256320372402405
375317256210186180198238290332354347299232162104073076116186271350408436
424381305232177149146174238308360387372311229149085052061116201299381442
457427357259186137116128174250332390418390311219137076046070140238338421
466463411320229158104091113180280363411421378286204131079067110183277369
442469448381277192122085082119198296375421418363268186122085094146226317
396442442393308216143085064082137229320384414393323238162116104137195274
350408430405335247171107070073113183274347393402360283210158134143186244
311372405402354277198137094082110155229302354381372317253198168168195235
277326366378354290219162116094107140189250305341360335286235204192201229
256296329350341299241186146119119137177219268308329329305271244229226241
253271296314320302259213174146134143168198229265290305305290274262253247
256262271283296296271238204180158155162177198226253277293299299293283271
262259256259265268268256241219198177165162168192219253280302317320320302
280262253247250259265271268259244226201177162158180213256293326347357344
311277250235232238256274293302296274238198162143146168210259311357384384
350302256219198192204238280314326314274229174131110116149207274341384405
390341280226180158162195253314350363338286216155110091104158229308378421
430393320241177134125146201283347387396360283201134091079116183268357421
454436378277192128091097143226320387427421366265177116076088140222320399
454463421323219134073058088158265360427454427347238152101082116180268363
436466451378259162079037043094189302387445460411317216143104110155226314
390448457408311204116049021052122226329405457451393296207149131152198268
347408442427360250158085037037076146244341408439424363274210171165186229
286354396411378302213143085049055104171262338390408390338274226201195216
247293341369375332268204146101082097134189262323369384366329290256235226
226244277314335332293250207165134113116146189250299326344344332311283259
244235235256277296302286259226192162143131143180232280314341350347332302
265238216210232253277296296286265229186146125128165219274317350375375354
305259216192186201238277311329329299250192143116116149207274332378402399
360296235180149146174232290338366366323259189131101104146216293360408430
408354268198146125128165235311369399384326244174122094107158235323390430
427384302219152104088110171259341396411378314226155110091119180268354414
436408341250168107070073116195299378421421372286207146110113152226317390
430427378286201131079064094158256344408436418354259189140125152207283360
414430396317232152094067082134210305381424402390311235174143149183247317
378411396341256177116073070104168253335393421405344271204165155177216277
341378387354280207143094076091134198277341387399363299241195171177204247
296341363347299229168122091094128183244308357384375338286238210201213241
280323344347314262210162131122140177229280326360369347308271247232232241
259293314323314274232192155143146168204241280317335341320290271256247247
250262280296299286256226192171158158174198232268296311317308299286268253
247241250259268271265250229201183174174180198226259290311323326317302280
256241232235247259268271265256232210192174171186216250286320341347338308
268238210201204226253277290293280256219177149146165204253299338366369347
296244201174165177213259299326332311265210168137131152198256314366393393
354286219165131128158213280332372381354280213152119122158213283354405430
402335247165113091104152229311378418418363277195137110122165235320387430
433390296195116061061061158250335411436442366268189140125146195274360427
454442366250143067024040097183290378445460442350244174134140177232320396
454457424305195097033015061143229335433475466427320219168143155204271357
421454439366247140061021030091174283381457488466402311232177165177222296
366418433396308204122055027052110192296378439463436375283216183180192232
293354393396347262177110064055082137210302366411427399341271222195195210
244290329354344296232174119091091116155216277347381387369323280241216207
207226259296314308277238195152128116128155207262317354366350323286262235
210198198219256283293286259226192162143140165210265314347363360341311268
229201186189213247280308317302274232192165152171213265317354372375354308
256207168149152186244286323338329296247195165149165201262320366387381344
293235177134116128177250311350372354305247195152137155207265326375393378
332259192134094088119186268335384396363299232180146143174222290350387393
357290219152097076088140219308375411405363293226177149152186238314369396
390332259183116076070107174259341396427408357280216174158168201259326381
396366293213143088064079134210299375424430393326253195168165189244308363
390381320238171107070073107171250335396430414369296232189171177204259320
366381347283204137085067091140207290363408421387326265213183174192229286
338366354299226165110079082122177250320375405396354293241201186189210250
305338347317256192137101088107155213280338378390366320271232207201207235
277314332323280229171134113116149192241293341372369338296259232216216226
250280302299277241201171140131140168201253302338354344314277247232219216
222241262277277262232195162143140155180207250290320335329305274250229219
216219232247256256250232207186168162162183216256296323335332314286262235
216204201219244262274274265250222195180180201238268311335350350335299262
226192177183207244274296305302283247207177171189222262308341363369341290
235186152140149189241293329347338305256207177168183222271320360384384347
280210149113104134189256320369396384332265207171162177219271332378402390
329247165097058064110186274354411436411354268207168158180232293357405421
390308210122052024052110198302387448457427350256189152149171229305372414
411357259155073006-12030110213329418475475430341247186152152186250329393
427405335232134049-03-03058140250360442488478427329244183155158195262341
396418387305198107037-09003067158268372442469454399311229177158162207280
347396408366280192113052027049107195299384445463439390299232186165168207
280338375381335259189119070058076128207302372427439418369290229189177186
226274320341347320271207162116104125165232299357390399381338283235210189
201210247290320338314277232186155143152198262323375402381378323274235207
192195198244290329347317311274241219180177244290338381393378378344286241
201183180180210265293347326332302262226207195219253299347378378375335283
238198171162162189256308347360363320271235216207204259302341369381363320
259207162134137149207274332375387375326274235213204207256302341369372347
290229171125110113158222293354393396372317262222204195219256302344366354
311247183131097088104162241317375399393347290244207192192210238311344354
332274207146097079085134195277354396408384332274229198189201235283329350
347302238168110070070110171244326390424418378308247210195195210250302341
360335271195134085067088137204290366408424402347280229195189195222271320
350350305232162101070073113171244320378411411372308250207183177192238290
332347320259192131085070088137201274341387402387335274229192180183207256
299332329290226168116085085110162232296354384390360308256213186174192222
271308317299253198149110091104143195253317360384378335283238201183180198
235274305308283238186140113110131168216271323360375360323271229198177183
207241277296296274232189158137137165195235286332369378357311265219195189
192213247271293299286259222189171165186219253296335360369354308250207183
180192201229262290302299274244210189183201222265308344369366341293241198
165155168198232268308332332317274235207195204229268314354372372335280226
168131122128168226283329360366344296250213198207235280323360375369332268
195134094085107158226299350396402372308244204192195219268314354375366314
235158088052046085155235317387430433393320250204183186216265323363384366
302216131058018024079155250344418460454408329244192174177210265326372393
369299198104033006021085171274369442478466411317232180168174213277341390
408375283183094024006027091186293384451482475405308226171158168213280350
399414378280180091033012049116207314399460475451381286210165149162213290
360399402350253165091043030067137232329408460466433360268198155149165216
293350387387335250165104067067110174256341411451451411335253189155149165
216280338369369320253183134110119155204274344405436433393326250195165155
165204259311344350323268213177155162189232290350396414399357290229186162
158168198244293326341323280241207192195213250299347381387369320268219177
158149162189235280317335326296262232213213229256293335363363338293247204
168149140155189235283320341341320286256238232241265290326350350326286241
201168143137149195244299344369369341305268253250259271296320332338320286
238192152131137168216271326369384378347311277253244247262290317332335314
268216171137125146189241305366405418396354305265247244253268302332350347
308253195146116113140198271335390421418387332280244229222238265308341354
338286226165125110125162222290354405421408372314265238219226247283323354
363338274201140110110143195259326384421430411363293238216216232268308341
369363317238171119091107152216286360402424421387323262216198201232277317
350357341283207140097097137189250314375418430418360283226192189210241290
332363366323244174125097113155207271338396430430390320250201186186210250
305347372354290213152119113143189238302363411433408360286226192180195232
280326363366332277216165137143174219268329384418421390329262210180174192
238286332354350314259210168155168201244293344387414405360290226177158162
186232283323347341305259222192180195219256302350387399378326262198155137
149177222265305329335314274235210198210232265311347378378341283219168131
122134168210262308338341323290253226213216232262302335363363329271213155
116097110140186253311347363354329290250226219232265299332350350323268207
143097082097128183253320372396387354302256226213216241283320347350320265
198134079052055091158244323381411408369308250213195195219262311347357326
262189113052015027082158256344405439433387308232183168171204250308354372
341265171091024-03012070158268363427451439387293210162143149189250317363
381347268171076009-09009085186296384439457439372268186140122131180262341
396408360259158073015000030107207314393445454414332235162116104119174262
341387393329232146070024021067140238341414451436393296201134097088116186
268341378372314222143079046058110180268347411433411347253174116085085122
195271332357344290213146101082110158222290354393402369299219152110094101
137198268314335326274216168143140168204247311363396390335265201149119113
125158207259299320314277238207192192201232271317354369341286232186152131
131143171216259299320305293268250235229219250277311332341311262219186162
146146162189226268302317314308293274265250232256280299311320302268235195
171155152162186226271311329329332311290268262238259277271296305293259219
189165149143152192241293329350357347320283253238238253271280296296290265
232195155134134155195253314360387387354314277256241235238259283302317302
271226174143122131165216277341384402393354299253226213213226256286317326
302253195143110097116158226299360393402381332274226198192201232274311335
332293232165113085091125183256332387411405366305244201177180204247293332
347332274204134082067094143213290357405418399341268207171158171213265323
360366320244171107073073110171250326390424424381308232171146152183232296
350378366305222146097079097146210286357405427405344256189146131140183247
311357378347268195131091088131189250317372399418372296216155125122149204
274335375369323250183140122134174226283344393411396341259189137116116149
213283338387360302241189152152174204256311366399402363293216155113104128
171238302350387347293235192171177201235274323369387378320250180125097097
134180235302341375347302262229210213226253290335366375344293232174131110
116152195247302341360354329293265250247247256277317344357332280222171134
116128149186229280326354363354326293259247247256277302323332317283235189
146116107128165210274332372390381354311274253244244253280308329332308259
198140097079088134201265335384408405378323265226210213235271314354369347
286216146091067070116195277357421448430375296232189177192226271335381396
360283195113058046058091158247326393472427350262195152146158171235302350
378360274189110058033058125219326414460472414329232158119122137195280363
408414357262168088043040082162262375451482457393293204131085091134201302
384430427369256162088052064122198302393457469436354250162097073091134216
314387421399329232152101079107165241329402439433378286195131085079110158
238326384405372293216158128131168219286354405421390323238171116094107140
192268335375381341274219183171192219256308357393393354280207146110104125
162213271320344344311268229201198216235265302335350338290232177137125134
162192226271305326323296268244235241247256274299323326302259216180158152
155180207241274299314314305293280274265265268280296305302280250219198180
177180192216241271299320329326317299277265262265274280286280271250229207
189174168177198232268305329344338320290265253244247253262268274277262241
204171149143155183222265308338354347317277241219213222238253268280283268
232189149122119131171226280329363369341299256216195189204229262293308308
271226171125097097131180247308360387378341283226189174177204244293326338
323274216149101079101146210286354399411384323256201165155171210265320360
366326259189119076073110171244320387421418372290213155128131168226293350
384372317235158097067082131201280363418433405332241168113104125183253329
384405372296207134085079113171250332405442433378283195128088094140213296
366411414366280189125094113162229302375433445408332232152094079101158241
326390421402338247177134122146195259332393424418357262177107067073113180
262344396414378308232180149152183226286354399414381308222146091073088131
201277347390393354293238198183195219256308357384381335262192137094088110
152210283335366369335296256232226232241268305338363347296232180137110104
122158207268314341344326302277259247241244256280308323314280238195155125
116125152195247293326344344329308283259241235241265290302302286262226180
137107107134183235283326357369363326286247219213219241268296311314293250
192131091079104149213280341384402387338274216183168177210256305341350323
265195125079064082140219299369418430402338253189146134146189256326375390
357280195122067043076140232323399445445396311216146107097125195280357408
414369271180104055049088171268366436460439372265177110073076119207302381
427424363265168091055070128213311396448451408314207134067046076137232326
396424402329222146088076110165250347411445418347250158091046052094171268
354402418378293204134104113152213290363414421375290201128070052076131207
290357387384329256186146128149195250311369393372314241165101070082125177
244308366387366308238192165165192222268326360369329256192134097091113155
207268320350357326283244216201210229256290320335332302244186140122134165
201244283320341341317280253241244250259274293311320302262210174158162177
198216241277308323323302283274271271271268271283293296274244213189183183
192198213235265293311317314302290277268262259262265271271262250235219201
189180186207232259290314326332323302277262250244247256271283286280259238
216192180180198232268311344360363344314277253235232241262280302311314299
268226189165165195238290329366387387344302253216204210238271308338347338
305259210171155162204256320372405414393338271216189177192232271329360369
354296226168134125152201268335399427418369290219165134137171226290350381
387338268198140104104152219293372424436405329235158110091116177256335396
421399338247171113094122177250335405442430369268177110064064113189286372
427436396311216149101101149213293375430445405317210128061037064128219323
399442433375280198137113134183256335405436427366259165085030027076152250
347411436411344253183140134162210277347399418384299204125055030052104189
283366418430390317238189162165198241296354390393341256174104058049082134
207290360396399363302247204189195216247293335357347296226158107076079113
158216283341372366335293256232219219226247277308320308265216171131110107
131168216268314335341323302277250232219219229253271283280259229195162134
125128155198247286317329329314283250219201198204226250265271271262232189
143113110137180232283320347350335302253210174162171204247283308314299262
210165122104122171238308354387393363311247192152140152195253311354366338
286219158113097113174250326384411405354286216149110101125183259329378399
372305222152101088128195274350408427408350262177110073073116195286366414
421381299210143101101146219302378424430387305210131076049070131222314381
418414360268186131104122174244326396424411347250158088046049104186274360
421439418341247171122116152213286360402411369280189116058030061128207302
375418433372290216162134152192250317375396381314226149088043055116186262
341399424405341262198162158186229283338375378338262189122076073110168235
308369408411363296238198180189213253299338357341280210149107094116152204
259323369384369317265229207204219241274305326332302247189143119125155189
229274320350360332290259235229232241253271293308302265219174152146165189
210244286317335335314286268256247247250262274283286271244216192180177186
195216244274302317317305283271259250244238238250262265256241226210201189
186189207235265290308317317308286259235216213222238253262268265259241213
195186186201229268308332341341323296259226201201216238268290308311302274
232198177180204244286323357375375341286235198180183204238286323350357329
277232192171177204250305354390399381329259198155143155201262320369393384
341280222180162177213268329381414414381296216152116116152216293363411430
408347271207162152177226293363414433411344247165101070091149232323399448
457421344250186152155189244320393436442393293192113052043088165265363439
475469414323232174152165201271347408442421347241146067024043097183290378
448488463387290210162152174226293363418433393296189101033012049119216320
405469482442366265192158158183235305366408405344244149070021024073140229
329402451448402326244189165168192241305354378363296213134073043049097162
244323387418411369302241198177177201244296329344323265201143097076088125
177244317363387381347296250213195192210238274302314302262216177140122122
146189250305344366360335302265229204195198222250277293296277250216180152
140158198250299335357360347314271229195174174192226259283302305290256207
168149155192238290329357369360323268213171146143165207259305338347329283
229186158158189232286335372381369323259192140113116146201268326366378354
293232183152149180229286341378387363293219152101079091137213290357396402
363299229177146149186241305360387384341265186119073064094158241323390424
418366290219171152168204262326378396378314229149088055067116192280363424
442418357274210168158180229293354393393347268186116067052088155241329405
448445402326247192165168198250317369393375302213140079052070122198280363
424445430372290226183168177216274335372375329253174110067061097162238320
390430433396329256207180177201244302347366347286213146094079097146207277
350399421405357293238201186192222271320344350317250186128097097134186241
305363399405375323268229201198213247293323335323277219165128116131168213
265320363384378344299259232213213229259290311314296253207168146146171201
235277323360372360323283256232222222241262283296293274241210186174180198
222253286323350360347317280256238229229235253268277277268250229210198195
204222253286320344350344317286259235216210216235259274283286277265241219
207210229265299329350360357329290250213192189195222259290308314302283256
229210207222256293335360372357320268219177152149174210262308341357347308
262226204201219256299344378384360305244180131107119155216283341384399381
326268219189186213253305354381384350280198131079064088146222308378421427
390320253204174174198247311366396390335247165097043033076152244341418457
451405320244186162168201259329378399378308213125049006012073168274372442
472457396305226174155162204274344390405369280183091018-06006079180296390
457478454381280207158155158213293360405408354256158082012-03018116213326
411469472439363268201158155177235311375405393329235146067021015073158259
357433469460408320238180155158189244311363387369305226140076046055107180
271357421448436384302235180158158186244302344360338283213149101079094137
201283357405424405354286229186165162186226274314335323283235183146131137
171226293360399411390350293241201177171186222271308326326302268229198180
180204253311360390396378338290238198168162174207247277311329329305265226
204201226265314354378381357320271219177146137146186235283323350350329283
241213207226259302338360363344302253198149119113134180244305350378381350
299253222213226259302338360363338299244186137110110140198271338390411402
357305256226213222250293335360363335286229168122097104143207286357408424
408357293247213204213244293338363363326265201140097085116171250329393433
436405344283232207201222259311354369357302238168110082085134204286363424
445433390320259216195198226274329363372335268198134091079110174250329399
442448418357290235204195210250302347372363308235165113088097146216290366
424448436393326262216198198222271326363369335268198137097091122180247323
387430439411357286232201189204244299341360350302235171122101116165222286
357408433424384320259219198195222268317347357323274216165128122143192247
311372411424405360299247213198207238283320341341308259207165143152183229
280332381408408381329274235207201216250286317332326296253213180174183207
247296344384399396363311265226207201219247280305317314290259226204198204
232268308350381390381341293250216198195210238274299314314302283259238222
226247280320357378384366329280235195177174192226259290314323320302274250
235232253283317350369372347308259207165140143162207256302332350354332299
262235226235262299335360363338290232174128101101131189256317360384387360
311262229216222250293329354357335280216155101070085137207283350402427414
369302250216207219253302341366369326265192122058033055113195290372430451
436381308238201189195232290338375375332253165082021003033101192299384448
472451390296219174162174219290354390393335247155070009-06040119219329421
482497460381280207165155177229302369405405344244146061006000055143250354
442491494454360262186149140168235317384421408341244146067024030088168268
366445494488442347247180143137165232314378411393317226137070040058113195
293381451478460402305213152119116149226308363390372305222149101082101149
222311390442457427366277204146122122165241311354372350293229174140134155
198262335396430427390326253189146128131171229290332350335296253213189183
195229280341390411393350290235183146131134165210265308329332314283253229
219219247290332369378357314265216174140128131162204253296326338335311283
253238235250280317338347326290253210168137122125155204259308341360357332
299268253247253274302320329317286247207165134125128171219277326366387375
338302268253244244262283308317311283244186143113110134177235299360393405
384341293259241232232253283314326317283232174128104104137192256323378408
408378326277241222213222250290323335320265207143104091104149207277347396
414402357299250219204204226265311341344308247177122091088122180247323384












