MUMBAI
1992
000000000000000000000000000000000000000000000000000000000000000000000000
314275242218208216244277300305290258215171120090090123173232295349371379
355310269234214208224252284309319307269215156108084091130193263332382406
399359302253216198195215252291321331304255193131082072092140212295359400
407383332275226191180185215261310339337252200149110071069100166247329387
419415375315256209180173187222281332357346287210143091067080127204291365
415429409350281219175156161199256315351362329259182118069061096166243326
387427426384319246190159146170220283338364358303233169100073087144209293
366416429403352273207159138155199259318353364330269200128090082129193261
331396427418374300229173138135159213278331359353305234171125105125182237
304366408421390324256191146129141180238295332348329272217167134135168217
272328377400391348282220161127122146190247294321328300259211176159167194
233286340376388364308242188144123130161209259295316322300268236209199211
242281320356375373340286229179147135150182217255292313321312294271249239
246269296327352363351310260214169147144160181206242281315333333312289270
259258273294320337346325289253216174145125124150193239285324350360347316
285265253256274297318328322297262219173131104104133186245305352389402382
336288255241242263294322342348329288231169116085083115167252322390435444
411350281231209211236278318355371356303235156086041041082159262351423469
465422339260195168172205265333383403381316223133049013010070156269370459
494482412314219153125137187267345404432404333210122042006018088193312419
502516475382274177117099124191281383443451401296190085023002043124237362
447511512452342233147083066099185260318447459410306200106045026065146234
309445507496427310222128066057100186239392441456399304199123077085135218
303402468494470388274184104067074121194270397428425364274197144129155204
277353420457456398346247148092077103156242323379402388339268212183180202
238297350394417402344268196136099098130179232299341363354323279249229226
235261298338369375350296241190149129134159196237282319338342335316292272
261261273294320335341320284243204173154149162193228271308330343342332315
293275269272285302314317307283256223190163154163189234279317345359363351
322297278265260267281297312313294257225186155143146174223278327363380382
358319278251237235245266291308315302265210170134123133168221289349385397
379339294257227212215236271307324326299253199150117106131184249317372405
406374323272228199190200235290331351339294234171119090093131200280348399
418402355291234187172173203251313356369335269200135090078104162236317383
423427382309243187154146165216282351382378319247175110076080125198286369
415430411349264193150131137179245318370384361294215138085072104171254327
400436430378294212154121122157213291353384387342264180121088103155226310
380428437404328243176124106125173244321371393373310234158111102140201269
345398431422363275194135102107144205277330377390357294219160129138181236
302361404418381310238169117095109147215278336370369322259200162150170205
255310364390382328261197135094086110158216280328350344298249207181178199
229273321352361334284227167124098103133176228276313334330304269240225225
239261294328347347317274223178139117120140181232271304321326316295275253
244245259285307319314290255205169137119120136164206248288318334336319292
262244237242258283300306292264224180145118104111141197251301341368369343
295257229216217234268299319318288243196139098076082117177248319376408409
364299243198179183215265315350363338284212141081050056105174263352417453
442374286218154128139183254333388407384299212126053017039099192292399465
485450350256167099083115180277373426447405318207110039014047127234346446
504505449330214121060055100187308399461468412307191106035024076160270384
471509485400269158071022032093203326411469461399274181095042049106198310
401476495456319197128041010035111223342419459445367264171099067096153239
333419459459392283177096028016059145251342410434411337242172125115150204
278355412428403325246152083040047094169250340384399370306238186158162191
233286339368374343272208150089071094141202263322350355327285245215203205
218249288324337330292242188148122120132167212256294320326315292269254246
244249260279299309300270234203175161160165189221256287308318318312301286
273261253256269281287281265245220196175164161176206241277304318326323306
285261240230231243260271275268252229203171149144159198236279313337348340
313279245221212217231257280294293276244200162133131155197246295339366371
351308261219198188199228266298313309278238183137115113143201265326368387
375332268221179160165194242292326338323281224166120100114160230302361395
400366301235183145130152202267324363373343264203142098099139203278350404
421395333257190138122136183249320370398386328241168111093119178251327391
428424368284204140105108144205287363405413368284204136098100140217298371
419432400326238159102082104160241326388420407342255176121101123178256340
403431420358265177111067067114189275357408421382300217152112113152211289
365410421382294205130071053081136220306376411408356269200145127150199263
333386412399339256173107071076116181255337386408393341260198167167197239
295348387395366290221152101075095142208277337378393369311258213192197223
259303344369366319256190131101095121163208252297339352338311284255234231
247279311342358352307257215174135124139174215262308340352341316288259241
238246261280302317309281243204166139130139167204246290328351358340308273
246228223233260286305311295270231191155127122141186238291337367381372334
280233204194202231272310332338307261210159121108125169235297361404426406
345274205165153168212272331370383362306230159106086102152229311386436450
416339240165110096123188278353405426404330235152094073096153244343420473
472414311203118061062106193298391451465424330226140074062102185288388459
486453368248145060024051116220343428475474414307204123076082131217329423
477478420311193099024005045130256365442481461388278182119087108173256356
429464449375264153067012024081177293381451474443376270183128123156215295
369419440410329225121060030061115207306386442454416341248186153162197246
313371405406359280195122075069107168241326386420418380312245198182193223
269316358377365308240172124101110142208265327367389381345294249227224241
259280307332345326278232182153147161187224263308346357351322292270254248
248258270286301303289257225197176169178198229264295316322317306293276259
250244245253265275274266249229207189184187201222253283307323330328312290
268249239234237253271280283273258241216196185187210246288322340344335315
285251223206204218243271292302293271238204180171177208247291326356365351
312266224197183186207248286317330321285235189162154174211259314353375370
328273224181154149170213272318349351321267216167139142175222286340374384
362306240181135122137176234297354383374321251191147131149192255323375398
392341267193128090095134203275340387406377307228160123122160219290358402
411372289205130079066091141221304378418418367277199141116130177251323383
413402331244157086046056105181281361419440413340254177131125151213288365
410415374289195115052036065112207303385435439397310232166134142183248318
380410398329237147075033043089160248336398437423373283206153137160206270
240378391359286194120055030057115195275347400420392332260193158158179226
282335364362318253164096052047086143209281343385397367308243197176177201
244295331349334277219157108078086121167223287340372375346299253217199196
210240277307319306268220165126104106130169218273321350358338303264232212
203205222248282301301278235188151131126140173212268316350362351321279240
205187181195230269296310299269231184151133137165207261312352372371339288
227176147140161207256302330336312271217162127118140191247307361389391350
282216149103094121181261325368385362305232173126115141189257331392425420
364283186113069075119196293364415429395329241174119111140201276358417440
411331233151069024047108203300393447450409328237158111111145206297376425
436391293188080021006046126235340427472455390300209141117129172240322402
436420342232133050000008069167281382449476448374269188136125146194267352
410429384294193100032010046106198316392447458413333245178139137163217293
362398392334246157084033033078147243342403434424374295231179155163190238
308356375354292204137081055072117184263341389413396348285227188175182211
257309339343312249186131095088119164216283339375380356310263223202198208
229266295315314275227176141125129152193237292330353353331295262229216214
221235259278288284262224186159150162185222259291326346342318292263243228
219217226243259269269253231206190181181190213251292322339334315289264240
222208202206225247265275269254232209193187196220252294323334334321298266
232209193189200221248277296302285256224201196204226260298327343348332295
253209179162166188224268306325330309269227202192200229268303338355355326
276226182144132147185238301341360358320270225190182197232277322354370358
318259186135107112146208275331374394377320258208178175198237289346383387
350280209149093085106164238317385419413368295230188169180207262320368394
378314237164088056065112181265340404440418355283210168161179223281349389
403363280191114048029053119214319392438454426346256189154154179222317372
403396332244145072027034085161253336410459461415329240177156160196262335
389407377294212123051024038105188277363424457449393302224170157172210288
348387394352273182109056045072136216298377434454429353272203161156178223
292341367363316242163102063060090150229305372420431399339265205176171187
231289331354351310243174121092093121174236315370407414367321255204179173
186222274309333335299246194149128130158209270327386421427398345292241207
195201226275316343352337298254212183174186220289328380410417391334276228
192174172195241296335356356324275230194180186210256315362393403379326263
202157137138165227293337364369352305247192164162183228286331362379360314
228158103072082121193270331368388372310244188159155170214278335368379349
281202127069046060111195286353398413384318252189155155175222286341377382
336256169096039025055126225310391429436387322247183157159183228298351380
379325236147073027034076159252345414443440391310233174152157185241313363
386363290197116044029053120214319392437442411340257193154143161206280345
381376317229142067026034084153245331397435430381297228174158161186241311
361378346270188116059046076130202285363410432407347269210168159169204263
322351351303240159098062067106166239309370401407370309248197172165181221
274317334324271205147101083098147207260319371393386345289237201183180202
235277309315294250198154124115144184231284334364377358319264222191183194
213237265284293281239195160145146173207250296327361359327287245213192187
196212233256275286274242208181172181204232264302333351348313271234206188
183194210229249273287281259230206193196215239272305335346335300263230202
181173181197223257284301302281250222210207218242275312339347328289250216
179157151155180221264306329326301268232212209220244281313336337319282239
191150121115138181236288327346343316275234207199203232277313334334309267
211158109078084123186258317355370358323265221190179198235279318339340304
249178114065051074120186271338384406389324264212179173192235281326353356
316248155090041030062133211291378416430397334256200169170194244302346375
363305217132058020021070149235331405444440398318241178151158194252320367
386360288195106032-01018072163255354414437428363286225178150153188260330
378389342257165087020002036103187300375431453436364276195151137151200274
345390400343260161085035025067138226321400449458419339251186144134156214
290354385389325244170089055051104171262341414456461415336244178142136162
215295354381374322246173115090108150213284361418450438383296224161130133
168224288345370365313245185141129150184235305371415428412360285214157126
127161212275321350347318264214177162167195238296356394404378325254194146
119116141195256308341353331293246211188188209240292338371378357305245187
132109107131180244298340360355320272226195191207237279322352362347293235
167114088086115178247309353378376344285244205195200225263306337350335287
219148101072070113173249323378400387347294246212195195219262313347356334
276205137081054066124200276346400416400346284233193178187209252308343356
318249180102059052079135216302370410420397339272214178170189222271319349
350305232153087047048089161245335390425424388321256205175162179216271329
361351291214137068046057100175263336391410400354286226178151154184236293
336353324263173105065050082150226300367408410382323250197167153162194243
300335342292222150091064073113175246321366388382345287224177154152175212
269324351330255193142099093112155220283341385399378323261214175159173201
240290325337309234180124105118159210265313361383383352287236194176175197
231270303320319276231186162153162192226272325347356345303262205178171174
192224262300320315292238188170167185217252290320342349329295253211182173
184208240270298308292265239217203202217241272303332351339278242202169153
149166200230263291314314279249224210208218235265303338348317272235200160
141144168195219244275307327312274246220200205229257286317332316271235200
152127136161190219254294330340326297260233222224241264293316324309273233
177134108103120166224283331371383354309267232215215229260296323335320282
223156108078073101162234305370410411365311255220200200221257298330344330
281205141077039043087169255340393429429382306238189168172206258315351363
340274194101040017041102187280369423445426385328250165148161200257329375
391361267165078028007039098205306385448459429349253183141130144194278345
393396343250146061010003052132231345394455459410312230160117106132204289
367405402337236135060019018068158259340427478479405293214138097096132207
310370402393327231149078048058121199296370428452431366266176118089093137
213302368390383311224154103088116165235315375426439406335235166103089095
143216305356374356303237179139132157202265326372407408367294220152102092
104149219292338359358303255214185178192220258311356378377325261202144101
095121159211272314337337315280244216205208222255296341358345307256206157
122113126161210260309337352340312278248231228233254291320334325292250212
163124104115148202267316346360354331298260235222222242277307322320294260
206157116096103150209275330364381372340292257222208211233264297320325305
256199141096080099151220293350384397380327279237206194202223261301333342
307252183122082079111177247320375410416385344298245202193209243287332359
356316248171110084099154213290362413437427382317259211194199225268324364
382364299218150100092126189257327385437445418357282229185175191228287341
371373341263193127095100159217284346393417414384322257194171174211264318
359376363305236161110092121182245302375411427408342269205168152164231297
340371385362286216156101106164227290340392423415375312235182161160190236
288337368367326256199142121157211269330388418418397340278226180156168210
258303348362346299248197160163198238294339387408398355303260209162152176
220263309345353332281228192181191224268310347375382358305247193156150162
184224275319341341317276241200190207238283317350368367333292243191157150
163200247283314333336310275245227226238265293324350360343305257214177157
155170203242282314337346336315290270258256268293317335345333306258220177
151146155183226266305344359357337303275258252255269290314326323305270221
171144137142166208270321366385391360315267250240241257282311332335325287
221164129108113146203274345395421420398358316259211215240276323357367342
283210156105079089140213310387440462448396317250200192204238285344388406
382303212140074055075141232336422478492459383299202157149173229303357406
412365284188112052038080154262343416473469366299237192113102139192246305
352402378271154077031031088174282369445476468354272177111075088136238337
416455442367230129063031053123216309419474503463363248149076056076150251
354421448421334223136080062098173258349427466468414313203121062049082157
258358414430397315217151117112154214284369429458442380284181107063062105
174268346391400371297230180156162198244293348385399384315243160101079090
137196261317353368351309261223207208222259287331364372349303236171130118
127162207257302333345341324285253239236241254277301324328315271222178145
129130158193232276307324325315300280256244238240252273294297290272241193
158139137157188223264303329340337315287258239231230239255278292294278243
198165137128139171219280325354360351326290256229213214232262289305309293
257208161126110133182248302352377379359315274240207194197219257301323326
299243190136107104140198261323372399396365317262208177170186227282325347
339288219159115095108159219278335389410378337281233187161172216260307348
359322266203146088084121177242309374412404354293233183156157193239300351
387381332245168117101118157213288357419430401338258187145143167213273336
385400368292201137103111149197260331390430420365283208156132138175232315
378408404332256172126103107166251313377430438392317244168124118152211268
337386409380309233166136144182249306364414438423364277196140119134175233
299358396396358288213167153173213264318380410414368290221155109102128171
230285336361357310251200170167195251299342374390375312242174128115131162
216273326357362335291247215199205232265311346363362334262203150124121144
183229272314340345328287250227217222241266292322342339306253203163143142
152180214260295325337335317290265249242244264288307321318288251211176153
144146164207243281315330332323305283256239237248265287306309295265225186
149129128145177212253289318335335316284246225215221250281309316313295251
196142107099124173228295349375387381336269221191183195235278327356364337
272196124080070097162245324394441446409331252185149142169223285356400408
359274184104054045086162257349432474470408314216141101107154223314391437
437372256155074033034098198299403472493455371250155082052075142246354426
460457374244142061030055124231343433491493440329208105040025064153261360
434465441336223128064049093158237372433468456392240161072017017054150266
369430448411309200121084084122194283353429459418333229131045023032099188
294381427431377310201142116131176235303381422427374286194111055047075133
217302364398400351279213174163182212252302351378375324242176114082081119
170238305355381377339294247215207213234262295327346341296238186153135133
157195240290323340339323296272256248244250263286304318308274239203174160
159171200233268299315323322309289269253244241246256270279276268252227199
167156168198233268297317329331322299271251236227227241260276285287275250
213179159159178218265310338358358338298259234218212218237268298315315294
248203164149150181233284326358370361329280232200183182202236280319334330
294240182142129143188247310356384388362309252203169160168206256311352365
341281212155130126153205268332377400388347274212163142143170223287340373
374327256182135113125168232301361402406370304230163125115137189251321371
393378301220154112108143201269337390411399340259184121096104151217301359
402406365269190131107122171240315376416418378292205138094088122184260333
395421409340238175127120153209282352401417400334242157097075094147223301
374417420377282204149129146188255319382405406354271183113070071117179250
337388413399332248181146147172226286341378391370299215143086069088146208
275346390400373298236187166173202250301343370373332268194132090083110162
219292347377379346291245206193196223261306339353348301237181130110113145
187232291336358357328290251224214217235259292320327315276225179143131135
157188234282321338338318290265246233229236256279298306295268232193160142
142152180218262302325334333313276248228218218228252277291293279253217178
143129134166211263310343361362342290249207190190210246275301317322301258
192139117117148198262321369395391353289228173145145174228286331361370340
272202136098096130194271344401427423360275188125096100145218296362404411
362272188118071068119192280362428449423342240146075046070131218320400447
451381281173101058068122220322402451458413316197100026009039122226337417
456446361253167090061082150243339417456452370248141044001001050147257362
441467444351256155090078117188279375427452422323210106020-01031115186284
383435444392302208151113115153209266325393418385322247097028006051116186
267382428426375284205154137150195256315366390388351254172093064066105170
247334402431420362290232195186200238277327357363353293228162122107122165
218282341373375359314273238217211218240263300327330303255206159135136156
187230276320345353331301274251234228229238253270286290274246217187165164
177201233273309326329322300283264252242235235241254270276270257240223204
192193209237292299316325325312292269249236227227234251270284289281265245
220199193203234273306328340342326295260232210203206221249277297312314286
243209188182194232274316347358354327287253213185179192228272313334354339
290242205182179202244296337367376365323267214170154155189239292338366367
327267219179160162199253306354377377339278221165126120146194261322370391
374316251192154143154195254320371397381321250177126103110160224298363406
414376292225170144145209283345379398396349272199129080072110180262343399
427419356273200151141165214285352393411392317229146086063084145226305384
433443404327237174143146183247317374403400350265173098052056109179261351
415448438374285214165150166215277344388403379306222137075050068136213297
366426445418346267195161157188236302360386388341287197114070063104163241
321382424429376307243194172179214261320356373364311240165109079084133195
262326379410404355292238201190197228269308339349330274216156112097110152
201264326367384375332281239211198208230260294316325311265218171135121133
163205261313348362357329285248212195195212234268290302295263223191157143
143170213261310343359357331289247213197191197225256285304310300268233186
157150167205256306347368375356306247199167157161195243283322341340310258
199160146150186242301355386395367304234170126111124169229302356387390345
270204156139145189251318375407412369291201129073061093156240321390427426
374283205144120131179249331389425419358259162087031024075156252361426460
445385274197132115140188266348409433411336231132044009009077177285382450
473448369254171124113140200289374416430397297195101018000023096196311396
450461424341247170129126153207302369405405342249162068009000045123231336
415456455400304222165134138172235318374399385325235143066032045095178280
367435459446384297227174159168196267332371384358297207126071057093153233
321384425432396327257204179175198231288330355355315254183133102100129189
255317374401400360305252214198198215242283313328324284234181147136145176
224277327358367360330290251225212213225244270288298296268229198177172180
197242284325346355340314284255229218216219232253274280277265247225209203
204221254294325341345336316288257231214207210221245263275282282275260237
217210222255287314329335328307278243217196185186204234263290302305294270
237215209218246281310329335330308273231193171164169201241281317336336310
267235214207217244279312337345333294249196159135132152200255307346362358
307256219198195212248287324350353326275218162123109118161216291348385391
361303247207182183211259307349364359314249188128095089118178252330387415
408355295234191173179220273329363375354283211147088062072138222303377426
434406337259200170166193245307356384379324247163101053048102172257348415
450449398320237180163167210269327372391374304219133071041048112196284370
431456443379288215165155168215283346381389349265179106050036070139230319
392442454422348261198161156182235305365389386329246164081049054108187276
358419451446388311231181160170210275331374384354285210134089071081147215
298368417436421357280216180167184223281328357360325267204142103095122173
235303367407414399347280218183172186223274313339344318273218169140131150
195245306365396404381328267217182169171198238281313326317280239196168158
165200246302351383391372328266211174160159182223265306328337321288241206
183182211253306351378385370322264208159136131150203257309341355352320264
224192185206246294342369376358310248186131101096125188251316362380378345
282232194182192228282333367379367305230156099065065109175258339389419414
360289230190174181220278338374385362290201130064033034098179274349411437
419367273220164151161212275338374382349261181099037011039109210315391444
455421346253194156152178230298363386385331237137067019009058145241336421
454457409327247183156155184245318365386369296212125057020032097180272359
426455441386300221169155162201265327369380359277191112054039066130222309
388435444414345269208166156172220290344365364316246169103068071119193265
346407430428381315246194171169186237296338357350285222156116101106159230
301361404416402345283230188178184214256300329337313270214167142137161212
266325371396397363318267225201194200228260293313320302259219186174177206
243289335373387378342293250221203197205228256283292294293260232212203209
231263302337366370358321281247221208204205230256275293303299285263244232
232256287320346361364350318285242216202197206224251278300312314305287268
256251260284312337354354336304263231202183177189216252285313331338330305
273253246255282310335348346326294252213173152149167212261305344367370349
310273252246255281312334350354328289241191148131134168217279338382402399
364313269246239246275307337354354323274218159118102112157221300366408426
412351295249225217231272312349367364327261192123082075104168255336402441
448415352279229204204232278328365381371314233155089056056106190275368435
463457410331254204182186228287347388393363283203119060041067135227330317
468482452383297219177164185243311373409406347260169093044036085167263357
442486483434349259191157155167260340397420406340240157090051049118199294
382453491481417330236170144145197275350400418393320230146084062083142223
315398459477450381285203151135138194275338386403371305205151103095123176
257344411463462421355267205138130153215294344378382342285217165135133159
218286358411435436385309236174135129146196265318354367359305254209182174
195239300355399419411368302237178137128146189253304340359360332293247219
211219256303348381397388350288227170134120130174238292331358366358320276
245229227253291331353355350318265208152112103104166224284333370388389344
295257232228230274311340358359324265198145105090102149213287352396415406
359303250224219219257301332357359323268201132087067093151230313374418433
415360293240213203212244293340369369322254176112071063095161240323410445
448415352288225195187202247306357382379324246165098061058097178265359427
457452402337263208180171194247323367386370299215135074049065121213310389
444457439378305228183167167209276340377387345268180110066057102177255340
415454456406327272211178164177221282351387380322231168108080085136218394
369428450435392302228181155159198254323362377347285212144106093127182253
329398432438415346263203166152171217278325356360329243178133112126172235
300366412426415353285224172157160194245295331346335287235185153148178227
276329379407410375315252201172165180208246297325335319278237203186185213
256308347379392383343282233189168165183214254287311319311277242221212218














