MUMBAI                                                                          
1942
000000000000000000000000000000000000000000000000000000000000000000000000
396363308259216195192207244293329347329280216155101073082122195271344396
421405350286235198180183219268302350357326259189125079067101162241323387
430436405338262207174168189241299344372360302229155094064079134207286360
421445430375290222174149158198262323366378341274195125073061091155238323
393439442408338253189152140165219286344381378329250171110076088131204280
357418454442396305229168140140180247308366384366302226158107088113165235
308381430445421357271201155137149195262320366384350283213152122122165222
283350405439436393326244183146143162204271317354363323262201155134143174
216274335387411399350280216162125122143198259308338341305253201171155158
183219280338384399378320253198152131131158207259311338341314274241213198
201216247299344378387363311253195149122125146195253299332347335308271241
219213222250296341366372341293235183143113113137183244305347375378347302
262229216222250290329357366341299247183128091082110165235308366405414384
323265226204204229268314354375366320253174107061052085152244326396442442
402335262210180177204250314366393384332253171094037018058131229335418466
466424344256189152143168232311375411399335247155070012009061143256363445
488472418323232162125119149229323390427405317213122046000018088192308405
478497463387280198131104107162256347405433396308204113040003058113219332
421475482439347244162101079104171274354408418369277180104046030073155262
360436472460405311216140091085125192283360402405347259177113076082128201
290372436454430366274195134101104140207290350384372314238168122107125171
232305372418427387314244174131119131168229290338363341293235186162158180
216262326378402390344277213165137134146186232283317332311271232201192201
219250286329366372341286235192162143143162195235274302305290268244229216
219238265293320335326296253210177158149152168192226262286299296283268250
238232238259290308317305277244213189168155158171201235271302320329314283
262247244250262280296305299280256222195168149143158195238286326347357335
299268247238238250268293305308293262229192158134131149195256308350375369
335296259235216216235262296320323308271222171131113122155213274332381399
384335286241210195201226268311338344320265207149107094110158229305369408
418390332268216183177192235283329357360314250177119079076110174256335399
430421378302232183152152183238302350375360299222149088058076131216293378
430448421360271198149131143189268338381393350262180113061055101174265347
414454445393302213149110113155229308372405396329235152091058076134213305
384442460430357259180116088107165256332393411378299210137085073110171247
338408454454402311219143094091128198280354396399357274195134101107146210
286363418442424360265177113082091137213296360393387335256189143122137177
238311375418424390317229158107088107155229305357384375326265207168158180
213265323375402399357290222155110101122171232293335366363335286241210201
213238280323366384375332271213162125116140183238293335360360338305268241
226226244277317347363341305259210165131113122158213271320350369366335296
259235226232253290326347347323277226174131110110143198265326372396396369
317265232210204222268317347360338296244177122085076107171250326387424424
384317250201174168195244305350375366320247168097052049091171262347414448
439393308229171134134168235308366396390332250162091043040085168271302439
469454396299210146110110149232323387424411347241152079033043101198308399
463482448372268183116091104165256347418442405314213131064043076146244350
427469457405302207128079070104180283366418414360256162091046058110198302
390442460421344244155091073091146229323381414396326238155097079097158238
326399442436381293204134085076101158247329381396366293207146110107143204
274344396414390329244171116091094128192268326366372329262207162143155192
241299357390387341283210149110104128171229286332350338290244204180180198
226259308344360341290235189152134137158192235280317326314277250226213219
232247274305326332311268219183158149158183207247280302311296277262250241
238244256280299311305277247213186168165174186210241268296311314305286271
256247244250265286296293274253222195174158162177201232268302323332323302
274247232226232250271286293283262232195165143137155189232277320344350329
293250222201195204238268290299283259226189146119113134180238299344372372
332283235198177177201241283317329320283232174125104107140195268338390411
390338271219177158165201259317357369344290226162110091107158235314378427
433393323244183146137158213286341390399363280198137088073107177265344411
445433375280198137104110152226311378414405347256174104064064116198296378
445460424344241158097076101174265354414442421350250165097064079134226329
408463460411314213134076064094174277366436442393305204131082079122195290
375439463433354244155082049067128222320396439430372277189128091104152238
326396445442393299207125067049076152244332396439427366271192140122143192
259335393427414357268180113070067097165250329387414396338262204165158180
219280332378393375317250183128091091125186259326372390378332274229201201
210235277323357369344296241186143122122149198262317354369363335299262235
222222238268302329341326290247198155134128146192247302341366372357323283
244219210216238274305323326305262213165134119134171226280335369384375335
283238204186186213256302335350332290235177128104116158222293357405424402
350277219174149152195256320366387372326250180122094104146216302372427445
418354265198149122137186262338387414396332247168110082101158241332405451
451408326238165113104128192280360408436408329229152101076107174268360433
463445384283195128085091134213308384433439393302204137091091137216305387
445460424338235152097079107165247338411442427369268177131113125192259335
402442433381290222125082091131204277366433439402317235168131137168235305
369405436393320238177101076116168238314387424424375286210162143165210274
341390414399338256186128094107146207277344393408384320250198168171198241
296350381384347280213158122113137180232296347378378338283232201186198222
259308347360341293238189149125134162195244296332354344311271238219213219
238265296323329311268226183155146158186219256296323335326302274253238235
238253274296305305283256226198177171177192219253290314323320302283265253
247238238253271286286277256232207186177183198226256286311326329320302277
253238232238256277286293290274253226201183177189216253293329347354341317
280244219210216241271299317320305277241201174165177210256308347378384363
314262219189180195226271314341350326280229180149137152195253314369399402
366299235180146146174226290347378381347290219165125122152210283350405430
411354265195137113125171244320381414408360271192137104110152226311381433
445408317222146085073110183271357414448424354250168113091113174259350421
460445381268174097049055107195308393451463418329226143091085125198296384
445463427335219125052021052122229341421472469411308210137097110168256350
421457442372262158079027027082174290372439475457387280195137110131183259
347408439418344244152079033040091183283372439463436366271198149140162210
283357399414381305219140082052070125201286366418436411354274210174168186
222286338375381347283216152101082104146210290357396408387335277229198189
195222265311338344317268216165131113122152204274332369381366332290250219
201198207238274305323311277235192158137134158207265317350366363338305262
222195183189216259293317320299265216177146137155195253308350375372354311
262213171149155192238286326341332290238186146128140183244302354387393366
308244189143122131174238302350378366314250186143128140183244311372408405
366296219155110094116174250326320402384320244180134116134186259335390414
399350268189125085082122195280357405421381311229165125119146204283360405
418384308219146091067091146229320387427421366274195143119134177244326387
418405344253174107070073119192280354408427396323241174131122146204280350
399408366286204131073058082140226314378421414363283210152125131171235311
366396381314232155094061067116183262338390414396335256195149137158207274
335372378338268198134085073101152222299363402402363293232186158162192238
296341357341290229168119091101143198259320366390381335280232195180189216
265308335341311259207158125116134177226283335366375354311265226207204216
244283314329317283244201165143143171213259305344363363341305265238219219
232253277296305296268235198171162165186213253296329347341320286262238222
219226241259277283280268244213189183183201232262296323341344326299268244
226219216229253277286286274253226201183174192216253293323341347335308265
229204183189213244277296305299277247213177162171201250296329360360338299
244201165146152186232280314341338308259204158143152186238290338369372344
290226165122107122174244308354375366378253192149131146186247311369402405
360280201131085079116186274350402424405335253183137125149198271347402433
414347247155079037049104192293378436451405323226152107107137204293372427
439390296192097030003033131229326414469466405302207140104110149226317393
439436369259149061000-09049137256363442485466396286198134104113162244338
405436411329219119040-12-06064162277375451478451375265183122104122174262
344402421378290186097030000027101192296387451469430354259186140125140192
274344387393344262180104049033061122207296375430442405338259195152137149
195262320357360320256189125082073094146219302366405414384326259207174162
171204253299329332311268210162128113134171229296354387396369320268219186
168168189229274305320308277235189158143155186235293338369375357317268222
186165155168204256293320320299262219183158158183229283332360369354317271
226174143128140186247296332341326290244198168155168213277326360372354314
262204152116104128180247311354369347296238192162158177216271326366378360
308244183128097097131195268335378390363302238192165158183226283338375381
344277204140094076094146216299360396396347277216171146146177232299350378
366311238158101064070113177253335387411393332253198162152168210265326366
378344271186116070058085140210296366411421381308232183158155180238293344
372363308226149085061070125192262347396421402354271213171158168204265323
366375332259183125085076104158226308378421427390317244195168168192241299
347372360305232162107079091140207277344393418408360286226183168180213265
317354363332268201140101094122174235305363402411381323262216183177192232
283329347338293238183140113116152204262320366396396357302250207189192210
253286323338320274219174140128146180226277329366384369329280238210195198
219253286308311286250210177152155171201241283329363372357314268232204198
201222253280293293280256226198177171183213256299335357363344311271232204
192192213241268290293286265238213192186192216253296335360366344305262226
195177174195226268299317320302271235201186189210250296335363372354314259
204162137137165216268314344357335290238201177174198241290338369378357305
235174122097104143213280341381393366305244195162158183229293344381393363
296216140079052067122204293366414421381305226171137137165219293354393399
350265174091024000043116216320396442442390302219155122128168232311372408
402338232134043-12-18040131244347421463448387290201137110119168244332390
421396311207104015-27-15061158274375448482454378268183122101113168262341
396421375277171076000-34-03076183283381460478436357250168113094113177265
344396408357259155070009-09030107207308393451466421338244168119104125189
277347387390335253165091043030073143232320393442445405323241174131119137
192268329360360311244174116079076104162241323384418408363290226174137128
140186247302326326286238183140116110134177250317369387375332277222174140
128134171219265296308286253210171143140155195247308347360344305262216174
143128131155198253290305299271238201174165180213259305338347335308268222
171137125128158207262299323320296265226192174183216265305335341326299259
210158122107113155213268317341344317274232198183192216259299329344335299
247192140104094113165229296344369366326274229198183192219262308341350335
286229171122091091128192268335375393384338283232195186207244283326350357
332277213149101085116165232305366402411381323259210189189210247299341360
357308238168107076079125189268335387414405360286222183171186210253308347
357332265192122076061091140219302363405414384323256207177168183219286335
366360311238162097070070122192268335390421414369299232183162165198256314
354372338268195131088079101155219302366414433408344268210177168186229286
338369366317250180122091094140201262329384418418378311244198174174201250
305350369347286216158119107131180232296357405424405354286229186168177213
265317344350320262204152125131155204247299357393402375320253204174165180
216265308329326296244195155137140174207259314363393381341286238192168162
177216262299320317283244201168165174198235277326369390378335277229189165
171183216259296323323299259226204186192210241293338372378363323274216177
152152177213247290317335323293250210195198219253296338369381363320262207
162134131149195250302341366360329283238207201216253296335366378363323259
189131097097131183253314366402399363296241201192201235286335375396378323
247168104070067104174253341402439427378299235186171180210265329378399387
323238158088046052091171277378451469460399302222171155171213283347396421
396323219116033-03027097192326396478494469402283201149134155207283360411
427387296189091021-06018094222320421478497463378265180128119146198283363
414430384283174079021006040143256350439491488451366250171125110134207302
381436427378274162091040040085171274375454491475421326229158122122152222
314387424408347250158097064082134201293384451469457396302210149122125155
222308369399387332253174119097119168229308384442451430372280204155134143
174232302350378369320265210162152168198259326384418418393341265210171155
165186229286335363350314268232207201210229271326375402396354302250213183
174171192232277317344347332308271250235244259290326369387378344299256219
198192195207238280323360366344320290271256256268286323347360347320290247
210183165171192235280329357369357332296262247244253274302332341335305271
235198171152152183235293344378384360332290256238235247274305329341335305
265213168134125143189256311363393387360311265238222219232262296326341335
302250192143116119152207274347387408396354302253216204213238274311344354
335280216155110094116174235323381414418384338280232201192204238283326357
357320256183119088101152201280335393427421384311244198180189210250299341
366347286210140088073097152241299372411421393332265204168162177222277329
366366320247168107073082119183268338390424411372299226174149149180235293
344372357296213140085070094152213280354408427402341262198152143158204262
320360366326259183122082082122183250317378414414378308232171134137171219
280335366363311238177128104122165219277335390418399354283213158137143180
235293341357341290229177140122143183232290344384396366308241183143128140
177232286329344329280232189158152174204250299347381375341280219168134125
143183229277308320308277244207180174192219256299335363357317259198152122
119143183226271308323323305271238210198210238274311347363347311259210155
119113137177226277317347354338302262229213216232262302335357354320268207
149110101119155216277335375393378332280238213207219250293332363363332277
210143091073088137204283354405424405354290232195180189229277332372381347
280201122064033058110192286369427445418360274207165155171204268332387399
369293201113046021049113213317402466478442366265186137131152204286360414
421378283174085030024067146244354439482478436341235158116110137204296381
430430369265162073024024079162271375451488472418317213140101101143226320
399439427363259158085046061119207305399466482454387277192128097110165244
338411436408326229149097073091152235329414466463424335238165116107131177
256338399414381308219158119113152204268347411445433384305226165122122149
198271338375387357296235183155165198238290347399418396338262198158140146
168210265317350357329283241207192201226259305344372378341290238192165158
165192222265308329332308280253238238238244259293329357354320271229195183
183186204219250296326338326299271253247253259277299323335323299265235207
189177177195219262305329341338320293268253253253265283299311314299265229
192171165165183213256305332347344320293265244238238250277296308305290262
229192158140146177229283329360372360326283247222210219241268299317320299
262213165134119134174226286341378384360311259219195186201232271308326323
290241186137107107137192256320372399390354296238198177180207250296335350
335286226162113088104152219293360405418390332265210174162177216271329366
375335271195128085082116180256329390424418381305226171143152186241302354
384378323238158097076097149213290363418436414347259186143131152201265332
381399372296207134091082116171253329399439436390305216155119122158222293
360399402354262180122094104149213286360418442418354259183128104119171241
317375399381320241168119104128180241311378421427387305216149107097122186
256332378393363296226168134134165204265332384411399344262189131101104137
195265329366375341277219177158165189226277332375390363299229168122104113
149204265317354357326277229198183192210238280326360369338277216165128116
128162204259308341350335299265235219216226247277317344347323280232183140
119122152201256305338357354329296259232216219241271308329338323290244186
137107110137186238293341372384366323271235207204219250293326347344314265
201137088079107165232299357399411390338265210177171189229274323357369338
274198122067052076143222305375421427396329250186143131149201274341384390
354274186104049030061134226320399445445399311216149104101134201283360402
408360268168085024021067152250350427463445384274186113079085131219314387
424414357247152073030037097195299390454463427347238155088064085146244338
405436411335229140076052079146241338418463457408311213137088082113183274
360418430393311216146094085125195280363424445421350262183119082088134210
299369405402357274204146110125171235305372411411372293219155104088113165
232305360384366311250198158146165204253311363387372317247189143116119146
189241299341360338290244204183186210241280317347350326274219180152140152
180219265305326326311283253226216219235256280308320317283244207183165162
168189216256286305311299277256244232232238250271293299283259235210195180
171171186216253280299305305296280259241235238250265280283283271253229201
180168168186213250283305320320314290256235219216232247262277286280259232
198168155152171201247293329347347326293256222204204222250280302311305277
238195158140146168210265317360381369326274232198183192216256296326338326
286229177137122134174232296354396402375317256207177168189229277326357366
335283219162122110137189259329387418405360286222168143152186244311363390
381332259186125091101146216296369418433405338250174128113140195268338390
411387320232152101085113171250329399442436384290201131091094146222302375
414421375286195125082088134207286366427448421344244158094070094155247335
402430414350253171110085107162238317387433433387293195116067058101174268
357411433399323235162113104137195271344405430408341244158091058073128207
296369414421381302219162128131171229293357399408375299216149094070091146
219305372405405360296232186162162183207250305354381378338271207146101088
113162232302354381375335286241204189195213244290329347341299244189143110
104125168229286329350347326296262229207201213241274299311308283250207158
122113131168216268308341350344320283244213198201222256283302305296274235
183137110113149204256308344366366338296244204180171189219259296323326302
253189134097094122177238305357387387360302238180146134152195256314354363
329268198131085073104162238317378411411366286207146110104131192268338384
393354274186116064058094171262347411436414354256174110073085131213308381
421414357259168101061070122204296381439448408320219137073052076143238338
408439418344241152088055076143235329402445433372271174101052052094177274
366427442399314216140085079116186277360418433396320222140073040061119207
308387433427372277192131097110155229311381421411360268183113067067110180
262344402430405338250186137131158210271332384405381311229158104082104149
210283347396405369302232180152155189235286338369369326259195140104101134
183244302354381372326268219183174192222262302332347332283222168131122137
171210259311341354332293253222204201216235265296311314290247201165149152
171195222262299323329314286256235222222232244262277290283265238210189177
174183201229265293311314308296277259241232229235253265274268256241222207
192180180195219253283308317314305283262235213204213235256268271268259244
219192171165180210244280308323329314286250213189180195219250274290296283
256216177152149165201247293332350350323277229186162158183219259299326332
308259207162137131155201256314357375366317253192146128134171229290338366
363317256195146116119152210280341387399369302226152107094122177253326378
399375314241174119097113165238317381414405350265183116070073128207296372
414424384305219149104094134198283363418433399320226140070043070140232329
402445433375283195125085101152226317390433427369274180091030024079165268
366430460433360262177113091119183265350408430405329226134055015037107198
302387448457414329232162113110143207286360408418372286192110046024061122
213317396445445393311226165128134171229302363396393341253171104055049088
155238326393427418366293222174152158192241302347369350293226162107073079
122177250326375399387341283232195180174201238283320335317271222174134113
113140189253314354372363326286244207189186195222262293308302274241198162
137128143183235293332350347326296259222192174171195235271296302296271235
192149131140177226283326354360347314271222174143140168216265302326329305
259204158128125155210271326363375363323268207152116116146201265323360369
338277213158122119152207280341384396378323250177122088091131201283350387
393354280210146107107146216296360399408375299216143082058079137222317384
418408354268192131104113162235320381414408347262177107052046088168265357
414436408338250174119101131189271347396414384302213134067037058119207305
384430433387302219152113110146216299366399393335250168094043040088165259
344405436421357268195143122137189259329381399369293210134079052079143219
305378421433396323247183143140174226296354384381329253180122082082125186
256329390424414363293229180158168204256314354366341283216155113094116165
222286347390405375320262216186183201235280320341341305247192146125128158
204256314357381375338296253219204201219250283311323308268226183155149165
198232271314344360347320280250226213216235256280296293274247219192174171
186207241277314335341332311283256229219219232253271280280271256238219201
192195216244277302323335329317290256232213207219235259274280280271256238
213195192210241274308332344344323290250219198192201222253280302308305280
250213192189204229265302335357357329283235189162155171204250293326341335
299250207177171186216265314354378369332271207155122119152204265326366378
360305244192158149171213274335375390372320247174110079085131204290357399
408372305232174134128155210286350393402366286198122058037064131226323393
433427381296216155119122158229314381414411357256162082021015073158265366
439469451390290201137110128180265350402427405332235137055000015094195305
399466485454372265183125110131195286366418427381283177085018-06037122226
335421478478430335235158113113152222314375414408344247152070012003058143
244350427472460405311226158122128168238317372399384320235149079033040088
171265350418454411387302226168143149183244308354372350293219152101073088
134201286357408430414366296232189168168195238286329347335290232180143125
134165216283347387402384344290238198174168180216262296317317286256213177
155155177226283335372384369335293250204174162171201244286311323314290253
213183174192229280329360375369341296247201162143146177229277320344344320
274229195177186219265317357375375344293235180137119125162219286341375381
347286232192174180213262314360381375338277213152107088104152222302360393
390347283222180155162195250311357375360311244177116073067101162241323384
408393338265207165149162201262326366381350286213143085058073125201293369
414424387320250192152146168219286347378372323247171104061055091158244332
399436427381299229174149155195253320366381357286213140082055073131213299
375427442414350271207165155171219286344375375326250177110070067110177256
335399436430384311244189162162192247311354369350290216146094073091143213
290363411433411360283222183171183226280332363366329262195134101097137195
256326384418421390326262213186183207247299335350335293232174131113131174
229290347387405393350299244204189195226271308332335308265216171143143171
216262311360387393372326280238207201213247280311323317290256219186174177
201238280326363378378350314274238213207226250277299305305286259232207192
201219253293332363372366341305265232210204216238262280296299293274253229
213213229256290323350363360338302256219195189201222253280302317317305271
238219213226253290323354366360335296247204171158171198247293326347350335
299256222207216244283323360378375347293229171134122140189244308357384387
360308256216198204235280332369387381341277204137094085116177256332390424
421384311241198177186222274335381402387332250165097052052097177274366427
457442390305229174155171216283354399418390317219134061021030097195305396
463485457387293213158143162213293366411424384293192101030-06021097210326
421485497460375268189140131158219308378424427378274168085018000046134247
360451503503457360256183137131165232320390430424366256155076021018076168
277381460500488430329235165128128165235323387421405335238146079037049107
195293384454485466405305222158131131168238317375399378311232162110082094
140213305387445460436381293216162137137171232299344369354302244183140122
137177238311375421430408350280219174149146171219277323344341311268222186
168171201253314369402405381326271216174149143165201250293320329317286247
210186183204244299344372372341299256198152128125143186241283317332326299
256216189183204244290326341341311277235183137107101128174235293332350341
311262222192186204238280317335335314274229171122094097131186253314354372
366323271229198186195229274317338341308262204146101073082125195268335378
387363311259213183171189226277320338332293235171116076067097155229305366
399399360302244201177177198244296335350332283219152097067076125192274350
399424408360293232192177192222274323357366335271198128079070104165238317
387433436402335265213183177201244302347372360308232155094064079128198277
357411436421369296232183162168204259317354363332262186116067058091149222
305372414424393323247189152143162210274326357350296222152094067079128192
262338393424411363286222177152158189244305344357329271204137097085116168
229299363405421393329262204168155171210265317344347305241180131107116149
198259323378408402363299235183155155177226274317332320277226180143131146
183232290344387399381329271219177155158186229277311326311271226186162158
177210250302347375378354308256207171155165192232268296308302277247210192
189204232271314350372372344302250204171155165192232271299314314299271244









