MUMBAI                                                                          
1931
000000000000000000000000000000000000000000000000000000000000000000000000
298258237234246267295316328328301258212157115096103136191258322374404401
362307264237225228249282313334331301252194130084066084133206285356407429
413368304252221212218246289328353349310246173106063051084148234319392444
456432371295237200191206246301349374368316234154090042036078154246337417
465471435359270206173167194249316371398386319225142069023026090179270365
438484484432337246179151154194267334386417386310209124054023048118206304
392471502484417310225164142154203279353407423386298194115063042081148234
328410481496462380276191136118136191276349404413371279191121078078124191
267353429474477432340243164118109133188273349392401353270194148121130167
225298374432459444389298209145109106130191267334377383343279221185170176
206249310371417432407346261194136112112142197261316353365346307267231212
212234270319365395395362304246185142118118145191249301340359359340307276
249240249273313349371368395285234188148127124145191243295340371383371337
298267255252264289316334337319279231188148124112130173234301356386395377
340301267249240246264292313328319289240185133100090121179243313365398407
386340292252228215221249279313331325292234170112081084130197270343395423
420386331276237212206215249301340359340282212145103078093145218301368423
438426380316261218194188212261319359371340270194127084072106173252328398
438444413356276221185173185225292343371365310237164103069078133206289362
420444429386313249203176167194255319365380353282206151093078103164234310
380432447423362282218176157167206267328365374331252179121090096142203276
353410441432383310240191161154182234298346371359301228161121109139191249
316380423432401337261203164148157197258313353362331270203154130139176225
282349395417401356282221173142142173218279319340340301246194161151176209
258313368395401365301240182148139151176225273313331325282234194176179200
237282331365377359310255203161133130148185234273298310295267237212206206
225249285325346349322276225179142127130161194231267292304304292270252237
237246273307328340328292252212173148133142157188231267295313322316298273
255249255273292307310304282252215179145124127151191234273310340356353328
292267258255267282298310307289255221185139115106124170225279331365380371
331289258234231237261285304316304273218157109078075106161231301362404417
392334273231206200215249289322337331289228151087048048087154243322395441
444407331258203176170191246307356377362301215133066026026078161261356438
474462404310225161136130173252328383404374295197106036-01014078173285383
462487456380267176112090106164258340401426383289182087075-10029106209322
413481490444343228142078063096179282368423438389285176090029026081164264
365450499484413295188106057054103200301383435435374273170103066081133212
307395465487453374252161087051060106200307386429423356261182130112133179
246328401447450401307209133075054075133218301365398386331255197161157176
218276337383407395337258182118075066100157228292340362353316270234209206
212234273316346356328279228176127100106127167221270307331331313295273255
240234240264298313319301261225182145127124139173212249282313334340328298
273255255252261273289298295267237200164139130136164212255298331353362346
313282255240234234255279298304285258225182142121124154206261316356380383
356316276240215209215243273304316304270225170127109112151206270331377398
386353301252215191185203243289325337319273209154109093115167298307368407
417389340282231194179182215270322353359325267197139100090118179252328392
423413377307240191161154179228289340365356304234157109078090142218298368
417429398337261200154142154197258319362374346270191130090090124185264340
404435420365285212157130130161225298356386380319234164112087109170237316
383426432392316237176130121136194267334377395365292212148115112157218289
353413435410353261185133109118167234301356386383337258188139124145194258
328383417413362279206151112106133188255316359377359298228179151157188237
295353395404371301228170124106118157212276328362365331270218185179197231
279319356377362313252191136109106130176228279322343337301258225209209225
246279319343353319267215170136118124151191234282316328319292267249243243
249261289316328319289243200170142133142161191231270301316319307292279273
261255258276292304298267234200173151145142154179215255292316331334319298
273258249249258270279282279258228194157130121130164209258301340362365343
307270243225221237264289307307289255212157118096103142206270334383410407
368310258221197191209255307343356337295231164106069066109179264349413447
441389310237176148151188252325374395377310225145078042048100188292386456
477447377267182118093106164249340401429395313206118048017039106209328423
484487435331221127063045066151267371435453404307194103036017060145258368
453493468395270170078020017072176307398465462401292182103051057109200307
410474487441340225124045005020090206328420471453389279182115090109170249
349426468459395289185100032017054130234353426459435365267194145136164209
282359413432404334240157087048051090167264340395417395337264212185185209
246298349383386349279212151100078090130197264325368380356316279243228225
231255289319340334298252203161133124139167206255307340349340316298279270
261252255270292301301273243212182161157161176206246285313322322319313301
282258243237246258267267261252237212182161151164197237273304328343346328
298264237225221225240255270276273255228185151136145182228273310343359359
328289243215197191203234264292307295264215170139130136176225282334368380
365319267218182167170197243292319328310261206151121115139188246313365392
386346279225179151142164206267319346349304243179127103112151212282349392
404371310240179142130133176237304353371353292221154112100130191261334389
410368343264197142115112148209285349389389340261182130103118164234307371
413417374295212148106096121176258334389413386313231164124118157215285356
410429374334243164112087103148218307374413413362279197151127142191255328
386417407349267182124081084124188267343398420398328243179145148179234298
362398407365289209139090072096148221304365407407362285221173157176215267
325371392377316237167112084093130188264334383407389340273225194194218255
304343371371337273206151112103127170228285340377386362313264231218221237
264304334353340298240185142118121142179228276322346356334301273249240240
252270295313319307267228185154139142154176212249295331340334316295282264
255249258276292301292270240209176154151157182212249289322343353340319289
261246237237249267282285282267240200164136130151191243289328359374368337
289246215200197221258289310316304267218161118103121164225289343386407389
340270215167148154191246307346365340295231161106084103154221313380423438
405326241177116104119183262344393408378317235155094070097155241338421466
460402296192113058055097183293387445451405308201125076067110183290384454
478439344222125043009037107219338421475469408296192119079085137229335421
472469405286174079009-12037122241360442475454381268183122097119177274366
430460436350235131046-06000064165286387457478442363256180131122149213299
378427433381280183101037009030101195308390448457411329244186158162189241
308366396384320238162097052049085149232314381418414372305244207192195216
253305344360341280219158113097107137183244311363384375335293256232222222
235256290314317293247204168143137143162192241262332347344320293274259247
241238244262274277265247222195174162165177207244280311326326317305286265
244229222232241250256256244238219201183168171201235274299311320323311290
259232213204201219235256271271259241207183168168189226268305326338338317
283244207183174186216250277299302286253213177165165195235280317347363350
320268219180162162186229274314338335299253207171155165201250305350381381
350296241186149137152195253308350366347302241189155149174219274332375390
375317250189137113119158216283341378387354283219177155162192244308366396
393350271204143097085125183256329378405390335262195158146171216280341384
399372299219149097073094146216302372414424387311238177155165198253320372
402393335244165104067076122186268354411439421363280213171158171216280344
393402366290204134076055082140210302372424436402335256195168168195247308
363390378320241168104064067110174253326390427424378305238192174183219271
335372375338274204137088064085137210283347396421402354286235201195210241
290332357350305244183134097091116171232299354396402378332277235219213226
256296326344329283229180137116125152192238299347378387366323286253235229
235256290308317299268229186155137146162201247293335363369350323286256238
232232244262280296296274244207174158152165195235277320347357354326290256
222204195201232262286299290265232192158137137165207262317354375372341293
241198165152168207265308332332308268219168137131158210268329378405399360
290219158113101137201277335375387363302235174134128155213280354411433418
363259177104067073122210293372427439402329241171131128162222299378433448
414335226134058024052110241323408466463418332238168128134171238326399448
451393286180085018003012122219350436482482418320226158131140183259347414
442424347235137058003003064158271384457488463402299216158140149198268357
411427384293192107037003033097192308399457475442372277210162152165213290
363402396338250165091043027067137226326399448451414347268207174171189238
305357378363305229158104064067110174253329390424418381317256216198195213
250299335350326268210155116104116152204268329381399387354299262232216216
222250283308317299259210171143137155177219271320354363350320283259235222
219219238259274280268247219195177168177201235277314341350338314286259238
226219216222241259268268256238222204192186204238280317335338326311290259
232204192189204229250268277274256235207189183198232271305326335329308277
235201174162165186219259286302296268235204183180198229271305329335326299
253210165134125146189241280314326314280238195177177201238277317341344323
277229177131107113146207265317350354323274226192177180201241293338357344
305247186131091085110165235305354381369326262210177168183210253305341357
332274204137088064079128195271341390399366305241195168171192232286335360
354302226152091052049091158244323381411399350277216177131165198250305350
366332265183113058040061119198280363411427393332256201168158174216277332
366360305226146076037037076143226314381424421381308244195165158183238302
347363332265189116061033043101177262338396424408357286226183165168201256
317354357311241168101055043076131204280354402418393338268216180171177213
268317347338286219155097067067101155216290350390399375320259213183174186
222265308326311268210158113091094122168232299354384384360311262219186177
183216259290305299262222177140116122146189241299350378381357308256219189
177180198244280305305283250213174155146165204250311354387396372320262216
177155155186232280314329326296256207174165174207259314363396396369314250
195146125125158219280329360366335283232189171174201250311363396399369305
229165110085091137207293354396402369311244198174171195253311366396399360
286204128070049067128222311378424427390326250195165165195247314369399396
344256168088027015061131232329402445442399329250192162162189250320372402
384311226137067018012064149259350421457445402320244186158158183244317372
390360280195113033000021085180280372442463433369280210168155165213280347
387384323235149079030024070140235335402451454411341262201171162177232299
354381363296210137076046052104177262347408442427384311244195174171189244
305350360329262195137088073094140216293354405421402350290238201189192216
259308341341305244186137110110137189244314366399399366323271232201195201
229268302320311277232189152137146177216268323366387378341299259226207201
207232253277293290265229195171165177201241283329360369354320280244216201
195204226250271283283265241219201198204222256293332357357341311274238210
192186195213244265283290283268244226213213232262299329350347326293256222
195177171180207244280308320314293262241232238256283317344363363341305268
222171158165186222268311335341326296259238226235253283317347363350317268
238189146140158195238293338363363338299256235222229250280317350360341326
253222158119122152201253317372393384350302256229219226244280317350360329
290232171125094104143207268341399421405366302253226216219241277317357360
329259186131085073097149222296366421439414360283232204201216244286329363
363311232155094058058101165244329399445445411341268216192192207253308350
375357290204128067043061110183274357418448436393317244195177180210265326
369378335259177107055040067128207302381433451427372290222180165174213280
341378375320241168101055052088152229320387433442414354268204168158177222
290347372366308232165107076085122177262335402442439402332250195162152183
232302350372357302232168122101110152207268341399433427387308232177149143
168219283329350344296241186149131134168213280344396421402354280207158134
131162204262314341344308256210174155165189229286344387399381329256198149
122119140186244302338350332293247207183183204241293341378387360305244183
134101101122168238296311366357323274232207201207238283329360369338286229
168116079070094152232305329387384347296250216201201222262308338350326274
207146088052049088158232311372405405366308253210189192210256302335350326
274207137076040046094168253338396424411369302241195177174198244299344360
335268192119061033052107186277360414436421375296232189174174201256314354
366326253174101046030061119204302378433445421357277216174162168201262317
354363311229152085046040079146232326396433421381317250207174168186222271
311350347293210140088061082128189280360411414390341280235195177177204238
277311344329271201140107094131177241323384405396363308253216189180189222
256290326332305253195152131140165213280350402393375332280238207183186201
235268305332320286232192168158171195253305366399381350308259219195180189
216244280320329308268222195183183198226277326375390369329283241204186177
195219253290314317299265232207201207226256299338372375350308259222192177
177195226259283302308299277256232226232250280314338360357332286241204180
171183204229256286311323317296274256250253268286317344354338305268232201
174162171192226268296326344341323296271253256271296317329329317290259219
189162152152171210265311347366363335299265250250262274296317323317293256
210171137125131165216277335372387375341302268244238238253286311323317283
241189140101085107155226290354393402387344283241216210226256286317338335
293238168107067064101155229311378424427396335268219195192210241290335357
344290216140070043037097171253338402439436396311232186174180207253314360
381344271183104049027058119195290378433454430369283210162149165204268332
381396350256165094046030070137222317402457466439369268192143131155210290
363408408347256168097055046088152244347427475469427338241168131122146219
305378421414344250165101067079131195286369442469454396296207143107110143
219311378408390329244171128107125168232320393451460424344247168110097119
162244320378399378314247189158149171210271344402436430387305219152110101
122171235308360384369323268219195189207232277332378405390341271204146113
107134174229290338369366338299262232226229244274314350369354305250192146
116110128165213268320354366350320290259238235238262293320335323286247195
146113104119155204256314357378372338305268244222219238262293314311290250
198149110091097134189253320366390384354305265229210207222253293320326305
259204146094067082131195274338390411396357305256213192198229271317347354
323262192125079076113171244323384427424393335271222192180189222277329366
369320247168107070070116177253335399433427393323250201174168189232293350
381369305226149097070088146219305378427442424375299232186171180213268335
387396366293204140094091128186256332402439436399329250198165158180219277
335378378326250174119091110162222290357408433414354274207165146162195247
308354375350286213149110107146201262323375418418375302229171140143168210
262317357366326256189143128149192238293347396414387332256195152140152183
229286332360354305241195165162195226268320366399396354280216171146146171
204253296335354332290238204195207232259293332372387360305244192165152165
186222265308335341326290259238232241253280314344363357320271226186162158
171195229268302329332314290268256253256262283305326338323286247210177165
162174192222256293317326317305286268262256265274290311311299277244210177
158149162183213250293326344347335317290271262262271290305317311290259226
192165149152171213262314360384384366332296268253247259283305323326311277
232186143119122152204268335387411408378332283247222219235271311344354335
286226165119091094131195274350411439433393323259207192198222268323369387
363299222149088058076128207305384445463445390305226171158171204274354399
405360271180110055030061116213314341463469433360244158119119152222305375
421414363259158082037037094174277375451482466405293192119085097152232329
405445427363244143073040064131222323408469485451372250149082064091158256
350430457430354244149094076116177250344418469460411311201116061058091165
265357424442402317222155116116162219286360424454433366256162091058070113
183277357405418384317235177152171207250302354396411387305216143088073091
134201277341384393360338259222210222235262302341372378341274207146110107
128168213268317350363350329293265253244238250271305329335308259213171140
131134158195241290323344347338320290271250244244259274293299293265232189
152137137155186226268311344357354329296268244229226238253271286290277247
198162128119131171222274320357372369341299250213198207226253280305314302
265213155113097116162229290347381387372329274229189174180207250296326332
305253189131094088116171238308369402396369311250198168158177213274323357
354311247174113085091137201271344402421405354280219177152152180232296347
378357293213143097082116168235308378421421384317238177140134158207265329
378390347268192134101110152210280357408430408354271198149125137174232296
360393384320238165116101131186250323384421421378293210146107110146201268
332381393354280201146113125171229293354399411384311232155110094116162219
296354384378320244180143134165207271326378402384323241168116094110149207
268329369378344280216171152171207253302344375381341265192134101097128174
226286335360354308253210183183204232271311344357338280219162122110122152
201250299332344326286253226213216232250283311329329296241189143125131152
183219259296320326311286262244238244250265286305311299265222183155146152
165189216250283305317311296277268259256253259274286290277253219195168152
143149171201238268296311317311299277256238232238250265271268253235207174
146125125146177216256299329344338308271232210204213232256271283280262229
183134101094113152213274329369381360314253207177171180213253286317326296
244174110064061091146219293360402411378311235174143137162207268332372372
323250165097052046085149241335408448439387293198131094097134210299372411
402344241152076033040091168268369442466439360247149079046064125226329408
445430354238143067030055113207317411469472421314195104030006049131244354
430457424341219131073049088158253357436469448375250143049-06-06061158271
378445463418323207134085085125198286375433448405311195101024-06021091189
299387442442390296207152122134177232308372411405354262174097040024058119
207305375414408360286226183162174201244302347372357299229162104067070104
155226296350378369326283241216207210226250283314329314265213165125101104
131171226280317335332311290265250238229232244268290293277250222195168149
143165192229256293323338344323296271253244250250256262265271271262235201
171155158186222259293320338347338311274235216210216235256271286286274244
204168143140158198244290323344350329293253213183174183210244277299305283
244198152128125143186241299341366363329280226186158149162204256302329329
290244183137110110143198265326369381360308250192149128131165222290335357
338286222158113097119165232302360393390350277207155119110137189256323366
375338265195140107110143195265335384399369299219158116097110152219293354
387375317235165119104125171238308366393384329244171116079085125192268341
390396354280207149119125165219290354393393350271198134082070101158238317
378405387323244241137125146189253323372393366293210143082052073122192271
341390399360286216162134143174226293341372366317238162097058058097158222
305363393378320253192158149171207265317350360326262192128079064085131195
268329369378344293238201180183204238280317338332286222158110082091125168
219280326354347311268229204198204226253280305314293253195149113104122155
192238286320335332305274247232229232244262283299296271238198168146140149
162198238277308323323311290268253238235241253268274274259241216189165152
143165195232268296323329329308280259241226222229244265271274262241216189
162140146171216265308341357357329293253213192189207235265286308311290250
195146125131165213268323366393390354296235180149146174226283329357354317
259198143110110143204277347405427414363277198137107116158226305366405402
350271192128088091137210302384445457424344244152085058082140238341421454
442375274183122094116162241341424472469414302186097037021070158277384463
491466387268177107088119183283378451469442360235131052-09000070177308418
488497448350244165113110143213311396451454408305189104021-21018101207332
427478482430329229162119128165244335399433411344244143058-03-06052131244
347424460451393302219162143165204265329372390363286201125058018046101177
268354418433408354283226189183192222265314347357323256195134091079107149
204277341384396369323274241216210213226253283311317290238192146125125143
168207262317350357335305277253238226222222235253268274262238210186171165
168247277259296323329323314293271247232219216226241253262262256238216195
177171183213253290311323326320302268235207189189201219250268283280262232
201180171177201235280314338344329299256216183165165183219259293311308280
241204174168171198244296332354350320277226183146134146180232286326341326
280232189158149171207259317350366350308250189143116119149201265326363369
335277222180155158189232290344372369335277213155110097119171241311366390
378329265207162149168210265323366381363308241171116082091134198274347396
411378317244186155158186235293341375378335262186122073064097162241320384
418402354280216168149158195250314360375350280204134076049067122201283360
408421387320247189152146168219280341372366311232158094049049091158235320
384418411357283219171152158195247305350363332265186119064046070122195277
350399418390326253198171165183222277329354344296222155097064064104158232
305363399393354296241198177180201247302329335305253198140094079097137189
247314363384372329277235204192198222256293311314283238186140110104122158
207265317350360341305268241226216216229253280296293265229192158140137152
180226271317344357347317286256229219219229250268277280265241216189168158
162183219265305338354350329296262232210201207229250271280283268250219189
162155174213262305341363363338296247201168155165198241280311323317290244
195158149168207259314357381387357302235174128113131180244308354378372332
265207162143155198259326378405402360283198128076067104168253335396427414
357274201152134155201271344402427414354253158079030033085174274369442469
442378274195146134155207286366414433402317207113030-12006079183305402472
488451375265189143137162226308378424427375274165070003-21021104213332427
488491445350253180143143174241323384418402338235137055-06-15046137247354
436482472421326238174146155189253329378399369290198119052015033085174277
366442469451393308238189168177213274335372378341268195128076058085146219
305378430442418360286226192180186222268317344344302241180128097094125171
235308366399399372320268226201192201222256293314311277232189158140140158
192241299344369366344305268235210204207222247265277277259232204180171171
183213259302335350338317290259232210201198207229247262268262250232213198
192207229268305329341338317286256226207192186195219247271290293280262238
216204207229265302329338332311283250213180158155177210250283305311302271
235210201207232268305326338332308271229183149134143174222268311335341317
274238213204213238271308335344332293244189146116113137183241302344369360
320268232204198210241277314338341317274213152110094110152210280341384396
369317262219198198219253296329347341302244177119082082116174247323384414
408366302247213195204229271317347360338274213146094067085134204283357411
433408354286235201192201232283329360360317247171107067061101165241323396
439439402329265210186183204253308350369347286210137082055073125198280363
421445430378305238195180183216274326360363323253177110067058091152229311
384430442411347277222192183198238296338363354296222152097070079128183262
335396430427384317253207183183207259311344357326268207143101088110158219
290357408430418375308253213192198226274320344347314262204155125119146192
244311369411421399354293247210198204232271308329329302262216177149146168
207256314369399408390341290241204189192219256293314323311280244207180171
186216265320366393399381338283235192174174201238280308326326308274238207
192195222265317363393399378326265210165143143171213268317350363347311262
226204201226265317363390396369314247186137107107137201268335381402390347
290244210204219253311360390393363305232158101070076119195283360414439421
369299241204195207247305354390393357286204128064037064128219320402454463
433369283226192186204253320369396387329247171088030012055128229329414466
475442366283213180171189238311360390381320235143064015009061146244347427
469472433344262195165158183241311366390375308213128055012024088177277375
445478463414326241183162158186256326372390357277189113049027055122204299
381448463439375286219171155162204268329372369323241165097055052094152232
311384433442408347274213180168180216277329363360305235174125097097140198
265341399430424387329262213189183204244286329347338293238189155146165195
244305366408424408363305256216201198210244277302317311280241201177174195
229271311360387390363317268226201189189207229256280290286262235213201204
219247280317347363357326286244210189183192204226250274290293280259244235
235244262293323344350335302268235204180171171189219253277296305302283259
238235241259286311326329314283250210177155149158183219259293323335329302
268247241253268290311323326308277241201165143137152192238283326357366344
302268250244247256277299317320302265222174134113113140189247305354378378
341299259238229229247274305323320296247198146110094113152213283344387405
387344293253229216222244277311329329290235171116076076107162232314375414
424396335277235207198213247290329344332277204137079055067113183262341402
433427384311250207189189213259308344357326259180110061046073134210293369
424445427369286226183171180216277329366366317238155088046046091158235326
399448457421347262207177168192244305357384372308222146082058073131198277
360427460454405314241183158155192256320369387357283201131082067094149213
305378436457433372283213165146158195265329369381344271195134097097131180
247326393442448414338259186146134149195262323360366326259195149122128158
204268338396430424378305229168131122143192256311344354323274222183165168










