MUMBAI
1972
000000000000000000000000000000000000000000000000000000000000000000000000
477463409317239177155157196262331379395363295208124054019033093187287381
453481460399301218161137143189265342387403363281194111050028057127221323
407465475437356261187138122143201281351391391337250159088050057107180269
357427460449391297212152118120161227305361384363297223150094076099154225
303373423442415346263189138119135180247312354365335275209151121121152201
259324383417415373299224168133130156202261313344346309255203168155172205
244295348391404383324257197157137143173219270308327322291248214198198216
240272315355378373336279224181155149162191227263295311306285260241233237
249265290318343352338297248205173153157175200228259288303305298281273266
263269277297318330328308277241203175160163180209235263291308319320311296
282273271279294308316313299271242206173152151162187226263295322340342327
301278270266270281292303303291265229192157134126143181225276319351369364
339299268250241246263281297308299271230181135105103131181241303354387392
371325282247227223233256287313324313273217161111082081119188261329385416
415380323267229210209229265309342355333287221149094063069119195281355412
439427381312247203184188219271326365375345277199125069048075148233321398
449461433364281215175164181233303365403399348264170101057062109193286376
448481469414323236176147145189259334394421401323233147084057081147237333
421481496459377279198145127143199281356411429396312213136086079117192283
373450492481428327235163119111141212303374417421373294211146109112159233
318398457481455389291201135099107148226306370411414367286215163143163212
280352420463461414337251171119098112165231306362395395356292232192181201
241298359406426414368295224158109097116164227292341373378353308262233224
236263305351385398379329269206156124115133173224280329362376366338304273
255254269301338364371353311258210168138125131162207265320360387391367332
295271261264283312333343335309269221170134114117146198258319367404410386
341295262243240253277303327336322284231173122095093121181253325383422434
404342285243217212229267311346361347303239176120086084120195278361425457
450403330262215191192224279336378392366305224153096065078131213309389453
475456395302234181166176224294362401409370290211135084067094160251349428
481478436354264193154146171237315378416418373285197122074073113184278368
441479466403313226165127125169251332389419405344255174112078094155233324
403457472435357260187133118135195282354406425395319230156114114153214291
370432460444384284203142108117162228311375405403353271201150132153199260
329396440446407325242173126114137190265331375394373320252197164166199244
299352396414401348273203147118124159214270319351357333283233196183197226
265309349377377346286226172135123139176226272311331328298261231212214226
245272302330341326284239187145121121143178218257289306299276255243240243
249257273293308307287254213176145134147173203232255280297303298287276272
271273276283295303299279253226198175162154169196233268291308324328324306
287273267267271282290292283263240213186163152157183223264303333352359343
314283265254254264277289295292277250215172137120126161209263314354377377
348305267236218219236260291316321307270217161114092103148212279340388412
404359302246206184184210260310344356331267195130081061081139217301371422
436407344264207165152170216285346382391347267183111057047085161252344419
465458408312226160122119156224308374413412351254157072037058123217318408
470481439344244156100085101171269357418444406323217127060033065148251354
436481470404292186105047037080173288373433448395293191113064060111200301
396463483451354242145070028048114217323401448447388286191126094111169253
340426469462401292191107044038065141241329395434423360267189142125155209
285361422445419348253167096048048089161247328383414399344267209179176199
241299360403409370299221153101073081116175245313360384370328276238217216
227256299340364359318264207156118101110138181237289327351354336308279257
243237250280311332330303269228185152132127142175224273312342357354335304
271247235235253280301307298271235197160132115123154201254300340364365342
299253222202201223254285305309294260215165122097098130181245307356386387
351292236191163164192241287318331319279222162111077078113180260336391418
403352277212162140148185247305348364344285213144093066077126208297371419
430393319239170125110123179256326370380343268189121070058097167253342407
436418353264187123090096144224306370404391323237161101072086142227317390
435437392306216145097085120194275352402415379314218152103089119184264348
409436416348255170107075086136215302371413413361275200139112122170237314
380421423376298202130084079116184271346398417387326244181139135165216283
347399416392321234161104081103154224296360399405365289220175156174211262
319370399392344267195136099095126180245312359383374324260211181180202240
286332363368339280220160118098113154215274322354362338298257227217226248
278312341354346308257207162137136159200244288325343344320290268256253258
267285306325329311273231190160148154177208241275302317319310294281273269
269271278288298298286262232201174162165177199228264293310318316307299286
274265258259266275277272258238213188172163162180215255295324340340330312
287263244234237254276290296293272243209172150146166209260306346369375358
318273239212201209233267298317318294249193144116115144198256319371399397
361294237190159152177227284333358355313246177120083089138212293367421437
406335255186132105118171251329381404385314225150096063080149242338414461
457404307212136079067104183286371431452413324236149084056092172279377455
483463388274178092040043097198310399461482436335215140083076132223328415
475486440331215116043008037116230343430490481412303204130089100160256359
439475459393260150058008002049142245360443488473398290199131114143211303
387447460418326219126054016032092188301386449474442362265197156155186251
326388423420369279191115058041070128215293365418437412348274217187184204
248310360385376323257193130089078099143209277340380392372331282245222213
219247291329345333295249202156129123135168213265317349364360334300271246
231228239269295309310294269234198167153154179215259304336356365356333293
256228222227251273290303303293269232193168159177216260303340367384377338
287242211201209234266297316324317290249203165152164201247300351390409395
349278225189175181212262310347363353312251195157141154192253319376410415
383311241187154146165216282336376387362298229176142135156202270344402428
415357270199146120127167233309368401402354280212159133140178240314380425
430388307219152110096131194272348403423397347266201155136148189263339399
429412348259178117086093140215300372418429389314231174143145177239312378
418417364281189120081076115182265346405434414351270201159145163208278344
392406376302215140086064092150227307374415424384307232181155162196248312
364392383328248171110073078121191265339395420402345275214179172191228284
334370379346275204140097083106162228302359396402372315255213193195218259
307345362348302236176130104109145198257314361385380340291249224217226247
279312333338312262210163129117135171218264309343356348315279254241239244
255273296311310286245203163138135152183220261301329340329303281265254246
244247259274284283267241207179160155167187217251288318335330313290271256
246237232238253266273269250224198175160162182216255294322337342330305274
244224210208220247273292297280253218184163149165202249296334358365345308
259214180163169197241287317333319279226174140127143186244302351383388359
300235169125103119172243306351373359301231169122108129184256328384419414
360272190120077070108184275355409431405332249176124107135197280359421448
427351247152076029040095190298389451471427336237158103105148229324400448
450393282175089029-02034116231350431485480421310210139101112163254349419
455438358241129054-08-10038132254368452496478400286198134102117182281370
429445398300189099022-10000065159283382456485458375269185138117144208300
378420423348251153077021006031105195297386448470439357267200156146167223
302365396392337252167103057045071133218306376424436403339263207179174191
240299344366355302240177124089088118170235303360394403379331278235206194
199229272311330322285243198156137133144179229289336366373354318281246217
202199212242272293298282255223189171159170197235285326354361348324289250
218196192205234266290303302284264228200186186205247291325357370363335289
247208182174188224266305327332318284241205187187203244289331364380369330
275218172150149176225281323352359340294245206184184207248298345377385365
313251190150132143188247311357383384354302248204180182210255307355382382
348281208147108108142200270332378402387337273222185174186219267322369389
370307235161111088109164229302366403414380320254202174172193239297350382
384334261181115079085129196268342397425411361294229190172176209271327371
388352288210141085067090153227308375416427400338266215182178193233294346
381382334255180111072075118187265341400435428382309244204187189218272326
369381347286212141090071099163239314380426438412353284234205198214252303
350379371323239182127087084138204267329392428425385320261225207210228270
318354368340284214155116103123166224285347392409392344287247220210218241
277314337336303248192144116117144189243298352380388365322276241220213222
244276302317311277234189154137149174211255300343368373350312273244226220
223239261283299301275241204173160161176213256300339364363341300260232215
204203212233262289300288254217188166160175207247295335358363341298257222
196180174184219257294311311285250205175163173202250300338366367344302247
200161133127153208264312342346316262210173155162193241297345374381356298
233167117086088128203277341382392364306238185160158195254317370397398359
288208131066043065128217304378428439396310232176150157197265331385413400
342251159076027011048137239342417462459399314229165135145189263342397426
404325224126045009004052142259366445492479406305220158136146197274353404
421383291185088010-19-06064169283384456488461387277196144120135196288358
404405346254152059-03-20003081190303394457476439358263190139125144204290
358390387321234138049006006056128219318398450458420347258189149136151209
288349379367299225155078046045100165243330394434436400321248195162149182
233296343360340291226183138115125153200265337387418417374308248205183175
193236288325342328292254217181155164194230273318357386388354314273230200
184196226261292313314291265239212189187202234271312351373367344316283245
207173181209241269295308299277255233216209220251285317351370365343312277
237189162174203236266302324317289260236216206214239276311335348343320286
244197152139151188239284318336332304265230209204213243272304329335320290
252204152111117148201259305341358348309256229211205213237270304329333302
259214159113095116159216276336369378355305259222199197209239275307331332
296231172115079084121179247312363390386348298247210192198218254297332346
330274202140092074093143217289355397412388337279230203194204230273320351
356315245173109076077113179252326384416415376315256216194190206248299341
361340279203130076062080134210289357409426405350285232197182184214265319
354358316239162098060061102165243316375414415379321253207181172189230288
332354340282204141082056074122193267340393417403356290234193171173205256
308341346312250182117080074102161226295360400411386333270220183167177216
270313336327283226173123095101131187256313368399403371314259211180170184
219269310325317275224174134113119154111274331377397387350289233193172165
186223266298315312288234191155138148181235293345379392375328272220180156
153172215257293317317294258215180165172204253307354384391370319264211168
144139159200251300335345327285243209193196217257309353383386363314255199
149122115136188251305350378372336282230206205225262307350380385360304239
175122091085108174249323378411405361291239211204217251299345375382354294
222151090049046086166258341400436427375299241201186194230286339377385349
279198119051022033088162259355425462441393307238186165175216284346388396
358276193111040008034089169277365438477454371294221176153165217297354394
403367268169091028005047127207300395460489458376284207153137153210294361
400398344237142069026014060152237310416470477436360265189141123143209297
365399393330220135078038034087176261352426468469408331239173131124157225
307364391375308226143086058075127196285364425454440381295214159134134170
239308357372345279210150110098122166234312378416428403343265200155139146
182240300335346317269211164140141164201261315365398398365308243189153143
151185232281310320302264225191177182201228273323363380365326276226181156
149166201236275300312304277250227211212230258288325354364344304255208176
154157172197239279307327322299277257237232244268288315341345319278234198
171153146154190241289318329321305287267245231242254277308319323303265223
179150132130151199250299332348349328297270248234236245264298318321306271
227174137117129158212265317354368365341298267237225231244272296314323306
261205155112102126172227289351389404393360307264227212228250279309324326
299248187131094090133191260324378406410386349288242210203219248285317337
326283221162111073084139210288352403424409369317260214186190219253299335
348324250189129077062094155234306373411416395341281228195171181223279326
356355307233156097062059110187268344401430422381312245204170164199250311
355375352279199128084060078156228310383439446418349278223185159169204267
335375382327246167117082076105176257333412448450404326256207171155181233
298349383377336261173122098108155225301376427455438349285233183146143173
229288346375368303236172132119161229297351395428437404320261211162130145
184233290341371362307243197158154182233287344394424421377297243186144124
146194247301349371357317269228197194215251295343385409396342270211161130
122144175227291340371371345298257234227242262298345377396375319253195150
124115136174228292343377382366325282251232233245280323356370354305249193
151116096107137205281348391409391352294246224220233270306345359351309248
185133097077092135207288366415436419362290248222206217250296333361357307
234165118077055083153224313398451464437380299251210186198255307359394399
349232162107063040067155244331420463477456378289222175160184233301363401
402356259165095049038081158243345432470484448366260186150146174232317384
423412354250154088046043107187283369450486478422322228158129130161238323
390417400337228150092061074139215312401465482455376286201144123131179256
343401417386304215144100088124185259339417462460417339244173133123144199
277351394394349268197146125128172220286351415439422367279203149126132164
215287342373362316250197162156178215257308364401408378311241176138126150
191242297333349334295249207188189208241277320357378371330270210164139144
170206248291321330315285259236226234245261287317345352331282230188159149
159178207243276297306299283266256247248251262278296312316294258210171149
144158182203230264294311316301281266256255254259268284296296279249219184
159148147167195231266297316322312295276259249244246255270281284274248214
178147130127147184234284322343343331306275250233224231246268286291284256
216172130109110140188244304346370369346306266236221218228250278305318309
268211153111095104145207274337381401389350294243209198203221253296329342
315255188125084076108162232309375414416385323263211183177189226276326359
359311235159103066067112184269345406430418369299233186159156183233297353
382368306219138076055074131215304381435449421351264193150136149193259331
385405369281184108064060101173259347417459454404312222156121113140204284
357401401346254167099067081135209295375439458430355255167114092106155229
315377408387312222141102089122179255333403443438388297208132090078107169
254331386400363290218170130126157219288361414434412344252170114078083117
179264334379387345284221172150164196239302356399408371298220152099074086
123180248313355368341295243204189196222257304347372368326264199143101085
099131180241299338350334302268239220217229255293326344337302255204155115
099102133176228282320346351336304271237223231250276299312312298265220173
126098098119163216275324363377366329279240216214222246272295317318292242
184128088078098139199266333381401391343275221189179189217260301334341312
254189126074060078114190270351407425402341262199156142156198259316358365
325258175108063046065122211305385432437396312227163125117142198275344382
382330247161087040031070147243344420450438377278192130095094136209294365
401389321226141075042051101180274369434455419335244160101078096150234319
385408364292200125074057082139225317395438429375276186117076071104178267
345394392334267180120086084121185265347403423393320224145089065080130207
287354385367302223156118106130180238313372403395342260178117081080111173
246317364373337269204158139147178218274326367379353286214149107094110149
203265318345346303252205179176191216252292329353348307244185136112116144
184229279316329317283248223211216231246266289318335326278220172141129141
169199238276302311303286266254247248252259273293306307290255213181157147
159182213248276293304303298288276267257255261268284292286269243215192174
168169177205232265293302305305300289274259247245254266272274268252228200
175152148161186226266293312325329308281258236225224232248268279283265234
195159135128139171220272317350360347312274236206194200220252280301303285
242189138105096122171233293346377384358305249209181175193226270311340340
303241175113083085127191265337390415408361290223174152156189240302353382
372316241154092065082140215308384437446412335250179136121138188259333390
412380297201123073058098174261350420455445388293205137093085124198286370
421424368256170103064066117212306399459471428338230144084057078139237329
407443424343240154093073097172264356427465453387276179100051041083163261
360424446407315215141108104142216303380439455418329223136066033052110197
295380434437385292211155133150196260330395434427380292200124066047072131
213301368410407357284217173159181218268325369395384330247167107067066097
150217292351381374335281238206200210233275318352365343290230172125100098
125164214271320351360342307269242230229237258282310328318280236194154128
120128160203252302336358358335305270243230229244267288302305293262220174
138121130157197244293336366375355311262226208207222250276298315313289243
189140112109136184240302354389396370319255206178171187222267310341349322
266201140101089111168240314377415415378308234174139131156213278336371371
332260185123078069109178261341400427415352267191130100106151224300363396
386331240162101069078129205294375421439405327231154101078095151234321384
415393322226145095076098152229322394436430372269183113070075116194288365
411414363273190123086091135204290364415428389305208132075056083146230316
386421403332245167120109135180252325384417402336245167103064069119194279
356403411375300228169133133173231292346385398356280197135085069101159236
314369398384335277211165154173215263311355372360306229162109084100139198
262324360374351305257205173181205244286324347342306251193141112105134180
234290331353348307268234212213228249268290318328322286227173139131148174
208243285320335322293264245239240247254265284297300284248209177158153161
182210240273297306302289275261252244244248258268275275262241216181172162
162178200228258282296303294280267254243234231235243252259256244223201176
159153159181211246278303315316302275245224207204213230250267275270248218
182148136139166209256300331345335306264222193176175192223257291309300264
215164127110117154207267325360372352306242188152134143179228285326347331
281210148105090107164234308369401398353287216153112102127191263329376393
362282202133089084124192274352411434414346250166100066072121200290368422
432381284191117074082133216310390439445404317213125059028054124218323402
454443375266172103073099162247341411447436368262159078019010060152259363
439474441351246158101089128200293375430448414322210116039-02016088188302
394460473423323220148112119165240324391434430373273176090026007046118212
318399453452400304219159135146187247317377406395327237150076030032082150
236323387424415362286217176162172210265317357374352291219151100066077115
171241311365395389353297247209196202221255295329344320274219167127112119
145186236298341362357332295257229210204211233266295307299270233197162140
133148180223272310338350340313274236207191194213244270284289279261234193
153132136171216266306337357356329284232193169167190225261294311314297255
208165135129152199257316357377373334279215163135137167216271315344353326
274211154119115148200267327372392376323249180129103111150214284341375377
333263199145112115150213287352392399364291214147097082103164242318375401
381321245177129111134181250324381406391327243166105066069116194279355405
415373297224159121123155211283352396405371294211138081056082143222313381
423419367282210151130143178237306365394385323241165098054060112186270353
408429400330248185147145168213274338383393354275193122072060098162238322
387423415365288218173154165204257316363379360297216146090063081130200278
351397414382317246196169169195233284329355355317248182122082081116176239
307365396388342279228195181194220254297327341326273212153109092108155208
268325364376357309262225205206221242271300317321298250191146123129158194
234281328357359331290257235228229240256274292304300275235193164152156180
208244286321341341320291264249242239244252262275284284264235207185175181
195216245280310329333321299277258244238236237248262272277271255236215197
185191212247285316336343335316287259236217209217237257279295301289267230
197179181205243287325352362353323282241202177171190221260302330342329286
235194170168193240291339374388371327277212163134132159213275331373387361
300233180148149183242305362400407378318238165111083093141222305373419425
378298221160128142190258327388422420373288196121059039071141235333410459
451393294205140112134188272350414437423346240144060006007064159263368450
487459378261182120107135202294371422438394296193096017-17003084195313408
478490441341239161115121161240330397432423353242145057-06-17037121236348
437486476408304212147111120169247337400427399315219125044-03005064145246
349429473459395294208145128145185245321374394368296206127064028035085158
246337401433422370298218161139144181246309349361334269205140092070085133
189264339388412402360296236193177178202244288322334315270219171138123131
156200259321363383376343299255213188186200228268298312308284253216186165
163182221270317354372365341299259220192177182212254286304311303286258223
196181193226270319354372372350309264218182163169201246289321341340322285
247210195201228271316354376378352304248194156138154190240297341366362332
286239206188191220270319362382373338275215160123117141193257318370393383
339279229194178191225275330368381361305239179124092100141202275343388407
385329263211175165181220275334369374338271200139089069091147224306372411
412373306242192163167190237299346370361304229159098062066117189267349404
429410357281218175163175211268319355366333263187121068053087153229314383
426427386319251200171171194238295342367358303226148090058073127199280355
413438421364285227186171182217270321360367332262183121076066104172246323
385425427388321258208182180202245297340359345296222154099075092145210280
352397419403354291238202189197228272316342347317259201143106101127182243
310365401403375322272230203195207239280315334329290240188145125130164211
264322371397392355301257227211211224249281311322311278233193162151161192
236285334369382367331288252226214215228250275294303296273241205181171181
208248292334363372358322283251225212210218234255277292294284257227205192
195217254297337364371356325287249218196184192213246283302309304284255222
200198217253298336361368354320274230183154142157193238283317342345320274
225195190211252297338366376361318262200146112106130187248312364392387342
281229195189208252303345375387361307237167106071069109177258338392423420
374292225185175197244300342379401372300211137065031042095180279362424464
444363285218172165190242312365406413372261161092026-03026097199306400464
487438371271199162151179244330390419411321192120056-02-16043134244355450
502501442336242169136139182268349403424397317213121040-11-06060155269372
461506494430321232161132137184271349403422390306210121049006024092179283
382460492476409307218158131138186265342392410377297209126063038059124206
300384450476452381288207153137150196266325368381347283209147099082107159
231311380427441416355276211167150155193247303340352324273218168137128145
184241306365402409381325262209170155157182226275311324311276236200177170
184213256308353379381353306249204171157165186219256293312313294265236214
205212230264309347365361333289249201165147150170210255292319328318296263
234216215233264302332347342315274230181147130135164211261303332345341312
274242223217229255289318331324298253206164131116126163214273322358373354
314271239221215224250284317335330299247186136106100125175236295350382388
363311263227208205222251287321335324285221159110085091130191262326378402
395354301252216201203225261303333342319261195132087076105163231303368408
418390336275229201194206239282322342337290222155100072080130198275348401
424414369303249208187188212256308344355323259186121076059091156233307373
419427399340275219185174184213268319349347299225150085051059106179252327
387414407359291231180156155182230291324343324265177113070050071129203277
348392408381320252196157141156194246291325330295224156095055056095159230
309367397393356287229178145141161207256300321308262199136091068083130191
260323371387373323260202156138145179227273303318301255198146115108134181
240300355389392360302246196165158172201242279305316302260211171147150177
219272322366387381344289237188157149164199239276303315303272237205185183
204243291337371381364325268217172144138154188225263299318321301268232209
205219253298337364371353312258203158129123140174219267308340355342302258
227218231260296334357364343302246190141109098115156212275329370389369323
273236220226247286326355367344297240171115072059085139208287357407428400
342277231206205225268317353368351299228157090041024056118206299382441455
420345267215184180204254312359383366303226148070019003046124224331412471
477429343261196165164193249324376397379302212121042002-02047135245355443
492487433334243173137132171242331388414383301200106030017009061157270379
469499482413308219148113115164249337398415379289190103031-04015089187298
401466490461382279191124094104166258344392411372287192111048022051119212
313397452468430345252165107091111169258329370381340265183115069060097158
242329398435431380304221149102090115176249312348352315246182131104112151
206266336391413399347274201144111107135184245297327331299252205173162172
202240294345381386360306245189144126131153192237277308316299267235216212
221238262299335360357322273218171142135147171201237273299312306288269251
241239246270299322333318290250212177150140148169202242280306322326312293
273259252256272292308315308288256219181153141149175210253297329350354335
305278263256258268283296304302285254213171142128135165209256302341362359










