MUMBAI
1981
000000000000000000000000000000000000000000000000000000000000000000000000
264247242247263288308324326312285247204166146145168206251292329353358338
300266246242248263286305324331316283237187145123126158210267319357379375
344300261235222227250284317336338316272217157114098116159218286344385402
386341288242214204215244290329352350315254186124081075108169244316380419
424391330266219197195216257306348369361301231156090054059107182264346408
441430379299235189173179209262316361380351277194114056035064129211304384
436451421351269204164151165211277336374378331248163086035024073151238333
404445446400318237173140136166225300361390376307218136068033048112194289
373436461437372277202146126133183256330377394360283202125068048081151230
318397446454413333246176134122147199276341382389345269194126084081121187
265347410448439387300218158125120151212281341371372330260196142113114155
217292364418439417358276204147120122154218283335362365324264207165146156
192245311372411421391328257190144121124161210270321350359333289240202186
191218265322369396397364308246188143120121148199256308343359349313269232
211208224263314357381375339289236183138109106128177241299343373377346296
252221214225259305343363363335287234177124093089117169237308365402408375
317260225206207230277323355365341289229167105065057096158236320381418428
387314248201179179207261314355372356299224149082041040079147238334404445
442391303231175150153190254323372392368298218137069029036092176274367437
469453391299216156139150194267340385402371297212127059025044107199299394
456475447372273197145130148200281355401409360273183106053039079148241343
423471471419328238168131129161229305373406403344249161092054067121195289
379446472453383284207151129138187256336387406381304221146092080113173245
328401452461418337250181140132158212285348388395354277201142115121164222
288360419446432377294221163138142175239299346371363317252197160146169211
258314370406412383323256195155142157195248299338353338291242201181187210
238275318360383374335277224180155155179217257291314321303275242219211219
235259289326352360340296246202177165175196221251280303313303281262251245
247256277306331341331307276240204178167178199223251276298311313301284270
261258265278293310318316303276241208180166169191222251280312334343336311
283266259260272291312321321306279246207171147143165203252295333357364351
317280253239237252276298316322308277234187143117114145195257315358386384
356312273238214210224266308335345325281224169120099105144204276344397423
416371311255215198202227277325359372349294226152095072092146224308382434
451426368289227189178191231291346384395356277193118068056094165252343418
463461418336252187152149176238313378417413348252160084040049109199299393
458485463391287194136115123178264350408431402318217128058032068141235341
424482487438345241160108097124199294376427436389295197114064056101181279
372451490474409301209131089089130218312385427425367273181111075086138222
317401462478439356255169107080092146231320387421413354260182125106126176
249335407449445394307221143092077099156251329384406394331258195159150174
222287357409428409356276203139098092121174244309358384378338284234201194
206240296350389401372327267207153120114136178231290335361367347308267236
222222245283324355361343303255201155122110122158206263310343363360334293
251224217228261295317329326301263210163123105114151203258313360389391363
310261225208210235277312333339319278228168117091093128187252319376408410
371308245199175174203254306338348331284224154098069075117192278355412439
423366287223175156163201269329370386364304226153092059071125204294380437
459434367275201152137154210286351395409374295210135079058085156244340417
462462412322233166131130164230305373415415362272184115072069113189283372
441467445374276194137113126178253334396420399326235154099072092151230326
403449452404314223157112104135198281361402412372291206137096095138206283
361423445422358271193135107117162236318377405392335255184135119138189252
326391429429381301225163125119146199277342384396367302235182152154187236
293353397412388330257196145124136175235296347372370332277224186175191226
268315358383380340280221171141137159201260307339353339299260228211214231
256294331359364341294246205170154161191229272308331336319291268253244246
256276304331341337312275236201176166176201234269295312319314302287275265
262268279295310317307286260231203177168172196227260285304318325322309289
271255250257270281287287277261237209176154147164199237270302327343342321
284253237231236251268284293293275241201161134127152194242294333360372356
317272235211203211241274308328331305256198150116108133180246310367404415
387327266218186181198236289334360364329262191131091086120185263345406436
427378303233174144145176236313365394387330257174104061063110192287377442
465441374278198135109120169251339398429411337241153083047068137232339424
478481430334231151095084112188289381439458414321217132064049088173280382
462495473393280184104057063118212324409463466406301196111061067124214326
414481492445345231137066037065133234344426468454383271180114086110171261
357436476464396290196112052042082160260355421457435365265185131117149210
292369426447421345253166098059064106176265349406432406337258199167160187
231296357400408370301228160103076085123190266333379397375327272226201198
211242296339363362327276221170130110123156201266318357372368342302265240
226227246281316336339314276237195160140137155190248298335360366351318281
252230222228250283307317313291258221178151139149186232278325358381374337
289246213197199221258294319327316284239187143123131168219278334378403396
356292238190171174208257308343358345303251186137115127171233301364415433
412349271206168154171217278333374390367313242179130110130176250327393435
439398318238175138133162217287353393404369295212148107103138199279357418
446430366276196137112127177247324380410401343261184124096107157232317391
435440393305218145102095127195279358403418379304223155111103130189268352
412437410335242163106082098151231317380413407351270195133104116168239319
380415412360272191125084084126195275350400421391320239174132131166221290
360402414383306225154102083112171248324377410406358282217168152170208267
328377401384330254185130100105147211284338381399381328265214179173192232
291341371374339283225167122108125176233301353380383351296247210197207232
265305335351339299247201157134134162206256308347363356327290256234228235
251277301320326309276233197165150157181220262304334343338319295274257246
248256271291300304293264232198175167174193220256291319335336323305286267
252244245251265281290287272246216189172168181212248284314336348345321288
257238224221233253278294298287262228191161145150184231282322351364362333
291245209189186206247287317330321287242190145123132172230287341383403391
342277218174154158189247306350373362307244178124098110155224301369416429
399327247174120100118173252328382408387317231153095071091153240331405449
445386286194115066061098175280366426444394305201123067055096180282377449
475442352241141060021037105208323408466466403291191109061067124216327416
472473410299186090017-03035123241355440486472395283182107067086157254359
435470454366255147054-01-05047147261373447480448361257171107086111187286
375431445412320212113038002014076167281376441466432352250176128121154224
312381421421371280192113051030060121211308386435445411338255191162160189
243311361387381329257187123084076105157237316373405407372315259216196193
210252299335348329289240189147123123148186244302352375382362323282244221
211214238271298312311293259220183160155171201244291338364378370342301262
230214209228257283304311305285253216183166163191236286328358376378361318
270225194185202234272301324333321284242203172163179219274322366390393366
312252202167157175220271316344356335291239194156143164207266328372397393
355288225167134132163221284333366377350293233179146142171217283346394416
398338257188137115129177242315371398392344275212161137147182242309370404
405362284206135097094132193269343393411384317243183142134160202271341394
413384310222150094076103161235318382418409359283213160134144179240311369
400394338250171105067076128199280357405423400332252190146138160202271337
385401367286202127076065098157230311378414414369292223173147152179231302
357388378318238161101069081127197270343396419397340268210168156173216275
330365375337271199132087073101160226301360396401369309248201171172193235
286327345334288226161111083089128186248309362382369328276230196178186213
258299322325300254201149112103122163217271324357369348308265228206200209
233264294307303273233194155129127148184233281323349356336301268242224218
223235260281290286269240210179155151164201242288318340346333308275246224
214214220239256277284274254226192168151160189227271309335346340316281247
221206198202218244273299300285248204170151154181228278322354367365337291
250206168160176215263305331342324279225179150146170221282335377401393351
286225170134123147203272330373389364302233171134130165227300364411428406
353264187125090091135209305376424436393309226157119132173238320392439451
414323222132065039070141231339416470468406305215144111121169254341418462
454390279171080016007061156270373456502483410297205132103121182273371439
470446363241130041-06002071177298400483517483396283195131112138205304392
454471426316203098019-09031111203316414491515473386280194136126156226316
396443448396290182091029014055128222341423485499455374273195151145168231
316380415411352256167101052048092159244336405454462424351264201171168192
246312358383371317246176117089095134185260337394427429394334270218188181
195238290330344329290244194151132135163210269330374394393365319271229202
191199225269303318317291258223191169166184221269318359378380358318274235
208194190206238275301309299270242213190179186213260306344363366350314270
227195175173195234274305321321299269232201183185212257306343362366349315
263212171152153182236286325346347318276237203186187211257306346371374347
297238185141125136184247303350372365323275228195182188215260312354380376
331263197145111110145206276337378390367313263216183173185219277334373383
355290217150103089110161232304366396395354295237195174177200245303350380
372321242170111076081126197276349396411386331265217182167177211271331375
386355278201131082070101161241318381418419381317248201170165184230290345
376371319236156096062072120184266343402427407354283226185163169201258323
366378342271191121075061091150224304374415420385321254204171165180223284
336364358303227156097065072119185261338392417406360294238196171174198247
306346356326266199134091077098148210282347388403380328269223189173182209
260309327327290237179126098098127171238301355386389358304253216188181193
222264301313300264218173133110114146192249308351372365333285245212193188
196221252280295289262223183150131134164208265314348362354325286245208186
180191212239266290291270233194168149151174209262309347361355325279240200
174161162181217260293309295259218181153146158197252306346364355322272223
179143120120147206267310336331295243191155142157197251306349376371331267
207149103080086135209283339374374327264206158136142182249311365386380334
258182111055040064133222308377417411356270204150126140183257328378404386
321241151064012003054137239340415455433366277201146125141194270349405427
396313209113037-03007068161278376449483453376271191136122145201290364416
428382281178083011-12014096201311408478499458365263186130125153216307380
426427363254156070005-07041122213327416476491444355248177131122148216310
383418407336237141056012016073154251351422472471413325237167130128163234
317376396370301217130066038054111184273348410451444396313233172140142174
234307352371350292216147099083105152211288356408428414366293227179159160
187246301334345321275220167138129145180230292351390407389343277227185169
168187226270306320302268228191166158171201237290337368377351310263216181
165166189223257286302300277248216196186194215249290328355363339301259215
177159156179215252286304311294271242213199200219252296330348348319281242
203168146144167211263301322329316288258231213209226261298326341344317279
233188147132141171224281324349357333291250219208207227254294325343342307
257200147113104121173236298340369363327280236207197199221256296330347337
286224165111089091130191261329369388371327272228200189196224264306342354
328271205135088074102155228301363402408370313258214192188201235283332360
357309237160099063070120187269341391420410357290235195178183211254316355
375347277196121076061092150222310378423436406342274218187177189224291341
376375328246167105072058113185262343404436436391314247200176174197246305
353373351282200129072050072132205292367415432407347275218178154162200261
323356362321246171110067063101169240316381421427388318251200169163179218
277335357349293217159105082091137192266335390411406362296236188162160176
226284327343331279221162118100118165223290351393410399356291232187171173
197241294330345332288233189152142163196244303359395409389336271221183164
167186226276313334329296252206173164175205259316364394397369306251203170
155155176219264311341346321277233202185191222265318362380380354305252195
153130130159201262311350364353304252212190193225271321362384388361305244
177129106105136201276342390413400343273220197194215261318366391400372305
227156098067077128203295370422445429372298230196184201252310368405416374
297208130073045055107199292388448476456381291221171166194244310376414417
377294205120045031062136229338427487507469393301228181167193247331397437
438385294198109044028067152261367456508514468376286213166160188246336413
448436375276176102041036082171282387471509494444355261189157152186261347
418451431361260168101062072126209313407475501485428330244180152157197276
356416434398321229154104084106163228334417468482455389301217172155170214
282354397405367295216151120112146202267349420446448417350266200169161180
222284341370367323264205168150157187231284349401417407367302240191173174
191221270321345343307259220199190200225252300347380394373329275228192179
178203238273306328329305275247229218224240273312340371375360321265215190
179192214240263294320335327297269253242244259282312342360359330291251216
192179176194227265303325332327311286269254249258279305326339337311269236
202179160160189233281317339348343320289260242237251272295314327326306268
223179144134146184239288334364374356318280249236228237255281314335334302
255201157122116142191252312361383388363318273234214212229257290324341340
300241174130101105141202276342394414402355299247216198201222257301345361
340378203149109084099164223306374411431401340279228193183196229275325361
370324246161094071068118180257338401428424378304243193173171194239299353
381366292204129073054081134211289368425441414356278215171158165201258323
374388351265175110067061094158237324399440440401326244183151147167215281
345385382322231145088061070122195273357414438424356273201151133138178235
303358381352279194125083069099151227302367416436402326251181145126141190
257307356371335272202153108097122182249319384417416377303225162124114141
186251310347355326270208154131133170214267338391413405359276211156129125
148186246297339359336287235190169170201243293340382399385337269202155130
126153191241292331354347308258221206202222251286335374391369313253195150
119114137173226285331359363338295250219203212237271313349362347301241181
127101092111151210276335375385361308257218200197217254301337352346303247
183121077066088139207286350397410386332266211181176202241288328350352320
250176101056040069123201292366425441403342261197163157177220278335370370
327251161084043030069134228321399447452416337250176137133159212288354391
391334237146073032026077154243346420464456405313216149119124162225307371
411399323217129052025039100179277371435463434378270183123098114166243324
385408376290189105050027060123210301385440449406319223147101093121183259
339389393339247160094056055101171244331397435428372278195132098103136201
278346379368302220148097081108158216287350403425404339254177125107120165
227294346363343284218165133132164202254306354394398357290216161127123150
189246298337346318269219180166171199231268312353367353301241184150136146
176216255300325326298261227203198208228252286315344349324279227185162157
171197227260292311313296273251237233237246263287313326320293255219190171
165174202233266288280306300293280263253251255269287303311309289259224189
174165177197227264298321327323311300280263254254267286303311309290268234
202174160164193231280321345356354335309280255242243261288305317319303269
228184148134142181235286331362377369339293255231217221241276311333339318
269215157120109128173237301352388396378325273223196190208238280322350353
325257186121089086126194269341396425421382321254202180180204251301355383
381321240161097073088140211298370424443428372286213165152165207267333378
404382298208124078062097159245335410450455413326240174136130156212290365
408412365272173098061067119190289377444470451387296210145118127167240332
397432423351247157097072097154243331415467477442360256174120101126183265
350413436410328234153110097126188274363433469463408312217138101097137211
294370417426390305216150118119172238311381431453428362268182119096112156
217301366405410369293222173151165210260321375417424390320241169124105123
161225296355389391360307249209193205237275322370397398359291223168130118
141179226285337366377361325276239223223243272309343362362331280222174137
125139171213264315355375371343297260237227236258286312334341326283232180
141124125152192247309355380383362316269231214210229257292321335330303251
193140108104127172232302361399405379318261217187182199229281321345345313
256187117078072102155234317382422424384321252195156151172216279337374378
336264184110063053088156242329401442431387302217156123123160224300362399
391334243158088049055106185280369438457436373271189131108122172251336398
419395317222138077052079140221316399453457413323227151101091119188278359
408413368277187113067063101174265353424447431368271185119086097146221310
378412403344252171110084100148226301379431437400321227151101088115175256
333387405375301217151114110142196263332386415402347261186121092099143211
288348386384341267201156139152191241296349386392359292222156114108136187
246306349365349301246199168167193229268310345364353310250190142123131163
209259306338343320278239208194201223253281309326330312270219172141134153
186224263297313312290264241222214219232253276293303297272237201168151147
163192226257280296300294277257244235236245257266273278277264242209183164
155163193223250275290301301292272250238235235245256265272274263243215184
156145153183214247280306326330315288261239225218226241258274287286263227
184151137136161199247294333356354328289255221200192208236268297311309281
235178134116118149199260315358381375339288230190168171195237282319336330
288218153106085097145216291351394407383327256195153134150191252317365379
353278206136086066091160242323388424422381300220156115106139207273346390
398354265181112060052106189284369439459440372276191121086095146226319386
427423365265172104052066126215313402455462421330226136071051087159251344
411447423344236143081060100173259352425463447382281179096042039089166266
363425447407316217136088086126201296381434452418336232141068036054109194
300382436444386294205141111126174239316383425428381290197120062046075139
218309382421414356276211162143162203265324377400390336261187120079075111
161237310369399389351289241202185199223269319353368356307249183127101106
137174233292344367368342297260228213212225257292319334325293255211165133
121139181231281324353362355323286249215200201227260289303304295274234187
145125131172217270321350368373349301254211185184204240276302312312292253
203152120119142195261318366391387356294242195167162181223277319346346315
270209152114109137196264327383413409370301227170137140171222287345379378
336268201137101102137201280353411435414358273199142119128175238313379407
396337255182124096110156226312383432436400316228153106093126190270347405
422387310223153106093129184261346408435421359262179116083088147227313383
423419366272192131100115166231308378426427375283194120077074124197285362
416433399313225161122118154213282356405423403334241159095069093150223306
377418417369286205151125140177239307366399399350272192124079076120184260
336389413391328250191153149176219272331368383364301225153098081111162224
292350387390351286228185167179206248293328351350314256192137108106139190
245305346366358319267225197193205232262289313323312276223170131116131171
213260309338347327293258234223222232251268288302305289252206165148148170
201235272306330333321293267250240238245254261272282288275249215189176174
185204233268302324331324305284265252245242244250262273280278264241216192
178179200227264297321337341332308278253234225227242261278293298291269234
195171164181217261303336359366351321276236204190198225258291316325323291
241188153146169212266315362393400370311251198168160175214264318359374356
300231169130121154215277342395418408357286218157122117148209284353396408
373294212143104102145211294365423443413356262176113079087136220202383428
440389291196126083097148230319388438448403310212124058038071142249354433
470449380265172106076101168263346413458445367259159075019019077171289390
468489451356242156097086127209307395456464421329220124041-02026100202315
411477490438334228151103105154235325409445439375270168079017011062142243
349431478466401301213148124146196263340395426409346246150074032043098173
263351422454441382295217166151166210271331373388361294219143090068086133
196271347395416396347281227190179187220263308338344321272220168129112121
154206271329368385373340294252218202198213241278303312300270236201167146
142166211258307341359361346311266228201190199221251274290296288268238201
165151164207255302337357366354324276227190168168200236271301318320303263
214173153158188235288333366380365325270213161138140169219273319345348317
264209165143149181233291345380389366313247182134115128173237292344369364
326263205156131143185242309364393394354281208145104095120181255323377396
373315246184140129151197262326374395380324251172112076088139213292361406
412373302233173132135167228299359398400358278201133080067106171252341398
424408347268200148134152199262329377396376308228153086057076138215301375
420426385310234175143145182242305361393392347267192121072067120190273353
415440426373294226178157175227289349390406391329253174117088114182260338
406449460435370297247216215237279333388415414376309236181146136174248317
377427455450411344279238222235259311363386399381333279226168130149216279
339394431439417371317262241238251286324341359363329263208165140152184226
268320374400395359305263238228231246261276298314310275224179155147160193
226270319353365354325292264244228227239254273285288280257229200177169177
200230270307337349340313284259241232225225235251266272270257240220199181
171184221263302327337333313289260234211196193206230255270277275259234200
171160172210251292323340344326292253212177158154173211251284307311294258
209171151154189237291334363368346299244188145119120152205266319352362332
270210161135144183249307359389390356288219149097075093146222300369409404
351272199146123137190261335391419408346260173100044034073152253351420454
428355257180125109142208288368423441406328224125044-01012079174290389465
486448354246165113108145220311393446452397297184086008-21004080194319422
495499443329223144105111159245339410446437369258150053-11-24011124238356
454507499437318216145114132185268356420448430353245143054001002079165277
381464505490418313222159139156211284360411427398322226136068038059118200
295388456482461400302225174158169214280341381393363289213141092077105157
225306480430446423364287227189178187219270321352356325265235244134118134
176233302366409435402352291244208192190214244286318323306285257247176158
164195242398352388424377336302258217195188204235270299314319305280249217
198194214250295337368380374348303256213181171186216256290314327327306270
234206197210240282324358373365335289238189156142158197249300338356355326
281237208194207237280325363380374342285227175141131158200258321362384375
339286240207190203238286335372384367321251188136108114159223295355394404
380327269223196192213251307357387388353287219152107093118180253330392425
423379313253210190197224272328372391378322249177115082090139215299370421
438413357286231195186198233286340379388352279201133087072107173254337404
440437398330260211186185209254317364385371314236160101069083137212300373
429445425368292232190177188224284338377384348275198126077067104176252334
398438437402335262207178174200247307355371360304232163103073087135208287
358412433420371299240198181190224273328357363325264198135096091123180249
324385417417386324269222194187204245293334350338296240180136116127165221
286347395417408371315267229208210233269303331340326288240193158146163200
250308360397408393352303262232214217231262295313320304268230194170165180
213263314361387390371330286247224215216230253274296310307283249220200196
206231273321360385388368332288251222207203212234264293312316303275246217
204210234277321360382384362323278235194169160172206253294327341332300259
220199194216258308352380384362311255200149124119143191251307351375369323
262211184182208255311358387392364310243172115078075110178263340399423404
345267209173167191242304359394400362290206127059035042100186286376440464
433346253187148146179239314375409406350262170081020002023094200314409470
486431339245174134134170243323387419411344242140041000-11030125244357446
495479413307216147119128177261345403426393306201099020-09-08057153272384
468504483404294201137115129183265350405423382289188089023000015087181297
398473498467388280195137122139190270349400416377290195112047028064129213
314405470488460385282203152135151207280358396399352275196128088078116174
253342416460466430356270204166153171218285340371371332270210161136133165
213279353412440435394332266213179163185222271317344348322280239204185182
205243293353399416408371317262215186170184219258294321328322299270241220
213229263305348380391381348304256216185170179207247286316332334320294266
243230237263296332356364352324284239199171158164192233276315340347332304
273253240240259284321348358350317274234188160145159193248301344370376357
323282256242239259289322341352344304258209163134126153201261320367388390
362318276247232230252284322349360341293235177132111122161222294356399412
396353300255226213222249290332355354320266203143102092121178247320378415
423394337278236210204219252300340362356306238170112083089137205281355408
435424381315258214198200230277330365372345278204134086070098161236317390
437445415356282228196188204242300350377372324246168105067074123195278359
423452444398323251204183186214266321365381360290211137087072103165236315
387436449424364283223188175190230289341372376333263189123087088132201275
351414444440400326259207178177201247308351371362311239170120102124175237
309373425443425371300235192173183213266316350361340288225163129122152204



































                                                        


























              
                                                              
