MUMBAI                                                                          
1952
000000000000000000000000000000000000000000000000000000000000000000000000
296390466491472405296213146107101137216311378408393323229152116070088143
250332408460466427344253177125101122183265335378387341268201149122119155
216296366424442427366280201143107097119177250311350357329274219180158155
189241302363399408378317247189140113107125177241293326338329299259229210
207219256305350372369335280232183146128122137174219271308329335323293259
238232241265302329341338305265222183149131125137174226274314338347341317
286259250247262286305311308283253219174140119116125165216274323347357344
314283259238226229250277293296280250210162122110107119165226286338369375
354308268238222216219238268293299293256207155113088085116177241308363387
387350302253219201195207238277302311293244186134091079085125195268335384
399384335283235201186186204250293323326296232165110076067097146232311378
414421384323262216189180201247296335347329277213146091067079128198277350
405427418366290232192177174204256311350363329262189125082073104162238317
387430436399332256201168158174222280335363360302229152097070079131201280
357414439427375293222174152149186244314360375347277204140097085113171244
317384427433393323247183140128143189259323360363314241171119094104146201
274344393414402344271207152119116155216286335357344286219168131122149198
253320378408414369296226168128119122183250308341350326271216174158165201
241293338381399381326256195146119119149201262308332338311265229201195204
229265311354378375332277219168128113116152201256299320326308277250229226
229241271308338350341299247201155125113119149192244286314326323305286268
256250256274305326332320286244201158119104110146195247290323347354344317
286262253253268293314320320293253207155113088091122177238302347384396378
332286256241238244271299320326314271213152097067061091152235314372414424
402344280238210201213250293329347344293226146073033030073146241335405451
454411335256198168162186244311357384372305222134061021015049134238360418
457448402332268222155143168226305363399381314229146055000-03064165293384
460491460384268183116085094146256347418445408317210113043003030110219338
439497503454354241155091070088165268366427445399302198110049033076165268
375460500485418302204122067058091171286378430439384286189116073076128210
308399460475436354250162091055061104192296366408408350262186137116134183
253335399439433381296210140085067082140210296350378372320253201171165186
222283363387405381323250183125097094119165226286326347341308268235213213
226253293332360360329271222174137116125143174219265302317320302280262250
247247259283308323314283244204171146134134149183216256286308320323311290
268256253256268280290290274244213186162146140149174213253286320338341326
296265253247250259265274277271256232204171146134143177216265311350366366
332296265247238238247262280290293271244207165134122140180232290341378390
375332290253229222229247277305323326299253201155125119140189253320378411
414381326274235207201216250293326347341299241183131107110152213286357408
433418366299241201180186213262317357369344280210149110094113165241323390
433433396326253198165158180229290344381381332253177116082085131201286366
424445430366277207158137146192259329381402378308219149097082110171250338
408454451402308222162125119146210286357396396347262180119091101146216302
375430451418344247177119094110158241323375402384317232162113101131189265
338399436427372277195134088082113186274344390396347265192143122137183244
311372411418375293210137085070091146219296350381375323253198165155180219
271329378399384326250180122082076110168241308347369354305253213192195216
247290332363369338274210155110088097134189247302335347338305271244232232
244262296329347344305256204158125110119152195244290323341338323305283268
262259271296317326320296259219177140125125143183229277314338347344332308
280259247247265286302302290265232192149113097110149207259305347375381360
314265241222219232250280302311296256201140091067076119183253323375408408
366302241186171174201247299335354338283213143076043049097174268354418448
433372280204149122131174247320372396375305210122052015030097195302396460
475439357253165107088104165265350411439408329219125052018040116222344436
491491436329216131067052082158274369439463414317201110046027070162277390
466497469390265168082030030082177305393451457396290183104052055116216329
421475478424317207113043015037107219332408454439369259174113085104171262
357430457436363256162088033027070146250344405433411335244177137137171232
305372418424384302213143088061073116186271344387399366296238198177189216
265320363378366311244183131097094119162219283332360360329286250229219229
241271311338341314262210168134125131158189229277314332332308286268256253
250256271290302302280244210183165162165180204232268296311317311305290274
259250253262271271265247238222207189174165168186216250277296311317317299
274253241235238247250250253250238216192171155158177204241277311335338326
299265241219213219241262277280274256232192158137134158204253299338363363
335290247213189186201232268296302293262219171137119125155204268326369387
369320262213183165168195247296323335314262201146116104122171235305369402
402360286219171140140162213277326360360317247180125094097134198280354402
414384314235174125107119168241314369390366299229158107085101162235320384
421411360265183119079079119195283354402408363277189125085091137207286363
418436399314210140085067094125244329393427408341247168119097125177259341
402436424350247158097058067113195290369421433387308219155122125168232308
375418427378283192116061046073137216314381421414360271198152134158198262
332384405384314222146082046052094171256338390414390323253198168168192238
293350381384338259186122079061082128195271338381390357296244210195201219
253299338357344290226168119088082104149213283332360363335293262244229229
235259299326338317268219174137113107131168213271317341350335314290271253
241238250274302308299268235195158134122125152198250299332350354341317283
253235222229250271290299286262232192152125119140186244296338369381372335
280229198186192219256293320329317271216155110094119171238302360399411393
332265207162143155201259314357375357302219152097079104165244323393439442
402314222155110097122186274350399424393314219143091073107177268357427466
451381271177107058064107195293378439451405311204131076073116204302390454
469433335222131055024049119222332411466466405293195122079091152244341414
463454387274171082021018061146256360436478454378271192134104125186274366
433457430350241143070030037088177283378448472442366262189146140168232311
384427427378283189119064043076137222317390442451408329250192165168204262
332384408393323241168110079085122183256332390421411369302244207195210241
290335369372341283219162125110128165216274332375390375332290250229226232
253283314335329293238189155137143165195229277317344350335305280259247241
247259274290293280253222192171168171186204232265302323329320299283268256
250247253259265268259247229204189183180189204229259293314323323308293274
259244232232241253265268256250232216201186183195222259296320335338326305
271241219207213232256274283283274253232201177171183216259299329350354332
296253210186177192222259290308314296265226186158149171210265314357375366
326268210168143149180226277317341347314253207165143140180229286341375378
347286219162119107128174244305347366347302238180137122137177238308363393
387332250174113076082125192271341387399363293219162128122143204277350396
405366280189119067052085143235320387424418366277204152128140183250326387
418405335238152082037052107186286366427451421344250186140137162216293360
405421372280183101040027064134229326402451454408320235180149152189253326
387414393320229143070024030079155253344414451439378293222177162180219283
347393402363280192116064043064122207296372427445418357280226195195207247
305350378375323244168107073070097152219302366408418390335268226207207222
259302335347332283222174125097097131174238308357384387363320277247226219
226250280311326314283241192155137131149183235293341369378366335299265238
222222235262286305308296265226189162146155183229280329363378372344305265
232213204207232268302323326302262216174149146174219277329369390393363308
256207168152165204259308344360341296235180146137162213274335381411408369
299226165122113134192262329378402384323247186149140162216286354408433421
363265250122082082128201290363421442411338259189149140168226308381430439
405320229152088058070128213320399454463421338247183146146177247329396436
430372274177107052043082152253360433472460405308222171146152192271354411
436408326222137067030049104192299384454475445381280213168155174222305369
411414360262177104055043073140232326411457457421344262207174168192247323
378405381311229152094064070119186268354414445430381305241201186189216274
332369375332262189131091079107158222299363405418390335274232201195204238
286329350338290226174128107110146192247308360384384354308262232216213229
259296320323302259210168140131146180222268314350369360335302271247232229
238259277293293271241210183165162174198232271311338350344317286259241232
232235247262274277268247222204192192195216247277311335344341320293265247
235226222235253274280277259244226210201198213238274305329344338323293259
232210201207222250274290296283268241216201198207235274311341357354329286
244204177171180207253290314323308277244213195192201232277320354369357317
265213168140134158216271314341354338293247210189186204241290338375378350
293232177128107116168235308360390393360299247207186189216262317363390387
335259186128085076113174259332396424411360293235192174186213268329375396
378308226146079040058113195283363421442418357277213177168186226283347390
399357262177101040024061131219320396451454418341259201168162186238314372
399387320222137064012015067149247347424463454405320244192168168198256326
381399366277189110040012030091180277369436460442387305235192174180213277
341381387335253177104052033064125210308384433448424369286226186171183219
286341375366311238171113073067097152235317381421430402344274226189174183
219277320347341296238177131101097122174244317375405408381326268226192183
189213262302320323296244201155128125143186247314363390393369317265219186
174174198238280308320308271229189158146158195253314360387387363314262213
174149146165210262305332335305265216177158168198250308354381384360308247
192143116110134192259308350366341293235186165171201250302344375378347293
226162107073079125195268329372390366305247195165168198244302344375375335
265192125073055073128204229360405414381314247192168171198247305347375366
311238158088043043079143235320390430414369299232186168168201250314354372
347280198125061033052101174265344402433414354280222183165165195253317357
363320244162091040030061122204299369421433396329262207165152165204268326
357350290207134070037040085152232317381418411366296232183158155174189250
332344314244168101055040067119189271344390405384332262213171155165192247
299329326280210146091061067104162229305357390390357299244198174168183222
274314329305250183128091088110155204265317366390378335277229195180183204
241283311314283229177134113122149186226277326366375350308262222195183189
207247277293286265219180146131143171204244286329354357332290247213189177
189210244268280274250226189168162171192222259299332347344317268229198180
177192210238259268268256232207192186195210238271305335347335296253219189
174168180204238268283293280259235216207207219244283317344354335293247204
168152149165198241280308317305283253226210204216247283317341341320277229
183140122119146198253302335354344311268232216213226250286323347350320265
204155116094104143210274335375390372317265226204201219250296329354354314
250183122073061085146222302366405418390329274229201195213247296341369369
320244162094046046082146204323393439442408338262219192183207247302354381
363290204125058015021076162253344418454451414326247195174174201256326369
387357274183104037015033097186299381442472454396311235180162171207277341
390402357259168085027009040113198308396454475448387290213171155165207259
350393399347250162085033030070143235335408463472442369274207165155171219
299354393390341253174104067070101168256344421466463427338262204165152162
222286357390384326250174110076085119183277363421451451418341262195158149
165210274338396390314235162125104113155216299378421439436405317241177158
152177222277335372347299283216174149183207250308363396421414354280229183
155146165216259320329338369326265226229216226259308357387396375326277219
168131122143189256311354384387360317268241232241271311347372381363317253
201149116113137189256320369399399378326280253232229250293335363366341296
235177128097104146198265332387424424387326268235219222244283320354363341
293219162116104116165219296363414439427387320262229213219244280326360366
341277210149107101137180256323390436445427375302250219204213241286332357
357314244174122097104134195271341402436436411332271222195198216256308354
372350293213146097082101152222302372421424439387308241195186195229277323
369375341262189134101104134192259335396424439405344277229192186201244299
341372366305229162116101128174229290357408436430387311244204189198222256
317354369341268204152122122149201253317378418427396357280226186177186226
277326357354314247186143119131177229277335387414414369302235189171171192
235283323344329277226180152149174210259305357393414384335274216183168180
210253293323332314274229195177180210241277320329384387354296238186162162
183219256293314326308277238210201207226253286323360378366326265216177158
162186210250283311329314296262241229235244262290320350363341299244195165
146149174204244286314329326308280259244238238253283317341344311262213171
140122125146183238290323347344329293259235229235247268299317323302256207
155113091091116168229290335363363341302256229213213229253280308314302256
195134079052058097162229305357390393360308256219201201216250290320335317
265192125061030037088165247329390424418378308244201180180204247299344360
338265177097033003024085174268357424451436378290216168155158183247314363
381344259162076009-09021091189293384448463433357256186140125134183262341
393399338238137055003-12037113213329408463469421326222149104094122183274
350399399335222125049009009067152250357433466457402299204131088082091192
283366402390320216131064033033113189286372436457433360250168104070073116
195290350381366299216140088067091149222305369421430396317222146085061070
113192268326360354299229165125119146189241311366399399354283201137091076
091134198265317344344305256207177177192216256308344372363308244183131097
091107140192250299326335317286253222204207222256302329341326286235186140
119119134162198256305338347332308271244226226235259286308314305277238195
158128122128155207259308347360354332299268241222226247280302311305280244
198155125113122155207271329369384372338299262229226229250277305323323302
253201155122119134171229290357396402384344293250229216222244277311338335
308250189137107110140186256326390424421390335280241216207216253296341363
350293232165119104116158213286354405427408366299244210198195216262311354
366329262186128088088116162232305372418424399332265216183174189222277335
366363308226155107085097131192265347411436396372299232186158165192244311
363381357280207149113104128183250332396436439411354271207171155177222286
350390390338256183134113122152210283360421445433381299222177155162195244
314375396375308232177143134155195250317381427430399326241183143137162210
271329372375341268207171152162198235290344393414399347271201152137146183
229286338366360311247201180177198229268314357393399366296229177143134158
192244305338354338296256229210213226250283326366384369326265213168140137
158201247296326341335305280253238241247262286317344360338290232183149137
143168204244280317332332329308280265253253271293317341338314277232195165
146143162195235286326347350341326311286271259259277302323326308277235198
158125116134171219271317354375372347305262244241247262277293314317302253
189131097088104149210274335384408396360305259229213216235265305338344323
268195128076058082134201286366424445424369299241204192195222268326372387
354271189113055027055119204305393454469439372280210158140155201277357408
418375277180094027015055125222341433485485430335235158113107140207308390
436430369253155073021018073165277390469503472399283189116073076125213323
405448430357238140064027043107204317411472482442350232140070040067125222
332405445418335219140082058088155244344427466454399296186110052043076140
241335405427393308216152116113149204277366421442414344244165094058064101
168250338387399366296229186162171201241302363402405366290210152110091107
143195262326363372338296253226216219232259283341369366323262207162131122
140171213268311341347332308283265253247247259286317332323290244207177158
149155177213253293317329329314302280259247244250268286296283268244216186
162146146165195238280314329335326308277253235229235250265274271268250222
195158137137158195241283323347360347320280247229216226244262283296293271
235195155134131155198256308350375375350311268229207201216241274305317314
280235183137113119149204265329375396384344290238198183186210247286320338
323274213155116104122165216283350396405375317250201168158177210265320347
347311247183128091091128186250326381414402350277210165140143177229286347
369350280207143097079104152213290360408414381305222162122110137189256329
372378332253177119082088128183250329390418402338247174119094110152222302
363387369302222152104088110155222305372411411360277192131088082113177256
332375387344268189134104107146201271335387405378308226149094076094146213
293354384375320247180140131152201253311366393390341262186122085088122180
253320366381357296232186165168201235280332369384357290216149104088107149
207274329360360323274232201192204229256293332354350308244183131101097122
168219280323344338308280253235226232241265293320332320274219177137125128
143174216268308323320305286274262253247247259280299302283253219189158131
125134165207250283308320320311296274253241232241256274283280265238204168
134116119146189238280320344354344308271241222216226244265286296293274229
174119085085113162226293344381390366314256213183174186216259305338344311
244174104064058088152232317381424427390320241180137131158207274341384390
341253165091043033076155256347421457448390290195134085079116192286366421
424366259162079024018076171277378454482454375253162085040046104204317402
457445372250149070027040113207329418478478427311201110037009037122235354
433469439350229171070046082155259366442472448369253155067006000052146262
363433454414320210134088088131207299381436445402305204119049009030091183
296381433439387293204146122137183244314378411402341253168094043037067128
216305372408399344268213177158177213259320360375350290219155104079091128
183244308357378363317265229213213219238265302335341311253198155128122134
158195244293329341326299271250238235232235247274293296274232192171162162
165171198235277305314314308293277256238229238250265271265253238226210186
171158168198235268293311317317308286256232219219235250259262262259247226
192165155168195229268305332347344320280247219207207222244268293299290265
229192162146149177226277326354366350314268226195183192213247286311323305
262213168137131146186241299347378381354299247198165158177213259305338344
320262204152122119146198259320372393381329262201155131134174229290341366
357305244180128107119168229299360402405366296219162122113137189262332378
390357290216155116110137192262335393414393357241171113085097146222302366
402393338256183131104119168232305369408405357271192122073067107180262344
399418384305222162119113146195268341396411381299213140073046070131216305
375418411357271195140119134177241311372399390323238158094052055104174256
338396418387317238180143140168216277338375350344271198125070046070128204
293357393393347280219180162174201244302341360354299232165104064061101158
226296354381369326268229198189198222259299329335314262201146101085094128
180238302344360341302265235216210216229256286305305280238195155122107116
140186232280317329320302216259238229226229247265280286271244213177149131
125140177226271305323329323305277247226216219232219265277280271250216174
140122131168216268311344360360338293253216189189204238271302323326296247
186134110119155213274332375396390354293229177143143168216277323366372335
265189131094097137207283354408433418360280198134097101131198286360405418
375286195125079076125207305384439454424338238152085043055116213320396448
445384280183116070082140235332411460457399296189104030006046128241350433
475457381262171104073101171265366430457430347238140055000-03061152277381
457482442357244162104097140210308387436442390296189104027-03030101192305
399448457414317226162122125174238329393424408335244152079027015058131229
326399439433381299226165143165204274338384396363290210137079046067116186
277357408427396335268219189180189222280332360360314244186134097091116158
213286341381381350305259226201198210241277305317305268219174137125137162
189229280323347347323290262238222219226241256274283274250216189168158165
180207244280308323323308290271253241235229232244259265262244229213198195
186189207241271299311317317305280250226213210219229299250256259253235204
183177186201226256290314326326302268238207186180192210238259277280271244
207180162168186222259293326338332299250207171149152174207250283305311283
244198168146152177219265314344350326274222171131119131171222277320341332
286232189152137152186238293338363360320256189134104097125180250311354369
341283222174143134155195256320363375344280207143094073091140210286350387
384338265198152128137174226296350381372314235158094055055094165250335393
414390323244180137128149195262326372387350271186113052030061125210305381
427427378293216158131137171229299360387372308222143073024027079158250341
418439418350265201155140155198259326372384344265186107043018049113195286
366418433396317244183149146171219286341366357299226149076033030076143226
314378414408366293226177158165195247302335347332274207137076049061107174
247323375399384363274226192180189216253296320329305250189131091079097140
192259323363378360323277238213201201219244277302305280238192152125116125
152198256311344354344311277244213195192201222247268277271247216180149134
128149189244296329344341320286247213183168168192226256277286280256222174
140128143183238293332354357332293241189146125125158204253296320326302250
192143125140180238296344372378350296229165113116091131195262329372381341
274198146119128174238308363393393354277201128067049067122204299375421421
372283210152125137180250329387411402341256168094030015055134229326408454
445384283198140119134189262341393411384314222131055003006061155259360436
466451378268192137119137195283354396405357271177097027000015085189302387
451466430344244174131125155219302363396390323232146067012003055137238338
414460451399308229168140140180244317369384354280198122058024046104183277
363421448424360277216171152162201265329363363314244171107064058094152226
305372418421387329259210177171186226283326344329277216158116097107143195
256326378399390350296280210192189210247283311317299253207162131128149186
222274326363375360320277244219204204219244271286290268235204177165165183
207244283320344347332302271244219207207222241259265265253235219204195192
195213244283311332335320299274244216204198207226244253262259256244229213
201201219250283314326329320296262226198180174189213241262277280274262241
216198198219250283311326326311283244204168146146171207247280305314305277
241210195195216247286314332332308268219171131116125162213259308338347332
286244207189195219253293329344341308253192137097088116168232296347378375
338280235198183186216256299335347329280213149088055064113183259332381402
387335271219180168180213268323350360320250177107058040070134213305375421
430396329259204174168189238296341372357305229146076030030079155244338405
442436387311241189165165195256320360381347274192116052021043107189290375
433457430369283219174158171213280341378378326244165094037021061134226320
396448451414344265201165162186244305357378366305229152082043043094174259
347414451445399326250198174174198253314357375347286216143085058070122195
277357414439421372299235192171171201253308344357329271207122104088104155
216293360408424402357293235195180177201247293326338317271216168134125140
180238305366399408387341286232192171168186229271305320314286250204177162
171207262317366393399378332274222183158152171204250290320332323293250207
183183210256308354381384366317259207158122113131180235286329354350317262
216186183201247299344369372347299244183125088082107158232302354390390347
283232195183198238290338366372344290222152091055055088152235314378418411
363293229189177189226277332360363332268198128067033040097174271354418442
418357277216177168183219280332360360314241165088033015049116204302381436
448408335256198162155177222286338366350293213131061018018067140235329399
442433387311235177146146177232305350366347280198122058024033091174265354
421448433381296222174152158195259314354363323250177110058046085143222311
381433442411344265207171162177216274329357350299226155094067073122186262
335393427421375305238189165165189238296332344320259195137094085110165222
293354396411393341274222186174180210253299323326293238186140119125162207
259317366396396366311259213189183198229265296311308277235192162152168204
244290329369381372335286244210192189204232262283299293268238207189186204
226265305347375375354314271235204189192213241268286296293277256238226222
232250283317350366363338299256219192180186201229259283299302293280262244
241241259286317341350341311274238198168155165189222256286305320320302274
253241247262283311326338326296259219177146134143177219265305332344338314
283256238235250277305326332320286244195149119107122168222280332369384366
326283253238235247274299326335329293241177122088085119177241308369408414
384332277241222216229259299332344329277213146088058064110177256338396430
424384317256216195195216259308344357329268195116055030049101183277360421
448430375296232186174183216271326360369326244165085030012043113207305390
451463430366277210171162180226293350384384326244155079021009055137238335
418469469430354262198158149177235308369396384320229143070027027082168271
363442478466414326244177140140180244326378399375305219140076046061122207
305387454475451387296216155128134177244320366387363299222152101082107165
244329402454460427354265189137116125168235305347369350293232168128119143
195268344402436430390317241174134110122162226286329357347308247201171168
189232286344393414399354286219165125113122162216271320347350320280244213
204213244296347384390366320265210162125113119152207265314354369357320277
247232238259296332357366347308262210158122110119149204265323366387384350
302265241238253280314338347338305259204149113094107146204274335384408399
360305262235226229256296326341335302253198140094076097149222305372418430
402344286244219210222259299332350338290238180125082070094152235320390433
442411350286241207198213250302341360344296232165107073076116183271350414
448442399329265216192189213259314354372341277204137082064082137213305378








