MUMBAI                                                                          
1934
000000000000000000000000000000000000000000000000000000000000000000000000
427433405354286238210201213250302344369350293222155104085101152222299369
421442430381308247204189195226280335363369329259189128088085119186256335
402442442408338268216186177192238296344369357302229158107085101158226302
375424445430381302235189168171207265323363378347280207146110107143201268
338399439445411344265204171162189235293347372372326256192143125134174232
296360411439439378296226174155155189244302344366347296235177146146168213
268323381418427399332259198158146158198256308344354332286235195177183207
244290341387405396350283222174146140162201250299326338320283247216204210
229259302344375384360308247198155134131149189250296326335326296268247235
235247271308344363360326277226180143125125149195244293323335341326305280
259250253271305332344338308265219171131107107131177229280323354369360326
290262250247256280305323329311271216158107076067085134198268329378396387
341286244219210216247283317332317274213149088043030067134216302372411427
402344280222192183195235293335360347293222146073021006043116213317396448
454421347262195162152168219293354387381323232143064006-09033113229341424
472472430341247177137128155219305372408399335241137052-03-09043131247354
439488488430323222146101091122198305384424414344232134055006006076171286
390466500482405290195125088091134222329399436414338232137070043067131219
326414478494457369259171104073082137238332393421393314216140094085122180
256347421463457408311216140088070082146232314375387350271201146128134168
219286363411424393323241168110076073110174256317350357320268219183171180
207247302363396390344274213158119104122158210265311335338314280250222216
216241274317347360347299247201162140137146171207250290317326320302283265
253250259280305317320299268235198168149146152174204244283314329332326305
283268262262265280290290286262235204174152143149168201244290329347350335
308280265253247247259274283286268247213183152137143162207256305344369372
347314277253238235244262283296299286256216174134122131168219277332372390
387354308265241222222238268296317323302256201149110101119165226290347393
405387338277232204192198222268308332323274210152104082088131192265332390
414405363293238195177177198241296335357332265192128088079104158226305372
414424393329256198162152162198262320357357311238165104067070110177253332
393430427375293229165134131165226296357375350283204134085070091152229311
384430439399320238168125113137189268341381387338262183116082088134204280
357418442427369280198137107110152219305366390378320238165113097125180244
314381427433393314222152101088110168250323372387360299219158128125162213
277341396421411360268189128088088125192268332372378347283219177162174207
256308360396402369299226162113091104146210280332363366323277235210204216
238274320360384375326265204149110104125171222277323350357332296262247244
247259283314347360344299244195149119113128162207259302329338332314293277
265256256274299320329317283244195155128116125155204256302338360360347320
293268256253259286308323323302268226171131107107137186244302354390399384
341296262241232235259293323338332299244180122079073104165238317381427442
418366290238204195207241299344378381338268186116067055085155250341414463
469436360274207171162180232305372421411350256165091052052101186293390469
500482424317232162128125162241335405448430360253152079040049110213329427
494512475387274186119091101149250354424463442360247152085055079158259366
460509503451347238146085067088158274378442466433344229143088079125204296
390463491469399277183104061064107195299381436448405317213143110122168244
323396451463418335229146082058079137219308378421408344250183149149180229
293357408427399335241165107082091131195268329375390366308247204186195219
256305350378378335271207149113104122158207262314341350329286250229222229
244265296326341335290238195158140140155180213253290314320311296280268262
262265274290305311299271232198171162162177195213241268293308311308296286
274265259259268277280271253229207192174165162180207241274299314320320308
286265253247250259265268265256244226201177162155171198241280314341350344
320286262241232232247265283293286268241207171149143162201250299341369378
357320271235210201210235265299314308277232183143122125155207265320369393
384347290241201180183210250293326341326280219158116104122168229299363405
418390335259204171158177219274329363372338271201137101097134195262335393
430424378296216158131137174232299360393387329247171116088104155229305381
433445414335238168116107128189265341396411384302216143097085119183262350
414445424363265183119079082125201296372408411360265183125094104152222305
384430439396311213134079061085149241329390424405338244171125113143198271
347408433414347253171101058058104183274354408427390299219168143158198259
320381414414366280195125073061085146226314375411411360277216183177198235
280335381399384320241171113079079110171244314363390378329274235210207222
244283329360369338274216158113094101134186247302341360354323293265247241
244259283317335335305262213168137119125146186238286317338341332314293274
259253253268290302308296268238195158137128143183226271308335350347329299
271247232229235259280293293277247207162125107116152204259308344375378347
302256216192183195235277314332323283232171122088094128192262326378411414
378308244186155152177232293344375375329259183119082082125195274357414448
436381286198137104107149219305372405405354253168097061067113195296381445
460430354244155088061076131226326399436424357250162097064085149247338418
463463418317207116052040079162268366445460424341232149094085128207305396
457472439354241152076040052113216323405463463408317219149116128180253344
414454448393290192113058043076146250354421454439378280201152137158210280
357411427396320235152085049061113192280357408427396332250189158162192244
305363393390341265192131085076104152226302360393396360296244204192201226
268311347363344293229174125110122152195247305350372363326283253232229238
250274308329332308262213174149146168195226265305335350341317293271265262
262265277296308305274241210186177177189207229259293317329329314302286274
271265265268274280277262241222207195189192201226256280305314320320314296
274253238235241256265268259250241222204186180189210241277308332341335314
283256232219216229250268283286274253226198177165171195235277320347360350
317271235207189189210247286314323311268226189165158171204247302354387390
357305247198171162180219271317347354326283226177146146174222283344390408
393344271207158137146183244314360387381335268204155134143183241314378414
418381302226155110101134198271347393414390329244180134122152210280354408
430411344253171107079088137216311387430439393308222158128131168232314381
424433387286198122064052085152247347414448430363265189140125149201280354
408427402323222134073037055113195296381439454414335241174140140177238314
375408414357265177104046027067137232326396439433381299226174152165201265
329381399378314229149082043046091162256338399433418366290229186177192229
280335372381347280210143091067082125189265338384405393347286241213207216
244280323344347317262204146107091107140195259323366384369329290256232226
226241268296314320293250204162137128137162207262317350363360335308274250
232226232244274296308305280241204171152146165207256305344369372360329283
250222201198216247280314323311277229186152137152186238296344378390375329
274226186158158180232286329357354311253195152134137177238302363405414387
329256192140113125158232308360396390341271204152128137177244320387424421
384308226152097079097155244329396430414363274198143122140192268354414439
424357262174107058055097183274366433448421347247177134125152213293369424
436396308210131070037055110198308390448454408323232168131134168241320390
424411354256171097046040079155256354427463457393305222168149158201271344
399414384305213140079052070125204296378433451418350268207168165186241311
372402390335250174110070073113177247326393433436396326253204183189216262
320363381363302226158113091110152213280341396421408366305250216210219247
290332360360323256198152128128155195244299354387396372329283247229222238
259293320335323283235192158146155183216256305344369369341308277256241241
253271290302299283253222192174168186204235268305335347341320299277259247
241244259271280280265247226210201198198207229259296326341338320302280265
250235229235250265271274265253232213195192201226253286314332335329305271
244219207204216238265283293286265241216195189192210244280314341347344323
253210180165165192226265296311311280244207180168174204247293332357357326
274219171140131146192250302338354335296244201171158174213262317357378369
314244183131097104137204271329372381357302241192162155180226286344384390
360290210140088070091149232311375414418378308235183162168198253320375405
402341256165101055055097171262350414445430372286213168158177219286354399
414381296201116052027049110201311393448460427354262195158152177229305366
402399341241149073021012058137235326402451463411323250189158162189250323
378405390317219134058024033085171262354418457454402314235180162165201262
329372387350277192113058030043104177271354411442433372290226183171180219
280329363369326256183119076061088140207290360408427405350280229198189192
219265314341344308247186134097094116162219286344387402387341280235204192
192207238274314329311265213168140131140168213277335378390375332283238204
183174180207250283311314283247201162143146171216271323369381366329277232
192158143149186235280317326314280232189158152174213271320357375363326271
213158122107119162222283326350347308250195158149162207262317354366363326
259192131088076101162229299350381384378250195165158158168274332366378375
293219152088064058085180265341393414390332256195162152171219283341378384
338265186116058043070122207274354411427427323250192162162186235299350381
375320238158091046040082149238320390430433372286226180158168198256317363
381354277189113061046058110189274344405436414338265210183162177222283338
363372314238152088055067101152229311369411414375311244198183180192244305
350354341265186125076067094143204268338396424421360290232195180180213265
314344350308244174116085082113171235305357393405369314259213192186195232
280320329320268207149113101119152201259314360384387338293247210195192204
241283308314290247198152122116128174216265314350366366314268229204192192
204244265283286265232192165143140168195235277320347354332293253222207198
198216232253271274262229198174168171192213247283320344347323283244216195
192195207229256274280271247222204195192198226262302332347341314277238207
186177183195222253280280280265241219204198204232268299326341344308265219
183152143152183226265296314314293262226204198207232271311341357341305256
204158131125140183238293332354347314283244213201207232271317347360350305
247183134097091119177247311360384378341290241207195198229274317347360341
283216149088058067116192277347399414402354283229195186186238296347378381
329250168094040024027131219314381418427402341265207177171186222286338372
369308219134064015006052128226323390430436393320244183155152155235308366
387366290195110037-03000067158265363427460445393305229171149149186253326
378393350268174091024-06018085183290378433454436375286213162143146186256
329369378329250162088030012043110195283363424448424363274201152134137183
253320363366320244174104058046070131213305375424433396335259192152134143
186253311344347311250186131091085110168232308369405405372305241180143131
140177232283320332305256204155128122146183244311363393384344286226174140
128134168213262299323314283238195168165174213268323372384372332280222171
131113119152201262311341338311271232198180186213259311347363350317271219
165122101101134195259311347360341305259222201204222262305338357344314265
207155107088097140201271332366378354305265229207207219253290329347341302
247189134088073091143216293357396399369320265229204204219253296332347335
296238174122070061091158235311372414408375311256213192198219262308341354
326268204140085064082131204286354402421402360286241207192201232277323350
354314250180116073070104171247323384427433402344271219198201216250293338
363350296226155101082101146213293360408433424390335268222204201226271323
357369341271201140097094128171244314372411427414366302244216204213244293
335363363314244180131104122152213280347402436442399341268226204201222262
305347357341286216158128119149201256311372405414411335280229201189201219
265308332341305250195155125128165207259314363387390354305253204189186204
232274308326326286238192158152158192235280326363378378335280229195180177
195226265299311311277238201180174180216256299338363372354302253216186180
180198232265293305302277253226210207207235271317357378381335283238195177
168171186232271302317320299277253235232235250283317350357357314274229186
162152158192235283320344354354296262238238244256283311338350341305253201
158131125137183238290335363372354329286250229226241271305329344335305256
195140104091113165232299347381387369326280241216213232265302338354344299
232165110070064094155232314375408424402354283235207201219256302341363354
305229149082043040094165253338408451451421347268210189189216259323372399
384317219134067030033082165271369436466466466335247192162162192262329384
408375302201110040015030076177290381436469463399311226174155152195268344
396414378286183101037015052122219329414475488457384280195143131155201290
369418424372277177088040040082158253347436485485442354250174128119146204
283360408408357268180116079088131195283366442475469418323229162122119149
207283354393402357277201146125134168229299372427445430372283204146119119
140195262329372375341283229192183186213262317375414418390329262198149128
128162207262317360369344302256232219226247280329378408402357293238189155
143146165204256308347363350323293262244241247271311350369357317271229186
152134137155198250302338357350329299265244238244265293320332326299262222
174143125125155204259311347366363344308274247235235250280308323323299262
216168137119125162210271326372393384354308271244232235247271305326332311
262204158125113125162219283347390405390347293253226219222247277311332332
305253195140107107134189250317378421418393338280238213207222256296332350
341296235168113094110155210280347402430414372308250213201207226259308350
366341274195137097094122171232305375424430402341271222192186195226274326
363369326253174116088094134195265338399433430387314241195177180204244299
347375357296216149110101125177238305381424442418357277216180168183213265
326363375341262189137113122165213274338396433427384305232183155155183232
290347375363302232171134125146189247308363405421396329250186149143165204
256311350360326265204162143155189229274323375405405360286216165137137168
210265314341341311256207174168183216253293341378396375317244180140128137
171219268308332329299262222201198213238271308341369369335280213165134128
146183226271302320323302277250232229235253277308341360347308250195152131
128149186222265302323329320299274256244241250268299323335323286241195152
128122131165210259299329344341323296265244232232256280302320317293250195
146104091104137189244296338369372347302259232216216229256283311320299253
195134085058061101162235302360393396366302244204186186207247290323332308
253180107049021040094171256338396430414369290222174152158192244302347363
335265177094027000024097189283372430448414344271183128110122165241314372
393354256152064003-09012091192311396448460421341226143094082104165253332
390402350250137055000-12033122226332411454451393283183113067061094168262
354402411347232137064015018076158259354424448430360253155085052052091171
271347393390323226140085058067119192286363414427387305210128067043055104
186280344378360296213149107094122165232302369405399344253171113073061076
119192274326357335280222177152149168195244305378393369308232168110082076
104146204268308329326290256229207204204219259308341354317265213168134116
116137171216262299326329308280256241238238244268296314317293256219183155
140137152186222265299323329329305280259247241244259274286293280256226192
165149143162186229274314338347338317286262241232238253274286290280262238
204174149140152183229283329357363350320286259235229229247268290299296274
241201158131125149186244299347378384360320271238216207216241268302317314
283238189137113113146201268329375399393357305256219198198219253299329341
323274219162122107116162226302366408408381326271229195183192222274323357
360323259186128094101137198271341393424411372305241192168174204253308360
384372314235162113094119174241311381421436402341256192155143168213280347
387393350274198137104110146210280350405436421369283204152134146189250314
378402396338256177128113143195256326381430442408332244171131128155207280
350399411378308226168137143186235299366421442424369277195137113128171229
296357387387341271204158143162207259314369405411369293207146110104131177
238311363384360299235192168174201235277323366387375323250183131104107140
189253311350363354302259219198204229259296332360369344283216158125110125
158204259311341347329296271250244241244259280317338341308253201158131125
137168204253293323341335320299280262253253262283308317311286256213177143
125125152195244290317335341335314290262247241247262280293299293268232183
140113110137177226277323360378375338293259238226226244265302326329308259
201146101088110158219290347396414402354293235201189195222265314350366341
277198128076058082140219305378433448418363283204158140152198262332384405
381305210122058033064128222326411463472430347244165116104125186268366421
439399302195110043024067146250360442482472421305195116067064104186290387
451454405290177094043046104192302402475497469387256155079043058113213326
411460454390271162094064085149244344430475478424314198110046030064134229
341414448430354241155107094131192268357421451430360247152082043049091162
262357411433396317229171140143177226293363414421381299204131082067088131
201277347390393354296235192177186210256302350375369317247180128104101128
171222283335360354317280247226216219229256296329341323274222177149134140
162189222265305326329317293268253247247253259277293302290253219189168158
158168189219256286308311311296280265253247244247259262268256241222207189
168152155174213250283302311317311293262238226219229247256265265256238216
189158146143162204247286317332335320286244213195195213235256277283280259
222186149131134162207262308341357350323280235201180186210244280302311299
265216168131119134168219280338375384366311253201168162180213262302329338
311262204149116107134189253317372399390347283219168143146180229286332357
354308241174122101116162222286354399411378314232174131125143192253323369
381354280207149107101137192259332387411399341259186128097104149222299363
396390335253177122094113158222299366411418378293201134082076110174256332
387405381311226155110104137195262338393414390323229149085055073128207290
363402402354271195140116131177241308366399396347259180110064061101162241
326384408390326250186146143171213268326372387363299216143079055073125192
265335381393357293229186165171198235280323357363326259186122076067094140
204271329363363326280238204189195213244283320332326283226168116088088119
162213271320341338311280253232219219229247280302311299259216171134113113
131168213262302323323317299277253238229232244265283293293268235195158137
131137162201250296323335338326305274241222213226247271283290280259229186
143116110137186241293332357363344308262219189177186216259293317323305259
198137101094122177241305360393402375314250192155143158201259320363375347
280207137091076104168247326393430427381302216146107094125186268350396411
378296204128076064104177271363430457442378271180107067067104192293378436
448396305201125076076125210308396454463430338226137061024046113213293350
448454390277180110076076146238335411445448384271171088024009049134235350
424454436357250155104085097177265354411430405314210122046006006079171274
369430442402317219155116110152219302369402405347256174097043027061125207
302375411408354274210162146146177238305350372366286204134079055055107165
241320372390372308253207177174174210256302335341308241177131101097107158
207262320350360332293253222204204210235265293308302268219177143134137165
192226268311332332311280259244235232232238262277283271241213192177174174
174201232268296308311302290274253238232229229247253256256256229216201192
119119119216247274296308308308286262244226219219229241253256256253241219
195186180183213247280308323326317293262229204195201222247271283286277256
222192171162174207250293326341341317280235198174168180213253286311314296
253210171146146168207259311344360347311253195152134134171219271314335335
293241189152131134171222280335363369335271207149116107128183247311350369
344290229171131119140189250317363381366308232158104076088140213290350387
390344274204149119125162222290350384387341262180110064052091165244323387
408390329247177131113134189253323375390369296207128064043052113192280357
405414372296219158125122158219293357387387338250168091033021073149232329
390424408354271201149134146189256326369387363290204125058024046107189277
357405418387320247189152146168222293344372372323244171101052040073134213
302372408405360296235189171174204250293335354347296226155094061064101155
226302357390384347293241207192198222253290317329314268207149110088094131
183241302344366360329286250219207207222247274293299286253210168131119122
149192241293329347344323293259232213207210229253271283277259232198165143
137152189235280323344350335302262229201186180198226256280293290268232183
143125134171226277326354363347305256207168143140165207253299329338314265
207158128128162216277335372387372320256192137107101131192265329369381354
286213155116116158219283347390402378311226149085052061113195283357402414
372296210146107113158229308372402408360277189107043018052122216317396442
436384293201137110122171250332393421405335238146070015012070158262360430
460439369271189134116140198277354402414375290192110040006037104198305390
451463424341244171128125155219299366399396338244158079027024076149241341
411454445390299219165143155195259323375390366293207137070043064119192283
357418439418357274210168158174213274329363366317244183113076070107158226
302369411414375314253207186183198229277320341341290222165125107119152198
247308360387384347299253219204204219247277308317299256207165143143158189
219262314347363347311271244226216219232253277293290274241210186174174180
201232271311335341329305277256238226222226241259274274259241226213207198
198210238271302320326323314290262235213207213232247259265268262256238222
204204219244277308332341338314283250226204189189204235265283293293286271
241213207219253293320338350347329293244207174168180213250286314326320293
256219201198207235271314344357347314265213171143140165204256308341363357
320268222195186204241283326360369354302235174125107116158216280344381393
369311250204183183210250302344375378341268198128082076131201277350402421
396338268210177168189232286341375381344268189116067052082146232317387433
436396326244189162162192241311357381369311226134067024030085158259344408
442427372283210162146158198259326372384350271183101055055055101192290375
436451418341259192155149168210277335375378323235143076021006046119204302
381439445405332250189155149168210271332366369320238158085037027067131213
305384433439396329250192162155171219280329357347296219140085055055097162
235317381414414372308241192168162180222268311332329280201143101085097134
192259329378396387344283232192171168186219259293311305265219171137125131
158210268326369384372332283235195171168177207247280305308290253213177155
152174216274326366381369332280229186158146146180226271308326323293247201
171162180216271326363378369326274222171134113116152210268317350360335283
229186171177213262314357375369329268204146101079091137210283344384396366
305238192168174207259317360378369326259186122076061088143226317381424427
387317241192174180213262326372390369320238158091049049091162256344414448
439387308232183165177216277341381390363290207128064037052110195293378436
457436375286219174165180229290347384384338256171094043033073143232329408
454460424347262198171168195247308363387375311226143079049061116192280366
433463448399320244189168174210271326369378347268189119070061097155232314
387436451421357280219183174189229286335366366311235162107085094137198265
338399433430384317253207186183207250305338354332271207149113107134180235
296357399418396347286238207192198226268311335335299247195155140149180216
262314366399402369314265232207201210235271299314305271229195171168177204
238280326363378369335290253222204198207235262283290280256235210198195198
219253296332354357335302268235210192192201226256274283280268253235222216
216232256296326347347329299265229201186183192216250274293299290277259247
238235244268299326341347332296256216186162158174210253283311323323308280
253232226235259293320338341323283241192155134134162204256302335354350323
283253232229235256290320341341314265213158122101107146207277332372387375
332283241219213226256293329354354314256186131091076101155229308372414424
396341280238213204219256302344369360311238162097055052094162247332405442
445405341265219192189213262317360381363296213134067033040097183280369436
463451396320247192177180213271335378390357271186104040024043113210311396
460475451384293222180165177222296360396399350253158082027018064143241335
421472478442366274207168155177238311369402399338244152082043046094174268
363439478475424341250189155149177241314372399381314226146091067079128204
296378448472454396305232174149146186247314360384372311235168125104119165
232311390445460436378290222168146146177235299347372363308250195162149158
198259329393433439408347274210165140140165216274323350354320277229198183
192222274335387411411375308250195152134131152198259311344354338308265232
213210229274326369387381344293238186143116113140189250308347372372341299
259235229241277320357372366335286232183134107107134195259320369396399369
311268238232238265305338354354326283229168122097094128186262332387418418
381320268232219222247283320344350323274213152101073082128198274347405433
421378308253219204210235277323354357320262198134085067088143226311384430
448427369296241204192201238290338360354305235165104067064104171256341405
445445408338265213189183201241299344366347290210143088067082137213296375
430448433381305244195177177213271326366372332259183125082076113180253338
402442445411344268213183174192238296344369357305232162110091104155222293
366418439427381302238192168168198253314354366335271201143107104143198253
323378418430399338268207171162177216274323350347302241180137122137177229
283341387414405360290229186162162192235290326341326277222174149149174216
262311366399408378323259210177168177210256296320329308265222192177186213
247283326369387384344283232192168162174210247280305311290259229210204210
232262296332357366344296253198168152158183207238265293302299274250232226
229250271299326338341317277229189158143149168201238271296311311299280259
250247256274299323332329305265226180149134137162198241280314332341332308










