MUMBAI                                                                          
1928
000000000000000000000000000000000000000000000000000000000000000000000000
165195244299347372372335283229174131104104128174222271308320308274235198
174171195238293341369366332277222168122094088113158222280329357354323274
229195189207247296335357357326277222165110073073104152222293357390393357
299244204195204238290329354360335283219152091052055091149226311384427427
387317250204189192219274323357372347286210140073030030073143232329405454
448402320244189168168198259323369387354280195119052009015064155259357433
469454393302219165143149192265335381393357277189101040009024088183296393
460482454387290207158140149204280354393396341250165091037018052125219329
414469475436354256180137122146213293360396384326238152085043043085158253
347421463460408314222158125125165229305366390372302216146088067082131207
290375433451427363274201152134143180247314360372332262189134104097131183
244317384421421384317244183146134149195253308341341299238183143128146180
222274335378402387338271216174146146165210259305326314280238201177174189
216253302350378384350296247204171158165189229268299311305280256232216216
226250280317347366354320274232195174165174198229259286299299286268256247
244250262283311335344332296259219192171162171189226262286305311308296280
265256253268290308320320308280244210177152143162192232268299323335332317
290265253253259280296308311305277244201165140131146183226271317347357344
311277256238235241262283305314302274232177131104104128174232293344378381
357311268238222216226250280308317308268213149097073082122183250320372399
393357302256216195198216256296323332314262201131079058079131204283360411
430408363290235201186189222274323360366329253177113067055094158238329402
445451418350268210177171189238299347378375320238152082043049101177268357
427460448399308232177149146183244317372396372299210128061033058122204305
390451472442375274195143122134186265341393402360277186110058043085152238
332414466463414323232162122113140198280354399402341256171110073076122189
277369439469442378277198137104101134201286354387381323232162110091113162
232308387439445402329241165107082091134213286344372354293226171137131155
201268338390414399350277204140094079094149219286329350335293247201171162
177210265320363381357305238177125085073091134198259317341338311274241210
195198222268317350360335286232177137104097113143195256305338350341311274
238213210229265302326335317286244192146104082088122177241302350378372338
293247216207216244286317329329299256204146097070073110171238311372402399
363302250210189189210250293320332314262201134079049055097162235326393421
414369293229183162158189244299341357332268192119061030043091162253354418
442421363277207155131137180253320366378347271180107055030058116198302390
445457424354259186143128140201280347387393341256165097043046091171259350
421460445390296207146113113152232314372399378305213137073043067125210296
381442457421347247177122104119177259335387402360277189122076067107171250
335405445436381290210146110107143210286357387378320235165116097116168226
299369421433399326244174125107122165235308357378347283207155128125165207
265329381408396341271204149116113143195256317347354311256201168155174204
241286335372381350283222171134119131158213268308326317277238207192192207
226256296329341332286235186149125125149183219256283302293265238219216226
232247268286308314286247204171146134143165192219250274290290274256250247
244247250262280290286268241210174149140140162192226253277290296296286274
262250241244256271280280268241216192158143137155189226262296317329329311
283259238232235250268277280274259229195152125113131168216268314347360354
320280247226216219238265290308305283241192143107097119168222290350387393
369323268229198189198226268308329326293232165107076076110171244314381414
411372302235192168165186232290335360354299222146085046055110186271357418
442421363277210158137143183250320369387369293204128064037064131219320402
457460418335241165122110131189277350399414372299195116049030064134235344
427472466414305207131085079113192283363421433381280186104049052104183280
378451482451378262165097058073125207308387439433369268171097064082146232
329411469469418314210128064040070137226323399433414344244165116101134192
268354418451433372265177104058052085149238329390418393329244183146146180
232305372414427393317232158104070076110168247323378396372317259213192195
213253305354378378335274213155113094107134183238302347369360326283250232
222232253290323341341308262213171137119122143180235286329354357338311277
250235229238262290308311290256216180143125125143174222271320357372363329
286250226213216238268296311311283247207162125113125162213271332375399390
347290241204186189219259299323329311271213162113094110155222290357405424
405350277219177158171207265314350360338277207143094079094149226308378424
430396323244183143131152207274335372378335262189125079070104165250335402
436424375286207143113113149219302360393384323235158097064073119195286375
430442405329235165113094113168253335387405372299207137088073104165247332
405439424366271189128088091125195290357402402347262186125094107152213293
369418433390302216143091076101155235317378402381314226158116110140189253
326384414396329241162107079085122180256332381387344268201149125137177235
296354384381341268198137094082107158219296354375360302241192162158180216
265320360372344286219165116094104137195256317350360332280235201189198219
250290326347341302247198155125122137177226274320338335308271250232232238
250274299320329314280235195165149155177210247283311326323302283268262259
253259268286299296277256229195165152158180210238268293311317311302286271
262256256262271280283271256238210189168165177204238271296317332338332311
283256244244250262271277283277256229192162149155180222268308338360363347
311274241219210219244271296308302274235189149125128162213271320366390387
357305250207186180204241286323341338302244180125097104146213286357402421
405350277213165140143183247314363384369311232158104076091146219314390439
448414338247171116097119180268347402421396317216137082058091162256357433
472457399286195119070070113195299387442451405305201122067061110195299396
463485448360238146067037055119213332418472466402293189110073088149241347
427475469408293180091027006046122238347424472451375256165101079113180268
366427451418338232131049000006064149256357433457427341235165116116149219
302375418421375286189110040018049101183280369424436402326244186162162189
247317369396384329253183113067064088137210283354396408378320259216198198
216253302338357344296241183134107104125165216283338372381363326286253229
222226247280308326320286244201168143137149177219268317350366360335305268
241222216226250277296299286262229198162143146165210259299338360369354317
268229204195198226259290305305283250207171140134158204256305347375384360
308250204171162177216262305326332311277226174137122143189247311360396399
375311241189149140162207268320357369341286222168131119143198265335387414
408357280210155125122158226296354387387344271204152125128158213290360405
427399326241171122104125177250329381405390332250183137116137186247320384
427418360268186122088091128198283354396418378305229162128128155210286354
402418381302216143091076104158244326384424402338253186143131155204274341
390414396338247171107073088140213296363414424387311229171149158189244308
363396399350265189122082082122189268341402424402341259198162162186232286
341378387354277198137094085113171235305363402405366296235192177186213259
305341363350296232168122097104143198259323369387375332274229207204219244
280314335338311256198152119113137177226280332363372350308265241226229241
256283305320314277232186155137143165195241283326350354335305274256247244
250259268283293286265235198168155158174204241274311338344329308286271259
250241241253271277274262241222198177165171198235280314335341341329311283
259238226226238256271283283268244210177155155180216265305338357360344311
268232204192198219256286308317305268222177143140165207265317360387390366
317259201165146158201256308347363341293219158116110143198259326381411408
366286210146104097125186265338387402369290210143101097131189271350411436
414344247155085046058107192283369424436390293195128082088128207302384439
448399302192101024000027097192320396460445381277180107070085146241338411
445427347232128040-24-24027113238347427475448369247158091073104177274363
421439393290177082000-43-21046146259369448478439347235149101097131204293
372421418354250146061-06-27009082180280387451466421332229158122125158229
314372402387317219128064012012058122210308387439439399320235177152155183
241305350372347283207137088055064097152229308369405405366302241198177174
192235283317329308262207155119101104128168229293344372369341299256222195
183189213253280296286256219183152134131143183232283329354357335302265232
204186183198226256277283268244213189162149155186229277320341350341308265
222189171158171204244277296293274241201168146149174226274317344354344314
262207162137137162204256296320323299259216171149152180232280329360372354
305244183137113125165222277323350354317259207165149165198250305350381381
341274204146110104131186256317366381363314250198162155177216274329369384
366305229155101079097146213290350390393350290222180158165186235299350381
384335256180119079082119186262335393418402354274216183168177201253317366
393375305222146091070085137207293363405421393335259201171168186232293347
384384335256180119073076116177253332393430418375299229192174180210259317
366384360290204143088067091146219296363411427399335265210180177192235286
341369366314235171116079079113180253323381414411372308244204189192216262
311347360329271201143101085104152210280341393405390341283241210201207229
274317341338296235177134104104134180232293344381387366317271238219213222
247280311323317274226180143131143171213265314354381381357317280250235232
241259280305314305274235195168162171192226271314354372369341305274250235
229229241262280293296274247216195183177192226271317354375372350314277247
226213213226247274299311305277241210183171183219268320357375375354314271
229192171165192232280317338335305256213171155171207265320360384387363308
244189143122125165226293344375375335268207162143158204268329381408405366
290216146094076091143219314381427421366274201152137155204271344399427414
357259171094043030067140241347427463442378277207155128146192265347402436
421360256158073012-09027107210332421475448384274192137125146204277366418
436393296189094021-21-06061162290390466491451369262186134122146210299375
424421360253149067-06-34-06073189308399469478445369265186137119137204290
366402399338241149070009-12024101216332418469460414329235174143140174241
317375396366290207131070033043094168262350418451442396314235180155155186
244311357369338268201137094076094134195274350402424411366296232189168171
195241293326335308259207155125116128158210268335381399381344286238201180
177192226268299308296265226189162155162183226274329366375360323277238207
186177189213247277296296277250222198183183198229277320350360344311271232
198171158162192235271296302290268241213189180195226271311338347335305265
219180146134143180229274305323311286250213192183195222268311338347332293
244195152116110134189250299335347335296250213192186201232274314338347326
280219165116094107149213274329360369344293247210189189204238286320347344
311250189128085079113171241311360384378338283235198186189210250299335354
335277207140088070088140204274341387399378323262222192186192222271320350
354311238168110070070104168244311375408405363299238198180183204244293335
354338274198125076052073128204271344396411390341268219189177183213262311
347350305232155097058052091155232305366408402366302238192171171192232283
323347326265186122070052079128192268338387408393341277226189171168198244
293332335299238168113073064091143213277341384399372314253210183171180210
256299323317271213152104079088122168232299350384384347296244204183180198
226265296311293253198149110091113152204259317360384372329277229195183183
198226256286305290253204155116116131180229280329354366354323280229186165
168186222253277296293265226186158137158186229286335369378357311259216183
165162174201244280299302283244204174162171198238290332363372350299244189
149128128143183235286326335320280226183158155186241290344369369338290229
174122088085113174247308357381360308241192165165195241299344372375347286
210140079049052094158244332390418399335256198165158180226286338372378344
271186110043012030085165259354421445421347256186149149174226293350387387
338253158079015-06027091177286384448463421341247183140140168219296354393
387332232134049-06-18027101195317402466469430341247177137134158219305369
405393323226128049-03-06043116216332427478472427335241171134128155226308
372402381311219125055015018073146253354427463451405317229168131131165235
317372396366299207131076046064113186268372430460442390308229174149152186
256323366378350280210149101085104155162308378421439414363280213171125158
192247305344354326268213162134125143183244308366402405381329262207171162
171195238283317329311268226189168168186222265317360387381350296244201174
165174204238274299311302271244213195192204232268314350366357320274232192
165155165186219256283302302283256232210204213235271305332338323290253213
174143137146174216259293314314296268244219213219238265299317323311277238
195155131119134177229274308329329311277241216207216235259283305317302262
216168131110113140189244293332354350320271235213207210226250283311317296
247195143104085101146207271326363375360311259219204195207235265299323323
290229171113079079113171241305363393390363308256219201198213238283323338
332280210146091070088137201277344390411399354286238207192198226262308344
350314244168107064058097155232308366402405375317256204177177192226274320
332332283213143097070082125189259329384405393347283229186168174198241290
332347314253183122085073101149219286350399405378323250198168158171204253
305341335296226152097076076122177253314375414408366296219171149146168210
265320350341277195125076064082140201283354405424405360277216168149162195
247305338350320262201143101101134183244311369408411381317244189152143152
189244299332341308253198149122122152198262323375399390350286226171137131
146186238286317329311262216174149155183222280332375393375329265204152125
122140183226274314329323293247204171168192232283329360372350299244177125
094097122158204256308341344317268219192183198229271311344354335283226165
113082076097137204274332372375347302253213192198226274317341354335286226
155094061061088134210286354399411384329259213189192216259302338357344302
229152082043043076140229314384433436405344259201174174201250305350375360
308229146070027030079146241338414460460430350265195165162195241311366390
378317226140061015024070158259357430469466427335238174143149183250323381
408387314219128052018040097186293384454485469411308219158134140186265344
402421384302201125061037067134232320408463482454390283201143131146201280
354402414375286201128085079113177262347418463466430347253180140143165222
299366405405350268189134107116155210286360427448433390302229165137143171
229302363393378320250186149140171204256317372421433408350268201165155171
201253308354372350302253213189192210235274326372402399363302244198171168
183213256302335344329293262241235232238256286329366384366320268219189174
174195222259293317323314293274259247247253271296326347347326283247210180
171174189216250283308320317305293280265259259268286308317317302268235201
171165171186207244283317332332323302280265256256265277293305308293271238
198168149155177207253296329354357341314283253238235250274293305308293265
226186152131134162210265317354372369347314274241229229241262286311320308
274219165125107122168226286344381396384347299256219207213232262302329338
314256195134094088119174244314375405408387341280232198186198232283326354
350314247177113076085128195274344399427421375302238192174180207256317363
378354286207137082064085143226320390439442408344271210168155168207268335
378387350271183116067052088152247335408442433390314235174140134162219293
354393387332241155091055067119198283366430448421363268195143122131168232
311372399375308216140091070097152219323390439439396317229162116104122168
244329378390357280207140101097137192268344408433411360271195134101101131
189265335375381344274213165137146180232299360411421390323241174122101110
146204274332369375344290235192171183213256314360396393357293222165116101
110146201259314350363338299256216201201222259305341363357314259204152116
101110140186241296338360354323286250226219232256286314335335308262204152
113097107131174229293341372375350311265238216216229259290317326311268216
155107082085113162219290350393399375320268226201195210244283323341329290
232168113076073101155229314384424427393332265210180171192232286335366360
317247174104064055088152238332405445442402326247189152146174229299360390
381323238162091049043082158256357427457442387299210152122125165232317375
399378308216131067033049101180286372439451418344244168119104119177259338
390402363271180107055043079140232326402445439390296204137097094131198283
354396393338244162097064076125195277360418439411344250171113088104152229
308372393372299216146101088119171238314378418414372286204140101101128186
256329372384350274207155131143180222277335381402384320238171125107122155
207277332360350305247201171165183207244293341369369326265204155122119143
183232286320338326286247213198201219238268302329341329286229186152137143
171207247283308317308283259238232238244256274296317317299256216180155149
165183213247274302311308286268259256253250250259280296286265235207189168
162165177207241268293302299293283271256244238238247265271262253241219189
162143143162189222256280302314308296268247232226229235250262268268256226
186149131128146180222268311338347335311274247222210213229256277296296277
232183140119116140186241299341372378360317268222195186195226268302323317
283229174125094091134192262326378402396360299241189165165189235293338360
344290216152097073091140210293372418427402347268201155140149195259329378
393360277195122067058094155238329405445439396308219149116119149213290363
408408357259165094049061110189286375445457421335232152094082110168250341
402430399317207122064055097162271347408457451399299198116064067104174262
354411430396308201122076079122195277363430454424344232140076046064110189
280372421421372274183125094116162226302381427430384286186110058049076131
207299372408402344262195149137165201253329384408390329241162097061067097
146216296357387378332271216177174195222271317354372347286213152107085094
122158219283335363357326283247222213219235259296323335314265213162122104
113137168213265311341350332308271247229222226244268293302290262226183146
119110122152198244299335357354329293253222207204219247271293296283256213
165122101107140186241302350378381354305250204180177192229268302320314280
232171119085085113171238311366399399366299229174146143171219274326354350
305238171107070073107171250332393424411363274198140113116152213290354384
372314229152091055067116189277360414433405335238162110091113165244326384
405378302210140085061091146226320393436433381286195131085085119183274354
402411366274189125076079119183274354411433399317226152091064085140229317
381414393320232165110085110158232317381421414363271180116070070116183271
354402411372296216152119119158213283347396414381302216140088073104155229
308372405393338259198155140158198250308360387378320241174116085091131195
256326375387363299238192165171201232268311344360335271201143104094122171
226286335360357323274238210201210229262290317332329286229177137119131162
198247290326341326299271247235232235241259283302305286247207174149146158
183213247280305311305293268253247247250253259265271274259238207183162158
165180207235262283296299296286271259247238235244250256253247235222201177
158155168192222253280299314314299277256232219216222238253259262259241216
183155143149177219259302329347341317280241213195195207229253280296293268
219171134116125158213268317354366354317265216177158158186229271311329320
274213152107088104152213280344384393366305238177134119134177241302350369
341274201134088070097152226314384418408360277195137091085113177262341390
402360274189119070058097171262357418439411335229146082046055107201302384
433424363259165101058067125210317402451445387283183104040021055134238344
418451424344235149085064101158262357430448411320207119040000024088189305
393451457408305204128088104155229317390439433372265168076015003043122219
329408457445384280195137116131180253338396418396317219128058049033082158
244338405439421360268198155149174216280341378390347274192128073052070116
183262335387405387338271219189183195229271317350354314250189140104094110
143198256320360378366332283247219207207222253290311314286244207168137122
128155198247293329347350332299268235213201207229256277283274256232201165
137131146186226271305332350344314268222189174177198229253277290283262222
177137119131162210259305341363360323265207165143143174213259299323323290
238186140113113146201265329372390375323253186137113122158219283332360354
308244180131101107146210286350393402372302219152104088110165238311363387
366305232171116094110158235311372402399344262177113070070110183268344390
402363286210149104097125189265338390408378302216140076049073131216302372
408402354268195134104113152219299360396396341250165094049046091168256338
390418390320235171122110131180253323372387354277192119058030064131210296
363402408360280210152122128162219293344372354290213137073043064119192268
341390408372305235177146146165216265320350354314250177113067058091146219
293354387387347286232189171174198238283320338326283210152104082097137192
250314357378366317268226201195204222256293311317286235180134104104131174
219265314347354332290253226216213219238259280290290259219177146134140165
195235274311332332314283259241232229235244253265271262244216189165155155
168195232268293314317308290271250241232229232238250256256244229207189174
168177201235271299317326320302277253235219213213226244259271271259235207
180165171198235274308329341344326286250213189189198222256283305311296262
213174152155183232280326360375363326274219171146146168219271317347350320
262201155128137174232293347384393366311235168119097110155219296357393390
341262189134107122168235314375405405363280195125070052079137222323390424
408341250171110088113168253341396424405338235137064012015067149253360433
457421341238155097088119189286369421433384283183091012-31-03064165286387
454469421326219146097091128204308378421414347244143049-24-40009091198320
408466460405305207137097104146229323387411387311198104024-24-12049134238
341427472451390286201143119134186259341390396347268177101033006033094177
265357427451427366271201155143155198262329363363317238168104058046076125
195280357402418393335268213180168177210259308335332293238180134104094119
155213280335375384366320268229198186186204235268296302280241204168140134
140171213262311344360350323280241207186177189216244268283283268244210177
155155180216259296329350354332286244204171165171201238271293305296274238
195165155168207253299338360360332286235183146137143177222274311335338314
268219180162168201247299341369372350293226171128110122165226286341369366
320262213174155165198247305354378375326259189134097091125177247314366390
372320247201168155171207268332372378354286216143094076097149213296363405
405366293232186165168192238302360384378323244165104067067110177259344399
424402341265213177168180210262323369378344277189122073064094152235311387
421408387311244201168180204238296344369354299222152094058079134204286360
411433414360280229192165198229265317357360323256186122088073113174241323
387421427363329259213189168210250290335363347286216149107088097146210277
347402421405341302244207189186229271305332347317262198140101097128183244
308369405414384329274232207201219247290320335326283232174131113125162210
268326372396390354302259229216222241265293311314296256207168140140162195
244293341372378357323283256235226229244265286293290274244213186165165180
210253299338363369347317283253232222222232244259271277271256232207189180
189216256299335354360347323290259232213204210229247271283290283265235204
189189213253299335360366350320280241204177165174201238271299314311286244
201177171198244290329357363350317268213158128119140186238293338360354311
253201171168192241290341375390372323253183125088088122183262332387414396
338265207171165192241302360396405372302219143073040055104183280366430451
421350259195155152180238314378411414369277183101037012037104204323414475
485442357259192152155186253335396427414347247146073006-09040122238354445
497494442338244174146149189265350405430402320213116043-12-06061149268378
463506491436329235165143152201286366414427387296192104030000024088180299
399475503478411308222162146158207283360402408360271174097040024055119204
308396454472448384290213168152165210293347381378329250177116076070104158
238323393442451418357274210174158168207268317344347305247195149113107125
168232302363399405381326265213174152149180222277308314283244207174152143
152183232296347381384354305256213180162162183219262293305299274250216195
180183213259311347369372347311265219177155158180219256286311317308286250
219204207229262305341363369344302253207171149146171210256299329341335305
265235213210222256299335357357329290238189146125128162213265317350360347
308265232210210222256299332350347314265210158122107122165226290341375381
354308262226207204219256299332347341299238177128101101131189256326378402
396354296250216201204226262305341354335274204143097082101146213290357402
418393344280235204195204235280323354354311244171113073085131195274347402
427414369299244204189192219265311341350323265195134082064088140216293366
418433411357290235201186192226280326357357314241168110073073113180256335
399436433399335265219192189210253311347369350290210146094079097149213290
360414436421372296238201186186229274326354350308238168113082091134201265
332390421424393329262216189186210253299338354335283219158122110131174232
293357399421408363302247207192192219262305332335308259204158128128155201
253314363399408384332274229198192198226265299320320293250207171149152180
219271262366387387360308262219195189195222259293311314290259226195180177
195235286335375390381347299253216189177183207241277302314308283253222201
195210244290335369381369332280238195165152155183226274308329335317286247
213201210244293335366372360326274222171134116125162213268320354372354308
256216201210238286326360372357320262201140094076094140207280344393411393
335268226201201226268317354375366323253171110058043067125204296375430445
414350271213186183204256314360387375314235152079024012046113207314402460
472436360268201171165189244311369399372290198113037-09000061140250366451
491478424323232168146152195265338387405366280183097018-21000073158271384
466500478414302213152131140186268344396408366265165082012-18009085177293
396466488457390277192134116131186265354402405347253155082024012055125210
317408469482445372265180131122143201286357396390332247162097058058104168
247338408454454411332238168125113134204277347372357293219158110088101137









