MUMBAI
1967
000000000000000000000000000000000000000000000000000000000000000000000000
292369434463453397309230170142144182248316361382363302230166118100117165
233307378435448422364280208157134138178242303348369348291225175145139163
204262326385417419386318242181136115121162225285330348338296241200173166
178207253314368399396355285217164121102111150210266311341349321282243215
200202226266321364386378337278220163125104108140195252310350371362327285
250232228239269307345363358321270214160111087090121181254313360385381349
300257230220225250287319340340310261198145100067065103167239307366400405
371313261225204200214255300336346322269202137087049055097173256335394425
421381317260214190186208257308347358333272199134074042062124208300379432
444419362290227186171177221283333363363319249172102047039078150242334402
445448413342262201167160185237300349375365308229151081043053106190280361
423448434382299227173142140174240312357378348272186117060041072142230314
388434442411342261196157142160209279336370371322242170110078080125199274
353413442432386304232182153149181234301346370354294216155109095114163232
304372415428402341270206163146155188246306341352325263201148124127163211
273336389414409371304241192161159179224276318338337302257213179168185223
272325372408414386329269218183172185211244280305324320296255222207205223
256296340373390379341292243201173168185215248276302317317299266241235242
258278306338363370351309260221192173169178207241269292304310305290271258
253264283305325340341321279237202177165165177194223258288312324319305287
272267268276291308321320299268232195164147142154182221263302331349350326
298275265263270285302314314299275236200166141130141180230284332369389381
347304275257249253267291314324317289244193145111096118173244316370409419
395343294253230226238268302331343335299233167110075071102173252331393434
436404343277224195192212255306345362345291215145082040042089174266350418
456452410330253199169174205265326374393370296202124059026044102197299393
460479455393299213160142156206275352402410369276176089026016053133235341
431486490440332232160119114146225316382418414349246154077029029085174278
374453488470406300202129090088138228321392426414348244152085053073135220
312400468489460376267174107076091149245333396428411323228151104095127191
272355428468457405307210137083073096166258335390410384310228172142143174
223291358415438418356269190125079071105176257323364380356302246204183188
213252305356392400366302229168115090093127181244304343359350322284256236
228232255296334359359323277226177135111109135179230279318346355347321292
266252249259283309325329309273231186146120114133176229279322357374369340
301267245237242259285303313302276235188143112102116163223285336373393385
350302259229213215236269298315314290250195145102085102150223294355399415
397348295244208195195222263307333339310250190126084072097160243324385424
427395335266215182170183223279331358357307234164105067064106182267347408
435425381304234182158156183240303351373354293216144086063085144225314390
435439404335258195157144156202274334371378335259180117072070111183267348
410440426376294222167140140173232304357386380331249174113082091142213290
370417441414344254192144122130174240304359381362295215145104098123187254
334405438425370287209155118117147205270330368376336256190142118140187243
298366415420379308231169128116135186244307351369354303239183151153185228
275338389414388331257198152128131162207269317349357328279226191180195228
272320360382377339279219167134129147184233276315338336306266234215214231
258287322347353331285236190157141144166200239273301317314297272251242243
257274295319331330303262219180154144150173202237270297315317306290277268
264265274288304310305281249217183159148150168192222256288316334336319295
273263259263272286292297286261228194163140132141167210259302338362364343
304270253244246256272288298294272237197152119104112148204266323370396396
360306263230214214234268302325330312266206145099082093138217294363416438
422372301238195177184223279333365373342272201127072050070135224316395448
460424347259190147136159219306370411412360268180110051033075164261362447
489481425321225149112113156239337406446441380278180102043042095193298397
476505482407290185109071086152254356427467450381261163080037058126226333
427491504460361230135063039072154266368444474446360237145079062104182286
381460496475401283174101046036074163283374435460434342232154111114157228
313392452468434355243154077046055098186302380428438398315233184164179217
274336397427419371283197126076058082131203282339381390358300247219204208
232266315354378371316248189136107102127170216285336366372354324293270256
251255272303333344334297256212172149142155183225269316342354354341323299
276260252260280301310306283254223192166153151172213255300334357366360338
305273252239239256276294302297278251217177148137156200258307347375385375
339293254226214217237270299315316298262213167132124145191254313359392401
381334277229197184195230277320344345319262201148113111146210274338390416
412371309248197171169192244302344364358308246185132107119168236307374417
427402342268206164151165208271332372386355292222160115101135200273346403
431425378294219164134136172232296367397398356278201142106115159237309381
429440409337252179131114131185260334386411392333245173123112145210286361
420444431380284200140109112155222299367412420389308206153129144190258333
395431430387298215145102098129190267341395419406342265193151144174230300
361409425399324241171123094110154220291366402411375304230185164179213266
327378402395345267197140104102133186252321367393381332268218192189214248
287339373376341274216158118109127171221274325359370349304258225211219239
269306338353345300241190151127126147188233286322344348324296267249242245
257279310325324302264226188160147148169204241281312331338329312295281270
267271285301308302281256231206181163156170194234274303324332336328309286
265257254262274282287281271248220191166154160183218256301335364373360324
286256237228232253277298310304282248207162135130154200255310356390404386
335275224194188205244285323343344317263204151114101130186263336394429426
387316244188155148178237310361390388348270190131090084119194281365431469
460400300205134098108158244337398435430376281190120069063112200307399464
492460372249156087054077145249356430473461385270170102061076135239345429
487489427314198104028026053144272378448486457369246156087061095176274373
452486457368242133042-08-08064167306400476494449349235149097091136214307
398450461413300187096013-16022100214326417472475423323222161130142185258
341401437426357253155079024018061139235339410452448399310232187174189224
286345386401376306224154100065071113180264334386412404361300251224216221
244282322343346316263210155116099108140189248309346360351328302274251230
222228247281300301282245209175146132134154182222262296321332325310283256
233220216224240256264264251232204179158149155181220259297320331336326300
261230212204209227248270284279261234200168148151174213261304333349352332
296250212185174182210251283304305284248201162138136166213267319358376367
330278226184159155178223276318339337302247197157137146185241301355387394
370316253195155139149191250307349369353301239183143134160209270334381404
396351277208155124124162218288345382390357287217162135139174232298363404
412378305226164120106127181251329386413401347267197153136158210276347397
417402344259182125096108152222303369412422390319232177145150189245314373
412413368282199130085083122184260338396426419368275207161147169217282350
398412382305221145089068095148221305370418432402328247189160166199256324
375399390334252175117074079121186266337397429425378297232192180198236292
349383390354282210147102086110164234305369410422400345277227203202224266
318360376364313246181135110114151206263314368400407383335277243228232250
286321347356336290234186149130141172212267320361385384357317281259250250
263284311327332306263223183156150160185222267312347363361339313291269256
252255274292303301287261229200178169172192225264303342362368356328299272
257246246259274288297296282257225195173167186215259301340365380377347306
264231211207223258289315326329292249204164148157196249309355392408401354
291231184163166200255309351375365322262200158136139180242314376425439414
347260187132109119177261334392421418354266197142114123173247332402453460
414318214131075058088165270363430462442375270187130109132188270360431472
462392272161078021026085181300401472496463376260176123113143215312392454
475438340212111028-04021100207341433491504456364248171124120153230329409
457454392276167072002-17017112237357438497502448343243175141144183261352
417442422341231132050000006065149266360440483474415318230175156164203278
350393402366284194115054029048109197284368423447430381302232189176182221
281336363362316249180118073062089142204280348390410398354293239211198201
222259300324324288235187145117112125162215280330359368356324292257230215
211221246271286289271245213176156151161194230272315341352351332300270244
227219220230249266278279263242219198187184196229279313335348348331306272
241213199201214238261281289286263230202182179197234278315339353352332301
264226197178180204246285307314306283253214189181195233284322349364355327
284234189159149162201257306335343326290247210188186211251295336364371353
305246192150130139176232289338363363338292238198176180207252303349374376
340277213154116105129183248317365389382335275221185174192229279333370384
364303231165114090101143213288353396409380322254203176179206251308354380
374319246171112072078121185262337392418408361287222182168181222278331370
382349275196127074056088143218302370414429401335260205178176201249304353
380373315231152089057066116182262339395431430388309242194176181217273327
364375343271192120067056087145219294358411428409352278222187177187229290
340365356303232157097063069110171239307366407417387324261214190187205248
299336349326266200144094074095136198255324373402401369311253216199199224
266303329335305257199146110105126168217279335375396392362310263228212215
230262296318320299258209166138132148180224280328363384382348302255226215
216230256280298300285256216187161151159185232282334368379369340297256222
204199208232267292311312284247205177165173200244294334372392392365310254
207175161171201250294324338324283237199166161177219274326367390389356294
228168124110124178248310352376363312254198164155174216275331378407401347
262184114070063106179264338392417398338261199156144166216285343393416399
321226129060021036097185278366430453425352256193150142170228302368410417
366270166076009-10023104215327409463471427355256186148145166224303371414
418366251149058-06-11024119233341422474479437352251187150142165230312378
410398314209115045002000053148250355424467462409316230171141142175240323
376396366275175094028-03014083173269355420454437378294221184157156189249
316366377322238156086039031056123203282355407423402345270210168150156193
257306333327282220156103067067100161223297354387399370317262210179169176
203246286306299261207158122104107131170230290339364365338292244206183175
186207237264278275249212172149141149170209254302337357354321277241211191
181182200222244266269257235206182170172184216257300330342334302268235206
186174174188214244262272268250222195181180196228267300324333322292260224
193169154156174209250281297299279248221198195210238273306330336323289249
211173146136146176225275308324318291257226208206221246277310328333315279
234187142117117151201254303336353343308262226209207225256291322338336309
264209154114099119168225286337374384367314261224207208229264301333348340
300240176121087089127184254324376404402360303251215200205230269311342354
331276207140086070090140212287355404421402348283230196194210244292331354
356304230156091058066110181256334390420424388319253209185184209252304344
359343280194125078054070127197292357405434420369291227186173182215269322
359361312229155092048044084153231312372421434408344268214177167184227288
338360345287213138078049057106174252325389426431392319250198172169194245
302344359332264192127080067092142211280343393420421382309241197175177208
256309343353321257194138104097123169226296357399421411364293232188169170
207258303332334302256201151124119141183244302364401420393338269214178163
169194241286313326307260211168144144163202256317367397405379321260205166
149159192235281316336334301254208180175201233280333378408409378317253190
155139147186237295334362368349300248214199206229273325369393397366304235
175135114122169234294349385396381344283242210206225274323365393391356294
228153100074087154222294356404425401347275240213207228263315360384387346
271190118066049074133199282374433445413340289249209200223264315362390391
353271163092044031053108185273389459463412344290241204195219271323366395
387340248152069034029065127202314420466470426356285224191184213270325371
397380313224128063035041086157234338428471462424352269219180179212262318
368391358289211138086060076127192265339416449436382307242203184186209250
302353366330265193133091085109154221295355418430405361296236196182189211
254301343344308251196146119122146194248320369400405378324261221193184198
230274306330322291242198167156164188228281336370387378352305250223200196
209232265295313308289249216194188198217251298344375380362324277242218203
204217235260286302298283262235220220230246275313345366363343306267234208
192195209228257284298297288275257243242250267289319347360350324295265231
200184193212235266298319314303293284275268276294317337356361351326292247
206183179190215254289317336338325310295281273278292311329347351339316280
240201169160178211249288325358363346324299278263263281302325342344331304
270224178145148174214256297346389384358323292263243249265285310328333317
290242192138118130159207256307369406394362318276247234240255278308339335
313270209147102093107138198267332411419392347298256228223234256285323354
339294232166106077084114160238306375427425385326264228208211234265302343
363335276197125084065081132185262342404443426368295235205194202232272322
369378331241160099062057083140221309383436450417348267209180176195240296
348387372303222145096066071112189278357417449439380305232185160155187248
312370388344271196133089075091150220294368434455418350268195157140148191
258322369374318249179127098097122172237313376431437383302223169140131150
197259314351363302238178146124130154196261323378418402345266192151124117
139187235291340350305251197163152156177207251312370401378314236172129107
105123162226280326345331302251207188184190214256313362371347295226161117
093092109145200261314347349323276243220211214226255298336353334285221162
114090085103142195257309356370350314274239221218226243271305330319277216
153100072069089133205271327375394371318267230207201211234266302325320274
217150092053046070114196275340394407385327263219192183190215255305340340
292220144086039034056114184263348415422379315247202179173182208249302354
347289202123059035040069128211301367421424374289220177155154173205254321
370351267179105057033038073143224323395439418349261195153137147178228297
352376334246161092048040071121198287359427441403331252193155146157193245
317378376308223143088064071108167253332406438422368295221171147153180226
291355375347281203141105101127172227300382420429400329246186152145166209
264326365368321250189140122129158205264347401423413361288221178159161188
236288326353349301244195163158177207247303358395402369306239189167162182
217251296329338321282243214198199213240288338375391376328268225196180180
202238272310338347334304268246233236252281316354373376354304252213190177
182201231264298320330325309282262255262274290309327341338314274234202181
172183206232263291315331332321301284270265273288303312319315292260223197
178164165186224261297333350350334314295274263262276293307317310288252218
184163149150176221264310344368375351316285263250249261273286301310293261
218178145128131155202261315357389389357318273243228229250272296317325309
260193142105093114160221289349395414404357299248217204211241278318345351
318253181120081075108165238322385431443414359284222192187213254297341379
385338252164102069073117182265342426464466420339244186162164202259318379
416400330223135082055070124207290391449478461395288208167137135178267332
402428395302197117067045077137213312400469486461378261181136117121155232
322415454406300200129084076095142219309396464478426301212137102099118167
253320408422383281193136100100125180255332421465443381266181117090091118
164251330395399361276201154138146168215270341416435408321226154106089099
128181252318373379349295237198181185205234279334393403367265193135101100
123161212277335379376346303266241226230251279310349373365306245192145121
116143191237290336361371351322291270257250255270294321337327287229181142
118123139169215265312349373373347319289263246244256276298316319296256216
175136113112143206263315360387393373322294254223219239264292314326317281
228168123099105149211277340385412412386327267224203200219252289326359359
305234164114087097149216288355412433422373303237195180186220267323367387
369294210139092074101162236315385434442409345262196159150165215281342381
392354274188124081077118185249324393437441385302226173144144175230285337
377390339247164109083085117175254343403443428345261203150126146194260317
371403379301216149109101133179238311384427433382297218160130128164220291
344388399352266189142119132166227290364417432398325239171125113137187250
317364389375313233170137133158209271336393417412350261196144118122156211
270338370376336273213173158168206253307360388397371285215162127121147189
242299340359346301251212185184204235272311349364352302240181140124132164
209249294325334316286252224211214234261291318335334311258204165143140159
185217257293316325311290264249240241256273290307316311288249207174156154
164184213247278301313310295281271261256257264275285289280257231204176158
146147164191226256282306319315299280261249242242250264270267254235212188
163143141151183226263295322339336314284255237224225239256274284282262227
186146121115133169219273319360376360322275237209198211238271300314310279
229170123089088122172235303363400406377321247199170169190232282327349340
293226156100067064101164244327395434434380297219163139143177234302357390
383322224144081052064118194289367420450432364257171119097114177259343400
428398316210127062043066133225327416462470427327213134074058106187294375
434447399294184107051051096171275375447478456384256162082040041102199314
394444446378268167103066085134215320394451468418308192110040026046124213
323402440427341235160111093125182266345402442426361249156084030027074156
251353408430400324238177144138168228284344393408381308318143078041056103
174264338384399373321261211189193214245292330356364328262193138097080101
137195261319356368352321281245228223230246271295317320290248203158125113
127158199246289320336337323302278258246239240252270285292278255227194159
139136158193237281310334343342326295263238224223232250270284290280253213
171140128139176224275317349362359336297253218198195212240274302316305270
220162123111126168224284335373387377340275223184165167193240286314339334
297235168120099110156223292353393412388341270208168150161203263322361375
351288215153111096124184256330386417416373297226168135127153214286349386
393349271194137102104145215290361411429402341266195141114125173243311374
404388324240168120104128184253328397419422357287214145117107140209279339
389402359284205140108123159225288355410409390300229159099102122164250314
364397382324244171128114150197259319378408387342254177109072101152200286
345384392354285209152133142181234294351385392353279195129081078119178245
318368392377324252193159154178217268320361371352293221156101081100143205
269330371379347293237199179188213251290325343341305244184126096101128181
236291337361352313268238214208219239266299321328306264214167133116126158
200249289323340324300272252243241247260279298308306282242204173152150166
191221259288311319317305293276261252253265276286289281259234213193174164
167185215247274297314322320306289271255246245254268276279270252234215194
175166176201235269300326342344327297265241227226240260276286291288269233
194157138148183230278328359381378344297247201183184210246281309326323293
241181134107111153213273333381407394354276207162140150193247303351375363
307233169115086098146219301375425437413328241171116094117184266345399420
394323235155094068095159246341414453454398290193108053050102195296382443
455403305207129068065112191286387454471431339223126043015021079196306398
455463395281179109069068116218323396454458391276168080024-05037115225330
425474464382267183120094107159264347417448430353240143055-02-10042151266
362432467444365266191141117138198297370407422389311205124048016027083175
276375427448420349271213175162184229297353382387348263184117069049067127
198283355401410386334274230204195207248291323345346315254196141111102117
160208275338371379357324290261240226227237251273295302284246211178154147
155179214270311339352345328307285262244231232240251261268264253238214187
163158175216256289317338345337319286251224206202211232251270281277261238
203169157168207259292324347361352319275227190172173193221257292314315291
241194159146154189243293341366372355313265209171154157182229281327347342
303253198159139149192247303353384377344287221168130120143187248308353372
348297233178141135160205262324371393373320252189138107116150218297359393
394342269206159139151191243312366398395354291213151112098120185253331386
412395341262199157146168217276343384403378318239165110083093155232308376
416421385311235179148150190246305362393385335261182117071074121197279354
407428407348265198158152170217285347386389351274199131078062082158240332
383421425392314235184161164194255307354380365301223148092064077141206283
352400419401337268213181175192237287333363363321252183124087084122176246
315376404405366308251210195201229270313341348333281220163117098108148210
267328370390379338288244216211220241273303322325306266213162126114132171
215262309347361350318282250226218225243263282293287258218179149135135158
186222265303331339324299275253237230232244258268274267251231206183167163
173197230267302327340338323299272246231225230244259269275269259241213184
166164184216251293324344347331301265226199189198221247270286294286263226
186155150168205251295335363371350306246194160148162198244289324343337298
244193151137155198251311360397401367303221162116105127177241308364399382
315239181136123151206273348405428414354268201127073062123208308386435447
402317228165123127168236317395440448408303204115043016043127238345428480
480421315224154117123160228344415448443370282171081009-06028115240357443
494492433325228161127138188272360416446432353243136054-04-14043141278390
469501488413302221159138151200283366418432390299197111030-09007081178304
401468490466380285213164150169219293365403406355268177098041019060132227
326404457466432362276214181171193243303352376373323246171112076073114181
258336397427427392330273230207198207231275317340336290233180140119124153
197257323370391389355316276243220210214231257288304301276243212181164154
176203247294341364366348322289255233219214219235256276286279261238213191
179186213249296331346350338314283251219200191197218249273290295287270241
214194193215252294326347354344319286242202175166180209250288315327317288
251220199196214251292328353359343310265216178150141160200257309343354337
297254218196195214248292333359361339296237181138116131169231292345377374
334276231200188200228270312357369355313254193138106112147201266333380401
382330270224199197218252298342368372341278212154111095124179247320383420
420374316256213196200227269319359376362305235168115083080103156223303379
423412363291233199191199223257302351364335267196132085069079120180251339
419433405339271217192185203241279325367357306225156099067069106165229313
396441431378304242201185192223266312354363329258185123083069094146208293
375421436408338272219190185205245301343360346293223151099076085132189261
328395423416366300247208194197223266316346350308246186133098094120173240
305363401415394340284241211204215246287326340325283229176133114122163210
263318365396398373323275235214209223251284307315305273226183152140155186
228277324364385386357317276240219214227251274291300294272240207181169175
200236279326361380377349312272235213203207232258283300302288263234205187
182201236282328364384381353303261223191175174196237294311324316290259222
193180188225273324363383381348299245191147128130168226287331361367343294
243202184193223271323370394394356300223155106084100163241305362405415377
308243195179190225280338383407395343268186120073046077164254333401446444
398312243189164171212274343392411390328230139068011003036118221340426475
473420324241181159170209276349398415388306204121037-07-07020125226353430
488479404314228173155165198265345395407360275184095015-15001080188303392
452481434354266193150138152202275336380384320235145063001-14026103194314
400457469419340253186149143163210279345378377325236154077031026071148237
331406448451408331251191158150167224288343366355293219149092061064112183
257335398430425376307240193166164186226281321340327274213158119101111151
206271338387408389343284235196176168178213259293309295257216178154146158
189232286342377384361317272231200184180195221251275289289274253226202187
191216257306345362364339305267229198180175184208242270288296289272247226
213215238272314344354345319286251216188168162174203241274299313314295266
240225224244272304330341333308277243200167145143162205255296327344337311
275248233235255282313334339328300264221179145129138171219271319357370355
315273245230231251274302334343328287243202158122109134184245302345373386
358298253224214218239268302335345317265218176128084088132193259323374402
391336280235209200208232263306342341288244201148091067096153222293356399
413387327267223202199215242279317341328288221163105071067106179255331387
425427387316256213194191213251303341352328263193123075056070124198280362
413437417358284226192178184218267318353354308237163081051060109176255333
398433430381310245201181179198246303349368339266192123074061088157229308
379425443421364291229191175186226285340365364319248179121083079118181251
325388429438410345274218184175194236298338358347297227167120100114158218
283349402430426387320254203182184211259306341355337286227176144134152189
243303364411427409360296238195174178204244293324339323281235193167162179
212259316369403411386331270218183164161183224272313330325292255222200189
198221264317368398400366311257203165141137161206259305332341327293259229
212213235269313361388390361303243188142115113138186245303342365362334289
251224217232263307348368367338286230165113079077107169252319369400397359
303251220212227259298336358361333277205137079046048095173270346406435426
381310255218200206238283333368374332258178106045012021082174275363425452
436384305241192173175205248318362376343270189109033-09000067152261363434
465452400317237178151153190260333379391353271181095027-05017090189300394











