MUMBAI
1987
000000000000000000000000000000000000000000000000000000000000000000000000
441485461403311234171147155189216339388405373291206068007001024120226336
419481487443351257179139130157228314380412409336243149077026021047155257
348434486492418315227172130125136219300365403401331225137070038053119187
291385446461451385285201137112113152225299361381376308223153101084097156
229313395441449416340260186135118120157222299339359352298241185149136150
194260329389424425385311240176136126128160217274322341338298242181148148
161201271327374405400361306250192147136141176212257301335339313283254231
226238267295324353369349303258216175145139147162196247290313323322305280
258248248258285311324325306273235199165142136143168208254299339376379339
309284264255257272294304309297272238201163133125128164214264315350366363
331294268253248249258274289294293268228182140117113131171228288337370378
358319283251230222221239273295305298264216154108097098131186251319368390
387349302257222203200209248282308311297252189131088072083140211288351387
397380329274226195186186219267305325325287217158109074069103169244320379
411415384319261215191188200246296334348337276213141090067074128205280353
405426417363295237197178177206262313351360327259172112071064105173251328
390425430388317248194163154170230292342362347291217143091068078130200276
352410429421363281211161143146190256319360371344276204137092083114170243
318383426435398315241182147141164219286339369371327259191135108112162219
293356407431419362281212165143145185242304353370364310240183148141156207
258320380417425392323252188147137146191252308344360345291235194178179204
241288341388407405364311251192145134152201256303337344338294252225212212
234268311356387392348279216166138125124152202251296324339338317286261243
237243273312345363367344292240186144124125149193242287321347356355328299
273259258266298327340342316278234184141112106115168220274321359378380351
308277256251255277304320329322292247192137097084098150215280339385410412
375320272242231233256288318336340316260187116072053074116211293370417438
426370296238205195199239290335368372335258172098039028034104192291376429
445441365284213169159162205268328365374337254165083019003007100205306407
454463451340244169125119122201295363406418354268163060015012024130243319
409497495397301206127099096146216301363430442387302197108029024053119187
270395499462393326245170117113168247316386438436391339267140053058148210
278374479490452404322225124076101187257324400425408364201119080073113180
261346414441430355257168102069068096169259331376389351276203155134145184
239302371413423387316235167117102104145201271328360366328274225198193200
236271321365386379320261205156126120129172216270311333336306277253239236
242254282317343348324278234192158140141158184217254287309316309295283271
263261265279300310307287257222191165157159170188212249281305320322314299
284272265263269278288283270248221200176160150153173205247284311332341328
302275257248247252261271274272262236208172146136147178214259306343364363
336298267245235235244262280291292276246205164130121135169217279332371385
369330287252227214213229265295311307280238187141108100123172231295343390
405365303262221196186194230273310336323264214168125089090137192262320369
414411359308256204167171210252298340358312260208155093080101158233310382
423428393328253196158151171225291344377375328254178114076077117187273356
415442427371282209155133142184256325379400376312221148096077105161243328
404451459414332240171125119149212293362405410365287197134093099148218294
375435459435367271186126098113163241331387413399340270187131108129181251
322395438442396306214145096088116172257334389408382314235170133130163216
284356407429404336247171111078088135204290351388395355285219176164183216
259312367397399356280206141096083104156222286338367368331281235209203219
246280324358374353305238181131099095121167222279324348350324291262244237
241251273304328338318276226178137111108127159205252297326337334314295277
260249249258279299309299272237195152121111118145188239283321345354344318
290263244234236253280295301288254216164120090086107156211270324363384376
337290248215196199224260296317320292240175114070053070123200279343394417
398343272215172153162197257314351361323256179107049029059127213303390440
450410333247174126114135195284346387399346262169089028012055156239344426
468455401302203127079076112199299369418419355249156072016014072169277384
454478447362247158082049064114223328400441421342243141072035056125224333
423470468413307201115051038067152265365423445408324216132080073117197291
381444466437364255162087042049100183298375422426372279189127101125177249
331396431423365281190117060048077138218314375404388326246183151153181225
285346389402374307230163104079089130191259321365383355298243206191204232
268305346369361316256196149119115139178221273319349350321283255238234240
253276303324329312273226185155142150171196227266300314312293271268261257
257261268280293295274243213189172167173182198221250284299304300294288281
274266262263268272270256240222205190178173175188214247278300314322317303
283266258252248249254260262253236215195179167163170196238282318341348336
312288263243231228240258277291286267239204169150149173215265314355377374
345300262228206198206233275305320311281237188152130133167219280338383399
384341286233191171178204249294328344330283224165123107127178241312372406
409376314247191148139161209273329365370337268197133099095136203283352405
429411353281200144115122170239317375404392327246171111088111171245329401
440437389307217141093084115189273351406421385301209133089087129204288367
424444414339244156087055073128213306390432428363264177115094106156226296
366429439380306216142066049101153223332401446401336270197133124184238297
350400431376307247171106044075145214281353414444386324254196146149205260
313362405410344265209141076045097161220290365406406356284219181168186214
264316361379361303230166097058055090153237309359383366318266228207208221
243278315341343314265206155107085093124172231295335352343316286261246237
236240257282303306284242202160126110114139178225274309332338326307287266
246236234245268286293288268239203168144136149180223269313344367371350313
275249236221225242264291312314292252197156116114156209254302344389395346
306272233189171189229271309347343296248205157113103125177247319377413416
381314245180138121137187261322367387356284207130081072106178264346414441
429373290209136088083116196279358407421369280188121076081137219316398451
462426344245153088049071133228324406451443372269179107080102164254347431
465449382287188103043034079164265364431456425344234153101093141209304385
433447384313236156085033076146241321386449446376317216149116135187256339
404432418356261169097045043087160252346411448424353280205153136158203274
346396412384304216133074047072124196280358409422389318243194166173202246
302350377373324253180119085088128180252317373402391348286238209203211235
272314346354328271207153117103122164215265317351364351315272242224221228
246275303316309275231189156135137158192225262297324333321294271257248244
246251263277283275251223192174165166182201228263292311317306295285273264
258250252255260261254244230214199187181188203225254285306317317309298284
267249234227234246256260254246234216197184177189213244282309327338332312
281248220205205221244267281284277255228195171162171203246292329352360341
306261221185171178211248287308315301267222177152144164206259311352378377
341284225176147144170217272321348351319264205154127132165219281344384402
379319248177125105121171241309364387380318248179131115135185248317376411
410357276187118067066111188269349398416381306224149112102129181257342397
422397323229133061025042111195295376425428376287199136099103143219307368
409412361253157073014013044134239336404441427363263170119106130188266345
399416384293191097022006018083186293381435449401322231164132131163222294
360397406353252151062013013049129221319393438439383303226170146149199253
312366394379297205122051019020077158252331391423423357278218176167171211
269310348362346266191118071049065111183255329378396395340277233207200201
218252285314326295241188140101088105144190261317357373369334295258233217
211220238267290301286254214169138122127149194247298334357358340307271242
216202199214239270290296281252213174145136149192246297338364372364329283
238202181175190222263303325326301258201163143149193239302352386398388350
288234178143140169218281331364372338283215163136140175240301362401415396
342268195133105110152219295358397401356287211154125138180249321383421424
385315229146084066088153239322394433424365279197143125149197267339397424
412356263179096050050099175276360422446417346258185141134162214285360403
417383306203118062029056126209315394445446399330237176143150185243321377
407398338252171086035038087165258354421451436373288218171159174215275341
386402376307213132067050080135218308382431445408346265211176177198243302
355384377326249166103070073122191260343395427417375306249207191196222265
319358371343277203144103093117164231286354398411388340282236209201214245
290324341328279225169130111119151194244300351376378349306263231214217232
261288306311290250204166139130146176217257304339356352325289258234223226
234250269279279261227194166152153173194224261297326341336314284259239231
229236244254263265258240216193178176185202231265297324337336318292264241
224217215224239258270271259236213199190189198221258295326344341319288251
222201189190206233259277285277259234204183178189217262302332346343316276
231190160150162193236276303316307277236191168163182220263314348363344298
250195145114110136190251307344355329280222182159159182222277331366373342
279209141090068081134210283344383389354292229173145147173221281339375378
333256176099043029063138226306377416412368292224172146153190248319373396
379315214126057017022080164263354422448425374285212162149167204279341386
400359274178080014006028102187301389444460425349265197157152175230306362
400390329229133048005000049129224330409454458411333251191155155184245324
375399375295203111035007020075155249351414452444395323246189166169203263
334371385351289197110052026046089166260345408437428380301241195178177202
267323353357327257186126079061079123190274348398422412365302242204189189
212253297328339324273206155118105114157218284349390405396355301248207188
185196234272303319311278236187153135139168222278334375391385344296247210
182168173195234285309318306271231187157155178224278332370386379344290237
190161143144184233289324340339303258211184172190232280331369383381345290
233173129115125168233290338368370339290236200184194228279331372386372331
268204151102087116171243312367402396349288233194181200232284336370381364
302242166121073081126191268342399426409359285231193191218260311353376375
330265187119072071109170246328393433433396330264215191198223268318360378
361300224145088057078124198285364419441424381306240201190201230279328366
372331256178105065063099155227306374421436408353287226191185202237287339
367359308234155100060066109178262340396425423387325264218191189207251307
351361335268205134084068095149221287350398420405360297243204191202229279
322349342303236167119084087127179248304364398405378327268227204198214247
291325339315266204154116101118163218273333377398389343291247214203208235
270308325319281235182144127133163207249297347382392368320272242218213224
241271298309303273232190163149162193228271313351380376355318276241220212
221238258277296300286250212186184197217241278319356378374344300265235218
212217232250273293304295268236213205216231256292331360375373349309254220
204193199227256284302316309290271254225207227252274300331356361350293244
203178144143164207260295324338324293261238226243266289312336360359324273
230185132109123151193261327359372341291249230218219234267309341357354293
243177131099098135191272325369395400369293250218209221247273300339369357
291202131096073074119196282349397414412350289238204195204239279322357370
339259171112080051066121201296379429454433372301238200195217248301351380
389339254169110063029049144239346419458466448415357265207173201248296346
392391326246165094023026149218291367431469477451351261209186180207264335
389408406325221141067030033091188288375436464465421340259205179173206258
333378396387316229148082056060121194293372431453453404294223180157156192
250314355369344281204140086072090139215306374421436412360279212168153154
186239296335357348291216156126121131171234304366402421406343269208164144
148188229268308343340300260220170151173221266318363397403375319256204165
147148170205262309334340322277234203191195227269323361383387356299247195
157138137154198258306335347337297265230209206225259306343361361333286233
183145126122137188246304337359361330280240221217224245291324340341318269
219168128110107127187265318358379376331280241222217225260292319336336305
252203149111094096163226297354387394377328276236217214226254287316330331
287227164114093088112182260332386405408367312265227209206218258296325335
314275203141098079089148219288352399417411348294250218202197217261306333
340328259188123088079099168246317377411421400362314258211194209247282317
341340306227148098080080117189262337397424423377310258225205196212256304
340356341274203133097089112179242309381420434418363290246211195206244287
336357362321252181128095091140203279339395424427392309251210195192213244
300341351333279215148115110130189243305367396408401350291249206190190224
269315332336315253198152132131164206248286323360394373313257212187184202
236284312324324299248196161151160204239286333367383384346282225196183183
209245280306317318282241203182180198223252290332367378363311255209186178
181209241276302314315291256224208204213240274308347369367329282233196181
173178206240274302317319302272247232228233257286309331354354308259215180
162154156189226269308334342330295268249243244261289317340349343304257215
179149140145189244297342360365362328292263248244255285314337347343307244
200154117102105162224287344376387382337285248230225236268297325336335290
232171128085073098153241323374409417396345283237217212224259294331353356
302232155088057047068143232313379430448409356302246195193215252290330372
380325250186122042020091188266340407471473431357264209180172199260342394
415404328229131073019016100186295391452487485418335245187153147204283359
413430416327223145063029038109209320411461484470396294208154131135182289
359406417379306198120056038078152244346419470484445362267184143128135206
293368407415378291208138087074127200280364428457459404312231166123114135
196281349381386344275201156135132165221294370419431422358268200147124117
144194263324353362333271221192179187210245301356391400377312241182145130
130154196256310336348328298264239225224237265299340361367329279229191160
142142162193232284317330331320290267256251256272295313328330314271227184
158144142159188231281315330335326309287268254249255271291307310293262223
189162135133162204246286319352364352326299272251244250265279293296281255
221194166138134159206248289331375380352322296270243223230246267292302289
259196150125118123148202269333374389386348305264231213209225252282307313
297247191138106099110161226299356392398376334279236206188187207245292326
333287222159116097097131189258329383403408361307252213194191214270311332
343331271201130094081100150216294358397408399342281224191179185227281326
353356315238161109079082121186260332389414417378304239191164162187242301
340358343278202131093084105151219289355393405383327257201158145164205262
319350354314241169124091095129186248326375403406368295227168138134162219
279329349346296226160119105116159217287343384403382322240177134122133180
239297337351329273205155132131161203257315367395395348281215156129125150
201264313338344317265214179164169201237278318355369364304240167127114124
155203254297321328295258221201196206229254291327348351317267207159124116
135170213259296316322314280256236229235248269296319331330292241189150123
116130160198240282307326325301277256244240246263282299312308275233186144
119113123149185234283314339341318292266249240237245265288307311283241196
144117096096123173235291336369373343309269242223217222241269296320312264
213153099082080091143229308364401410380324272230209198205238284327350350
295219143084043043078164252338396424426390324251196168166181224296349380
380315227156057028034071160271366425455457397310231166137135164234326376
404404323225131051014016073174286383447469444364271187128098107164262339
399431399314201102047023050121230349423469486408335231144090078088167267
359408419379279175113052047105180281373434456439373272177108077072090183
279362405409354259170113083085145218311372424442411333245156091067073117
191282346408407336261196146135143181236306363401406352276197141097083102
148208287338373371316253213189187203235267323357375371310255190151122122
145186225271315344342315288260235233245270292315337338314280229188147128
133164195229267304323323316304286266256257262279298308308287257227198172
160159170191219246271295317315303288272259255258274290297293262232204176
161157161189220248270291311321320308291277263252252258268274279277270253
223190162155155169213253291328343343321294264236225222224240260273275258
225193162143136141178219263311355368357323288257229215218241267291314317
301254209170136131157199252300340384387353310265223188184207250284314331
331290235179131103103157216290338379401393321264223183167171229284326364
368342283219154103100140195263327383428430391329263206158158199243287326
364365314249182126091096150234305361413431405348276211151127136198262319
370382351281220158101092143222286335388429432373302235172120118158225289
350390387322274206131101128185249306356401418385311238174112092124185254
317366385353290222165123120160216273335380414412349271203143089090138195
259321375379325267215172146149230278322364404412375296222162112095122181
253309355392389330274230189180197235275314354385384331259197151108106159
220281329363392391331281246217214239275306337366371338286241196152113114
159199240281316348344317291266241237254273291310328326287243201162132128
134166201241286316330331320300284266253251256271289301302285258223186148
131129155191235274307339353352329302278257245240245263282296300286252206
159128109114145191248298336362373363318275240216209215246281317331322281
221154106086092130201281341393416409362299238189167171199241302349372358
299216146095061062112199290372427445427366277193142121127166244326386411
391317206123075042054112206304394444456417337236153090076104162256333406
432393325229155079040079157251359431471471396280182117064056107168269367
434450400313229146067048114197281352421473445335228132068038037104191290
385448448356242173120075079152239331388442461378273173099057035076148231
333388436435315225160124109139201275346395430397309226144096060054109173
256331401425386298220177148152193237281332383396339265194150110081090147
207268324378385340287241204186188220253289327356352289226164121099104143
182229280326349348313272243227225236253274295313316290244198162137131135
161193225264297317316294271254245241241247254264275274251232194176162157
159169188217251274291297289278266254242234229229236243241232221209195179
158154161181212240267289310313298274248226211208214225235239241238228208
186156144149168201236275305321319300270237209194189199217239258272271250
216179148134135161201256303334348340305263216185171173193226267297311294
257205156131125132171225287333368375348293236188153148170208252302336341
313255195146121121140187250313364391385336265204153128134172227295342366
358299239177126112115168232299368403405364292214164119106141201270336381
393358280208142106105141203275351399417391330241170116080094151226303371
406400343264181125113120169236311379416415363273184115076061103157254351
408426382307236169122117144207287358403416387310216123063032054109196290
371414420372278197141119131175236309368404404349264182093044041079141219
314380408408328253193157148173217275335378390363294214136078052065119189
280349396408373306247194172172201241293336358354312245178112069060090141
210276335371371332280239208193198216241278309327318276212155114087090118
164211272319340337315285256236222221231248268288296286256218177141117116
139173212257296322329329306282262245239237239250264278283273245211173146
136139158196237281321341349336306269240221210211222240261284299285248201
148119109126175231277327360373364323281241202168169198242287319340330289
224165125102116169238305362403414380329272213161122138190239292340381377
306238169112081131186263348413459458409315215140083085115183274353414438
405324226146093081119199287380434459456380276181104055056103181289375441
461424333228149086087132204301397452466403315236146068023038094185291376
451470428331227150095084155239335405447447387286195105030012059133228339
411453448384281205144121135188271349415430385316234171101033026121203286
357419452414346281211143135189244302356409412363284193116060047091152229
316333436440392326252200175183208260320365384369309237161105076090139196
261335391411398351293245210201210238282316341343319254196150121123150189
236292344375377351312274246234231243261280304313307274227185157151161184
212248294327343341322300279261248248253263275279281271250226202185179187
201223249280306322326317301287271259251245245254263266261250238225212201
198205223250278305320325323314295275256249230229238250260266269263250228
207196195209232265299322337336320291258226205198207225247263283294291269
231200184184202235277317352365359329288244205184181196230272311338342319
272226194174175204244293340377390371323257199159147161191244297343369365
320258209172156165204256314368393390349280206147109103137197263323372389
364301231175139137164209276342385398366293207136087060077132213295370407
407350275207151126133174229312371403399340247161093047047096171259344413
439414348252184146135157205274343393409382301209125055023047116203300387
440452412325243181148148177231312373411407347252166087030024073154242340
416450448393305231176155167206272341389404379301215127062027049104179267
360418440428365287225178164186231288345379387344269181104053044079139218
306380419425391321263216186185220254288320354357294228154102073070125187
245307357402401360318274234203200224251277303328324284232176129108109159
210256300343383381336294252214209217236253273291306301270239207177146137
147192236289340376387368326285255226210204207232258285300297267236205171
153151175224275312344369368340291248213185171171193235275304316315274224
181153147159216272312344373378352288237182144128129170236294336362364312
248196157143156210273328374394397349277205138095087090169250318377401399
319244181138128148207274338387411406331240158088053050106190288368417430
394316230171131124153215288357400412374287185103044020021101200303378424
425370286211153126127158226307360391388324228143062016008059138240337404
440429359273204150135136178250317371397367281187096035011014093179279369
420432404327252186148141152197272333369371314235152076026020071143232326
390424424369298235178159155175225290341365337273195124066042059115192279
358398425407348282221180170176209260317355361316251178125085081125188252
322380411417387331279234205198211251293324339334281223164125111121176228
276331372391390353304263235219216227255286308312289248198164147142152192
232286327355364360325291257233222220225247270285287274241207187176174186
210242282319342346338313288262243229224226237256266266263249228211199196
202225253286310327335331313281254235221214217228240249255257251241229216
208207214242273301326337336321291256223202192192208247269283291292286252
223210207218251288316335345343312275233194168159168209258292317330329295
259231214211221257296330355365351307257201163137135172229287334365374358
308256225206204225261304346371374348285222158119101123173241312372401402
361306254215200199228274325364383376324252174109072071116197279357408429
417364292236197187190234293347382392363289199119059037061127223318399443
454420353277219184177197242314356391394334249149070025020073159252353417
454449400324255205179176202255318369391375303211114041016024082188292369
424447442384291234190176176197244317373384356269179107044024043108206301
381426450428377301225180173190244331372383381330260169096048045083156233
327405449449416358278224188180192228286344370371323247168105073076123181
265338404442441404339272224198190199236285328355353299246187137113114147
205279345395421421391336275228202192196225265305331336309264218175155153
178228286345390410408378325271229195175176202245287316327318286242206183
175195235290342377396394366309256209170152151176221273315339344327282236
203191203243290334369387386354296242187141121119158225277325363377363316
264227201201240281325361378380354294233169121095104158221297361397410390
330273228202203240286331363379374327262193126080068097158228315383421430
397336272224204200228274325367380367313240165101063060104181262350416446
445401324258212194196231279328366377355287207132075050063126205305384442
461440381301238201189196239295348374378336259179111063056099174268354423
460460421354277226197192210254314361380366306228150091061070128209297377
431449443394314248201187187217279329369377338276205136082069100168239324
393436447424359287230198188201241292341363363311241169115089095139204279
347398425425387316260214194190217260305339351337288219165122109130184246
308363405420404362298254218202206240282315337339306262211170151153186233
281337384410413391339293253234226236261290317328326296259220199188191226
273316361393406404365314277252235230238261287305316313289261233214208215
244279315356385390381345296260234215210220247270289302304296277252234227
234255285321355376379360325283246216195193203231259286304310309296276252
238240260289320347361360334299263223190173165173205249289315329328310286
258243239248272304330340341325288242195155133129148201256306343361360333
296265245239246271302329342343325279219160119101106152214279337386400391
350297260236229239265299334351352320260199131084065076144212297370411426
408355295246217211223257302337363365323250173098050039074150238329402443
447427357286230203198217260314359384376320239150074025022074155259353425
456456414337263214192191213259321371392376312219123048017018064161264371
429452447394306236184164165184244325374388369280197101029014026075175263
382439462447376281209159144145184259337380389357271176075026018063147241
337426465466415319268185142133147212296358385384336267177104059048091161
249351421459464421320245179135129147196270335366376336266186127098095141
204290366427450443389299229164134129143187255311351362332274211167147147
181237299373415428409356279217164137131141180240293336348334296254213194
193217262312368398403373324269210159134126142184241295334352351321286254
234230244279323360378377349298248197156130125137182235295337364372361326
286259246249281315342355354331293249199155126117136184243306357386396380
342301272259257269297326341347324288243196152115107134194264335390410413








        
