MUMBAI
2006
000000000000000000000000000000000000000000000000000000000000000000000000
468478448390308232188172190238304364400400348260164082032024080160258358
444486488448368278204164156184244316378410398336242144066028032098186280
380450484472418328238164128132172240316376406386318230140076048069136218
310392458478450388300212146120134184250325380400376312234162109093124180
253336411458460424352266192138123136178247316368388360306242188152144170
218280350414444432388316240180136120138180238296344364352312262224192188
204248300356398414396348288230172128118140178230284324350352334300264234
224240268308347374380360314268217168136126144174218268316350367358330296
264252258274302328344348332300256208166136128140174216264320362384380348
308278258252258278302322328320292256216168128112124164220278338384406392
360318280254240241260288312328324300260208160120104120166232300364412420
404360313270240228230248280316340342312260196138100092116172248320390428
428400346288244220214224256298334356344300238170112082092140210284356412
440428388328268224200196216260311354374350286212142096082108165234316390
440448424372302242204189200236288344376376332260188129092096140204282360
424452444400332266212186180206256316366384362302224152106092120176244316
388440452426368292228184168180220276336368376340272200140108116162220284
354412448436394324256196164164196248304350372360308240176132122148196254
312372416428400344272210160144160202258308348360332268202154132144180228
276328376402396352288228176140138170220272314336326296248206178172192226
260298346388400374316256200162140156196244286320328320292256228208204220
248290330362376366332280230184152144164202244276302320320300268242228234
252278304328348356342300248200164146148172204236268292308308300280268258
252260270288308324324304264224180150132132148180216256286308322324312290
266252252258272288302307292260226184148120114130168212260296330352356340
308272252248250266284300307298274236184136104096118160212266320368394388
356308268240228232252276300314316296252192124074060086140208280352406428
414368308252216202212240274312340352330272188112060048080144228316400452
462436376300232190180194238296352392394352272178092032022070156248348436
486484442360264192152148174232308380420416358264160074020016084180288392
472504484424326226148112120168248336408444426356248144060020044120220324
428492504466384274180108084104166256352420446416336232136070048090168264
360452500492436338232140080068104176268358420440400324228148100098146216
300388456478452386288192112068074116190276356408420380308232178149164208
260328396440442404334248176112088102134194270336382388356302250216200214
240280328374398388348286220160118106124160204260316354360340312284262248
248256282318349359344304260218174144136148174208252296330346348336314296
280268266277296316324312286254228196168150150174211252288320346360358332
306278264260270280288296296284260234202176152144162200246292332364376368
344306276252244246260276294304300280248210168140132156200252308356388396
376340296256230220232252280307320312288244192146120120152200264328380412
408374324272230208206222254294326342330292238180136114120160220292360412
428408366308252208190196224268316352360338280216154116106132184252328396
432432400340272216180176198244300350378372328260192136104112160224300372
428446426376300232182164174214272330378394368308232164120106140198272348
412446438396324250188146148180236306364402392344270196136112136182252324
388438444412348268196144132156210276340386396368306236172132128166224292
352412430414364288216154118126168232300360392388344274204156140160204264
316380416417376304232168124112136188256320368384362312248198168168200246
296344384400376322252190136110118156212272304360366338288240208196212244
276312352374370332276216164132126144186236286326352350322286256240238252
272296326348352338300256206166142144168204244280314334334318300286276276
278284300316330332316282242204172152154172200234268300320334336328316300
288280280286296306312304280248212176152144156178212256294326348356350332
304280264258262272288298300292264228188148120124152192244292340376390380
344300260240232234252280308330328304250196140102104140192258324304426436
404352288236208200212250298344376378340272192120076072112184268352428466
460420348260192152154182244316380416412360276180100050048108196274392468
496472412312216136104116166252340416456438372268164080038060134228340440
500504460372256156084064096170268366440472442364252140068044092176276380
468504488424312196100040036090180286388460478432344232136080078136220316
412476492456372256148064024042112208314406456456404318216146110128184260
342416456448396308208120052036076144228316392434424372292224176156176220
280350404420400340260184116076076116176244312368394384344288240208200220
252296340370372340288224168126108124154194244296340360350320288264244244
244258278304324324296256212178150144156178204240278312330334324308288276
262260264272284294290276252230204184176174184208240276306324336338330312
286266256252258266274276272264248226200180172172192224260296328346352340
312280252232232242258276290296292276248212176156160188230280328364384380
352312272240218212232256288314324324296252204164146154186238296348386400
388348296244210188200228268308336348332288232176140132160204260320380412
416384324260212172170194236288336366370336274208154124128166226292356408
424404352280212160142156198260322372392376320248180136116144200268336400
436426384304226160124128168230300364404408364292216156120130176236308380
432440410336244172120108136196270346406426400340252184136124152208280350
410432416352268180120088100152222300372418420380304228164130146190252316
376416416372292204132084076116184260340396430408352272204160156184232288
348394410384320236160100072092152224296364408414380316248196170184218264
314360386382336264192128084088128184248316370398392348288240202196212244
286326358366346296228168120096112154208260316356374360324284252232236244
266290318336336310264212164132120140174218262300336348340320298280266260
262272286300304298280250214180150140154180216248286316336342334318294280
266264264268278284292282264236202172152148164196242284320342354354340312
280256240236244256276292300292272234188148128136172224272320358382388366
320270226198192204240280312330330302248184130098102140202270336388416410
366296230172140140172228288344380380332260176108072078132204288368430450
424364274184112080094148288312384422412356260160088054074140228324412462
460416330222124048030068148252352432464436364252152080056096172268372452
480460392276160068010020084180292400472492448360244152092088140216316412
468476430338216104024000032108212328428480480424328224144104118172252344
421453441379273165073012008061145237341427471453389297209145125149205277
353405423389317221133061025037096173261353421441413353273209169165189237
289345381381341271197129079061089143207275344385399373325269221196197213
243281317335327289231181133105103129171219273321353353331301269241223217
221241261285292281253217181151133141160189225261293317325313297277257241
233229235247257260257245229209188177176177197225257287309321325313293271
249237232236245256263265263253237217197184181199229264295321337337328301
273245224209209223243270286289277255228198180176187216256297333357357337
297257221193185193221257288309317301269227193172169187225269316355373569
328285233193167168191229277319341341313279217179157165193237293345385389
361311245193151137157201253309353371357313251197161155179213261321373401
385341268201144115124165224287345385389353293229175145153183233293357397
401369297213145097089125185253325385411393341265201149135157205265333385
405385321237157093061081137209289369416421381313237177141149181239305365
401400353273185109057053101169249333397433417365289217167153173219281341
385397372301217139071041071132209292369417429397333261201161165197253309
357381381337256173100056051097168241321387425417377309241196177192229276
321357368349291217145089069083137201269337392413393349292244208201215245
280337341342313257193137098089113161213271331375388375325285249225220229
249277301314313285241193148120120144180227277325356361351321289261240229
233243263281289288269241209173145139149181225271309341353353333301277253
237229225237256275286285272245205169149153177221269305341357361347313273
240209192191209245277301312301271225179145136155197251301345377387365321
261209165145153188237285329353351309245185136121137185249309365401405373
309233165109089105161233305361393381325249177125103125184253329389421409
357277185105049044081257245333405445417353261181125113147207281361421437
409341241137057013021081173275379451465425345245167113115153221301385431
431385297189089013-13021101201313413473473417329231160119128171245325397
425411345245145053-06-09057141245349437479465409319225164140157207277349
401417389309209117045013041107185281373441469441379291217165155173221285
345384385341261181104051037079149221305381432437401337267209177174193237
289340363349297229161101073081125181245313373404399361309256213195193213
245287321329309261205153121112128157197245301347369360329289250224209205
217237264285293280241201165141145165189217257300333349341313285261241229
223228241258267269258241219197181180188207233269301325336329313290261237
227217217228241253263264253240221201192193209237269300325334333316289259
233208196197212237257273281277261237217197197211233269302326341337317287
251213179165179207241273295309307285249217197199213241277313345357345313
273221181149145172212259296333346333297249213195197219251289327353361341
301241185139121133177232281333365365337293241205189197224261301345369368
333273201137101101137199261324373397385341281229193185201233281329369381
361305229156101081101155227301373417421391333271221191193216257305356385
381341265187113071073119185265345413440429385317249204188196225269324369
390373309221133073053081141217298381433449427369293233195189205241293349
385389346265179105061055101169249329404445444405340273221193193213256309
361383368303221141077052065120189269349409437424377313253208189198225271
321357364333269197128073061092145211284353405421401355295241209197204233
271318340341305245189131091086113163228293355396404380333285240213205213
233261295324325294244189141117119141181237293344380389373333285241213201
207221245276299312296261217174146140159193244293341377383369325284241205
189181197226261291309309289253209173157166197248301345380387372332277232
193161153165201253301336345329287236189172176205253305352381389373325269
205153121111133184245309356379357311253201173173201249301353389397371314
245180116081078117185265337392413393340276217183181212261314365397401370
301221149081045061118201292373432445413353277213178180209261317369397393
353281190189049031065137229321409457461421353273213180185213265325380401
391333245156181037041093165257353429469461413337259201173179216269329377
389369301213129057029053121205289376441467445389311237187172185221281337
377380344269182109057044081153237321396436445421358285224187175190232285
340368361309240149089061076124185249332392425420381317256207177171197240
293336352325273201133091069104149193261325377397387351305249201181185213
253301329329297251193149128136164201245297345385397373334289249221217223
244280309335329302261217189173181197237277321365393391365317273248232229
233241261285301305287253217192192213237261288324360385377348305265238229
229232240257278297301293269245229221229237265297333361372361333296257229
212209216233257285305310305289271253237237249273305337357361349321281241
213192185201225257292318329328312284260238236253280309337351353337308265
221185162161183220269309343360353329291258241241257281309333352350333296
245191148129142181233287332369381365333289250231229244269300329349348321
269200144104096128180240308364396400372328276238220220240266300336356348
304236168112078082128190268340394420414372316260220208216240272312350360
336276204124072056082140216292368424440418368300244212202212240284336368
370328256168096052050092164244328404446446412352284224194190208248304352
380368312228144072040048102180268352420452444400330258208184184212264322
368384360292210128068040068130208290372428448428380308240188172180216272
326368378344272188116064054090152224308380434444416360284220180168180220
272326362364320256184120076078116176248320384428428392330258200164158174
208260310344348316252184132106112146196258328390418412372308244190156148
158194244294330336312262208166140140172212272332384408392348280218168136
128140174224276318336320284240200174170186224276330370384364324268210156
120110124160212260308340344324278232196186202236284328356368346304248192
132096090108148204264320356364348308268228204208236282322352360340300240
184128088076100156220288348392400376328272234216220240276314346356330292
236172112072068104164232310380424424392336276230204204224264312348356340
296236164098052064112176256336400438440400348272220200212240276322358372
356304228148088062084138212292368424450436388328264212190198240292340372
380348284208132080068104168240324400448466440380308242210204220252292348
380388340260180112082092140200272350420456452416352276220190190216260312
354380364310228156108092120176236292360416438424380312244196180192228272
316354364340276200136106110152204260320372412420396340272216186190212240
272320352356310248188138124152192234284340384414404360300244204190198216
248288328352338294232184158161192228268308352390404384332272220192188200
224252284316328308270228194182194220256288320358386392346292240204184182
196220254290316330316286254228220228250280310346372392376328268216188174
180204228252272296312317294264242232244260280300316334340328296244194164
156172194220246274304320318306286270264270280292308332356354326280228184
160154164186212258296328348336310300282272268268276304330340326300270232
192156136148176220266308348368368348312278260256256270288312332332306266
216170136120136176228284334376396390362318278252244248260280308332338316
264200144100092120176236300360406420404366308264232224238256288332360358
320256180116076074112172252324388432436410356296240204202220252300352380
372324240156084048062110180266352424460448410344270210184188214264324376
396380316220128060032056116196288380448468452396312228168152164204264332
388404376294188100044028064132218304396452460428360268188134122146200264
340384398364276176096040040088160244330412454450410330236156110112144200
276340384388342256168096064076128196272352420448432376292204132096100140
200268336374372328252180124100116164224290360414428396336252172112086098
136188256320356360324264204162148164204248306360396396360296220152102088
108142196248300342356336294246210194204232270310352372364326264200146112
104124148190242296340356346318282252232230242270300334348340308260208158
128112126152194244300346368364340308270242234238258284308324322302266216
168128110118146190248304352384384360320276242228232244268292316326312272
220168124106112144196260322380412416390332280240220220240272308336348330
290232172120096110156220290356412432420378320264224200208236272316354356
336284220152104086108160226304376420434412368300236194184200236284332362
364336270192124084080120180252330398432428394332266208178176200248304356
376364316238164104080096146214288360420434416364292224176160172206260320
360378352288208136096088122180248320388426426394332260196156152176228284
340376374328254180128104116168224292360416438412356284220172156164202256
316368380356296232176138130154204260320380424424384320248192156154182232
280338370370334272216168148166208250296340388412400348268196152154172204
240286330358352308252204180180204238276316360388392352290228184156160180
212256300330344330296256220204212236268300332356374364320260200168156164
192228268306332338328304270244236244260278300324348354328280228188168164
168190224260292318324316300284270262260268280292310326322298256214178160
156166192222254282308324330324308288276272272276288302310308288256220184
156146156176208242284320344352344326304286272264264270284298304292264224
184150132136156194248304346378390374340300264248244250268290312322312280
232180136108110142196264324376408416392348288248230226234258296336360352
308248178116084088132192276344408444440406346276220196200228276324380400
388336248160084048068128210296380446474460400320232172152176220280352408
428400332232134060034068144236328424484492456384280188132126152212290376
428446408324208112052040088168264364454496486432336224136086092140220312
400444444392300188100058072128212300396472488456380272166088060078140228
320392436428372276174108088116180256336420468462412322216126070060096164
240326396428408352266188146139170224284356424448420364276184116076080120
176244320378404386340282220186186212252300352394404376312236164116096110
140188248308356376368338296256230232248266292320348356336284224176140128
136158192236284322346352336312286264252252260274294312316300264228196160
148142152182220270308332344340326304278256242244256272284294290272244204
172154144152176216266314350366368346320288260238234244268288302304296272
240192152132144180228280330370392392366316268228212218244272304322328316
284236180138122136172232296352396412396356296244206196208236276316342344
324280220160122112136186252318380412414384334268212180176196236288340366
358320260194136100104144210284348406416400352288224174152164200252312360
372352292220150104092120170234308376416412376310236172136134166220284340
372374336264188126094104148208280348404422400340260184132120140192256324
376388368306228160116104140184254324388422416368292212148116124168230296
360392392356284208154130148188244302364410424392386240172124116144196260
324376396376324252194160160188228280332380404392340264190134106120166224
284336372376348290232190174180220256300344378376340280210152118116144188
240292336358352316268228204200220248282314342356344296238184144128136168
212252298328340328300270246236240256272292314328332312268220176152146156
184220260296324328320308292276268264268280290302308304286254216184160160
168188216248280306320326322308296284274268270274282290290276254228204180
160154164192232270300322336340330308280260252252260272282290288278256218
176140128140172216264308344368370348304268234216220232256286304318308272
224164120096104140204270332376396388354304244196172178208252296332352340
292228150088060072128204284356414432408352276202148128144190256320376396
372308220128064038064136224312400452452412334238156100090120188274360418
428396316208120050028076160256356444476456394292188100048056106196304392
444444400304188096040044112200300400466476440360244136052012036112212320
408454452392296180100064088156248340424460456400298180084020004048132240
344420458438372272178120100140204288368424440412348248148064020036092176
266352418440412350268200154150184236304368408406370300218140080056084136
204280352400410378326268222192196224260306348366360320260196140100096126
168218276328360366346312278248226228236252284308320314278234188152132138
156182216260300326336330316294272250236236250272288294284264244220200180
168174194232260288320342356350324296268248248256264276284290284272254228
200176172186218254292324352364362344308264232220230252272284290292288272
232190164156172206248292336364372360326278232200188204232264292312320304
272224172138136160204256308352380384360308248196170172200240284324346346
320272214164132136170220280340388408390340274208160148166202252300348368
356316252184140120136182244308366404402368302228164132130160216280336376
380356296220160124126166220284344392410388328252180126108132186252324376
400388340264196144128150198256320380416412364284200136100110158220292364
408416384316236172138148188238300364410420384312228152104092128188260336
392420406356280210160146172220276336388406386336252176116084104152224296
368412420386324252196168180214258308360390390356280200136092094130188256
324380408400352288236198192212240280324356376358300232160112096120168224
280340380390368316272232212214232262296328348340308252196148116116144188
236288332360360334300266240228232252276298314320308274232180144128134160
196240284316332332312292276260248244252266280284286280256228188160144152
172196228262294316328324308290272256248244244252260270272260242220192170
156160176206244280316336340328304280248228228236246256264276282272244204
160138128154196240288326350362352320272226192180192220252284312324312272
212160120110140188244304360396402378324260196152140160208260320360380356
300224150104090124184264340400428424380304216138090092132200276348408420
388312220136084076120196280366430452428360256156076032044108192288388444
448400312204120068076136220308400452452408316200096020-10028112220332428
476470412308196116076100164252348424456436372260144052-16-16048142256368
448484462390282184112090128192280364424436400320204100016-28004076174280
380448472432360256176124120158220296372406400352264168076016004056124212
296380432442404332248184152160192248308358380364310236156088052060108168
236308372410404366310252204184190214252292328338320276216160116100114150
192244300348372368340300260228216216228246272296306290252212180158150158
176206248288320334332318296272248234228228238256268274268248230208190180
176188212246280306322326324314288262232216212224244260268270266256244220
200184188208240276306328340340322296260224198192208232256280292292286268
232200180180202236276316344356348324284238196174176200232268300320328308
272228192172174202240288332360370356316260204160144164200248296332352344
312268220180162176210260310356378372336280218160128132166216280332368376
352312252200168160184232284336376386364312236170120104130180246308364392
388348288228178152168200256312362388372324252180116080088140212288356400
406382330260204164160184232290344380388356290208134084072112180252332392
424416376308238184164172210264316366388372320236154088056076140214292368
416432408348276212172172196240292346376376340268188112064060104172252332
392428424386320252200178186220268318358372356300326148088060086140212284
356404424404352292236196192210244288328354356324268196130088080116172236
304364402410384336284240216216232264300328344336300240180132110120160206
260316364390388360320278244232232248276298316324312276232184148140152180
220266312352370364340314284258242244256274288296298290270242208180168172
192228268308340360364352324292264248244246256272286292294286268240208180
172188220260300336358368360336296260232214208218240268292310312298268228
188164172204252300342372386376344288240194168170194236276320354364346296
236184158168200252308356396412392344270200144116120158220288354396404372
312240184144148192260320380416420392324238152092066092148228316396444448
404332248180142156204268340404436432380296196108044032076156252356440484
472420336240172140166220288364420440420352252144060012024084184284392472
504484422324236170154176236312384430440400320212112036004040120220326424
484508478404300216160156186250324392424420368276176084024020080160252348
428484452452372280208170176212266330388410396336248156088044056116196280
356430468460416340264204180188220272328364376352292216144092078104156220
288358412436420376316256212200204232272314340344320266212162132128150192
240300350386396384344300258228216224242270300316316290252220188170168188
216260302344370374360350296264240228228238260280292292276256236216204202
210236270304338356360346322296264240224220232252266278284284280268248228
220228244272300328348352346324294262232212208220242268288302310306290270
244232232246272304332352360344316276240208190188204234272308332340328304
276252232228238266304344364360340300258212176160166196240290332360368348
312268240228230248278312348368360328280224176144136160204260320368390384
352304260228214226252292330356364340300240176124098112156224288252390400
376332280240212206224252300336360356326264196132088084124188260328392424
420384324268224204210236276320356372360312236156096068090148224296372424
440420376308248204194210248294340366368340272192116068060104176252332404
440440408348280226192194224268312354372362316240156092060076136212292368
424452440396328264212196204236280324364376350280196120072064100168240316
384434444420372300244206200220256300342364364324256180116080088136200268
338400436440410352288240216220240276316350364354304244180128106120168224
284344392420416380328274232212212232264296326338326284228176136128150192
236288344388412404368316266228208208228260290312324312288248204172164176
208252300350388396384348300258220196192204232268296316320304272236204188
188212252300348382392380344296244196170164178210248286320336332304262222
192188212256304350380388376340284224174140132146188244296342368372344292
244204198218260308352384396380336274204144100094120180250320380416416376
318256212198220260312360390400380328252172104064070116184268348420456442
400324252206196216256304356392400376312230140068032052116196288380448476
460404324248200188204248308366400408368296204116048028060128220320412472
492464396308232184176194242304364400400348260168076024016064144240344432
480480440368280208170168192248312370396384324236144068028036092172260356
428472468420348264200164164192248316372392368300212128070048072132210292
376442468450400320248192176180220278336374380340272200132092088124184252
324392438448426372304240196180192232280328354352308248188140120128168216
272336392422420384332276224196188204240284320336324284236192164158176204
244292344384402388348300252216196198216240272294310300268232204188188202
224256296336366372356316270228200188192212236262284296292276252232220216
224244270308336356356340300260224196184188204226248272284292286272252236
228236252276304332344336308272236200176166170184212248280296308304292272
252242244256280304320328320294260220180156144152180216256292320332328304
280256244244252272296314320310288238192148120116136172224272316344352336
300268242232232240264288312312296264220172124096098132186248304348378380
356308268240224228244272298320326312270214152100080098144212280348392412
400362310264228216222242276310332336308252184116070064098160232308376416
420392344284236208200208240280324350348304232150084052054100176260340400
432428392332268216190188212256304348364348290208124064040064128204288364
424444430380304236188174184220272328366376340264176100050040080152232316
392442448416356276208168156180228288344374372224244160090052058108180264
344416452446406330256194164164188236296348376364308230152096074096148220
296372428452432380308236176156160194246300346368348296226160120110136186
248320388432440408352278212160146156192240292334352336284224172144140160
200260324382412408372312244186140122132168220272314334328292250204174164
174224280336380398384340280220170132122132164208258304338346324284240212
204226256296336364376364324268212158116102114148196248298336356352320280
244226228252284320344352340304252196138098084092130182240304354380376340
294250224218232260288318330324300252188128076052064114178248320376404396



























