MUMBAI
1979
000000000000000000000000000000000000000000000000000000000000000000000000
431486496446346241159109101133213311383423424376278175085024013067151253
363453501494434331230149103096132213309378421420362267173099051053107186
283378451485471407301211138097101137207293359398398348264180121091100148
218305385440459438373277195135103107144215290344370370329267207157137150
188248320380420425396329255185140118119148203263317349355329281232199183
189218259319368394392355300243188145123122143188245293328342334305266232
210206223258311348363361332286237187144121119140190233287329353358334290
251230222231257293324343346319278230182141116113133176233294340370376348
300257229216217235270302329332313273225173126099097123174240303357385385
352297249214198199223261302332340318277216157111089097137198267336388411
398351285235203190198227271318347353322270203139095081103157226305373413
424397338223220188183200238293337364360315250177115081080119181254337401
434428379308242194172174203251312356373351290214144090069089146218301374
424441412343269210170162176219284341370372330256180112072074116184262341
404440433382301229176148149185244313364382361300224155100075098156229304
378429443413345264197154139157207276337373374335268195131088088127188254
331395432431380300223168135135168224291341367360308238167115094110158220
287357403421396335257192145127142186247313347354327270208154123121154207
263325375404400353279217164134132160208262313338340310256198158141155193
237286338375391373320254190147132142173218269310330330296250210182177193
216254300343371371341287231182150141152180223263299319319297262233214209
220238268303334352348322278225181152138149183223260292313326316295264238
230236248273305330342335304263220176147133138164208255297324339339318283
249232229241267300326340335310267220169133113119147201256310352382388358
309262233221231258294325346354336290231168115089094130190266336394428426
386322262222204207237284328366384365307229148089057066116193283366430463
448390305238187169177217286352398418391313223133067031048115210314407479
498464386285207157137152211301378431446403308205108037010045129237346443
506515466366256170117107137216319400452461406297187089025006050144264378
472520505431317221130081078126220334410459461394280172071018023091188303
411487514477379271171094061078142246349422458435341243154081047068135231
338435490495443346237147081061083150248346405434410334238153102090121176
254353435468467411299206129077067095159241323373396371309239179144134158
204274348398419402346267192130095096125177245308350371361316262220193189
205237293347384391363308254199154130133149188241294331347344320289257235
225229253289325351355332288244201170152149160186228272312334344335311281
255240240252277305322329312279244210177156147152177210267307337353350323
287255234226237258283300306300280254214170138126137167213260309342362358
327281245221209214238267297310307287251209163127112129164218280336374389
371321264225198192203231271309331335306253191140109104127180245314371404
404367305245201179178203244296338355348304239173121092100144208286354405
422403348276213170159173212267324360370340274201134090077108166242320387
425423378301229172146145178235302352382374317235161103074088139210290362
419438412342256183141127151201271335383396365288206134087081120181258339
403441437387295215151120125170234313371404396342259180118091107159229307
379431450417337247172134121146201277344388407379311228154108102137193264
340402437430372281202140108111153215293356393395350274198149123135177233
302374414424389313231167123101122174241301357385380331258193148140165207
259322373402399349279211151117111141191256318356375359309254203179182207
242289339377390373321253193146125134165211267319353364342297251225211218
235257295333358359330277224176138125135161203256298325335323296267242228
223228246278311333334306264218171141125125148193243291321337338323297268
244227226239268301323325308274233183143118113135177229284330360375363323
276237212204213243282313333333303254196140099089112161224293352391411396
343276222185173188231285330361369339276202131079061087147226309385435449
418340253188148136156213290354396411369283192110051029062135236362436475
463400293202130096101154245332401440433392300195103035011051137246361450
494484414295198116065068117212319403460465400287167074017023088195313414
489509466362238139064037058132250359436477461383265161077034050119223338
434492497441321211114054030064150267368438474446356244152081060095172276
376452488469387272173092045047096189296371431455427342243159108097134203
292378434456423344239150088057064109192286365413426386309229171143150185
245311374415418374295218150107096115160217292353388395358297240205193200
226265315358377367321263207162134133156186231282323346349326292259232222
224235262292317326314280240201167150147159183216262301323325311291273252
239233233250272293299286261230203176159154158175203238278311329328307280
251231220220233253272283287272249220190162146148170201244287317335337319
282244215201199218241267287298292263225187151133133158200255308347364359
327279232195176177202239286315325312275228177141126134168221282338358392
373321258208171160173212265312346355330278216161124111129179244313372403
398354287223170142140167226292346372365325259193141108108145205280248396
413390328253186135120136187256327374391370311238170121100120168238319386
425421368281203142107109149213294359395398354277203137097098137200285361
413427388310226150097080107167248331388415392323238165113093119171247334
399432421359263177113078087137211298374418426385299214146110115154221301
376423433388303211133079065096162247333391422413354265190140119138183248
324391422412347253172109070074118185271347397415387313237179142141170218
282344384395363291211144095079102149217285348389397353286229185169179205
248303348374368322253187134098097128180238299348375373337285241211201207
227259298331345338299245189144119121142181229287332357354327288259237224
220225246281312324316287245201162137130145178226275315341351342317284251
228216215230261290309311291259219176144128128157208261311345364363335295
253214190182195235280312330324268242183134107106141196257315367398402365
300236183155147169223287337367371333270198136097093128190269344403435426
373288213147111109147219301366405407359291203128080068098169261353422457
442378274185109069070114205307384436440388292192113062057098182288384452
480443348241145070037052118224337422472462393386184105060069127224335425
479479419304194103035017056144263369447484454368257164092063087156259368
442477450367251149067018022077173287383451478437343230151093082122196301
393442452403311202112051031063120222314400453455397302214151119125165232
321390422412347254173103056050087155242330394426412353271203158141155190
258324366379349283215151097073083129191261325370389375324267217188180192
222270316344344312261211165131123142178222279327358367349311275241220216
225244274302317314290252216184159157174202235272310333340329305279251233
225228240259273284283268243215190179177186203229263301319325319304284258
233217213222243267277280269253238215192179179196228264297319333336319286
251218198193205230256280289289277251222191169164176209252293327347346322
281235198176172191223261296315321304266223186166164185222272319358376365
323266214176158163191237287330351349314265212171153161193237295347383391
361298230172137131153203263318359374354301237181144136158201259324375401
388329253183127103116163228296357393396362291222165131133162214285353399
413379303218143093079110171245327386416405342261188138119134175243319383
414401336243160096065074123198287364415430391312227162122116142201280353
403413367281190113057042079148239325397434427369278200145116133173242322
378407395329235151081047059114195285365423442414343255190146138164216288
353398405366285195122068054088151232319389434441400326248192159163191242
305364395389339253173112075079122181255321385423424384316249201183188212
257311354377365311245180129103111145194261333386409402366307253218203205
223256302336350334288236184142126136161202261320362383378346299258227209
206215241276308325320292248204165146143161204259313353375376354315270232
209199200219254290317331313273227182153143154193244301346373384370330277
228188170165188232281323345345310255202156137145180236299349387401384332
265200149120117152216282334373385347276204149121127164227292353399418394
327242163101076086137219301365408412363287205139099104146213297369418436
403319221134071048067126215306380423433396297205138103105151232324397436
442389281180097045029070146246345412450441374272192127099114179262350417
443424349240140072021027092178282377435465435356255175127119131201294372
423437394293189101043032059132227329413466474428336237169136136170238323
388422416347244153083049050102174272360425457448378288216160138146190260
340383393359278194126079064089137208297371417430397345262202163156173209
270328357356310242172122088087122171237310363393395354299243202180180195
228277315329317270216167128113125160202250300346368366335286242213198197
211237271297308294257220183156148157184220263304337354352325286247223209
207219233256271285279256220189173172184200228261294323336330311279246222
207201206222242260272273259240219198188188201226259295318330329311282246
215193186190211238261276284281264239210188186197222260296323336335310269
227190165157172208249285306312295267234207182175188219261302332346344312
260206161133128151199255306335346324279232190168163183220270317352363344
294234172124103111157220285336364366333283228181158157180229287340373376
340272202136097085110169244320373400386332265207161145157192230316365390
376311231151098068067113185263346394416385325250189147138160206274342382
394360274186108058047070127217306375417426373300225168139134166226304360
397387329237142071034037080161256342404442417356270200148130140189254322
374399373288187108045019038103188288363427447415340258195146136152202270
336385390340255163088033025069138213296365428433383310231177146142160200
268340378366301224148084053048096161237315368430428372297233181155152176
220280329358345292200150096070076118172250325376407400355288232184161159
178213268316340320275216159119103107138188257324368388378344289235190168
162179209250291320318290244190153134135163210270324364387380345292238192
164155165198235278311325304270226176151146170208256309351380382343285229
177140126137171220276320349343301249200167156168202257312357382384358296
228165123103112153217294346380382340276223178157166195253316362390390360
288212140086073089143221302368410410372294221170148158191252318372402397
350262181108063056087154245339400442436374290214163144153200268339390409
392320228139068035046097180283371432459434362269197152138156202276346394
407367279188105048030056117208310387446454412332242177140135161210286354
394391331236144071034036080160244344410453444378293215158134137170235311
362390363278191112058036056119196284362422445422351267200156140148193256
317365370323240165097061056094153213309373411424390319245192157151173220
282333352347300231165112086095133195262326378408403360289230190168171198
230267315334313256200151115108128167220278334374390369322265219186171182
208242278309312288242191155136138159197243294334362365342301260219190181
192219246273294288270242207177169171185203252298336357355329289249215195
189196217241264282283269251226203192194205228260293327345342317278245214
192185195215241262286294286269246226214211222246276314339349339312275236
204180169180212246282307318314291262234217212224247284318345352345316270
226170150144158202256300332348344320273232207200212244284319348359347307
250186140115113150212278334372385370323272228201097212246290333364374350
290220153099081100154223296360404414388333266213185183202236287337375388
352275192119068057094161240322389430437388320248197173176202246307356388
389329239151078031038093175270355420452436378294219166148155195257333382
410388306204111049027048114207309390453476448377280207158148160208286355
401413370274174088033022051127236332408458477426350257188148141162219295
359404404346241145069028030090165255346408456459406323238172140140171234
308372401390322230142077049060125200287358420455450396317234171143144178
244311360387371309228152096073090140215299367420440420374287217166144145
185255316355370352300232174137122138189250320388426438420377297229186166
162195241297342367364334271221190181202241292340381407418403369293228191
166172203235291337366382364312254214201214250290336381408420400353279220
177152146169217278330373386370318278228202195222261315356376392369322255
198161136129155190260334382396377336279234200196212246295338370388361309
236185147114108134186262332385410400348284222188187200237278322362378361
300219162121087091128196283359403422400342269212180176194226278333364374
338267188134095071090138228312386428432395323252193170164183226288345378
384323251158116079068110178263349411444434386308236190163160196249315363
383372308203138093070075131210283364424453435374289220169152162209274329
366373332252174108075067100163249338400434433394320244187163161182228297
346377363306234155107085103154230306376433453432376300234182159164199259
319360373347282208144110101136190253322382422430398334265205176170189228
287340368358318256188142119132178224278339393421414371300237194183185212
252302342357345298237187160155173210257310360400412392339279228194184195
220260307336342328284235190172179207235271311358384386356298245204180174
184210249286310311292260228202192200214241270312348369357323267218189175
172188211243277305314303274244224211214226245280315341352340302260216179
160158171205237274302313310292263237221218228250282316337340325290249206
166140140157200244287316336334313277244220208213233265301326339326283236
183138111102126177235291332362364331283238207198203223256292324338328288
223152102076078120182250318365393388344286229193179181207247295336353335
277202129070038046101180264342398415395338263202163151166203257317360372
343265174195042020034100194276370419431413348268206160147160200270340379
385336245156075025013041113214323390438447405330242173136126148195286356
400400338242141057009006063141251350426470458402306219147112108145217310
376416403331225130048012022084179285378441479456386286204132097104151233
313391423393323227123057033053126211311400454474438362262182118090105159
244335394410376301218131087068095157239324409451452405325235155115096117
164244318375396355293219148120108135188262335388428425375292212157116100
112153227300344371353290224177153145159186222282339388388352275206150118
110118144177229290344344311265217187178182197230277322360357318261203153
123112118138168215276333349337304261225205200207223258300335334307256213
172137117117131167220275346367357327283238210203208223255289324333311278
227164120098101118163224291358389375328272229200194202220253288318334322
270209145101087092122181251316366393382331268219186177186210247292327340
312252184124080074085119183260332384404376310244194169166180209252300340
346304232159104080078094140212293358401404364287223177159159176211258310
346341283201127081071077102149226319382412391335253193158151156170210275
329358331249169108076071083117190278361406412366293224172151150160192258
338377361299213142094081107155214281349403430416350265200161154170202251
306349373344264185126094096127176244315375411416373290219166144143166217
270313350356314233160127117130168206267337387407391327252189158147158190
237284330349333279212166144140156197248308364394391354287226183152158169
208256306336340314267212179169173197242289338378401394343279224181166172
195230275317339339318275238210204213236268309344376386365328268218180169
181208245287320338337322294259229220229244272295319339346336279222178153
146157179214252286312315304283257238230232239255281306323328312275225182
151141150170201237277317335330312288253236232239253275297316322310284232
184147133137160206258304346370372347303264238230235252278307335345329293
237179140109114148186251335387404388355300250219213220242275312350366350
304222152106088106145205289359415430410346273213175167179210259323374395
358266178105055043066121210313391446456416340248181145139155195264344403
419376270165080037030044096200307398484476417316215144109106135188259356
430437374237126060019020055131203308435490463387276173110080085113159249
369440446329216106052026033096175243358476496434350239148085067078117183
303402450435322223143075052071148214305415489478413318222139085067091152
236350416436398300210143097087128192263348440470450367269181121085079117
184260346399406357277209164141137170224281348417432406321242175128103106
146208276326366374336276229197178179199246291338376384349284223168156126
137172208256308341347328283247229219217228248276309338343313258215180162
150150168198244285319333329305268244230227239260280298308310293263221183
162148145156184225261300333335314277248226217215219235263287296285263228
190161139136146170217261308342348318279242219206202210226251280299301271
227176135118115134180228285329365364318269233204192190202224263291311306
275217167128115117143198248308358387379345287242205187188205237279311334
329290227166124110119164217270344384394367314297208174165175206251298340
350318254188128096093117172236305363402388340278216166146146170225275322
362349294222157106087099147201272338395410377316245191154140155206258306
355371343271202138101096131181242320376401396342270202149125128175231292
345377373314247170122107120173226296361396404376303231168132122144206267
329371382350287217158127126160211271336382399390330260194140119126176226
293349376374320254190151136152198242304357386392351295225167129123139203
261322357363347290235192167164182224272323361373367312255192147126127164
219276326344347324273229203190193211252286319346351337278222171139134147
191234277315332331308266232215210216244267289313326327306254211170147145
159201240277308324323306277254240235237245263289306313311294252213177153
146151182221257287313323317301268251241233239248264284298300295274233201
166146141151198240286319338341330309268239225223231249276301313313301255
209158128120131185239298345376378366321268229208204217242283317343343330
270203145105099125184253323388423418372312247193160156170221277335373377
340262182110062056091156248336406440432380288209144116117154216300371418
414356261161087037042100177277382444463442363254170115078095154238334406
452445382264148055011041124210324418472488445343322133059050083143246350
430469441346232126034023063145238374449487474416316210110029025096186300
387452473445345230110054047106191302400452475458375268175076028036110212
322402454454413310224140080083155237325396444450425332234153076053078144
226331392432430387306231162136148192248326383411405363288215146089083119
169246315370398392344300244195178188220264314354369362325264206158128125
150203252302344367362335297263230213217236269301326339333297253212181156
150167204240284327346347330302276254234221221230254278295290274255233210
183169172188224280308336344334305282261239222218222234256277288280258230
201175160160181219264312340350342323294252221200194202220253283298291263
227190163151155184224277323356364348318277222188172175197241278308318312
279230178138124130172224285333373374341292239191158148163201244292325338
305257206151118110122160232301355385382333272206156135137157205268316355
351306246188136112114142200267331383393364306235174133126142182248313356
380360303240178127110129180247309369401380339286216154110115161227294344
388386352281209150112121164219291350395401360310250175110093130193265332
380399376320242173127113142201267328378399383336274199134085103165229304
366400395363295210156123131186242306358395400375304223157097084136192281
351387402384340271194148136171225277324363386374331263195126086109166236
316366388390365315250184154160210251291329360369345291219157114101140195
256316359382375340286230195180199230268302334349343309249189143120121150
201256316345364350313272239216206218244273299318328318289240192157137142
171210257300338351341314284257235223226242264286303309301280249210177155
152171212248290322341342327298269248233230239254271285297298286259229186
160149156195237283316345358346316282248222207207225252278302318310285236
190146128133170222278326366384375338282231189172169186235284325349351321
257187134112113160223290356400415402343265195145123126160234303362393390
335256178117083090144213305380423433398328235156098073083140232329389430
419352262182102060072135235340416457460396294197118055038065142249352426
459438349239150085058079166268370441469450369255155063012010050141268370
445472436330223131064050092168272370441453422319209112031001011068176301
395455464408294197118068069112204306387431431376274178086018005036116219
332410452446375272187121092102156236322387412403335238151077037040090166
257346406432418348260194145134156198262324364378359286212140090072083132
196275346388399373316254213178168185222264308338343315256198150123117136
170216276328360367350306258224208200203220252280305309291248206174161159
168194228270307334342332306275247228216214222240261278283274254230201188
184188204232262300326336330307281258236220210217234253270280279267250230
213198195207232266299325340337318288253225202190197227255278297305297275
240208187182197230267308338354351328283239200176170189224262298326336320
282234196177173190224272317353366353319250196153136140166215270311337338
303252201160142148176225280327355360338282212154122114135180240298343367
353294235180142132146189242304348380369310240168115090099138203276334378
389350277208149123124155210279331377388346268190122077069102165240316370
408391328245176128113129172236310362395380305220143079047059122198281356
404418370288212153116114142206280346396401360275189117059048085161242328
397428419359270200145128142190256326378398378312229149086054063120202291
368419428400324246182145138164216286348386390351276190124070060092166242
324392428424382308232185157163200252312350373368318241167109077080126190
268342398416402355286228189172186220270310343354340286219157115098116168
224292352395405383335276232202189204236268304330339318273220170136124147
188240301349381387367327280245218204209234261289313323309280237198170150
158195247302344368374362336293256226206200217246276302316316299269228193
165160190239295337368382378354308260218185171183218261300325340330298245
196162151176226282335371392392358301241185148133150196243302354379374328
256191150134155211274336381410410368294215147104089116177257333390422413
343258184138118139202275357407430421359285190118065052089162268360430459
433360261182127105138201278360423445425348246154076025026072167278384454
476452360252170114096136206300382432445410313211115040008026105208328422
480487441336233157112105140233325400441436380280178093027008050134240350
439488480414301212142114122175252335395421402332232140064018024092176278
372446474457376280202149130147202276343393405382306212134076050077150239
322402446452433354269202162153177234292348375377346268194130096089129198
268337392422421391324259213182178201250290330349344310255198154129134174
227278334377394388356306258225202197223254286311323311280242206178168178
208244292335363373362334292259234214208224248274293300290275255230208200
206222249289324349354345220288253232216208215232253275286286277261245230
218218231254288316336346340325293259232210194201223250274294306302284264
242224218226251283314340351347329292253219186174185214245275302312320300
270241219208218247278312344358348320277228190154148177219263311346360347
318270231205202226256297340370378354320257210167123135205258322370404412
390338280226196200236284328367389387364295224161121102131211282346394409
401359290241203182195238288344380391373319237165111080089156231310381422
429400337262207173168195247314368397396353276191122066050082175271352410
438428366280213175155162210277340386399386324237154086048050108189286375
436458440370282212168150161205280341390401372285197120064040071150237332
413455464425342252192160154182246317373402397343256168102052055120195282
366428460451397302232183160166208266328370386367295215137082062077144218
304378430446421353271210171158171209267318356369324263191127085073103157
229306369422422378310244190159152166202245296334347306239182130108100120
173238304356397402356296241193167160165192232274314329305267218173147137
152195253311360386391363315262216183159160185227270305327326303269230194
171176214267322370396396376332272214168143138152185230281334350333281232
189170170195241292338372382361300240181144115110126169232294347381367308
244194170164181221281331371385353292220154100076073096162242310371416394
318244186154148169213286341381391355280208148092058064110186284376436457
434357270206167157190242314375413420378293208127063038057133227330416473
482442346263196156150185257335391421417355263167085030018058142246350432
475471408312233168141141183256337391413402326233142068027029091178286383
452480467396296213160138143200282352398412377292197116056035061135226326
413466475441358263196157145166225300362394396335252168100064060110186272
357426460456400317241189160156195258323367383363297224157110090101163230
310377425439417353280224187168175215272324355359330268208156128122150208
262326380410413384326266220190179195234274312332335300246200169157163198
242288340378393386356301254220197190200225263289303304286252219198188197
221248286334366375363329285244215198195205230254276290286272255237220214
220238260290323351358344310270236211195192204223246268284290285275260242
232232241264292321343348333305265226196177173176196239270296311314300272
247234232243266291318337343334309253207178152160183213263309336346341309
270243228227240270305332347350332290242187147126126152211274323360373368
330282248227222226246287327352356340272216159117100106160223293354394404
383337281236214209215252303347371374342267196109089079108176256336397430
434394328262218195193213266326368386374311233155093060061116203294376430
452442378308242197177181221287351387400367290200120050034070142238337417
464473432341260194160156178228300366403407349248156092036025074157258361
441482476426338252182149148180246326385413393325230142070033050122211315
408473494463386290211160142155212288357405416375294203122067050092164246
345428481486441354264193152142165222299363402406359278195124083077131197
281368440476465412323243178147145170230291347383388346272201145117113154
222301374430455438385308234180147141172223288337371377342283223181158158
204253314376424439416365289225177153145170212262313351366346299250210187
191216259319369404410386337277217170143133152191242297341365364332286246
217209225261313360392397374327272217167134120136180241303356387394370322
272234216220260308350380387369323269212156114095110158233308369408418387
330269225204207237283333364377362319255190129085072104168245325389434435
395332261213189190219276332374390370318249178109069058096168262353417451









