MUMBAI                                                                          
1935
000000000000000000000000000000000000000000000000000000000000000000000000
277259253256274296317326326302265216174134113113140189244296341369378360
323283259247247259286311326332314271213155107082088131189250317369405411
381326268238222222241268305332344323268201134076049058110186268344399433
427384317256213195195219268320357369341274192113049024043104195290372439
463451393311232186168174210271338378390357274180097037009037107207314405
469485454375277201158143152204286357405411360268165082024009049134238344
430488491445347247171131119143210299375418418357256158076024024076162271
375457497485424305210137097094137213308381421411344244149079043058119207
308399466491457378271186116085085134216314378408387317222152101085110171
247338418463460411326229149094073088146229314363387366302229171137131158
210277350408436421366277198137094082097146219293338360344296244204180174
195235290347387393366311244183131094088107152213271311332332308277247216
207213238286329350350320274226174134104094110152201253290320332329311274
247226222235271305323320296259222186146119110116149198253296329344344317
280250226219226244268286293280253216174134101088094134186244299338360354
320274241216207210229256280293290268222174131094079094140204271329369378
363320271226195183189216256290305302265222165113076064085140213286344384
390366308253207180174192229277314326311265213152104073073110177259335387
411399357293232189168171198244296332344323265195131088073094152222308378
421430405344271213177162174216277329360360314241168110079082128195271350
408439430378299226177149146183241305357375354290213143091082113168238317
390433442405335253189149137155207274335369375329253177116088104152213283
354411439421366283210158134134174238305357375360299222158119116149198259
323384424430387308232171134122143195259326363369329259195146128137174229
290350396411387326247183134107113152210271323354350299238183149140171207
256308354384384344277213158119107125171226286323335317274229195180186213
244283326363378360305244189149125125149192244290317326308280253232226232
247268302335354357320268219177149137140165201247286311323317296280265262
259262280302326341332299253210171149137140158195238274305326332326308290
274262265268286308320317290256216177146125125143177222268311341354350323
293268253250250262283296305293262222174131101094113152210268326366384375
338296259229216213238277308332332299244180116076061079134207286360408427
405350283229195180189222283332363366326256180107052033067131226323399454
457427347262195155146168219296360396402347253165082018003049137247350436
478469421317222146104101140216311381424421354241140058006009073168286390
469497466387271174104064073131229335408448430347229131052021046116222335
430488497442332216128058037055128244350418454421329213122061040085168268
375451488469399283174094037030067149262344405421381296201131094097146222
311396451460421335235149076040046097186290366408411366283207162143155201
259332399430418366280198131079067088137201280344384390347286232198189201
229271326375393381323259195146110104125162216280329357357335302268247235
235250283320347357335290247204168146143152180216265305332338332317299280
262250250268293314317302268238204174155149155174210250290320341347335311
280256247244253268280286286271250222189162146143162201241286326354363350
311274250232229238256277293299290265229192152128122143192250305347375378
357314271232210204213241280308320317283235189174116113140192262323375402
396357299247204186183207247296329341326280222162116101107152216290350393
405381329265210174162168204262317350354320256189134101094122183253329387
414408363290222174146146180235299347375366305226158107085101152226305375
418427393320238177137128146198271335378390350277198134097097137198274350
408439427366274195137113125168235314372399390326244168119097119174241323
387427430381299210146104101134198277347390402366283204146113113155216290
360411433402332244162110085097152229305366399393335253183140128146192256
320381414405350268192131091085119183256323369387366299232180155155186235
286341375387360293226155104082101140204274332363372332277226192180195226
262308344369363317253189137104101125168226283326347344311271238222219235
253280311338344326274219171131113116140177226274311332329305280259253253
253253268293314320296250207168140125125143177222268299314317311302290274
259247247259277290293274250219186155137128134158198244286317338341326296
262238226222232253274283286274250213165125101101131183241293338366372350
302256219198189198235274308323317280226162107073070104168244317378411411
372299241189155143168222290341369360311235162094052043085165262350414448
433372277198131091091134213305372405396344253158082030021070158262366439
469439360253158082043049110210317393439433363247146067021033101207317414
472478421314201110037012043119241354430466439357232137067037070152253363
448488466390265152067006006064158280381454475430332216134082079131210314
399460472427332216122046006027097198314396451454399299204140107119165244
329405442430366259168091033024064131222317387433430375286210162146162204
265335384405381311226149091058064101158229308366393378326259210183180198
226271317347357320259195143107094110140183241299344357341302265235219216
222238268302323320283235192158137137152171201244286323338329311290271259
250238238256280293290265238210186171168168180201238274308326329320305283
262247235232244262274277271253232213195180171174195232274311338347347323
290259235222219232253271283290277256229198174158162189232280326357372363
326277238207192195213247280302311305274232189155143152192244299347378387
366314262216186177186219265311341347323277226174146140162207265326375399
393350283226180158162192241299344369366326262201155134140180238305369405
414378308238180140131155201268335378393372308232174134125152204274344393
414402341259189134110122165232311372405405360277204152128137177241317378
418421372293207143101091125189271347402424402332244177137131162213280354
405427399326229152097073091149226314381424427381296216162140152192250317
375408408357262177107064067107183265341396424408344262198158152177222286
347390402372296213140085064088143216299366411424381308235186168177207256
314360384381329250174116082079116174241311369399399350283232198192210241
280323354366347290226162116094104143195262320366381366323277241222222229
253283317338338311259207158122110125158207259305338350338311280253238235
241253271293305308286247204168140128137158195247286320338335317293268250
241232235244259277290286265229189158137131152189238283320341354347320286
253222207204219253283308314296262222177143131137168219277329366384378335
280229192168158186229283326347341299241180131107110149213286350393414399
341262195146113113155229305357390390344262183125091101152226305381433448
411326229149091070091152241335405448439378271183116088104162250347424469
463405299186104043027076155265366445478454378259171101082113186283378448
472445357238140055009018079174296396466491445350238155104097137213314399
454460405299192101027000027101207329418478482427326226152119125171250341
411445436369256155076021018064146250350427469451396299219165143149198268
341402418387326219137073040058104195274360418442418363280216183171177222
283335378381338283198134088073097143219290357399408378323265222201195207
238283326347341296235183140116116143183235296341366366335302268244226222
229247280308317302265222186162155165183207241286326347347326296268250241
238238244256274283280259229204189186186189204241280314332329317299280259
241226219222241259271268259247229213198189189207238274305329332332317286
256226204201216241265277283283274256226198186186210247280317341357354326
286241207189186204235268299317323308271229195180183210250293332363375357
314262210171155162198247296329347341305259210180165177210253302344375375
341280213165131125152204262314357372350299238189162155177213262317357381
369308235168122097110152213280341381390350286222174149152180229290344372
372329259189122079070104171247323381402381332256195155140155198262326372
387363290207134076052073134210299366408418378305232180146143168226293350
384381323241155085040043088162244332390427421366277207165146162201259326
372390360280198119061043070125201293366421436405338259201168162183229293
347378372317241158091055055094152235320387427424381311238192171171198250
308350369350286210140085061073116180256329384411399350283232195183186216
262308335341311256195140097082097143204271332375390378332277235207201207
232265299326326302250192146116107125168216277335366381366323280244216204
204219247277302308293253207165137131143174213268320354378366329286247219
204195195216253283305305274238198165146146168210265323360375369335290244
204174158162192241280314323314280232183149143165210268323366384381344290
232174131110116162229293338360354311244186146131146192256317369393384338
268195131082067088149235311369402393338259192146128149201268335387405390
332250171094046040079155253341408445421350262189140125149204283354402418
384305207122049012027094189293381445463427354256183137134162222299369414
418366274174094027006043116216323405460469424338241174137137174241320381
411396329226134058012015070146250350421466454402305219165137146183256332
381402369277189107046024046104186286369433454427360271201158146155204271
335378378323244162091055049082140213299372421430393323253198168162177222
286338363350286216152107085091128186244317375405402360299241201183180201
241290323335311256195149122113134168213265323366384375332277235204195198
213241274299305283241198162140146162189226274320357366347305271238213201
207219241265277280271238207180168174186207238277317344350335302268241216
204201207226250265271265250229210198198201216241280314335341317286253226
207189183186210238265277274265247222207198198213247286317335335311283247
210183165162174210250283308311293262226210201201219241283320338341317274
229186149131137171219268308332338314277235207195195216247290326344341308
256201152116107131183244302341366366332280232201189198229268311344357347
296229165113088097137201271335378393378329271222192186195229280329360366
329262189122076064088149226305366405414384320253204177174195238299344372
363308232152088046046091168253338396433421375299232189171174204256314360
378347271186110052033055116201290369421439411350271210171158168210277338
375378323235152085040030070134229323393442442399323250195168162183235305
357381363290207128067040040091162250341402445430378305232183158155192250
317360369332259183119061040058113183277354411433408357277216174152155195
259314350350305235174116076061088140210290360405421393335262207168152158
195250302332338305253192137101091113162226296357396408381323259201165149
152183229274311323305262213165134119137177238305357390393366308247192158
143143168213259299326326290247201165149162198253308357384384350299235183
140116116140192250302338350326277226186165171201247305350378378341286219
158113088085119180250314360384366311250198174177198244299344372372335271
204143088058064107180256332381405381326256201168165186232286335366366326
259183113055033055104186277354408421396332256201168158177226290341372369
317244168101049033064125210305381430436393320238180152146171226293344372
360299219140070030030073143235326393433427381299216165143143174232299350
366335262177104043024049104177268347405433414354271204158143149186250314
354360317235155091049040070131207290360402411381317244189155146158207271
323350344286213143088061067113171247323381414411369293226177152146171216
271323341323259189140101085116158207277338390408399344277219177162162192
238293323332302244180131104107134183232293347384390363308253204174162171
207253286311305274229177143128143174210253299341378378338283235198177174
177204244274293296280232189165162174204232268314347366357308253213183168
171186210241271283286262232207192189192213241277317344350323277235201174
158162177207244268283283265244222207204207222244277314332326296259219183
152143146168204238271290296286268241219210213226253286314326320290250207
171140125128155204256296314323314286262235219216229259290314323311280241
195149116107119162216274317344344344308265235219216226241293320332329290
238186134097094119171235296341369378354314265241229226235262299323332326
280232165116076079122186256323369393396357302247216210207222259296332344
332271192122070052067122201293357408424408350293244210198201219271338378
384323247168097049043073143232314387439454427354271210174162186235293350
378378320232146085040033082165256347408448445396305232180155155186238302
347378372299213137079052052101180268350408430421369290219165140137168235
308354369347274192122070055073131213299378433445427360271201158143143183
256320369381350277198137091082110171247329402442451411338253186146131131
189259326369381350283210149119113146198271347405433433384305229165128116
116183250311344363341290232183158155177219283347396418421360290216155122
119140183241299344366350308259216189183201235290347387399375320256192143
116110125162219280335369369338280235204195207238283326360369341293241189
143104094119140204262326375393375320262222207216244274308335344329286235
183131094082104149219293347390396375326274235213210222253296326347338293
241180119079073101155222308366414424393335274232207198216244280326350344
299232165104064064104168247332390427430396329259213189189210250305347369
354299222152097064067116189274350408439424378305235186171171204256308354
369341271195122070055079128207293375427442411344259201165158177216274332
369369317238155094064073113174250332396436433390314235186158158189232299
350375360293210143091076101149216299366421439414357280213174162168204262
323360369326250177125097101134183244320378414418378305229180152146171207
235311335335329219158122101125165207247314363393390335271210168155149155
222274317332332274219177143140158201250305341384390366305238189152146146
186241286320323323265219186165165195235271311350375375326262207168155158
180213256296320323302265229204198198222259290323350354354296244198171158
158180219259293314320320277253241235238256274305329350354326280222183155
149165183213256293317329323299274259253247253265290317335335305259207174
174168174186210253296314335329305290277265256247256277311320320280238192
158137125125149198256305338357357332296262244235232250271299311308290247
195146113101104149204265320363384381344296256235226226238265296320329302
244180125088076094143210286341393411396335286241210198198222265311341347
311241162094052043067134216305372414430402344271213180174183222280335369
369314235143070030024067140232326402439436381302226171143143171235308369
396378299198113037012030097186293384442457436369271192134110107152226317
378399366283180097037015046113201305390445448414332232158107085101155244
335387399357271177104055049085155259360439482466411311207137088082116183
280366418421366271177107076088134198283375442466439366268177113079085122
192280357402399341262189137110128174232311387436439402323226149094070082
128198277341378375332265204165152171207253311372405402354277201140101088
104137195262320357360332286247213201207229265314354375366314253198149116
107122149195253308344360344320286253235226232259299332350338299250204165
140125128149186244302344369363341308268241229229250283308317317293259222
174137110110140186244296344372372347308268235219213229256286308311299265
222177131101094125177244314366393390357308259222201198213250286317329311
274222168116085085125183256329384405393354290241198180177201241293329344
326271213149094073088137204283354399411387338268216180168174210262323360
369329259189125082073107165241326387418408372302235177155149174226286344
375363302222149097073091137198274357408427402347265198152137149189247317
363375344274192125085082122186244323381418418372290213155128134168219283
344375369311232155107088110158219283347396408378308229162122113137186247
314360381344268192134104113158204259320369402396341259189137113119158213
277335369363314247183140128152195244296347384396366293216158125119140180
238296344363335280226183158165192222268311354375372320250186137113125149
195244296335344317265226195189201219241268311347360332271204158125119134
165210259302323323296265238219213222238259283314332332299247192152131134
149177213250286311314299277256244241241244256280305320311274226186152137
137149174210247283308317311299280268256247247253271293305299274235198162
140134140162198238280317335335323296274256241238241262283299302286250210
168137113113134180238293335366369350317274241219210222250283314320311274
226165119088085116168235311369399405375317259213189180195235286329357347
299226152094058058097165247332399433433384296216168149152186244311369396
378311213128061027046104186283375442448433357256177125104113162247332399
427396308204113046018043113213323418469475430332216137082070094168262357
421442399305189097046030073155259369451485469402274180101055052097183299
384445451393286177101061058113198302387442460433338226137070033049113207
317399442433372265174110085104158232320393436439381283192113052040064128
219314378411399335250177137128158207268338399430418350253168101061061097
155232320375399387335265213177174195229277332375390366299226162113088094
125168232299344369360323277238216213219235265302332344320265210165131119
128146177222277317344344323296268247235229238256286308311290253216180149
137137152186222265308332341332311280256238229229247268286290290268241207
171143137146177219265311344363360335296253226213216238262277293299286259
216168140128134165210265317357375366326271229201189198219250280308320314
271216165122107122162222286344384393375323262210180171183213259305335344
317265201143104101125174238311366396396357286222174146143168216277326350
344299238171116091097134195271338387402375314244183140122134180244308354
372344280204140091076104158222299354387384335265198143110104140198268329
354354311241171116082094143210286354399411381314229162113097122183256329
378399378308229158107104137195265329387418399335244174125101110155219296
363393390335256186140125146186235305366402408357271195131088091125186259
326375393369299229171143143174219274332378390369299222152101082104140210
277335366372326262207171155168198238290335366366326253183122088085116168
226290335360347299250207180177192219256296332347335286222162113094107140
189238286326344332293256222207213229244268296320332314259201152125122137
168198238283317329323296268250238238244256271290305308283250207168140137
146168204238271302323329314286268256253247247256268283290277256222186155
137131152177201265299326338338314280253238229229238253268283290277253204
158128122134168210262311347369363329283241207195195216247280311326320280
222158113094110149207277338387405393344274216174155162195244299344372360
302226149091067082131207286363411421396332238174128107113162235314375402
381314216131067040058128216314393445448402308201125070055082155253347414
439439326213125061040082155256360439469445363238143070027040104204317411
460466402290183104058073131229332421475482430320198104037009037116226341
418460448378265168110079097168262360433466454387265155070012003052134253
350424445445360256174119101134201283360421433418335222137058012009064152
244338399421421421247180140134165186283347390399399280192119082049055094
174238311360375360299244195171168174216265308332335296235174122088082104
146195256317350360338296259229213204204216247274296296271226183149131128
131155201232290320329329299268244232226226226229259268274262232198171155
155155174204241277308323323311286262241222213210229250259262262250229201
177155149152195238274308329332317286250216195186189213241265280283274247
210174152146149192235283326354357332290241201174171177210250286311320302
259207165140137146204253308350372369323265210168146149177219271317341341
302244189149131137174222277335378387360302229174137128143186244305350369
347293226168131119140186244308363387375326250183131104110152210277338375
378338268198146116122155216280344387393357283204140091079110171247323375
396378317238174128110134183250317369393378311226152091058076128204286354
399402360280201149116122162216283350387390341256171107061052094162244326
384408390326247183137125146192256317366384366293210134073046067125198280
350399408369299222174146149183229286344375375323241168104067070113174244
326378402387338268213174165180219268317350363338277207137088073094143204
271335381390363305250210189189210241277317341347314253192134101097122168
222283335372375344299256226213213229250277308326323283232177137116122146
186232280326354357332293262244235235238247262283299299271232192158149152
168192232271311335344329305280256241232226232247268280283271247219189158
146149171213256296326341341323293256222204195204222244268283290283253210
168137134146192235302341360363335293244198165155171207253296329341326277
219162125119146198259320372396396360293222162125116143198268332378396372
305226162116104131195271344402430411360277189119073067107180274357418442
408329235155107094131201290372433454424350238146070027037101195308399466
472433332229149097097140222326405454454399283177091018-09037125241360448
491478414299207131097113168262363430460433354238140052-06-09058155271381
463500469393280189125104131198293375430442396305195101027-12015085186299
393463478442350256177131125158222305372408408357265171094037021058122216
314390445448405323244180149146174229299354381372314238165104070073113171
247323384414408369302241198180183207253302335347332277219165128113128155
195253317363384372332290253222210207222250286314323302262219189165162168
189226271317347357347323296268241222216229250277293293280259235216201189
186198222259299326332332314296268241222210213232253268277274265259241216
198192201226259296323338341329302268235207195201219250274293308308290262
232210201210232268305335357360341308262222189177186216259296323338332311
274238207192198229271311347366366338290235189158152174213262311341360350
311262219192186198232274320360378366317250189143125134165216283338372381
354299244192168168195235290335366372338271198137101088119171241314369396
387341271213174162171207253308354375366305226152101073088134201280354402
414387326256201168162180226286338375381341262183116073064097165244329393
421418369290219174155158192247311360378360290204134079049067116192277357
408424402332253198158149171210274329363369317238155091046024073146226308
375408402354280219171146149180232293338354332265189116058033049107180262
341393411384323253198165152165198250305335341305235162101061049076131204
277347387396360299244195165155174210265305323314271207146097070070107158
219296347375372332280235198177174195222265293308299259210162122104113146
189244305350375363326283247213198195201232262283293286259222183152134137
162204256302341357354323286247213192183186204235262280286268241210177152
143155195244296335350347326283241198165146152177216253280296296271232189
152137149192247299338357357329280226171131113116152201259305338347320262
204162140149186241299344369369329268204137085061070113183262329375384347
277210158131137174235299354381375329256177101043021052113204299378424427
381305222162128131171241317378399387326244158079018-03037110210317402454
454399308219152113119162238323378402384317222128049-09-18040131247360433
478460402296213143116128177265344396411375283186097024-18-06067171290384
460482448378277195137116137195280354396396341250158079018-03037110207314
399454460421341253177131122149213293354381372311226143073033030082155244
335405451442393311232177146140171232302347366341277204140088061076128192
271347396421402347280219174155158192241290326335305250192140107101122165
219286347387396366317265219189171177210247290311311277232189158146149168
201244299341369366335293250213189180189210241271283286265238207189183180
195219259302335350347320283244213192186192210235259271274268253238226210
204210235271305329338335308277241207186174177198229259277283283274262244
222210213235262296320326323299265226189162152158180219256283305311302274
244222213213235259290314326320290250207165137128143180226274311332338320
283250226213216235265299323332320283238183140110110143192253305344369366
335290247216204210235274311335341317268210152107088104149213280341384396
375326274232207198207238283323347347311244180116079076107168241317378414
414378314253207186186207250302341363350290219140082055067113195274357411
430411363290232189174180210265320357366329253171104052037067134216308381
427436399335262207171158177222283335363360305222143073033033088165256341
408442439390314238186162162192250311357378344265183110058037067131216302
381436448418357274216174158171213277332366372320241165101061058097158244
323369439439399329256198168162180226283332360354299219149097073085128189
265344396427414369293232183158155183229280326347332280216158122110125168
222296363408421399347280226180158155183222277314332320274226183152140152
183235296360396405378323262213174149146165207256296323326299259216186168
174204256311363390393363314259207162137134152195244286320335329302262219
192189210262311357378378354305256195146113107128174232286332366372344290
238204195210253305344369372344296235177122082076101155229302363402408372
308247210195204238290332360369350299238158094049046091158238323393436436
396323250204186192226274323363375350290213134067027030079158256347418454
448399314244186162168207271332369381357280195107043012030097183280375442
472451396302222168152162207277344384396354268177091030009046122216317402
463478448381274201155143162213290357396393329232146073024024076149244338
418463460411326238171137131158219305357384363286198122061030052107186268
357421451433375286210155134134177244311357375338265186116070058094152226
308375424436402335253189146134149201265323354350305232171119091101140192
256323384418411363290229177149146171216271317335323277219171140134152189
235290344390405384332265216177165168201235274308320305262226192177180198
226265308354381381344293241201171162171198232268290299286265241222210210
219247283320350363347311265226192171168180204235265286293290277259247238
235244265293317335341329299259219183165162183207241268290308311302283259
250247253271293314329332311280238201168149152171204244277311329341329299
271256253256271286308320317299265226186155131128155201250299335360366341
305274253244244259280299317323302265216165125104110146204265323369387381
344299262238229232247271302323329305256201140094076097143213286350399414
396347293250219210213235274317347347317247177113073064091155232317384427
433399344274226201192201238290335366360305226149085049046094177265344414
448439396326250201177171192247314366387366299198122064037058125213305387
445466448390305229177158162204277347387402360277186110052037070143238335
414466472436360271198152137152207290354396396341253165091049046094171265
354430469463414323235168131122155226305360396387323235152091067085137213
299381448472448384290207149119119158226302363390375311229158116101122174
244323396427451414341256180128104110149219293347372354296229180146140162








