MUMBAI                                                                          
1926
000000000000000000000000000000000000000000000000000000000000000000000000
390430427387314244189165158183235293344366354290207140091067088143210290
363414433411357280219174155165201259317357363326253180122088088128189256
326384424427390320253201168162186232286329357350299226162116101122171226
283344393418405357286226180162162192241296335347326271207158131128158204
253308363396405381326262204168158171204250293320323293244195165149158189
219265314357381375338280226183155149165201244280299296271232201180171180
201235277314347357341299247201165149149168201247277296293274250232213201
201213247283320344347326283238195165140140162198238268290302299283259232
210207219250283314332335314277226183146125125152189232274308329329308271
241216207219244274308329338323277229174128101097125177232283332366375344
293244216207213238271305326338323280222158101067067107168238308366402405
366299238207192192216259302341360341283207134070033040091168256341408442
430381299229186165165195256317369387360290198113043006018082171274369439
466445381283210158140146186259338390411378286183088015-12015088192305402
472494460384271192137122137195283366414427378280174079012-12024104213332
430488494448354247158110097119195283366421424363253149064006000052140256
366451497482421311213134085082119198299381421411326244162088033037073177
268393454485457390277186119082085131213308378408381314222143082052073122
201299378433448414335238158097070076119198302360387375314235174131113131
171241329393430427387314232171116097110146213283338363357314256207174165
180213268332384405396347283222171134116122155204265314344344320286253222
207210229271320354369354311265216180143128131155198253302335347341314280
253232229238271305332344332299262219180143128128155201253305341366363338
299268241232232253286311323317290259219177140116119152204265320360384381
347308265238222226247277302320320305274229174128104113155219280341381396
384341290247216201210238274311329332308262204149107094119171238311378414
421396341277232201192207244293332350347305244180122088088128192268341402
427421378305244201183180204250305347366347286213146097079097146219299378
427436411350274216177162171216280332366369323259186125082082110171253335
405442430384308241186155152186244311357384366299222152101073091152229308
381433445414354271204155134146195268338375378332256177119079079116183256
329393433424375290216152122122152226302354375347277192128088079110165229
302372411418375299229168128119143189259323360360317250183134107116155201
268332387411399347271204152122125152213280335360354302238183143134155189
238299357387396366305235177134113125168226283329347335283226186162165186
216265311354378369332268207158125122146189241286320329317277241210189189
207238274314341357341296244192143119119146189235277308323317299268241222
216226250283314335344326290241192152128128149186229268302326335329302271
247235235250277305326332317286241198152122113131171216268314350369366332
293256235229238262290320335335302259204149110094110152207274335381408399
360302250216204213238277317344354329274201131079055073122195274357411439
427369293229183162168207271329372384357283192113046018046119201299387454
475448375277198146131146198277357405424387296189097030009046119222335427
491500457354247165113104122189296375433445396293174082018006052143256369
457509497433308210128076070110198308396451451387268155070018024082177296
396478512485405274177101058067122219335430466439360238140073049082158253
360448500497442329216128070061094165256357421451418332222140091085122183
299390445469451350250168110073073110177268357405418366305219158128131162
216290366414427396323238165110082088128189259329369381347280219183168183
207253311360387381338271213162128110122152201259314341341320283250222210
210226259296326341332290241198158137131140165201247290317326314290268250
238229235253280299305293262235201174152143152177210253286314332332311283
259241235238244262274283286268244213183155140140158198241286323344350335
302265238219216226247271286296286262229186149128131152195244296344372375
344293247213195195210238268296311305274226171128113119155207262323372393
381338280229198183186213256299329338323274213162122107125174235286357396
402372314253207177171189226271317350357323259186131094094125186253326390
418405360296219168146152186241305347375366305219149104085107158226305381
433433390332241174137131155207280335384387341268180119088085128192277372
424436418357271189137113125165241311369396381320232158113094113165232299
393433436393326216155113107131186271350399408375290204140104107143204277
354411436414347253174116091104155222308366399393338253180131113134180238
308375418418372283204143104094119171253332381399372305226171143143177222
283341387408387320238168119094107140204277344378378335271213180168183207
250302347375372329268207152113104119162226286338366357317268235210204213
235265308341360344299244189146116110122177229283326344338311283259238232
229241268302326335317277232189155131119143180229274314338341329308283262
244232235250277299317308283244201165131122128155198250299338357357335305
268238219210226247277302317308274229174128097097128177238299350381384363
317265219189174180219271311338338308247180122079073097155232308375414424
393326247186146131152204274335375381341265180104052043082143235329405448
448396299210140101094125192283366411421366265165091037030073158265372451
485460393274177107061067107198329402448445381262155070021040097195308408
475488445350222134058021046110238344424466442363238140061024058119222341
427482475408283174091024018061149259372436469433344226137076055091162262
369442466433354238140064015024076165280375436448408314210140094094134207
302384433436387290198119058033055110195296372421421375286201149122137177
247320375399387329250174116073064097149219299360387375326262213180171183
213259320354366341280216165125107116143183235293338357344311274241219213
216232259296317323296253210174146137146162192232274311326323299271253238
229226226244259271271253232204180165152149162189226262286302305302286268
247235219216229247259265256238219201177162155165189222259293317329329305
274244219201198210235256268268259244213183155146155183222265308335347335
302262222192177177198229262286296286256216177146134146174226280332363369
338290244201171155165198250293320326302256204158128125146192253311360384
378335271213171143143171226283332354347305244189140116122162219286350393
405375308235174131119137183247314360378354286210149113104131177241320378
408399344262189134104110146207293354393393347265189137104113149216296366
411418375293210143091076104162259344393418390323241171119104128180256341
399430408341244162101067079128216308378424427378293210152119125162222305
372424424372277189122073067097165247341402436414350259189146131155204274
344396418390317226146088061079131198290366414424387311235177149155186241
302363396396350268189128082073101158232314378414405363293232192180189213
262317357378366305229168119088097128183244317369390372329271232204198204
226262305335344317268213162122104116146189247311354369354317280250232219
213226253283308314296262213171140125131158198247299344363360335299271247
229219219235265293311308280241201171146137152186235290335363372360326283
244213195192210247280311323311274226177134119125165219280335369390384344
283229180155149177229286329354347311250189134104104143207280350402424408
357271201146116113146216296357399399350271192128085085128198280366427448
424360256171107070076122210311390439433381283183119079088131210311396460
472427332213131064040070131235354430472451387274180113082097149241350427
475466402280174091030030070152268378451488454378262171110091116177277372
442469433347226128058021037091186299396463478430341226149104104137207302
387436436381280171094033018052122213320402457454402311219155125134168238
326387414396326226149082043049097162277357418439408344262198162152165210
277341378378329256186128088079101143213286354399402375314250207183180198
232280323341329283222174134110119149189235296344372366335286247222207204
216241271302314299256213177152146155177204247296329354347320283256241232
226222232256280290277250216195183180177183207244286317332329311286268247
229219213216235256265265250232216201186177177201235277302317320314299271
238210192189204222247262268262247226204183174177195226268305323332320296
259222189168165186216250274290290271235198171158162186226268308341347332
286241195162140143171216268305323317283238192162146155186229280329357357
323271213162125110125174238302344360332280226177143137152192247311357378
366311238171122091091128198268335372375335265204155125128152201268332378
387341265186125076058085140222314366399384323244180128113134177241320372
396372296207131067043067119198296366418424381299219155122128158216293357
399399344250162088040040082152244335405439421363274198146128143183250323
378399375296201119052021043101186271363418439405332241174131122146192262
335378384332244158085037024058128207305378424424378299226168143146177235
299350375357296210134079049058107168241332396430414363286222180165165195
253308347360329268198140088067088128189259332384408393344280229195183186
207247296326335308256201152116104113152207274335378390378338286244210195
192207238271299314299262216171140122128152195253311357375366335290250216
192180183207244280305311293250204168140137158198250305357384381357305256
213180155158186232283320335329290244195158140152189244311363393396369317
253195146125122158222283341372372332268204155131140183244311369402411381
311235165110088088137213299366408408357277201149116122165232311378414411
369293204134070058076122213314390433418354262189137116137183259341405436
421350244152076030030076155262369436466436366268183131116140201286369421
430393299201113046009027082183308390454466427344247174128122152213308381
427421360262168091037024061131247341424469466414326238174140143177238326
390414393326222143079037049091177268369442475451399305238180162171213286
354396402363277195128082067094155238320390436442408347268210177171189235
302350378363308238174122094101134192256335390414411375317253207189192216
262308335344317268216165128119140177226274338381393381341293250219204207
229262296314317290250210174152152171198238286335366375360323280247222213
222235253268277280265241210183168171189216250280317344354338299265238219
213213216222241262271271244213192180189207226253280314335341326296262232
210198198207229250265277280268250226204195204222256293323344344329299262
229201183177195222259290311314296262235210204207226256290326347350332293
244201168149152177219268308329329302262226198186192210247296332354347317
265210165125110128174238293335357347311262213183171180207253302338360320
302235171116082082122183259320366381360308247198168162177216268320357372
341274198128076055079131210293363402408369299229180155158183229290347384
381323235152082040043085149235332396430418366280210165143152189247317369
390366286198116046018043101183280369427451424360274201158149165210277344
390396347256162085033021061125213317393448454414338256192155149171226302
363393378311216131067024030079152244335408448436387302222168146146177238
311357378347271189113052033055101174259344408436414360280216171149155186
250311350357317250177116073061085137204283357375421396341265210171152158
189241296329338308253192137104094110149210286350396405384332268213177158
158180222271311326317271216171134125134168216280344384396375320262210171
149146158198250296320320290247201168143143171219277335375384360311250201
158134122131171222280326341326283235186155149174219280335372381360311250
189137104091107155222293347372357308247195162152171216277332369378360305
235171110070064088146222311369399390335262204165155171210265326366378354
290216146082043046085152241335399427402335259198158149168213274335372378
341265186116049024046097177274363421436399329247186146140162210277335372
378323235152085033027061119207317384430430384311229177149146174226290354
378366293210128064033049097171271354418451433384299226177162171204262326
372387354274192122070061088140192299381433448421360280219186174189219283
341372369317235165104070079122180250323390430427390317241192168168192241
296344369350286207146101088116162210274347402430411360286229195177186213
262308344350317256186134110116149189235299357393402378317259213192183192
222262305329329290235186152140162192222283335378399381338280235207198204
216244274299308296259216186168171186210247290335363369344302262222198189
195210238265286296286262229207195195204229262305341360363338299256219195
186192207235256280296296277250226213204216232265305341360354323277244210
186174177192226262293314311296271247219219222238271305335357350323283235
195165155162186235250314335341323290253226213219238274314341354347314268
213168134122134177238299341372375347296253219210216241277314344363354314
259195137097097125183256323378405399360296247213198204229274326363375354
293226149091061073119186271354408433414366286229192177189222277332369378
344268180107049037070134201296372436454421363271213177168180222283344387
393347259171091037021058128219329405460466424350259198168165186235305372
408396332235137058015021073149253354421475466414326235177149146180247329
384408381299204119049015037091183277375448478460402308219158137137180253
338390408378286189110052033061122201302390451466439366265189143122137186
259338381390347271186116073064094149222323402451457421350250180137122140
186256323363375341271204140104101128177241323390430433396323238174134125
134171232293332357341283222171140137158198259326390418405363293232183146
125125155210274329354347311259213183177192229274326372393393357296232180
137125131162213277332363372350299256222210219247286335375393384347290232
177143128134165226296350396402375332283244229222238277323366387381350293
229174131119134171232302363411418402354290241216216235271317357375372332
274207152107094116162235311381430436411354280232207207226256302350375366
320253186137097094134195271357408445442414357286222201204238280326363384
366308235162122094104140201286372399451439384308244192186195222271326372
387357286204131082079113174247326393439445418354274210180180198241299350
384381326241158107082094140201290363418442433387311235192174180207259317
366384357286204137091085116177247317384430439418363280219183171186226283
338378381332256180131107116158207274344405439430390323250201174174198250
305347372350290222162122113146192241296360402424402347271213177168180210
259311341347317259201155131140177216268323369399399366305238189165165186
219265311332326283235192165155171201235280329369387369323262210174162171
198232265296317314286244201177180201219256293332360369341286229186168162
177201232268296308305277247216204207213238262299329347350323274222183162
158168195222256293311311290265244226222222235259296329344335302256213171
149143152180219262302326329317293265241229219235262296329338326296253207
165137125137168219268317350360350314277244226226235256290317335332305253
195143107097113149213283341384396375332271235216210219238277317347347311
241177116076064091146222302369414418393341274229195189195229280335369366
317241162094049043079149241329405445442405335256195162158183229296357393
381320232140073030033085162259360436466454402314229171146149183244323387
421402329216122046015033094186302393463494466405302216158134143180256347
414439411326213119049024055116213317418488497460381265180125110134189265
354424448405305189110058049088155238347439491482436338229146101097125189
277360414424378286180107070073119177265363439469451396290198128094097125
186277357402402357271189134110119155213283369427445418357259183128104107
134192265338384384344277219180158171195241305372414414378311238174125107
113143192256317357369341293247210192195207247296344378372326271222174134
116119143189244302338357341314274241216204213238277320338335308265219177
143125125143183235286329354354335299262229213216235268296314320302271229
180140119116131171226286341372369350308265232207201213247280311323308277
226177131104104131174238308363393387354305256222204201210241280320335323
280226171125101107140192265335393408396354296244204183183201244299341350
323268207149104085107146213293372405408381323262213177171183222274329360
357311241177116088088125183256347405427411366296232186171177204256314372
393372299216149107094125168232317381427430405338262204174168189222283344
390393350271192131094110146198277350402436424381296226174155155183232302
366399378311229162116104128168235305375421433402338250186149143162201262
326378387347268192140110113152204256332387421414363280207155134143171226
293350381375317244180140131152195247302357402414390326241177140140162198
253311357372350293229183155158189219274320372396390344277216171149152177
219274323360366335283238201189201226259299338381393372317247192158149165
195232277314344347317274235216213226247262296329357363329274222183152152
165192235274308332332320290259241235238250265290317338335305262213177155
152162189226265299323332326308280262244241247262280299314314296265222180
152134137162201253296329344341326299268244232232247274296314320311280232
177137116119149198256317360387390369323274241219219235262296332350344302
235171119091094128183262338399433427393329262213189192210256308357384378
320241162097064073119195286375445466448399314235177158162192256329393421
396323226137073037052104192308405439485457390286195137116128180259350414
439408320207119055021043113207335424488491448357244158097082110174268369
436451408314189101033009052131250360442488478424314204119067064104180283
381445451402293180104052046097183286381460488460387265171097055067116195
305393445442387277183119079094146216305396454463427338226140082058079131
213305384427414354259189143119140180241323393433421366274189122076070097
146219302363393381329265207171165183210259320366390372314241183134110113
134168226286338363350317277241222210213226262305344357329283238198165143
137155186235283320344344329305280259244238241262293317323311277244213183
165158165189229271311335347341323296262235222229250277290293280274259232
192155137149180222262311341360360338302265235222222235259280299308299277
241198162146155180229283332372390381341302253219204207222253293323335323
283232183149137143171229290354393402384338274226195189195216262302338347
323274210155119113134183244314369405402375305241192165165189226277329360
357314247183131104113152207274347399418399341265204165149162195250314360
378360293216152107094128177244317375411408369296222165128131162216283347
381378332253180119091101143201277341396418393326238168122107131183250323
372393366296216149107097125174244317375411402350262183125094104143210280
347387390341259189131104116149210280350396408375302216155107097125168238
311366396381320241174137128155198256320375402393338259189131104107143204
268338378387354283213171146155189229280335372384354290213149110101122165
226286344375366323265213183174192216253299338360357311247183137113116143
192244299344363347308262229207207219244271308335344329280229177146134143
171213253296329347341317283256238238244259286311323323305274235195165152
158180219262302332347344332305283262247247250265283296305293271235192149
128131158201241280317341350338314274250232219222232256283302308293259213
165131125140174222271323360378369338290244210195198216250283320341332293
226162110094110152213280347399421399344268204168158168204259320372393369
293201128082070101162244326402451451414357262180125104119174253335402430
405323213128064040067134222320414469469424323213134073064101177271369436
460427335213119055037079162265372454494475411293180091040046094192302396
463475427323198110052052104192302399472491457369244137055018040110216323
411469472414296186104058076131226326418466466418311195101027015055125229
341421463451387274177113091119177259350414448427363250152079037046091162
256347411439414347259183137134165213280350396405375299213140085061079125
192268344390402375320256204174177192229280332363363323259195143110104128
168219277329363369344305268235216213222247277308323314280238198165149152
165195229271308332338329299274250235232232241262277286280259232207186174
168174195226259293320329329314290265244229219226244259271274271259238213
189174174189213250283314332338323293259222201195204226250268280283271247
213177155152165198241290326344344320280238198177174186216250283305311293
250204165137131155201259311347360354314265210171149152180222274311332326
286238183143125134168219277332372381354299232180140131149192250305344357
332280219168131119143186247314366396384335256192140116122155213286341375
372329259195143113119155213283347390396363286213146101091119177250323372
393372308232168122107134180250323375408390326238168104073094140210286360
402402357274198140110119162222296360396393344259183122067061101168247329
384411390326244177128113137183250317372393372299213137079046070128207286
357399405363293213155122131165226290338372378332253171107061058094155232
311375408396344265204162143158192244302344366344290219149091058073119189
259329375393366311250198168165183213262305335341308250183128088076101146
207271329363369338293247210192189201229265299320314283232177134104104128
162213268317347350329293259232213207213226250274293290265229192158134128
137165207256299326335329308280250226213210222244262274280271253222189155
137140168210259302332347347326293256226201192198216241265286296283253207
162131128149192241293332363372350308259201165152162195238280317338332293
229162119104122171232296354390396372317241174125110125165229290350384375
320241168113085104155232317381424424387311219140082064088143226320393427
411341241158094067091143232332405445430375274168082024018064137244350427
454421341229140076058091155256360424451421335229125037-06-03058152271378
445463424332219134079070110183286378439436378274165073000-21018097201323
414472463402293195125085097146229323399433414344232134055000003055137244
350427466445378277192131110128186265341393408375293198116052021052107177
268357424445414347259195152146165207283341375366311235158097064070110168
235311369405405366299238192171174195235280317335317262204152116101116152
195250311354375366329280241213198198210238271293302280238198168149146158
180210256299332347335311277247226213213219238259271274265241219201186180
183198229265299323335329314290259235219213219229244256262265256241222201
189189198219253283308323326314286259229204189192207232250265277277265238
207186180192216247280311332338320286244207180171174195226259290308308277
238207186177186207247290329350350323274222180149146165201244290323338323
280238198171168183216262311350369357308250189146122128158207268323360366
338283229186162162186229280335369378344277216155110097122174238305363387
381332268210165146158198250311357381369314238165110079091131195274350399
411381317247189152143168216277341378390354277192125076061094158235320387
427421378299229171143152189247317369396381320232152088049064119192283363
418439414350268201155146165216283341384390347268186116055040076140226314
390436439399323244183152155189244305363390378323238158091055064110183271
354414442427375296226183168174210262323366375347277201137088067094143186
296369418430402344277222189183195229280329357354311250180128091091122171
232311372408408378323268222201195207244280320335329290235183140116122152
198253314366396393366317271238210204213241271296311308280241198162143143
165204259311350375375350311274238213201204219247274293299290265229192168
155168207253305347372375360326280235195174168189226262293314320302268219
177152155189238296341375387375335280213174143137155198253311350369354299
241186158152180229293344384402387341271186128091091122186268338387408387
317238180140140174232302363405418393323235155091058070119201290372433451
418335241174131134171238317381421424378293198116049021043104201308399457
463411320229162125128168244329393427414354247155073015006049122235341430
478469408305213146119134180256341393418390311213122043-03009067158268372
445478451381277201146131146201283357402408363274177104043018052116201308
399457472436357265192152143168216293363393387326235158091049049094165247
332402448445402323244186158155183232302350372347280207140091070085128192
265338399424408360286229189168168192241293329338305247186137107104128165
213277335381393366317265222192180183204241277302299271226180152134143168
198241290332360366338296256222201195198210235256268268250219192171165171
186207247283317332326305274247213195183189201222238244244238222207192183
180192210244277302314314296274241213186171171183204229244253253244232213
195186192213244280308314314293265235198171152152171204235262280283274250
226204195204226256286314329326305268222177149134143174216259296320323302
265232207198201222256293323338326293235177137110113140189244296335354341
302256216192189204238277314338341317268207149104085104149213280341381387
360305250210183180204244293335357350308241174113076073113171244323381411
405366299241198177183213262317357375350296216143085052073116192280363418
436414360280222180168180219283341378378335253168101046037073137222323396
448451414335256198165162186241311363390381323235149076030037082158247341
414457448399317238180155155186247317372381350277186110046021052110189280
369436460436381293222171155162198256329372381338259174104055049085146226
311393445454414350265201168162180219280332366360308229158101070082125186
256335402442436393320250198174168189232283329357344296226168125110125162
216280354408436424381311247201180174195232280323344335296244195155140152
183232296357399418402357293241198174168180216256299323326308271226186162
162192238296350390402384341290235192155143152189238283323341335308265222
192180198241296347384396381338286238180137116128165226283335372378350299
247207192201238290341381396378335277213152104091107152219290357402411384
320256207189195226280335378396384335268198134076058085140222311384433439
402332253195171174210271329375393375314241165091040033073137232326405454
448402314238180158165201265338381393366302219137067027040088165262360433
466451396308222171155165210280344384390354274189116052027058116201302393
454472442381286210162152168219296354390387332247165091046049088155238332
405457457414335247183149146177235311360384366302222143082052073122192274
360424451436384299222174152152195253317360372329259189128088079110158226
302378424433402335262207168152168207265317347344299235174125097113149198
259329384421418378308247201177174192226277320335323274219171140137162198
241293344387402381335274229195177180204241277305311293250210177158162186
216256299344375378344293247210186177183210244274293296280256226201189192
216241277314341357350320277238207189180189210238265283286283268247226216
216229253283317338347332299259222195174165171192222250274286290280259241
226222229247274305323326314283253213180149137149180219256290311317308283
256235226229247271299323329320286244201162134128143186235280323350354335
299262238226229247277311329335314274222174131110113146201262320366384381









