MUMBAI                                                                          
1955
000000000000000000000000000000000000000000000000000000000000000000000000
222283347396418408363286222168137131152201250299329347341305262216195192
216256311363393402375317259201158131125146183232280320344344323283244222
213226259305350378378347296244192152125122143180226280323357366350311274
244235244274308341360354323277235183137104094113149204274326363387378338
290250229222241277314335341323286238183119076067088137210286347402424411
363296250219213232268311344360350311250183119064049070125207299378436457
436381299232192183204250305350378375332271183113049024052113204311396460
482451387286207168155177229299357399402354262171088030012049122226329421
485488448350256174131122152226311375418414350253162079021018073155262375
454497488427323229162122119155238332396433414338238152076037049116198296
396472497466396290207137107116174262350408430393314226146085070104162247
341424478482436347253174122104125201283360405414372296216149116116152210
280366436466448393305219158122122158226299357390390347274216177165177213
259326390430439405344268201152137146183238305344363350311265226204201216
250293338381405396350296235183158155177213259305335344335311286262253256
268293320350372378363317268219186171174198229259296317326323311299286277
277283293314329341338317283244207180168177198222250277302320326317302286
280280283286296308314308283253222198177168165177207244280308329341338323
302283274274277286290296299290265232198174158155168201238286326357366354
326299277265256253268290305314302271235195162140134152192250308357387393
366326293262247238241262296323332320280235183140119122155219283350390421
414378320274241222222244280320347357338286229162116097116168238314381427
436411360293244210195201232296338369369326259192131085076107177262344408
448439399323256204174171198253317363390378323241165101067073131207305381
445460439375286216165143152201271341390408378299213140085064091162253347
427466460414326241171128116149219302369411414360277189119076076125204299
390454475451378277198137110122177256335393427414357265180122094122183265
350424469472427335235168119104131189271341396427405335253168131131174238
314387442463439372277198137101101137195277347396411375302232183158171210
268332393436442402329244171113085097143207283338375381350296244207192201
232280332381402390347277213155110094107146207274320350357335299259232219
222247280329360369347302247195143110101119155204256305335350350329299268
247241247277311338354338305256207162134116119143183238296341372387372329
283253238241259290317335338317274226180137104094113158226290344390414396
347283244219213232262296329347338305253186131085070085137210286366418439
414354277222186177189229286335366366326265189119070052070128210305387445
457424347262192146131158213296357390399354271183110055037070143241341427
478472418323226155113110149229314381424418357265177101049046097189293387
463491463393274189125097107168259344411442421344244158094058079146238338
430478482433338238152097085116189290369427439396311213140091079119195283
372442472451381274183116079082131213305378418411357250171119097119177253
335402442436378283195131082073107177262338390408375308232174143140177232
299366408424399329250180125101113158222296350381381341283229192180195229
274323366390387344277210158125119143189241296332350344311268232210216235
262293326350360341293235189149134149177213256290317329317293268250247256
265274296320335335302256213180162162174195222253286308320317302290280283
283283283290302314314290253222195180180183195213244274299317320314308299
286280274271277286293290277256232207186171165177201238271305326341341323
305283265253253262280293296286265241213180152140149180229277323354366360
335296262235222226244271296308308286253216168134122134171226286341384399
381335280238207192201229274314338344317262204149110104131186250323384421
418387326259207177174195241302350375375326256186131094097140210290372427
445424363277207155137149195265335387411393326241165107085104165253344421
466463414323232162119113143210296366421436393305207134085076125204299384
454475445366256171107079094149235332402448442378274180116082101162253350
427478475421314210134073058097171268363427460436360256171119104137207299
384448478451378259180107058067116201305387442460424341244177134137183253
335408454457411326222143079058079137219317390436442399317238180162180222
286350405433418366277195131085079107162244323378414411372308250210198213
247296350387399378320253189134104104134183241305347375378357317274244232
235253290326354360338296244192149125125143180229283323350366357332302268
247238241265296320332320286247201168143131137162210262317354378378354314
274244229226244274305323326311277235192152125122149198259317363396405384
329274222195189210253299332354347317265213158119113134183253326387427430
396326253201165155183232296350381384347283210146107097119180256341408445
436387302219155122122158229311369402399344265189125085082122198280369430
451418347247168113085107165247335393424405332247168107076088146229320396
448445393290198128076073113192283363421436396311219149101085119186265357
421448418344238152088055073137219317387430424369277198140107119165232320
387430430378280192122070064107177271350411433405341250186140131162219286
354402421393323229158094067091149229311378421418372293226177158177213265
329378405396341253183128094097137204274347390405384329262213189189213244
290338375384347283213155116107131177229286341372381354305259229213219241
268308341363354308250201162140143171210256302338357357332293265247244253
262280308326332314274232195168158168192222256290320335335317293274268265
265268280293308314296268235204189180183201226259293314326329320311302290
277265265274283296296286274250229207189189198219253286314335344341329308
283265250250259268283296299293274244216189174177201241286326354372369347
311268238219216229256286314326320290250207168152158192238293338381399387
347293241204183183210253305341360350311256198149128140186247314372411424
393332259201152137155204268332378396381314235168128113140195268344405433
427378286207143107107146219308375427436396311219155116113146222311393445
460430347241162094070091155253347421463454390290198137104119180259350424
466454387280177097043043088174277378451485454372259174119097134204302387
451472436341222131052015040104213317408475488436350238168122125171247332
408454454396283177094027012052134232335418472466411311219165134143192262
347411442418350241158082033033082155256347421460445390305229180162177219
286354399411378305216146088061076122186256341402433418360290222192183198
238293347378375329265207149110097113149198241314366393387350305259232216
216232262308338350326277232183152137140158192244299344369369347314271238
216210216241274305320311283247204171152140149183232286329357363350320280
238201180183207250286311317305274235195155131137171229280329360378369335
280222177149155186238286326344338308259204155128131165222280338381399387
332259192140122131177241302350378372332271210162131134168226299357402414
384314232162113094119174247320378405393338259195146122131174238314378414
411357271186119076076122195271347402421390317244180140125140198271350399
418387311226143085061082146229314387427427381299222168137140177244317381
414405344256174104064070116186271354414442421360274201158143162210274344
393408375290207131076064091158235317390433430384305232183158162198247323
375396381311238155101073088137204283360411433408354274216183174192235290
344378381338271195128094088116177241317378411408372311253213189192213256
311350369354299229171125104113152207268326375396381341290244216207213235
274314344350320268210162131125146189232283335369375360320277244226222232
256280305320314283238195162140143165195238283326347347326296268247235229
235247262283290286265235198171158162180201241283320338335317296277253235
226222232247253262262256241210189168165177204241277311326332323305280256
235216210216235256277290286265241210189177183210244286320344357350320283
244207192186201232265302323329311271232198177177204250296335369387378338
286232186155152177222280329363378357305238189158158192244302357390402384
329256180131113122171238308366405414378305229177146149192250323384421421
378296213140088070097168250335405451442393299216162134158213286366414442
414338229140067030049110198302393463485448363262186143134162229314387436
448399293183097037015052125229341430494503457363259183143140177250338414
454448381265158073012006058143253363448503500439341241171134143186259357
421451427341229131055012027082174280375451500488427323235171146158207286
363414436399314213134061033055113198293378448475460402302229177158171213
293354390396357280192131076061088143219296372421442427375290232186171180
219280332363363329271204152113101119162219296354396414402354293241204186
186210253305332344323277232186155143152183235290344381399390354305256222
201195204235277311326326302262222192177177195232286335372384375347299253
210177171183222271305329335320293256219192183198226280332369387378347296
244192158143158207262311350372363329277226195183195235277326366384384338
274210162131128158210268326366387372329271226195183198235280332363372350
308244171119088101146213286347390396372314256204177171183226277332366375
332265192125079067101162235317378408402360296238189165165198235302350378
369308232155101067076122195277354405427402350280219186177183216271332378
393354277195128082070101158232314390436433399335265213186180192238299354
384372311229158101070079125192274354408439424372302241201183183213265326
372378344277195128088076107168238314381424430393326268222189180192232290
344372360305226162113088101140204280344399424411366296250207189192216262
314350366338274207146113104125171232296354396408384335274232204192198226
268314335332290232171131107110143186238302354381381347299253216195192204
238274305317302265216171137119134165207259317357372363329283241216201198
207232259290299286253213177149143155183222274317347360344314274235210198
198207226253274286280262235204180171177198241286323354357344314271232201
183180192213244274293299283253222198183183207247290332354357344311265222
183162155171204244286317332329290250210186189210250302338366372350308256
201149122122140189244299341363357311256213183180198244296335372375357302
232168110079085119180259332381408390335262210177171189235296344384387350
283204128067033052107189277363424445418338253195165155183235299360390387
332247155076015003046116207305390448457414329241180140140171235311372396
387320222125049-12-18043125229335424475469418314226158128125165238320384
414387305189101021-18-09055131244347433488478421314219158128128168262341
405427393302186101027-03012088180280381454488466399290201143122128177256
344393408366265168094040015046116204305384445469445375280201143122134189
268341384387344259165113076061091146219308381433451424354268201152134146
186253320350357320262192137110104125171232311372411421393332259201158143
152189247299329332314271222177152146158192244311360390390363308244192158
146149177219268305323317283244201180174180204247302341366363332286232183
146134140165210256296314323305271232204192198219256299335357350314268219
174143131143177229277317341344323286250219207210229268305335350341308259
207155128116134180241290335363366341290262232213213229262302329344332299
247189140107097122168235296350378381341293253226210207219256302329344323
280222168122097107143201268332384408396354299256229216222244274314344357
332274207146107094113162232305366408427396344283241213213232256293332360
363326250180125097107143204265338390430421378308247216198204222259308344
360335271198134094082101152222296363418427402344280229195183192222274323
354354317244171116079076113177250326390418411369299238195171171198247302
344354332268195128085073088140210286357399418396341274222180162171204256
314344350314250183125088085113171238320381408408378311244204174168186226
280326344338293229174125101110146198280344390408396347283232192171168195
238290323335314268213165134122140177241302354387396381323259213180168180
204244286314323311268222180155152162222274326366387390357302247204177168
171204244283314320314271232198183180198226302326366381381323265213177155
152165192232271302317317293250219198198204241290332366372354308253201165
137134143174213265305335344323283241210204213244283326350360350305247192
146110104113168219280317341360366305244213201213241286323354369350305238
171122079070094162229305363396402369314250213192201229277329360372354296
226146082046049088158244326393439445408323247198180186213265320372384341
290204122052024027079162256341411460463384314241183158168207271335381393
354290195110061009021076168277369424475469411302213152131146198274350399
414387280174088024-03015091171305393466494469405280195140116128189283357
408418369268162079021000037113210314402466485451357253177122101119180280
360402408350244158085055043076149244335411460466427329235162110091116186
274350390390326232152091061067113183256338408439439384293213146107101128
195280335369375323238174131113122149207271347402430405350274201146119116
143198262320347347302244195162152171198238308369405405372317250189155137
134165204259305326329302265235207198204222259302347372378338283232189155
146155183229271296323332317290265250241235238253277311341350308259213180
158149158180216259302326332323308283262247241244262286308320323296259213
174146137143171210262305332347341320290262238229235250274296308308286253
210162131125143174213265308341360363326286250226219226244271296311317286
244192140113113140192247305354384393369317271235219219229250274305317323
290229168116097107143204262326378399396357299253216201204219244280311329
323274201134088076101152216296357396411384335277229195186198222265308335
347317241168104073082131192262332387421418378311247207186183186195286341
369366296210131088070094149219299366418436408344274213177165165207259317
363372332253174107073073128195268341402439439405320244189162155183229286
344375378317226149094079107158229302369424442418357271207158149162198256
326372384350271195134097101140198268338396430430390323247183146137158210
274335372378335259189140122137177232293354411436418363280210158134143171
222280338366369323259189155146177210259320366408421384320250186149131140
168226286335360354317256216189180198222262317363396396357293222165131125
134171213268317344347317274238216207216238274317357381366320259204158128
119131162207262311344354335302268241226226238274320354369350311256207158
119104116152204265317354375372344299259235222235268305335354347317271216
155110088097131189253323378411408372311259222210222247283320344357335286
219146094067073113177259341414448445399329262216183186219262302341372372
311235146085049046088180280363430463454393317238186162165204259332384408
384305207125058027027091192293387457488469414302213152128143189268347408
430396305195113043024049110201320408478497469405271186128104122177277360
421436390293189091040021061134232341418482485445341232149097085119189286
372424424363256162091052052097177274369436469457405286186116076073128207
305378418405329232149097076097152219302378433448421341244158101082104143
222314375396369293216162128125155195250317381421421372290207143104097125
174244317357375338283229183168174198229277329375396375314247183137116122
149195259311338341311274241213204207219241277317344354320265216168140131
140171204250290311314296274256238226226229247277302317311280244201158137
134143165195235268293299290280265256244235235244265286296290268238204174
152143149168198238277302314311302286268253238232244259277286283265244213
177143128134155195238283314332332314293262241226219226241268286299274247
210168134116119146195250299338357350326290250226204204213238271296320293
250201155116101116152213274329369378360326277238207189195216253293326332
302244183131097094119165229305366393393363308247207180171186216262314344
341293222158101082085131192271338399424405360293232183158162192244305354
378363293213140079070104171241311387436436402323247186149140158204271332
384390338250177110079091137210290366418445427375286210155125125168232308
366393384314219143091076107158238314381424439408311235162107094116168244
317375396366277183125091094143198268341405436424354259186128097097128195
274350393393341247177125107128183241308369421433408323232158107088107152
219299366402390332244186146143171210274332387418408354271195137094091119
168238314354381360305250207183183201232280338381399378314241180131104104
131177244302347363363314268232207204216247293335360366338286232174128110
119146192241290332357360335299265241226229247274308332341323277232186146
116116128168219274320354363344317277250232222229250283314332317280238189
146113101110149201265320366390384344296244216204207232262296329341326274
207143094076085131195265338393424411369299235186168177210262314357372354
296216137079058070116192277366430457430369277201149134149195265332387408
384311207122061040061122207317396460472439354247165110094116180262360418
436396293192113052037070149253347430475469418311210128079076122201296381
439445384274171097052049104183277375451478457381265174101064076134222323
402448430360244152097070088146219311393454463414317213134088064088155253
344408433399314216149107097131189262341402436421350253168116073073122189
271357402408360271198152131140177229286350396411375302222158104088104149
210290347381378329259207177171189219250296344369372329262198146116116143
186241299338354354308259229207213229241265302332350341290232180152146146
149204244293326332329286262247238238241250268290314317296253213183162152
158180210250280299302302293286274262253250253256265274277277247226201183
180180186210241277299308311311308302271253247247262277277274265253241213
186171168183204235274311332335326302280259247238235244262277293293280253
216183162158171198244290332357363350320280250235216222241268299317320299
262216171143137158201259317360381381354311259219198192210244290326350347
314253195146125134168229299360405421405350290235195177180210265326372396
372314244183137122143198268344411448445402329247189155155183232308372411
411366280201140110113165238320393451463436363265192146131140186259338408
439418344247174122101122186265350421463457405305213152110097131195286366
427448411314216152110104143204290378433460427354247165104073082137219317
390442445405293201140113128180247332405451451393299201128073058097158244
341411451433369268192149140165219283354418445427360253174113076082122189
274363421445418341256201171171198244305369414430390311219155104085104149
204283360402414375308250213195198219253305357387390341268204143110101122
158207274344378381357314274241226226235256293329350350311259207162128122
140177213268314344360357338302268244232235256286305320323305274232189155
140146168201250299338366372350317274241222216226253283305317314296256207
162131125146189241293341375384372323271226192183195229271305335344335280
226162122110122165232302363402411387332268204158143162204274329372384357
296222152101079104168238323387433436393314229158116104134198274350402414
375290204134085073085171253347414448439375271183116073073116201299378424
430375280192122079076119198293372433448418329226140079052079143235335405
442427357253171110082097152238332405442442390290189116052043085168259354
424448411329232162110097128189268350411433408329238149076040058119207302
381427430378296207152122131168235308369408408363277189122067061107174256
341399430408347271204168155177216271329378402387326244174122091110162213
280344387405375317256213189189216259299341372375344283219165128119152198
256317363390387350302259229222235259283314341354344302247198165155171198
232280329366375350314277262256256265274290311326332314280238201180177195
219250286320335344329311293271265262268277283293299299286262235213198192
201219244277305320329329317302283271268265259262274283290286268250226207
198198201226256290314329338329311286262247232229238259277286290286271250
216186177186213256293323344350344311277241210201201219247280308320317286
244198171162171204253305350372375354308259210177165177210259308341354347
290232180149140165213280332378399390347290226174143146177232290347387396
363299222168140146189247311372418433408341259192143122134183250332393433
430372286216155131146195268344411448445393302213146097088125195283366436
463439363256186134128162222305381442463439350250158097058070128213320405
472485436347253177134143177247332405451448402299198110058049073149247354
436466463433302216158140140201274350405439421350244155076040052107186293
387457478442363262195152146177238317384430433390305207125067046079143222
317399454463414335250192162168198256320375402396341259180116073067104158
235323384424418375308247201180183210253305350369357302238174125097101128
174238308363390387354305259222201201216244283320335329286238195158137137
149183235290338366369350314277238213204207226256286308311296262222186165
152158183222271320357369357323280241204183180198235271299314308290256216
174149146168207262314354372366332274226177146140162201256299329338323280
232180143131149195259323369390381335274210152116113143198259326366384360
305238177137125152204271341390414396338262183122088091131201283357402411
375302229165125125155216293360405418381305226152091061082137219311384427
424372293216158125131171238314378414414360274189119067055094171256350418
448424360274201152134149198271347396418390317229143085049067134213311387
442448402326238180143146177235302366399399347262177116064061104177268357
421448427366280216174155168210265335381396369302216146088061091152229314
381430442402332256201171174201244305354378378332256189128088091137198265
338396424408357286232201186198229265317347360341286222158113097122174229
296350387396369320271229207204222256293323338335305256201155131137168210
256308350378369335290256235222229238259286305311299265229192165149162189
229271314344354341317283262247235238247259277286290280259229201186183192
213241280317338347335314290268247235232235250265277283280268250229210201
201222250283314335347341323299271244222210213232256274286293290280259229
204195210241280317341350350329299259222192180189213247280305323323305265
226195186201238280320347363360332290235183152143162201250299335344338314
262213183171189232280326363375366323262201143116113143201268332381402381
323256195158152186238299354384396366302235168097070097143222311375414445
405323250183140143192256320384402408357277204134058030073149247360402448
463408317229171134140198274338408414411347253174094018012067158265369445
485469405308219158131146207293372424414408332232140058006015082174280378
445488466390299210146131155216302375418433390299198110030000027104201308
405469494451372265189143134168235311378414411360265177101033015061134229
323402460469424341253183149149177241305360390387326247165097058061107168
247332399442439396320244189162155183235296335360354308247183131101097125
174241317378411408369308250198171158174207256302329332299253201162134128
149192250311357381384350302253204177165174198244283311320299271235201177
162174204253308350369372344305250198162149155180222265299320323302268229
192177180204247296338366369341293235186146125128155204262308338350335296
247204180177201244293335366369341286226168122101110143201268326366378350
302247201174171189229280332360360323265195134088067082128201274341381390
360296238189162158180226283332357354308238165107061055091152232308369405
402357286226180158162192244305344366344286213140082052064116186274354402
421393326259204168158174219274329360363311244168101055046088158244329393
427421372299232183165165195247305347366341274198131073052070128207293369
418433402341268213174165177219277329357363323250174113067064101171253329
393427424378305244195171171198247302338357341283213149094067085143213290
360405424399341277222186174189222271317344347314253186131101094128189253
323381414405369311253210189186204238277314332323283229171131113128171219
277335378396381335277235204189195216250283308317299259213168143137158198
244302344375378354311265229204195201219247274293296280250213180165168186
219265308347366360329293253222198192198213241265277286277253229207195192
204235274317350363350323286250216192186189204232259277293293280256229207
201213244286323350360347317280241204177165168189226262296317326317286253
222213226253290326354366357326280232186152137143174219268317350366347305
256219204210238277317347363357320262201146101088107152213286344387402375
311250207189198232277326363378360308241171110067058088149232317387436439
396320244198180189226280335375393372305232149076030030079152253354430475
466405311232180162174219286350393408375305204119046006015082168286384460
497469393296219162143165219299366411421378286189097027-12009082186299402
472500466384274195140128152216302372414421360262165064003-12040125232344
430491491439341241168125119162232323381418408338244149067015015073158259
363442488475414317222155119116162244326384411399332241158091052055104174
271366436472457396305222155122116152222296357384372314238168119091104143
210293366424442424363280210155125125158210283329354350311256201162143152
186238302363405418390335271210162134131155204265311332335311280238204186
189216256308357387390366323265210165140137162210259302329341335311274241
219216232265308347369366341299247198158137134158201250299335354350329296
259232226235265302338354357332296250198155131125152201256311354381381360
317277247235238259296329350357332296247189146122128165216280341387408399
363308271244232232256293329354357326280222162122107122168229302363405421
402354296256229219226253299335360357326268201146107097125186259329393430
433402347290244219213226262308350372357308241177128094101143219296369414
439430390320265226207207232283329366375350290210149107094122180256329399
445454424363290238210201219253305354381378326250180122091097143210290363
427454442396323256213195195222271326366378354290213146104088113177253329
396439445418354280229192180192232296347375375326253189134104113158222296
366424448439393314253210186186213262314357375357299232174134122146198256
326384430439411347280222189177189222271317347357329271213165137137171226
280341390418411372308250207177171189226274317341338302250204171158174210
253308360402414393338277226186171171192232271305326323293256213189183195
229274323369390390357305253210177162165189222262299314317299268241219216
226250283329366384375338283235192165155162183222265302326332323299268247
232235256293329357372360323274226180149137146168210259305341366366338296
259241241259290323350363354323268213168125104110146198262320372399399363
308262238229244274314347360350320265207143097073076119183262338399430424
381311253216201213253302344372375399280198131070037052104183277372439472
460399305241195183201244308363399402363274195113046018037097198305402472
500472396299219168152177229308378421427372280183104030003033110219335433
500515472381274192143134158222323393436433372271171085021003055140244360
451512509451347244165119113149226326396439430363262171085027024082168277










