MUMBAI
1978
000000000000000000000000000000000000000000000000000000000000000000000000
232291346390406387336270207159138142171221272309326319282234192162153165
199242296344373375347296238178135116125161213264295308303274243213188177
186211256302344366361327274216165132119130162209253290312319305278245218
205209229264303338358353320270215165128117126154197254303336350345314274
240220218234266308342359355323274215160119103109141200262319367394391350
296248220212226256295333356363343289220150098069070118191275347403428415
362290234200185198238292343378388356282198120058026042102194292376440465
440377288218169156171225293360403412371285193109035002024098199312407478
495457373274190140129147207293368416434385285180083014-12011096215325418
482496444345247166115100120195300378427438386275165073015-8030127246362
455508498433322219139090085128215312390437441375265160073021012067175288
390472510485406294200125088091141232328400439433365260163094057068129215
316407475494460372265180115090102148232321385416405334245160111096119177
251338418461460419332243166117099115157242317363383364302236177146144171
212278345401426414366292219161124113132180241298335350336296250211192189
203235288341379388360310252202161138137157193244285315328322302273246225
218227256300338358351318278242207173153147158186231275303317318304286263
243231233253286312321313292268236202170148144155182227266302324336332306
275250240242258283303311311294270240203167142133144181231280321348354337
303269243228227242268292308310297271235190149122116138182240297344370369
346303261229211214234265300320320302267220168124095100135200270330374386
367324276232200187193223265305330331303249188133092082100155227302365403
405370312254207180175192232288331356345296230166107071077122192275350405
424403352280220178159164200262322361374343274210141090066086141219303376
427435403332251190150137154208278340378382337261181104063064110185275353
418443422356270200145122127173244320374399372296209134077058088155230316
389437443400320232165123112136205284352392395353271198123078077121190273
351413444429368278197137104107149222302362396385324237162110091107162228
302373423435400325238167113093110162238312362380358292220158122118148197
260328385416407358285210142098090120184255326359365333278222178153153179
220280342384395372318250185130098100130190253304333337311271232198176174
198233283328355358329275220166121101110140187236280309320310286254227207
201213244285325346343314268220172127107109140185234279310333342332302260
230214222246277307330337322287240186136105100125172228285334369385370328
278241220215228261303334352348315266202139097080100155223295359404424405
351280231202192208247296344374399343274185123071052075135221310385438455
425357273207165154173226296359401410370282186111050028062142245345431483
484435342247170129121150222310385431435380276172090030010057148266370452
496482418303210130086083130221323401450445376267163075018016078073290398
475505473386270173103060072135235340416456440364262164083033045115210320
414481497458362248158089058078147249350417450428350233142078056086160253
355435478466403295196122072065105185275363415433393308218142102101141208
291374433451425354253170108082091133202293357395402362283210160139155196
253318377413417378303226161119109129170232298346373368322263215184181203
235276327366385365317255199150129133158198242288327344332301262235222223
239260288322347350325280232196168154068188212244277304320317300281262253
247248258280308323319298268234205180167167176200234267294310316313301282
263251248254273291303301286263237210185166158165190227267301326340336315
283250239235241256272287293291273246211174148136145175220265308338352345
311266231208202208232259285299297276242196154124116130172226285335366372
348302258219195187197227268306324325295245185136108107133185250316370396
390348285228186164165192240295335354345296231169116092108154219297362408
418385318246185150140162212280340375380340268197131086076108175253335399
430418363275200145115123168233307365395385323240162095069083140214305383
435444400315222153103093123190274350400415377294205140082063095160250340
409447437375276187117074080127206299375416416365270184113073079123193278
368426448410325225141082058082142228330393422406340244162107087114174249
333397438434373279188117070066107180275356405420389313232164127125158216
288355405426400330243162100069082133200294356395402362288223177155166198
245308362396399353282208140096085108156225297347381380340278232202191205
227265310350372367324262195141110107132171225283329355357330294257233221
219228252289322337333296251197148120116130161210262308338350342316285255
233220220239272303325326306270220170134116119145195249300337362369353318
271231204196212251290322338334303256200141104097123176241304355390404385
335268213179170183227280330362372347281207137088078107167244318380427435
406330248180138127151215290351394408375292202123072063098168260349422462
456404302208134098104147225310380431442395295188105061062110187285376448
485468400282175103073083144234330407460463400288180098054070124220321410
470491448348226130065050083157255350426470450370250150084064096163258358
433475473405275162085048054103188287375440460418320210125081082125198290
375438461425326213124065048075130213312388434437381285188126103122168240
318388428428370267172103066070110170250331386421408329242175139139172220
284346387400368295215148102090110150215285344382390358296236194180192218
251299342369367327265202150125128154190236288333358360328285245221216225
244272305330341325284235190159148161188220255292323337337315288260244237
242254272292307311300270232202180174183197218244278308325329315296276262
252246249258274290295288265235210195188187191205230267302322328323304280
256236225226241260276285284270252231205183170172195230272306331346342320
282244216202205224252280300308296272236195163147153178223270314350366360
318263215181170180210250288318330318283226172135120136178231290344383389
360296230173140136163210268316349358330271202145108103130180245315373404
396343260188129107117160226298353385383335257182121089096137202282355404
422392310218145090080110173253335387413395324233158098077101160238326394
433429366262173102062067115200296365424440400308209134088084123191284366
426448415323213122058040074143235327400446442383278182116087103158235323
392438438380268164087040041090168265358426455430355240163112105138203285
362418438408325218122053032065128210300385438454412318225162130138175235
310373412415362272182107058055091153235320387428428375292218172156168199
255315366391377318233160103075083122178256325380407400355287236198186192
217260310345362346297235171126105111141195256318363388382347300252220205
202214243287320333322286242192149127123143186242290335360367350316275238
210198197215247285309318303270222175139119132165219275319348364360335288
238195169163181222268306328324294248194147118116145205264321364385381343
279216162130123150212280330365368335273200140105102138200275341395420405
350267192132103106143218301363403406364283202136096100140212293368422438
408333238155092068085145233330398436432370273192124092105153232325403448
448395295200122068059097172275370430458433362262183126100124180270358425
451426353247155085051061113196300385445458422337232158113108140208296387
430435388296196115058042075142230336405451445387290205145116128170238327
391419403340240158088054062112192278360418442415345260193145135157203275
348393403365290205133084067094150220298370416425388312238187158162186238
296350378372320242172121094100137190253323375399391345280226188180191219
260310345355328272212161128118136175218278332366378357311265227205205222
242280309326323291242197164146152177203244290332356358336299265244233230
237249271295310301272238203180170175194221253290322342340320297271249233
223228242263281287284272250225203192190200222248285319337342326302278253
235222215227250272287292280264242217202191196219248287319338348340318283
247215199200220245280305316312292261228199184189208248294331362375362323
275226187170175205252295327345342315266220183166175205250299342375389371
316246185142133150195255310352373365320258202160144159198254312363395394
357280203138102104137203278340387410390322246183138132154202265335386414
400335238150085060081142220305376420430388305222158122122157218298366416
431392292192106048038080157250343412455447390290202142116130174248333398
438430363244142058026042103190292378451482456380271190138125148203290367
422443408310202110040017050123217312400464484446352250174128129165225306
380423428376268164078025025075155247338415468470422328233167136144180245
326385416407341245153084046055108180268347414455450393302223168150162196
252325367387363302220142085064085133203275349401426412358283224185168175
108257303346360333281213160122101110142197267334380400390347288235191176
177192230277316335328289240190155142145173218272330372389382350299249205
180170176208253301327334311274226184158151175214269324361384382353303251
203167152153181246301336358346307261209166152158196253309354381390369313
251187138119127168232295348379381346283221176160167209263321371404406371
307233169118099119176251326379416413365286218173154167205262324382414411
364279195127078078113181265346405438421362279208158145164207276343392419
401329236151091063079128203302379433454419346258191152149175229299366414
424383296201121069063101159244339406451453407321233178151158191248326387
418403332241153089061073121198289366421451431371281214164150166209278346
390400363286198127075064099159236316388433443406336256197163161184233301
358389382324239167108078088134197274344403430422371297236192170178212271
331369377346275209145103098128181241308366404418397338271221186181202238
291333354349304246183133115124163213269324370400399366307250209193193215
252291321333316274221171139132154191231284329367382371333213239213200202
228258291306307292261225187160162183214250289328356369349309272236216210
212223250276295302285256223198186180195218251291323348353337311271236211
198201213237263282293289267242213193186195217250286320341350336301260224
192175173187218256288304306286258228201189191208242283319343352335297251
204166147145169211256297322332311273228191177179200236279321351360337287
229173129104113151216276326358361329276224184162163184228284332364371337
271198129081067092149223299356392394349279217170146151183234297346379381
334254164087039037085159241329392424416358276204152135147184243316369398
381311213118039005021089179276361424457426351256181129116138189263339391
408376276168071003-17016093193301388453469423331236163113106133193276356
399409351243136044-11-16036123226329406465467411306217146107105134201289
367406398326214111029-09-04056139233336416460451394291206141104104144214
302366394378301202113041011023084163256351421451431366269193139117123161
231308359379354279195119064046076131201291361413434413349266199149129136
175236302342357336281215151107096113157223298359401415394339266201156141
146173220279320340331286234180143132143177230291346384396379331263205164
141137155195251301329335310269221187167169189231286338371381361321264211
166140127141183236291330349341304255212185180199236289337369379356316263
206159127119136186249306348371369333276223194187210247294333365375361321
261196144112113144199269333381406396349286236207201221254302344374386366
317246179123099112158225303368414432414356293237206205227261303348377387
366301220149104097123178253324391433439407346272221199199221264315364388
383343261183123095099144208284361414441431388314245199188199231281339378
393368297213136089079111168239317388433446421358376222192181199231281351
387393348264178114082091133194264335401440440398324252200181183208250301
368389368303221148103092121170236307376423440426381308250207193204237281
339374375336264200127099105151211276336401435435406335269224203201217251
304348369352299231173131116137187246301358406422409356296241210195201231
268313346351321268208163137139169208257312365405411379323271236203195205
235268311337333304249206172166161183223278326371395386348303251216196191
209241278311324321290254226197181186205246286333368386375349301348309191
188198226261292317321303271240219205206226253295332365377362326281238207
184176186221256291315328317288261238221216226256296336366378356316268216
187167156176221256294325349346311281245229221230263302336363378356308256
205161133126161217276331371388378336278248217203226252292336371384367307
242176121097101150221291362409427409359283231201192210248296340379395368
306219133081061077146226316394441456433372285216172163182229293356407421
388311188111049039079147236341426476488454376274199159149174231309383427
429376263146063025015069159261362447494498451342241175141136191249329401
441436344219111051016011057153251347434504501444311229161121117184263343
413453442361231121059021033105201296374463503491431311211156124124184271
346413442413346241131071050082144231329416473501474404286197137120133183
256341407426399317221136091084121171246331409456469441366253176131121139
181252328374395372306222159129123151197261339402437433394311231163131129
152196253313353373351293231183163161191226286342391413396352286219166141
137155191236291329351341303256216196195209233276321359381368323269214166
144135147171214269313341343326289251219205208231275311341351339307263216
169133123131166212271323351361341304263229213210223258296326340331301259
209162123112127166221286344373378351311266232214209226257292319334331299
253194139103095124174237303356380380354306254218198196212249285322339328
287224164119092093128183256328379399386341284235201185195217254291331348
330261203142094079104151221296358401407379321259210177171190221266316344
350303230156091068076116171246324386408396351281222177160165191236295341
361339274192116071063095146211283353403414386325248193164159175206261319
359365316235156096068075123183257330383416409371296225173152160188239297
349373356285208137093081108158213292354407420397339259198158148161201256
316359367326251179122094099136188251319379411411369296227170146149174221
283338362354301231169131113125173229292353396417395344272206159144157190
243301343358331275216166133131162206251309356389396363297233179144137159
194245295323329304259211171148156189222266311350373373331271209156133138
164200242281311321307268221186171179204232267309341363351298241188156137
136158193236283314329313275239207193196217243269306339353343297237179142
126128150175220271313333324293262231211201207228263302332343323284233179
128098099122161219278323353354326286246212195198218255295326339327291236
170109071069094148216289348386387358306251211182178195238258331352350319
254168089053049076141226316379417421401337251185158160192242305358390383
333241151066035035081156259347428467467421326236170141146177243315386423
413349236133057021023086179286381457494476411296203137113126173251341406
439421336219116033-09033101195303406481506476388276181116093109166261356
423456423326201111011006051119226336421486501456366248158096079101163258
356423446406306199093034031083161251349432481482431331228142088079111177
271359416429375285186123081084126184281357426461448386282197127088092124
187276346391396348273198141116129162213286361413429402346256183126099106
136191263324359361324267211172156167191231288346383388351288223168129119
129157203257303332340311273230201193201221249291326353351316266216166139
131142166205251296323331314286261235216216228252291319337321293256219179
149139146171204249296328343339316287254236231239253278303315313303275236
195161142147166202247295337361359328287253229223221235260286307315306273
233182141123125154199257307343371366333279236211201208223249277308319309
264208151114101120156203264319361375357313263216186176183210246286316323
296245182126090087119164223294350385390355297237188162163183223273319343
337293223158108080091131201272341391409386330260202162150164198251308349
364334268186124076072108170238318382421415371302223165137136163214282341
372367312230152090064087139201277349410433414355266192145130146188249316
368391369290203126076080113171243318382422426386304221158122118151211282
347387387336249171113082095141203276346397418401339255178124101116163231
301355383364299221149103094126175233301364407410370295210150106101129185
254323370376340272204147123126164213266329379405381319239173126106120159
224294343368356308245192159151169201245296346382387351282207153123116138
180243294341358341300247205186182201227264309344368365323264197150125119
141181229286326343339310271238215205213231262301336351344307251204159131
122136174225274312335341327295262231216210226250284314331330307261212161
130116128165213261306341362355326278237212202215239270303325337322278219
157116095101139201264325370390382344289232194174179211254300335357343292
216143092066070115187271346407428416366286222175150153185241309365399383
319228132071041049109191282370436463441375275196140117125171246334396426
404319215133048020038101208311410470481446359249162101077091149235338409
444413323207100039017037105212329419472477429329213126067050082157266367
429448406305186088038027060139253363442482471395281173099047043090181290
379436443383274176082045043099182287376445470440356241146077040055108197
299383429422350251161104076096147225311392440444397304205129072060093150
232318384413392326239171132126158201259330389417401344264187127093097128
179247319367383356305240191171175205231275324367383360303235174134119135
164201250305339351325289250221210216228244273308339343316269220180150142
154173206247289315326314294271247232224229242268293309307284249214184167
158162181205241279301312310296283264247234231237258281291292280259233203
179164163177206239284313331336325301270246231226234253276293298295272243
212178159154168209256311345357359339304264232213207233258287307317314294
254207168146149174221280327369390383349301249215198203227263308336351342
304248192150136154197250310358401415397343276223189180197233285329367376
352300231170129118155203272337394427422381314236181157160190234292348379
384341267189132103113159220291355406427406345264192143129149196258327379
405387322236159105091126184254330393429431390304213147112119159223294361
409415373288193120083095149209290366420445420350254164109094119175249332
394427406335236158110100134183251327395439432380289193123086092134194280
360408422381292203142111123163218292354407426402326229151091074099156225
307375410402346261184143130151196244304361400404360279194124083081116171
246318372395375313243185154152175208256309356382371309235165113092103141
193261322363372343292238197177181203229268308343256334280215157115099113
150194252305337347327289250216201201211228257290318328307265216168131115
123148188235284317334330307274243220210210221243272297310305279238191145
119117139182230278316348358345307265226204198205227261294317324309272217
159116102115161220281334369384371326269213177163169201245293333354347295
228152098079092141210286355401418396339260190141122131175239308362390379
317231145084053067125207295373423436403327236156096078098153236320390421
402317217125072047060131224320401450449395297198114058046082159260357423
444404309204116049030072153254351425459440364256153074024031090179290379
439447391280178098046046100183286375435448408317207117041013029089187290
370414414352252157093058072133214308383426429367266171090032017051125220
326388420397320223150100085117176257332389409382311221137072040057103173
261339389399359287211151117121154207273331367369329257184119075066090141
209283342374366321256204169154163191234280324345333285223165122099108141
180231290329344327284250211191188199219244274301310292253204164141136151
173200237280309319306280253232218211215223239264279281265237207186169160
163175203237267290299297285264243224212209218230248261260252237221205186
166160169197238268289301305296278253223202192196219242252267264258243220
194166158165191231264296316324310281246209188177183208232259280289286260
223183153141148179228276318340345326285236192161153171208250289313319302
264210161129125145187244300343365357319260203155133137170217279322348347
312256194141118123161213279334373384363301233169120104126177241306357380
363305236172121101120167233306361397392346267189121081082126191269338384
395360294213144100094129189264339392410383312221137075051079146229319386
416399336248172111084104156231315379414406343255166091037044101175267351
411428393313221151100096132194265341396417392317214131059028059123207301
381427428374281198135103117159221301366400397346258166087032031079153241
335399423400332251181129117139186247325367384359291213133066034053111181
265344395407371299229171136136159204262317349356320259188121071051081130
192267337376382344286229186164163182214256301330332301245184131093084109
151204271326355359333293246208186181192215247281304307281241193149120112
125155206262309337346331299259222195182183196220251278296291266229179139
121131163207259307340357351323282236196172163173206248286314323304266213
161127121144189248307348372372343291231174136123137175231287334356347299
230160115101121171236306360393394358290215143099087108162233311366395379
316234157105087111166243323384414406354268181111063057091164257343406429
398321226149091077116183266353411433408332236146071030041096188291383439
451405310207133086087131214306385433438391296202111041014048121219326411
459456396286186118084104159238331398436424359253155074017026086164266366
436464441364259173113099131191275355409423389309211121053025059121203301
385438452409319229156121124159221301366394398344261177104057058104167246
334398431423366281211159139156193246314356374354291217147095075096142189
257333381399376321259204168164186219266313337339312252191135104109146181
231286341373371341293244209193194213242274303316311279231176141131149176
209249294333350341311271240216203205220241266281286276251220191171169184
204228259296324337326303276249231219218227242258272275268256236219205196
197206228259294317327322306281257233213206209222246262274279275263244221
203196203223252287317331333320293263229202183184209239271294306308293267
231199188192217251293326348354336298249203168154168201244291324341340306
263216184172183214259306348368367339283224171135127153199261316358376365
317258208170155172210266323366384371323252182124096106148214286345388400
371306239181141135168219286346386396361291212141083062095159239320387424
424371291217154128139181247321379412407351263173097046051107188287369428
460426356261185131118139197279353406423393311216131050020061131223321411
463469417331239166126128165228311381421423363271169093031026071153253346
427475463396301213146122133191248326388418406341237136059018033097186291
377445471443371276196143131153201277349392406368286197111053033071136216
314393446456417341257188149145163217283341375378332258176109068061100154
227311379418419379308241187156152169213269316343343307251191134098093119
148191239300350382382357304252217187166172204245281307318304276237194163
168239314366401401371316256211182174186217257395324334314258206159118126
150160201251301344374377356327285237177140137156197244289321329306261216
174143146175226283331371385368323256196148117112131181243301341364341268
209173146146178223281332375396381323241186126084084113166243319369401351
274217175142139163216279341391404371296216146090057064106181263351411432
354268213173138131163219291356401406358285196117059029052111195293379433
441395313221156125126161226303366396391334249161083031021068141239341411
449434373281201143119131178249326374398371293204113045018041111193293379
429446418346253186141131156211286353387388336254166093048046091156241327
401446443396306226173145153186243311358383364299219136076054077133204279
357414437416356271205161151169113269323356361326256183117076081123179240
313375416417379308243192163163183228283326344329283221166119103122166217
278336380401387345282231191175183209242285314323312265213167137136159196
238291336371379358314266223196186196219251281298298276242204172157161186
218255296337357357330289249216195190194213238260274276261237211191183184
201228261298330344341319281243214192185191206228249264269267255233213198
196205229258293318328324302271235201174162167183211241261276282272252225
200190197219253282309320318296263219178146132138161201243276299306291261
223193177183204237278308323322299258206153116104117159212266313343351330
286234195177183213256301338359359326263197139097094126176243311364398402
363296238199186202234281333375396381317239167106074085129196279356415444
426366281219176163176216277341383395361286201116053026054121206301386442
464433351263193152149181233309367411414357273176093034028071151241345429
482482428333241171139144177245323381416406341221131059014019086174281388
472501480413288209153124134186263331388421383291193101049016031106201306
406473488458371268188134121143203283353399415377288179088031018066141236
339421471476431346251176133127157221295351390393348270186113067063107174
259346417456453406327239173136131156214279336366370332266195137103103136
192269347406435426379308238181149139157204263314344351326277226174146143
171219284348393411403363303241187151143156196245292327341331296250206177
172195237291339374394383341286231181149137147179224277316341347326288241
203189202238288333367380369336286231175133116126161219281331366379358311
261216196199228273324358373366331277214156111096110156219291350392407386
326259214193198227274323358377370331269199140099086111166241319381421425
388319251206185188217266318357375361319251181118073065101163246333398434
431386313243198175179209263326368385361293226156094063073126199289371428
451431371293231188195197229293349386391351276199128081069102166251339411
456459421349271211179177203259326376398384326246171108073084139213296376
439467450398316243194175185225289349391397363291213137093084121186256339
410453459424351271211177171193244313363390376319246176118091103153218295
368424446435384304236190172179213269325360374349283217153114106136191252
323384422434407349279221184173191233286334359357317258199155135147186234
293356401421411370311256208183181206246301336342319276228187162164187223
270321366398402374319264219191183195221250291316325311276232203184188207
231276318358381381353306257214188181192213246276298310303278248220207207
220243279321355371362332287242206183176184209242277301314311295271246231
225234256288323351363352322278233196173164171195233277309328332318295266
243233235251287321346357344313270226278141130141175226277321348365353316
275241227227244279313344361353319266205151113101116156219286343383397376
326271231206201220259307348365361319259186119075061091149222308378421435
401331267216190187209256311359486376324247166089047038079153246336409453
455413331252191161163198261333383407389319226136059012019078169276374454
489468401304219161140151198278356410430394306202109036-04020096201316416
485502464376276191133118135194291376423434381283178083013-07034116221336


                                                          
