MUMBAI
1988
000000000000000000000000000000000000000000000000000000000000000000000000
384334292261244240251281312331338322275227170120099104155215286355405427
421379324276246231229245279321345347319266208144104090099162224307374424
438420367305254222210212242293334358357309245179123094092126190267346409
447447412345283237210202217260316353368355299225161107088103159226310390
439451435385305247209193195232283334364370332263191127088083120183264342
405441443403333263213186180186236293342368366308232158108087092142211276
351405431430379305241192171170205255325354367345274196137102096131195260
333394428435403331266209175168183225284332361362315251186138118123183241
301361412424417372296236188169169198242302341354346295238191161155187229
276329379412422391327264219177167176214262309336344329284236201183189223
260302350388407401351289234195170168186222270306328332316281246220212223
250284318352378384362310251204173155158198232261289314325316286263249243
245266297326354362359319272226186157146152185222264293315328329316294276
264263276297318337346341309265216178153141141172209254299332350354347320
295276266266277296316327325294253212165131112109138188248299340369377362
325292263251249257274298313315304262212154108082080122183255322378406412
385327279246227223234270303330339320263197131073048050108186262349405437
439397321262222202200215269319355369349274192113052029028088168267358415
460458382302234189171170193258324372387354281188096043010034153231310408
477478433378281211164144147205283363407424384287187092037010047139230341
430499501446354248174126112134226309387428431353247150067018015079173279
381455503478411296199139092088133223321387428429348246158089047049127225
330418481490444362257160103074077134234329390419419349257182122099120199
279361428467471404338222143097084099157241321378403397339259196156152182
232299370424441426368279201140104096129188259319361381367323267228209213
234269314364398400362307242185140120122143187233291333353352327291264245
243253276311341355351314272229190152133135154187229279320345351341319298
279268263267284307322321293259223190159138128137169211259309336351351329
303282263250247257277290297288265234203170139126133164211263315356375371
341303270246235234244266287298298277242205163130112122155212277338376391
378338297259228214211228255290310314289240189137105097116166229300358398
406381332280235204196206238277312331328290233170115089091129195256337393
418407363302248204182181202249299339350316259206156109084122181233293350
403428390329273222173160184229275324366366308250194140088082140199254318
379431429366305251195151151202252307360380344279219159106077116185248308
374431441388323267206151128158213266318377388344279177113081093141212291
364415433408344263188139117128175247316365384362294219151110105139196263
331390425421371289210159114117150211282340373378339271199152130144187244
304363404414382313241171124108126172241301349374365315251195162159187225
271323371399394350272201146112112141190248304342361343295247210191199224
258295337366378350298238180133112122158205253298327342323289256234228240
258280309340357354318263207165133123137169210255296320331319300280266256
255262277301323333321286241197157128122135159194239277311332336326311296
281269263269285305316312286253213176144123118139178224274313344360360339
310278257245244260284301311300270230186141107094111155214275328377404402
365311265235219221244275312336338311263202143087064081134211288360415438
421363294232191172181222278328368378344269185108050030054114205297387445
465432362276205148135150207291358406419373286187100030013055135238353439
493494434328225155108096132215315394445451385292171082023015077172290399
479510481404285184103065067136226340420461464383277162081031050125229339
442500508459350231131062035063138265360431473451373258154090070111184277
375457495483405293186105044037080160274367428453427345244164122119163232
317398452468417342241158089053068112197293369413424384306228178161180214
266328386414404350271193127084073097141211284345377377342294247215204214
241282328361370350298241181133107110142179225279323348353331300273254247
250259277302324328305267227197160145151167192226267301321329328318300285
269262262270281292293283262233208186174169172181208252291318332336330312
289266251246248258271274273264245223196170156155175206246288324347356347
315281253231222228247264279288284268242197164142137156199247301349377382
356315272235210203214243277304318315289246196153127123151200263322371397
396356307253208186184204241286323342332284223163122101115161222294360401
410381320250199164157174216270321354360321253184130101099131197262337396
422409354277214161139150191251312359381363304233160113090106161231313380
424428387304227162122117146204273342385393355279199134095094138203277356
414433408341248176116091109165238317379407394334248183123102126177243321
389427427376285199131087084123192274353400412374297212151115115151206282
360410424390306225150087062079134218308370402397340260191143126147194256
317375403399335255173106068070108175258328379400376313245191160163187234
287338373382346279205142090071088136200272333369373338284236200187194217
253297334350339292229166116084085110162222278321345342314278248228223224
237259295324329304261212168135110109136173228273308328330320301284267255
252260274291302302292259218181153135136152179219262299323334335324309287
269256249254268279284280269246212175140127130156198241286322348362354327
291260241229224239266289305306280245194147119112134183240297351387403388
339278233202189196221265311346355324263199133091079104163234319382425438
406340249195152139158209281346387399368289201123074062096167262354425469
465409317217141099095139216311385429438384291185112056051100189302393467
489466373249159082047060123231336419472459410286185102052063126222337432
490494444331214119040018055133246367449489467389277177101072097163269375
450489471389269159072017014065171289389465486444362249163110092131212309
394447459419320209124046012048109205319399455466419324235173136137184243
333400429426349266174099043038084155246321394431431370299229183169180217
272321366386343283216159109074085156218279326372392374329288251217205215
238274309341340292247199160122111133167210260314343355343314281257242237
239251270291303300274236198170159160171188215253293320329322308296281267
255247248257268274269259240218199186179181190209244279304319322320309291
271250234226232246257260255246234215195173164173199234271299321337335317
286252223208204215234255270274266249222189165154160187229275313341355344
309261221189176179201234268295305292258213175149138148185233293342370373
342295249204161154176223268301335346316260216170135132171225274324368393
373319272216165130134186237289332359360317257196144118122162216288351391
399361292217150104098129186259327367386364303225164124111138194256329385
407390322235161100074092145225303366402400345276191138113127177246324386
417409346253166096054061114191282359405421392319238169125118148203284355
399408366279188112053038072137226316388423417365288214159127139179243318
376401390323234149081041051102182273353407431410343263204163159183229293
353390396348267186112062047076139214301363402408374309246198179185212259
314359378364304232159099071079121179250323382411405363301250217216219243
280314341353326271212152109093110150202265329373385373335293258235227233
249273303325327295247198158128120132160205261316348363354329304280262248
245246260284300305288257217183159144145162204252295334355361349325295267
243229226237257279291294281251213176147141152194237284325354373371344301
256222199197213238273305327329299250196152133143179229290345385404401364
300237184155153180232289338370379346275210153128133169234302371419441425
371274200136107115155228313378420423377294207141112119172245323403452460
421334230145078054078151247342419456450392298199134106128185263347425462
453385278174091032026072161277379451486458382281192129117150211285367441
462426323213117033009040103214330416483492445352256184138138173242336406
450443379269165081025017055122236340416464474414332246184151150184258339
401425407329226141072032033088161253346412437436379297229184165168207275
345386394356282193124074059073134211300369419437419362287233199189200238
294342362357311246183129096092115178242309363398404382334281239217213225
250290321332323277227185151136146175217262319359379379358321285259246241
252267286302305288262231197176166179199229270311339354354335312289269253
244244250267279283276265241216198188194206228261295324341345336316292265
252243240242248259270283278262240219208199208234265304334347351343323296
261233210206217244264285293294282260234207196201224261301334358367357324
278237201182184203239279308324322303267231204191193226273316351371376355
307253205165151169209263309345364351312262221191182198238285329370387375
326268215160126127166227290344379385359304249207180181205246303354386394
361295214158110098123189257327383410402354289232191176185212263320370399
393329251169106073086143210290371420432404348273218178172188231291352394
403363279194117065051091160244340407442438391321247195171173201249309367
395384316229145072032048105185279359421445431374295229187174182219280340
386397356274184106046029063137226317391436449415355280220190178194250315
361387369304229157078043048092154231326404432432382321256210188189208255
315355375348275198126076061078127189273346399421409370305254214198201221
264308339344312256192139096085104145206275339387401386349300256222207207
223257290316321298254201156122112123156210275332370382373339302261227209
204214240271295304295265228185153139146174224285332369384381351305263228
205193194213250285313320302268227187160153174220276327369385382349301244
201167149153186236287327346338298245194159148165209272321368389386351296
230170121098106154220291344378377331265206162144163208268328372397392347
272193125073057080145235320383415403351275210163147163203272334383400388
322240152080030032077159254345404440423364279208159145162209273339387402
373295206113039007023089174283369432455424359269195151143162203285349386
390344251157071013003038109205311390445451409321239179145146177237308367
387367299205116043009026083167264357422451439389302227174154158185243309
358378344263176095040022050106190281364415433409349272209167153159193256
314347344293216145086049050087147220301361400403373310250200166158169211
264311327310257191127085066082126179246312359384373334279233193172170189
226267294301276230178133104102126161207257309349360343305260225200189190
203233260279277253212172143126134157185219267308339347321279243212195188
192204223243257258242212181159154159174195227265303324328306271239209191
183179192209231246250241224201184173174185202237276304324323302267231199
175163163175204228248259260248228207188183192210247283313328323296261219
183155142145170208249276294299279246214194187203221252287314329322295250
203153121113126162212259300326324293249215192188196215249289320333320282
226169122092093122174236298340359351312269225194185193215256296327340323
272208144094059074116183260329376391370318263219191188200229273316345351
321252172104055041068136222299375407409374309248204179177198236290335355
340279198112043016035092175263344401428410352279222179167173197251313351
364330256163078023010048117209294372423438406339270211176160168205271332
369362299214130059014015061135233323395435438396325257197166159182232299
351377359291204122061029045094169259348408441434390315242189169169195245
312355371341270194118061041067119191281353403425416376305242196170169195
247305343359339273207140100087104146215288357403424409361296233188169167
194245297334347326277215162127117132176235307369411417395344281226177154
151176226273310326316288238186154143157190244303359385394373322260205166
144140157196250297322330302264223184167167205252309353375377348308237184
138113111139194258317333349353315268233204210246289344371382381355304261
202151128127135204277334372385381360304257207195204246316358382386352306
227174124098100123203284343393427426388313261229216234260300334364380359
298233156102077075085191282355408439437379307253220211222249283339374379
343276209145091071078135215317384436452445371291231194187211255303353373
369324256164094058070120193277359417448447381307253201185197226271318358
380367312223151083065093151233315397447459426379323269220183185232279329
363365306238179125078066125180244301361411437409352291246198174191247299
340367353294245179113077085147199252310367425423379308248207183185207251
308341354323263202140102098135183236304361408418403352285230192180191225
272315344340304248191142122131169223277334385410406374320262218191189205
242288321334324279239190159154169204252301349386398384347294245204188189
208245282307319307275238204186184200230268312350377381361320269223198185
192216247278299310306279250225211212231254286323359376373343295251216194
187198224250285308317320304279250233237254278303331355366364331284227199
177171187216253289316330332323305280254245254276306334353355346314277232
187155146169206254296331355364349319286263254253274301324347357345314267
216162138132154201256317359386395376346298264250250268297326345353345293
255191143117106148217288344390419423389339290259245242256288325355366347
291217156101077092146215299371418441437393330272232219226250293338370377
345270203120074059078150236324397446456436385307246211199208245298350384
385331248154088042039077161259349423457451403355310254206178200254303346
396396312242176099027020072160259327400465464396335256197166166192252321
362401392313219126057029049092192299395453477455394301225169137143181256
335386403367284184114059043071132226325401451467437372271199145123134176
261332381388356274191125086076109174262344408444446408326242174125103119
174249329369383350279212154122118149204272348408434423377299213146111100
123171244311355371349288231187161161187232296356400415390338262196141110
103118162223287334356345306259215190187202240287336369377346295244176136
105104123164227285338360360333293252226217226246285318343352325277226172
126096095117162218279328358371353314292271244237250272299324333321294272
244208140118209251288322352382394376339303268232220228255284309329326277
228176136098095128194245300357406411375338296258219203217251285311326321
281213165105071069112182263335390417416383316261215189185203237288327341
324269202149090068079126206285355411429410359288230187172173203258313345
354320255175116074068101161229305376422432399337267215183169186225284339
369357305225157105075087128200279356416437427377319249189164161183224294
350370359287202146101081124177243323379411427412356285222182161175208267
322368369327265199137102109151206279359407426426386319254190155153184223
288345366350287228161120116143191245303358406415396331279217162144157190
240291341344310264219169139143178221267313390409403348284230189157147169
225276330347339299250212179173195227261300353379389367319256188161147164
199237283315332327290251219202203220243270313353368368321272213174152145
163201240279307319311290265244226223241261289318340353341301249192160143
143169200232268293314317304286266253250259274298317331334322281240205165
144142160195233275300319330325312294272258255263282303315315302268232194
152132125144182233272315345357355330299274259252250261276297312310285231
180136110102119166228285337369384378336299264237228231247274306329332299
235174117087077106159230306364404420404343291249220210220248292332354355
314245162099055049085161262338384423440416350279218187183198234296355389
389328245155082051043082169261366436472466418337246187148146185238309383
414401324227133062020035087189285373457479450356273199136113127173247339
399430399307204105039018057134236324417491496447366251165108091121188274
355430445406315193125062055100169269367446496484425327219137087071109202
294376434437384294209139097101142207299389456469439369276179111074074117
199303367411409358274201161137149184247319394434429394312221142094077094
140207284352382376336277224190179199229274325375399384333267197139102096
121156207274325356360334292257234228234245268306345356341298247194149120
115135160201246298334346339315289266245237242257281302313305281246206165
134123132158197242287328350353339308275253241237245256274288290276247211
172142123123144183241292333357363342308269234215212224240263281291288257
215161129111111143185245311359383378343304259224200194205235269302315300
266210164116093102139199272337380401387350291235204183184204241282323343
325275210156106087104146208287356401412388338274219181166174209258314346
353319259178123083078111166236318381412409371296235178153155182235293344
366350291215148102085105160231315373419426401339266194151147168211277334
375379342266194123093096128204281354399423409355279208150126137174236304
359382371309220156108098126176245318381417423386309233174131125154207274
342378384346269195141115124170227285347396416396338255183128106123168227
294345373359311234177144137166207255312360392395352285211154115111134181
247314353362334282226183165169199238283326360375360299233169127106117154
208264315338339305261223194185198226259290324346347314255197149116113138
169214265304324321295264243232225233253275303324334317277228186153130131
157193231275301313317303285273261257262268274290302305295266224194160143
147163185223259289310322321310296284274265265270283291294283261236202174
146136147174211255293324347354345321291267249247253266279290294287262222
172130110115149194250310353378381361322294247224212225248280308325322290
233163105077078121173247322375409414382319255203180177198232285329357352
299221139076039047095172279348413443426375290213158127129166238307362393
381327225129065025034108194292391456464402330258197141096117197269339413
438418299190134054019051137223333422478475377288212129058056146219306380
454458402294199109035035120203280354427485450324249178088023019071169284
378443450399299180115062062114201309394452467426348218119045012041103208
320404450445372270184119099126188263345417446436372273173111038033075141
238333396424409344262192145145178226279347390408386326233157096066068109
171247325373391372324268221194196217244290334361365334274215153114099116
153199255311347362347317286254238237245261284310325325300263223187157147
161187217256288319343348340316293277267264272282294301301291268242214187
172174190213244279315338347344328305285263251246255269283289289280262236
204177163167190231278319345359360343309272243226219232253276292297291273
239199166144148178227284329363376373343297248210193195216250285312324312
275224175140123134174234297354385391367320262211175164180214266310338344
315264205151119112145199262333381406398360290228178155157186239302347367
359310248182128105123169234304369409414379310244185145134158205275332368
381350289210144110106140198270346400422401339258188135110122166238312367
396385329248176120099126178238317374412415377306226154108096131189272338
393404375302223161117121158213278348403413395323239159111078100153229312
371405403354272198144124155199259324379407402351266193119079081122187271
350401410386318247185149151185240300352387392364299224155096073101159228
309372398397346281228193178197232271319360379375319256183131098102143196
271333372386368321272234204202229260291324349353332271210156114101124161
211268320348356329298262239230229243261286309319317287246201157128125140
176225275311332335321303282268260258261269287300307303283256213184156147
166194227264295319333337329311295279269263262267280285286280257232206181
153145151173212241285325342342326303276250228223238262281293302298275233
179142130149188236289339374391383355299251214197200224257293327345337309
245187127096113162231307367406422413365285212168143146174233293358379372
323237163109070087132213312383432439409335246166113091103161235327387414
402332233152078055088152242335409450454372293204121061051099196282346422
460423347252152073054106194281356421473436316221112043003042132233316396
480478392279197110067072176252335403466460403291199102025005023105206330
418463465400297196134109129188275361420444435365260155065011008059145246
350419456434353269194147135158215285351396411379309232139089038059123190
294372425437416349270219177172212254308356384386348276205139099082115176
239323371399405383334284239215211239274308335344338300241189146123122155
191243294337359363343310279251237231235249272295302298269232199175162162
172196230275313325331331323299275255236232241260272277273260245230211198
190193212240277310329344344333314294273250234231240249258269272266247225
208191187198234269299329351355343316288259228201200225258281294301297273
240209189179186226271314349361362347305265223190184197225258291314325317
275228189163160185227278328364379370319260211171153157182228281327350351
310253202167148156194246305353384389356289230171136130153201262323368384
362303240183150144169212276337381398386325247176125103114158223300360394
397354283209157137149187241305362398398353268190124082077120187263343394
412392320244180140136169220292351392403370289212136075056077146229313385
421423373294216159138155195255321372396387324240157086048056106183269349
407423399330253193157152177224286346383389354283195114057045086146228309
375412422374299233182164170206257312360379371307227152090058069116186263
334387409392341277222186181197237284326350357333269197133082069092146209
279340380388361314264221199198214247288318325323293235173123092089124175
232295344368370342305264233217217229261287304310304267222177138121124155
191239290329350351329297270248236235240253267281290290266232196163145145
161189231277314338345337316291264244234228230241259272281281265234202174
153151171209258298335353356342312272234209194192210237264290302304277229
181144133150197250306348372377357309251195152134143179241290332354343296
231171130122153209279335382406399359282211140095086116179260332380406390
322239173121110148212286360409426408345253163092044044081161265346405429
394316227159109104147214308374415425396310212123043017022068163279375433
451416317231157111112155221323394426429383280174074015-06036122230337422
463462391286197135113134195278339391423418341264140030-10-08058149259360
433470457375279193142126152219296363404411361276184091019-02025113204289
354434462423355287221159150187239295350394393334249170101043033087158230
294370429444403334281227172171204238294338365360304243179120077096151204
269339394420419381321265224194196231269305326335325279235184139124147189
234286340379393384348306271240216214240269288296297277244208177161159169
193229272314340349340314286258238227223226238254267273265246226208196190
191205233269303325333329313291263239220209208219236253261266263254239219
203200210234265301323334334317290260224198185189211237260277287291281258
226204200211238269302329345346321285237196166159175204240277304320322299
259222201196210237272308338352345308257206162141144168208259305340354338
297249214191187204239284328353354330279221164123108123164224287341371375
338284232193175180212255302339357350304241175122089092128189260329378396
379329268216178171191230284328355362334273201131076058081139214285352413
426389326276226173171216260303345378379323254191114045043118199268337390
437430372316263210170185226263302351371348279201118055028051110188269344
394412393333259202165160178217270319354354309241159087042031067143223307
370410410369299242194172171190226302346369360301230159096069074133207287
357407424416367306249214201204235280331355358345284217151109093104172249
322385418423411356300247211199217262299329341341302243185135103099133192
257322376403407380321270230211204213252281307318318278225173136113113146
191252308352373374342297254220203197199217246272292297277234194163148145
159205257311352371372339295252216193182182200229262290301302278242204176
168179216268319357376377351304254212176156152174219267304331338326290242
197177186222272320365385386361310251194149117111140201263320360377362310
251199174176207257314363388392363300226159101071077119183268338392418398
337253200168172204262315366393392350276194115055025048107187281356404418
411322246191164165196253315370390387328253156085024012040118210305386440
445399316239181155158189244310357385379305223142072023024079164260349426
459453396307234181170176212275335383392373299186098035006025089179285359
422445432359273208159150159202272335367370325249169099034022051122215315
381423436413329252192161161185234302357377374323259175108067063111188265
346412443445400321254200171167200245299338350337278206139092075080146208
279341390409404344282228189167166191241288316325296236180132107103120175
230293348381391373312262220199191191214248281299299268224183151140141169
209252294335361366334288242209187182185207233258273277266224197179174177
196227265305334347346309275238211182186191209234255273280274257240223211
210223250287315333341332303264226198183176182204233257272283284274256234
221217232259288312327330317289252213183161157173204240272295311317306280
254241238251274300325341343327293251206175157157180219263305334354355331
292261245242252273299324340340315274227179143124132167217275330367387378
345300264246245256283311340355352319265210155121108131184247314374404413
389343291256235234250279315345359350299240177118070069129198274350405431
424389327275236219223229283326355362333269201131082061086150225307386434
447432377304249215206219251299345371369320250172101060053099174262346410
449452413346274218192193218264321362379362302224140075042057111191278358
422446441391315247203188189214278334375390361292203130072053076135212302
380441458439381296235193180185223292349366385348269188125077063101171256
337411454460429360284221188178196242303333384383331257193138102102145204
284362418452451403337266215181177202249302345367360315253196149125127172
234302369422440435381308243195168166187226282321344345314266217177157168
202256318378413425402352285224177150145161193250291328344329292248206185
188221265319370398400370317257203157126120138178231280321349352328284244
216212234272319363386387359309257202150116108127175232296347381391368322
271236224237268310347372373346306245188136101088113165227303363404413381
338295252217217258297329358365333280220172125078064122185243300362420439
401352299253210207243285323359365352307231159098059059098177259351426460
459417342272227203203229279334373382354291221141077041050102184277369434
463452402321248201183185217272338378386348274193108056037067138227319401
457469437372288224186177194237303359389383321242162101063055095171265352
426465462412347266206176171195257316367389370301224146089064084145219308
387444463449375297235186167172208271329366374337263199135095085114179245
324390429435402335264204167156174219287334360356313248184142115128175228
292351401427417368300240193170172197242294334351334287234188156150174220
264320371403410385328271220182170183213256296323335319277228195182189218
253293334373394389350295248199176173188216251281303309291262233216212222
243272306342370374346307264220192175174191216246278301310302283261249244








