MUMBAI
1965
000000000000000000000000000000000000000000000000000000000000000000000000
416381322269236219221243275316346359342280211147105089111168236314380420
435411356296246214206218248284325358363323256185126086087121189262341399
432434400331271221198198222264311354369355298224155100074091148220295372
424445429370293234199183189217264324359370337263189122074065104176253326
389430435401331259205175168187234292339363353302223156097074086138219291
351402432414361288223181162173210264317351360325265201135099090123178251
310364418432392321258204177165182224277318343342302239177128109116161217
278333384424415361305239198172171198242280320344340302249196155136146193
243298347400414392333272223183164169197230272305329326290244202170161178
216266308359392394364300251211176163173201231269303328329301264227201196
211241281327367386378334277231194158149153174203253301328326298266237218
217235262300337365372354308251200158137135152182226273317343353341307271
240231240264304341363366343298245191148118104115156212273323358381374329
278238220222245283319344356340295234175123084073091143211284352403426406
349278233212214242277316345362349300231159102051036068129213293379431454
422345263207180179206258315361388379329243166100038018048117208313399460
483456381278206166163189234310366403403342245156076016-02035112222328418
483498455363249173136133160234309380418415350242136041-08-06062160266374
456502497428306209139108114172260351403435406316211123039-03015087186302
398472504475390266185116092109170270354408426389294208124055031062136224
320407478489448352244163106088112188274354402414373286202130083077114183
269352428469466404304219155110100125180261333377391347278207156131137173
225292366418439421358275200151120122153203260316356364333285237200184192
218263308360396402372312245189153132140172221271308333343328299267240225
227248275308347369368337300260210176150144171216263301325334326312295273
258254263285311333342332306267230192165154161183215257294320337340327305
284268261261272289306315312289260226191162146147167214258302332349355342
315283260249248259279297306303283253215177144127134166214268311351372368
342300264240226227241262283300306294259213168126104118164222281337375390
379337288248224214218234264299320327302259200147109101127178243304364401
411390342279234208202216247286318344343299235174126099099138197268343400
427420376308243207190193216265314356368346292218154103085107164237315385
430437405340268215184175192237292346377376329254177120084091137212291363
424448433381295229186168174212260322378398376303231160106083105167246331
402444453414343257197158146169220292352393398354275200135098100140210286
370425454443377284217167136140179241312365397390332250176124106125179252
329395440444409339254192147132150196265331374392370306229165132132167223
293360415438423368292218160125121158209282337368378347287222178157171208
259318374414425394329251188145126138168219278330362368333279232206202216
245283332375396383338280219165132122138172220273313342346322287254231224
232249285324357370351306251201159126118129162207259302332347339321293265
246241255284317343350333299257214173139120123152203256303343368373352315
276250240245267296321335330302255206158120097095121175244303357395408381
329270229209210232268305333342321277214162102063056091152232305374422438
408337258202171165193241301344366353310228148081035026070149240338416463
466422332236168133133173244322380412399325228144073020020084181284377452
491481414287191127106124188272351411439421347237139057014027096195300401
467509481387257165101079099167269359422455426329210119047021057138242347
437491502440317205122072062103185307381436454405313196103054049090177272
372447491475405293196115060062113200288372442446400293194127095098150228
313382444470428332239160098073091152231318380416414359277198150133153199
263333392429428374292212148107095117167237309361388378324260210183181204
233275328372389374317255195143119119144192243297335353334296259233224230
245265293327351349317269217176151147164192219257297323334327302281267259
258262269285304316311286252220192171166173189212249285308318317310302290
276267263266276286291287274252228204186173173185215254287311327331322310
296282269262261265274284287277261240214186163159173207252292327353363354
325291262241230232248271292303299275246208174144134148193246297345375382
360313271234214205212237270301322320293238187143120120145192254316367398
396362305246206182182208244292326347343292220160109095114158225301359401
414379320255204168156168213258311357364335268192133085080121196270346406
427413356273209159136146185244301360389379315231162109080097156233314388
426436405314228158124116147209276337396414377290203139090083124196280369
431457433361259188131100103153228316373420423377284189116084103167244324
404449454406319219148100086112171252336405429406329236159115102142210286
355426449423351246170113085079119196280357411427392309221157126132172236
304373424428387299220139089072090147213301362400405345264201159149178224
279336388412396330247179116085084113166233301355387379328256211187189216
251299346376384349286223163120098101134187245304352373363325287252236234
243266301335354353327281233183147126127147181229289335361364344316285261
245243256280306324324305273238200163142131138166217276320352375373344308
275247232233251278304325321292252212172137118125163219274333375403407376
317262220203203233271305336352347309264194143109101131191263329385428442
415343262203169163191244304356388382336267194130086079119207289352420464
454381284197140114125179244325380419412350268179096055063127219312397464
484452359243160099077092152257359425447419352258149084050071142238347430
480481416304203117067051084163263356430461442357246131069062101183280382
446481458359238149081045047124226326399457464410301202132092096145225313
399452464420306207124066043072160253339424454438360256183134118144202275
348413441422341235157092059064109200274346409432409334245185153151177229
289349393408369291206144088081101156215287351391404378294237198186198227
269316354369358302248190138109112143188236287335363359324277240221218229
249276309326328305263217169138129143175205239280316332322299274257248243
246256267282294292268237205176162160167184210244281305312308298285272260
252250252257264267260250237220202184174177193214237265290310321314298280
266252239233235244254262259249233215197174166175203239276305325337327305
284255228212209223245276283289277247216187163152159191229274313343362348
320280235201184186206238271299314303271228183152137154199249300351378383
351296239189162156176215258307342349331284223170125122157220278339385404
387325248191145125137178231289341371373340271201141105104138194265327397
417396326256178128104115150206285354387398313225158107095120188262336400
430412338248165107075079122190277355408429399320224152105098123199278354
418437405323226134068054073119214305383435422354253173117094118171244322
387433416356257167070035044091175267354418448426344246172122110142207292
367418427382295197116047028058116207297372428442405306221157134148196262
341392413395334237151082044051095167250326392426422366278210168162186234
300354382386354276201122075059082131205274339388415403353281225195191209
244289332351352314262198147096084099137193250307356383379351313268233211
208224253286317322304262218176138115117134174219269316358367354333304266
234217218239266294308297269224188157139140158188222266315360377368331285
244210192192220256285304307295272236195158135136158211263322371396387350
300247192162155172218272317348348331286223158120126165227290351394421402
349276202139116125173245308364393382326257190134098095132202278354421440
418327237153098076088150233311378421406324246176119089098131201289375440
451406315228137076060081137216304394449410328252168111096126196283362426
455426329243157078042054112199288365439464427327233164126121158229319398
442445384293196116055039068151270361441467454387292210154130145200279358
408432406339244140078044062117197300379437455426350283214164149167210279
352400406370298211132073056082134222318380427443395317246196174180210258
318365385374318238169120085092123188265340394416400354291236209207223255
295330354356327256200157120116143184234288345384392366322277243228228245
269296319329318280232194156140149176209250297340362358332298268250239239
252268280288293286264234200171162169189218252291326345345322298278264254
248246248256268277272257238217199187185202227256293323338336322302283264
249236229233241252266267256242224204187184190210237273300324337330310283
256231210203209224246270286287273248221197180178202242277314340358345307
271229192172172202240278308325322291252212178162175214263310350373372347
304251200157139151200260305339359350313269218176156179223286344384402384
325263200142116115148217287348390400377320252193154151190248312362399407
385326244161108079092158243314385426432395312235161138154205272340394424
419359270194106058057096167262350416450446394300215160134149196268345410
433417345246163073030034082179288376446465446395319232158140170224300372
422431400318215113038017048132227335416468477440349253182144147186259340
401426407318220138062018022082161271357428470467420331242180150158198268
341389406372292205120052025045100179270354410445434372285215172159172220
285338373372321257177114066054072123189272347404428408348279220186176186
223272320342341300248182132095086107146197258326372398394356300250210188
188206240276307316299266226182142121126159213266326366382374340290243208
188183193222258288305304280239196162143141156189242306357382383357320264
220184160163193233277310324310275236192161148163207257312350385395372308
245190143124132170222275322357351320270222170144154200262320366394394351
278202148108094116170234300355391387339262202160138146188261324373407398
349258179122074066088150240326375408404354283212157144156204269338387412
398344263177100052058110192271344404437410345260184152147166211284347393
404380312220138054041064130207272354433427377297222176156159186248305372
402392351271176086038048084154227310391437410346267209176164179217275336
380384360308210111055046066114190280362427423382311244195168171200249312
357372358288219151092057068130193272336395423417364292234192175185220268
319353358322257185125083077103159220284350400408382324267220195192210244
286318338328280216162120104114141184241314359388384347298252222206210230
257286313324303256210160130128144176210257312359375364324282246221213220
239262284301303276245207178157159178207246291333362370356317278251234227
229242259274287289277250223196179179191217248285320346358348324292263239
221217225240257277287280261236212194191200226260298332353356336306274238
213201199208224245270296301289262228202190200224258295331354359339300254
215185168165176205241285318329315280244206186190221262302337366369345289
226178147129134165212266318358364343302245200176182220264312354381381342
270206147108102120162236305363400397356286221180164178220275327367391381
341277198129080076110173255328387430424359273207174163175220280341383399
368313236155067034040093178264354429455433367279215159153177241304354401
401360286193110031011035110197277384461468424336251186150146172228308372
408390329234142056006002052135233324417475474420320242185155153203274352
399408368276173097032010019067142240354442478466415306227173151150179248
329390395357280179096039024041091172269377437462452381285217168148154196
264336378378331258188123071060076125212313398436447422365278216174160171
212275328357356325274211147103098117161239314371419428410360287222182167
168194252298332339322285230179148136147182231289344385409399363298237192
168160174216267310331329306272230195173173188229295354391399385332267213
172146142160200255300338347334306260216187183200244291346384394376338279
216165126122144196255319357370358323277232199191202241293343381387360305
235181129100100127188266331376392380339282230201196214245286334372380352
295228158103080094136208288355400414393340280231200197215254304346378372
325252182119081076106174244321389421419386319258218195196220259308345370
358290218145092068079145212288358411430416368293237205190196225269321362
372327262182116074065108175250333395427432406348274225200194213250295346
378356296210144094074095147220300372416434424371306254218196197226274315
354362328256185122087082118182261336391425430393330269224200195218267310
350357336282216154111088095138195257317365400400352298248214193190210247
289331350323262197154112101116158219274324374404387342292244216192194214
245287328333299247200158127126146189237290338386391359312273233207195203
227257291317316273229194164149154183218258303356393379343300257224203196
206228256290317310281242209182172180207238271312354376363322281247223206
198205225255282302303287257226204198205224252286328365372347306270238210
186182194219249287312320307282255227210210226257294330356366342306268225
192164164186221254285315338333303269238222220232259296329358362338296247
200160137141169215255295334367359322276244223221236261297333362362328284
234171118102112146200260317376402378330284239212209227256304340369370326
260191123071062085137216295365412430410351295232199193210254306357386381
340264180102039037078160239323397447453417358293225187181206252314373397
377311232142066022029078163259354424472469407333262200166164196264334396
413380297194105037013028092196283378450491474404300222175153156198272347
403412367264175091032015029100198318400477499476405298218168147152200288
366412417376277174099043036074155230321416474486461391281199152135148207
292358402404345258174111081076103176260330415466470443370269193154139159
200267333379383346272200151120116152214283355414446457439367269198155139
155208269327366372349300242192163157176228284352403426420384302221174152
150170212261311346356339298250216197194214244286339377394387346278215167
141136154195248300339353342316287246224218223242275313352373358317262207
170138131144177233283331362365348319288259239236249278312343362350310267
218176141130145177238297340377385367336304267239234249275303336352345320
278223164126118137183244310362398399370330291255235232244269302334350338
304244185136105109143200272334381403397367322273239221220239269306340350
332288219165103094114157217293361405418399355302253221211216236267309347
348308247188132089086121180246316384418415383335275230204200213240281328
358333272208151089076099151209284355406424400355296240205188195218256304
351355304232175114085087124183249327388420422381324266220191181195231280
332367352284207144109090107156216292366412430413367297235196178183219264
316364367311238173130106102128197259322379420425388324261208180171185221
270321360353300224157118110128174226280342390420410364305242198172172192
226268318357342292231181146138152194244297352400410378331269222183170181
208246286330346320270227187167171195232271319362395388356311250206177174
191222261303336344325293248209194202221254292333369383369334280230191165
166190225262311338342326300267242224223234258293334364372352308253213177
152151175208255296329340328304282257243240247264291326349350326280237200
164131133164197247296340365366342304273248239243261291320341346328284228
178134108104133187254310366398400379330291257231230248276311342356347314
258194121081085118162236320389425430404360310261226215238283326366384368
302228162091058064120190265369434464453414352276218194192221274331385407
393323225142078039044110209316404464489482422331244194162168222298367422
433392286178110044027061140250352430484500472400297226169130141200274366
432441369246153082035024071166282373453502508464373270188137112131213300
390438445390292186100050047100211322396453496498438329229155116103142228
322399430428365260161110081093160242310379455484467402289198135108107153
244315383414407347263190143124138185237305378446460432350279191132110122
173240313363394391325271221186176181211256307362402406377311233175134123
140183233295334359352322286255232216219240277312348373372341273225180148
141160190237282320344349341322295269246241252275301330339330301264221180
156151162202240279314337347344330307281263256258268284302315317299263225
191162151160188230274312337355352335308283260243242250263282301305288255
222181152141146164202253305343366365340310279249232232246265286307311293
254211169137122132162208270326365382370337305269229207206222250284313321
298245190137106098115160225290346384389361320275226198189200225264304331
325281215152110087094125183249323370396382339284233193174178204238282327
349319247180113079077101149215285350396400363308238184156153173211259310
355352292220145089067078121184266331386417397347274212166147153184237293
340375351284202129077071105165233305371417424391320241181149150175221282
330370381349260183127101105146218287356413440433372287215165142153195256
317368393381319230162117113144202263332388421416372293220161132130161211
275338376378325259197149126143185235293353396412390332252186136121138177
232293337367359314259197161156177218266317364392391350281212156125122148
189239290330350336298256213188189210245283321353369356306245182146119124
152194242288324344333302265234213212226253286314337343320274221170140123
123143178231285323342339316286256234226230247268294317327310268217169129
115118136171216268313346354341311277251233227236255283305312297266229187
150115103117159207267321358379375335290256227215224246279309328328302257
203144102081095139200275341400422410372310250207190199226264312349366346
288217141075051068120197287368422448440379297220160144160205268329377398
371300208125053029046107205293378448479454375261175122109133187268337399
426371276178095030016039122235331413475487437337229145087076099180279365
435437379269171078039032074162271368434488479404283183103058055105205313
389446436355248154090050053124202293371453477436354241152081048062117226
330402441423343234162102080107164236318388454450400304200118060047073141
236325392420397312224162125117141195247310381419410336239161100068075119
194270339384394352285232191171171192228279329368374339277213155114098112
155207274321350355325285252226210209220245280316335331299251199159131128
143174213260302326330316296277261246240244257279293301292271239210182161
156167190221254285306315312303291275260248243247256269275271262245223201
181165165180212248280305323330325310290273257244243250260270275267252229
203175160158177212249290324345355344318283251228217220233250265274272256
230195157139141170211258313354372369340296254219196194208230259289302292
260219169127121139178228276321362378362318263216180166171195234279325338
318263200142107101129181242300350387390354293237183151146165207259311351
355315247174118087097147208268330392411393337266202151131146189249306364
385357287211146095083116177251318383417416366280210151116115153222279344
386396341254177113084091151214286354411431403318226167119095114180255314
382412391309218140100093125181243324390426427361265179116077083131203283
355401406365276194144113113162217288362407416380304216144086069095150229
307366404395335255185139124142188248312365398392337252173106071076116176
249321369393371306229185157158180220272327367376342270196132088072093140
200266322362371335284237196180189217246289331349344305242184131096094117
160212268315345348324291255228212213224250282313324312274224178139118117
136169207254301334341328302277253235227227240262284300298271235198163139
126128150186237283319342343326302270246227220225245268283289279255222178
140114108129170221278324359372360321273227190178186213248281306313291248
193133093083096141200263329378402385340271206160136139166220265325360340
287204130077060069112178255340409429401338250180110090111185265341389398
353261176099050039065126208300382446449402308214113061055100185288368427
427375268165089037035074152248348416462442367246149060026031102214317400
452447362254156076044045099182278371444463428339219125041012025077197302
403457443345246163086064077119201304385440436360250164080022017047124240
336432449399314224153111100120169257338395418396309202121053028046111202
298373418421370287225171138138165230281341387387342255181115066062097152
224304364398386331274217182169178203239284337352339278205146109092102144
189242294342363345305268241216206213230259285310307275229181150132129144
174214257300326328311288270255244236235239247262277272253227201178164160
166181210244277299305296285274263251243237235237243250245234221207191180
175179188210242271289302307302287268246224213212219232242252255251238218
196179172182202233266296317330326309281250222205200206220247270286287270
238200165152161192228267309346354343318281237201176182206240282312323303
261210165136138166205246290340368363337288234184153148172217270316342342
308251195151128138176218271320368390376326260199151126129166224288341370
364317244177132112125170225297352394394357278203144098092128196270337380
391355284210146104102139200269336385405381317237155098066081138219304368
407406354269186126102115160241312373413410364281185093048061115191281361
421433400315219150115114150218289365406417379295202116053036074146240329
397441436385288211152125140183254322377408401347237151079036050104186278
356418443424351265191154144168214286342386399372293200124069054084144226
308377427432394322249196173177203246300349375374332245175115077078115170
241318377409406364302253216196199224259306338352338290227166124100111147
192247308356382382354306262233218219235260290315325310270221181149133136
158193241298341366370350315285258238224224237259284299297274243210179157
149160193232282325353367364340300264229210203214242271293308307286248203
165144143169217270322363388386360322265213178165181219266307336345326278
221167130125152206265332381412411381320241177131117146204273335378394369
302226162119112143203266342410436433402318228153094082129210302376426434
391304220156113109149211286384436451434354249160081043061123216322403454
453402305212144104106146216314382433449412317210123049019051126230343423
471464400292214144109117159236323387434436385289183097018020090192302384
454472433342247175136124148214286354411426391300207106036014058132232332
410457455402326243172139140176227288350386392350260154082038036086182273
355410436417359286220176159164197245298351371347279197129076061079145217
283349401408382329265215183174188214253298334340302239185127099100133185
243300349382382352312273239211206221244270295307300263213173144134147186
226269303335353346326300273246230229237245260275284279256225193170164172
191218255292327340336323305282261244237234236242250256253242223205191185
190205229257288311321316304290273252236221213217226242255258252242226205
192190203230261290311322323310286257229208196193198220240258276282271239
205186182193221260291320340344330298255209179165170190223262295315314285
240198178172186221264304340362360328274220170139131144182239294336354337
287232188161162188233274322356374361322244181130101106142202274337379390
360295235186158162196241291340374384362300222153094069086140212296364413
415367299229177149159199247309360399395361283198097045058117195288366428
445417342258188150145174221288351392406376305225125050026060126217313390
450460418342252184150149184243307366403406358264159067020035095178278366
436471459400294214170153164211276344390408378302207111044024061131219316
392455471438363274210166159181230296350387392350268169091044043087158245
331402450454423353273213177175198247305354374361297221150089061073119184
263339397432428383318255206181183209248295332348331283221158117097114153
205266332383412409370315260220196196213247286316329316279234188153136141
166212270329371392391362319271226201192200223256285307315300267225186158
155172210263311353380385367327274225188170171193235274307326325300262215
180164174207252306351380390370322260206161139140171223278325357364339290
239194168171197252310361394402376321246178128103110152219291354394403373
309245194164166199253317370405408373310225151095069087138222313382427429
390314239185157162195253324378407402352268185111054044082159255352421456
446392302228174155168211276345393414394323231146071038054112202304388449
470445383292219173162180234307367407409365282193111055039075147243339416
464469431355265200171169194249314369398387324233150082043052108190280366
431463449402311235189172183218275336374389361282202132076058088155235315
388441455428372285228194184201234287341370364316242187127087081115192265
334399435432389334273232207201215245288324345332276213151108093113161219
284344388407394351296252222210212234265301325325297252206168144144166207
255313357386387364325286254230217223246269292306303274240208181169179201
239281323358377373346306274249232224233247265278288287271250231212198199
213246285323355362353331306275249231221225240252262270279281271248227212
212228255290327354362348320288262239217203200212235261283295295284262236
219214227257292321340346337315286251217187170171195230268299321329320288
252222210222255292323346357350326286240189155141153189239291333360364339
292249217206223255291326352363352316258199148113107134180250311365398394
356294242205196212246292334368377357302229165108079089139211290363415433
412354283229200198223266314359385383343262189122072060093164247335408456
459421341260206181186218270334379405388318227142067031043100179278366442
480470417327241186169184231300360404415381298204118054022047113214314403
475500481406307225182171192245317376415416363270171095040018057142238321
406475501469374271217180166198256322381408392325233156085041037085172260
338422484491432333257211179169196251327375393368301211141095064061102174
257348434473463407317248201167156184246312358376358285222159116094100133
193257334418452441382296240193164156168233280325348338291234192154134144
186232278337402429410362300233184156149186227268305334334306268223184163
161181220269329378404386340274220172138128141183237281314331314277242213
191182197227273322360381360302247188138103095105144205265308343347310266
233206191200225263311350369341290234171121095083096136203270323368381335
282239211195193212260308346363343282219158104074065086146225301358402401
351291241213195195215257303343364334271200138081049056100170252337395427
405356292241205189195219266317352359324259186121070050073131212297370422
434411356285229195181195231278328358361317246171102057050085152240322391
434438403338268210183178194233291337363355300221146085053058100172262340
406438428390322252202179179200243302345365340273182112078065093155235309
377429433402344274214184175190231282331361351299215148096074088139208281
352403430419374302243202182187218257305341355330268202140100096125183243
310370413426401346278227194183197230278317344340300242189144122132165213
271334386414405364304250210186185200230273307324315278226180147138160197
246298347390402381334278231196182185201234273300315302264221186169173200
230270319362387382356308260222196182185203233260286301296275245216198198
212239277316351372367340297251214181168173191221253279299298283259236221














