MUMBAI                                                                          
1947
000000000000000000000000000000000000000000000000000000000000000000000000
198229265314354375378347299247198162152155177210247286314329320293256229
210216241271314354375375344293238183146128128146189241293335357357326277
241219222247277317347369360332280222162119094094122174241305357390390350
293247219210226256305344366357320265207137076052067113183268341399427411
357286235204198216253302344369363314247177113046012033091180280369430457
439375286216177168192238302350381378323250162085021-06018094192308402460
478445369271195149143171235311369399393344256168085015-12015091192320411
485500460381268192146134158219308375418411360256155073009-09037113229350
439494497448341244168122113149229314384421408338238146067018012073158271
375454494478418314219149110110155235329390421396320226140076049073137216
314399460482457381274192131107119171250320381402378311229152107094119171
238323396445457424347256177131116134186247317360375344290226174146146174
216274350399430421378296229174146137152186256311344354329286244210195201
222256305357393405381329268216177158155174207253302329341332305277253241
241253277314354375375344296253216189171168180207250290317335335320296274
259256265280305329341338314277247216186165158165192232277317341350338314
290274265262271290308320320302277244207168143140158195244296335360363347
317286262250247256274293308317305274229186146125122143195256317360384381
357317283253232229241265299323332314268216168128110116152210280344387405
393357305262232216216232265302329338314268207149107091110165232308369405
414393344286238207198207238277320344344308244174119082079125189268344396
421414375308250207180177198241296332347335283213146091064079137210286363
411430405354277219180165171204262317354366329259183119070064110183256338
393433430390317247189162152180235302354381366305226155097067082146216299
378430445421357268201158143152195262323372381341265192125082076119183262
347408442433381302232171134128162216280341369363311238168116091107158222
299375421436408344256198146125134171229290338360347293226165125119146192
256326384421414372302229171128113128174226299338350332280219177149155180
222280344378399378326262198146116116137183238293326341323280238198186192
222259305347378381354293232177137122128149186238286326341335305268235216
219238268308341360357320271213165131119119137174222271314341350329296262
238226232256293323341338308259210168128101094116158216271323366381372332
283250229229244271308329338320277232180125085076094140204274341390414405
357293244213207216256296329344341305244186116067049067119198290372430436
436375290229186171186229290341372375329262183107046024046113204311402463
478448378277192155143162213299360399402354262165085030012052131238344436
491491442338244165122113146222317387427424366265162085027018012171271369
454500491427320222143104101149235335411445430357250146076033052113204314
411472497466387280180113079094162250344408436408335222140079052088155253
347424475472421329226143085073104180286363411424384305210137101101143213
286375430460442381283192125091091131207302363399402360280213162143155192
247314378421427390320244177125107119162232283344372369323271222195189210
235274326366390378338268207162134131149186232277323347341311274247235241
250259286320347357335293247201168155158177207244283314326323308290274268
268268271286308320317296265229195177162168183207241274299314320314302293
280271259259271290296293280253229201180168158168195232271302323332332317
299280262250250259271280286277262238207174149143155186229274308335354357
332299265241226226238259283296299280250210165134122171183235290335372384
369329280244219207210229259293320332305244186140110104131183247311363393
396366311256213186177195238286326341329283222165116091097140204277347399
421399344274219180165174204253314350363338277204137091073101165238323384
430430390314241186152146168213283344378378329250171110073073119195277354
418445421357274201149131140186247320375399381314222149094073101168247332
405451454408320229158119113143207290366408411372277195134094091143207296
378436457427354253177116088101155229317378414402344253171119097119171247
329399439436384293207137088076113174259335387405381314232165122119165216
286366408424393323241168107076085128201271338387396360296222177149162198
247311366399393344271201140094082101146204271332369375341290238207192204
232265320360378357305247189140107101119152207265317347357335308265238226
226241271305329338320280238183122110101119158207253299332350341320286256
235229232256283305317308274235192149119107113146195247299338369375354314
271238219213226259293314317290253204155119094088119165232293350390402381
323262219192186207241286326347338296235174119082073104162235311375421436
399326247189152149174229293344381378326244165101055046085155244338414463
457402305216152116113152229317381411399354265180110052033073146250354436
482469408293201125085085128219317390433421357256162091043037085171271381
454478442357244149082049067134244341414445411335232143079046067131226338
418469466405296192119061049091183274375433442399305204134088076110177262
366433457421335229146082046058116204308381427424369268186134110122168229
314384427430366271186122070061094155247323378405387320241177146140171207
268329378393366293222155104079091125189256326369375341283232192174183210
241286329354344302244183134107104128168216265320344338308268235219213219
232256283308317302262219174143128140162192229271305320314290268256250250
250250259277290293274247210180158152155174198229262290302305293277265262
256250247247253262262253232210192171162158165186216250274293305311305286
265244235229232244250256256247229207186162149152168204241277308326335320
296262235216207207222247268277268250219183152131131152195247293335350344
317271235204180174186216253290302293259210162119104113149204265320360375
357311253201168152162189241290329338317268198143110097119168229302363399
399360290222171137128155204271326360363323253183122085082119198271350399
421396332247177119091104155226311366393381323232152097070091152238326396
433430378280195125079079119186280363411430393308210137091085128198290378
436454418335229149094064079131222323396445439381280183125091107162244341
411454442378265171101058052091171265354418457427350250171128113149207283
369424439399311213131067033052110195286372427439399314229168137146183250
323387414405347259174113058049088152232320390430427381302232186171183219
274338381393366296222158107073079125183244326378405396357296244213204213
235283332360366326277216162119104116146192253308357381378344308271244232
222238268296329332308271226177149131131152186241293335360369354326290259
241232229247271296311305280247207174146137146177222274320354375375357311
262229210207229259293317329320286247192158137137165210277329369399405378
314247198174171192238296332360360320274219168122113134186253326387427433
393314238171140137165226299350393396360286210149113101137192265338408445
436384280198137097107155229311378421418372286198134097097137204302378442
460427329229146088064091158253344411445424366259174122094113162247347414
457448378283186110061061113195299384448460421341247168122110146210302375
436457411326219137076052079146244341421457451393311216158128137180250341
399433418357250165101058058101186274360424442405335253186143146177229296
357393396350271183119070061094158235314378414408363290226180162174207253
314354369344280210146097073088134201271329366390375332277229198189198222
259302335341314253195146110101119162216271326360369344299256226213216229
247262293308308277229183146128134158189226271314335338317286259244232229
238244256274277271244210180155146152171198232271302320323302286271262256
244235247259265265247247222210192171171186210241274302320326323311296265
244232229238241253265265268253235210186177192213250286317335354357347320
296271253250265283308323335338323311271247232235241274314350372396387357
326274238219210222250286320341354338293247201174180213259311350381396372
344283229186165168195241296344369357320259204168149155195250311363396396
369308232174134122137192259314369393384335256192146134158207265332384418
405350256180119085088134201280360411427390314229162125128165229308378424
436393299207128070049082137229329402451442387296210146116125168247335399
436427347247149073018027082152253350430463436372280183134113143198277366
421448396302198107040006033107183293381448460424338247177134128162229314
387424414357256155076021012061134219335411460454405320235171140149183253
326381405381308210134064024033088152247335402439430384302229180158162195
259323360369332265192128073049067113171253326378402393350286235192177180
207256299326329296247192140097085101131183247311350372366332290247204189
183195229262286299280253207162125110113137186238290329350354335296250213
189177183210241268283283262232195155131125140186232283329357363344305259
213177152149174219265296305293262219174140125131168213274323360372357314
253192143116116155213274317341338299259201152125128158213277335381396381
326250174119091101149213286344378381335274207152125134168222290354396408
375299213140082058082140226308366402399338262192143125137177241320378408
399338250165094049055104180268347405427399329247183143131152198268338387
405369290198113055037064131213305375427427375299219168140140168222296357
390381323232149082043046097174262344408433411354271204162143158195259326
375387344268186110058043076134210299372421427387320247198168162183222286
341372357296219152091061073122183259335393418405363296241204186186210253
308344354323262195134094085116165222290347396402378326268226201195201232
277317332320274222165122101110152195256305350384384360314268235216213229
256283311314299259219180143131146180222271317357372363335293259238229232
241259277293296280250216183162155171195235280320344354344320283259241232
229232244262274277268247219195177174183204235274314338350344320290262241
226219219229247262274274259238213192183186204238274314338347341317286253
222204192195210235262283293286262226192177183204238280320347354350323280
241195168155168198247290320332317286235198174174195232280323360372363323
262210165128119131189253308350369347299241195168165192238290338375387366
314244165107079085134207280338387402375299232180152158198250314369396393
347274192122064061085146232320384424418378296219171146158204271335384411
396329232146073027033082168265360427472445372271204158149171226299366411
421375277180097033018040116210317399463478448369271198152146171235308375
418414350247149067021018055137238341427485488439354259192155152177241326
390421399320222131061021021079171256360439482472424329250186155155192253
357405414381293198119052015037107180268357427460448399320244186162162192
253326366375335268195128079064085134198277357414439427381308241195174174
201253311344354323268216162128110125162219290350396418408369308250204180
174192232280320335323283235192158143146168216283344384402396360302247195
168165183213256296320326305265222189168168186226280329372387381347293238
186152140152195247293329341332302256210186174189222274326366387381338293
226168131119134180244302344369360323271226195183192222274326363384372332
262195140101097128195265329375393381335286235201186195229280329369384369
317238171116085091137207280347393408387338277226198186201238286338372372
354283204134097073101158241314375414421390329259216192192210250302350375
360299226152094064076128207283360411430418372299241204189195216262317363
378347265186119073067104165244323384424427396338268219189180192229283335
366357293216146091067082134201274350405430421378308247207189186210253302
344360329259186122082076107168232305369408424399344277229195183192222268
320344338286216152101079088134192253320363399399363302247213192189204235
277326335305250189137101094116165219277329381396378335280238207189192213
259290314317283232177134113119158195244290338375381363317271232207195207
226259286302302271232189152140149174213253302347372372344299256222204198
201222247271286283259226192171158165186222265314347357344317280241213192
183192204232259277283271244213183177183201229265308344354341305265226195
177168174198235271293299290268235207189192204238277320350363350311262213
177158152155183229277320338332296253219198195213247290329357363344308256
201149116110128183247305350372350296241216198192207241283329357363332286
232165110079076104177259335378366338290247216189180198238290335369375347
277198119061033049107189280360414439402329259204171168183226283335372375
329241152076018000033107201299378436451421344253189152152177229299357390
381314216122046-03-06043125226335408463463418329256183146146177241317372
399384293189097024-12-03064155253354430478472414317229168134137177247329
384402369283180094024-03024091180271354427478463402302216155125128171250
332381393347259165094037018046113192283366433454436372277198143122134183
256329369378335253174110067058091152219293372421445427372277204152131137
177244308347363335271207149113104125168226302369414427408347268201155134
137174232286329347326280226183152146162195250305360393399375317250192152
134140165213262308329332302262219192180189213253299344375378347290235183
146131137158204259308332341323283244216204204222253293332354357326277226
171128113122158210265308338350338305265229213210226250283320338338314259
204155119104113152213271326360369354317271241219213219244277314332332299
244189137104094119171232299347384390366320265232213207216238274311335329
293229165110088097134192259320375405393366311259222204207219250283329341
332277204143094073091146213283354384411393347286238207195201216256305338
347317244174119082079113180253329378399408390320256213189183198232277329
347338277207140088067085131201271341390411399354293232198177180207253305
347347317247174116073073110168238305357402414378317253207177174189229274
326350344286213146097079097146210277329387414405360293238195171174201247
302341347320256195134094091122177241299369405414387332265210177174189226
274317347341296235174131110119162207268332384405396357296238192168168189
229274317332320277219171134128149186235293347387396372323262213177158168
195235280311323311271222183158158183219259314357387387354299244195165155
168198244280311326320283238204183186204235274320354375369329274226180155
146162192232274308326323296262235216210219250286329363372354311262213174
146143158189232286326350344326293259235222229259296335360363347308256207
158125122143183241299344381390366326280250238241259293329360372357314262
198146110104125177244311375418427408354286241219216238274320360378357311
250180119082082107162241329405454457427363283229204204229271323372390372
314229152091058064101174271363430469457427344253195171174204253311354399
390314219134070018030076165265366442488482430329232171143152192259314381
414402314198104037021033091183286384472491472408302213146125143192274357
414433390293183097030018055122216320408472491463387268177119107128189274
360414424378277174097043040079149244335414469475445360250162110104131195
286363411418366271183119085094131189274357433469460418326232155116116143
201286354393393344271198146122134171219283354405433414366277198137110113
143201268323354354320265213174165177201232283332378399375314241183137122
128155201256305335341314280253226213216226250290332357357323274226177143
128140171210250293320332323305277253241238244262290323338338314271226189
162152158180213262302332347344326302277259253253256277299320326299262219
180155146149168201250302338360354335308277253238232241265286302311290262
226183149131134165216274326363381375354317277250232229241265293317326305
265216171137119134177235302357393402390354305262232216226247283314338338
314262201152113110140192262329384411408381332283241216204213244286329354
344299238177125097107152216293360399418402363311253207189192219262311347
363341277207143097094122177247320384424424396338271219189177192229283335
366366317244171110085097143204280350405433418372302232186168171201250308
360378354286204134094088113165238314378421424390326250192155146168213274
329369369326247168110085104149213280347402427408360286216168143152186241
305357381363302226158122113143198256320381418427393329250186146140162204
265326363375344277213158134146180229286347396424402354280213165143146174
219277335366369326265207174165186216259311360399402369314244186149131140
171219277323347335299256219195192207226259311357381369326265207165131125
140171219271308338338311274241222222232247274314344360341296247201158128
119137171210268305332344332305274250238235244271305326335323290244198149
116113128155198250299338360354326286256229219222241274299311305280244192
137094076085122180238299347375378354302253216198204226256293320329308265
210140088061067104158238314375414414378314244195171171195244296335357338
283207131067030033076146250335402445442396311222168140143177250317369396
375299213125052012021082171268363433469457396296204140113125174259341399
421393314213116043009027094195308393457475445366250165097073097171280363
411424375283174082024009049131238341418466469408305198116061055101189296
372418418357250158085037040091174268360439460439378271174094049049094186
290369408399326235155097067082131210296372424427390311213140076055076134
219311375399372299226168131122146186244311375405396341259183122082082110
162238311360369338277229192168174186213256311350369341286222168125101101
128177238290323329311277247219207207216235262299326335308253201165134125
134158198241283308314308290268256238226232244262280290286268241207171143
134140168198235268293305308302286268250238235238247259265268259241213183
155140143162195235265296311317320302274244226226229238250256262262253229
195162137137155192241286320338344335317283247222213216235262283299296280
244198158137140165204259308347372372350317271232210201213241274302317314
286235180134116125162213277332378399384354296244204183186207247293332350
335283219162122110134183250317375411414387329262207174162180219274326360
366326256183128094107146201274344399424411363293222171149155189247317372
393378317232162110094119174244326399424445411335253186146137162213286350
399408366283198137097101140210293363427448430372280204146122128174238320
387421411354259180131110131186256338399445442396308213149107101131195271
347399414381299210149116119155219293366414427396329238165107082101146216
299366399396347271198152137152201262329390414408363280204137094091122180
250323378402387329262207177177204241293338384402381323244174128101116149
198262329372387366317265226207216235262296335363369341286219165122107125
165207265317350363347320286256235232235253290317338335299247204162131119
131158201256299329344344329302274250238241253274293302305290259216171143
128134158192238286326357369357329293256238229235256280299311302286253207
158122110128165216271323369390384347293244210195195216250286320332320277
210146097082101137198268335393424411363293222177155162192244302350375360
302222143088058070116195286369430451427366271189134110122171244326390414
387311210131067037055113204311396457466427338232146091067091162262357424
439402308198119058030067134229341430475463399283180104049046094183290378
439445390283177101055052097180286381439466430341222131061027055122222329
408454439375256158097070097155238326399445439384277174097037030076149256
350414439405323222152107104137192262344396418390320219134067037058113186
277354405411369283204155137149180222277335375381335247171107067064097146
216290344375363314253207174171186207241280323341329274213155113094104134
174229290329344329296256229213213222235253280299305286244195158137134146
171204247286314323314293274262253247244247256274286283265241213189171171
174195219253286305320314305296286280274271259265271280290283271244226201
186186201226256283308326335335326302271250238235247259265268271268256238
207186174180204241283314335347338320293256232219210216238259283299293268
226186158152165192235286329357366350317268229198183186207244283311329314
274222171143134158198256308350381381347293238192165158177213265314347357
320262204152125125158204271332378402390335262201155128134174235299350372
366314241174125101122168235308369408408369296219158113097131186259335384
399372296219149107104137195274347405430402335244165110082094146229317390
427418369277192134097113165241320390433430378283195125067058094165253338
408436411341241162116107134195274347405430402332232146076043058116198293
375430442402320222155119128171232308369421411357265171097052052097162244
335405436424360271198155140165210277341390402372299213140082052076128195
283357408424396332256201171171195241296344375372329256183122079073101149
210286350387393363308253213189189213247286323338329290229171125097101128
165216277329363369347308268238219216226247271299311302271226183149131131
146174216268311341354344323290259235226226238256274286286274253216180149
131137162198247293326347354338305262226198189198222250274290296283250204
158125122140180232286332369381366323265207171155168195238283320338329283
222165122107119162219290354396411390326247180134116134180244308363387372
314235165113091110155229311372427433393311219143094079104168253338399424
396326232155101079107162250335405442433372268174101049046097180283372430
445399311213143091082119183277363427445402314207119049015046122219323408
451445387274189125091104152232320393433424363259162082021012073152256350
421454433363256180125110131183262338396418384305207122052018046113195299
378430439396320232171137140168226296357390381326244165097043040085155235
323387424408360283219174158168198250308350366341277207143085067091143204
274344384396366314262219195189207238277311332326290238180131104107140183
235293338366360332286250226213213232247271293299286253213168140131143171
204244290326341332311283259241235238241250262268271262244216186168165174
192222253283308320317305286265244235232235238244247247244235222207192180
177189210241268290305305302290271247226213210213222235244253256250235207
183171180201229259286308317317296271244213192183189210238259274277262244
216183165168192229265299326338332305271226186165158177210250286311311286
247204168152158186232280326354360329293235183143128137174232286332357347
302244192155143162204256314357378369323262198140104097125183250320369387
363299232174137131158210274338375390363299222149094067079131207290363405
408360283210152119128171235311369399390335253171101046033079149241332399
433414350259183134116137192265338387399369293201125052009030094177283372
433448411338244171128122155219299366402396332241149079018003043119213323
399448448396308219155125134177250326372396366293204122049009024088168265
357424451427366271198152143162210283344378378329250168097040024061122201
296372424436402338259201168165186235296335360354305235165107067061097146
213293360402411381326262213186180195235277317335326280229171128101101128
171229293347381387366323271232204198207232265296311308280241201165140137
152189235290335366378366329286244216201195210241271293302293271238204171
149152183232283326360375375347296244204177171186219256286314326314280238
189162158183222274326369390390360302238183146137155198256311347369360320
262204168158180222277338387414408369293219155110107131192262332384408393
338262201162149168213277347396418402341259177110070070110180268354408433
408338256195152143165213286357405421387308213134073043061119204305387439
448408329247183146143171232308369405405347256168094040030073149241338411
451442390305226168146152192256326381402375305213134067033052113189286372
436457430366277210168158174222283341384384338256174097046037079149232320
390433436396329253195168171195244305350372354290213143085052067119192271
350408433414366293232192177186213265314347354317250183125085085116171238
311372411411378323268229201195210241280317335326280226168128116128168213
271332378399390354302256226213216235262290314317299259210174146146171204
250296341372375357320283256238229235250268286296293274244210186177183198
226262308341360357335308280256241235232244256268277274265244226210201201
210235268308338354350332305280256238229226232241253262271271265250232213
204213238271305329344344332311280250219201195204226250268283293293274250
219204207235271305332347350335308268232195171168183219256293320332326293
256226210213238274317350372372347305259207165143149180229283329366378357
305253216201210244283326363381375335280216158122110128174241311366402405
369302244204189204241286338372387375326256177116073076119186268347408439
427372293229189177195241302357393396366293207131067040067125210302387448
466439372280213174174201253317375405399350262171097058043061131229329418
469478439360265201171171207268338390411411329232143073030027088168271363
442482475424329250189171177219286354396408381296207125058027052104183280
369442478469418326244186168177219286350393402354268189116061049088152229
323399454469439372283219183177192241293357387384335259186125085082119177
250332402451454424363283219186177195241293347372363317256198146122125155
204274347405439433402341274219189180192226277323347347317268219177158158
180219274338387414414384326265216183168171201244290323335326293256216192
186195229277329378399399369320259207168149155183229277314338344323290250
213198201232280329369387384350305247195149125128165219280329360372350311
271232207210235277326366384381344296238177131107116155219293350390402375
326268229207204226268317357375369326265207140101082101152232305378411411
375332268219198198216259311360378360308241171110073064104177259341402430
424381317256213192192219268323363378354290213140088064079131210290357427
442424381302241201186195229280335369366323253180119073061101165244332399
439442411347268216189183201244299344369357299222152097064073125195268360
399436424378308244198183183210259311347360332265195134085070094155222302
375418430402341274222192186201238290332357354305241171113085101149213283
354408433418372305244204189201232277302344357335280216158122113140189244
311375414427405357296253222210213238271308335332299244195152131140174219
274329378405399366314265226207207216244274302317311277232192162155174204
250296344381390378338293253219210207222244268286296293268232195177177198
226262308350375381357314268235210198198213238259283296293277250222210213
229253286329366381372341302262226201189192207232256280296299290271250232
222232253290323347360347320280238198168155162177210247274302317314290262
235222229253283317341347332308268222180137122125158207256305338354344311
265232216219241277311341354341305253195143107091107152213280341381396375
320262226207210238280323350363344299241171110070061094152235314381427430
399338271226207207232271323360375354293216140088058037070149259366414460
457414335259210189192222274332375387360290204128058015030091177290384457
488466405311232183171177222290354393396350259171094024-03030107204317408
475494466393290210162149165222302366405405347250155073015006049128232335
424488497457375265186143131158226311378411402341247155079030021067143238
347430482482442357256177131119149216305369405396338247158091055061107180











