MUMBAI
1993    
000000000000000000000000000000000000000000000000000000000000000000000000
231282296335366371348298247209179166166183216251285297314303282260241234
242264289313337357355327287253218187160157176205233262293320323310293275
257255270289307327338333302271240208173142140161199231264301334345334313
293272254255274295314328325293263232193153125123153207259309346375381369
327290264256259279306324333330309274226175134110108143206275334382409412
380324275250241242263295323340336284220152104082082132197280355413441440
387321262225211210235283329364377367280202125075057066123216305382446466
445384302234193178181231305359392400395319223147085036027073153252348436
478481431351259180149146176246334388417409338245149073029022083173285374
458498485416312212147117120166263350413439420340232135063029047118215321
417488508477388277191122097110182275370428445412322211123063044082150245
346435492494447348235155093073100173280371418430383302206135081076124189
281374438473468404312206128078070106183290360405416377292216158125128169
227309381435455440365285183121088086124202289350384395367300242198183189
218265321377414423397339257179125102106147196274322351362347307269239220
215231263313358375373332282220160128106109135182230290326341341321291261
240232237261294323336332304262217174133115114137183232285320343353349321
289259240235242268293311317305272231178132106098112158212273323361376371
335292261234222226251283309320320298250190132102095117176233300355389401
385333280240213201207241284316330328285230165113077072107171242321379405
408375321261213187181198240298334350342290214147093067074128202282361395
430320369304245190162162194253319350366348276201124073059079153230309382
422430399324259190154144159216277332371377327252166102063059107186272353
414436429376290218158136138176238303360383375303220144087063089154226310
384426433395319242172128117139193267333375383347271190120083083132198279
352404426420356273203142112116157214297347374367315240167116097121181250
319381412417381305227167121111131186256313360371345287219162132132175233
292350393410398340267205148120128170231298342361355310252199163153177225
274327371394393345279209155124116143197243291322335321277233205184184213
252294336363371342287230178146128132161203245286315324307273243225215220
240270306336352351314262216180148140150181218252281305317316300278259248
243257280304326335325296258217182157147150172207241272294312326323302277
261252255272293308313305284254221184154144143163192229274308334349348323
288263251249261283298308309295263225182147127119133177230289333370389382
338290252230223240270297320332328300255187134095083105162233302364410422
405340275224195187206244295335359361318244171101052051093168255341404450
453400318235174147150192254328378405393323234144070033041098183281375458
490468397282195130110126179270355413441411334220122045013038108211326422
490507462355240153085070093173290380444461421322212113039016058135241350
448502499438317201107043032078180295392454468422316204113053046099180291
380465503482392272160070027028104202314403455463395282180117086090154232
333415471485436334222133060040053141241342410448441373275202152137156212
275351420449443397296202120071060092167259332387414411355281223195187204
238295351399413404347264188133102099134184249311356378378350305268245235
235257291332363376362310255200163143140160198243297333353360354336311287
267261266282312333342339310269219185165159165193225272313341353357352327
298277263257261278305317318300270240205169152148173215265312345365371362
327291263243232235258286308316314290243198158133127150199254311357385393
369323275240213202208241283323337335298240195144118116147204270332380410
405363304248207182176197241296334349336284225163106090097142210290353397
408380323261201155136138180240309342354322265193134089075105162230312375
410401350271205152121116142204275338365365317243156101070073123195281355
402415385313234165118104123180260323376398377302215142100095135200275352
415436418350265183127109121173266325380411407348262177120098120178246322
389427432380292214145105098128196273350391410383310221152115112151215285
351403423400331238163109087097150225308363390392324257188143125148198261
327377403395341255180108078081122184262322363377358301235180151146180230
288344380390355283212147102086097140209272328357361333274223196178178210
260308350365357310250189140108101125176230285325350350315270235214205217
249280315341348332285230179145127128157200244287322340340310283264248239
239252286314324323294258217174148138146169202237276307325330324297275258
246244253271290305307292264227194165147142152178220259298325340345329301
267245233230246269290302305287256215170142126126151200250300340370378366
308256222204200217256292320329321285231182130101096128192253325377415416
376302240189162158188242304347370370314258175114080074110202286368432457
438373270183132116131195269347403427413340244152090058069134227320412476
489446346233143082069093187291382450477442347260170103060080170251346441
503482402294207130051028089196297383460480440359242153082064100190297400
485515482388252150061015030111222344404500500444332220135088082137228340
430484500442328207102025005037123257362446490484418306211137106117177265
357427462462395290169084027015068157268359430465457385290212157142161212
281354407428416341248157085051057113197272350404420407345270217185180202
237287335367377350297214149104087098147197268323362372366321280247227218
222241270308330337315264214170140133147171210254307337347337314290270252
237231234250278298300280251220190171160157170203242278305318324324305282
257237227225231248270282283270244214190171160167193236277307328340340322
285247217201197210239267287295292267232198160142145184234285326350357349
309268224190176178204248288314324314275233182154143154192245303350380382
350292240201163156168210264317349356327280217170142138161212272337377396
385337267201156135137176235297349374376331266197150128135177240317371405
410379302233167130121149198263333384402388309234177135124154209274346400
417398334253175122097107157227306373410407354274202147127130182246320384
418419368276194129092090134196284358404425395324248175133127157214290363
410422390314220137092075094162243329397426426373292213157129142193260327
385410407351264179115070068123202279355406426411331255189148141169224289
349389400358285200132081068091148227307365402410370303235180155159195244
306359382376318246169107079079116178254318364395390340276224187178181217
269319351359328272213149117096101138198262316354373368334290246210200204
234275317340343314260206156127113123170217270314344351347328303268233221
227251281314330327300247199162139131145176215258310330344342327295268244
230230242268289302307294263227189161151155179219260299329351360345307268
239218210213235268296311311288253212178151145164203250301340373384369318
260214182170178212262306338347339287229176142128142185242310367401412389
315242179132125145197267330374394378317237169118101113171244322387429435
384292199125079065106176263350409433410312234172117098121192261326390444
453387283200117040034100195288368435469422344262177108089132227300377447
471423330246157062012020127221311390477487428336243160091096150239339419
463470399275155062007004044129245355432496489410302213144115114162252347
421457458387264152059005009063159264369443491489393328217157139145205275
365419444432325229142068038046119212306389446461441375277213171165188234
300360399408379297214143097084106161237331394437447420358285236204191209
255303355379381339283218170145139158203269335385413417394340293258239230
240264296324344344313270224188170166189227270319361382381368336293261238
224224239259277295296279254227203183181203241282317344358356341320290260
235216211220237256275286282260236212193186195227262296327344350345322292
258232213207211234268294310318308275237213206210226257296327352362359330
283239215207206218241281321339341314273237212203207223258305343370377358
315260211169159170204254306344365367327279234204190194230275326367390390
349292230183150143160212269332375390382329274221174163179224277323357377
376301229170124104113160230293351387394356290230177157161197246304356371
363322250183131078074115181258326374402400332263201161153174219280341378
385360282200131080067087153234312380418433387305236178153151189248318370
393382318240148092055067120190270353413436425360280213167150167217283343
386394361280192119069058086150222298374425442413346266209175168187230295
355386386337251160100067073113187255333398432430380310243190170171203259
320362377355293211144092077093144205275347400424411353285227192178192230
285333364366324260194135100094124180240305360395405385323262215195193210
244286320340338296233177132113113158195251310360387395373313264227212207
219247278307323322288240192155142145173208256307350377382357313269232210
198198223258295315321298255216183165160169200244298345375386368318270227
197182180197235280313336340318256213182171177205247296343382396382332266
210161138136163218280325357363335280225183160160189238297347387408392335
254180125092099142216291353395411377308238189158153178232302361401416391
315235170113060063120195269357432447398325270199145138172225288350407433
398321232150074018028105195291390457470423337243185131140178247328394428
428348260176100022005080178260333400467470430363278202147142185258333392
439441355263170086008001071158248330397478473410292213155137150192268345
407428393308207101038020038105200308398466480446366274202153140158208290
355397407362268175098042036078154237310386453458400333263202158155183234
288352381372298232162095060055102187258312380433435362295228185160159181
221275339361354305216157110091096135205272335388412403372328278212173170
189230276309329324296257208166151158200239285329358375372342313278236200
195210233263289303294269238208181174193232273303330352360344319290257223
204199211228251271280283266246225211204208229257291325345344324294263226
198184178185208241268288293284266240220206208227258293319333332314283249
214182163161175203248287313321304274243221210210223247290317332332312275
235190152136144174217263304331342320282238212198202222253293320338333302
261210160121108126172232289335362362328274232202190205232268310336350337
294235178125095101137195257335369390381333273223195192205233275315350355
328262190132090070092151218300364404413380325253208180182207245295340362
361320247162090058065106183255338398430418371298233189175180210262316358
374352278198120063042065132215305373422438412351269215176168188231287345
378374322235152088045047090158257338400442437390313245193167163195254311
362386367297210130073045070132210290365428455440378298228180168181220281
340381391350265184115072074113179245325392440448415346270214174166186234
299349377370316242171112090098138198270340401431432397320254200168165188
234292336360355310234171130113123161214275338388421414368308242185163165
193248290324346341298243192158143151185228275333382410408364295230183162
160180218264308335339313265220180162160194237292343378399387347290221170
141137155194250297335353345311256215190185204240284340375397384340280217
158121113130171241303347377382346285232201193205232277323366386380341275
195137093080101162235309363400411380310251207188193220266320363385384337
262183113055046084155241322387431433390323250201174175202254314363386378
322237155083030032079157258351417453445396317244192164167200258325373398
383315227136053024030087180280371440472453400312234181158161195257328382
405380294196110037023037104208316390452473457381287216166152161200270340
393404337269195118047023070132206297385444463413341278224175154178232285
337393392328252181118056051110182252320389448450383322260207159156193238
286343379355296231165107075102147193248323386419412345245203169155158190
253311352361345294230164118112135183228282327374409403369314253191156157
190242296339348334296238180146143168207252300347394390345294250212185180
200233272303323325302266223185173180219260299339377382367338299250217189
185204233262287305307288261239217206220252283312341364367343310274240210
187185208233260283302310295275256234218224248272294313332334308278247222
196174173192221250278298314314298279255234232252276304330344338308280253
220183163165195236271298321339340328307248235233249278305325336331302266
230195160135138171215266315347366354322283250230229244270297322343343300
248203168140120132180239305349378386365328290254217213227247280315342341
313225160109086087117175238295353407404365310260218193191218260301343355
340268197141084062066110195260332390423415363301244203180187223275323363
364315235162113067054082155225300365430437402336271215180168188231279340
380365302220128074047048090158239310383436434374295226191168173205275326
383388353283206130080043054113167230294375455444380292222171149150191265
358392395350262171115067048075147213286360453459416301245200158139153222
294347392394320242158097068067123213287346406450451410330253190133125170
260315358381377326255186133102102150214282345405441439365292224170135125
159222277340366363315254190153133134170237292347405426398315249192137115
114157232292335360362314258219190174175205252298355395400352295234186147
120120151196245303356360339303265225205205227264311345363365345305250197
150120115143190248308346360354333303265237220230258295334360363334278223
173132101098132182238298347386392366323267233218220220238282339358348304
240170112080079110172236302375415415365312260220192190216255295335358355
307221141090063064100160242338400435433375297237185165158169211267317366
372259180121068050055095155225332417449450360265217180158158192253305360
375365292185118064050070139210290380447453407313259215170151155190252322
385387360264162088052048090165240328420451454368285230178145145184242303
354390392299211135090067072133222300383430442405352292230180147155218282
335375383345273200142091085132194238328378428430368300231187161158178218
276328356355304240186140120131188236298341386409398336270216177161169201
245293335352343298238188160160188223278319365388393358296241190162159178
214262298323336318276235198178188219260290323357375370323278224183164168
195232263293315322308276236210201215247276309339360364345299251208178167
175206238268293310311298274245228223234245273301330350347318280241203167
159177208234264291307315311296276250242245259277293309321320304272235199
173161165185213242275305319320304281256245242253268283301313312288256218
183160145143165196235274315343343325293262238230235251270296311312286243
208171140124126158206253305343363362337305270233220226252281306322325308
273196150112097104146211280341384399386350304250219204208245285320346348
326256196115078073094124162240330416421368295243208182178197234280325356
358300216141097070068100153218303403442441402325234165142140171229294358
385371304214130085053050096173250358452462397292234186146124133180250318
398406380223145096055036044090173258393468472336250193140111103126173230
305408418330240163100060053075136211278400470470373251176113080086136204
258328423418293228165102060060142212356410453468453370281182112078075113
165251379415411360293210138100103144223298384443450420299216138080069085
130193263352395394362306244190150155177225290374413411368303221158100086
110160243294344366362332293242204186203228259294326358360313248185138112
110139180256320352358340314289263230206206230263303336348338286232189151
121119150190234278316344352338316298268241228238259283302320320290249199
142119123155188224257294330353355335307274246224221238266298326331304254
202156120105112155210273330373390383356330294251203188208237280320344345
312194143102083083114170250332395413385330278225188163163190234288344360
345232168124090084102138200280354401416398340267205165154165202262327374
398285198132092064060108180265353403425425354280213167141140167215270333
370376294211140093070074132210278355429435410321250178137124142182239298
355378365284172114084078103165230301375415420361272202146118114145200263
327365367319230164113096104154215280344395409386305234164123111122173229
294350368349280202144114114144196263332378404398340263199144117115150196
252323361363307240186147133142178223277340396397353283211155120111129172
222282334356345279214173155159177216258304353381370311230182144127131155
193265308338345324278228196182187209237277321356362337292220174146138151
182220260296322327307276247228219226242271299327348348324292243199176168
178202230259293316330320299277255242243260280301319330330315290255220178
165174201231272305322327315298278262251247260278293308316314283250218192
169156160182218245282321339345328304280255241242253265277290296282251220
190156140136160197240292329357367345302272245229223238260282301318320293
252187142120116140194265318352385396365305250206191189214252287321345345
298198142100075075108190284351387407407350264210171150154180218263322374
371253172111072055057106191308373420435425380300203131120131170245338406
413310223155095053032049170265340416460463360253182125093088110168238305
372414346200135072036027058150228320410465392266170089060050055098146215
270430432318200114065041043119235310392442466438328221125063043051122220
312417455443368294200108071100192278352406443446412322210108044040070138
207282400448422349267189118114180256321370410435437380311212135062058118
212281345410425403360299230164158206265310345378402372308238164103080088
128193258311358374354315266230201197230268298326355372355310243180144110
128160198248292322355338313288265244222224246270292311324295242178150142
138142160190235274301330348327305285260238223231250270286295286258230201
163139132143175215261308340354350323277246226212210235265288312320310279
230158129114127163230292338362370363321265223195185185205238270305326330
313272200132115122155220283343381384353270214180164158171203250310349358
342300140113098093123171263358395416413378322207151137132151205267322367
375335171110088077082123229342392418420403360254168138122121142212315365
382372208132108090088112151207282360425422405298205151112109125172232307
367396379315245162103112164223289357403412375311235165118098150203268334
370384351276207149110109134192252322378410386331257182118093094152213279
350392398336265182134119127180227300362401399341273199139099090122184249
315377395351279197145132134170215286344384400353290223153108090108163212
276353382373292227192166155160206270322358380377315252192145107110145180
232280330355340298255218185180203235263302332353333280229178142120130160
205252295329343323286255232210210225250280304320327299263220187163158165
186220257292319330314295274249230225239255272292313312290255222198166152
162188220252282306323324311291274244221225241261286295295288275253223194
148144182225254282302317325333335310278245220232254272286295293279260234
202169150166201240282313346364352324290255218201205241271298318325316282
238192153125142186238292339397405387338269222180160174215267315345356342
299225155104088110165239310367414419382315239183134122150210282336383398
360301215135089074112179255342400447440420355246150067072126212295374439
443387308197118073070126192280371437474459393290182078030049098203322426
470460398300195106062073120180242320447472402310209130035013050132259372
459475450390302200108064088150218323417468462411274154067001002034092190
272396474432355240158091078125200273358438444395322188108058013025069161
254392455455401300215170134136175236302366406382346268180104055052080133
220306364401401358292230190172173197240283331354354313248178121089088122
170229293353370368339299260232215214214245279309318318287246200156132127
148185237280322353358336307278253233223223241266290307309288262234208180
170175197228263294322342338320293270251236209217232252273287293287259230
205167164182213255292327347347334307264232219217219243265287303310308273
232200178175195231271309333345345343302264227197186195230272297319319312
275234195175160178222268315355372370335282233188164162181226278324355358
320268218179141144181224288332360370363311254202148133150191244310358378
374319255194151134158195245312352379385350289203140112110152202282357390
398358293224163132130162210278340378394370303225152102088120180251328378
400388328246178134122143190248331374392388325241164105080084139215297360
405415378306228161132137184234306358387388351267188123082075118176257337
388414406350277201158145167212274334377390372312227152100076098143211291
356402414383312243180154156194240302354378379328263194128088085118166232
308365402399357282225181167175213263311345361351297225155110091097146195
261323372394378325265217190187193235274312340350320265203145113110131168
223282331366372345303259227207207228252283310320320280229183148135136168
200240287314335343330292254230221220223252269284297296264230197166157159
179203238275314330335320294270249243240239244261277288288270246215189176
172184208240277308327334334310280252225212209221247272289293291281249214
179164168201228268308343359357331282225189171171201232275310327333316279
217163143144172217278332369388382334262199154136140172219278334369377360
285214160133136172222287352397413405340245166103077085142224301374409417
372286211147111114155217305382432440392301207123073044052114218322406441
441390283201133105114155223314389433441364260171077031019046118247353420
461451378264183121100115167239331411443419340231122036002002051147273380
449492459376254174116104128185281375421430402312201097023-01018088185298
389448480439357243173128120158216297371410417371277174097027015050122232
319395445448404325237178146146180233302355400382334254139082049047091179
261339413439437376300230184165172208258306346362360312229161114091095139
207270341391406393353301247212192195218241281313327315280239193157136138
172213266314349363356327292263232208199207227252275292291270248222189173
171189221264307332347343326297267238218207207218238254270282280268242214
192188201225254297323342347336312269238205185180192221251285303309299267
223203193194219249287323336337325302262214179162161176210260303327329311
279240211193192215259301330347348328285232181145135152189239293338361359
326270221191181193221262304341353339308262187138116115142193265324361372
353300245201172166188223272321348353329265197136100089110161226298356389
392351283225183161160191247310349364358296229155105079080125197268343390
409390326249196164155170215279333367374328257190135075057082152230320380
415420381306244189164158172204242290342371319243158096064064112187283366
419429406314244190165158176228290339369372350243179142096063078172265355
417426409347287228169157163204255306353366361337248148085061064124196276
353402424417352274212171158173208267320350359333266191129081069092143225
297363404415387322250197173171192232285326342340313242183133091085123161
229308378402401367305246207183181212249291332340328292235191142117129177
225271313354377370345302244207192180190255291318323305266230192146137152
198235271316352366358326292254214191189212239271298314305273243207172160
164198234271312346364358326285249210183176192221257292314323318290253215
192184192236280322357371371340284232184155144146187239291328350351323270
222190175182218266317358379382343280210150113104125172239314360391395352
283222180160163204267326372398399345261176129085062083151234321387432435
387293223164142145199265337389414413337240140070035037069158259351420452
452402300227174152165221285362410428408326220131050026030083188292382465
498470400302224167159165219300370422438405306197105037030036101225327415
492503464382277203151143158217307380417425376283175083041035055124232339
418492492443352251182144137173228311380409404340239147066034036083172265
352427467461403310231172159152177237307358378372305226141081058067130202
281364426448432373287221173156160195243302342358337276207150111100123185
248306366408414386332268214180167167195240283310320307263212168141133152
185245300353378384355309260220191182186196224260284298295267233202188182
186218260308343356357327298259219193185178189225244270283289281259236218
211206223260292329343344328300266226200186180186217248272289295295279254
233224225242271302322329326308282244209176162161184212249285310320318299
269243230227242263302320326320302267222179150143141176215267312341352343
305263234222219232264292313323322297256200152125120136181240299344372370
344293254225211208231273309330333314279224168117083077124191265330382405
403344286234205198204236276315352357321262201141086079101150216300367395
420390329279223197189198244278317345358328251170113077073110175257338393
424419378308244202183183212257318352360340268190125077063083136211303377
420434405339259203175168185234287345368363315236159095059053104183261348
408440439382308236188168168204262314358378355291207130073057075131214295
374443449422367284215173163167219279332372375348287194120066060090145211
284394451453422343257198169165188239287337373375344272177117085083112168
219300396429432397305232184161162201249308351365345291224172128113118176
229314374417429413356282215174162173200251307351361345300230179147144163
200253314374407413390340272213174157156190238280317326321300257218191184
187225266317367395403377325262207171154161184234274305332339327295261229
211210233278324363380385366322258201154135135162211264304336351356334291
249225218223266315353377379360316249180126102099133182260319367397397359
304253223214217262305344370379358312224155100066063111192277345395422427
390319257214203203233290345377389380308213132070043047113194285374435460
450398317242200181181224278348388402370286203111047037039106198297388443
482458383296223184176176221282352393405367274176103043042047118223329410
476489452366272205170163166225300365400407357266166087043039076147248351
432486482434334246184153148167232310371409395335230142073041045105196289
384450478456386299221161141140184249321377395369296218139085068098155239
319398444459434363274205162148151201264328372384363282211145111106139191
263332394428434396316243189162155164208269326354358307252197160148152191
241299363407419402339274221185169168187223274309330328289243205183179191
219261313361386389353299247207178171171186220253285303304284256229217212
217239272316349362356319274230194177171172189218250279294298285269251243
241245262286314335339327296259219187167163166188216248277293301291278263
251247247260280299315317302274246209176151147158179215252287313325323302
272256247247259278294302305298277240200163144140152181224277319345355351
319283259246243246271291309314300272235186150125119139175230301345375381
358317276244229225235263294316323314272220166120095093129185260325370393
393361304255220207207229264308335340316264203136089075094143223291362413
426410353286235203194200241284328354354318249162100063059099170251338398
435440402329254201179176201252312353371356300215137070045057114189278367
432452447380291212162147147199267337380392355272189111060053075140226320
404464470434355265190147139150220295357392398338250164094053050103171252






















