MUMBAI
2005
000000000000000000000000000000000000000000000000000000000000000000000000
900
900
900
900
900
900
900
900
900
900
900
900
900
900
900
900
900
900
900
900
900
900
900
900
900
900
900
900
900
900
900
900
900
900
900
900
900
900
900
900
900
900
900
900
900
900
900
900
900
900
900
900
900
900
900
900
900
900
900
900
900
900
900
900
900
900
900
900
900
900
900
900
900
900
900
900
900
900
900
900
900
900
900
900
900
900
900
900
900
900
900
900
900
900
900
900
900
900
900
900
900
900
900
900
900
900
900
900
900
900
900
900
900
900
900
900
900
900
900
900
900
900
900
900
900
900
900
900
900
900
900
900
900
900
900
900
900
900
900
900
900
900
900
900
900
900
900
900
900
900
900
176147147164205252290326340326284234195175180205253300347372378351308254
204152120112140190248296340360348304250211188184207248296340364367340292
238174124088090124190256320368388371327268226188186206250295334358358330
276211144092070088136206280348391402376326268222192189210250296336360352
314252180112064057093154228304372414414376313252208186189216256300340360
347295222146088062074116184268348404425410368303246200184192220263316352
354331266192123072062096154228304375419428395340280224192185200236285332
360355304232156099068084130194264334390409404370315259214194195216260308
344359336275198132090080110166228296360406420400348288238208198206236282
327352348304240173122095108144198258320376412412376322267225204200220255
294328344326274211152124116142184236284336380400388348296252215200206228
268303324324296250198152128134164204250298344379384364322278236212204216
241272300309304280236198168152164192231272316355378374347302260227206202
212234260282295288270236203180174187210240280313342360355327281238207192
196209226246267284288276250220200196206228252283316344356344304259218192
180180193216244272292300291272244223212218236260292324348352332295252210
178162160180212252290316330328304270240224227242267298332352351331286236
192155135138167212264308347366360328284252234236245270296332350354328179
226164124104120168224280334380400380334284238220222240264295327348352320
268192124096068104165234310370418425406359293239215216233268304338364358
324244164086044044096164344320396440442410340268215189188210245296352380
368309220128050018042088170256340416448440394314238184164176208250314364
392371304200108040012040104188276368437464448400320238180164174212268336
391407372292194104044021056132212300396456482464410322248199184192236300
374412424380300218144087068104170256340400456465432364280212162146168216
280346386392348272192122078074112176248332408450448412344262390152146170
212278334372400344280210152120124154214272352412444436396328250188153144
164208260220364375350300244198172172196238296360408427412368300234184156
152172202248305348372360316264226204202221256300348384399373336276220175
156156168196240294339362362332294260236230236260296340372378352304260214
179154150164194148302347376375350321292266246246270302334358360347306256
216166148140152194252308357387387367336296262248248264293320342347328293
250198148120124156210260316366400400370324275248234232247268300329335316
276228176130108116160220288346392417408372314268236224228244272305338344
324272215153112104128179244308368408420400355298248217208216244280324352
343305244184128097104140200268335390428424388334276233206200223256300348
364348292220158111098120170230296360412428408364304250214204212240280329
360367332264188128100108144196260328388424420388336272224198196212250292
340364355300228160116104128170228285348397420408360300240200186196226263
308344355328270198144112112148196256314368406411380326260212180173196232
278320344340303242180132116136178224276326376400390344280224180164168200
236280320334320278220172140142170208250292340380388360308248198168159174
204248284315320304264218183164172198228261296336365364328268212168147152
176205240270295300290260220192182194218241269304340352332291232187156139
142168198232264289298293268242220212218230246276308330332312268218172138
128136160192228260288308304292270247236232240260280307323322300260212168
128112124150188232276312334338322292267244232234253278300316316299260212
158123101106136180238296340368372352318280252232232248268298320328316276
217156108080087120176248312372406408379332280236216216232262298332344330
280216147080046050100172252332398432419383320258208182186212255308354368
350296216129052012032094178266352422454436388312232178152168204260328374
392364294200110034004032104194290386452472444380291208152135148200276348
400416380300196100032016060136230328420476486450376278192136128156216294
372423432390304200116055044090164260358440480472424340238156107108144216
296372420420373292204131084088136208288376448470448384292204136099108150
220292362400398352276203140115132180246319392442448418345260191140114132
172232302364388384340284228187176196232276334392424415368304234178140132
144179228286336366364336300264240228238259292333372386372328272220179155
151164196236280326355364348323298268260263276292320337346334300260220184
158158170196228268308342360356334308286268262268278296315322315292254220
192174164168188230276320352368364352320288267260264278288296303305296276
232191159147156200245289332360380380360328286257243248265284300314312298
270226184152140156188240296344384395383351304262232220230248276300320320
300268216154115116149200260316368396399374332280244216212223254288325346
340306250192143116126164222290348398416401364307252216192202228270314348
354334280212146108104138190256326384420420393340280222192188210254300350
370364322256180122088122170226292360414434416358288224176164180216268324
368378356292212148108100132190264328388426426389326248184148154188244302
350380376336260186132106125172233297360408425404352273200156146163209264
321368384360308233173136132161220277333388420413377305228166139149184236
285340376379345285220173153165209260309352392403385332258189140125149190
245301346368356317265220186178201241285326369389384346284220165137140170
209260309348360344305265230217227249270300332362376360316251193153141158
188225265308341348336312279256245250264285307330347344319273228180148141
153180213253288321337335316296281269268265273289305321320296261221177150
136145170207241281313336345340325300280265260261270288300308300273236189
149128129146184229277321355372372348313276248237243260280297312315296260
200148101093113161221282341381401396369318268228208216240274312341353336
281212137081063085141213290362417435420373305233184169181221276329376388
360293208120056034072142229317400455465436372281198148137161218290367416
420381301197100040029073153254349440474468421336228148096096137209297381
424426381289176081027029092177281380453466445381271164084043058116201296
380420416361260146065029056123209304396448453413330217120049029061129219
313389425405337233152100080108164244328400432420370282184106058056092156
236318380404380318236178136130159216281349401416389325236156092065083124
185258321372384355298240193173184213249294341373373336268200141106100124
157201253308341348326292253224213221232250280312312328294247196154126126
142170209245289319312320301271248241240241252268285290280253222193167150
148160181209240269294312316306289268249241246252257266265260248233212188
165155157176205237269297316326324304277241233229233245253263266264248221
191160145145164190227269307332344332301266234213209214231248265280281261
229184144121124146185233285332360362340296250214191188200228263289303298
276232178132107114148204264320360380368328274224186169180204245286314328
305268212152112100120168228293354388390360308244190156153180220268314343
345312254182128090093132196264326680400390341268200145128144189249305346
361345296228155097076106161228297360399404361288208145104103137200270333
373369332260186121081082132193269340389406381313229156097073099158234305
357381365308226152101081120176247313373403397350269181109072089140213289
349384397363293209144108125171233297356398406376305216136085080117176244
317372398385333256192148141169212261320369392379323241165104075086133198
265325371383353294233189163167198241287333365365334270201139094084113169
230290333361362340301253217205221245268297326343340304245181134112117149
189229285329356355335305277255247256269285307321329313281241197160133135
161197241281316336342340328309288268261268282292300298290276249209175149
148157185221261301330345345337321297276257249253267280293300293281236191
149132140165204246293336370382374340292256231220228244272305328335314268
212160124114137180240305367412425404358292235196186198233278336372382358
292229156104088113170249330400447152419352264185146138163212282360420427
387327220136087070104170262360444482472415318212134090098140216312400452
454408316200116064070124208300404472489460384270158080048072136232338430
470464402293178098060080144232337430473470419316192100036027068148258364
444474454382268160095080120184276370440463439368256152068020032091180284
380438456420340234152104112156227302376418416372288184098036024069130213
316376424436392309212150138166208266324376396379332253168104062068112184
256314372400388348295244204191208237272317348360332268202150119110132168
216256308356374356318280248230230241256276296312316289240188155140144168
194218256292322332320302280264252245247249260273280276252220192177172176
186198220248280304316314304294284272259251244251260265261252240228214197
188190197220244275300318325325311292268246231225232246258266260254240218
192176168176198228262296322334330308276240212196200213234256273284276252
214180155148160188224272313344352338300252205174168180210244276302310296
258215171140132152194246302344368365332282225174147148176220269314340339
307260204152123126159208268328372390368316244180136120140182241300350367
350304240180136118137180240304367398391343268192136098103144210272342382
386356295220156115115152210272345395404369300212139082066096156233316381
412398344260180127108128176237316376408392332242156084045057116189276356
406420389320233160119120159212281350390395354280184108048034073148244328
396420418368291211152128144190253318372396380319230140068035059123200284
360404426402344268200160160188232288342380383344270184108056052096157232
305360406412378316251200177190220260304342359348300228155095067081128183
248306360389380343293248215206213236262292318327311264203142100090108149
200244298340356348324292258235225228242257278295300280240198159134127132
156186232282316332330316300280256236228233248265276279274259235201168148
146158188228270308332344345327300268240224219229248267286300296280244200
160138144175220270316352375376354309260218188184200228268306336344326279
216160127125154206270328376409407373310236175136135163216276336376388359
298225158110104140201274350411436420366280192122085089129202289369420424
380316228152100104146219303380436448414344240148075045072135228328413460
450402318220144100118168248334415454442388292187098031025077156263368448
478460400300200136110140196276364426440410336232132050008030097192296400
460470436368268184133126160226304380418416367280184090024012057128222328
405450454412336246176136149190254320377396374311225137065028044096172265
346400436420369296228174156173213266320359363328260187118070060094152216
282340389404376328268217187183200235276315332324280220160114092104142188
240286340370366336295254222206205220243270292296287248200164138132148176
214251288324340336316286258238228232242252264272274262235208184172172184
204207258289313323320310292272251236233236244246250250244240228209195186
190202224150274296312320318300274248228219216222232244252259262256236211
192191200220244276306328339332308280244214192188206230252271280284276250
214194183191210238270306336350336301256213180160164188225260276312314291
252220188170177204244284324352360335284220168137132152191240292332349336
296250204168155174213260309348367357311246178126100111152210274332376380
348297239188156156186229284336372381353284204138094080118177248320380412
396352285223176154169204260317365387369308224144084052068127204283384416
427397336262200158150169220280340384384339261176099040024072150238328400
436430388314238174144151188246308358380360296211120050010028092175268354
416438415358280212160143162209269328365368330259174092032012056132216300
380424436402340265204166164190254290340364354304228150080036040100168240
318380420420380316252200176184212256300333344327277212140084060080132194
260322376404397360305251208195203228264296318325308264208152110098120160
209263318364388380348300259227210215230253278298308297267226183150134148
174220268316354375372348309270236212208212225252277296300284255222188162
156170212264310350368368348314272232198180182204236272296312313297260218
180156168208258308352374380360318267212165140140168215266312346356338291
234180160168210262312356386395372320252184130104112150208280346393404370
310242193163168206260320372401400364298219140083063086144220306382434434
388320248190160170208268332386410398344264178104050044088160252344424460
444392312236179156170212277342390404376310220132065026036100188288384450
468439380293222169156177232296358396396354272180098040022070149240336418
465468429362279208168168197251312366392379319232147078044052108188280370
438464455406329252196172179216272330372381348278198125072056088152230312
388428443416362292232191180193230276324354352310240168108078080127184250
317368408412380320264218189186204242284317332313268209152116100120168216
274322368390384348300254217200203226258287305308288251200160135136167204
245284326360370358324285249224213221240260279288286264232200172164174196
224252288324348352336304272244224212216228248262268267256238220200195198
212237264296324340342326300272242223212214226240259270274275268252236219
216228248276306334348346328300268240214198198212236264284297302296276254
234224230248276306334348348331297246207174160166190224260288312320308280
246228218222240269304334346340312271224176143128145185232280321348352328
284249220208215240276312340352338300244188134102103138196260320368390376
340293250218200212243284325349354333284220148094072095148217289358408420
395352292239204194210252300340365365330263192120071065105176258340416452
448416354284228200199224272325368392376316233148076039044104192284372438
464448404328258205186194230286344384392362284196112048028064140232320408
465480452393312240193181194240300360394392344260172088039031080156250342
424468468431368284220182175196248309360388376320238148078044050105184268
356418456448408336262204175174202254309356379360300220144090062079135210
284352415444434392324256200176180212258305344360340286222160116100120172
232295364416435416372308244200179180204244290326342328386239190154139152
188244302364408419400356298244200176174194230270308334336312272232196176
186214260314366400408390346290240194162156174214262302334348340310270234
210208232274320364394398378334282228180144136154198254304350374378352310
264234222236274316354380384364320266208156118108134188254316368398402372
320272230216230266310348372376354308246184124088090126190266340400430420
382330270226208218252298338364370340288220154096064076130202284364424446
428384318254210196206240288332360364328262188114066048070134218304384432
436410356288228186176192230282328356348302230152086048048096166255334406
444438400336264208180176200246300344362342286210132078056076140218300378
434456436382316248202186194232284340374376336268198130090086128194266340
408448450418360288236202192212252304352372358304232166116096112162230296
364418440426382320260212186190224272320352358328270206148112108148202260
320376416424400348288236198188204240284320340334296240180138122138178228
278330380404396360306256214186184206240276304316304264218174148148166204
244292336370380360320272230192172178204238270288292278248212184172178198
224258296334358358330284240204180170178200230256274282273253226204198204
220244274308340352340304262228192172164176204232258278288288278260242230
228238256282314336344330294254216182160156168192224260286306314308288260
244238244260284310328330314284244202160136132148180224264300328344336308
276248240244260278300320320308278232180134106100130176230282330364374356
318276246232232244268296314320304264210152104076076114172234302362396398
368318272238222218232260294328336316268206138082056064112180260340406436
428392334276234212212234274316352364336276198120060036054116196288376440
458440394322256210188192226280336370378342272184096034018054134226324414














