MUMBAI
1984
000000000000000000000000000000000000000000000000000000000000000000000000
415357291241207192198229278327354357322252183117065050072137216303373418
437398343277223189176186218278328360353300233151075045052104183265347408
436434369300237198178173202256315352366337266191125070044069131204295372
421444412349274217184168177220283332361367325250176107059050087159241327
397437443401332261209175161181231293343369356291214140083057076132206286
360416437417359285228184160166201255312352363321253185121080075115179246
320383422429388319254203175162180221280324352349298232169125102110167222
288354402423403352284229186167169201245291326344325274217171140131157203
257316370405410372314257214184170182218255297322331304263222189163167197
246296347383396379335282235200178171190221255288310317293255222201190199
236267308350378383353307259221195174175200224256285308313301275253236223
230251283322355371364329284244211184168168184213250281307318315296271252
240240259287320342351337301260221188162147144161197244284316338343327295
268247242252280311330339328296264222179145122120147192246297337366375352
315276247237246273305327338334306270222166121094095129189254320372404408
374316266237222227257289315338340309258202138084058066116193275348404435
422363300246205190198233289334359362320246164101047030056120212307388443
462430362278219180167189243307361390388335250165080026016061142242349434
482489437349262190159155183252330391416405334233139059013008057144251364
445496484425326235164131127171259348404430408329222127052013023089185302
400477508486410296203137108115177271354415439410324220129063031057128222
326427487505468383271181118091108176267356411429395310218139085069105166
248344426475479434344238158101086110169267345386403365291212149112106145
199274356416446436368278194126086082110188267329365374333277222181161162
189240304365403417386324249181126100100133190255307340354331292255221204
202220253302344368376332276222171130113117142183239288323344345317290267
246233237254292328346345308268224181142121117138178226278317347360345317
289262245241246266294317325305269228184141118113132176233284329359377364
328287253233224226246278303318314271230183141109099116163229296352384397
378332286249221207212241282313329324287240181125088085119176246317374407
415381325269227200188201240289328347335291230165109081087138202274348398
426411371300238198182181207255305347360338273200133083070100164240320386
426434401336262207177169190237294336370371327251171111074068120194275356
405433420367294230180154155193246309356378352281209145086065087146230315
383420430393317244189152141154201268329370375316239169110083080132203288
359408431410349271204158136139179243305353378357289220162116100122189258
332389426429380306234175136128159214278334368373335271207151124129176245
314372414426395333255192147125135179235300338358349300238186151142166218
269325382405402344273209152122118145194244291325344329282233189172170207
246296342373387363302245190152137145172213257297327338325285247222210213
238273304340361361328278223180149140156181212248281306328325303275252237
236253274298318337331300260215173145134147183219248280309329334312288269
253246256273290309321314293259218179148129126170219256289315343358346319
290266244241255279301314313293259218175137110106132176236287338376395383
339288254229219237270299318330319285233171116083076111166239314373412420
385326265217192189213252304342362352305243167101057049087159243332410457
466425348261196167167196253321374404396340250158082032030074164264366445
484475413316217148120126174236334398429409341228130046006006076178295401
473502470386269176105078093167268364429455422329217120041009031109215338
433498500447335224129064050088173285384443459411310200108044031078158267
367455495481410293183091039038087179296381432438384285182101064067120200
295380440467430343229138056027036095190292364407411334257171136113119158
217289367421429386255175103063045059124209291346378379321254195162150166
202252311352386369309238165107081076102156216277319346347310271236210203
210227259300331345320272219172134117115139176221268307329331318296271253
240233238259283300307291262226189160143140152178215253290316333336322295
272252238231233253274288287269244216184154136138160202251295328346353343
314279247221214224247273288293287268239195154129132162208263316356377380
356310267231208200213243280310321315281235182135112117157215280339375392
385341289239195176175202244294328338318268209152112095112157228302364399
403370316253202167159171212271320354356318253185136102105141205282355410
428408359286223176153159196253317365383369315240169116089108164237314383
423427390319240176136128149202274339383393355278199133094093138206283362
414434412352264191137115129175243316375402392327246172118100123179250329
395432430383292213146110110144208283353397411372293216150118125169232303
375426440409338248178129113133180248329382414406354273203155138165215278
347401428416362278202140108115152213285354397412389327248195167178214264
320374414422389322245179136125149193250311360395399365310250212200215247
286333377397386341277214159130129159205259312352377375343293255231225242
271307343369376352303248196158143152178221266315348364358331294269258256
267282305330346343310267221181159149158181210250293328345345328306287273
258253259276302316312286255226193167148144159189231273313341354352328298
272252240238248271292299292271242207171141125133165212267313351375376352
307262225204202220254285305313303272227165114085088127189256322375407408
369298234184158155187241296342360344294226152090054056103177265348411440
426370277200135102111165246320374401381316230141072033042099191297392456
477440360245150082061087163267360423447418334222133058024056127233346436
488487428310189099035032088180297393456472418315207114048032075162271381
464495470378248141048008014089202322411474478418310200112064068121209313
406467480430324205103032011040121233345432474463399290193129103122181258
354423462452385271170090037031092168272363429461440374279204160150181234
296363408424395316229143088057078133198287356409423396337269222202198221
258301347374378330265204148111099123168226279337373382361323282253242240
244258284315332326293248208174150146160187226276317342348336318299282267
255245247264279289289274251225200180166168185218260297318332336325308291
271250236233245262272275267253238216191170164178213254287315331341340320
288254225209207222244266277280271254224188156147163199242283318344355346
318278233200185189214248280302307296265221181148139154197246298340370375
352302248202166158178215262307331336314263210161130131166216278333377397
385339271214168145149186240298341366361321260197147125139184247311368399
402371305239169135135152203271329373389363303232165129125156197273340394
419408344264189130109117157225297362402402363286207147124134181242314375
417422382300215142101099129189268348402425405344259191142134162216287357
409427402334242165103079098148225320382429431405338239167140143194280355
403428414349249192130084078139219289346400434425381300218170156182241307
357407417377297225160105083104163234315365420436409349268212178186222268
327383408395344261189128092095132186262330389424418377317254210195210242
286334371382358297230169124102117153205267329376404395356302259229222234
257290325350355325269211165134125139172214275324366382375346306273250241
247259277297319322300256217181151143150173214267311345363362342316290266
246239245260280297302293275242205173157153163191235277322350366361334299
265238218215224248274297303294264228189152139141162201269324365391385349
294242200178176197234278313338338305247188144123125156203294356413424397
338263198147131147196266333375392372318247178126099116172244322399447452
415334237154100088118195282360418439413352264181121093111168249345427471
465406307200111052044095188294388453477443365260171109091123188280382458
484457375249145055014025093210324423489494450362250167111101133210310393
457473435333205108029000034132254368458503482418304210145118123179270363
431458436362241139050007009069168279388459493455400307213159143164208285
358416431392310204118054031045128205294376433459438369279219179172198247
307364396399354272192120085077103173247322389429437404349281229207203223
258302342365357317250188145118121159203258323372396395363323287258242239
242260292315328310267225188162156170194224267312348365362337310283265248
240238246266282286273250229206188179181197226264303331343343329310289269
247231224229243262271273261245228208193182191217256295326337340334311286
255227207200209235268281288288270247224199188194218258302333353358344319
280242209189185203239273299315315293258217190177186217259302341360364342
300250204167151156190243289325342331292247203169161179217265315353373367
329272213165129122150208260319358368343286230187157154183228283337369377
349290223160108092111163231299352382377332267208162144156191246309357384
372313238168107072073119188263338388403374315241187145137162212278339376
385351273192120065047080142221304374417417372293218166140144180238306361
388372313222140074032041093162254342403427407344264194149140164212274340
379386340256169093038028072139220308379427431386315241181150151184240305
358383361293212131068038053105176256340399432421372297233185166173210269
330364370329256184117068054088146211289359410428409359286229192183205239
291338360353307240171121088084117173235301366403414393344282237211206220
250289322338330288232175129107114146190238300349383392373332282244220216
223246274300317313280234190155139138157191238291340369378366331289250222
208209225254281301307295262227187161150158186233283331367382373338290245
209180171186223269303317317293255214169144141166216276329374394386347285
230174143136159218272321350360343292233176140137162216281339386412405358
281200135097089127193275339383402376312238172133123151211283350400426410
345246156083047061113200294370430447412328240173132130158217299372423440
400310205110037011043121213321406460462409320232164128135167233317385429
423358252147058004-03058144250358438478462400304218158132140181247333395
426404322210111028-03015086174287379449474453383290210155137145189268346
394409363275180089022-02037106199315391443460427355268201155142158205279
345381375318231148078028030078150232325384435435390325250197167163179228
287334356340277204132082066079139186255336390415404363300243200184183201
242291325335310254197145111105133173225281340379392371333288245217206207
228257284300300278243204166144143165204247296342371376355319285258235216
211222244267285289272243214189175176195224259304339358360338311282257239
220213220237258272277270255237218203194203228262305336350352336310281251
223205197200222251275286287270252232216204206226257298332350350329300264
228197175170183218256283304309295272242214198202228263300331345347326287
243199166144145170220270312332332309274236209192198228266308337350342313
265211157123116133176239292338362357322273231202191196227268310343359344
300234169117088092123193268332376391371313258215189183204239290339367371
330259191125079068096157237314374410409370303247199177181212259311354375
363303221143079048062112185269345403432415362286224182168180217278333368
379340265180100045032066134219309379432447416348272210175170193239302355
383374307233146072035043097168254342411445443400324246194169171202259323
365381346274185111050030061122198281368425449432370295230188172182220282
341372373322245165101059055099161231318391432446416357285226195180195238
298346372362306239163110093095146196263335400443448422366300243209197213
246293338361354315252190141120126153196252325384418423406341285244214199
214247282322345345313261217177152151170210269329382410413389333277237206
184190226274311332340327290240206178170186222265325378404411380326269222
184156160202261301332351354327278239203187192226269328374401406375323256
196152125129181251300340369383363315248211192203230276331373404405375308
231162111092110168241315366408418392329269222194195218265313374406407365
292211137083064082146240318381437444414346271224195199232277330382408407
353267180109065051081174273360421462462423347270215194198230292348394418
404343251167094055053125219314393449479471419328258214188195236300361399
410379310217146082049061160244327410465478453398325251209183195251315372
410415363293210129069054095187279359433463466443382311244198182207270333
369391388348275185117074077157241317389436453453412345272220193188229293
349376382368325251177109093118187264344396425441430384311255214193196228
270317353362337293229163126120146190257316380412421396344286250219200212
243279313338334314273225172150157185238283345389407400360310268237219217
228257292321332322292248218195191207230259300347376388374330279251232220
217230251275298313311284254232218216224245280316353376373344302262235213
200201211233259289305305287263244228222231253284317347361356330289253219
194181184198228263291313319311291267243231232249281311342350341313277240
209178157157176217268305332343333309278246232233248275305330343340312269
222179146135145173221279330362373356318276243228230248279310335343336301
254202150117110132182247310366397400369314266236218222241271307339355341
289224160118086093135192262337389424418372313255219208221248283322349365
341279204153086065091143209275349420444420368304248213200218254304344375
379345274184099053050093180244316400442448419364276230196186215267325367
393376306210136074039048127209286370438460446385305240203174167230286344
385397340255175101057040067142223308402445467440356276222185166173243312
357391395336254156109065050091177243332407453462423348262208169155180245
292343383388331239148104079073113180251325392438454428357270200160146173
240300342373377328260194148120119148211270332394444443396320254200159140
163226281329363367324273225180152153172220278330378415422384320248182142
132157214267317351367345300254212187186203237280322368396395358290230165
132126152208260308343362360334297256224214228254283320356384377328266210
163128115149209264306346374381366328284248227224249282316345368362322271
203153115101123184248307349383404383346300257227222246285323351370361320
244191138099090125202267322367411422392349294252212204230289325347359353
315254180122081079130216289345393430423385336279231198193233284327350364
355297215158107073083162240303366416438425378313255212183187239287328366
372334256188136094067105195270333397439442407348278234196172191252305348
379370316243168117076069137230292356418440430382316252215184170200268316
363381357285214152101075092177249314383426437411356288236199168174216274
324364368324260193138102092129216290351397423427382318262215178165190238
297338362348294239182133111121181267326372403419407352293235192165171213
268315345351316273216173141138173233300346381405408379323270220178163183
221269308331335315265219180164181220266311356386398392355293234192167168
196236271304320321298265230204195212247283321355372376363311256219184165
172200233265291309312299277254235234241264293322345357356328290245202178
171182207242273300316318309290273256246252272298324341346340313272233200
175160167197239279309329339333311285266254251261280304322332325301266228
193167150160196245289325348362362343311275252246258278301319328320293255
216172141123140195259308342373391377340294265241230241265296322336329293
252200143108095121182250309358388401387336289253225215227258298328347338
298247190118076071115203276334382423432400347284238203192215261305341371
355294223146086051056126217290352410454452418369283214170168207272318371
398353268176114062031056147223306372453473458423368277182141146207280332
399418336217151088047030074165234322401464479456402336212138113152232287
352420425348237152093050042098187262336422473477442374277170111093125196
276364420412323217143098069070111177268351433471460371274194136090090128
190262347408411347260184132109120169226282356431452420345260179124092102
149207275350398389331268210167151162193238300361411419389322240172121100
124170227284342376372337282241218209216240268309353388388351291226165127
114135179223272330356359340311282254239239251276310337355351316262212169
136120135173220267313347362354330299269250242243259282307326327303266217
175138119127164209269312349375373338295265242227224239261284307314297260
218161121104112159215270325361386385350312266230207201215247289318331318
280221161114092100144210282344383403396357302252209188183208251299332343
324275207139094080104161237311373413422395345280228190171180223279330363
369335261181123089084134200278348393427425378313251205173163195246307358
379373320239166114082098166239309372412428405350284220180153164209272335
377390356287204143100084132203275343389419421387330258200159145168220290
353386381335257174119093110175239309366404422404365301231170138147183244
310368387366302215148113110151209275333388415410388346283213149132155200
263325371379351267194150133146182236298348395405373308241184141128150201
257308348360344292232190162160201239282327364395390336268206162137139173
222271316352359329290245211188192230260293332366376351301236185156144154
188231270309339345322287252229221229248270297325347351323273225184159153
165187218250284317326317300281262249249259274293310319315297264223187164
157164184210239272301320321310295280268265268275284293299298287262220184
164152154173201233267302331338328308282260244241247259275289294286263223
181145124123146182224266310348365350322282247223219228246270295309296259
222176128100095114153218273325379393374334273222191187209245280318343337
300236165102062064101158239303377438432385304237192158159195250310361385
369299204132079046056100189270342443465442364265180134120141201276349404
420379283182100046026046122223321406469478405309212140094085120198295381
428438377268162087035028080163277368448490470394281182108065063131220333
409447438366252152083047054129218314405462480441347232137070040057143248
350419447425343233148096075098162245338408452453386288184097049038081155
244346403429385304213156127120141191263327380420419368251166100062057096
165238320389402373302244201171169197229273337378393366293219149099079092
133193265330358365352309266234217216220242273315338341311264209162123110
113150198251300327333330315288267251239238239261286301305291256215176148
138138161195241283318336337330311287263247236232243263277283281264238205
171146139152192233277315339349348328293260234217214225249268286292288258
216172142132142177228284329359367362330280235201188190214243276302312304
262207153119114132181244305353383384359310258216182166171199254304334338
308250186128099096132191264322372396393342288225174145143162213278327353
356294224155104079090139215291354393402371310241178136121132182245312357
369339270193126085077111175250328382405399351275205154117110142195265332
370378340245169115084089138200278358403414379318247176122099113162224304
359389374307213145101093118167230312380407395349284213139097098131193265
336381391351276187128105114144192265350392402370319251155104085111160230
311365390373324241174131126145183240310376400379328261168109090105151221
286348387391353283216172153169213264313359387383343285200139102101139188
244309357380373321258213186180197234286332359370354309237168123111127164
217271321351363341294251227211210228260290321339340305248190154136131156
185222269316341345328298271254243243257271292310320317286244199165152152
172195228266303327334330310289270260253252258270285295293271240210183164
156158180211250290319336341330306282258242236238254274284287284269240202
161137134154191233281322353367359322278238214203204230260285302311296254
200144110100119163224290346387400374322262206171161173213264312345355333
275199134092077107164239320390432435393318232165127120145205284353399407
365282192119065052093173263358432467454392300203129082076122200300382435
442389286190110055044092180291387458485463382264155066031044112219330412
457455371254159086047057129232340428481487427321198100030009042137254365
441473447368253161097069098167281377445480462388268158056010000062167290
387455474437338230157107093132215307384423447423340235129042006017093190
298387443455414329238173138135172236306368401410366278189107046036064128
207299371412418366302243200177180210249299341362359305241177119087085114
172238306356379375339298258229216216226250279304319306262223178143126127
148192243291326341342329302278255240231231238254275284280260233211188168
160167194237279308324331330314289263241229222223236253263267267256235205
176161159185227268301322337342329300266239212197201227253271286292286257
217177155154182224271311344361360335296257212182172186217256297319325305
264217169144144178228283327362378372338287228183163159182218271321348350
311251190144126142188241301350361386362310248184143128142185247308351369
350295234177136126151201264330377398385342272208150117117148204268336374
383347279212151118120161220290352387395363297224154102087117176247321376
402385327252182136126153208270342391408385325248171112076092142216292367
408415370290215155130144186245313370403398350269190121069067108176256336
393421407342260193149136161209271336383398379311225148083060082146215294
367415425391310235178150155198250310363386385325248171102067069118179253
330388414402343268207166157184224277328357366334267193122081068095143206
278346386395360302246203182183213251296328341338299240176125093091127178
234300351378376340293249222208211230258286313327309265206159126114128161
202252302340355347319285254233222224238254277293298281245208172150144151
170201246291322338337318293268244229225229241260272277271251229200172154
148160190230270308330340337315284252227210206219243263275281280263235194
158142150181224271314348368369339291242205179175193227267300321327307267
212159131128162217276331377401397357290222163131129159212277334369379349
283209149110106147208283353406429414354267180109072084134214299372416424
378293203135093100146217306386441455419331224131055029060127227330412464
460395290194126088104157245342418460459398288175078015004046141249362441
479459378260176112090112178268365428453432346228117031-07-12041137262389
466491449352252173119100135216306389434445403304208087021-13-01057168316
423474481422347234160125119155243328387416416366274179090022005035101200
330416459458403333248184148148188256318363389383338246153086044043074140
253354411431424384323258201176181214258304340350328271212153113097113155
211274342384395380341294257229213211227255287310315295251212176151145157
185229281329360368357325297273250236229232248267281286279257235213195187
188207240282319339348347329307278254233222220234251266273276274261242217
199195214244280314338347346330303272239215199197213245271293302302289260
227200193209241278314341354354334302257217185172181204241282310329328302
259221195187203238282320348361355328285234182151143163204257304339353341
301252212184181203242290337366373352306250193149128134168221284344378383
352296241199174182216261312353372371338282215154111104134189253324377402
392343280221179166184228279332368382363310238169113086095144213291362409
421388325258203170173202250306357385387343267191120078073116182259341404
437428377296230183170184222279338380392365297216134080056082143222306381
431443410339259199170169201249313363387375321240160094054057110184264350
413443436386307239192174183224281338373381352286211139079058086148221307
376426442419360284225189183197242300348372369326257190129085080112176245
319383422425393334267219193190213255305339355342291230169117093099142199
259326376403403370312262221201202226264303328332311264214165128114131174
221278335372392385350302259228214216233260289308313296258215182156148158
186231284331364376370341303266235217213220242269295304297273244211185170
170192233283326358373371348310265224197187192219252282303311302276238200
174168189232278324359379383361311254199163151161198247292328345344313262
212175162177220277332372396397362297225165115099113164237306362392395353
286221175154168211273335382412410368280198123070055088157246332400440436
384298224169150167214279345400429417354253158081028028080169274372443473
458395299219165147172220294366417436404320214118038007014087193301400468
493466379277202156146174231312380420427383288176085023001021105209327418
481501462373270195153148178236313376408409347248150060015009053137237339
417462468418327241178150150181243315364389375305216129054024028099184271
358421450443387305230179163165201258319358373348282203127077060084148219
298376420440418359285227191179184217268309340348319263199143109104134184
241310366401410381328275235209198201225259292313315288241198164149150175
214266321367382379350310272242220211212230255277290293276246218196187186
205235280322356364360331298268239219206203217239260273279274262244224207
202210241279318344349343320289259231210196193204228269290299301294276253
236230239268301331351360354327295257229207192189204239276304323328314287
258240233243271303332351356345319283241199172161168204249297333353356335
299265243235245272307343361364347314265215173150145173219277333374393388
350301266240234257288328355370368335294240184139117126170237305366403414
393342287246223218238273320355369359315257194136098091123185262343403433
431385321266229211219251294339367375350291219152097072094148224305383434
450428368303250215200218259314357381379334262187120078069112185267356425
467465423352280230205199230282339382398374312234155094062075137217301387
447468453395314247204188198239300355388391354280199127071055093160240331
403453465436372292231194184200246309360384377324248173104063064114185265
346410448453414343269215186182210260321360374357299226155103079093146210
285360418444435387312253202181184218270318352364339276202149117104118172
235304368412432419359293240201182184216260307339348328282233185156148161
198254319374410419398351290236194174175202246290319333324290250208181167
175211261319369398404378326268213169150149176219267307330336315283240206
188189217266318364390393365314257201152126122147198255303341360352319270
227200195218258309356380386355303240176121086082115177249315367394388346
290237202194208246300345373380353294229150088049053102176263338395428421
377306245204191202240292342373382352288207131062031037098182278366430457
443385308243201187194229289346384393358284201122053028048118210312394457
476455392300234191176186228295351388393344261172093034025049128230326407
459466434362273206171163174231302359387383326243156074030026072156251351
425458455408330253193162157176246315368385368299217137071042050111193287
371431452437382299227175156156194269329368374340271193123074064093158235
315390435440406346272210168158174217280335354351300235172116091097145203
276347403425415364296236187166163186224276309326310265208156123115134176
238300362397407378318265216183170175198232279306317301260218187168168190
218266320362383374340291246210186176186204232263283294285261232207194200
221250288330357365347308265225194180175182200225250272283282270251230217
218235263300331345342317280245214185170166175194223253275290295286266246
































                                                  
