MUMBAI
1983
000000000000000000000000000000000000000000000000000000000000000000000000
458509497439334239169137132171245335400430405308206111036009010070163280
386470506483412296206143114118170260348405422351295192100044072041096188
294391462492456385271185130110117174265345396408364287198120072058086146
228327411462469432348256179130112122185261332377385347275207147114109135
182251330403440442395317231165127115129180247308345358327278232187160153
172212277344390415404345282218162129121138178230283321341330295260227202
193206238281332365378361313259209160129122138174223269300329333315282251
228217220245279313340350337296249201159133124139172215262303332345338306
275246233230242266294318328318286245199152122112123164215266315348363345
310273246225220227246278302318311278231181137104094111157216278330369379
351309265237220213221246282314329318283227169119084084113166240311363392
393362314260222200196209241284318334317267200138092069075118184263333379
404392348290237196179182202245294332340317255180114071062085148222299264
410417392335267213182173185216275318347342307231150095061066110181262341
400424413362288229184166170196234296343360340275196129072058081143216300
365418426398335263205168155168210275328360356318245163106068072120192271
350407433417370296231181155156186243302348364347287212139092078107168237
314382423426391323253196156144160206268320356362326257190135104104146199
263338399428413366293228175145147175221285332352343307243186136123140187
245311370410416387336262208163145155192250295332344322273224181160162191
228276333382407395354288230182155147165200247293324336319282243211192194
218256302351383389366318259213176152150167201246289317331330307273247227
221239272312348369372349306254208165140138154187231274310335341330306268
244236243267302335356358342308258210165133125145177228277321358372365337
291257241241258293324346354340301240185137105102124174233291347390411397
350303265234226244280317348362349311255182123082070095135190264357420440
423367297241208203221262308356383378345267182112053042075138225298383453
483452360269204172169202260320378409401329222131056026023062139247353442
496490410308225159135136175254345399430404317210118045014014068166284390
468508472386282192128102108181274364421440393295189091037016023090200322
424488510454346242152088073103185293382432444392300188095052038059133232
345432489494440335225138073061089169266363424427369273179107060056105180
267368442480461394282188116076074115194283358400398343261182127103110148
214289368425444408332243169107083087122200283343372363313250195158148164
195242301360393388345282215157113100119158216278320342338300259230207200
212233266312345365348306257205162135130146180226268302320324310291275256
241240248272302322328310279242202167148143153178209245279304322321303282
266255249249258277293300286263236206173147141146162185226276310336344329
306284262245237239253271284289275251218182147128131154184228283328358363
347312272243224220231251273292299286259223174134114121147189240295342376
376343296256219203202214242274299315309258201145110099114149198257323373
396369320268222195184192212249293334331300242172117086083109161223289353
400397356294238190166167185222274318359333278202136085065077112175250325
388417388320254196156147160192245303358370328252174112069061081133211290
371430421360277211155136141167214271342380363285207132079058073121193273
359421434385302225165134126150200258328377388335253170110075076115180262
344410439402337254180134111121167238312365389369310228154106087104169245
327395430422369287215147108101126192268333372384340273200137100100150212
282349398418382315238163114090097137209275329360369317250191145129141190
250310366397387333268198141105095113165223282328355347300251207179170193
229275332366378358308250192140108109133177225283325346343311273241218214
222245282322348352326282231182138111110131170215263302326335322295265242
228227240267299322331313288247206160125108117142186228262300338348323287
256233225228242272297316303271228180143110090095128179238288337371377347
300253220203201216247290317323293247200142090063065097162240318375408410
360293236190169166190247300341358334273205137072042042088162250347411446
440370285211152125130171242321378400370296210128054019022080172278382450
479448366262169107088106168262350403431402320217116042010023087188302407
479490444342229139074057087168274368431448400308190096036018044128232348
440489480403287182097045039086192305393452450386281179094047045099180285
388458485452356240139059037046112220328405446431359260168105076096150235
331408454457400300200113055043078154253341400429406337243170130120146196
261341396419400335242160091057060099180260334375387351285228180160160192
223279335368374340277210148095085104149210272323347353323278241214201208
223252290324341335290242196156130126149184222267304326330315289267252246
246249261278294306297273240200169155157175196223255285309317311296283273
265256250252258270278274257235209187174168173189219255286309319325320303
283262244236235241256267271264246224200176157154169200244282313334341329
302271242220206204221249272287279255223188157134132147187238289332356358
334294252216188178186213255290307298267225180137110112144196260320363384
371331274224185162163191236285319335318273218160117101116162230303362408
406368312248192153145163210277330359366338273206144103096128197277350400
429408357280212152127133176240319370395385329239160106085111173248333400
437435390301225153113108145212284356406417375292208140095092132200284368
428445418345253172113087103156240324390425414353260180120091114170252339
407442436378283196121071068107180273356408424391313230154110108142209289
369421437399316225146083056077138220313380418418372286210154127141188255
334392425417360268188122072069108173255333390419405350275208166158180227
288351392404371304231154104075087134200270340378396377322259211183180208
246298345372372328264198141103086102144203262320362373354312267233215214
227258295328345339303250192152118110128159202257309340356351330298264240
228228240268296312311285254215172142127127148189239287327352364349320282
250226215218242271293303296272235193157128114125168227280332367381368331
280231192177180212250289317325307263208151105086098144207275341390414400
343270202156139149190254308354370350290218149090065078128203290372428445
414330240165107092107175255337391410379298204126064043062127216316400456
458405300200116057050095176260355418439379264182115065043065145223312416
467458389287202092035030093193297377440452370253170104062055087180263355
449467437362265157059018039125230343428464441368266170107076086140230330
413452442384300182090038023072169261342425456427338254175123107130188296
356405423400340220130070037046105192298382430437390305228170144152180235
305365395393340255177110063060100167247327382410400348282222185176185212
259312349367342282216157107090103145202263323365377353309266234218214220
233264303329332298248196153132135147187228273320344350326297270254244240
242247262285296287260225193172160163175198225260292313322312294281265253
242238240247261266263250228206187176174180197226257285307317320308293277
260244231229233244255259257247236217190172168181213250282306323333323300
272242221208207218241265280285271246217185164160178216259298330351356339
300256220189177187223263296316320300267221178152150172219267314355380378
347290235189161154177219273319343348314258209164135133162221280342383393
368316254191142120128172238293346372368314246184133110130172240306367401
399352275210144100090121185270342387399362294221157114105142203280355405
420383308220145086061084148230319388422413353263191129103119170245330392
423410347250172096051050100180278365422447415335247168123109138203286365
419437392300200120055033067138232328408452455400310225160122117153228315
380421415357273167091043033085179259358423452447384287210155137155202275
348397411379299213132065041047103188272360416438413344265204164157172215
285345378377329253172104058047074130199279354398409378319255208180177191
228283327346335283221163113081079104147215290351380382353304259227203195
205233273308322311269221176138112108131167222277323355365351317280245218
202198215249280297298279247210169144132140168213268319353368365340299259
221193182194229265295313314289252209165141138162206262317360385390362309
254204167154164206259309339349328283229175139128145194255321374408414378
311234167126113139191263326372389364302230168126112135185258335392426422
371283196125079075118195280358410424387312224159112103138195273356415441
419340243148079043056120211308388438441386300213145108114146213300378431
440385287182097041026064147245344420458438371276198136109117165255339405
434422333230135058026025091170265365436465440365275200146127145192271348
402421385308210111052025058127215315396445455413341250185150148180239303
369400396338253158095054058113183270357415447437383310240193177185216268
327368385363308228153101082094150217273347401428402355289239208203213238
274325353352317267200144113109138198254310359395398362314269243218215231
261291314327314278231183151140142166200256307348368368344305272253241239
243258279299304290257221188165158159175213256292326345345331308287267250
237235245259274279272253230210191185184191215256289318337334319300276257
244231228233243256265267262253243223210207207219253293318335338329311283
254233215210215231254272284286272246223204193201232268305331349352339312
275238199182183200235270298316318300262228197184190218262306340364366344
302248197158143154182236285327345348318258207175165183218269316354380371
333268209152117110137196267323369388367310249198161156186233287340382396
369295226153096076097151217300367416415369306230175150155194255320373405
401333244160096053051100175267353415445425348273212163142157202278345392
413377297200118056029053115203307390445461415338254184146139170230310373
413407333236147071028017059146248343416460462389300228167144145190258340
393412374279187102049017023089187292366438465437342264201164153164210287
361393393328240148083041031054114210318391440457417352273215169157167207
276332371366309238156091053047076137211291362413431400336268219182170182
220267318350342292223161114091090117160223300359397410384330268226194178
182208257293326323288238187147127123137174217292344382395370324274231198
183182200237275306316304272231190162154159190237291345377395378335289238
200175168182219262300326332310269228189166163194235286336375398389357290
238187147137161214259304342361328273233193169163187237292340378401394357
291223159110102134197257320367395372306238196168162186240302347389411396
900
900
900
900
900
900
900
900
900
900
900
900
900
900
900
900
900
900
900
900
900
900
900
900
900
900
900
900
900
900
900
900
900
900
900
900
900
900
900
900
900
900
900
900
185138105095111162228296352381387354297249215203210237277315348355337292
233162101071070104169245321388418420386319252213202207233270315350369357
301223140075024032097179288362423449446384311238190177190228284340378392
361282187100042015031109196285379440478467375280214175159178223291360401
411355257158074026000040128231342417475493459377277200151141165227313382
419418356253143058018002052146256367438490494438342240170134131160243321
392427418353239112054024020089159263354431479484426324232158123119163232
319382417405334223133066044080123189279403444471463386284198137114115161
240322377403372294204137092084113158216295360429457439385302215147117118
159222300358384374317258207157137147187238307373418432411343262189141118
130168221293336363360327274235210189194221264321371393398367314252188147
126131160200256309342353326296262236217215223250291337363365344295245195
154127130157202254309344365359320282254240231236256284310336344328288245
196148123129154203262316360374367335301265243234237250278308328337323283
229171132114131170228282338377396392363312262240230235257283305328342325
278232177129118140178230279337384415410380300255230216213230271311338350
329264200144103095130176246316370414429410352288230199192210240279322354
356322234165123087103145208272342398416413362301233203183190215250299343
361338275195127080070101162242311379413420388326264213177170188223282330
361363310240162094073091138200280348403427410363294225186172172203246303
352369348278202134089083121174238318388422429390321260201170163172222278
338373372320244173120098112157215287348403426411360295232187167167200244
308354372357288213153118114148199255310374415425390330257194162157175212
262318350360337270214160133139180233285343383405397357291225176157162190
228275319347347312262208169157178219265313363393401375322256200167154161
195236278317335335299252217192188209240279317354382376337277225180157150
165197238284317331328302268241223222234257291328358370359323269219182158
158176207253295330348351333311282258246247260291319344357345312265217180
153146162188226279325358367358333300273250247257285318338343337310273222
166128118137171222278331372397394369329285243230245271303330339339319271
210149108090104141212290357404427412368302250218208220245287330363373340
272200122071053071129201301378432451432373300229186175189233293347385392
352283200113050030054110209325408459475451378274208162147167213294361415
421375280182090028015048122230358437482493450363259181130116144211304379
335341386275164072020014073149247381460508490435322220144098094143220322
400446431368252144064026031091182292385464496473400293190116074080136226
325403440426346239141081046070131216317393462476437344236148090070099155
253344404425386307218149109095123184258343403440439390298205128077072103
157245325377398366305237177155153177220265326381410400337261188134107109
138184245323365374355314271232208207223244278318351371356308252200151132
135157189231288334348343319291269250242246256278303325333321280230194166
154155170204249290325337336321302282265253248257273290307312304275240202
171154152172202239281317340350345328294264246237238250268282292295282249
205166143140160202246300335358366358332288255231219219233260288305310292
249204160132126149198260314358378385363316270233207197204233270311330326
286230173132109115154210277338379395383344290241200182181196236282326348
338278210155112090110160229300349391404381327269214174163173205251305349
361331263188124088082121181256327382411402359292232179152153180222282335
364362310227148095074092149218291360405417383321247185143133152197255314
359372341270191117083085127192262334388421408354275203146120126163218285
343382374321233157100083107169228302369410421375308229159116110137184245
319365383355281202137101102145209267334390415393330253181125101112150202
262336374370322249183135116134180234294353390399357284212147107102128172
232300352369352291228180151150171209258308355374367308244175122104110143
192253307342352324279227191170179209239284326353357325269210155120110125
162209259306333340321289254225213219234260293322339340309261209165138129
140167203245286312329332311285262247238238257281305319317291257221180143
129131152187228267296323338335313279255241240244260285301307298258217172
143124123142169213259307343368367346297239222217222235258299321317270222
177136098091122168225290344384402394358297239191181206244279314347354313
233153109065057079121223295367422442426343252188156151172221283335358359
332272181106050037068156222341414457459413331223158115108143215295376417
422375281172090038022072163264364445476478397284190113070072128220321398
440434363270145068026032097203304393461478452362249142072037057140244351
419451443362247143077050072141229338419461467420333216118052032054150252
352409435418350237159105083117177253350413446449383286177097045044095180
272367418422403319230160126120175220287357407422391324235148085060079125
203288351387399360290226187169186216249296349378385342275206144108098119
162224284342365368329282251227220222233258298337345332288229181145133137
164189246291320337338314293276258250250253260268281290287265233203175163
167184229256281304316317317317314303275254251251253259264267266261243212
187177179203251279308326336338327311284257243238244259274282285279270250
215187167172199236272307330348350340309269239217214227251277298307301279
241198167153165199238280327367381371338286245212194200223250284310327323
295238185151139157199247300348384394372324270223188174182214261311347358
335282220164123120149196254322377406402359293232182155154172226293347372
371323255190140114123169232303366410419384320244188145132153201267333378
393368305220153107104148212285350402419407349260177129104119169240316372
405398345258179121095119179249325386425422384306215144095094128193273342
389419398323232158115111147218292366414429408336248166104079095157232303
372410415370288210149121140191258330386415415367287208138090080120180248
329388418400347260194153140170230289341381398383320239164103081102155219
294350394407374316248196162165211258302346374379339268200135093085125175
233292346382383340288240198183194232273312342356341295231172125101107140
184240300343365359321281243220211215237262297320328307261213168133118123
150192240287321345350327295264239225226238258278293299285252216181154135
132146177220268305330346341318289258230220217229250276291293281255223184
145125129162211258306342364370349304257217188180192227266294315317294250
190137108107139188247310360395394358295237184149142164210269319356363327
264194131087080110167243324385426419366285205129096095135203283350391393
343260174103052046088172268357414445414343246155083051058125221317382426
433361253158088045053121213309393440458405313200110045021051142252358424
455429346237153091061087162263357431465457379265163072015010071166289380
440460415322220144092080124202296377433455424342237135049010021092194294
382440452404314234160111108153227306374417428374287190102038020056131224
320392432424374291219168141149191253323370394383314227150087052054110183
270341389406386326263215179173187221267313346356328266203140098085102152
205269332368378347304260222204203212235258284311316281233183146127131152
186227277321344343320287260239228227232241252265279275257228194172163164
174203238273302317320312298278261246237232232237246253255245231215198186
180185197220251280300310311298284265245227215211216232243251254250237218
194177175189218252288312324323311289257231207192194210232258278286278258
227193170166181215260298327340337317281237199172163178206244282311317297
258211176155155182226280322356362345306256204165143147176220275321344340
297240190152132146186238298347371366331274216160122110130178245306352365
338279218163127123151201264330370390362306234160114085094139207286342379
373337268202143119126172234305362392395350263188125072061100168249333388
407382317239168120111140200270339385398362293209135067038060122204293367
416425375290207146112120164230305364395385333243162091032024072145235326
388430418363278202139117132184257329378394353266186103037010044113188280
364417429385305230167126126165227294352375371300225147074030022075146227
303365409408354281219171150154184246309343363343272207136077047054113169
234315368395391342280229194176187225276314336339307255193133092074098147
200265326365380362322274234209197206227257291309311285240192153128119132
158205264317353363352316284251224210205217245273292297275251221184155140
142170212256303337355358337303258225203189195220250272289300287261220175
142138160196240291334364374353307261212175154159185224261291324334312253                                                                       
191147130138172225281330378395375322262191138112118160224289344375376334
269202153118120160230300373408419383315233155092068091148230320384418412
356272201140112124171243328394431428380288196115050036081160258355423453
434365268188132111139189270355414440420346243145061017013081179286378439
469443345249175129115141211297372422436389296195106036007028109210321403
454468413319240170137129165230311376414413340243148067020012063146240340
411454450374284213160139145188255327379398375288203118055027038108188280
359415440407340262203165155170214277333365373322250169100061050077145225
307372411415375311248210179172193238285323342336286230165117090095142194
254323375397389344287246212197199216244272296306288248196151123118138174
219267315348360342305269242221212212222238256272278264230195165148148165
192232272306328335315289262236218212211214227238250256244222203187179178
186204237270299315318307288267244227212204204211228244254256245232220205
195195209237270298317323318297270242214197190194210232253271281281265236
208195192212242274304326335323298262221185162156168198237271297311307278
240202182182206245286320343350338302256205158138138162208261311345358339
291244203184187213253296338362365340292233173133111122163226292347383388
358298243202182189224271323367382372322255186123095090130192265342402424
404348278221180173196240291347386396369307227148087061081136215305385435
444407335257198166170200254317370400395340253168094047039084160251347421
460459414318238178158169210274343391410380313224139067028040104191290379
447470454379289212166152174230299362396397349258167089032022069140230326
405455463425340256191158154186243320370398385322233144078040035098168256
341410453450407318243191163165200254322365379356285208131075053067125195
278358417444434380303239198171180211265314355363335273204143104087112159
221298360406425416377311247204182184211255301330341319273220172137127138
170222288346387406380346288237197177174294232270302316307275237197162143
146176218279334370395383340287238195165153162195242281314323307272233190
162156178222281326368389380342283230179144129138181236286325349352320267
218184171185225274325365392387345284217155110093111159227298353383386348
282225184165175210269328371394390336263182120075065102167245326383422420
365292230185167178218275335376397382323238155083038038095171263346412444
426366287222174158170216283343381397365288203116064029038109193288376440
460428356269205168156174226291347382389347254163094039027068140238320400
455463411337253198170164191245303362389374306217135070038053114187277366
436462443386300229186167172213271333371385347265185116062049091157236320
391441453413343265212180172193239293341367364312234158103071080135202272
350408437433386314251210185182212255305348364338275205148107095123177236
301367405423403352288243213193203231269310337342309251197154130129162212
267328378406404378332279245216205218238263293314316291247208176159172200
235283332373390381351307264239217211220243268285297296273242214194187200
228260300338366375361327285255232213209217235253270282285272254237220211
218239270308341357361344313276243221203196200221246267282289287271255239
229229247284319346358354333301263231201183176186213245278306323324305273
247234233257286319346358353329292251209173152146169209259306346367363329
283248231230256288320345357355329285232180144121132167220282338378394380
335286246225221243278315347365361324259200143099087115167237315379421428
395335274235212215242284331368381366313241174113069062103174260350419453
450409337263217196207239287343382395372305223145075037048105190287375444
476465400311242196180189238300361397403353271183103038015045127218321408
467490458388292223179167187240314372406398338243150077025013072150255351
428478485437354257193159155189258338389411394323228140066028038100182278
368444481477422330241174144143186250338388408380303217137074043061125203
295383450478462400302221159138148197264333377389363289211143096075102156
224310388444459438370285210157132141182242309354370344282216156122110134
177238309373418430400335260195147123130169232293335351334283236194165153
162195250320370400403360300238179140120123156209269313338343313274239204
186189216262320369392393354297239189145115113145200256305336354343308267
230209204224262306345370374338285229168123095096128181247305347372370328
283242213203213245293330355357317264211150100072075112176252319364392385
346293245214197203236280322348353318258188132084062078134198284356402425










