MUMBAI                                                                          
1959
000000000000000000000000000000000000000000000000000000000000000000000000
180311378427442418357274207155131128165219293344372360314259204171158174
210256317375414421390329253195146125131165226283338357350314268226201195
204232277332381402396354293232180140119125158213274320347354335299262232
213213235277326363384372332280226174128104107140189253311344366360332290
250222216226256299341363360326277219165107082082116174247317363390387347
293244210195201232283329363363332280219155097064064104168253338396430427
384314253207186186219271332372387366308229155088046046088168268360427463
451402314238183162165201271341387408387317229143070027033094183299390460
485463399296222168149155198280354405424393311213125055021046116213332421
482491448369271192143128143204296372421427375283189104046027070149262366
451491478424326235168125113146219314378421414354253162088043049107192296
387454478451381283198137107110155238326387411387308216137085064091152244
335408454457414329238171122110128183265338381393357283207143110110152207
286363418439427375290222165131134162216283338369369332271210168149162201
259323378418418390329265204165149158186232286326347341308259216189192216
250290332375396384341283226183162158174204241280311320308286259238226222
235262299338363369341299256216186171171186210241277299314311299280262253
253262283311332350347323290250216186174174192213244274302323332323305283
268265271283305323335332311280250213186171168177201235277311335344335314
290271262259265280305320323302274241210177155149162192238286329360369357
323286262250250259280305323329317286244195155128125152195247305360393396
363314268238222222238271308338350332293238177131107107140192265341393424
418372302247207192201226274323360372344286219149101079094143216317378430
448424366283226186177192232296354390396350274198128079067104174256347421
463463421335250186155155186244323378408402335253168097058064110189290381
451482460390296210152125134183262354405427399323222137070043067140226332
418472475430338241162110094128198296372421430378290192113064064110186283
378448485469408296210137097101146226323396436427360259174113085101155232
323405463478439357256174107082104162250335396424402329244171125110137189
259341408448448399305219146094082104168247332381402375311235183152149177
219277347396424408354274198134097091140189265332369381350302253213192195
213247302354387396366305238177131104107134186244311344360347317280250226
216226250293335366372344296241186146119113131174229293332357366347320286
253232229241277320347357341305262207162122104116158219283335372390381347
299256232219226253290329350354326274216158113088097140204280350399424414
369302244207186192226277326357366341286222152088064079131201293372421442
418363283219171152162198265332378393366299210134076049067137216320396448
454418341250183134119140201286360402408363280189113055043076146241344424
463454396302219152113110146210305378418414350250162094049052107192293390
454475445369265189131107116165244338399427411341250168101064082140229326
411463466421335238152110104125180268347405424393314222146101088125198280
372442460442375283213131104107143216302366405408366277201140116128180244
317384430439402323241177125110125177247323369387363305235171140140177222
286354402418390332262198146113116155207280329360363329268207174168189229
268320366393384341277222171140134155192235286326347344305262222207207229
256290326360369347299250198168152158177207244286317329320296265247238238
247268293323341341317271232198171162171189213247283308323320302283268259
259262277296314323314293262229201177165165177207244277305320326320305283
265253250256271293305299283259232201174152146158189226268308332344341317
290256244235241259280299305293271241204168137128137174219271320360375363
323280241216204213235274311326326299259207152116107125168226293354396408
381323268222183174192235290335357354317262195137094085113171244329390430
427381305232180146146177238314366390387332259180113076073113189280369436
460439375280198140110125174250338393424405338244155088055070137222323408
472478439344238155101088122195290378433451414326216134064052097177271372
451491472402283186107058067128216326408457457399293192113058064122210314
405466488448347235140064037067128235354421460445366262168101073094158244
344418466463399293186104040030070146256357421451424350247171125116146207
290369427451430363265177104055058097174268350405433411338253192158158186
232296363408421396329247165110076085125189271338384399384329268219195192
207238286338369375341283222158107079085125180250308350360341308271238219
210213235271314338338311265219174137122125146195253305335357357338311271
241226219232262290314329320290253201162137128143186235286329363375363326
277238207195201226265302326329311271219168125110125171226286344381396378
329271216180165165201250305341360341296229165119097110152219296363402414
390329253195152134146192256323369384357290216146097079097155238326393427
421375299219162122116143207283354393399357280201137088076116186280366427
445418354271192131104110155238326387424402332241171113088104162247341411
448436384286204137091088122195280360411424381296204137094088125192283372
421436399320226152094076097158235323384418405344256183125097116171253338
399430418354268189097073082125189280357402418384314235168125122158219299
366408421387308235168110088104152222308372408405357280216168149165207265
329381402390335259201140107107137195262332378396375320259210183180204241
290344378384347280226168131119137180229286338366372341293247213198204229
265308341357344302250201162140143165204253296332354354329290259235229235
253277308329332314277238201174158162183213253290317332329311286265250238
238250271293302302283262235204177168171186216247280305320329326308280256
244238247262280293296293277256226198180174183207247280311329341344326296
259235229238256277293302299290274244207174155165195238283323354369366341
290241210198204229265299320329320293253198162140149180229286332369393390
338268216177165171207259314357372369326253189146125125162229283338396418
402338265213152122134195259326384405387329244174119094113168247338411454
457405308216140094091131207305387445457414323222149101091128207305396460
488460372256158088052076149244357436485478421311207128085091143235341427
485491436320210110043024067146265375457500475399274183113079101162262366
439482469396274168073018018073174296396472506475381265177116104134204299
387451472439347232131055015027094198320405469482439344247174128125155222
317387430436387293201116055027058122226323396445448402323244189155158189
247320378408402350277201137085070101155235323384421418381314265216195195
213253311347372366320265207152119110131177238311357384390363320277241216
210216244283314332329305268219177152143152195241293338363369360332299259
226207204216247280308323314286250213174152152180226274320354369369347305
256213189180192226271308332335314280235195158152174216271323363384384357
299250201168158171210271323354363344302238186149143165210271335381405399
354290226171140137165222296347381390360296235177143137165219283354396414
390326256186137110116158226311369402402350277210155131137177241317375408
405357280201140104097131195271350399418396335247186143131155213290363408
424396329244171113088107162238326390433433390308229171143149192256335399
430424363280201137097097137204283369424445427369277204158149171222296360
405421381305222152104085110168235323390436439399323241183158165198259329
384411402341256180122091104146210286360414436418360280216180171195235299
360393396354283213155119110134183250320384421424387326259213192195216265
323369387372320250192140116128162216280338387408396357296247216204216244
286326354360332280226177143134152186235286341375384366326280241216213222
250286317335335299259216174149152180213253302338366372354317274241226226
238256280302317314293259219189177183201222253293332363372363326293259238
232241253277299314323311277247216198192195216256296335360372360338302262
232213210222256290311323320296265229204186189210247293338372384378344296
247204183180207247286323344354335293244192165162186238290341381402396350
277210165143149186241302350384390354293235180146143171222283354399424408
347256180122088097146226311369414424384308226165122119152210293366418436
408326229137073043064140226317393445451408317226143104107152219311387430
442390290183094024003046131244350427469454384277186122094107168256347408
445430347241128040-12-09058158277381451478454381268186119094110171259357
414442411320213107024-15-12064174286381451475445363253174119104128195283
366414430384299180097021-06021101201311390451463427347253174128119143207
293363393396344259168094037021061128219308384424433402326244186149140143
204271326357360305241177119079067094146226305372402408378311247198171162
171216268308332335299250189140116110131174232299350378381354311262213186
171180207244286314323302268226186162149165204253311350372369341308262219
192180180201238274305320311283244204180171183213259308347366366335299262
216183168165186229277314335329305262226195177180207250302338360363344302
259207165149149174226293335360357329290244204180183207256308350375375341
293235180143128134171235302354381378344283232192174186216265320360384375
329268201143113107137195265332381399387335268210177168186222271329372387
363302235162116097110155219296366405418384320250198171174198244305354387
387338259189125088085116171250332393424408354280216174158174210271274375
390363293213146101085110162232317381424433402335259204177174195244305357
390387335253177113082085125189265344396427427366293222180165174210274332
378390360290210146097085107162229308372418433411350274213180174195238299
347375372326250171116085091128195262332387418421381311241198177183216271
323360372347286226162116107128180244305363402427411363290244207195204241
293338363363323271210162134134162210265323372408421396341280235213210229
259302335354350311253204171155168195235283332375396402411335286232207210
241268296311323326302265219186174180207241286332372393390369317274235216
210229256290308320317299271235207192195213250293338372390381354305259226
201198207235268305329332323293259222198192207241290332372390390360308253
204177165174210262308350366363323280238201189198235280335375405405366305
241189140122131183262326381405405369305247207186189222277341393430433393
320235168119101113186271347402433430390317268226195192232296354405430427
381286210134082073116189280366433463463411323253201177180235308375427451
445375296201110058040116210326411478503494414308229180149168226314384436
454427338229131049000037107219335424485503469396283207158140155219314393
439451399299189094024006040125235347433488494451372271186137128152201314
384430430366256162070024015049134235338402463457408323232174137128137201
290360399393329247158091046046088165250350411445433384308226174149140162
219302350372357299229155107088104143207271347396414405354286226183162158
180222280326344338293238192152131134165222286347387396384332274222192174
171180219265305320320280241210183171171189232283335366369350308265226195
177171174201244286305311293265241210201201204238283326354354338305268232
195168158165192235277305317311280250222207201210238274317335335323293253
219177149140146171232277314323317290259229207204204232271305326329311271
229186149128125143189241296338338326290247216198195210235265293320326305
265207155119110113140195262323354360338290241210192192207238277311332332
299250189131094091110165226299347369372338283238204189189213250290323335
329280210143097085085122183247320381396378329259207180174186226256305335
341311250174116079070091149216293354399396354286226186171171186229286326
344335280207137085064073116186259332381399387335262201168155162192244305
338347311244171101064055082137213296357393396357290232183155152165222280
329347335274204137082064073113180259323375393390341268213171155152180238
305341347323262192131091082101149213286347390402387329265210177165171204
265317350350308241180131101101128183241314363390393363296244192168158165
216274320335329280229171134122128162213265326372387384341280226186168168
183235280314326317274226189162155158183226283335369381372326268216183168
165186226271305317317290247210189180183195238286335369372360320268213183
158158177219265302326329314274238216201201213250290338360363347311262201
162140137152195259302335344335305259226204201210253296332354363357302244
183134110110125192268329357375369320271222198189195238293335366375360299
226149094061061110177268344393418405350280219183171177222283338381393369
302207128061030033094186296369430451433366277213171158168222290354393402
366277192116037012027104204311399451463442360271204158146152210290360408
418366274177085021003024113219335418460472436350259183140131140207299369
414414357253158070015006052146253360430469475427335241174134128143213311
378411402341238149067027030085177280384442475463405308222158122119146235
326390418390323226143079055067128219311405454466442378293210152128149189
268347393411378305216162122116134189256341411463466436366283210177155168
207274335378390366296235171149155186222274344393414414384317247198177171
174210262311344357341296250210195195204235283338381396387350293250201177
174180216253290326335329302262238219213226253286335369378366326280238207
183180186210238280317332329311280253244241250274302335357360341305271235
198183183192213256302338350347329305277259259265283314338357350332299265
226189177180192219274323366390384350320283274271277286308338369372347308
259219189171168195238302357387399384350311280256247253274305338363366338
277222183155152162201256323384411418390341290250238235250274305335363360
323268207152119125152204268332390421418381317268232219226244280323360375
363305232165122107125174226302369421436424372299241210204219250290338375
387357286204137101097140195259347418454457430366283229204198213250311363
396393332250180122091104140201286378436460445402308241192171177213271335
381402384311226149097088122174250329396451460433360277213174168183226293
357396393350268189131097097137192271347408442439396323238183146149180238
311366393375320238171122097119174232305372424445424369286207155140152189
253326372387360299226162128119146192253317381421427399332253186137128143
186259317357363338283232174149146171204262326375408408372305229165134128
146195256311347357332283244204183183198238286338381405396350286222165131
134165204259317357372363332293253219216232262299344381399399354296229171
140140158201253308363390393366320280244229232253290335372396387347290226
165131131146183238305360399411393350293250232232253290335372390381338277
204137104097125180250329387430436408357286238213207229265317366396393344
271192131079070094168238338408457463430363283222189186204250314369411418
375286195116058055104168265354436482485448369280207174168195238320387433
439390299198110055049091165286381466506503448369262189152149174232326396
448439375265162088049049107195305405475500485433314222155128134168250344
411448424344238143079052073128216323414469485457381274189134113125168253
341402424390308201125073067101165253341430463454405317219152116116146204
283357399402344265186128104119165229302375424439424366280195143119128162
216286344378372323253192152143165204250320375418424384317247183146140155
198250299338360344305253204174183204238274314363387387344280216174155162
180207244290326335326293259232213219241262296332363381369317259216189177
183198219253293320329320296274253232232256277305332350350326290250222198
186189204226262299320335332320305280262259265280302323335335320293256222
195180183198219256296329347350332308277262256259268286302317320308283250
210183168165186219259311341360363344314280247238241262283305320323311283
241198158140143171213268323363384378350305262235222229247274308332338326
286238177137119131174232290350396414402354296244213207216244280323357372
344283216152116110137183250323381424427396335268216189186204244296347381
378332256183122091101140195271357421451430372290222183168180219280341396
411378305226143094088119177250335411457460421347256186152152177229305372
418421366271180116085091128192280375442469448387293210155128137177244332
396427402341247168110085113165244326411457463427338244165122110134195277
357411421378299210134104104131192268350411448436387296210134104107143210
296372418414366283198143122134177238302375421436411344259180125101116155
222311375402390338271204162146165204253299360399414393329244168119097113
152216293350378375332280226189174183204244296344375384354293229165119101
116155210271323347350329296253219201204222253299335360357323268210152116
107122158204262311341354341314274241219210216241274311335335314271219165
122097107140186250308347372366341296256219201201222256299329344329286229
162110082091125177244317372399396357302244201180180198235280326360357311
241165104070070107168247326390421414375308238183149143165213283344381378
326244162091049049088165256347408439424378296213149116122155226311372402
390326232140067033052110201305390448460433366268183128104122171253344402
433402320219134070046073140235341424463466430347250168113082128192280372
421433396302210128076061101177265360433463454393293204134107085143219305
396427427375277198131085085152226314390442457430350262189131107122171247
329390418399341259186140119143198265341402433424375296219162122122152210
283350390402366296232180155162198244302357399411387320250189146131149186
229293344375375332274226192183201235271320357381381341283219168143143171
207250293332350344314271235207207226256280314335347341299250201171158165
189219256293314323317299274250238232241259283305323323308271229198180171
183198226256283302311311296277259244238241253271290302293277256232207186
171168180204235268290308311308290265244232235244256274286286277259232204
177162152158186226268305326332323296265238222219222244268286296293274244
207174146137152183226280326357363344311271229207198207235271293314311293
253201155128122140186238308354381381354302244198174174204250286317338335
314247189134107107152216283341390411396344277216174158174213274329369381
354293222158107079101171250329405433427390317238174137131165229305372405
399344271189119079082134207293375430445424360265186128104122177253347408
433411341247162094076110171247338408454457418338232149094085122201305387
439448408323226143091091128195293378436466451393286189113076088143229335
411454451399308213143113122165235332393445460430347241152088067097158250
347414454439378286198146131155201271338402436436396308210125079079119183
271357411436414360277213174162183226280338387408399347271192131091094134
192265338390408387338277226195192207232271323366384369317253189143116122
152198259323360375366338302259232222226235259299329347344311268219165140
137155189241296341363357338314286259235216222247286320335332311280235186
149137149192241293338369381372341296253219204210232268302326338329299250
192146122131168219277335378396387347290241195174174198238293338363360323
262192131101107140207277354399418402363299232177143140171219293357390390
347277198134088088134210296369418433411363283210149116122155226314378414
408357271183119082094146232317390436439411338238165110091110168256344402
430405338235158104085116177253347414448430372271180113079091143229323390
427418363277183125088101152229317387427427381299210134076064104174256344
399418390320229155107097125183256338393414396332238155094061076128204293
366402399350277201143113122165222302363396396354277198128082079119180253
329378402387326253189149140165210265326366387372314238162113094116162216
280344378387350293238192171171195241286335360363329271204149113116152198
247299341363360323271226198189204229259293323338323283229177143134146174
210250293323332317290259232213207219238262293308308286256210177162155168
192222259296317320308290268247235232238250271290296293274250219195180180
186204235265293314320320308290271253241238244262280290290274256238216195
183183195226262293317329335326302268244222216222241265286296293277256226
195174168177207250290323344347332299256216192183195222262296314317296262
216171146137152189238296341366369338290238183149143168216265314341347320
265204155122113137192250320366396387341268204149116119155216299350384381
335265201143104101140210280350399418396326241165110088104162247332390421
399335253177119085097152235320393436427378290195116055043085165268366421
436405323229152091070101168259354418445421347241146061012021085180296387
442448399305207131079076122201296384430439399305201110024003027113213326
408451445384280201125085104155235323390424421357259155070009000055137247
350421451430360265186128107125177247332384411390314222137061024043094177
268360414433402332256195146137155207271320366381357296226152091061070116
186274350396405378326268219183168180210256308338354329283226165119094107
143201271332372381363332283244210192198219253290314326320293256207168146
146171216271320357366363344317274238219207213226265296311317311286250204
165152168195268311344369372366329274229198183183201244277305323323299253
195152140158195250302344375381375332274216174158155192238296341372372335
271210162146165207265320372396402375317247183140128143183244314363390381
332259201152137155198259329381408402360290213146110104137192268341393414
390320244180140131162207277350399421396335256174125097104143210299375421
433390305216165137143177226305372414418375290213143094082110174259344411
439421363277204152131149201268341393411396329247165104070082140213299375
421430396320241177137137168229299366396396350274195128073064101168253332
393421414357277201152134146195259323372387366302229146088070091149226308
372411414375308232177152155189241299350372363323250180122085091131195262
329381402393350286226186174186226274323354366347296232168122110134183238
299350387399372320265216192195216253290320341341311265210158131128162213
259305347366369344305259226204210232262286308317314283244195162152165195
229268308341357350320283250226216219238256277290296290265232201177174186
204232268299326341341320286256232222222229244262274283283271250226204192
192207238271308329341344326302265232213204213235259280299305296277250222
201195204226265308341360360341308265226195180186216256290320335332308268
229192174186213265314357378378354308256198155137155198253311354375369332
274219174158174213265323366396399363302226162116107131189259338390414402
347277210162143155207265341393418402357274189119070067101180274357418442
418354265195140125143198280360418436411344244146076030040104201302393445
457427341247177125113134213311381430442402311207110033003009101213332418
469475433317219149110113146229335399436436375274165076009-06055137253366
445488469408299216128104116168253344405430411338238140049000018082171290
418466475454387280195140119134186268354396411381299207122052018046116213
320396448457424350265195149137152207271338375381338277198125076058085140
219311378418424387326259201165152155192250305335341311259201152116104125
168229305363390390360308259213180165168189235280308317302271229186155143
152186241305347369366344308265226189177174192229265293311308296268226198
177180207253305347372375354320280238195171162174210256296323332320293253
210186183204250296338360363347314268222177143137155198253302338357350317
265216186180198241290338366372350311262201152122119146195265326369387366
317262213183180204247296344372375347296238174125104110152216296357396402
372311250204177180207256314357378366323262195137094085110171253329381414
405360286226183168174210262323360372360305244171113079082122195280354402
421396338271213177165180219277335372375341277204131085067097155235320390
427427387314250192165171198247311357378363305232152094067082137207293366
418433402338268204168162180219274332366366326256183119076073116183256335
396430421378305238192168171198250305350366350293222155104082104155219293
363408424399341274216180168186222274326354360323262198137101101134192256
326375405408375311250204177180204244296329344335296244180134116131174229
280338384405393350296247207192198219256296323329314277229180149143165201
247299344378387366329283238210195201222256286305308293262226192171168186
219262308350372375354317274238213204210229256286305308296274247226207201
213238277320357375375354317274235204192195216250277302314314302277247222
207213238274314344369375357314268226192171174195235274311335347335305262
229207207226265311350378384363323268210168140137168222250332369384366323
271226198195216259314360390396372317253183128101104146216296366414430405
347274222189183207253317369399408372308229152091055070125213311390442457
427357302201165162183241317378414421381296198119052021046113226344427478
482439354262189146143177244329393430430375268165076015003055146262381466
512500442341241171140146192271357418451436366262155055003012088189314414
494527503427314222155131146201293372430448411323219122043006030107219335
427494515475390283201143122140198286369418427387308210122058030064134232
341427482491451372277201149128143201290357399408366286207134088079110177
265357427463457414338262195152140155204277335369372335274213162131125152
204277347405433421378314253198165152165204259311341344317274229189171168
186226286344390405387347296244201171158168198244286317326314286259229207
195201235286335369372354317280238198165152158183226274305323326308283250
222210219250290332354360344314277235195158143149183226277317341350335305
268238222229253290323341347335305268222174140125140177232290335366369344
299259232216219244283320341347329296247195149119113137189253317363393387
347293250219207213238274314341344323274222171122097101134195265335384402
390341283238207195210238280323347350320271207146101088110162235314378414
421396329271222195195219259305347366357314247174116085091131198271347405
433421372302244201183192222274329363375344283210140091079104162235323387
436445414350274219186180198238299344375372320244171101070079128204286360
414436421366290226180158162204265326366375344277204131079064094158244323
390430439405335262207171158180232296347375372329259192125094101146216293
366418451442396317253201177180210262314357375360308238171125110131186250
317378421439418363293235189171180213271323354363335280219165137140171222
277338390421424387326262210180171186222274320347344311262207171158165201
244299354393411399350293238195177174189229277314335332302262219189183192
219256308357384393372323268222180162158177219265302320323305283250222201
198219259305347372375357314265216174149146165201250293323341335311271235
213210229265305341366372354314262210158128119140186241296338366372341293
247219210219247286332363375357311256189131094085113174241314372405408375
311253213198207238290341375387369320250180113061049085162250341405445442
396323247201180186219283344387408390326241152082030021064149262372445482
466414323247183152158201268347396421399329232134052000-03058158280387463
497478408311222158131140192271357418442414326226122040-12000076186314411
488512488408299201137116128189280366427448414323213110033000033113226341







