MUMBAI
1990
000000000000000000000000000000000000000000000000000000000000000000000000
347414453463423325240171137138170235307356380370322262193130091092139205
286363421446435385300226162129131165229287340367364327257192137116133179
244313379428439411348280212153121124160218283331361358317262204170160184
222273337390422416369295232172129120131170224278322350357330285242212197
217253298347387405386344283220160125113131174220263305345363348308271237
215223258290330365378363321278227177129100114148196255309350378379351305
267246241255281318346357344305258204150110088093132187254316365399410381
332278244233242270304334348347315270212157106071072116185260333391429433
400340276233216215249283325353363341290222151085049057106179266351419456
458413337265210190192227281333372385356255181117045032037108196295382448
473465391313242185166175220289354395400362281185111047026048132222325400
456469440366272195153141155218298366403409352262170093056031076154244349
425466468420328239171135128157236320382409403335249164095056069131213297
385455477461400305211148124134188266340390410388321234154099083119181255
338414458460420337256178132123146201282341379388355285215151120126171227
291358412438425369284215154124125160218281334363361331264208171158181221
271323374411417387324246211147133149191241292331347341308264225203202229
263297335366383375336273215169144148172208250285313323316294266246237241
258279303331352359342294243195164154163187212241272295310309296281271265
265272284302318325319298265223186162155160178201230260285304309308300289
279271269276287300306300276248218191165150150164190227264290312326331322
298276265260263273285297297274251221189160141130143174221267306336354353
336304274255248245253267282293293275241200159129117131175229287336370384
373341295260236227232250279303317313287245189125095092125181250317373402
402370318272235212206220254292324337324275212148092063076134210290360410
425405353278229191177185219272323352357322255172103051042081155240327394
437437397325250187157151173226304358379373318236147075036034100185277366
428454431375280200143122127166246324378398376298205123055031062133226317
400454462419334234162108098123184266348412418362278175100055060112193287
377440463445371277177115077085136224314378412406345254169103074102163244
335413450454411312215141079064089160243322376403389325231162112105142197
275353415439420352262177108065060092157240309357377359303238177146148179
229292352393403373314234158096060065103160226293340361347304257220198201
224256305350378376344283223162111089098128173232291332350349328297268247
235240265301333348338303262212164123102104124167219270310337352350329298
266248242252277304322325307272231186146123112124160204256308353382390362
318276246234239258289315328323300264220172127096096134194265326377411414
381324276234215215237275313340350335289233169114080087127198280356412442
436390329259209185188222275326362377360310235158100070084137218300383450
468445386298227179159170213280345390405375305224144083062086155242340423
469470435347264180139129155220300371422418370276189117069065117195294385
452477460400302215147115120169250337400430412343252165106081102165242335
419468474432346250174119107139208295372419432391314230160115114156220298
382445468447381288205137107112165247328385421414357271197146132164215277
343402444441392305226159113107134195270340384402373308241187163167200247
296356399412382323244180130104119160226294344375374336284234200190206240
289325368385375330270212160129128158202249294334352346315273244228231252
274303335355361340293241194163149158185223257297325340331303277265264268
275287302318331331309267223184161158172190217248275297306305295287278273
272274278285295300290272245215184164159165181204233265289305312311306296
283273267265269274279278269254229203175157152164194231270295323337344331
304275256249245251262274285288272241208172144134144174220266315350370367
339297260235219217231257284309318296254201153119106119159221287342383408
386335280237200185189216269311340342311252185125085072100162239318385421
424383315245186153147173219290344373370321262187122069073138207273341402
445426368292224168125131194255311363412400329254180098056082146225309386
452459400320245168097086171240300356418434402316219127064041081162272368
441478457387274176095048055106202313400445454404305205123068077133234312
412472481440335232135057032055119240332412458444373270167108087125187285
375442468442363249161080019021070154264358420442413334242171126127166229
307379420429392297202122054021041095179273352404419385311247187162170199
250314364392384332257182119072057081124197271328373387363314263224202203
222256301340358348302250192137104092110147196252304342356351324292262242
232233250280308325316285247207162130116121143182227276212335347338312282
250230219227247268282288280259224184149125117132171216263308345365364338
291249219205205226254278297304290261216169131109117155209267325369395389
352292240195172174202249289320337328288229171117091102151214287355411418
391325255195150133146187249314354366342281212147096077096150227312383427
428380301222155112108140202279345387396355278202133090084123190274362422
447423357263182122093107158237322383415402339255173114081102154229317396
437436386298209133082075108178262344402420384305226152102092127187269347
410432408334237153089062079135224312381418414361274201137108125168242319
385418415363272187117067066108178262344398417390322243178136134167222283
347384400376302219139084063087149225306362394392349271212166148166202257
316356373360302236162102071076122187262323361377356307250204180180201236
284326352354319259197135097089116157220278325354356329287247219207215235
261292319331322283232184140123131157202243288325346345316285262252251257
267281297316318300267226191164156167191223254285312327327312296287282278
276272277285292292280255229202180170177196220249274300318327327320305293
283273269270275282284279270252229205189182191215245279314337351356346322
297274258248249262279293299291272247216184164163188232282322354372375356
319277243220211222247281308325325296252202160134137167219282340382402393
356298243193163160192242296346366366322257190138113122160231305369418434
411351267197144124139189257329383411396336260174123095118179257342413453
447400312235147087080124192289376436452419339243166105095133209298392457
476447371270166089039057118217329414473478427328231144096107157246343422
476474422334196104034022062142255367452498485417302209129104132193282383
455477445370247140048002002070157277369442478466372291216132109170233302
377437447385299204125048003019076171277364424443411337256184151146174234
317378412408360277184104047031055118204287364408422390331259203175180208
250316360376365310246176111072066095160227299359393399372326269231209206
218249295331346337286238184141119116135172222284337365373356326296263240
226221232262290308308282247208170152145150175213258306337354356337303265
235214206215239265285295290270238201171152152174210253300338361366354312
269228197184193224262293315319305272232187157148166201255310356385390361
306250201161151167210263310339350333289242191155142159201260326376404399
358291229171135131160215286341372382355302238185146137158209282346394410
386327254178121097111159231301359391389346285218163133135169229303364401
403356285202131085074109178256336389412391333259195147133153197268335384
408386321230153093067088147222306381420424381308234175150154181233305370
404403352268181114071076118193275355406429407346274213170161182225285345
386396361284205131075063097155239319382421419378308241190162165192241304
356379365301228153090059071115189265337389411389334271221182172183220271
324353355319254183120081068097154221296346387390356297243205186189213244
286326342329283219160111089095136196253305357376365330283243216205211231
262296319322296248192144118110128166211266316342358343305269242227222227
241265286299294268228185149131135153185225269309332336321294272252238231
231239254267273271256227193168156156170193231273307328335322302282263246
235230231238253264270265245220191173166173199231271305330339333311282254
231213203205221245271286291278247210177160161185221263304339309359331288
244203179165173207254296323330310271227183155150176226283336372370382339
281219164128122152210271322360375351289226173142140173226289347391407384
323244165106073080127203289356404414361291203157123129185237298351405418
355276201121054020072162241311384455461412331251187126130167231306370411
412368285187101026016051128221324396445452377292202136111127174246334398
429413340230140057-02-01056155253362442480465391292208138121144201285370
427439409310205105021-06021098202319410481495455373271195147141163221309
382421418355253149070010005054127221330411465469423340251184151147175231
310370395377296219141076032035081150241323396434434392320257193166165189
238311351369348288217153100074081121182255326381409409373315254209189188
205239286320337320277230177140126134154197252318360386386356312269225197
186196222259291307304280246207172156155172207253303335381382351305256212
181169179209253295319322305272238198172165176208252302351376375346297244
198163151161196247300331338330297253215187175180208251301346372374345286
236184145133144182241304343356354324277237203185185209251300342367370336
282219170127115126168235308354373365327281239200187198225267318355375367
310249181129100100133200269335378393371323272227192181189222275334364371
342277206137097079102159235307368406406370310254206183186209249304344364
360303237167105068077124195279350400415397347288234195185189215267323362
376340270198127079063095156232305374415420390327264213185185202239295340
364358305228150092061072123200273346400427412365300242204189192220268321
357364331267188125080067085131200276335382407401344279226200191205241287
332353348300235165104077102165236308370416426401363312259213194195219256
302336344316262195140102095117161222285340383398379334283243215205210233
272309328326271241190142115117149196255305354384390365320274241220216230
254286311319313281241191156142154186233283332369389383357316281249232228
241261285304314310285250212184176184210248294340371386379350311273242223
217222241271296310310291262232208194197218258306350378387381349307264227
209202209229262297323339329304268233210205216254300344378393387357302252
209177162167197243296339365367336286241210199212250297345381398389350285
224170130118128178244315366401402367301245210196215255314359396409389337
260186123082077115187277353408440431381305242196185203244306364398406379
312226138070037051103192291380446467443384294227181173192241310367406409
361278181092020000035108208322410465482445369290215162151168220298363400
404358265167071-02-25013089203316413470485450373274200158153162216300366
400399336242139057000-04024131231342430472487440355263197156148178246334
392420400331235142064015029086170273370442480475425344255189159159190258
335384400381306220137072052075133191285366427460455409332243185158159186
238309355373354293219153101083096140204276352403425411370300237185161162
188237292334350330285227178146137149180228288353395403390348292233187164
166193234274303317314288250210181166182210254303349380386362321274230197
177172191229274310321318299271245218212220242278323354375373350313270226
186171171187224271310332335322300271255242240250274313350367363335295254
215177159160183227275315342352342317279252235233245270302334350342320273
222180145130138174228280327358365351311276241226225231264296323336330300
254201151115104128174236297349379382358311272241224224235262296324335325
288233173124090100148209276338379398387350303258225212218237269309340345
322262197132088079109165235310367400409382329274230206199214241282322345
343300233161104069078124188269337388414407366305253211198200220255298344
356337275200129080067090149225306370413424405352292241200186196225269323
350354318254179115072075115182261331392423422384325265219193189212249300
343364350292214143092072092148219290365408428413362303247203189189220269
322355363331265190132090087125184252325379400426390331270226191181198235
285332356349300239174128107124162217283338393422409366306256209183186210
243285325343334285230175132121143186260316370400411390345285236195179180
200241285321337327282235190167158182220262323370400404370312260214186168
170203237268302327326285244209185180197231272311346379381341300258218177
150154191245263300335339315282248209199220253287324358382376336297249203
162130132178222261302343365344313275241213216258300330369381370337278216
160117100112141204276342390410390344288245226226245284328366384376334274
200134090070085137220293370422445425365303240208208235272312359380378334
270188107057035067124217303389445467438373287228196194217258311357389390
350259169074026024065135236340418472484449375284211172169195246322373404
400341253148063013014068153253359437487494450367267191157155186245331391
421411349255150067024034088181282378454495493444346256178149152195263343
410439425346248159084040065125206312415481503482423333235171145152200276
362414432403317230149090070108173260350427478488463390303223166146168215
288362406421384310235174129123158212287360427460464427355277207160152170
216285342374384356302248183164158186245305362412438424378306247189165169
186229281333359361335294253223212225252284328377406411386331278225185167
170203236279317347351333303272257247248259283321361382388354308264214180
173185207238272310339349343328309291276272279298324348362360330295259219
186180188206234271318348358353332314300291285283292308330344343320286245
209184173185203243296337364378372355330308287277276290310325335330299268
230194174161168197242297349372382377347315284269259255267290324340339300
258216173154142157200253314367386393380340304269244229239260286313328325
298238180132105110150208278342386407403373321272236217215235261295325339
326276211140100080104158226302363403416406352305255209199208232267315347
350312244165105072078126192274343397420423386327269220191189215256298335
356357300220136089075100151222292364410428421363295228195175175210265320
353366343265186126081075112182245331403443447410341265205164153175221289
350386385333257182114082093140207293367427454441383311227173145147185246
315362385373312230149106095125184246316382432447410349266192152130147188
249314362378358295215152118117156206275342400430423375295222161120117141
200265318355362336291224172141154188240298350391412390343261188137112120
148198255313349355329286235200184192220264309360391392362300233162126111
120152196256403341355342310270235222225247276311349375375347286230175135
120129156188236289338364368346309271245238245261290329356360327275224169
128110108120156212293346380384363325295264235230255284313344349314271222
176135095081100150206259318376407384345306264223213229264296327352349296
235171120069060090156223294361423439408361295244196184204248287327368374
328251177112050040080160242315388455461413340266200153151180233307363395
386320233149060024032081153257353437471460410313227160125127172241336385
414393320220111058020035097170272373447474452386278200137100111157231332
399418393315203137062033061128216313396440453436364269170105087113180258
346400414372274200114067060100160245338410449431350249200137090092123187
275357389383337257181113085100153211295358408420398340243170112091110153
218289340371359310240175150141159200256315367400403361282209154116114135
181241291340355350323280242200193217251283323359377363316249185146127135
167210260300327332315282247226221225245262285321344349321260211173149141
158182211248284306310296280268260255256267279292306319314275236203175155
147161184212246275299307307297286274262257264273282293300292267237212190
168161163189225258281306316321313303292276262252253266275277275267242211
176154144149169202245293325338338327304281260238233238251268281284272243
204165132117120149192251305342357353331292262229217212225245270291303291
253198144106090102148207274331368381368327284235204192199221253291319328
304247182117078075109165234302363398401374323258210177170184221271322350
345296228153092063067111177255331392420409363286217171146151182231296349
370354284201121068050071129209288365419432401318229176130118138184257332
377387348265171101053053096169257339401432431373285197134099100146211285
348387394331263181122069075142229311384431441401327252174108087112181250
326379403378304237175110090127183262345408436422362268181114074075114184
270348394411365279204140111121163221294364403412377309219144080056074127
199277343379381337272206163143160201251319367394393347275187119082076102
145206281335366365333278228199186199241279316354380369307245187129099095
129173220274319356360329296265232215221248271299328347326286231181139110
107127169221266313345355351324290263246236242263294318328314283248203161
126113121153194246296339368374355321279248232227238261289308317304270224
169124094091125175236296349383391381328270231201194214241279321336332295
244174122088084120174242326384415417403338266198171169191234295350378376
326254174111071071107176265356423455451401332236171138139174238318381410
402339246164111071067123201291385451473451389278197131110123175246337401
423401323234145077056081144227321401452463431337247141093086126201288365
417424385294201116066071121190273360419449436361273169106074091154228317
387420413345269170115092111164241319394426432393311226136084077116181260
345398420399330251184143136165216275343401423411350273192125091097139209
289359397401359292226181162172209255309356386398369292216156114103130181
245307357379372327275224201198218246275313348368367306242177130121130168
210261308343352332298263236224224236261284306327332310271213167144141165
196227261293313317306286254227226239258274288302307300278246207175161162
178201228257290302307304294284279274270271274281288291281264241214191177
168176193221251280292309319313301280266260257255259264271274265248224201
182172166174205246283312329338335323298265247238242255268276285286274249
212170152151171207250298334361368352313277244221212230249271301317323303
256197148127129160203261317364388386356305251210186185207242288331351347
305244176125101107150221293357405420403354286220173153163200250313358381
366308231156101080101165237305387426431388314236167129125154209282355398
409376293206131085079124193280367430453430359268176121095108154227317388
431424365273180106074094151236324403449453412319210124068060093161256338
409440432343235155100089128199280367435456431357261155082051050116189283
378436448405317226151112124170241317396440448401306206115048035071141222
313388431433384296213156135157209278346399426412349260165091047053099161
242327387418410354278216181173198242294350388399371306222156094068082129
191261328374393382335283238205207228255294339361362327272211152112101114
155203255306351364358334301265239230232250281304323326304268221183144123
124145184231277319340350345319291259237221226244269290299296280252216177
141128139173218268308343363368348307262223204204223252284303312306280243
189141115120150198255316356386388359301242191168171196234281320345346318
262194134104104143198271339387417409363294214160132140175233293347375373
332261187121085090130204285361411431410349252180119098120170241321376404
390328246166101074098155228321393429433390299206135084077109180268349404
421390312231151096084127186265351415439419346251160089055073125206301373
419420373284203138094111151221306381421424374283191115057054097169270345
403423397332245171124117153200268346395415382310215139073054080139209304
367409409363289216168133144197249306362395391344261181109068070113176249
320373393376321274221165158183226275323359368341280213136085070095141203
273335365373337288243196183197226255288324338334290233171116090097135191
250303341355346321277234211203218246276299313314296261219169128117141170
207254296323330316291270247231227234250270284292288268239206170152150168
197226256285303312305294277261251247251256261266270268259240215191173171
179197223249277294305308303296284265248234237247259265264257249238221197
179173183208238268295313328326312286256231220217226239258273285287270234
194170160166194231273304333352346319278241201184188208234265296314316286
250185153138151188240291336367377359321253198159149161199254309348362347
289231172130118142195258322368395391350283210154119114148208281344383389
355286218151107101141208281349397416392323239154093063079137223315382423
417367283201124088101157232318388430425371278181107034025073144249343404
430414353250175108090122184273351416441426331226122046-02003072161271368
428438416332235157104098137211300378427431376278170081001-13023096196308
383432436386304226132111123166237327379411397328239145063001003061134224
322391429421368284211151131144189250312363376351283193122047014027078157
245331392418403350278215168157175208266319350361331271211123062049068119
187261327375393391340284236201187194223266305332332301249201146108098118
155198257311353371367340301260225211211228255284304309293263231190156141
143172211257300334357363352318271232212205210231256280293296286263229188
155145164196245285323351365363326273225186168172198233268296312308287249
201162139145173221277330366379368331266211161134136172221275321345349319
263211162137142170219280335375390371319238166119099116163232304353376368
323261201151124129170232303357390388341277199131087077110172252328382404
384331259192144127146187246317377398379313239171107058068115198292366411
412375307233171133135166218283351387392347262171108055047077158257336401
429409359282213160141159194251321367389369298210136072042056129218303376
422427392320249188151151181232292348377374328248160096051060113188268344
403429416364293228182166181216267325364376347278205129080065101160238315
374414420389334268213185185211251296341358352308240172114083092137198264
326381408398357299254213196206232268312342348325271206150111103134183235
297349385391368325278241121115228252283313326322286238189144128134171209
253301344366367341306267244231232246261280299306296268227193167161171193
226264309341355354333307280254241238244256274288291280256234215195183184
197227268303332346342329309286261241231232242260273279277270258241215195
188203238274308332345347337315283252225208205220244266282291293283256222
188177190223259297324346355341303262220182163164188228270303327331309265
220186171181213256303342366371348301245183143126140178231291340368374341
282226181163176213254315359384387349285212148101087115168245321382414408
360292221172154174219274338384408397338256165101050060108183271358424454
431366281206156147181238308376413417347269197134066013046141228307377447
481437370306234139130167232298359415418349261180117043-06028114211328413
473486441356261173137137180252341399423400322231141055-06-10052146249350
431481476408318233171138144193263341396408382301210125038001017086183283
369439471456391307224168153165218289361391405354273198109048028058124210
311386444460434366293225176160173218283343372374331261188121081066095151
219301370416429405349281225187173182217263308335339304252199153119111133
173231295355390399376333277227189170174201239278303308291260223186156146
156190237293337366375357315271224189166162180213253283297296282258225193
171169197240286328353360345313265219171146141158197241275301315307284250
216188181195234277317342353341309262204154123117142186237284322342341314
269224190177192227271314345357343302242182133101105137188259315353374362
325273231198190203234277319349358336286222156108088106155215288349388402
377329276226196191209245293337360359319254186127085084124191267338391419
407365304249206191194224272323355368333286206142087073092151221296358419
431404347281225192187206244293341369363318246169109069070115186267348406
441434389330257212194198227274322361374346289213141085057093154231308382
430444415354289233198189205240288335364361314246171109070071119183261336
395431427389325264215193193219259308352361337282204146095079101157226297
364408426402353292243208196203232278323350348306251181135102102138189254
320375408408373312265223201200220252295327341329289232176136120135175229
286341385403390350296253220208213233265294313322304268219173150146166205
252303352379383363324278243220213217234259284305312296260223193180182197
231273320356376373352318275244217207211227250272291299293273245218201196
214248281326354372371346308251227199190193209236264289303308300279250224
212219248293327358375370342300250208174160160177213254297332344336301261
230214218246285325361375367335288238176138123127160207264318363384376332
275231211215243284325358375371342284208151101077092137207287353406429411
358289237209209232277328367388381342264182117061041068141223325397450461
425349274217189190222279335379399384322239149070016011061142240349428482
486440354273207181185225284354405426400326227133049002002060153264372456
506499442344255184156164209283363411425385305205110027-09009084192310405
485517495426319234169152166220300373420429389300203103034007045124223336
425493510476402295216156136152208296375418425372282182106050032073148245
341423477485450372279195145134157214200358396400355276193120080078124187
270357422461462423350264195153144162215292352382382340275211160134138173
227293363420448440397346256202169163180221279329357358329285239205188190
216254308364405421405361302247200174167178217266317333339325295267240223
219235267307353379388372334281232191165161172207249289321338339327302272
248237245271308343360362347310266220173149143160197247290327350358348319
286261247247261287319342348335299255204165139133154195250305347370377362
329292260246244259285315337344331297243191149126126160209270331375400396
369325285257240241258288321341343321271221163122101119161226292355397414
400360310285236225231259293327347344309254192136098095128187258332387427
429398346293251227221230260303340355343292226160106081091141208287358410
434423379320262219202205226267313346354326266199133084074105168248326386
428435409355288228194188205240289331355351305235164104070079132202284351
410437426380305250202185187217254315352365338280205137088073102169249322
400434437400332254206178175198245303346364351297232170121085089131203282
353409435429385316256200174170196249307346360345294228164117101125182243
312370413427406346286226180163172209259309342352331280220165135133167222
280344389423423387324261205174168186227276316340345320269220180162171206
252307360400416400351289232187155161181218263300330339318274230205192202
231267318363393400375326265211174152151173213257296325339329300264234222
228251287327363384386355307252200157134133155195245292323340343330297260
234229248284324354366360331288238183135108113142180239292343374384367322
281255244251277314349363361332286233181122089085113170237305360406420398
343287250235242266300336356365347300265160096060056091158238324390445455
425350285238215215232270327365383362300221142070025020057143236333414467
469427342276214180178206260335384403381290212128049002007058143260359436


















