BOMBAY
1969
000000000000000000000000000000000000000000000000000000000000000000000000
387322284258233226234259288311314302264210164122090097136199272339387405
397360309263226205204223256293317319297242181128088072088140212287347394
406387336276228197186190217260301327327282215152095060060097164245322385
415410371307253208185180199243297336348332272202140084062075128207283358
413436420373298239195175184220273327358364326261186121073066103170246327
394430436403339264208171162185241298344369358303232161113077078142212283
348412443431375291227183164172210269321358369340275207142099086119185246
317373425438404332258198162154174220268323354357319252185132111124173231
296355408433423376302230173144148184237295338357347302240187152144166209
260318377416427397334261199155138149182241297335354342298243200178178201
241284337382407404363293229173141132149185241289327343333298256225210214
233263300342377390372325263204156127119139180231279317338342325292263242
234244266295329356363345298246192145110097114152203261304334356341314280
252239237250276309337346326284227170126103086100144207270321361383384358
313272246237242265304335348342305246187130082062070121195279348397424415
372307258228213215243289329356351313295192123073038055110198284363423454
441389314250204186194233289343372377341261180109044013028101201300388457
477456388296222172157166221295319335404370279184104029-06013095200302399
469490462383276195145128144202279358402419374274177095024-04040129235336
427488499456362252172122111142217306377427433382282178094038046106199302
396469502482413302210143108113163246335399430412342262166101073094152238
329413474483446359259178122099112160246326383411395325237166123111145203
274352420454446397307222153109103129185261336375391359284221177155165203
254314374415420389320251184137114121152205265317345349321279240211205218
245279326368387378329268215169141137152173212253299330340320288261249248
259271290319346356337296253210178155152164188221255289313325322309292282
276272273284303320321302267236207184161154157177212248285313330337328313
295275261262274289298295284265239209182164154157170195236278313336345335
309283263252250257267277283286278253214173142130141175218267314353375376
349307274250236238252268285297297281246200155123110122161221278334378398
388349299258233220223238266296314317290243191139099095124181252320373407
407377313260219194189207238284317333319279227161104074079117185259331387
417406362294236188164163195249307344354323263195132077058078131215297368
418432403335254195158148167216276335368373325248169101058071121196286360
422448430366275202154135145185235306361393375310223137079056091154231311
386439454413326230159114100122174257340390392355279185120075072116188264
344410444434375273192131094094137210294365397392334254171117094119174244
325390435439392303215146091082104171244329381399375307230170136132160210
281343394424409355264187127091088128190262332376390360302234192177180198
243302354393405382310230174123100101150205272329363374348301255226215226
244274317359385382339274214165126110126162208263312343354346321295270252
250264288316342354343308261211165131122136162197252299331350357341318295
273255252268291313325323302268222172137117111130169221275321358382377351
321292261241244263289311322312288249196139102087103155220285345388412403
363306256222207208233273310336339312254187125072049064120197282360413437
421366293229183162170209271331368380347283202126060024038099193289377443
466441375284208152129140189270345398416381296203120051021045111213332420
477483442347240159109091114180276367417431379280174091026014063154264372
447481457381268177105062067115207314388430418346241144070034059127227329
418471474422322217139073053082152256348413435403323219140083069113185273
363435462439366265176106062065109190286365410419375295212149116127176240
317384430436394305218148092072092149217296361395394337262200164157181224
277334379399383321246179125095099125177234296342366357311259218197199221
252291334360360327272219170131116123159210254295325333317286255235228235
248263286311324315280234194161142142158183213248281303310301285273266260
260263270281291289274253223193172159160175195219245270287301307300291281
273265261264271279279264246223201184172167172185205235265290308322326309
292273255243241246254259258248231211191170155150159184220263304335351342
313277249228220223237257276284277256224189157133128146187239293340373382
360311263226206202214242272300312308268228180139112108134186251316370397
393352292240200179177200244294329342328279218161117095102145211286355403
420395334263204161148161205266328368377342275200131088084118187271349412
440427370280203146120130176244322377405390328242163108080095143225308387
440455417323228154104097126199284358408426390314220145092081120192275360
427460442371265173102067082138227317388435436382285201136098105159234312
393445457416322218134071048077151245340408442428366259178135119146203276
356417448427356250160090050058112192288359412436410340251186154159195250
319383422431393311220145084060079136216304372416424389323254211196208240
284330375400390336262190130087078105162233304360392390353302260234228238
262298334358363336284227172129108111145192243299342365368349318290267256
254259279306322327308273234195157136133155192236278320347362363349324296
272259253263280297309309295267232191157138141162210259307346374387377348
310272247227231249280309326327307267216169135122140184249311361398416401
361296244208192198234280325359367343291233168119098112160235316381430445
423359279209163142155201269340386405382307223153099079097160248340411460
462420332240169120109132208293367420435390303212142082077118195291386453
476447373263174109079091143237336407449439376275185119079090151244341422
470467416313213129070058093168271367430461433353250172117100132202291378
441461434356250157090048057108190286380437448405320226157119122162235327
401436436385279183115068053086158244333402434421367279205160142163205282
358399415397322221148098069082127200268341396414387322251198172176202246
301348375373326252183126089086123176230294351379381345284239211204216239
274309342351329272212162125112126162210252300337352348316277250235234243
253271292309310283239192155137137160186215248286315326319299276264257253
255258266278284274250223201175159159174197227256284304311311301290278268
260256257259262264258245232214194181174181201224249277298312321320305289
273257242238245256264268264254241222201180169184215250283307329344344324
291257233220219231250272288295280254227199176162171202243291334365375355
315267224193180188217255290316325308269228191157137153195251304349387390
357293231180148142168219277325352355324270210159125119147202267339392413
396336260193142115124173236305363391392337262193135111128180249325390426
430382292203136091087130200284360410424391316229162117108140205287363422
443418340235154078049076139230326400444442391300211150112119165241324395
439439391285185102039030074147251355424465452384280197141120141199276356
415441421345233142061018030088180287375442470447371269199151142172230300
366413426382300196110044020050118207307388443456419348260200171176205256
320375401391333250165100046040080146233321383419422384321256214199200226
278324359375353293223156103078086125181255327376400399366316270242226224
242273311340346322274223168135117119145189245300350372381369331292266247
234235250274301316311284245210176150141159194241292330358375370347316280
252233219228252282306314306285251212178155160186227278321356379384369327
278235205191200227266304332342326284234186154147167209267327374405410382
326263210167149159202261323361374358305240181145132153202267330390422420
379301230168124111135198276352395410386321248184144136164222293364418440
415354263184124088095143220305382428438392322234173137142186253332398433
435382284194125071060096167252344404435429369281216157137148192265343403
428412342239156090049063112189281366427454430352259192150146172226306367
410417366275187111059053089148230317389436440394310230178156163198253318
374401387307219146083059075122190271346410434413347274216177173192226290
345379380329254180116071072109171242312379412415377313248203182190213259
313351363334269203145101090111158212275339382399383343288242212202216245
281314336335295240182138119119146188238287333366373355322282246222218232
258280300312297262215177150139150172212250291323347349329293261245240240
246257274289291274244213185168164171192225261298325338337318294278265254
250248252261272278270249226205193188189201230263295323335335322309290267
247233225232248264272272261245221206192187197219250286320340349338312284
256230205199212238267286298294278255221195180185216256293325352367349305
266224193173175198237280310334332300262228196172176211257309354386389359
298237184141124141191254312359378366320255203167156173216270322369400394
345266193133095087126201279341389415389331256197156149172222287354402421
396317224143077049069127215305380431439403328250184152149183243318383420
420365268173093034026072154252354427470464404309231170145153194265344401
428406325219125046009016078180284379444479458391291211161149166217291364
411419370275180086018003025109209310396453471441363270202160155176236312
374404395332240150070017014060140235326403449457420347263201171168198256
323373395376311222146079044052095169255348404441441408328254211191187216
265318354366338278211151099077093128205278351397418413376320265224206203
223259296325337317277224170133116124158213265320371397400373327279241217
203204224259293315319293259214177150147171215255301347383390368331295250
212181177195231272303319308278239205175159166202256312355381387364325280
229179152143162210266314340340309274230192165169203254311358389391364322
265201144116117149208272326368377351296242197163167210257314361389393360
301231165112086101155227296358398403376301241191173183218265322367391384
339258185124077073108168248327384419414360292227185171186222276334371385
361295216143087062079125193280358408427397334271216186179185226291345375
374324250176111058053090153238318389426432388320250202181180208255314362
377353290213144079057079133214292358419438427369293235198188201233285334
367369323246179115077080117177250321387424430402338264217195188211255302
342358344282211145094076101150216285351400421415373307251213199204227265
312341348317252183128096093118163233296352396405379325280247220211220242
277306326319273228174124109115146185237293346372371341306273243220215225
247273295298286252204165142135141164199246298340356348320287258232219217
223238257274278266241205176162161163178208248295337344336302272246230219
216220229245264266262246224200183176178188212251299335340326296267242222
206202205219238254266266255238218198191194205226263303335338323292262237
213193179181197225257282286275254233215204205212229260299334342318286252
211171149149163188230268313319302268236213202202207228265307346349316274
228171127114121147193246303352356328284243214202199205231272318353354311
261195130081070083124195271339386389351298237200186186197234282328363353
306235160093047048086142215307371420408360288229192176181202244297342362
347285197127064021038092165253335406440418361286222182170174204256315375
379332250165096034006037110192279368437459412349273211178160172220291342
379379315234144071013-03030122210307404456458410345265196163155170217300
355385374310221134062014010060148233333410460462431349265202166154178237
900
900
900
900
900
900
900
900
900
900
900
900
900
900
900
900
900
900
900
900
900
900
900
900
900
900
900
393385306205111025-17-21059159294333357462471414324236171138137170239323
386407383303203112037002003081171285379442466457393312216150116110154240
325385410377294201115052027048108183277380446466442373270184133112117170
252333385402359276193123080072108170249336405450453415338243167122104121
168244314358369339274206150121123153208269338391418417374292216155112107
129171227286329347325280229187169172193231280330377394373313252193150126
121137167218270317338331303262226208206220251290328357362332284236191152
129128147179227280316336337318289261241230239256287314333336316281239195
159138136149178230279321348358344314277251239241256280301314315300272236
193158134127145187238294341368371347315283253240237246267284305307297267
229184143122121153200253313359383386357318280253233231241262284307311291
261218161130111119158214276339378396386354309270241227228240264295323331
306260197139101095123172236308365401408383335281242216206221240275316338
338300233172111081095134189260328385409404370307254213198201227259301335
355339276191125086084119173225287359411430411355281226190178195232280327
358355313245171112087097138198269339396431425391326245198174169205251302
353375356295217150103087113164233301371423442421359285220183166184225273
322361371338265186133103101143206277348397435438398321245189161167198242
298352379365309235172134123154198250310364414438416359278213166150164201
250308354377358302237181152154184228275329381416419389315242184150145162
203267325361370343292237196180191222264311361401418405345271209170158162
182225276331364369337284241222213235256280313356389393356284222179150144
160190232277317346350335302266246235246267288313344359357324267209165134
125142176217266314340353340315290266251245249269294317338336306257207160
121103109142184242293338363367352313277251244245259277296318327313272217
160113086086117179243311357388397378337287250228220231255283317336332291
224154096058054089154235313379420428403352288231201190205241288335363359
313240157080035027075148236330407452457424355269203167166190246311371401
391325230142058018026086171275372447479473420322235173146150184250332400
436413338228133054018036102198307407470497475404293205139109123174259345
413443416327217116048022054132241341429479486454369265171106081099160262
354419445409323216127072057096180278360439477472417318214137090080107183
266373421426372287197133098102159221299381434459437372271182120087096130
199283356401407360284212162142162200257321379421426389319235166118100117
159220285343379384350283229197192217247282327367391387337267204157130134
157196241292328346344323292263240238248273300326347354333289244202170158
163182212248287322333334324307295280267268277296317327322300272242214188
170172186214247286317336348346332316299283276277286300312309296272251225
198177170182211251290322350368364346310281264259265273284294298298280253
222184164154161192242289334363379367333302272255237241247267292310310286
251212170137130149183240297348382392381336290250222212226247276303317316
291247196148115109139197262323375397393365314262217194194217254295327340
324282223160110090112165230300362406418399348278219180169188225273320354
358325256190124087090126188263335394425417376306237186158157186240300354
378364305227153097075098151220295366414425398336260196145133153200268331
375384347271192124086084122188266337398430420373286211151116118159225304
365393382324244172117095114165237313381426439406333244171121105126183262
335386404372296214156123123157212275348408435422363272194132097106147214
290354390393352275206160139156202251313369408414386311232158110100126178
245313368392379332265215181179208242284334374395387336262192134102105135
189247305348367349307262227209217236260287325354363342290223167123104116
151195245295330347341315284260248244251265285309329333311367317170136117
120149191236280314335344331307284264254253261273288304308294267227182143
117112130169211257299332352349328296263242229228240262282295292277244200
147100080091127181239295343373380354307257220200196210241272304322314274
216149097064059092160237315376414414375307242190164162193235288336358353
302229149075037044095181271361430460443386302229169142142183252327386419
407345247161083033049119213317408472487463392291202143117127187270353418
450432361245150076043076149242353439484489442343237161106081111177276377
436462426333219131071059103179275374443469451380270179104056061107197309
394444448392289192121078092148237327407454461421326225144078046071126219
321395433421352260181132112137198272346401427416349262177109063059095160
351331286407379310242190159158182237300356389391355294221155110084097142
203273335373378347299251214197208236267306338357353314251192145122122150
187228278322348346318285255237234242256270290312322311272220182156149162
183204232270302320320307290277272266265267276288298296278249221200182174
174183204233264292310319319311297283270261257257264274276264245229212198
187178179193218251285308325332325303279259242234240249260267270262248228
202176162166183212248289324343352337307281252229217223243265283294292271
242209172147144167209258305346372376345309269227199196220250287311324310
275229183144120142181244297352393398376324262219187173186228274322347344
311261205152119115147204272337387407396349287229181152154183235296345371
367313245174120096114172239313371408415388320244174130113138196271332378
391362294212147102095132195268344403430417357267184124090102148226309377
414413361271196126096112165237319390432436392306213138081067102169256340
404426405335246167117106145204278346401422404337248161092049064117206289
368416424382302216156124137184246312374412415374286198124065053094160243
328392422412347273206164156182228274332380398383325238162099058068113182
260338388404380324261212183184208246294338366369339273202137089072093142
202267330369377350303262230216223238262291315334331298242183135105100122
158201257306336342324301273254242239240251268287299296268231192158134123
126153195240286314328329315296274253240234238248264276282275256227189150
125118133173219268305331347346325292248214199204226251271284296291269222
167122096107147205261316357379378345287235194169166189232278319342338296
232165107079089138204279347397416398341263199152127131167232295353385379
321238160103069080132215301377429440404320230161099075093158243317381417
400323227145082052077144236335409449442377273182111052045086168269362421
442402307207132073062108193288378435452413322219138071024030092189296392
439452397288192122086081136222316392428425367268172094027006044126230331
403440427357263177117095122185264343397413383302210126052013028088172271
355412429391310227165127130165226296352383378327252178103047033072138215
296364403401355282217171153169202250300338354337281209143089065081122182
243314362378356305255214191190205232266301320321296237179132103103130168
211258305337343319283251224211211223243268286293279249209174144131138159
188222261294310310294276257242232228236249259264260247227204183166160165
178197220245271289297294281267256244237232234241248250244232219207194183
178182196218244270291305309302285264242226216216225239249254256251238215
192176171184210242277304326336322296258225205198204223246270287294283257
223192171164181216257306343366363335289237197173171192232273305325329303
262213172150150178226279332371383364314257200163145153187237294337358349
305249192152131142187244306362392392352282212156118112143203267332377388
358295226171132126155210278343394410384314232162107078099154229307372411
410362280205149120135178245320382415414373283197123064050094168254339406
441429366273197142122147198270345400424399324233147075032049111200294378
435453421337245178139138174238306369407409360271184111054021061146244327
410445447394306225172147159203257329384406387321232142085035030092188280
362416441422357277214174165187229281346380382343272198126068047072131207
291362412426397340272222192191213250295330354354309248190126085077109163
225292346389398368322279246226221236263293323339328292243195152124117138
181228283333364378365334301267241233238252274292306307287255217181155144
152182226279323354371365342307274246230225228245268286299301289260220182
158156182224272319355375380362322280234204190194220260294320332324297254
204162146162207267322365390396375324264203162142152190248306350373369323
257196151134152203266330379407404367297219157107094117172252326379405394
333257189141120144199272345400420405349260182112067062103182275356416439
410336247176128120156222298371412419383297209136072037055116206308390445
451402316231167128134174243322387417410364272186111054030065133226329409
454451400312228170140150197269343392412387317232152080035042103187281369
434460440377282212164153177233297356391391342262188107062042080160241325
400438445405318241191170180212262323364377352283214148096063074133204275
353404427405350279224189180196232280325352348304241179122088088125182243
306363394396368314264222202202224256298324333316273224172132115127167217
262312354376372340300260232217222243268284302308291248207171149144162197
232273314342353344316287262242232235248263276284279265240212192180182197
215243278310334342332310286267252244241246254266271266255243231218209204
205222248280307326336334318296269249232224224235252264273275270259242221
205203219245277306327342344326298262229204196203223250275296306302283255
227208204214243281315344359355328286240200172166182218258298325341335301
256217194190207240282324360375359314256200156130130162216277332367377350
297245204182182208252301353382383349287217157113092113167240316376408404
364301244198174179215267329377399388338274192128073060096168253336403439
430383305236188167178217277342388403382312227150079039045108196292378440
462440379294225179173192240308368404408360276184107042017052131231328412
467473435352267203170172204262332382406388316230146056008020089180282377
443476458395304229180163175222289348386387342265194106042012029106198292
381440463437374290222181170184233298351381378324254182110058043075141226
310384437449424361285229194189204244297339362360322260190130087078108167
235314378422430402346285235204197210241276316338342312259202154125123143
183240306363397403378334283238205192198220252283305312300268230190161148
157192247303352382388369329282239203182181207237263298318318299262226193
172172207258303344372384371331282232189154142167211264305333348343315264
219193194224270320363385393373328269209160128124150199262322366388376329
269223196195220265316362388389360307240176126095101142204282351399418399
345278227197195220265320367392385344275203140089066084139222308380426434
404339267216191191221272328373389375322262192126072058088157243331404447
452417344271217190191220272330372386367300222156095055060108187280365424
456443394314246198181190226281336369376335262189120067058094161245331404
450456423351274221193190214255304352379374323247169103072082131205286363
425454442392314247202184192223264317354363335270195132083072101161232306
373420433406347278226194188203239288329351342294225164111087097142202264
336389419414376312258217197201227266307334342322274213159119109136184237
292350389408395352298247215203215240272301319319294249199155133142173214
263312357386390367322276244219212222242272293301295269230194167158173200
236279318356373368343303257225209209223244267283290285264237213197195203
222253292333363372360329292256228212206214232258283299300283263244229221
224240266302336360367355325283244212193189204227255281301313311297271245
231228242270304338360366347312270227192164158174211257296325340338322288
257237232247275309344366372347303250197156133132156202261315359382377340
295258236233248272303340362366345294235172133100101137204270335381412408
368306261231222236266307344374380344276206150099067089141221297355409443
430380307254222215233267315356383383342259181105054042083165254329393450
468440366283229203203228278334378404384305220142070025033095185286380455
490480427343262208187187222292357399410376292202117049015033101197302397
468495475412318238187169178220296362405413368278189106041021053130224328
416476491460390297223175162180229289354400408369288204128063038066132223
319406463484459388292219172155167210284353390394349273192123082072104172
257340412456461424345260196159149163213279333367371334264202149117116145
200275351410438430390317243188151140155200257311347354325273221181160161
186231292355399415398352286227177142132145186241287320335325293256224197
188200240303347379391371327279218166136125136171222273316341347330296255
226212222255300342368371346310263208160125102123163216273320356370359319
275242228233256289325348352330288241188142108099119164224284334374397378
340302263234232250280313337345326278230180132096089115165233303366405415
387329277238220219235265302333343326280214155109079086121185258337394427
421377313261226211212230265308340348320261198140093073096152224305375420
434408352286236204194205237283326350341292223159101067073114181261338400
434430390322259212190187212258312350360329265195133086068088142213295368
419436417362292235197181188223276326357356316246180120078075114180255334
396430432397330263210184180200245301343360342286218155102082100152222292
362413434419367292234193175185218271317352358326267202142102097134192253
318377419427398334265214181171186227280328353346303246188142121137182234
292349397419411370302241199173175202246293328340325277224175147145173214
261313361402410382324261207173163173205250292319326303263222188175182209
245284329369392388343281229187162159177213249284306311293266235208200206












