MUMBAI
1986
000000000000000000000000000000000000000000000000000000000000000000000000
279353409436426378303235183153154187241304344357330280218162126116144195
251316381425436403340268210172158168206260311347358337283227182160159185
226276335388421422385317246192159149167204253302334347332296251215190188
216256303351390405396354290230180145140156195245295330345340313280246221
216229261304345377388368328270213164125116136178232282326353368354315275
242232240261297336362371350308255196142105090108155228283336378395384341
289252234234252287322350360350310252186125078066088147220296365413435417
370310261234224235270315347368360318254180108064046070138234310388440455
432375298239204194206245301346378375326252164086032014034110205310389444
458438372290225185172185218290348385390345255164080023013045120226332415
462474431353264195160150168226310370402398323230141057014014063148245347
430470466405307228164132130160234320380405392312215135060018022100188295
387448475450375275195140120126180255332380400360295210128075052078150242
333412458465415335248174125116140195275343382390346272192128093095137202
280363420450438386295221161134135160208275332360357312247187145131145187
240305368415420387321247185140128136166215267311334329290242195170168194
227267318368395388333275217172145136152179213246286312307276246225211210
225246282325352356330284237194165147144162190220254284298298281262249238
236248265290318331327297259220187168156154165184216254280297304303292274
255250255268288302309304280246215184160150148157180214256291317331328306
280262252252261275287293285266240215185155133126138175220270314343356345
313280256244241248260274281284271246212168132109103128174232288336367372
347308265237220213223248275291295280245202154112088095133194262327375396
387350298254220204205228258294318322298250191128086074095146220294365410
420394336272219190180190228277318339336294230156096060058099170248325395
431426385315244196169165190245306350370353290214135076050071132204297380
435453426366280215168152163207266340382394360286200120067053090162242335
410450452415330240178140132158222308368402395335250165095057070125206284
375438467450388285206146120117172246332388405382316230148094075107168242
333414458466422341246166117106131195268345392405370300218152116116152215
288366427455445388288214144104100137200280350390397355280214165147159197
245310377420435400330255173115090100145210286340375378341282233196184201
236280332380406402361290218150110095113153215275326358367345305265240227
235252282326358375364316256198145113100110144192252300335350347325295268
251244247265295321336332300250200154116096099128175232285326354365361335
294260241236244266292309316300258207152108084080105156216280333371388382
340290246222213222245280309323319290235168110069059088142215292361408423
403345281230194179188225276326356357316246168100053041078145236322395442
446413342263206168159178233300346383388340258175094044034075155247346426
468463416326242178145144172236316380412402342245158080036042100188290388
453480455389285200141115123172248330390412386310218130064036068142230335
416460465417328235156105093118187278360405414368280186115068066118195288
380441465442368267185120095103147225315373404397336252172116094117175245
332400443442390308218150105095118172242320367388365305225168135136176228
288352402418392330251186134105107142198264322356363330270215178166185221
260311360383378338270210156125117138180225276320343341305265231214216238
258290328358368345290240193160143146170206242281311326323302277254246247
257273293317332326295256217183160154160180210236266292305308296284275270
268270272285299305293268240212188172164167180200232260288302311311305295
285272264265271282290281263241221205183168164173197237272300325341344337
310284265255255261271280282280267244215178155145155186227274318351370365
334296260240230230245262283295297278244196150122113132170227285340376388
366320273233200187196226263296313310280228170117086080103160238306371402
400362300240190160153175225287330349335288217142088054060110182262344400
428407352270200150130143190260322368385358285200125064045075140222315403
446452410320228155111106148215296361410416370282185110054048100172265360
440474455395280193118088099150230330400438428360255165095062084140220322
402466478432340234140075063099170272362427450421346238152100092134200295
381445478456376260166090048058116200306386436441392300210143111122168236
314390439449400312205122062041062125222322386425420364282210162147175220
276345399426412350262178112070068100162242320382411400356287235206201221
248290344382392362302238172122092095126177243307355380375345304270250244
248262292325348355328283235184144122120145185235286325350358352333311286
268257256267290310320310281244204168142131140169215264310344362367355328
296265243233235254281298306294265228185143115111143190245294346375390381
341290242212196200230270305327329305254194140100094126182250320376410420
395335271216178167180223285335363366332270199130088080114185266345407442
436390313235175137136166232312368399394343260180117078082132207300385440
460435366270190130110120172252338392418395330236160100070095158245340417
458450400310215142094087126198292370418432390304218145090082128204298388
440460430354250165103076092153240330399436425364272198130099120175262344
410448444390295204130084082125195280356416440412343252178138139176242312
383432444412335242165110090116172246330389424422380305230177157173217277
341390417399345267193134096100142198272330374394382330266217188188213252
308360388385343282224165120107126172230290340370373346300253221210217242
272314342353340290238185142122132165213258302338357347322293265253251260
280300327342336305260217185168163176202235271309333340338322303290282280
280287300310313300278247220193177174185204228253284306319325321314304290
273261260267279284278265245226207185172171180207242273300323336339330310
286262246243245256264269269264245222190170160162185220264305340357357339
300261235215212224245272291298290263224180145130134164216266316359380375
340284238195174173203244295325338322280222166125106116160225297359396413
393330255194150140160210274330368378355295222155110088115172255338400440
442380293208140104104150223312374407404354271192124075072118198290378437
460426343240150083060080150252348414445426355253168107070092150238336426
469464402285178097037040095179294388446472435344242162099084124195288382
445473442355232128050013035100202327417474480428325228150111116164240333
410456455399282178086022004053133245350425470466415320222162137156202267
345402435424358256158077028028076158227346416451441380297226180170188228
282345390403375300218142078047060107175258340390413399347287239205199210
238279322350355320258200140099085102140190255319356371364332298268244232
228234254285308315295254210163135122124145184238290324342347333315290262
242222217227250271285285267234200164139128143176222266302333350354338305
268230208196204230259285297295272235188150126129158210263311350373376347
300251203171163176215267309334337308256200155128130164218282338385408400
358290230174140140172235298348380380340275211159131138175236310370415428
400338256188134111128175250325380407392343264192142122142186255330392428
425374292210142096090130195280355405425394326241175130124156213288364412
431401326238154097074096152232322387424421372288212156126137185252330390
420410350260174107064068114186270357412434403336250185145142166218293360
400409367284200125069054085150221300375413421385311228172144149186245315
365386371313234155090057068115188266338392417400343268213172163188233295
348374375335268195128088081120176244310370406412375318258213191196227272
318352362338290222160115098112155212270330373394382343293248224215227254
293328342336306257207159130126152200245292340366375358320284252239236243
263289312320309272232192160145154181215250291326347355344318289268257255
263273283290294284262230200176170178195220248285314334340332314296279265
256251254261271279275261240218203192189196216249283313336347348335310284
260246242244256271284290285271249222194179179200230263303338358360340301
265231210198200220257288303306288256214180158154177216268320358382385351
297242194165151180223273322347354328272215168145145176230292348397418400
348265194140113124166242310364395395342284206152127135183245317382428434
390308218145082062099167262347410438420353265186140120142192268356419452
438370262160081035045102199304399462480441350252178135126154214300386443
463420318203103026-01036110217332426485487435345239171130134168242330402
447444375265154057-04-10048135250370448493487418320235168136144186263348
407430406326225120035-08007066164280380452480457394303225174156169211286
358400411372285190100043021048110198300380442459433378303236191181187224
286344375375335265197121075058082135210295364408422407364308252217202206
233280320343339303251200150115105124162222292346381393385355311270241225
218227248280304314297266224185155142144175220271320355371368348312273244
219207206222252280300307290288220187164158180216270319350369369352318275
232195174173201235272301314314290248203171162177214256300345373382360318
268220176150146177230282322346345318272222185166175210266311356382387363
308245185138116127176242303350373370330270216180165180220276331371389378
334265196136099094130192268336380402390320255199164159184232288342378391
362294218145094073095155230310371408410370300235185163173203251312360388
382324245168105062072120193272353405429410353276216182168180216275335375
388358285202125074058090154225310380420428389320253199171172193240301350
375364304225145085056074130195272345400425410355283226186170180215266328
362368325245171107065062100157232310370408414378316254202173169190240295
333348330272200133082063085135200265334381402394350290233198185189214261
308337338300241175122087082114165226288345381391366321270231201193205231
273307325312269213158122103110145195248305350373375350307266232210206222
250283306310290246200160134127143177218262312345360359330292258231216214
225246273290294274238205175159155163185219260305336349348319288256230215
212218233251267272269251221196175168170193225263305342359351325290256229
211198195210245272290287268244219199185184194222267312345364360329284240
200178168175203240278309320317290238200176170185226267320358377378347290
230178141126138183248300341358364310255203173168185228280330374395381328
255180118084080120190266330380403385326258200167158180230283341382404377
308220130066034050111192280360410433392322245193156153172225298356396410
367280180092023000030106210310390441453406328248184150146167231303368410
411343236133042-05-12030130240344422465465410325240184152144184248320385
417398315205104030-11-12050146250355430470467394300235191154148180250310
375408370273158080030-03003070172266360427456430366294225184152155197252
330371384345260170090045025040100188272353410433412354273219182158162200
254311352360320255197129075060086138194280350394420394344275230194166163
196245295327335300248184135103097119156205268325367387354313261225191170
163181217260302317293255211170143136146183235295347377390365318272225189
165159178211255286307310275239204183173185214253295342370378348311263220
181156146165207255290310315308282253213191190215263306340358365342306264
218173150142160196247292334348341300260228214215242272302349366366338291
241196155129135164223283335370378352310266236218220243275315347361356322
272217165127112129175245311362393394363315272240225227252287326351364346
303245186133106113149210276340388410398356295250221211225251292327352352
325267205144095080109172244315375411422390334280238209200223260300336356
353305240172110082083132195270334385420424374312258223196196230271313348
365341278200135093070104168235305368410433413357294245204185200240285330
361364322248180118076072140206272345392426432400340285228187182218270314
353368348290220160108080092160238303365410430418370314258210185192238282
332357356327276210150098093126195262330378410419398345281235195186206245
294332350340300243180130107113162222285342388407407377320257220202201222
260296323335317268220168128121138188244298348386403391350292247216198196
220255293314319297256213170147144162206250302350380392379335271233204190
194218250285306313300272236195170166184226270311355382388364312260218190
175176201242276304318316286250219190185201235281317353375379354306246200
163142142180228280317336340322280244212195200229268310353372373345285220
168136117119168230282329360375351303262230210211234270322355374363328278
203138090071090168235300345389412383320267221200196224262300340370369330
260182124066042075162232300362420436390325259215190188215256303345376372
316245175105030017062150238328388443460414340266212180180212250292340388
380321255187100010007068150232324400460462412330248202168168207260310368
400367310228144052003010074176267357424468445378297221178153156198270336
390410376279180098035006018092172264368428466445370286208150131143193262
335389396350262176094044030060111198300372435454410336255184142126138190
262330370376325244175115071066100158236320384428440393318250188143125138
194267323355362325264200146122120140182268336376413414363302234180147140
158203256307336340310256205173145155185237285335375402381335270216180153
149170206248285312325306272233207194195215258298335370380347300252207175
160156170202242278305319314290262240230230238262290316336340320280242206
178160154167200244285314332334315285265245240245263294314328328296265225
185154135136155188230288330347341313280254241235241255276293306300280243
200156126112120155203258312344358338306270240226218227243262288300295270
225170126096094120165222286341374372340304266238218210216235265297310300
267212152107083092135191260326375395386347295250217200200219248286313320
296241180125081070097153222295353383390370321275232198186196225271315338
332293230160100068075120188260326382411405370310250203182181202242295335
353330270194122070060085135202275350403420404355282228188172174198245297
336345326258170108067063100158227298360406425410325252190165157178216265
307340345288210135080060072118176237282340414420370302229175145143178227
285332358335259186123079070094142222282325394409386326248186148135149184
246303338342300235165115092098136188245306361392399371299223169135130150
198251300326326292235175127112131165214260321362388387334246182146122125
155200255297317310272224176147141159195234282326360371345286219160121105
112150198250286311314287248211187180185208241281324345347312262195145115
095099135180230285315329318280243213194193215245276315338335305246185135
095078085125172235294334352350318280235205197216240270310325330298255192
136097080081122178250318368393393358312265240222226250280312343348320272
206140087061058095175262338394420420388316260212190191210242290343367355
280192115050022020055162265348406438434381292225183160157186240298356378
350275182090020-05-02080172245345418457448384285205159138139180246320370
388356276172080022-04008086176295376445470432363269188135116125192264342
387406380265160075018-02030130228332400450467410337230158114100116151270
336385411342240145072031038080172260352422452442408325240165114100122195
272347393395330236151094072078135200284345413439423345248178121098102146
202270332374365295218150112103117177235305371392395368286214154111100117
166226295335347332281228180154151175214258320359372370342251189144107102
139188238282314330316282240208194196215250285320342343322270217173147134
142168200240275303312300273250237230231240255280305325325288240203171156
147149165193228266294305302290271255246242248261276292295284260233201171
150136142162190223264294310310294278260247243235241250270276270251228200
170145130133148188235276310325330319294261240228230240250265275279270244
210168140124129156201254305342361354326289254231219218230244270291299285
246198150116104119157210275330370382366327280235208199207230258290312317
292240182130095091118168230300356386395370320265222195188203235285325343
336287222155100078090126190258330392406390340282225185171175207250300338
347335270205132090069094150222302370407420390325240190157150171220280332
365365318242160102068065115190250335400430425372300232174143141172230301
355383368312225155106074094150222302372414435415341260190140122133183261
330376388356295216148091090125197280340400424428378292226162116110135185
261336385388348265193140114121161230300360405420400335256190137102110148
202272355380368315246198162145162202262318366400405368285215150105095117
166226293341365354300244200173181204240283319360378372310240170121096094
123168232295332348343302268232210205220247276312341355326275215160119092
097126167217274314332334316288263246238237246262287315325312268220169130
108110132167210262308341356355332298266245240244258282297309307285245195
144110100115150204260317360385383355304263235220220232255281308321305262
202142096077080114180258330378403400368306250201178181201240288330350335
278212135076045048086181275353409431410360286218170146152186250320370380
350272190110056028034104200300380429440403340255185138118126181265345391
395352280190115048022045122225342400447451395307210145102092126185280367
411411362274180110045030075165272370425452436362265176111076075122200300
377404402343245160096059067126210303380425435390310232147094070080150232
321378400374303206135094086115180250330390420417355271195140088078111185
271348385390335265197150130134162232302360395400362294215152105088101156
218286340362360308250205181169170212263310348362360308248186142113110140
188235290322335330290245214203205222250284314331338292241199167140125141
180217255290305312302280257241232236250268285300306302274240200168150144
158180206236263287300300286271260252250251257265275279273252225197172161
160170182203233262288300304300289274259249245245250257260258247230211188
168159157172198231265297317326321300275251238231235246255260266265250228
195164146145162193235280321346352335300266240219211216233256281295293270
234189146125124145190245303352375370340296250215196192206240276310323313
278226170123100107148206273332379399386342281228185170175205252305342356
332278212146100083106160234303368411418383320250188147140163215280338372
380340270185121080079126190262334412440428380295210147118127170238316376
406397328235150092068094154225315386432444402320228148093081118186271347
397411380300203127075071110177261345409437425359261168101065071125208296
370410407354264175112087095145220304375416423382296200121060044079146237
325385410391319233164124115142196265335388413400339262174098047044085161
245329380400369300225171146145171220277330369382359290207131072046059111
181262327366371342285233195184187208243282326349353320256182122084073092
137192256313343350331289252228218216227241266296313314283229175135110103
115144187238287319329324308287270253240237241254275293293272243207166135
120122144183227271306327333326307277254234223221229246265277278265234189
147115103114145205259307342356354329285240207184181198228264293307305268
208145096077086136200269329372389381336277219170146147174221278325350342
291215144086061070124196276350400417392332251182130103113157225307357383
364293204124068046075142227317390428430380292208138087077111172265344395
410368284187107052042088170261349413440423356258170096051050103183279357
402410356259169097060064117197295376422430385291200120050036056133219312
376403391320226148092081105173250345385410402335244160089043043097171255
342395412375294210145107110158218290355391397351272190113060047070130215
297356391389335255188145134152201253316357380360288220146088062071120187
260328370381350282235189168170200242290330348348305245178122090092124174
225286330358351316270228203198211232262290314320306261212162128115128165
208254290320331324299266238223222232252267283291292275238199162148146160
190218247280302311308296277265260258258259263267271270262247226207187175
177190212238265289302306302290274262253250250251252255255252245234218198
183177182203235262290312322321307288266249233225232244256264265262249228
200174161169193225266302333345340319284252221202198211236265288299291265
228190155139145176225275324360368358324275220180165171198240280315331320
282226175135116129172232301355383386362285216162132127151206270326355358
319255190132095092130190262332385405380316235164114088100147215296355384
374320240166103070086140211296368409411358270185113060042085146252342399
418398316225145088075108175256343405431403325225138058029030090192280371
426438381290202128090090139212300375421425372275177084029010030118228325
403448443360263187122096116170258340398419402328226130058009008070155260
348410445420340246178140129155215280345395410375285190100033014030100185
285360414426396320244190162165193240294344378381322250170097048040078136
210286352393400370310255212197198215244290325342336285222160112081081113
160215285335364367342304263233219215221235257280300298269226181143121120
133163207260303330338330307279253235222214215226248268275266244211180148
132132151192236278312331336327300262228200187187206235258278284276252212
168136128135177230281328354361350310260210168152157188230274308329329294
238180136117124172240303351383389362310240176135119130171235295347371370
310242175125108124180250322378403402360280208140108089119175250332382401
380315235165115103137200275350400420395332245168103060064112180272354400
414384310220155113116155220295368413412374290196110055042082146232328392
420413348260180130117142195272343390407382307216138068033050105194288371
419431396320235169131132164225300360394394332245160094043037080150234320
390422422362280212160142146191258322370377350277196120066044071135210294
367408421385320250193162161190235294342364360300232162103070070120180250
323376405400350285234196188193220262306337345320258190135095091118168226
286337375385356310260223205204217245280308320316270221170133119125157197
249295336359360330297261240227228236256277291299288255225175150148157194
226257295324340341319289260244238238245255267276280269242213187173172183
202225251284306318318303283267250241237236237243251257255244228211197191
190197216243272302320328320299275253236222217220237250260265265255243222
198186186206238280315340347344316280244213190185195225258282295300287255
217184166165192236285322352361352310256203162144146175217273314341345316
263215172153153188242303348375380352296228160117106126175242305362385375
321261202155136148198259330376402400347260182115067065110186270350405420
397332250190142135165215290365395425400328226137038034052126221328410455
460413332241175139140174240316388422425365270165080017003026132235340430
455456395296217162143143171255330392416410335220122040-03-05080170282385
450485466385288208162152160210287356405419380283185095022013024112212290
357428478455390305235162145203247298358397400343248162084025018068136235
328410450454415338260203173172200245300348370370305230150090058056104171
246326390422425385332277230176171200240282322351346285230168122096097127
180241320375391391370318275238212203206230262291312313284242200165147142
164197250303350377382365332292252225207202211237270295306302281246211178
163172208258306344366374371335286243205181173182212250288307317310275230
188169171203250300335360370362327274222173145137140195246298335346335289
238192167166200245296340365371357315255193138102100140200270326363369348
296240192166167197245300345370373342282213144095073075118190270340384395
368307245195163160186232286337378370325258192126069068115176243308370426
427375320261202167170211260310358380347290235176112062064110178268345422
441414359300238176170205248295345362358303245190122060056090153216295384
438428380328272222172175205233262290350350310264194112055074135201282364
410424394335265210171163169216262316346350305234155090056055105170242318
380409408365300236190166165187233286327344322272188120070060088150212290
348390404385326268220183172188220266303330330293232168115083080127183245
308362393397364311258220193191204237280310321314260200146112103128172223
271325369383375335285245219206207220246279300304285240190152137137164196
238290334363370350312275241216208208227254270280282263233196170162165184
211252295332358361340306275248230215212220242263276282278253231215200194
202225264302334350357350319282246218207203210230251270282283272253230208
200206235270307336352356348310268228195178178190220254286308316305276242
214204207230262300338360365345302250206165144142172222272316345352336295
250216201201228268310350370373350296236173122098104160228298355392399370
314260216196197225268310354381385342273192125076051078155245332392435441
390310247203177176225274322363391388322235160130062021060180278366418462
460430380300217170175235292345384405370270189114036-01008087183200388463
480458393296230183176181216290358400412376290178090021-14034110218312385
460490468427378320230149170211275350410405350296233153048-09027076126180
224326493474403393180150153187250312363402394366318247100008025038096144
216263330416450410368330168153190250318371400398335248164105070072118185
278368425457458418342266208174163187240305350375368314250180132112113152
213290363420433430380315250200180173184230280315338342310265214172152148
180232296356400413405360302248203178170176209244286312325320293248215192
188206250304358392401388348294247207177166169190230272310330333316277240
219212222257302341371378370327280232188157142143165212266313336345337307
263235223228259300332353355343305270205165126115127165225280332371374347
317285250222222248282318346350330285242195152111100130185246317368394396
361313272240225222238276314338343319270216158114082081118182256330381403
398357298250217206207228262300325329300245178123076062080135210290352395
405383330273230200192199228277319336333284220150098063066116188266345398
419415358299243205188187210256313342348316252178116074059073133210295361
407420399342273220185176183224280325345340285218144090059060100170245327
390418418370300242197175170189242290322340326260181116065052080140206280
360400417402338266210174163170207260310336338298230160106072072120176240
315376404406368303244199173170185228285320333325275213150102088100150207
267335380402400348282230187169168192238282315325307252190140113114142186
240297350388400373316256206178171176202248288310313282234180150140143175
214261316360386386345290235190168165172210248276296300276236194170163170
200239286337365375361317262218177158156170204242275292300288255222200190
192214245290330362372350300248200165150150160194238278310322324300263235
220218235264300333355361350300244191150134130148190235285322351360342300
260236230238262300332356362342286225168120095091115160224291344376381355
305260233225226248283318345350335280210145090060056095162242318380416418
383322266228211209230276320350358338270197122062026029080165256342412446
445400322255210192191209260318358373350275185102030005006056148248344418
452448404317240183163161192258325372385360285197098020000003060158265366




















