MUMBAI
91
000000000000000000000000000000000000000000000000000000000000000000000000
485478428330243181148152194267349400419381336287203116031-07018087192303
455486461395296212155132148201280359405414372310230148074028034088177279
418472487444362262182129116144208293370410409363286174093033026074159259
366447494487427329229151104100140216306378414403353259182104069078130207
300385448472454393294203127097102149223309367395387330258190140123143188
250325394437446408345265193136112120163230304350370359311256210179173194
227276332383411406359289223166126115133173228286319333324294258225206205
222248283321357366345300249200157134130143175215260290305304290277259245
236240254280311327330308273235195159141140154181219257286306313309298282
265258257263276292303302288257219186155139138154182214257290317333334317
292271258254257265277289293285261227191155136131142173214263308341354348
323290260242232232245262278288288263230183139112105122162217270327353365
350317281251228212214228251275291289265219166117088085113169232294345376
382356311263225202193203231271307325308266207145100077086131200271336383
404394350292238205194200221258304339351323265195135076073111179251339390
422419385323260200171171197245304345366355300225158094063075135214294369
419438420362289220174160170210267330370382352274200122074068107175267344
413449441394310239176143144177241312365389379315236159096062073132213298
379428444416349261189140122134183257325377394362298214151097085122190267
349410445442397319232172125118149216287347382386349277202144113126176242
315381431446419361276200144114123162225297353380379332265202162151172220
277337394426424380309232162122112135178243304354374366321262220194197220
259315360398413400343280211153124119144195252304340356353325290255233229
242272311355381383353300244187147122117144190236282318343353346319287263
255263288316344357357334295248192150126124142173222275323354370370348315
283264260271293320339344325292245194149118109122156207261317367401402373
320279252244252273298323341337321267213152103078086122182257334392430431
393324266226209213238278316348358335281209140076043047096173262351419459
453398326245193173180217280342383401377308222136065025032093185285389460
489465393302216155135147197273354410429391311200115036008034101205322430
487498456352259164108099127201299378432443383289187100029016062153248369
459500491420310223126074073117202312392439432361260171082030043116203300
398464490459382259161084055072133224310389427420350251162100070093153232
322404456463417331223143073055082143245330389415391323242165125116158215
279352413444424360271188119075082120188263328370383355293231185165171205
245297351389398364300222164114096119154214264320352355332288248221210226
250276311345364363325265210157126127150187228267303318316296276258246245
250259278300317324310275231190154144148168192223253283299303295284276270
267267269275285297299283254224188168160162169188215247275295308310305294
282271264263263267275283275255229201183166155156173205241282307326337332
309284261248240244255270283276262241213182153136138165207255300335358365
343307271247233228232246270293302288256209162130115122154208266321360378
366326282245216201201221253287312317293248200143104089105154226294355390
396362314259212184172182219276315338338302240170114077083127194272343396
418394341273210157142155194253315357370337271200125075053080157248330391
427422375303212156119116145207288347385385334257174097054060109189288367
421442416395252169109087103158225312371405391326238158087062084152238327
400443445398306221138083076107176261345398418383308215136084042128200286
364421445425352252168192058072127206295365408409364290193131101119179251
322394438435384292198123070064100163145325385414400341259193144140176232
290351401423400323247172103071082117186268334375396374320253203175185220
259313361395400351282207145094078098138200263323360371353308263223208212
231262301343360351300244188137103097113150198250302334350343318288261245
238243261293321332320288248203159131120126151192238281325347354343315286
259241240252276299307305287259218174139116112132174225275324359378376344
297251228220225252282310325326299254200146105090106150218286347396418407
360291235196181193229276321351361340288221153093066076123195283361418451
431362285202152136153195261336380402370306215130074053073133235332408465
471431320233154100091129205305373420426376291189108057043081160255361445
485468396282187107063070128218332403451443374278180109059067121209313413
475485444335232138071051081155251368432458429356254162097075106173267363
440471455387275175094045052105192300385440453406320221153112120166235312
398445455412320214130063048080144232331394430420363278216162134154200263
335390421415360277187116073076122188265340392415395339267208177175205249
300350384391360290223155108092115161222282340373383352303255219207217241
270304341360354313257200157127126150192233281320342343325294270250242250
263282303318323311282238195163151160183214246280308321318306292281272264
263267274287295290279256229203180173178191211240268291307312312308295283
271265263265270273275270261242219195180170178202232264289312328336331308
283265254248248254265279288283260234205180165165185220255291324351357337
300270243224216220236263287305306281245206163144142161205249291338370372
337287249210190189206239277315335333287230183139117127170230294353396405
379322261208169153166204263319355369346291226164120109138194266335396422
415374294223165127133166226300361396400357282204140108114161226311385432
439400329236169107091115176259340400424406343256173109092116177264350413
449433376264194114067074122205300384434450414329239155105106156232319402
448453410320224116061041076151247321400452458402319215150108123173253339
412446444400290186101040035081157255355422460444379289201146131167216300
378428440402326229139069033053116203290367426447419349267196160167202255
315386416402348272187111064050082140215305370416427390323259202183190223
273330374390374307243181125081080117170234303356389391361312267228211215
236270213338350333283230175135113116142174223283329354364350319286253232
225231255288312320304270234195158136127138169215267312340352351328294264
234217212225254284300305290260223180150133123138182242294340363374362322
270223192178190227269307328329307262214164130117140188247309362402411381
320250190159148170218279331362372348298223161118107132181248325388428427
377298218155110107143214290357397403363291208142101099143203281362420445
417342247188100070090160240331400432425354268183123095110159238325407445
438370274197111049052107192290382437451413323243190137110128177251333404
445428363257177092044053108195296393440455423347267190139126156214289372
424436393291190116061042069138225335406449451412329276179146155191246321
386419413356268179103057063113182272355414444428377293222172160187226279
339381399377306228148090075103155225293365410422394337269216190194222259
302345368369330264194128097100142195253308357386385353305259226210215237
270306333343326284231175135115135177221260306348373367333290258243240248
260276298318321304263216176160158173200231275311343351331307288272263260
265270281291296291272243215190180184200220246276307330341330313297284273
265260259263269276279272258234214201196202217236264297325341341329315293
270250232230237252269280281272254232211193186196221257308338352348325299
268237210199204230261289304306293264224198180179200234283324354369361330
289241199171168192229279317340340313261217175157163190243292345380387363
308248187141124138186243310358382372322261204163141152189249315370402402
364300215153104090117175252332385411393336258194147129152200271341398423
403339251164091052067120200292372425445412333250181133132170229307375421
428386300200114043025064139238345412467466411315225157124135178252332402
432424347245149062016023083169270373445477465391296215151129148198280360
414432397312214118034004031099181298381454480453379282203150140167224300
374411414370280189103029015060129219316397454467438361274205169170196243
319372397390336258172097056054096163246327397436442411348271211185184215
262314356375363311250175117086093131190251322380410413383335274222203203
224261303336347333290235181142126133160198255315361395401378333281240218
209214234276309328328302262221181160154168206250303356383391378340291241
211193191212247289319335326297260220184166169196239295342373390384350293
231182153152173217269314341346328287236190160156181228286335374392385338
278210149116117145203274330365378355300243188157150175226284339379399379
324241164110078090135221295364393397355302239181149152183234300357398404
360287192123073061097163241337393426414366287230175152162194247322379404
387326235153086048062114191276363413434408354274209161146170209278340384
395358283194114053043083150238326392434432396325251192163162189242304363
390379317235155081044061113194282360413433412358288222173161176210263326
368379341268187110065057093155237313382419423391322264208175172197238284
341364353304230150090065082133205283326386411401360303253211188188211252
305342352329273214154105089107155219282349388395373329282239210198207238
277311325320288241190143111106149200256308354376370342297258227215217231
255283301307293260214177143133148182225272323352362352320286257233221223
235252271283289275249215183160156167195228271313338347333307278248229219
216224235250268276272252224197182176182200230269309336345335311281252230
217209210221244272289291277255229207195193208240282322351360348321281247
218195183181196232276307319309280246213195189201234281324355361346310272
228186153144155194245302338356343303256220192182202242290337361374363328
283225170121112124166240310365393385341287234198180190224276338381392371
317257190127081077109179266354406433412355290228186169187233300360398402
370302221150087048060112194308397456483430363288224180172217286253404415
384310227143071026027085180317405472486472423344265203169171204278356410
425400324236154077014007055160288390467497474403322246187159166200288371
416422380300221129054008017080173302412475493460392314232177159172219304
380418414364286195112050017038110194317415471479440375297224177161172218
310374404394336252182115068053102188290383445463444391322248193165163189
252332370382351291220160115090088139212288370418436418367307243194166162
187244305345355338294228185149127136167222293363405418413379323265213178
165173206262308335335310373231187163157173210275332375395388361314257200
161147150183238286323341332301268221196187191224267321365385380345293242
189150129133164220282332360355325292250220203204235288331363376365326262
221161126114134181249315353383384359324272230209210237281328358372360318
276213151106097127192256332379403401361313268222205213239276326358370355
312243180127089092137217298362403422405364306261221208218246286335365370
344287229160100078105161240330403427428400348300240206201220251309350373
366312247172115073077121200289365421436421370310262215199200226271329369
380348289205138095076096150234325389427436405353290235201189203242287343
369360305226170114078072115187268342412428415368310238215190191204253312
350361339273203152096077102160226310372415427397348286241209193202234300
330353356285221162119091092131193270325375408409381330268228200195209238
284320339330283232175129110133170221281346384403389353294248204184194219
254291318326307259205162137135159196248304351383390370323279234206192193
218246279302305290245200164143147177213260306347369370338293250214192183
187207235270290290271243210185174175195236282329358366356326278241203178
169179203230264293303287250224207197200217246283324356363345305260215171
147142162188222264292313316287245212194187205240281325346350330294252209
151126116129174225280322334333307274235210201213250294333351340317282230
179126104098105144216298335387389339275234202196210243293323344347328268
211144106048039099179272350405425410354279244221207208229272325372376345
281203111054025055110190278353416449437388304226181173199237282343375383
345266170072016004043100194300387442461436371278199155147172231284346386
395340243129039005000023094204315400469483440343248169133133164230295364
402405330213100032003000038111209346422473486415320239164121120156222296
368405404322206115032005011071160252353426467469410320214145114114163226
314375404384300200120056030056111189279360425456454387293205138112118162
238317370392365296216137095086116165225315373431449425360273200143120126
165233296346370362307234177147137146198262317378421429408345260185144127
130159202276330354354320259213186176189212248286321372393377313249186138
122131157200246291322334324294252226210210230258295332352353325280228180
143122122145192243291320332327300265243224216221240271305324325293253209
161126108117142183235287323341333310275245222215221240267292308306288250
200150114098106144195261303330356353330288248225215214235258284306303281
238181118084077101154214278335365373353313266232209196203225257289312312
280220156100066073112175242308356379380350301251209195196209233268307326
315267197129080070090139204277342382393381338278231195184194217249289320
333302237155090059068106164236300360390398372318260210182175188222263309
338335289203135076058071124187266333383401394353295225180162164188228277
323339313252171107065065100154227298358395402379318248196169162181223273
318342343286215156100079104140194252317375415413370311259197167172205249
300335353344277208141098104142199276343397414417391330264210174166185217
268321351356319257187140119138178228283343395418408359298228178153156186
229277319340338300246188148138163205257306356391404379323253195160150167
197234281320338329285241198175177208245286333372395390354294233180150149
168200240279311331327299258225208210234263292331363380373332270216171148
145164192233282319340343322290259236229239263298336360363345302253202158
132130152183230283328356365350316278250236242262291324344352335298243185
140115114131168221282236372388374327278241223225243271304330343332293240
175117077070090142209284351397417394363286226203200215246286324345349311
253173102048036063110208298380430445427376290222190182204241291342374381
338254164078027017052123207300390450469439369270200160158185233308365402
405353259163069018011056145246337406478489446359260187139132154216321389
425420341225123052018016069180279372443486486423313210139106106145234328
399430416332226122052026044127208320416475501479400287188121100111174272
368426445414319222134078065104179253348425484488455370255172105094117167
259348408429408320237149110114154206260344416448455409300214149104100136
200279348387398367300237187147148189252295346406432424374290210145117123
154216270325363373344302261222201205235275320355378387370328279226176149
145175221264315342342324308280255239238253274302330352358335298251195156
145159185217252296327337336322304283265255255269292317330329305272235201
171155161187224270305329347352342317291273262257263280300315320305280240
207179158159180216271321355373377360329297262252245260277295313321314285
246196157140146175219274333369390390363330290260242240250268295321333324
288235181140128140180235298352389410400370322276240225226250280320344351
331279213149121122159214273338387420427405357287248228220233267309343368
367325262185124105121169233307367420437432379312251217196202226262311360
380367304221150107098134196269344395430432405335273220180171186224280347
375381338268185120095095139212290362417437422376300226173153159193247310
372394375313216142100090115167235337400435438408340256182150145167215271
346389403367244200133103111157215297364411433421361287209150130141177235
303364395384308243179138133162208272339398429432380318235158125120150193
260327375390360300234171147152177233305356395411396338263196140111115150
215280330356358334292233191173185222362318360385383349289226163121113132
167220275318342345322286241214207227255289327355371365330270215167142129
149180226272315339347335308268226211219250290324349357349317275238183141
128141177213257303339356356343310282260252256274300322338333310271224179
136120125155190239297339369382364330290254239236251274297317326315285240
184131104093110160222297358398409393350293247217207220250289325351349318
260188115074063087141221306380435448418360283207174168191237290350383388
351268177196047038064116209298369462470438328232162133131164223314385420
410350251157077034034085173270363435499486421326222142107109149230339415
449443359251149069037046095176253400483505470389272173108078097153253357
431450437355231141069048078155233336426484490436334226130072061107181276
366428444408320220138091084126200281358427452448381280191107067075120200
291377421427371286200149123131175233300367414430394326231156097080113171
228305368394389338272214175169189223260305356384386350280208145105106145
194246301343360358320277232213211227253274308337353348299240186144128132
161203242287315326325300273256246246258274299318330329304263217179157151
160183210243276301312311299281266255253254261270282293296285261121189174
168169180201226255277295305306300292281270258251251256266272264246220198
177170171183204231263289309323324215289271253241235241253267279281272230
191164156156167190231277318345355346318275248222235212225250276295298280
248203152136136153190247304339364373358315263220191184200229262297320324
300220162127106103131197272334377397385340288235194176177197235288332335
345297225161105090115168235304354397407378319249197153141156196261332365
371309244177117087085123190263345407427425389303218156125123146192280347
380376289223164106086095133194289396425430363268198139105095119180263334
383396364283189119087083130201280365414427406340242173113078080131210289
360396402335232160107092120180253300375409415367276189130082069095164243
321367392370309210114095100149214280350392413395307214137086064074138192
256334377388350267176117108130205298347384409399350276200120077070120181
262305341367373335285235191172179225275315352374375315245172125090090123
900
900
900
900
900
900
900
900
900
900
900
900
900
900
900
900
900
900
900
900
900
900
900
900
900
900
900
900
900
900
900
900
900
900
900
900
900
900
900
900
900
900
900
900
900
900
900
900
900
900
900
900
900
900
900
900
900
900
900
900
900
900
203170156166206251310353374375333277209153110097111164228291342372372333
273218171141143194254310360383377335260182116071063096159232314369400393
340273215167148153192255323371386369309235147086046047097171262347403425
405342263200150139154204272338377390360283195113052031050121207303376433
444410354256192154149177233300360385383338251163090038031078158248341409
444441391310237179158156191252320371391371300212131067036057120200295371
430450429368282217175164176222284340376379340260176104056051093163243331
396437436396321251197171171195242300345366355300224150090062080130200276
346402428414361292235192179182208259309342350323264195133093086118177241
303362402406375319263217191189205234277311330328294233173126108118158208
265323367387383346296250217202203220254279300312305270222177152146163195
235282332363374362326283249226217220233252270283289281255220188174174192
221257300336353354335302268240219214216229245260270276270255234214202199
210234267301330345345326299267235214203204212229249267279284278262242218
208215239264300325340340322291256222194179177185207240269292305302283252
222207207224255288318337340321281238197162145142160194241285321339335302
252217197199219254291326348348320277220169125107118150205271325368390374
324265225204209232266312349373370234265200134100089108156225310369413421
387319258209189193219264315357374365303225147086050054090166249341409445
435380300238182169185225283338377386345263175108046019034095184288382445
465439366274202161155179224286352390395339245153064017003040118214315403
465477435351261184152156190245320378409397326236135054008004063146244348
433477478420330238170144152190259334390412385309214119050014028093181290
368437475466406306219163145157203273350396408375293210117057040076135217
308392453473451381291211162150169212285347382389353284204133092081116173
239320381435452427359275210165156169214275325361370343286218163132128154
203260331390425433401340275214174159166200253307340353338304255214183172
188217270325380411418390340277210172157163189234282321346352332294251221
205210241280326368394395371315260202254133137165210260307344360355322275
238213210227260306348370372341294238186139105105135198253312356376376346
300246217210223254296332358364339290225165117087096144207286352394411397
354297251223213223255300343364361325268203140089071091147223305370414424
400340284235207198210243295337360356311250182114075072105174259337403432
428391330266217194191214254309348365349294219150090061073128206295367421
442423369303237198183186218266322358366333266186120020058093160243325395
432434400332268210179172189232293342365358300228157094062069113188274351
411435423373300242198174176205257315352364334270192132081071102166237317
383428433400332267217183172184224284333359356306244176118090095141207270
348401427420376308248202182184207250300335352337286215155119107131182236
307364401415391328271222189176186220260295320333317267210155130129156199
250304361398406383328274227190185205241279306323328311265219176160165196
231281326367388383342289236197181184219253287309318314297263223198188194
214250293339366374357317268218183169174197226257282300306298276247222213
221250286322353370364336291245204175166170191219253285308323319297268242
229236260293323350364357329283236198164151155175208255300335354350325289
258245245264294323348358346314269218168138123124152200259315361385383349
300262244243260288318345360358340268203159114097105138205276345402430425
375310265237230243274311349370366322268197135085063088155228320394448463
434371294247214207233277330371390374323238171095052036054130220297367421
474439362285226201191208254328377403398338238150071022018055136247348432
487490410346256197167165193241308384420407305218143055015020061141237331
429501493456378233157131136171239325407429404324222132056024036119222322
436509532505415309213157140147200300390440447408318219125071055097173255
361459515520475389276192145130153216260388432441391300212135093089136202
287370449490490425329243160115109135210303373403402348273188144121131165
217295369427450431373277195139101101130189266328360365333281226184163167
196243305363402410382331259194136112110135185249302338349331297261230212
211233266305350375379355304249192148123123149187233282315333338325297264
241232240264297323341343322277237184140115114134171222273312335346340314
278250235234251276301319321302269229178137111105123166221272320354365350









