MUMBAI
1970
000000000000000000000000000000000000000000000000000000000000000000000000
230263302342366371349304254207171149149170207248279302309305292269246231
230247276311340356354329287239195158138140167202244279306323327316293265
248246256281310336346339310271226180141122121148188237287325355367353319
282258252263277300322332336316278226172124098097124179243305354388398377
334288257243244258280307332343326288222158102066062101171250323386422426
391332279243223218232265310348365342277202130070032036078160256340409447
447407335268222197194213262320368388358283199122047010019076161247353440
474465412318246195170166192250328381410379260167086031-03007085194285383
464491481407292211158137147205285367410427372274178095023000027110211322
414478500450356264182130112132200296371418425373271180092029016061147257
359445492487435334230152100089122204297372415417357259171100056061113193
292383456483461394287199129087083123202282367402397341256181125100118171
240321397451458422341249171116091095135212287345377373321256202168157173
212272334399422409364290221164118099112150208274322350346316272233209203
213240286336373385362310257202153122114130163208255299324332324301272249
234235256292326344341317282241200160134126136162202248289320337336322297
275258251257273298316319302271238203167137124129156201252299335357362343
313285259248248253273293303302277239202169140122126158206260304344375381
356314279252240239250268292309308286244200158125108119157218282326364394
388348302261229215219243272299317317292247196148106093119168235311373412
414382327275232207194204240286324340325282230169118082093142214288360406
419400350287230192177184219269320351352310245184130093074096156233314379
413428397337271213176166188234291342367351283217162107070083132203286360
418445432378302237190168174208271332374387365296222158108088109170244322
395440449414346264203164152172218285340377381336258184124091102147212283
357416444429376290220167139143181251315363382366307232164114102133188255
324385425429396321242177137124146202266327365374342276209157128133172226
289348398422406350270200145117124166228291342370366324256204174172196235
282332382412411375304235180142132157198250304343360348309262228210214238
271309350380390371320258200153126129159202251296327339328304276253240241
254278309340357358331283230178142125132160200240277306318319307290276262
255256267290313328325296255209169136118117139178223266301323337337321301
280263260262275295309314299267226186143114101112149201255304345368372347
306272248239239257275302319318293247191137093071083129198265324376412414
380319263226208211236274312343350322259194130082046055109193279360420448
439387309242196174177211272336376388358281196116041013030100197301394460
479453378277200146124139197271348405424387303196108026001036115226339430
493501458360254166111096130201291382441453405308197103026007060149269379
471515502427308203121073073122214319394456460400287184099043045104202314
411491519483395273172098058072128231329411458452384272175106077101169260
358442493489428319218135072053078149249345409443421341244172132123157219
303382444461429354256175108068069107181266341391408379309238192172180213
258319374411412371297221159109090102137194261321360372351304260228218228
246279320358373361307253201158127121131161203256305332338325303283271263
256255268293317326313274236199168152149158176206243283309323324316307294
277261255260278293295283261238212187168156154168199238275307331341340324
296271256248253263274277273266251231202173149141155191238282322347357350
323290261238226231249271285290279263236200161131124150195251302345377385
368324277242219213221246277309321315284240191148123122159215277338383402
393354300250210189193218259303331339316263205152112099117169232298361405
414386324258207174164180221276326355356315251185133096095132196269341401
428417365284217171150154191251319365384367309235163109085101151225302376
428440407339252184142127147204277343389401366287205139096089128196271348
414451439381284203141111119166236313375411403345259177119094116169246324
395442445401310218151105097132198280354405418384305222159120119154217289
364421443416342247167107080093145218301371409409357273199152137157197259
324385417413360276197131088082118182257331383405384324254201172172201246
301355394404378315238171114090105146212288341377388361311265225200212240
278315352375371336288220153111107133175222279327357361336296261238230239
255280312334344328293240187140112112135172214264304330335323305284269259
255259275295312316302273239197158131126141173212259298327342343330314294
274260252255270290300295278252212176144126127151186236284326360375366335
294260238227230248278299311309286249198147107092110162225289346387412402
357292244207188189220269318353357329271202139088067087150236316383435448
425354269202158141160213284352394408375294200122065046075151251346425475
474426333231154103095129212305382430440403310206120056034074157267367452
492481412294196105055058105200309393449459402295190106046040100198307406
476493454356237141055019039110225335414469461388273168094053078152259358
442483471398277171082018005055145266366445474442355252162106093127196290
376438458422330220130053014032087178284372430448410323228166132137173238
317382420415356268185114058041070128207300367406411362284220181168184215
266322363380354284214155106078085119176241304349369358321277240216210222
242274312337338304248197152122115136166200245292329345336310282261250246
249254269292302300272232198170157155164179202237279308319316304295284273
261250248257267271266250234214197183171170180203233266292311322323312294
270252240235245256264266262250238221200178167173197228264298325341342324
295261234217215229250270282283276260230195164150157190232278318354371361
325276238210196199222254288315317295259214175148135148190244299348381390
368312256206175164180222270312337343313260204158131125150202266331382403
392339269208162138147185242304349373366320260195144119127170230299364410
425395325243176133121144200272337380396373308235171128115138191268344404
430415351259179116089105154230307373412410361277199141110120165235312381
422428381290199124076070106183271348406434411338247174126121152213291361
412425392307215130071050077140220310384429432388301218156126140185258330
391420410349251166095050053104184273355413441423357280205162153180234300
360402412379301210138080058079139215302373415430395326253205181188218264
320365389382332251180120079076103175245311369403407379323269230212218238
275316350364345294233172121096100133187250304348374376353310272246237243
257280306324330316275228179142124128158199246294328356361349324295273262
260263272285300311306279242199167150149166197241283318348363364346317286
263250242243260281299307294267230192159144148176220271318356383390372329
281244216202207234272308334333306261207161132122140196260319369400406377
316253200161144158204269324360371345285212151106093124190265337396430428
382297218146102094124198286358405415379311216147096085118189276354421451
433364258168094046052103195301381439452404308212136090086128208300385443
457414313206116040010037109217330409460460390282191117088106163252346416
452432354237142058004004060150266366436466438360252178124108138206295377
432443398300194107036007033101200305391450460423335253185143138170238317
383420412348254163090038030070141234326402445442394302227176153165203270
335376386354281203131078055073127198280353402422402345277226194186200232
286334360354307238178128095091122170225281340376384364320275236214213223
248280309320310268216174137119133160193235283330354356332299270250236230
235248273290290275248220186164158170187212245283316337332314291277265255
245242250264275272261247229209196188189201228253292317328333325315295271
247236230242258264269267261252236212201195200222250281314334342334318288
258230212207216236259276288287274256225202189189211248290326350360355326
287246208188189213246282307321325308275232194176184216259301339372385370
325266211171155166202251300338358351315262214180166180214263317363387389
354285216161126126157215276334372388367306242190162161182225283343390406
379313234161110091112166235311371403405360288224169149158196251316374405
399344256177111067072118195282358406432413353272206162154178223288355400
413379298208133070052086150236326399444448409334250197164164196250321380
413406344251164090044052102178260355423462455403320239187172184224286350
399417385302209130068046072136218308384442462438374292227184176199248312
366394390340257183106064060104166246332394439444411344268220196202225271
322365379362303235164104077075120189264340392419418383322263222208217241
278319346356338286223165118101112150210274334377400392366316267234220224
241273299320325309271225176139124136171219272322362382382357318278243229
223229246272296311308284245202166149152174216262308353382388370331287249
220203199213250284310325315284241200168156172204256309357390398384336281
234192163152173220276322350353327275216170150154190248310361395407390340
270198141109110147214290347388398367305233180151154186246313367405419393
324238162096067080129213297368420432395316235177146156197260327383419420
378288198118057041070142236334406451449394306226170147163202272345401424
405330235146068025034088175277368432464442376283208162151170216286355404
417379287195107042017045112203306390444463428357267200160156176231304364
397390326235148072025026075153245338408452451406322245188161160187246316
369388364286200122060035056111185271353410436422368286225180163169201264
322356358312235163100061058092147212292354401411383320258208181175191226
277317334317265201149106084094130182250312361386382345293249215200199214
245281309309284239188150129123144178223273326362374361322282247220212211
220249277290292265234198170151154170206241287323350359341308269240227220
222234248264275277263238212187179180195222251288324346351334304274250233
220213213227248269276266247226210200197202220247281317340345331299263231
209197192197219246271283283270250230210198201218250288321341344327294254
214181160158176210252288309312294266232205192193216252292326343344322280
229179141123130167221273315341346320267222195183192220256298334355350311
251191143106098125175243310355379370322268224190182195226270313351366350
295219150093068080129200278350394407381324264219189184201238288338370374
340266188115060049082147229318383426431390335265216188188205246305355382
376319234153077033039087167256343404442438392315240193173180211262318364
383362289198113042019043104189286372430459436381300235192175180218280342
384392352266178098035021056125218306384450462424359279218181171183238310
365387374313227145078040044085162247337402442442402330256203177171192245
305357374351282209135076050065110180268346403433428390316249200173174197
245305340352328275212152103079094138210283351401424416374313252205178175
192235283321334324280229175137119135170231289348392412408368302244199179
178194226266305337340312259210178163171203250305363400410395351294238197
169157172214259303340357340304250211190195224264311362400414400355297243
195165147164221278327365383381360312260225213228271324362393400390354292
229165128116135187250319374413417385312256222219236271311354392409398347
273199142108107135193265341405444440398325261224215230256297343383402383
322238168110077089129202280365429459447400324258218202217247297350385392
359286209134081064088147223312388441458436380301236201193211248309357389
380324245167101066072113181263351418455455415343277224194190210254313362
384365298220144087070083134204283367429454438393316250210191197226276333
373378338263186125085077112174246318385427437411351280225197186201241295
344365355291221157105086105149212276342397422417378305249207186184214256
308343351316257196144107105135186240301357395406395356290235202189198227
263301328331299246188144122131167209256309359390396371320267226201199209
239273304323315280233187160158179208242284331376400392352295250217205204
217243273300308301272238204186187205234266300340370378364325278241211195
197207224247282302300283246221201201226256280304331355366351302248204190
185192207224257291309308284261245236229230241271310346362347317279242207
174159160181207254285312328316296263234229228253287311329336331320278225
181145131145169220268306338353345321290249215211231270319346346329291249
205155117105124182246313339361374363326282242217222237271314340350333282
223166109072091128181249316377407405371313261227208210232263301339359345
287208139082047062110182267348411437428384317251210190201228271319357371
343271187111048026062128204292373434458438383301236195181191229284337375
378335253166086026016060128226319401454465431359271208174165181232296355
392385320227131058019021072151252351426467466423341250191160156181241313
371398378302217122061031046105188286371439474465411326237176148149186249
323373396373301216136075048072130214304380441466452392301214157130141179
246316364384360296224158106084098151235315389436445411337254184136118129
168230295346365342282214158128125151204267331391426425385312237173130116
129165215279329356349304249197171168191226273333381407399355285217162125
114130164213271322355360331285238208202213237278321361386376334271214166
129116125148195255310354372359325279240223227245277312343357348315263209
159122105113141199265326373394383343289253233231245268297325344342313264
209155118100113157224289354403420401356301257232224235256284321349351322
264197141105090115167232303370411431402351286240216212231257285317346347
309248185126094103135191256325395435439406342274226210213230256298338368
357302229156106082093137207288360421444435392323257218201203227266316358
376351283205136096085117174241310379431446425359283222196188209249301344
373372319238164114092107151218291363420449441391319251208189188215261321
370387361284208150117115141192257316386429434408351286221183181195230281
336366370322251183133108127173225275339395421422383315249194172174202244
299340360341291226167131123149193245300356399413394343271211172163175211
258303337345317264215166147159193231277320367403403366305240195171170193
229275317336338312270225189179202234274311346383400393346276210174161178
208243281315335333300259224207211229248271304339369376350295239191163156
168196231270300317316301276253236233243261285317341355349316268221176150
146164195236269298317324318301277256250251261281303328340330296249202163
141138152179217263304330341335314287262251251260276296313319315286245191
147119115132171221272320353372369342302271248241248264287309323326302257
199143105096109149209277339390411401364313273245230233251282321350353323
265196133087068089143218299373424443427377311251214205211240279327367375
338256176101050035071136225315397448462433371285219180174195239293351391
396347250153071021021073153252351427471475430351254186149152180242314375
412403340235141057014022083177281376446480465408309214149115121168243330
399432411328217121057024047121219320408475495463389275187125102113170254
343413438403317207125070057091163249345430483488443343235152099083110173
265349409426388301205138098096139204288367432466457394287192126092092129
189272345393404363292218166141157195250318379427441411343248175118094105
140197260325368381353301248208196209236264311361397404375307241181136112
120151197254305347365352321285257241242253270303341367367332279228181149
134135156194242294335356355339315287264253255266287313327327306269226188
157139142161200250296339362371355329297267249244255276294307311298274241
199158135133155201251306348378387372335291256235226236261286305314309282
241189146119118143193249315368397397373324281249226216228255290319333329
289240183131106116155208276343397424416377320265225208208226265311351364
343291230172126112128177238311380427439416364298241205193204233280327356
366333277205145104103135185255331396438439405335261207179181202246299351
373371321245173116093108153221300371422444425372293225182167178218276329
374390366300216150110108143200271340401439439398325245187156154182240306
360391385334258187135114134184247317382430446426361276205157145167211269
330375392367304226164126129166224281342394422420377301219160131139175230
293346377377333260196153142166212257313361401413384315236171134127149193
245306351367349296241197173179204241287323367384380341269200146119129157
206258307343353329283241210196209229257294332361368343289223171135125142
168210257301329336311274243223222231244259284313339337299248192150124122
137170207246283309317306287266251248251259276291305311302273236193152126
118133164196234272299318321308287266249242243251264280291291273241201158
125107110135179226274312335348342322285253234225235255277293300289261222
177129094091113168233295345377390376331278237214209219242273303331333298
240170108066063096158233305375415427405346274214181171188231283335369369
324254166089041039083158241338411451456411329239171136137168228303367407
403346249153070021024080168269370444481462399287194130098107153240330407
444427351231133053015040110207321416486508473390267169102068090158259361
436462434343226125055032075156247363450499493433316203112054050092177292
387454462418323211122077083137220317407473494466387267159088051065117208
315401459463412311213151125143196263341413456459412317211128073056084133
212307379422417363278207166158181223275325381409401343257179120083083110
159222297355383377337294245213207218240274313348362343284221167126111119
143177225276319337337321300271250239239250270292312316301262222184153139
147163191225263299320332325306283261251246250260275286288277256229201177
162156161179211251287313335338326301267248236236243253263270273265246214
178151139142164203248293324345349334305263233214209226247268281288279258
221180145127131163211267319358377371339299256222207203217243277307319312
276233181141118125160223287346391407393350285230197183191221257301336347
326273215157123119139190251319379410411377317252203174169193236288340368
364323258191140113121162221291360409427402343271210163148167206267327375
392366302221158115110141191263339399431423376302225163132138176237305366
402397353273196131111128177244317383433441409338244174126116148210282351
404421392319233166123123160221290357413436424365273192126097114162230301
366407411368283203146130148190252315375413418380297212145098092124191267
340393414391331253188157160194242298351393409386321240165113094114156222
293357393394353283224190177195233272316362387384336267197138107109136182
245307357380363316262229213214235257291329362372347296231175135118125157
204261312345355337306276253241243257279301318326330304261210167141136151
176209259302334342329310292281272267269277294306312306283255224191164150
154176209247283309328337333314296278266261259263273284290287274245206171
145137151183223265304339361363342306269245233230241257275295306302275225
173131116127162211264320366394390357307257220198194212243283321345346309
246175115083086126192266337390421414371297223168140143175234295350383383
333251161090053063114195284367432453432366266181117091107160246317395427
410341241141065037069140238337433473468417313203123057041076165259361434
463431341225130063042084160271372452481456383258164071014016073173293393
459473427321207120063065119210313405462470423323220119033-08016089195316
410466465406295193119082104161249336405445431369256175089018-07037115213
324405448439377283199143119142194266338397414388313223139065026039090163
254341400423399332259201166166192234285341375374332261193129086076102149
208273337381389360311264230214215228252286318337328290239189151128126142
177220273321351351326294267250239235239251275295303291258221195179171168
175193229272308327332321311296280265251244253265278283277265248232213198
188186201230262291316332335333316291266251241243255266271276276269255228
198177177194224261293322346353346316279243217208213230255277293300289259
223190169161171201246294340367371348304263217191183194222261296321328309
267219177149144162204258314362385380339280225183160158181226276324351349
313256202157133137173226288344386397368309241185146130151197258316360373
349294226171131121150204267329378401385329255186133103111156221292353390
390343267199145117129172236301361395399360285209142090075106175255328386
407385322245175129117143197264331383405382317230153090055069125210296365
409413371292213155123128168236302361397392343269181107056049088161247330
394419398336257186141131155207276337382393363296212137073037058119201289
364411419382307227174148155188241298351380373324247175105062047089161240
317381413404349277216180172191227273321356366343284221153097070087135197
267339386399371317267227207206223255292327349348318262199142105101125173
227283337371377351305265241233237247266286309325320291243194155132129144
179223277324350355335304279261253248251256267285295295276247201177151142
151173212260303332347342323301278255237225227243267282286279260238212177
146134149188241288324347356344315274231201185187211241274299313302271225
175136119134176233293345379392372327266202158137142182235287331355352312
249182128101115169242308371408417387318236168111087105163243317378405392
329248171112084113176257344408437424367271184112051035071148253345416449
423347251167100076111183277362425446420334233142057-06008071176295389458
471426329218139084085135225319400441439379274172083010-25012095208328418
475471412307209136098109162250342408436419354250149052-10-14052140247359
439477460389280198138118142194259341399417389310212116040003027093187286
376439461434364266193148141172228294354384380335253174096045041084148226
317385428430389318249199176180206252306347362342288227168115090100140195
261326380404394355301255221211219237267303325334312266217173144137151184
223272323361374361327290261241232236247266288302304287255221192177177190
210240276313341350342321296273254243239244256269278278266252236216206200
199211235268301325335331319299276252231218215227244259266267261251238221
203196200221249281308323328316290261226198183181194219245266279280267244
214189177179199236273310332335316281238197166151157182221261296314314287
247209183172182211248291327351347319267211167137129151192248297336351335
289239202175169188224271321356368347294229172128107117162225288346378377
340282233189164167197245302348371365319249183126085080115179253325379400
381327263203158143163207265322360370342277201127068043070132213296366408
413378310239182149152184239303355380372317235159092043043091169260343408
435422372287216168153168215274335373380346275196119060031059125214308384
433443408334260196163162190240302356381371317237155081037040088167257340
403437433385309235185164177214270327366375346280201137073041057112189275
353409432414360286227189181199239289332359361325269195126077066094153223
297363407420399346283232206202221255294326342337301247185129099100133183
245311365397401372327278238215211223253285311324316286246200159134131153
196249307354381383359320280242217209213233261283299303287260223183159153
166201251301345373377361326284247218201195206231261291307310293263224191
170170198244297343372383373340290241195166160176211256296331347341305255
206176171195243299349384397383340281212156118108130185253315363390389329
260201165157180232294351388398375321246171107070069107181269347405431409
345262200159151179240308370407409371295206127063031045104195294379440460
426349259189149150183248322382412409359260168088026006040114217323408468
474429341247180146153193261339390412399322223140056005001059150256357435
480467410313226167144152196269342386399369291200112038001014077168274367
439469452388292209159141156206274335374380336253166094035016055127221312
392446457423356271205166156181235297349372360307233157100059056095155232
312379427431395328256207176174201241285329351331281225162113090100132185
260333386408397352296248214190189221265305327327299247195149123124150186
235290345380387361314267232208198205228258287302296266227192166157165187
217258305346367363335296262233213207212229252273281277257233211193186189
203228264299329345342321287253223204197200216236256269271263253238224212
205214238271308331337331310280248215188176183203229257274285285280267243
224215225249279309332338331311275241200170159168195235273302321324313287
258235226237258288317339346336305261210168145140159196245293333358359335
299262238228237259291323345351333294243187143118122157212275331371389377
340290248223216227256293329350350320263201142099084108160229298357401410
386333273227201197216254297339360351303233165100061061104174254333391425
419377309247199180186218269323355364338285212140070035045100180267351413
444433383302235188175186223280332365371338266183106043018053121212306384
439454429363277216179170190235296346377360305221154066025032087174265354
420456447407327257200169169198250310365379350281201126058029049110192285
364426452431378299235184161169206264325360368330260184110055044077147226
315384431438404337263203164154170212275325352353310245173111078077110166
239316380423428395330260205168157172207258305334337298243184138113113142
188254324382409403364301244193158146156186234281313322300258213173151145
165211271333378394383346292238186149138149181225269305324322295255215183
172188227285338374384368328276223170130115124157208264310340350333292245
213198205236284332369380363322269212155110091099137199264322365386373328
271226203204230277324358369357318264196133084063076127197275343394416398
344278225198195218263311349365352312252179111061042068128211298372423441
418357285230198194215259311352368355301234161088038032073149241329398444
450413340264207176177203248310352369349294219142070030032077156251341414
454451410333252193163165199254315358369339272194120055026046107188284366
429456438380296223174155161202264325362366322247173098049040078151236321
396442448416346265203169162184233291344369356298220148089060075128195271
350413445438394316245194170174203252309350363335266192133095090126186254
325387427435407346277221184172190229281324346340298242183135116129170218
278340390417407365305248203176170190231276315327316276225182150144168204
248297346382394373328272223188175185206240275302314302270232195178182204
238274311353378379350300250210185179190212242270292303294271244223213220
235261292330360370354319275238204184180193215241270296308304290267253247
249260279305336357357336298258220187169168181208241273301318323317300280
266258265285308331344340318286247207175154152166196242285321342350338314
288270263266280300317328328311278236190150126123148192247300340367376360
325288260249250265292312325326307270225167121096098134194257319367395398
370324277245229228245276310336337311260200140090064077126197273344398424
417376314260226212214237278321350355322254184118060041067135215302379434
450426371296236200188197236296342372369318241164089034028075157252347420
464460422344268206172167198256325374395371301215134063022028088178281373
446477460404313236180154155200273340389404372288192116050018044118214314
403468484452378278203150134150205281351397403356274193114056038075150242








