MUMBAI                                                                          
1937
000000000000000000000000000000000000000000000000000000000000000000000000
290369427448433372274189128104110152222305357378357290213143113104128177
241311384424424390317232168122107119189253314344347308247189149140152189
232286341387399378317253192143122128152198256302326323286244204186183201
222253296341372372332271216171140134143168204247286305296271247229219219
226241268305338347329274235186152134134152171201235262283286274259244232
229232244262290311314302262219180152140137146165198241274293299293283268
256244238241259280299299286256219186162143134137158195238277305320320305
280259250244247259274286293286262235201168140131143183232280323350363357
326296265247238244262283302308299271232189143110104128177232299344375381
366320283247229222229253280308323314280229171125097101134192265329378399
396366317265229207204219256296329341323268207146097073085131201280350396
418396344283222189174186216271323350354323259186116070055082146235323393
436439402338259204171165180232293347378378320232158097058058104183274363
427451433378296219174140140177244320366396372299204128076052073140229314
402451457421344256183137119131183271347396408363268180113073073113183265
354424460445387293204143107107143213290366408402341247165113091110165238
317393442457424350253174122101116162235317375399381320235168131122152201
271347411445439390305213149104091113168235323369387363302235186162165192
235299360405424399338259189134104104128180244317354372357314262222198198
222262317363393396363308244183137107107128174235302347366357326290253229
219235262305341363363335280229177137110104122165219277323354363354323283
250232232253286320341347329290241189143110101116152204262320363387381347
299259235229244271308332341332302259204149110091104143201268341390421414
372308256226210219253293329357357323274213152107073079128204286366427451
439387314247204189192232283338381390366293216140088061079137219317396454
472448384293213168155168222293357402411372290198122064040067143235338421
475482442363256177134128152216302378421427375280183104061058104186283375
457494485424317219158119122168250335402439424360256165101070082137216311
402466488451369262177122097113171268347405427393308213134088082119186274
363427463451396299207140097091131204286354402411357262186137113125171229
296372424442408335247171119097113162232305363390378317244183146140171216
268332381414405354274204152110110134201262323357363323265213183174189216
250296344378384347286222171131116128168213265311332329296256226210207226
241265302335354344299244192152131134162189219259290305302219256244238241
247253268293314323302265219183155149152165192219253277290296290280271262
259256259271286299299280253219192174162158168186216250274293305308305290
277262253256265274286286274256232207183162149155177216253293323341344326
299271256247244253265280293293277250210177143131134168210262314350369363
326290256232216216229253280302305286250201149110094110155213280338378390
375326274232198186192222268308338341311253183128091079104165238320384421
418381317253198165155177229293341372369317238168107073070116192277357421
442424384274207155134146192271335390411393326213155097058067131216311393
451460421335238165116101122195280366408424393299201122064046085162262363
430466457387277186116073073110186286378421427372265171101058058116207308
396457466424329226143076046061122219329393436421347244155097070094162250
344418460448384274183107055033070146253341405433402326229158116110149219
299375427445411338244158091049052104177277354402411378311232174146158186
241311384405408369290210143091067076122186274341384390357302247210189195
216256311354381369320259201149101085101137198262317357369354314277241222
219229256296329354347308256204158128122128152192247302338360363344308271
241229226247280305320323308274232189149125122143180229286335369381369332
286250226219229259290317329326299259213158125110125165222286344387405390
344283238207192198235277320347350320274207149107094104152222302369424436
411347271216171155165210274332378381347277204140091070091143226323399442
445402323238171128119140204283350396405360283198128082064094171265363433
463442381286198137101101143226317378418411354262174110073079131213308390
451460418338235158104085104171259347408430399323226152101085113174262350
424457442378274189122079082125204299372421424372277195134104110152222308
384433445399308219146094076094162247347399421399326244177137122146198271
344402424405338256180122082085128198283350396411375305229177152158195247
308363399402363290219158110097119168238311363390387338271222186177201235
280326366381363311247189140110116152204265320357369347299256222210213232
259299332350350320271216174137131149195235280320341344323290265247241247
259277302320323317286247207171149152171201235268299317320305283271262259
259262268283299302296268238204171162162177198229262290308314308299283274
262256256256265274280277268244216192171165168189219256290314329332326305
277259247241244256274286290280256229192168143140165201247293329347354335
299259229207195204232265296311302274235192146119119146195256314360384378
335283235192165158177219271317344341296247180128097097137195268338393411
396338262198146125125165229305357384378320244162110082088143222314387433
439396314226152104091110174280363411427396320222143088064094171262357424
457439369265177104055049097189286390442445390299189116064064113204305396
457466418320207122055018040116222338427463448378265171101064079149247350
424463448378271165079018000049134265366442472445366256168113091125198299
375442460427332229137058012024088183293384448466427344241168128125165235
320387433433384286189116049027052116207302384430439396320235183152165195
256323375405396338262183113067061094152229305372408414378314250207186189
216265314357372354305244186134101101125165226293344378381360320274238216
210222253290320335326290250204162134128137168213271320350363354326290253
222210207219250280305308293262222183149134134158201250299335357363341299
253213189186198229265296311311290250198162137131149192244299344378384354
296241195165158177219268308332341323277222168128116137189253320372402399
360286222168131122149207277329372375338280213158119110137198271341396421
402341259189131104113158235311366399396347274204149116119162226305375421
427387305226149094085113183265341396421396326259180131113131186268341399
427408344250168107073085134216305375418424381305219158125122158222302366
408414372280198125070067104171256341399433414350265195143125143183256329
387411390317232146088064082131207296366414427384314232171137140174232299
360396399344268186125079076119183259335393418408360277213168158174204247
296341363360293216149101085110149213290350396408372314247198177180210268
326372390363314253183137104104137186244308357381378341283238210198210235
268308335344326277216165125113131174219262317350366350311271244226222229
250277308326323293250210177152149165198232280320344350335305277256247244
250256274290299296271241210183165165177201235274305326332323305283262244
238238244256268280283277253229198177174177201238274305326335335317293268
247229219222244265286296296274250216189168165189226268314344363363338296
256222201192198226262302323329311271226186158155177219274332369387381341
283232186158149165210277326366375347283232180146137165219280350402414387
326250180134104113158232311372411408366299219152122122162232317384430436
396320222143088061079146229329399448445393305204140113125177253344411454
445381280180097037024067158265369448478460387280189131110131195286378442
466421323210113033000027097201323411478500457375265174122110146219317402
448457399302189097033-03027091210323418491500454366250174131128162238332
405448439375271168088027012052131244350433488482433341244174143149183256
341408433408341247155091049043079158256354424463460414335244186165174198
259335384408381314238162113079079116183259344408439433396326253207189189
213259320354375354299238177140119125152198262326378405399369314262219198
195207235277314338332296250201171155152168198253314363390384354311265229
201189195219256293317323305271235201180171177210253302347369369347308265
226186171180210253290317332323296262226195174171192253299344369372350302
253207165146165198253296332354344314283235204177174198253305350378381354
293232183140125146192259311354381369332299238195171177207259317366393390
350280210152110104131192268329384405393344280219180165177216271332375399
381320247168119091104155219296360408424396338259204174171192235293354390
396357280204140094085116174253329393427424378302232186171177204253314366
396384320235155101076091137207283360411430405344259201171171186229286344
381384335265177116070070110162244329387421418369296235189165177207265320
366378357293213143094076097140210293360405424402344268213186177195235283
335369369323250177122091091125171244320372411411375311256210186183204247
302341357338283219158110088104146207271326375396384341280232198186195226
262299326332305253192143113107134183232286338375381354305256222201198213
238268296311308277232189146128134162201250302341366360329290250222207204
213235256283296296268232189158149155177213253302338357354323283253226207
201207219244268280286274247213186168165186219265308341357347320283250222
201189189204232265290302296271238204183171183216265308338354350320283241
198168152149174219265302326323296250210180165174204256305344366363329274
219168125107116158219283335366366323262219177155162198253314360381375329
262189125079067085146222302363408405354283213165146162198259326378402387
320235152085033027064140238335408448433384286198152131146195268341393411
387305204110043000009064152268366442475454381274195137122143195283357411
421378280171085015-21-03070165286390463488451372262177122113137201296375
414421363256152067-03-31-03079186314402466485442357247168122110137210305
375414405341238137058003-09040119219335414472472424335238165128122149216
311378408387317222137073030027076155256338414457448402314229162131128158
226305357378354293213143085058067119189271347402433414360283210158137140
180241296335347320271210155116101113155213286344387402384332271210168149
152183229274308323314277229189158143152174222283338375384363317265216174
158155171213262296317317293259226198177177198238283335366372350308256213
177155152165207250290317326317286250216192189207241283320350360338296244
195155131131152195250296329341329296256226201195207235274314338344323280
226174131110116149204262314350363347311265229207198207235280317344347317
268207152116104125165229290341381387363308259222204201213241283326354347
305241186131094094125186259326378402396357305247207192192210250296335357
341286219149101079097146210286347393408390338271226195186192219265317347
357314247177113076073107168244320378411408372308247207183177198238293338
363347290207140088064082134204280357402424399347277226192174180210259314
354363317244168104064061101162229305369405411375311244198171165180219280
326347335274207137085064076122186265329378408393344277226186165165192244
293332341314250183125082073104162222293350393405375314253210177168177210
265311335335293235171131097101143198262311366399399363299241198177174198
235277317332320277219168134122140177222274335378396381335277229189171174
195232268302317308271229177152143165198238293344378384360308262216183168
168192226265296311305280238204177168183210256302347375375347296241198171
155162180210256290320323302268226201186192216259305350375375341293238189
152134134152195250296332344329290247210189192210250299341366366332277219
162119094097125180253311357381366314265213189186207247296341369369338280
207143091061067107177262335393418402350274216183177195238299344375378344
274201125064033049107192283372430457439372283216177168183235302357396399
354271174094033012049119222329405463472445332241174149152189259332387418
396323226131046003006061149256360445491482427323232165137140180259338402
424393311210113037-03012079174280384454491475408299210146122131180262344
402421387293186097037012040104201305390460482451378271189134116131192280
363408408366256171097055043079149241329402457466427350253180125113134195
286354390390338259177119085091134198271350421457454418344253186149149171
222290347384378332265204158137149183226293363414436418366286213162146149
177219274326350354320265216186174180201235280341387402387335271219174152
152168201247293323332314280250216204204219247286332363375354305250204171
152152168198241290317326317293262238226219229247277314338341317274235198
165152149158195238280311326326308283256235226232247280305320323305271235
189152134131152192247293326344344326296262235226226244274299317320302268
226177140122122158213265320360378366329286256238222219235262299323323296
253198152119107122168226296350390393369332283244219210216235262299326335
308250186125094101140189250311372402399369317262226207201213241283323347
338293226158107091107143210283344396418405363293235201192204229262308341
363341274195134091088122174247326387436439414357290232201192198238293344
378378323250174116088094146213283354414445427381308244201180177201250314
363390363293213140097082110171244314350411445424366274213177165180219277
338375384341268189128094094134198280387436451442402329247195168168192235
299357393390338259186137113134177241314378433457433384296226183162171204
253314366390375320247186146137168210280341396439442411347268213177165174
204262320366384363305241201177174198235286344396430424384311238183158152
168207259317360372354308259216198195219253305363402408384326259201165146
143174213259314350366354317265235213213235268305347381390360302238186149
128131152189247299347369363332290250226213229256299338363366338293238177
128097107128180235296354387390363311262226219229253290329354366347302238
168107079085116162235305369414424396335265222201201229265317354375357311
244162097061052082149229317393442445411344259204177180207253308354384378
326235149079037030070146241344424466463430344256186152149177238311372405
396332238131061024027076152256360439488482430329229165131137171247326390
421402329226125052018024082177283372451482460384271177122104122183268350
408427381283180104043030064131226326402454463427335229146094082110174259
341399405350247155085040040088155244329405454448399314213131088082125189
268338378372323235152094061079125189259326381408390338244158097070082122
189259320350338286216155116104131171210265323369381396326244174125122143
186244305344375366323265216186192213238268320366402405363293229177143149
171210253296332350341311277247232235244259290326366390372326271219183165
168186216256293323335332305286268259262256259277317347357323277238207183
171168183207247283314323320308296283268256253262280305320314296268238201
177152155174204244283317332332329311286265250247250274290305308293268241
204168152149162201250299338357354341314286262241235238256283302314302271
229183149125125149195253311357375372347314271238219213229256286314326308
274226168128110116158213274338369393381350296250216204201222256293329341
329268207146107104125171232305369414414381338277232198183192229274329366
363323253186128091091134189262338399430418378311241195171168198241305354
381372305229149097079097152226308384442454424366280213171155162195265332
387405369286204131088082119183262341408451445402317235174140137165216286
357399402347262174104085110162232308381436451427357268189137119131174241
320381411387314232149104094134192262335399445442393311216152113110137192
259335387405369296216158119122165216277357418439411354256177128107125155
210280350390390344271201165149174213262317381424424387308222162128119134
171226293347378375329274222195192210238277326381411399357280210155125125
143180229290338369372344305262235226235256283326366387372329268207162134
131146177226274320360369357329290259244238250271302338357350317265210162
131122134165201250311347384384357314268241229235253280311332344323283232
177131107104131177238311366402411387338277235213207226262302341366357314
247183125088079107158235320390433439411317247192171180216268326369387372
317238165097061064107183277366433466448393305219165143152189253329390414
393317226137073037049104195299387454475448381271186128110125183259344405
430399320210125052030061128219323411469475439350235155101085107174268360
421439396296192113058046082149244338414460454399299195119079079125198296
372427427366271180116079085131195280366433457430354250158104079094146219
311381418402338241168119104128177235302375421424378296201137091085113162
241323372393363299222168137140171210256329381408393332247177122097104137
192259323357363326268216180162177201235280326363372338274210155122113137
168216271314332332296259226204204219232256286320341341299235189152134140
158192229274308320311286265250244244244250265290314323305268226192171162
162177204235271293296296290277268259250250250256271286293283256226198180
168168174192219256283302308302293280259250238238250268277277268253232210
183158152162186219256286311323320305277253232222222235253271280280268241
204168143128134168213265305332344335308274238213201204226250277299305290
250201149119113128168222283338372375347305247210189183195229268314335329
290229171122094104143201271338384402384341280222177158162195244299341363
347293219146094070094149222299372411414384323247186143128143192259329372
384350277189122073070110180262344408439427381286207146113113149216299366
408408357262174113073091146238320396439445414341235162104079101165247326
390421408335232146088070104165250341408448439387286189122073070107177268
354414430390311201134091097137204286360418427390308204125064043061116204
290363399390335247168122097122168238317390424418366268180107061052088152
226317375405387326250186146137168213274332381402381314226152097064067107
165244311360381366314256204174174198229271326363375344274207146104085094
128174235296338360354317271232207207213232268305338344314259201155119107
110131168219274320341344323290256226210210219250280305314299265226177140
116110125162210262308341350341311271235207189192222259290308308286256204
155119097107143189250308347372384332274222189174174198232274317335314277
216152110079091134192268329378402390344265201158128140183241302347366341
283207140088064076131219299372418427402338247171119101110168244323378396
381308219146088061076131213305387436439393308207140088076101171265344402
418375296204131076061091158247341411451414366265171107064067110192290366
408408357265180113073073116189280360442427384305210131070043067131222314
381408387320235146097079110162238317378433421366268186110064070113183277
354414427387311235165131134165222283354402418387311226152094076097146222
299372408402344271204168152171207253305363393384335262192134094097134195
259329378393369311247207186186210238274323363372347286219162128122143183
232286335369372341296259229226235253274299329344341308253201162143146171
207247286326344335308277253241238244253265290308314302265222192171165168
183207244280311323317299280265256250250253259274283286274250226204189177
177183204241274296308308299286277265253244241244250265274268259241219198
180171174195226262293314320320308283262238222219226241262277280277259229
195165152158183222265302329341341317271235204192198213241271293311305274
222174143137146177222283329360372347305253204171158171201247293329344329
280216158119107128177238305360390387347277216162128122149201265323366378
341274201140097091122189265338396414393335256183125094097140207293360399
402354268189125085088134207293372421427384302210137079058082143235323396
436418357250165104076101165250335405439424366262168094043040085174271366
436454421338235152097082119192283369430445408326222131055018037107195305
396454460408323219146107110155235320396439436381283186104037018061128238
332411457445393299213152122134183262338396424402338244152082030033082162
244335408439421363283210158143158207271341387399369296219146085055064110
183265341393411393344277219183174189219274323357369335274210152110088104
137192253320366381366329283244210195198216256299326332311268222180143125
131152189247302341366363338302265232210204216244277305317311286256216177
146137149189238286329354366354326280235195180186216256293314317308280244
198152131134171219283335369384369329280226180152155189238280326347347320
265201155128131155207274341393408378317241177134122137186253314366387372
317250192143113125165244320381414408369286210146104094128192262341393414
387320241183128110131183262341399424408350256177116079088131195286366411
421384311222162122113146204286363408421381299213134076055088155247335405
433421372283204152119131177241323384418399341253165101055061116195283369
421436405332247177134125146201274344393405369286201125070052094155235323
393430427375293216165140149186238308363390384323241171107067079128192277
344402418390329259201162155174210265323360369338268198137091079113165232
305369399399360296238201180189216253302338360354308244180134107116158210
268329375390375326274232207201210235265302326332314262207158128122146186
226280329363366335293256232216216226247268293308305277235195165152158180
207244290323341341317283259241232229235247262277286283268238207186174177
189213241277305320320305290268247229222222232250259262262256247232210189
177180204241277305317320314299274250222204198207229250265274274271253219
192171171195229268305326335329308274241201171165177207247283305314302271
226186155152180226274320347360350317195152131140171222274323350354320265
216165143149189241296347375378347286222155113097116162232302360393387338
265195149128140186250314372393387335320274195119070058088155241329393424
411354265192137110125177250326384408384323232143073024033088171268357418
442411344238165107094125186268344393405366283177088015-09033110201317399
454460414317213140097104140229314381418408338232134052-09-21037122238338
418466457396290201128101113165250335396418387311204110033-09009070162268
363436469448378271192134119137192265344393405372286195107046021049107186
280369430454427366271198149134152207277338378384341268192119073061088140
216302378418430405341268210174165177222277329360366329265204149116110134
171232305366402411384332274232198189192219259308335341320274229192162152
162195238296350384393372335283244207189186204238280311326317296265229195
174174198241290332369378366332286238198168158174210262296323329317293253
213183174192229283329363378372341286226180146137155204256308350366357323
271222192180186219271317366384378341277216155119116143198262329372387372
329271219183171183219274332378393375317256180125097104143204286350402414
390332265213177165183222286347387393363280204140094082110171250332396430
424378302238192171174201250317369390378326244165107073079131201290363418
433408350274213174165177216277335375387350283198131076064097162241326396
433430390314247192171168192244305360384378320235158101067079131201283363
414439421360283219180165177216274332369378347277201134088076110171244329
390430430390323259210183177198247308354375369317250177122094101149213290
360408427411363293241201186192222271320350360335274210152116107134186247
314372408411381326271229207201213250286323344344308253195152128137174219
277332378399390354302256222207204226256290314323314283241195158149168204
247293341375387369329286250226216219235256283302308296268238207189180192
219259308344369372350317283250229216219232253274290296293277253229210198
204226262308344363363344314280250222207201210235265286302305299280256229
207207229265311344363366347317277238204177168183216256293320332332305268
229201195216256296335357363347308262213162134125146192247305347369366332
274222189183207247296338363372350308247183125088091128183259335387414399
350277219183174198244299350381387354293216143082055073122204299381436448
411354268201162158195244314372405405357268177101037015052125222329418469
475433350253180143146183253332390421408341244149067009-03046131253363448
494491436341241162131134180256344405427402326219125037-15-09058158277381
466506491424314219149125134192274354408433396311204110037-06021091201308
402472500475405293207140119131189277357405421375290189107040018055122216
317408472485451375274195143128140198280350396402357274192122076064101162
244329405451457421347259192149137152204271329369375332262198149116110137
180250323390427424387323250192149137146201259311335338302256213174149146
171213274332378396387347290238189152143155189238283314323311283253222198
186195229280326363378366329283235189158143152186232277311329329311283253
222207210238274317347363357323283235189152137143183232277323350357341308
271238222219238271311341357347317271219174140125134174232293344375381363
320280244226222238268305335354347317268213155116107131186253320372399396
369317277235213210229262311341357344305247183131101101137204274344396414
402363308259222204210238277320354363338280213149104088110165241320384424
430399344280232201192207244296341366360314247174116079076122192274347405
433418378311250207186183204250305347366344286207143091067085143222305378
424433408350280222186174183219274326357363323250174110070064110180256335
396427424381317256201168165186235293335357344286210143088070088143216293
360411427408357283226177155162198256308341350317253180122085079119183250
317381414414378317250201171162180219271320344341296226171122104116162210
274338387408393347280222180158158189238283320329311262204158128116137183
235296354387393363314259210177162168195241283311317293250210177158155174
210265320366390378344299250210180168174204241280305317299271238207192189
207241290338375390375335290244204180168174198238271302311311293268244222
213222253296338366372357317268229189158146152177219265299320329317286256
226213219244280323350363344308262213168137122125152204256311347366357320
268235216216241277320350363347311256204143104085097137204277335384405390
338280232210207226265311350372366323265198128076052070116201293375427451
430369290226192186204250308357384372308229146079027018067146247360433475
469418329241186158165204268344387405378311213125055009006067171280384460
503488421314226158137143189271354411430402317201113040-03000076183299396
478509485402283201137113122177280366418433390296189097027-09009097204311
418482506469384271180119097119186283366421436378283183094030009052131232
332421472482439344241155101085107180268344393399344238155116052061122198
290378445472451390293198128091094134213299366393375308229162113097113158
229305384436445414347259189128107113146210286338363354299241192162152171
198247308372405411378311241146128116122158216271311332326299265232207192
198222265314357378369329277226183146131146174219262299320323311286265241
226222238271308335344332299259219180149137143168207247286314326323305280
256241235244265293314320314286256213180152137137158204250296326341338317
290265250241244253277302314314283247204168137119122152198250280347366360
329290259238229226241268299317314286247201155122107122162222286344378390
372332286247222213216238277311326323290244183125091088116177241344372402
405375317268229204201213250290323341329286222155107082094140213283354402














