MUMBAI                                                                          
1954
000000000000000000000000000000000000000000000000000000000000000000000000
311283268259262268280299311308286253204162122107113152210268323363381375
338296262241229235247274305323320290244195146104088110158226293347390408
396350293250222213219244283317338341302238177119082076110171244323384427
430405347277226201192207244293341366354305232155094055058107177262347408
454439396323256204174174198253314366381363296210131064033055116204299387
448469448390296222180165165207280344390405363277186107046033073149241335
414482478439354253186146134152210290363405405344250162085043046097186280
369448482463402299213149113113152222308372405390320222134076049073131213
308393454466427344244171110079085134222302363387357280198128082067097149
229320390436433378290201131070052073140229308354372344271198143113113146
204274347402427408344259183119079073104162232311357372344286229189171174
201244308366402408378314241171116091097128186250305344363357317280241219
216235271320363387384344286222171128107104097174232286332354363354317277
241229235265305335354350323277229174131104101119165222283335375387375335
286253238235253283314332335317274226174128101094113162222290347393414402
354293250226219232262296326341335302244183128085073104158226305375427442
421366293238204198213253302341360357314253183119073061094155244329405454
460424347277210180177195244293354384375326247168101058055097168262357433
466454408323241186158152183238311366396378305216140079046058110195299381
448469442372277207152131137180256332381396357274189110058043079149232323
405485454408317232171125113134198280350390387329241165097064067113186268
357421448427366271192134104107152229308363387366299219149097085113171241
317384427433387305165162119107128180253323360372332259192140116125168219
280344396418405335253183134107113149213280332360354302238186152146177213
259314363396396347277213162125116140186241293329347332286235195177189216
250286326360375354302244189149128134165204247290314326308271241222219232
253213241335354354317271219177152146158183222256290308308296274265256253
256262280302323329314280241201168149146158177204241271290299299299290283
274268268280290299299286268238201168143140152177207235268296317326326311
286268259259265274283290286277256219183149125125149192238280320347357338
308274253241235241256274296302283247201158119097097128180241302350378378
350302262229210207222253286314323308265213152101076085125189265338396421
405363299244204186189216259308341354329268180110061046067128213302372424
436408347271204155140149192262329369381332256158088040018052134229326402
454448408320235165116101122186271347390405335241149064012015076171274372
448472442363253168091052067128229326390424405329222128058024049125229338
427485485427323213128070058091165265360427448418332219134070058110192293
387463491466390274177101049049091177283369433445402305204137101107158235
326405463472433341235143082049061119204302378427433381290213162140162207
268350411445436381286198131079061082140213296357399405360293235198189207
238283338384405387332259189134091146171155213280335366378347305259229219
229253286329357369344296241189143119116134165210268317350366363326296271
253247256277308332338323290247204171143134140165207259311347369375357326
290259247247262290311320323305271235195155131128155201256308357387399384
338290256232226238265296326335326296247201152122119140189250320375414421
390332271222195189210250293332354347314253192134101091122186265344405430
427378308241189162162192247308354372369320250183125088088125192274360421
445424366283213165137137180250326375396366299219149101079097152235326399
442442405317229165122116143207293357396405350271195134094091137204293369
433454427360262186134107122171250332381418396329247177122097122180256338
408442442387293207143101097134195277357396405357277198140104110152219286
360408424390314229158104073091146229314375402390329244180137122146195259
329384418408347259186128091088122189274347387396360293226177152162198247
305357390396354283216155113101122168232299350375372323262216189186210244
280323363378366311244180137113116149192244299338354335296253222213216235
256283323350354320268213171140131140171210256296320329314286259244241247
256271293311323317280238201168146143152177213250283302308296283271265259
256256265280293296286262232201168149140149177204238268293305308308299286
268256250253262277286283271247219189165146143165192232271305332347344320
286259244235235244262280293293271241204158122113134180235290338372381366
323277241213201207235271305326329302253201140104091119177244317372408414
384320256204165155177226290335369375329259186125085076116183268347418454
439381293213158125122158226311375411405341250165128055061107198299387454
472433350238152091067085146241335408451430360238149079043064134235338424
482478421311198116049033073165271366448472436344232137070052094174283384
463494463378247146061009018079186302402466478427323207128079082140219326
411466475424308192104024-03024104204326411466463405293198134104122174262
350418454436360250158073018012055131235335405448436375277198152140162216
286360405418387308222143073037049125162250326387414399344277219186180198
235290341372375335271204146097076091125180244308350369363329283250222213
213235271311332329293253207165131116119143183232280317338341326305280253
232222226250277293296277247219189165146140149180216262305332350350326290
247222213219235256271283293283259226189162149155183226271314354372378350
299250216198201219247274305323323299253204171146149177219274329372399390
347283229189168177201244293329354350314256195149128137174226290357399418
393329256198162143162201256317360378360302235180137125143183244314381414
414366286213155119119152213283347384396357283213155122119152210283360411
430399326238168119097125177250329384414405354268201149122137177244320384
424424375274195134097094134198280350408424393317238177140134162213283357
405421387308222149101082110165247326390424418363280210162143158204262332
387414399338250174113079088131204286360408418384314241183152152183241308
363393390344265192131085082113177250329381418405357286219180168186226274
329369384363305232165110085097143204280344384399372317256210189192216253
299341354354308253195146113104131177235302350375372341293253226213219244
274308332341323283229177140122128165213259308344360354323290265250247253
265286305320323302262222186162152165195229271311335347338323302283268262
259265280290305302283262229204183174177189216256296326341341329311296280
262250250256277290296290271250229204183171174207253296329347357357338308
271241226222238262286308311302280250204168146152189241290332366384381344
293247207183180201247286326344341308256201152125128168226286350393414399
347271207162134137174235305357387387335262192134104113162235317384430442
405326232155101079097158247335402439421354256177119088110171256347424463
451402280180097037030076168268375448478442357244162104085122195296387457
482439344219122040-03015082189317414488500448344232152101101149232335421
472475408286177082009-12021107229341448509503439326226155113110174262366
439466439366244143058003-03052146262375457503485411308213149125143201286
369427445402317213122052018027088180280375445472448390290216168152174222
299363402411366280201128076058076122192280354411430411357283229189180189
226286338363360314256198146107094110149201268329369387375335290250219204
204226265299320320293253213171143134143177216268314344357350329296256226
207204216238265283293286262235198177162158177204250296329347347332305271
232204192195219250274293290277256229204183174180207250299335357363347308
265219186174180213250283308317314286250210183171177210256308350375381350
296241195158143158198256305338350341302256207177165177216268326369390381
338271210162128125158213274329366378354299241198168162183226283344384393
360296226165122104122168244311363390387344280222180158165195247311360384
378323247177119085094134198268344390405384326253195162149165207265326366
381347274195128076061094152226305363402405366293222177152155189244305357
381369305222146085055073122192274344402424402338256198162155171213274332
369375329253174104061049088152232308375414414372293229183158162189241305
347369344280201134076052067113186268338384411396335262210174165183219271
326354354308235168110073070101158229302357390396363305253207183186207253
299335347323271210152107088104146198256320372387375332280238207201216232
268308326338305247186143119122143171213271323360369347308268235213207213
241265293305299271229186152131125149180226280326350357338302268244222216
219232256277290290271244210177158152165195241290329357363350320290253226
213213226247268283293290271244207177162165195241290329357363354326286244
207183174186219256290311317302268229189162158189235293338369381372338283
229177143137155204259308347366347302244192158152183238296347390399381329
259189128097094131198277341393414390323244186149146186244311369414430399
317226146085055067122207305384445457418344253186146140180244320387430439
393296192107037012040107207320414475485433338241171131137177253335405448
436369253149061012006033104207335436500497436341238165125134171250347414
451421332219116040000000040134235347436512491430347244162128131174274354
414439396293186094030000009067168274363439488469411299216155131143195274
354402408357259162088037021046116201299384445460433360265198155140158210
290350381369308232155097058061094149222305372421430402341268207171162171
213277329350332286226174128107107134183238317369393396366314259213180174
189219262296314314280241192162149149174204259311350372372344299256213186
180192216247274293296274244213192180177189210253302338360350323286250213
186171174195229262290299290268244222201195201222259302332354350326283250
207177162162189232268299314314296268235210198201226259296329350347323277
229183152137146180226274317341338311271235207195201222259299332354347311
259204158119113140189247302344366360320277238207195201226265308341354338
290229168119094107149207268329369387366320268226201195207235271323347354
320256189131088082116171244314369402402366305253210192195216253302341363
354296222152094073088137204280347396421405357290235201192201229268320357
369335262180116070070104171244320384418427396329265219192186198232290341
369360302222146094055073125192271344399430418372302244204183186210268320
357366332262186122073064097155232305372418430399341271222186174186229283
332357347296226155107073076116183253326384421411372305247204174171195238
296335347323265192137088073097146204274344390408393344283235195180189216
265308329326299247189137097094125171235299357390399372323271226192180183
213256293317320293241189149125131155198256317366393393363317265219189177
186219256290311314296256210171152155180219271326369390390354302247207180
171177204244280311320314280238201177171186226274326363381375338286232183
152140146174222274311338335305256216189177189222271323366381372332271213
162122101110149213280332369375344293238198183189222271323366387375326256
192131085067085140213296363405411375308244204180183216265323372393378320
244165097046033064131219314390442442396317244195168177207265329378399381
314229143064015012058137244344421469460408320238183149155195262332384405
381305204113037-06000061149262366442485463411317232171146152192268344393
414378283183104040015021091177302384457488466399302216155134140192274347
390396357265171091043027058128210311399463482451384280201155134152207290
357390396341244165091043037085162247332408457466433357265195155146158226
293335372372317235168116088088131189262338402445445402329253192162152171
226283329347335283229174137119125165207280347387421408366290226177165165
186232280314329317277235189165162168198244299354390399378332271226192177
183192229271305320314286256229213213222241271314347378387363320268226207
201201216238277311329329314290274262253247253280314350366372338299259229
207195195201244283317332338323305283271259256259277305332347347317280235
201174165165189232274311332341332311283259250247247262286317335323299253
207177162155158192244299338363360335305274247241238244268296314326323283
241183152134134165213268326363381381344302262244232232241262299323335320
274216155119104125174232296350387405387344299259232219216235265305332341
317256189125088082122174238308369408414387332274235210201210238283329354
344290219152097067079128195274347396424414375314253210189189210250302344
363338268189122070061085146219305372421436411357280226195183189219268323
363369320244158097061058104174256329393430433399329256201171165183232293
347372357290210134082061082131204280357408439424372293226180152158195250
314354366332253183119079064097158226305375421433405335256201168155168201
262320354360311241171119088097146201265332390430430390311238183152149168
213265323350350302244189146131134171216280335384421411369293219168140134
155198253308338344314259207165149158189235296354393411393332262201162131
128149192250305341350326274229198189186210259308360390393354290229177134
113116140189253305338350332302256219198195219259305344369366326268210152
107082091122177244299344366363326277238207201210244290329354354317259198
140088064067097165238311366399396357299244207192201232274314344350323271
201131073043049097165247329396433427387320253213192195219265323363378347
280204134070037046101180274360433466460408320244201183189226277338384402
372293204122055030058113207308393457482460402302222174152168219286357405
411366274177101043027061137229335418469482457390286213158140149204290363
411421363262174116067061085146247341421469472442363262195143131162226305
372408405338244165101064070113183271357430469454396299219158128134168235
311375399372302216152107094119174232305381433454430363274201152140155195
256326378396360296226168140137177216265335408448439402326244189162168195
232302363399402357277226210204219238253305363414436408357280216180158165
174229271308323326320293259232222222232253293326372405375320253219195186
183198219268305320323314290274259247247256277302320332338335293250207183
174180207235265290299308308302286274265265265271283296311314308262226189
174174177192222250293308314317314299283277274274277286296305308305262222
189174174174192222277296332344347332317299280271271274286299305308296259
219180155152158189241290335366375372347302280265256256259274296326326302
253207165134131146201250314360390396381341296262241238238256286326338338
302244180131110107155216286347393421418387332283244222216219265308344357
357290219149104088101155235311372418433411366299247207189189216265320354
363326256183116067058097168250329399439448408341268210177171186229290344
384381335238146082052070128207293369418448439393314226162143143183244305
375396381305201122082052079149238320366454460418354259180125116140192259
344402399360268174107076079131189271347418460451402305210146110113152210
290360402402347247168113091116165238311378436457433369268186131104113155
216296363396393329250186140131158201253326390436442405326238165116104116
162229296354378372317259201171165189222271332384411399350271201140101101
122165222290338369357317268226207201210235277329372390369314250189137107
104122165216274329357363341302265241229229247277317344360344299250192140
107101122155201262317354369360326290262238226229253286320338329293247201
152113097107143198265329375396384350305262226207210238277308326326305265
207149104076085122186259335393424411369302250213192189210250302338354332
280207146082052064113183274354411436424381302232183162168201256314360378
357283210131070040064119204299384439454427357277204152140155201262335381
399360280189110049040076143232338405454457421341244180134128152210293363
402405347256168091052064113189286372433463448393296207152122125168238317
378411399326229146091070101158232317390442454424347253183125110128180256
344399418384299210140110116152216280360411445439390299210155128137174232
302366402399341268198162149168213262311369418433408341265192146137152192
250317372393375314253204180186216244280332375408405360280207158137146174
216268326360366335286241213207226241259293332369387366311238189155149171
195235286326350350320277247235247262274280302323350360329271216180162162
186219262302323332332320293280268265265280286305317329329296253207186174
174189210244280308326326317308302296283271274286302314308293274253226195
168162174207241268293317332335326305283268259262265274280290286277253213
180152146155180213259305335354347332308280256244238247265280302305299268
222171140128134168216271323366384375341296256229213216229256296323332308
259198146110097119168235305357399405387341277232201189198222268320357363
323250183122079082116183262341402433427390326253201168165183232302357396
393332247162097070085134210293375442463439384293216165146155189253329390
424402326235146088067094162250344418469469430347247168122113134198277363
424436396296192116070064116192290375445475454393290192119079085128204299
387439439378271168104076091155244329408460472439354241149085064091155232
332402445427360250171116104137201280357421454448399286192113061058097165
256344408436408332244177137140183235305366414436414344244158094064073119
186268341399414384317247198174186216256308357396405372302222149104082104
146198265326369387366323274232216222235256293326357369332271201146119110
122149192244302341363357329296265244235232247274305326332299256213165140
131134155183229280329357363341308280253232226229247277302311305274238195
155125116134171229283332369384375335286244213207213235265293317329308265
210152113097113155210280341384402387341277222183168180210250299332347329
274201137091076094143216299363408421399332256195155143158201259326369381
347271195131082070097162247329399436433402326235171128122140198274347393
402363277192122079073110177262350414445430372277195134104107143216302372
408396329238162101073085137210302372421433396317232152101085113171253332
393414384296207140094091128189268341399430421354256177113085097146219299
366408405350265183125107131183244311372402411369286201134085079113180259
338390402375296226174140140168213271329381402384314232162104079107152216
293350384384332265210174162171207241293344378381338262189131104107131174
235302350375354299250213189192213238277314341354335286229168125116137171
219268317350350320280247226219229244259286314329332299247195152137140165
192229274311329326308280262253253250253268290305308299268232195168152155
180204241268293308311305293274271265262265265277286290283259235210189177
174177198229265293311320323314302286271262256259268280286290277259238210
183168165192229271305332344350347329299268244238250265283293305305296262
216174143146180229271320357378381363323274232207198213241277311332335308
250192137116122162219280338387411405366305244195171171195241296344375372
323247180122094110152229305372421436414344262198146128143180247320387418
399320226146097076107171256335411454451405314216146094085116186280369433
448408317207137082076122207290384454475451369259174110049049113207311402
463463414299195134079094152238335421469472430326210128052021052131235347
436475457387268174113091116177271360433466454390277171082021015073152262
369442475448396253177128122158222305375436451421338222134061030052104189
290378439454421338247186155158195244308381418421372277192119064055082131
207302372418421381311250204183192216259308354384378323247174119094094122
165222293350390393363314265238222219229247286326347338290238192152131128
143177226274323350363354326290256235226226241268296314317296262229195168
152152177219262308338360363344311271238219213222247271293305305290256216
177149143162204253299338363369357317268219186177192226259290314323314277
229177143128146186238296350384393366332256204162149168204253305344360341
290222168134125146189250317375411408366290216168134128155207274335378387
354280213158122119149204268341396418393335250177131104110152222305363399
390338256192137113125165226299366405408366283201137091082116180256338393
411384317222162119113140192253323387402387305216143091067085143226305378
414411360274201146125134177238305369396393341250174110067067113189271350
402418396326241177143140171219283341384399369293210140085064091158244320
378414408354280219177162177210253308357387384326244162104079091137207277
341396411390326253204177174198238286332363369341277207146101091119171235
305360390396347286235204192201226262299332347332290232174128104116152201
262314354369354311265229210207222247271296314320302259207162131125146183
226271311335341323293259235226222235253271286296293268238198165149152168
195232268302317320308286265253238235235241262274277271256235213192174168
177195229262293314320317302283268250241235235247262274277274262244216189
171171192219256293317335338329299268244219207207219244271293299290265229
195165155168204253299335357360341308256213174165183213253290323338329286
229177137131155207265317363387384347286226171131122146198259317360378357
296226158119113146213280341396411396341259183122079076122192274354405424
381299216149104107149226302375424430390311219140067033052116213314396454
454399302204140097113162244332402445436378268177088018009055140247360442
485466399280189122101128195286375433451421335229128046003000067165283384
466491460378262174119110149219308390439442402311213113030000000082180299
393466488451369265183131122158226308378421418363268183094021006043116210
317399457463414335253183146152186244314372396390332250171101055055101158
238326399439430390323253201180183207256311354375360305244180131104107137
192253323375405402369320265229207204213247283317338326290247201168149149
165204259311354378381360323283247219207213232259290305311277256229201180
165174207259302338360363354329286253216192192216250280302311308293262226
195183186210253296338366375363326283238198174171195235277314335341323290
247207186183204244296338372384369329271219171146149180232286332366372344
299247201177174201247299347381384357302241180134113128171238308360387381
335280226183162165198250311360384378332265195140104101131189259332384408
384329265210174162180216271329372381354293222158107079094146216299366408
414375311238189158162186235296344375372326250180116070061104174256332393
418399341271207165149162198256314357369341271198131073049073131210296366
408414378308244186155152177229286335363360311235165094052055107183256338
393421408354274216180165174213262311347360326262192125070055085149222302
366405414378314247201171171195235286326347341299232162104070079125192253
329378402390338277226189177186213253299326338314256198140097088113162222
283341381390363317262222201198210235271299317323293247192146116119146189
241293344372375344299256226207207219241268290302302274232192155140149177
213256308341360357329293259232213213222238259271280280262232204180168171
186219262302335347341317286250222207207210222238256271280274253226198177
174189222262299329344341320286244213189177177195222253280296299286256219
183168180213259302335350350326283235189152131134162207256296332341320271
222183165174210256305347369366332274219158107085094137198268332375387357
293222174152165204259317366384378335265198128070046070131207299372424433
390317229171146162204262338384405393332250162082024009055131235335411466
460408314226165140152204274350399418393317219131046006-03046137244357436
485469408302210149128143204286360408424384296195107021-18-09064162280378
460494472402286201137122143213305372414418369277183091015-18012097201311
402472488448366262180128122152216305369405405347256158076021006058137235
329411469472427354253177137131165238314366393378320247168097058058104171
250341408448442399317238180152149180229286335360354308241177128101107143
198265338390421414378314247195171168186235283323277329286238195165155162
195241299357390399381338286238201180177192226262293311311290259226204189
189210244296344372378357317274235201177171180210247280305314302280256232
213210222253296329357360347308262216183158152162189232274308326326302271
241222213219244274311335347332296250204165137131149186232290329350347317
277247222213216235271311338347329283238186143119119149198256314357381372
332283250222213216241277317344347320274210155116101119162222290347387399
372314265232210207222253299335354344299253189134097094125180250323378408
405366308256219201204229268311341354332293226158110082094140210283357408
427408363293241207195207241290335363369332268195131088076110174250332393
436433396329271222195192213256311350369354293229158097070079134213296366
418436418369296241204189198226280329360366323256186125082073110177250332
396436436399332268219189186210253311350369350299232165116085097149216296
366414436418369299241204186192222274323354360326268204146107097128186250
323381418421384323268219192186201241286323344338305247189140116128165216
277341393414405360302250210189189210244283317332323286232183149143158195
241305360396408387344293244207189189207244283308317311280244207180174192
226274326372399399369323271226195183189207241274305323323299265235213204
210238280326366390390360314262216183168171189222268305329338329299268235
219226250290335372390384350302250201162140137158204262311347369363332286
250226222244280329366384381341293235183137107101134192262323357378369341
308262229216232271323363378375335286229155104070076119192280360424454442
390314250213207229274329375399393354280204134076040052113201302390457485
463399305235192186204253323375408405360268183101037012040113213326421485
503469390290216168162189247329387421411360268174097027-03033122229341436
503512469375274198149140174238326387424414344250162079018006061162256366
451500497436354247168131128165244332390424405335241146070027030088180280
378454491472408311219152119125171244323381408384314222143079052070128207
308387448472442375280201143119128177253314366387366299219152107094119168
235317384436448411341268198152134140180244308347360335280226177149146168
210283357414433411372308244183155146162192244290320326305262226198183189
210247299347381393372329277229186162155168201244283314323314290265244232
232244265299335360369344302250207171155149168198238271296311311299280259
241235241259293320332332302268229189162143140158195238277311329335320299
271256247247262286311323320293259219183155137134152192238290329354357335
302268247238241253271296311317296259216174140125125155201259314360384378
344302271250241241253277302320320296256210162122110125165226290354387396
375332286250229219226247280314332326290238180125091085119174247320375408
405369317268226207198216250293329341329277210143091061073119198280354402
424405350290238204186189213265314347357323256183119070061097165241323387
433436405341271219189180198241299347378369314232158101067079128198280360
424448433384305238192165165195253320363378350277195128079064094158226311
387439451418347268204162143158207277338372375323244174110076076116183271
347408448442390308232174143140174226293347372363302226155110091113168235
314375433445411341253195146128137180244308347357329271207152119116146198
262338396430424381302235171134131152195195305341354329286235189162162186









