MUMBAI
1966
000000000000000000000000000000000000000000000000000000000000000000000000
218233260294330352360344306268231197169159166182211249280309323316294264
243234242263290322344350338307265210173147135140159187228274316346339314
282256238233243261292322337324296258206148111104117150206263313356380358
313269243224222238266301329338315272221157103076072091154227292354395404
368304249221205207231267307340352328271200134076047046082159242328395436
433392316251210188186213251303349371355292206130048021031091175277364431
464443381290222175159169201256323375391368298194085017000022100193297392
460482456368284207157139155208273348397401343245144057006004055135237346
435491491438345256179136130162222307375419420363254159075021016067149254
355441498490448347245175126116140205292366415417353231139066035053112197
295383457491474410311212152114111147207298371404394319242159109076082151
227315396451472447373292197145103105143228298355386376321237176136121136
177248319397433436405355291219143111116160227285341365354319277233191173
184219262313366404401378337275191133109116164223270309346346317277246217
206213231263308345373367338290224171122102115149204254300333348332303276
250232228239264296324337332305261212165127109112141187238292332364366346
315279255240240256279304326326308276231179141108116158214273328368388382
350306269243229232248274303326326304262212166126104118161229298356396410
394353300261235220223246275315343349323269201147107098120177251328388427
429403346294251221210222249290332356355320257190127092097137211290358416
441428388320262218199199222267320356371342286209145096082107168243325396
442450422364288237202187197230282334369375339268192124088092135208288363
423450441399325260212185183209258318364386368307228159108091117173251331
399443454424365284222188173187229288345380388347273197137102106150217294
365420445431385308240193170171199249308354377365306232170124111141192258
327386427432399331259200163153171209266317352362331273208156130136179235
294352398416400350279222174150148172224282325349348307247196166158181218
266312358393401371312246191155143157191240286323341336299251216197197220
250290335376394381335276221175151146164200242282315333325297263235222224
239265299337359363342298249200162141138158193233273305322329314290260243
239252277303330342340319282237197160138135155184225267296322338332309282
263252252267288309321319299269228185148120111135171216263307340362354321
287256237232242265290310321312279228177135104089107153211272318360398386
348291247219211227256286313333334298241176123083059079130207276339398434
421359283227194182202245288327368369329253173111053027059124222311380445
465435363263194157149174228285342396399346252165081021003040118227335425
483488446342241163122118153228321391432425358250149060006008065156277379
464503491424300204123084089141240345413448430352234135047004025095199312
410483508473383254159089060081149261358422450420324211122055040073144252
355441491491443338224135068052081157264359418443408314208133089086127197
287372442471454383273177105056057096180282355401413376295215161134140180
239307373422435402338247172113078082117181262330375381341287232195179190
218259311357384385354280220157115096107145197257308342354336310276242231
233245263294327347339298261216175138126130154192237277308324326316300279
258245245253271292304302283254218183156138135158196235274307329339333310
285261248240241253271282286274250222189150125124148190237279319346361347
314276249229219221237259280294287261223182147121114140184241292338368371
347305263227204195202222255287304304278236182134103101134191260321369392
382340289242208187181203235280317335326279220162112089095137206279343392
410392343279222184168173202249301340355323258189129089078107167248324387
421415376308241190159151172220278331366367325256180120082076115187268346
400426411353272205153129136173234301362382345272192128084073104168252327
393429417367286216156119121152213286348385385334249164104078100153229308
383423429383316233173127107124173242312365394382317218154100096134196278
354406426407350264196151112119152202266334380392361268195143121140186256
324382418416377300225164117102122162223296347380378311238183149151187237
293344383399382326252189131099107138188266323357368341285231189174189223
265314354377373337275214162120108120150205260312344353331293254225214218
238267308346361349305250203162132124135166207257304334334316289266250241
241251276307326331308268225185154135133149174216262297323341340326305282
263250255274298312312300282252212172146124122150209254297333359370359326
289260246243252273293308309292266228190146113106131179241297347382397382
339283243215206219251281315337333303251187128084072100160235309373419430
396327248200167163188235293345374371325250174104053041071137230325402458
462416327230159115109148223308370410410352260167088029017062152265365449
487473404290191117075081143241342413459447374264157066033049111214328424
493512471371244148071045074155262373445482459379254150074039069142250366
449500499438313202100030023078175295399461483457362234143081070114194300
394462490462385262149067026038093196308398452464420302205139104112163243
332400449451402303200117052038065133220313378427436376283206162147171211
270335384412399338259179113070063092144244319370398385334273226198193207
231276321353364335282219161121099105143191245303345364356323289259244237
240251271302323326304261220182158147153172200238287330343340323304290277
262253251261281296298285262235208186178179187209242282312331338337327311
288266252245251266278284281271256235211187169170198242283314336351354341
312277244227223236255271281287286276253220185156159192236283324356374370
341294256226209205216242278305320313286243199161141155193246299349382393
379328274228197187200223261304336350338286226173141129149194254321371401
402367295244195160158176217274324355360327266202151116116155215283347395
414393339267207152136143179234300352384385340259190131106132187260332392
420407359280206137107112144205283337383399374302217148100111159229302371
421424385310230165105085103151224302369403411371285202141104110159229305
374422421382314225146083074114180249325385417400322231159111120157212290
360408416389331241165087061090145223295368412411357259189142128153197270
341386400383341255185103066075113181257343389403371303227172142149185242
307355381375345277205135073061088146215290344378385345275215175164182216
264314348358346294233166108080083109165229295341363354312263225205202209
231266300326329299246189137108099112146189240294332349345317282251234227
231244263286303301277242201166139126131150182225275318336341328303277249
231226232245262276288279253222186157135131144174216265309338355350321284
252221204203218246275296301282257217175138117120161207261318360386383343
279235194168164192233281318338329290233179125092088122184256326385420416
372293221160127123164226294350385386356283203136085072107179265348417457
445390288193120074076134236327389427422357253166096077070104182292392444
456442386202138072050066132258394438465426350238156096074071106192335434
452440408292144040008023068140288418458472426336228151102084082113235398
445453431342202098020008030086202320408464473422322221148107105154232327
403446444378263163081015006050133243343417460457397302215155129141185257
337391418396319220140067031046095180265356410443437361276211173166183227
280343374379336266192128079067093145214291353394406384327268225206207223
247286322341336293233176131112117148188238296346371373346303268242234233
240253275293304294263229191160150161183216255296330348347330304283270257
248244246256271279273258237212194187188195218246283315332334326313296276
258243233233243257271275269254235216197185187205239280310330339338327303
274246221207212227255277289291278252223198183183203239280315343356355332
293252216196187198226265296316320300266224190172172195238282324360379370
330277226190169167185226279324345346310254207172155165202254303350379386
359297235179143135152198258317357372354304245193154146169220285343386400
381325256187137114124172233303359395396354285219171150156197254323380410
409356275202137093091125192269345397420400337261193155140163222280344402
422392312227150101075089148227319391432435393311230186151149183247310372
413414356267180122076061093160263353418447440368287226181155169220280337
390410384300215145093056072122197302388433450421348269208170162186241300
352392387329244166103059054095160243329391431438397319247197177180211265
317364383352282207138086060076124192276343395420409361293234199185195219
273320359357311247183127087079101147206271336380397383340282235210201208
236277311327319281232184141108101123165217279329363375363327289253226216
217235264288303302275237193155135128140169213260313344361357330297261228
212203206227254279300289260221185155136133153193245288333367376352310262
215181164167198243276301308291255212164135123136176232291336381391360305
245187139116124166232288330347334293229171127108122170234302363399408376
301219151097076100159246316366394385326249182133111128180252331386416418
369277186113053044076142247342411441412334243174116106126179258344403430
409321216127049017027094196298380438451417336244171132122150210287359414
427381282180092021000029116213292391452456402314228167139138169235318381
415409338238139054016017073150245349410456445384287216164145148189254330
381401371284185106036014038097180280361415443419356275207169156168209271
339383383324236155089045044086147225302370411419394334260205178176191228
280323353339279208143106084088122185246314372399398358302246213199199213
241278308322304252194149122115132167211269324366384374336292252229222222
232247268290295280238198169151154172196230276328348352337309279255237224
221226238256271272260233206187176176185203233272307328335322298270247228
215207206213228248262258244222203192183186201230268299322327315294267241
217200189188201224248267274262240217194179179195224264300324334322292256
223190165155162186224260284293284253219187170173195230275307330337321291
244198157136133150191240286319328304265222188171176208246294329354352318
268211160118107118159219282330358360330276223186168180212255300341367351
303241174118085082114182248309359395382323263205164154177216271320361372
338269196127080061085141216297364407418380307236183160162195245302349375
371315232152084048050098172260341399431427381295224177156166203257321367
387360284196112049030049109184280356407437421356268205167157178223289349
384380322234148075032031074144238325391431442415334252196166167198255323
369387364290206124065041055107184274352412446443395319245195173175206263
318363380344268184117066051076127201278254406437425369288224187176186222
279328354356312243172119082080103156219296363407424409353285229194182185
214263303332341302244186138112108122158204268326369403390348285228194182
188211248285310319301258207167142134143173223288343379396381334275225186
166166184218255292312312282238192158146152179225283336374390376330265210
168140134150190253294325335315268221178154153172218277327369394377317249
181130099094118184254307344371360310238191163157173221282336377395370308
229157100060061101181258331379402381321252198164155169210270330374393360
288208128060037046091171260345392426400326252195164152168214277340388387
332246159082036019041110205308384433436390313237186159153172218289342381
373304214126051014017059135235327399439436380301232188157150180239300353
382354281189112050022031079152246332393439415358276211173155158186246305
359363312230150078034029062124205292361414432398326250195165157170214270
322353346284204129076053054095165239320370409407369301237192166164183222
280323342313250181122087079095139199262329380399386336279228193178182204
252292320324287234179130106108130173221282336380390361308263223198194199
223254286306303271224179149139151181217264317354378371340298255220202204
217233257278295290262229197172167181205242283326356366358324286252223206
202207220239264285284263243217196190203230260289319346357340311274234205
190187197215237266288290278259239218209214233258292322344352334301258218
195178172183209237263287301294274254235218215230262300325346352332288246
204169151150169205248286322342334306269235220216235271303330350349318276
226175138122127162211266313356374358314265231216219242271307334357358330
277207150112103125173236299354395403369314257228214209236275314349372357
295228159106075084129202278349400429427379307250212202217251299345378386
353281202132080062071104163252336397445438374293237204192213259308353382
383334248167093054052078134208298378444470435358270215187185210269323368
392382312218136068041043096177256335402468478438350258198173176211274327
374398373296201121063040051098197278345425474467412318239184164166211279
344380390357274182112066057086140226305379438471456376288214180159170218
292345379377324248175112081083118174234319382439454425344259190154147168
211274326358360318254186134108108145190257329394442440396320242182149142
159206271318345351319264204161144145166212267330383422421379311241178142
130140182250301338356335290250208183176187217264320369403402366302228170
133120132172230288333362360332290244211198202229265311356386381334274212
156116101116158226293339376388365316264224206206223263308349376371327267
206149103085102151223297354398409385339277234209202224266302340369368321
261188128088069091148232311369417427405342276227203200217256302340367359
307236164099064062101180256335398437440398336269217190185204245292337371
360300219144091063071118185272350408440431374302240206187185204252302359
371341260179112071057087147224302373428441410347273212183170181210265325
364366317231151091065066109177249326400431431386315249205178169188236297
344366345275194128081069095148217291356402423404355282223187169174204256
310348357310242170110088089122177238305365403412374311246201172165182220
271318348337278212152113102114157214268326376401387341281219183165166190
232278317332300250198152128125146192237299341378389355301247199170161170
198238279306318285238196163148157183220261305345378361319273224188168162
177205238275296301277242212189181183198231271317350363333289244203179161
159172204238265290297282252222204196205228252287319344340309266224186161
150154177208242271297309302282257237226229246277307331342335302265221185
159147153176211256294323340333311281254239238251275305326333324292253205
166137122128156198250296334357352326286254230225234253281308321312281242
196148111092101131188262316366389383344288244214204210227258292317323293
240184124084070085132205272343398415402345282227190184199236285317342332
283220148081047043072137219302376422430399336260202176171191234280331367
349287206124057032032075155246340410444447405324246191162151172222276346
389366284186106056022027076160254375439470460411311226171141147189248326
376402380294194092045024046105198303393458480460393282199145121130198272
356425420374276173095044035070132227328408471475435342238154116106134202
300375420417355250164101066075121192272369431465466417308208138106103137
213295361398393339258184134113126169225291368421443424360258178121094101
142213297354384376332265204165153169203244302356401415390316234166115099
108148213285335362361333294256224206205220251294341370373345286222162116
107128163209266316351363348319283255234229237261297332358355322272217174
138122127158204263317356377375353320282250237239259286315338343320281231
180134117122153200258316363392390367329286254237230240267295323334320283
232178133110114153204265326378403402378327278240220219235260298327341327
286223157113093105145204277347397414402361305260220198196218257306344354
329273209142096086112167237317380419425408363301244209196197227280334370
374326256178119087091127194266340400435432398330259209188187207253306358
385375312226156107092112160228306375423441423370302231188171180214272332
378388356279195129093096131196268336396434435402333254201174175198243304
354385375324238164119106129182240307374422438419358278216171159170207264
325368382351283211150118119160215275341390418415378309237182150152181228
283335366369329261196153139155197248302359401411388332258196155143160198
246302341362345294239190160163190230277326367394392351278218170148152175
212254300335347327281237201191203230267303336365377360309247195155140153
184225268302323327308277244223216225244270302332353351318264213174150146
160187221257288311319310291268246238242254274297314328318287244202168144
140154182215247280306323324307282261248243251266285300308301282248208168
134120128160198239277310340351337306274247236237252272291302302285254211
167123104109139191246297344375382358319277241222219236260292312320305269
213156106077078115180250320378413412382320261216193189212248293330345329
277204130076048060107182262347412441433383304231180158159192247313364386
362286194109046020044102188288374427456439378273197131114137194271346401
416374279176088029015028084180284370448481447352246160104091123197296377
427434385276163074022018068150255355440484482426302191114072072124216320
398441438374258150073038057120207303398461486462380250151079046061128234
338409441420344234140085065096154240330397448461423322207119054036063131
233328391420401328236166124116146192254321380416416364260167097054052087
147232312361384364306244194166163185217262316358380364302224162104077080
114169227292334354343309270234214209217235258296325340327280224174132114
116138178226272310333333318297270248234227232244270295307294257214180153
134128138170216260298324338331310288263242226222230250270280280267235198
162131120136168209257300332351349325294260232213209221247270287291279254
217169132116125160206260305348370362333292250215196192203232268296311300
264213159116101111154218278330368389376328270223189174182208248287322338
314263199139100092123178238297351390398368311247194163160182227281326354
349302232160108081094142208279340389408387332260198156140151190246307350
368343274197131087082119179250324384413414375296229173137135162220285344
380381336258184119095112158224298367414428405342264193147127142192255332
394388358306225158117107144193257335392425419371285204144113121162218292
352390390344263183133110133180242306362403417384311228162116105129178242
311370394372311230167139137170218278334379404398334246177125102116159212
272335381386353284221181163179219256301345377386356294213152115112141184
239297349378373326267221198199220244278314353376368309240176141126139167
209259314354371354313272242228229243270296322348355331273211168149147166
193224269313342349335314289270259255259278303327334323292255216188163152
160186220261295320334336324305287273261256261276291303302283256228198171
156154168201244282314335345341323293268247237239255276290297294277247204
165135126138176221276326363383379349303256225210215240268297313325314279
220159110093109157219284348395421410367292233191175186224271319356371347
286207137087066087146223299372433451429353263190142125152211284351398411
372286192112052038076148236338418463471426322213133085081123214305386440
445393286177095038036078142215317409459470403277169101054046084198316404
458466404273165088045038093183283391454483456353237133056019032108210305
422477460388264172104065074137230337410457464413295183090020008038132245
346419452433349241163108088116185266349413438428344238142063012014077181
273364420442403329238176140137172221280347389402374294201126066046061130
202281355397403368304243201180180202242286330350350313242177125092091110
142201262315352355332294261233218217230249276301313305272223183148134137
150177218268308328327314296275258243230227238253270280276256229202178160
155161182216253288312323322310292272251232221222236256270275268254235206
177162159177212250286317335343330303269239214206213232254274287292280248
212177150144167208255300336360361344308262224193184192220257292319326301
258207164138135163210265320362379375344288238193170165184223278322344342
305246197155129133174228289348384396379325261200160145156191234286338368
358294235178135116127176239317367399399365297229171137126144203263327377
388345276203145114118158224292355403414382312240171123109137189246313376
406386322242174124113146207275340397419401340257191135099104153222293365
413422384295212153122133180242310380414420372294205139090081119185257337
394424404342253184132125158208272342384400377308221150093062077129207286
358400409365291221169142146185241311360387382332252181117075073114179252
327383413401348277215177168190231286332369379356290227156105081098143204
273341384398370318260217192191212245290331351347309246182127097095127170
225289339369374337294257222207207223255294318326311267219169133116119145
181227281323350350325291263246237236241252272293305296260219184162149146
160188229276309332341333314288264248241240247261278286284270244216188159
148154182221262298329349356344310275246226219228249270289300300285256214
173147146172213265314357390399380335278227197188203236278318346353332285
223165131123150204263328381418423391325243179143137162214279340385397365
298219153109094123184263345410448440394293205137093088125202295370427440
398314212137084077124197289374442471453377261161083042043099212324408465
471409300201124076084133220320407461472432333208108036008019068174289381
448474413293195123085104165256352426466460389272158069005-02032144261358
441479461386276191130111135199295376428450430344221128044000004087186310
399464483450370267191146140170235320373414422382306194108041027062133233
325400452459426345263204174170202256315360383378329251173109070071115179
256333390419417381317256217200198210242287320340337283225167126109119160
208263321364383374344300264240227226237256281298309299270228189165155165
185217260306335350346329304283265251240236239249259263262252233210194187
188199223262299326336335325310291267249235224227243258270277274266251230
206196200222258296322340350349334305269238215208217235257281298305297270
237208192194219259300331355366359335293249210184179204240279312332335312
270228197182189222266306348368369348303249198166150160196248301341361350
310255208177166185225271322355374371338282221171139134162213276333371383
352292234189164169204249300352382387358294225163121108129184248315375404
393346273214169154174216276336382396377318242174118087094145212283358409
423393325247187153157191242302360394396355270191126077066102167247336402
437426378292219169150166208269335382400376310223142081046069133208289368
422442415346263196157152181234298357389388340259178113062055099171250338
398439438392312236184162175213269332373386361295225148089060079131207285
359410436417364287224186178199238288337366367325256188129086071094165232
295360406417387333268216189189213255303334348336289233171120093100143199
253317366399400370319265225208211234267301324331315281228175135119129165
203250303349374374347308271236217212226253286303307290255221185156143145
167207253303340363365347314273238222213217237261282294292275250217187162
157173208253302338364379369337289244210197196215245275302321324306268221
184166170202245293340376395385345293235192160153171219269313354364338284
223177153153181233293351395413395343264191131100106145211288349394413385
312234178146145183243311376419435405326234151085055074132230325401453453
407322236173136141180250334400438438387284183098034014053123232333415475
472408303220156126140182264349410440426347243146056003-02053161261372446
487474409305214153132141193269353407436410320209117036-05012090199305402
469498482407302224173160180236312379421428385290191102033017058142247347
426475481442357264194160157181239314370396391321234154082044043104178265
359423461455414327253202184184212260318356373359308225150098077091145208
287357407429421376306251213200204228266303330338322263204158126122149189
241303356393402385343297256231220221236255280302304283242201172158160176
205245301345369373349314278251233224220224235251268274262239212194188191
201219251291328346346324297269245226213206209221239254262257250238223209
205210225254293321334337326301276247215192184188209239260276283275259235
214203207227262296324335333313285256219186165161175207246277300310301274
237208190196223258294324335332310277228184149130133161206259303332339313
272232202189195222260301330342332301250196146112102123167235296341367359
314262218194186201232271316344346322264205149105080086124195270335377389
361303248206181178198234283329349344297246173113062049077144222303363401
405366301239191167169201253306346363345285211141076041052110187273352410
435419367290224180166176218275330363370329253175101047030066140224313388
437449417345264199170169200249308356380365293218142072033039096177263353
420454443390304233184163170208270331370379343269186115055036066134214303
380437454430371294225186173190237296350378375325257176111069067112179252
336404447452417350274218188184207252316356375356296226161109083095140201
274344397431429394332265216189187214262302339350334286228171132115126166
216281346395420412375320264219193185202243289321334320280234192160145147
177225283344386404396362311258212185174185221262298321320296262222190172
172196238289341380397390359305246199163153166199249290321340332301259219
182183202241295346382397387350292231171132114128172239299345372373340288
239202189202240291343382400388345278200138093080104166243317377412414374
311247203190200236290346385403383329248170107057052093168255342408448443
401326255208192199235290349391409368322240158091044046096171274365436474
466422339260207185191225283347393408382306214128055021032095192297383450
480462404320242189172178216282347393403359275191104037020056134238333415
468478444370281211173163186238308366398385323236150079032038093177267355
431470466425345262202174169196250312369386365295209136086047058110192272
358421454442399321250197173168194247305353367341274188123079075112169239
314381426437410350283225188173185220275322350348308243180133111118158210
272337393417410375313260215192186199232273308327319283227180151147169207
251299353394408392349297250219206207223244272298312310280241207190190204
233270317360387387359318277243219206203215238261283298292271246226216216
228251288330363377364332293256227206193192205229260283296296284267249237
233240262292325351359345314278246217197185185197224258288310322317298274
256251258278303329348353339309272233202176163166190231277315344354343316
289269259263279304331349352333300258219180153146158192242295343375383365
326288264251254274302332351352334295245200154124117140189256319372407411
382336288256242243261296330351354330282224168121098102138202277350407432
424384324272239224228253296336361362330269202139090072092150226311386438
452432379308254220208220255308354379376326240171105067063104184272357428
465466426356275220196198226278333373392373305219139077045060116206300388
452479465411330249196178181222286349388397360282187112055041073138227319
414479482443378282215174162178227301376403393340254173100048049097177262
353426470465422336252190155149182245321371397378313230156098067078132205








