MUMBAI                                                                          
1956
000000000000000000000000000000000000000000000000000000000000000000000000
387469512494427317226149101094137229332399439424354247162094055070125210
314408478500469390283195128094101152238326390421402335244171119101119171
244335411460469430354250180119097110162244320369390372314244189155177171
210271344402430421372299226168128113128177241302344363347305256222198195
213238280338378396378326268213165134131152189232283320335329308283256241
232238256296332357360332293250204165143140162192232274308326332323305283
265253250265293323341338314280244207174152146155189229274314341354347326
299277259253256274299314317302274241201165137128137174222277323357372360
329293268250238241256280302311305277238192152122116137183241299350381387
366326283250229219226247280305320308274226168122094097131189259326375396
390357305262226207204219256302335347326280216155113094107152216296366414
427405354296247210195201226274323354357323256189128088082116177250329390
427427384314253204183180198235293341366360305232158104073088143219299366
421439414350280216177165171207259323360378347277198131079070107174259338
402439433390314241189155146174226302354384384329250171110082101152222308
378436451424363277207162140146192259320369390363296210143101097134198268
344405442439393305229168137137165219286344384387341271198140122137183244
317381433445411350268201152131140180241308354381369317247189152146171219
274341393427421375296226168128122146192247308347360341293238198174174201
241296354396405381326259198149125122146195250302335347326290253222204204
222259305354381378338280226177137116119146189244293320332323299271244229
219238268311344360350311268222177143125125149183238283317341350341311277
250238247274302326338335311271229177137116110131174226277329363381378341
299262241238256286314335338323290241186137101088107152213286347396421411
366305256226213229265308344363354317262198122073061088149229314387439454
424350274213180174201253314363387381332259180104049037073143241341427482
488442360259192149146183244332393430421366265180088027015061155262372463
506494430320222146104104149238329405442436366262155064018024097201305405
497518482384274183107070076128235335418460439350250134055033058131235350
433512506457341229146085058082155259366436463424329226143079061097171268
372451497478411299201119064061104195296366427439393302213146107101140204
289374438462438365267179109072075139200298365401401353273206161139154194
249319380413417371292215148096084103154218295343365356310261218191185203
228270322359377362310246182136109109133170218273307325316289261206221218
221237264295319325301255209170139127133151179218258282295289279270261252
243234237252276295295276243206179161151154167188218255285304310313298282
264252246249261273282282273255231206182161148154185225264298325340340322
295267255246243255267282295289273246212182154142154188231276319353371362
331289261243231231243264289304304285249209167130118136179231285337377386
368322273237209200206228264301325328295252191139109106136188252319371401
401392310255209182179194237289331349337292228164115090100142209282359404
417386331264209170154167206267328365374343276200139093084112173249331401
438429377295225170142142170228298356386383328249173115081093145215301380
432444407331243179133118139188267340389410377307221148096087121188267359
417453435371273194133103103145215304371410410359273185118090106164237316
392441450404316231157106087115179261346392417395334252176127109139200273
353413444429371270191127084084127200282346395410359307228170136139182243
310380423435395322234161106084096148218301359395398362292228185167182221
276337389413407356273206145109096121170234301349380380346292243209200221
252295337371386371319252194139115112139182234292334359359334295261240231
237255285322349356331289237188148121121139173218264310343359353322289261
249243252276301325337319289249200167133121130161203255304340371374353313
273243231228246276307328331310270218173130109106133188249307362395404380
322264218194188209252298334349337298240173118084078109173246328389432435
398322243188157151185249316368395389337264188115069060093170264356426465
456398304212145112118167252337401432423362267173103057054100191292386465
496465386267176109078096161258359426462441359252161090051063124228331426
493499444334221133066048081164285383450474435343228145078051081157258365
441487468389267170087032036093191304395453462407304206136087081124203295
389447465423328218136084036057124231331407444432368270191136115133182252
337404444435368270185121069072112170267346404429407340258197167157182225
292356401417389310234167118090100145212289353389398365307252218203209231
264310353377374331270212164130121142185231289337365365337295261240237246
258276304331346334292243200167151154179212249292322337334319301285273264
261261273292307313298267237206188182185194212240273301319322319310298285
273261258264276285289285270255234209191182188209243273298322334337331313
289267252246252264276289292285267243212191179179194228264304334353362343
310270243225221231252276298310304285249209173157164191234282325365383377
340292249215197197218255295328340328289240188154139151188243298353389401
374319258212176164176212270319349362337282218164127118145200261328383413
407359285218170139139173231304356386386340264194139109115157221301371413
435389316234170121103127185261340395417395334249176124100121182255340407
444432377282203136100096139212304377429441395310218151109106148218307383
438450410322231154096072096157249346410447438380282200139112127188267356
423456441377273185121069072115197295377435462426349255185142133167228307
386438447404313218142084054075136221316389438447398313231176142151194258
334389420407349261182115066060100170243328392429423377298228182167182221
282343386404380310234173118087090130191267337386413401353289237206200212
246295343371374340282225173136118127161206264322365386377346301264237228
231246285325346349322279234191154139142164203255310349374380362331292255
234228237264298319334325298258215176151142154188234285337371386380349304
255218200203231276310331334319282240194151127127161209267328374404401362
298237188157154188243301343365362319264200142112112145209276346401435429
377285209151124127170240316368398395346273203139103100136206292371429450
423353252170106078096161252337407438426365267188127090096142228325404456
462413313209127066057090176289377444468441365261182124096118182273368438
474450374261170093048054115212325413468477432340246170121112145221313392
447456410313203124060045078151258365438477465407307221157130139185264353
420450432362255167093054060109197298383438465438368270197154145173228298
368413429389304215139087069096154237325389435441398325249200176185215267
322374395389334255182130100106148206276340392420407362295243212203215243
282328359368340279221173136127145188234292346383392368319279249231231237
255285316337334304252209173157164185209237282325356362340307279258249246
246255273295310304282246215191179182197221252285322343349328304285273264
255246249264282295295276258234215203197203221252289319337340334319301282
261243234237249270282289285273258237209194194209243282313334346349337307
264234215203215231258289304310295267231197176173194231273313343362359334
292246203179170185221264304328337316270221182161164194237282328368377368
322264209164139139176231285331359362322270206161136145188243304356386389
353285218157115100124179255322371395377325258194148127139185255325377398
389328249173106066066109185273349404423386310234164124115145206289362407
417377292197127063036069136231325401441438386295206145112121176255337401
432413340240151078029042096185292377444474444374273191139121148221304380
429435389292197118051029063127218328407465474429343243176136136179249334
398429413343246157087036029078151252343413459453404313228170139148191261
343392407377298209139075042057103185270356417447429374295221176157170215
255343374380343273203136084066090142206273346398420407359292231191176182
218273325356359319264212157115106124161209279337380401389349298246209194
194218261304328337310267218176148133136164209264322368386377340292249209
188182194231270301322319289246209176151148170215267325359380383356307255
206173161173212258304337346328292243197164154167206264316362392395365307
243185139124139191249313353374368319258197161139148191249313371401401359
285212142096084109176255328380407389337264200151130142182243316377410407
356267182115060054096173267349404432401340258194145127142188258337395417
398319225148081045057118200301377435444401325240176139133151215295368410
417365267188112054039075148243340410450441386298221170139139173243319377
404386313221139069032051106185285368426447417349261200151130148200273343
383389337255170103048032069142228319389429426383304231176142142173231304
349371353289212139081051063115188270346392413404353285221176154164194246
304346359328264197136090072096148221289353392401371319261215188182194225
273319343334289225173130106106139191246313359383374340292249221200197212
240285310319307261215167139133148182228252304349365356319276240215206206
215234264285298282252209182170164179197228270316340349343313279249225209
206215234252267270267249221200197182191209240276313334340331310279249225
212206206228249264276282273249221200188191215243276313334340325301267231
200179170179203240270295304292267231200185185203240279313337346337307264
218179154148164200249289322334325282243203185182200240279319349359337298
243185142121121154209270322359371343285240194173176200243292340368371337
276206145100081096142218295356395401359298234185157161191243307359383377
319249167103051048084151240328392429420365279212161142151197264331377395
374292209124057017032096188282368435456426346255188139127157215298362398
404346255161078014-01042121215322398453462404316231167130130176249331386
413395310206115036-04011069154258362432471456395295209151124133188270346
398410371273176090026002026096191301377438465438365267191142127139206285
359398404349249161084039029066136221319374429453429356267197151133145203
282346380380325252170109066060087145225307374420435410328255194154142151
200267322353356307246179127100093121154218295353392413398334267203161139
145179231289319328316267215173145133145179234298346377386365319255200157
139142170215264307325322289249206173161164188234289340371377353304246185
145121124151200255301325331316273228188170164179221273325356368346301243
185136106100127185246301343359346307252206179173185225273325359371349295
234170115081084121191264328368386368322264218188179179212264319356371340
279206139084060075127200282346392407383325255209179173185225285337365374
325252176112066060096161249328389423420383310249200179173194240301353371
371307228145096066075127197282362413438426362289228185170182215273325362
374343264182121075066096164246325423435444420343270221194185200243298353
383380322243173115075087136215295365410441432389316255206182185203264322
362377349285212145100090112179267340395435438410353285237203188203246301
353374365319252185139118121167221285349389423420368310255209191194218264
295310322328276218161121121151200267316349389404386340282237206191197225
273295316322322258212170130130148182240285328353362362316270231206200200
206243273292301298264212170161164167221258310362380383362313246209197197
200225255279301310301264228206203188212249292334368383383337292240212200
197200225249282307316319279249225215215237261301337365374359319279234206
191188191221255285310322322304270243225218228261304340356356334304264225
185167164167209252289322337337319276252228225225261285322340343334298249
197164139136157203264313353374377343289252234218228261304340365365343304
246188139112106136194270334380410398353295249215206206243289331362371340
285212145093066066106191273353407435417359285228194188197243298349380380
334258173096048042063121212304383447456417346261200167157176231304362386
377316225133051014011060142258346423471465420328243179145142173243343398
392374307203118048005014072170270371450493468401304221157133130182267365
410420377295191106048011029109188289377450499481407304215148121127182258
368413420386298197109039032069130212304392450477456374270188133109109176
258343383395349270188121072066090154231310386438456426331243173121103106
167246301346371340270200142109100127182258328389444441365285209148112103
124185255307337346316261209176157145151191246307359377374328279215161121
106106157191276313328322295252212188179179194258310346359362316264203154
121112112161218273313328331310276246225209209215255301328340343304261206
157127124121154212264316337343343298261234212206209237273304322325292249
188136103093100154218276325353359337298264234215212215237279307328331307
252194136106096096167234298346377383383325270231209206206240273313337340
301240170121090084121179261331380398404362304252212197194200246289328340
340273203136087072072133215298362389413404337276225191176173206252307334
340307237164100066063100164246319371410417380310249197176170173228282328
356356285209136084063066133203282353398423410356279225185170167194249304
340359328252182109078072109173246322383417420398319255215185173173218282
337362365295218148103081081148221292362404420407346276228185167167182249
307346359337273197142109106142188249322374420426395307246194167157170212
282322353353307240176136121124170221285334386410407343273215179154161182
215282331343340298243194157139161206255310362395407377313252206170164170
188234276325337322282237197170167191240273322359383392349279221176151157
161194228276319337322279237215203212225243285331368377356304255212182154
148164197243282313322319298267243218215231255295328356371340295240194161
151148167188231289331356353328295261243237240264295331365362337289234194
161139136145179240301346374377359322279240215225243282325346353328295255
203145112103121170231304365410413392337276237228225243279316359380356301
231170121084066096161243334401444444413346270218194194212261313365389377
316237154084039045081151246331407468468432322237185164173206252322392420
404313215121048020036087176276377459493471407298209151133148194264334417
438404313200106039014023096194295392471502465389282200142115115173258353
420450401304188100042020054121215325417481490453368252173115090106182285
368429435389279179100054048090170258356438477474423328225145093084112182
289374420417359267176115081081133200292377447477462398292203130090090133
209304383420410346270194145127145188243307371420444423362267182121096115
151215292349383380343285231191173185212255307365398398365307237173124109
124164209276322353356325282246221212218240279313349371365328267215167136
127142170209258304334340328298273252240234234249276307328328301255212173
142133142164197246292325343337310282258243231234246264292310310289252212
173142124127154200249292328343343322292258231218215231252276295298282249
206161124103106142197261313346359349325289255225209206221249279301307292
252200148106096115161221282337371377359322273234200185194218255295319325
298249188133093090124182243310362392392365304252212188185200170273322346
340292225154103084100142203273343392410392334273221185173176203246304346
365334270194127084078112173249319383417413380310246191157151173215270328
362362313237161100075090136206279353401420398340264200157139142179234298
349371343270191127078072109167231310368413410368295218157127124148200264
325359359313234161109081100145209282349398417386319246182127109121161221
292346368343273203145109103130179243313368401395356282212157118115142188
252316356365328264203148124136173218282337380395368310243182130109115154
203264316340340298243194157151173206249298346371371331273209157124121136
176218273322340334301255215191194212243279310346365359319255197151127124
145176228276319337328304270237225218228246270304331346337298243200161136
139157188225267307334343334310279255243237252282313340349331295252212182
151139151179215279328362371359334292261249240255276304328340334310264212
164127106118151206270331377392389362316267231215218246282316349353331279
218154112075087121182264343395423417374310243197179185218267322368383362
295215139078051063112188285371438456441380282203154139151194264340401420
383304209124060029051112203301395465490453374258173118103130188282368435
453413313200109042026066139246359450505505450343228139087084118200310398
465465413298182096042039087170285389471508487417292185103054054106203319
407453444383258164090051063121212316407474493453368243151075042060121225
331407447429349240157103081106164237322401450447395301194121063048078151
243340398417389313231170130124157203261328386413401343255176115072075112
173255328368377349292237194173182203237276325362371353289225164118100115
151200258310343349328386258234218218231249279316346353325270218182151142
151173212261304328334319301282264249234237252276298313313292261218185157
151161182209249282310322319304289270255240237243258276285289279261231197
167151151167200240279307325340325298276255231218225240261279285285267237
203170145136151188237285325349356337307270240215206209231261289307304282
246200161133124148194252310346368362334298255218191185200231276310328319
285237182145118124161218282337380395374334279231194173176200249298337340
334285225161118103124173237307368401395362304243191157145164206267322362
365328261188127090093136203279346395413395337264200151130139179237304356
383368307231157103084112173246319383420423377298218151115112142203273340
386395359276188124090093145215292362413429401331243173118096109157234313
374404389325243151106093127182252325383420413362273191124084084121191264
340386401368279197136100115154221289356398410383310225154096075090148218
292356389386337255185139130151200252316368398395343261185124084084118173
243313362383365304237154157161188228276319362380365301231164112090103136
185243304346368343289237200188194212237276322353356322258200148112103118
151194249298334346325289252221206206218240270301322322292246194154121115
124151188234282313328319298267237218206206228255282304307285252215170133
112112136173218267310334346331298261225206200218240273295304301276240191
148112096112161218282331368374359316264218185173191225270307331334313267
203142090072090145209285353398417395337261194151133151200261322365383359
289209133075051075133212304383438450413337243167115093121188270349404420
383301209121057032060127221325401456456395304200121063054093176282371429
441386282182106045036075164267365444477456377255161075026032096206325410
462456395279176096048051112203310401462477432331215121042008039121231349
429468450377252161096066090154243340420456456401292185100032017066145252
353426453429353243167115100136191273346404435413340243154078032045100191
282368417429386304228170133136170228285340380386353279200133075060087142
212295353386383331273225188173179203240282331356349304243182133106106130
179234292337356343307267237218212218228255285310322313270221176145136145
170203243289322331319298276258243234231237249267282289279255225194170164
167185209243273298313310301285267252237231231243255267273264252237215194
176167176203240273298316322316298270243225212212221243258270279270252221
191164154164191234270307328334328301261228203188191212237261285301292264
225182151142157188231282322349356331292246206173161170200246289319328307
264212164127118145194252310353374365328273215167142139167215267319346349
313249185139115121157218279340377386359304240179133115127173237304349374
356298231167118100124182258322377401392353273200145100093133197267337386
398359282206145103096142209282349398407383310228154096069090145225310377
417404346255182121100112170243316383413407349258176106060063106185273353
410432392313228154109103142209289356404413383301215136072048078139225313
383426423371282203145121139185255325383407398343258173103054054103182267
349407429404343264194148136100218285346386398371304221145087060081133206
282353398413383316246194161161191243298346374371331270197130087081115167
231304359395389349292243206194194215249298337359353307246185139112112139
185243307356380374343307264234212212225255295328340328292246197157139139
157194240292337356356340313279249225215221246276298316319301267228188157
151161188231279328365377362337295249215197194218258289319331325304264212
164136139170221273328371395392359307249197167164188228285334362368337279
218161118115145200261331386420417374298215154118115142200273343392404374
292212151106096124185261353407438426365273185118075075115200295377426435
395304212142096090124197282371429453426362249157084036048106209313398456
456410313212136087084121206301386447456410313203118042014045127234334417
462453392282188121084087151237334410450444377267167084020008066090261365
435462435365264182121103133197279362423438407328225139060023051121209310
395450462420334240176136139179240316377420420368279194118069060103176261
353423456444386301234188170185218273334380398386328249182121096109161215
292359407429413356289240212206218252285331365374349295234179142136164203
252304356389395365310264234218225240255279304325328304255206170151161185
218258301340359353325292264246234234243252270285298292270237203185185194
209228258295328340331307282267255243231228237258276282273258246234218203
191200225261295316325322313301276252228218212225246264273279279270255231
206194200218249289313331334325301270243209194191206234261285301307295267
225194185188212252289322343349334301258215179161167194234276313337340313
264212182170182215258298340362359328282221173145127148191240298343365356
307249197164151170212264319359377365316252188136109112145206279346389401
371304237179145148179234295349383389359304228154100075096145225304374420
420374295221164133142185246316371404398340252173106057054096173264353417
444426362270194148127148206282353401413380298209127060026048112206304386
444453413328237167127124161231313371407398337246157081023020072148243343
417456447389289209151124139188264337389407377301206127054020039100185279
368432456429353261188142130154206282346386392349264182103051036066130212
304380429438401322243185151151179231295346374368313237164106066066103164
237319380413410368304237188164164194237285328349340292231173124093096124
176237310362389389356301246197173173191228267304325319282237191148127127
148188246307353377371340304258212182173182215255285304307289261218179151
145164197249298343368368349304252200167151161191237273304325322301258206
167148161191237292337365380356304243182139115121157209267316349362337282
225173145142173225282334374392371307237167106078087127194270340383404377
307231167130127161218285346389401371301215133072042060115209298374423432
392313231170130130164225304368401404359282194112051026057124221325404450
447398310221161127130167234316377407398331240151081026014066154261359432
462444383289209151127139188255334386407377298206124054014039103197301389
447459426346255185142130154212285356395395343255170093039026069148240337
410453447392304225167139142179240310365386371304221148081051060112191279
365423447423359276215170151164206264325359365331261185124078066100157231
310374410413371304243197167164182225270316340331285225167121100112151203
264331380401383337282237203188188209243282313322301261206164139139161194
237292343374374340295252225203197200215240267285285270237203176164164179
203243292334353346313276249225206197197209234255267270258240218197191188
203228264304331340328304276249225200188194212231249261270270264249231212
206215237270301325334328307279246215191179179194218246270289295289270243
215203212237267295319331331310276231194161148151170206243282313322310279
237203188197225261298322334331301258212164130112127161212273313349353328
279231194182194228267310337346337295240176127093090121173243313371398395
346276218185176188225273322356365346292221151093060066106179258340401432
417359276215173164185225282340374383346276185109054036066124212310386444
450410331249191154154185243319368395386322234145069023020075148246356426
471459401301218161136148200264340389407374292197112039005029096185295380
453477453383279200145127154215292356401407356267173090026011051124221325
417474481435349252182139133170234313371404395328237151081032032081161246
349426471465410319234170139142182249322371398380313237161093060069121188
270362426456447395304231173145151185252316365386368307240173127109121157
215292371423444429383298231188151145173212282325353359319270218170145145
167212267322410426417365304237185151139151194249301331340325289246209176
167182218267325380395383346292231176139127142182234292328349349325285246
209194203231279328365383374334282225173130112124161225285340368377356313
261218197197225267313356380374337279215154112093109154237307365401410383
319258218197200228270322362383371322255182124081075109167243325389429426
386313249203182188215264322362383365307237157096057060106182270356420450
435383304237191173182218273334368389365298218145081048060112200295380438
456432365289218176164179212279337377383353273185121066048084151243340410
459459417340264206170167194240307362383380325240164090054069130212304386
441456429365282218179164176225282343380383343261188127078069106179261343
417450447401331255203170167188237301349374362304234170115084087133197273
349407432420368295237185161167197246295334349331279206145109096130185249
322380417423389325261206176170188225270313337337304252188176127136179228
289346392413423353292237197176182203231276304322313273231185157151170209
252301353380383356307261215185173176200231264285298289261228194176176197
231267310349371362325276234197173167176200228258279289289273249225206200
209237273313343356343313270231197173164167188215246273292301292276249228
218225243279313337343331301261221185157145154173209249282310325322298264
234218225249279307328334322295261212167133118130164206252304340362356319
273237221225243279307334340325295246194145106090103148209273337383401380
328273231209209231267307340349337298246182121078063087145221304374420429
398334267221194188212261313353368356304231151084042042084154246340407453
453407325243188167167203261325368392368292203124054017026084179279374450
484468401304218161139154206282353398413368279182106036005032106206307404
474496462380273194142130148218301377420423371273173093026008045127228337
429493499453359255173124115145218313380423420349246154078029029084167261
365450496487423316221151109106145228322386423407337237151087054063118200
298386456487462392289200130096103179231307371404395334246170121096112157
225304383444465438371273191130096100139218301349380371325255200157136148
188249319383426432395331246182127103109151221285337362359322267221188176
191225270322368395395353295225170127109121164231289331346346322285258234
215221237273313353371365331279225170130115121154200255307340362359331292
255234225237264298331349346319276221170127109112142191252310356383386356
310267240225228246279313337343319273221167115090093133194261325377401392
359304255225206212237273310337343313264209148100072081127191267340392417
404359298246209194197225267313343346316258194130078063084136215304371413
426398337273228191179191231285337362362316249176115072066109182264349407









