MUMBAI
1976
000000000000000000000000000000000000000000000000000000000000000000000000
472438370283219176163174224295359397400352265181097046034080160256353433
476472424333251186155150178239318379408396327238152086043050107197294386
455479457392298219161139142186261341391411384305214135080057082147233327
407462472431359265194151136148200280350394400351267187120081079120187271
358425459447393304227170139137166225298359390381323240170118100123175238
313388436447417350271203152132147192257322362375351291228174146147182231
287351404432427382309240186156153177220276327355360327273225191177191224
269318369404412388333268216179167176200237279317338339310272238216212230
257292330368386380345293244201174171186210240270297315318302274250238237
250274303335359366349312272228195173168182209240272296312318312298278262
257264281305329345347327294256223193173165179205233267298319335337323298
278265267282300318330331319295259224189164157165194229271313345363366342
306275261258273291310320327322302267220170141131146183234289340381400390
350300265247245258281308331344338307257202152118108132187252316376416430
405347284241220219240274311346361356310244176118085083121188267346409445
445403327256210186188219270326371390377311226147085052062117198287375443
470453391298222172151162206281349395408370286195116054029055124217323411
469482440355258182138125150218301373418420363265175096040033081161258358
445490484423320222151110103141227322395433421353248156080039057117203306
404472494461378261171100074088160265355418444408320219135078057091160245
342426482484430326225136077062097172280365415430391308224146100094132193
274362436470457393293200121073069106185281360404415374300221167136141181
233305376430446423358261184116081085125191271336380396373317255210188190
209245300359401413386325254186131102103138198262319356370360327285247223
218231265307348375383356300240182139117117145190244303342366372355322287
255237237255289324348354335296246197153123114126171227285335370386377343
300262239230235259295325342336304263207155117098108158217282343383405396
353301258222205207236282323350353327272206145098077098157230306374419429
404350279224191179191233289338369371336265194130086072099168253338408447
446403330255200170159185241310363392385332255182117076068115203295380439
461445387307230175152152191258330384408392336247166102068080140224315395
450460431367276198146129137190269346395415383301217142092075107181265351
423458451400312232168131122148210294366405402351262185120087096148223307
385443457422351261188136117134179253330385408386320235166122116142204282
358419454442386300225165126125155212286355392397357278207156135148192255
322385423424387317244181135119134176240307353377367311246194160156185225
282335380402386335269204155126126157207266320353361335283234200186196222
261306351380381348289230180150139150183226271309334335308270237218215231
253279317350365352308256207170150146159188226264298315314293270252242237
238248273307331337316277236196165151151170195222253285304313309293275260
249245255277300315312291268237206177158152166190225259287313329334325300
277257250256274294309312305286261226188155142146171212260303342365369344
306267245231234255281305319320304269225175134112115149202265325376403400
366306259222204208237278318345351335288227166115090100150225301369419440
420356279218177163184228287343381390355283205133081064088150237328405460
470425344256182139133162228310379421424374277193114062047086166266367452
494481414300205134097101145233334411451443375269171096044046100194306405
479506475385263165092058079155259361437473448365248153083049073139240354
441497500436322210119055039072162280380448474434336227135077062100174276
375453486462380265167080034026072176295382443455406307211139098096137211
300385444463423337235137061025039101202310386433436383296218166141153190
248322388428431388303218139083067091151233310370410415377312252210195205
228272325373400396352284214153111100118173228293343372382365325283250234
232240269307339358352315268216169139131140173218270319350361357335305277
256242240254284313333335312279240198166147146170215262307345369377365332
295260239229235259290315330325300263218172142132150195251306351381390372
326277237209197205235275313335337313265209157121110128185253313365400405
375316258207175162176218276326358362320256190133100094125183256325386415
408360292225168137136166228298351376366320262194135095090126198283355411
434413359276208152125127174247321377407395332253180125098113167245333400
441439396315235163127120141210288360406418382297208145107108152225310384
435446411336245170121106126176252332394423403335245168119105131191265344
405434420359271191130096102145212296360406412373291208146115126168236315
380418420376297216148102092118176253333389411394331259190139124150200275
343399417397335256186126094097136211291357395403367300233180150156192250
316370401400359283217155114106126176242311361387381334278219185176196231
280333369382363309248190141117120157210267315349363348309260220202204227
263297331350351323273219169134126144185231271307333341325295262238226227
241263290314323315281236197162145143165195227265296315323316299278260247
242250265286300306300278249215183164160172197228263295318335335320300275
257246241248270290305306292265235203177159157175208251292326350369346313
267235218215236258285306317315295253206165134124143192243300343378384359
310252207177166182230280322345346315261200145107094115171241312374411415
375300227167132130163225297352388394350273195131088079112186272349417456
442383284195128092100153237330396438434374275188117072072117206309397464
482443352237142075051080155262361435476457376264164100065083147244347435
490490422308189097030016074161285386460494464372250157087058089163271376
451486461375256140051-03000066176307411479490440328218139081074120203308
400459474425320205111030-03025101217333426474471413313218146112119162239
329402443439379276178094030016061143242336405447440386296217165143155191
253325382411398337255174101054050092161246327385417409362295235193177186
210260314354370353301243173121094100131190252310362385376341293252228215
216230255295330346330290245200165148153176209256305343360358339311282251
232220220242274296310310291262226191166160171202245288324348355347320291
259228212205217249280305315310288252207173156160190237284323356369364335
295251212188182204246289320336334307263217175153160190239296344377390378
333276225182160165195243301342363360321273216172150153188249308363398404
378323258202158142153194256325369389379325259197156142158206267333386411
400357283218158125123155216291352395405372306238176141144179242310372409
413375300228165118106133192260331385415408359278206152134156208281350398
415396338257183120087097143226309375418425388315233175135135172240319379
412410363281205138088077116187270348406431413355279206151131149204287354
398413391323243163103071087139210290362413427392319238182146146178237306
365399396352274196132087076111179256334390420418372293225178160173210272
331374391371309230165115089102147208283349394411392333266214186183203242
297342366364325263200148111104128181245307358387387356302252214197201222
264308343352334287235184141125129163207262310350371365333291254227216217
235264295320328312271227187154141152177217261304338353350325296267243226
225231252282301311298270236200179169167180212255302335354351335308277247
226215217241271290299299283255222188166160172202247290327351362353318277
237204188189213250287314324316289248201166152157185236290335371390376328
272213165144147187245297339361359326266201150123127167228293353399416393
329245168115094107165241315371400395340260190137105121176251326394433430
377280186107056048091177284367428451419340244167112091111174267356422455
440363249147067023021080185300397462481433342242160104086113187286380444
465425326214109029-05008080193307410482500452355241154098087122204308396
453459400293182083012-16020112232359450497495433331225152108106152235337
411449439366259151061008-04054147260367448493481415313222157126134177261
345406432410337237148075031034092179282377441468450386300219167148153192
266338382397368297218143087058072126202292365413429410355283224179166175
212269317347353325275217155113102123167223291351385393375328277233199184
187208250283309318302272233186152141157194245293336360368356326284245212
200197204227258284304303279244210185177178199235278317345352341317283247
215191184187209244273297307292264228200182180197226270311338351348327288
247202174160168199243286316332324293249210185181198227272311343359355325
277223177152139150200249299340355343299245202182179197235276313353364353
310252198153125128156210273326363374344288235193171175197239290334366371
341277209150111104129180244310361393384335270216179166176206262318362381
363308237166116089100143209281351397409378315246194165161180221286343378
381338263188121079070103163244320381417409361287222172150158190250312361
383365299220149090061078127199280355410426400335256200161152169215280342
375377332258185114067056092158236320382421420378303228177148148180236303
356377360296219145085060073123196274351404425404345270205165149164205264
324358362322255181118074062094153219299360397402367311245189158154174225
283330350336287220156106075079117178248315365388381343285228186165166191
240289322331307254200146105091107146204260317360379368326269223192174179
202241284308311288245196153123118136170215268317351365347304255216187173
176195228266290297280245204169143134142172216267313344353340302255212178
162163180212250279295290262225184162145150173214268313344353339302259211
168141134151195240279308316300264217173150148167210262312350366356313253
194141106098122184247299340355337290230176145137156200261317361382365310
240160097062060097170251326381401378312236177141132153208277337387406381
310215134062031042099186282378430444403325238174129122148206286356406418
373278180090026001021096202315403461464408321228162124120152216303373424
427368261153066005-13031120235351436486477415312224159120121153228321391
431422350239135046-02-08046142256364450486472404301216150119121160237328
395426402319211119044005013074173283387457486457386288208152128134175254
343395411373294200116055029056117205309392444461430362275201154137150194
267333372377337267190123080071103164237326387424428394326257201159148164
206271322347342303250193145118121153200271330379404400364304245201176167
181212256297319320290253212174160159178216269322366382373339287243204185
178187206234268292304292263226198184186206236280320354364349316277240208
183171170187220263291306301275247220200199210235272310335342328297265229
197168151151175219261292310307291261228206197204230266301326331315286250
212175145129137172224276313333328300261227210203210232268303330336317282
240195152122118141189250304346363351309264228205200210236273310333337316
272216161117096108151214279336375385360304257214190188204237280320345343
305249188130091085117170238312368396387346283237198180182207253301342356
335279210148096070083129203280350397413387328259207175170190230281330363
364321252172110066063100165247327390425419382310247197172172195244305352
375359298217142085052070120193272356415438418361285223183166173208271336
375384343263196126078065104170246327401448455424360287227192187208253320
377406398355270200143117119161230308390451480479445364292243211218234300
365401412390320247184138123155200264332396452475457403325263220203206252
312366397394349287224161125125161224290354410442442414351281229185174198
230293350373373335270212167153157195223282358407436426387326271216190175
201247312358370363335298251207177184215261304352384410416395337272206183
177193225260316355369357319276232205198214244293347384405402377318251196
158145162196240301345370372340294245215209216234275317373399393358294227
165124120137182246303355394384356303254222208216240276318354387399358285
202139095077103168242318375415423394342267212187183214270322366393390348
275189118062050083155240331405447453415338263204178179202253313370403402
354265170090037030073152253355430470466417339256193162160186245322385417
406335239137061022017082172278381452486473416318237176151149182252335398
429407330220130054018030101200303402471496476406305225165144149189267347
406429394305205112054033061137235335414470482454376277200150131142192274
353403410366277190116065056099169255352427462459416334252189148136154212
290360393389335255179119091102152216287371420441435384305231176145149178
228293343365355303240180140127149187245315375415421396339273214170154159
189236289327342327285240192165163184218267319367395390356298243197167162
175195235275302316304271236203190193209242281319355368356317270224187167
163177202233266293306301283256229214214231256287319341345327294254217184
163157168197233264289304304289265238223219235255282308325326310279242204
170148143154186226268301321323306276243222218230256280302312313300274235
190152128125139180233283323344339314276243222215220240268295313319303265
219168130110111143189246308351369358323276239216210221245276307319318297
256204146106091107148208276344387399372317261225207206223250279311336340
308243176116085084117172246323383413409378316260216190190219254300342362
348296225155099070085128200280359417438427377300240204183192219276330372
389358291210136088072099157237325394445456428357279213176179190232298354
389386332244163096070070117184270352412450444396313225171143141181246319
376395375296205130075051078142221304382435454426361272196143126135186265
340389391359275188126081075107172247330404440447413329245180140119141203
282338376381328250181122093096142205280353404435435381294216151116118156
217290346372369316255186136119141182237290356406425414363278202145114121
156217281335361359324266207163152170200247300356398408388327255184134112
122154211268317351356330281233196182188211242297343378383352292227167118
101114148203257311344358340301254217203204219252298343371373339282221164
119096108139188256315362385377339287243214212221246285327361375348297232
166116086093127189268338385412415381323266228206209236285330370383365313
248175119075073118193287361419448438390323254210190198223272326377400390
330247165094058060115200296383440472457410323247194173179211270338392418
403335237146079047061117210318408461480458383293218169154163202269355411
430403330218128075047065140246346428471479446366270188150136160214293373
422427389305203120078065108191295385446474464415325233170140136170243327
394426413366279186117087090165239330405457469442371289219167139143187256
339394415391306226165128119146206279350421459457409334256193159153170211
272347392400361290216175154162196247313376419434412355282215170154160189
233300351375372323265216189180195224266318374417420387322255207172162175
202250300340355336303271236209207227257299343372387376335278235194170172
185211254291321337320294267245239240250268300330365376348304258225195176
173190220258291316331313295281267255253260275296319334341325285248216191
174172181201236273302316316304292275260251249263286304318320304271238210
186165162175199238278306330338327306281259248248261283312324326313279252
218180154144156200263313352372371358321281250229230247278303320327321293
250192145121120156205260321366392387352299253224206204220254290322337325
282228166116085094137195268337386406392346281231189176185215258307344355
335279207135082063085140219300376416425394334260197156153182230292347381
383331253163095056062108183270356421447433380290206154129136177247321378
403389316223139071046068126210302387446464436368261180125110126183265346
403422385295203113063050086155248345423462460416323225150104089123194288
366412411360265173105068076128195291379448465451384280196128098103153238
329408440425357254177117095119177241326392447468435349249165108085103152
236330396421392317255191141125142193261331391427426390306229144103094108
160241322379398374322261204171167191223274333378402396347276200138107102
130178246304345369364325282235206200211235273313352374366318253193140106
104129168225280330354355335308270241225218236260289328346343310252196150
120111127164214280328359369350323295258227217220245281309329329305267214
160114097112147204263321366386386349300244210199204232266299332347337290
234167111081089135201275346387404400360304243197172176202247297341363359
312240166100064071120195278356410429417363289222173151157191245313366388
372309226143083058076135217304385435442413347263193141132153200275336387
405370270179113068057101177264348416446436384296210155126118152225303364
404411356243149099068075132212300378429446411341241168115098119165243323
385410380300205132086079118181266344404436428379287200137106109145204280
357404407357267182124103121170235306373426434400327250178125106122167234
311370397383320239174134126154208271331383411403362287212157120115149201
265317365381355292234193156155187249297346379394376326245188142122138176
221272322353361326272227193177192223270316356380377342283224177156159184
216253294331352342312272244224225241261290316340352341305255208177162162
189218245276304320315297279258243239248267289307323331316276231199179165
166192214240270294311313298280262246242243257277293302300284260230200171
158156172203233269297315321313298273253239236245259273286292287268239202
172147142156185226270307332342333305268234214205221244270289302303283248
205163133120129166220278324364382360315260218192186206239276304328335315
271202143105096125176243300355401410375310245195167170199239291329365369
329256182118079078118190267336398430421362278205153132140181244313370401
390327242156094060074130215309389446457425347247170116098125188280361415
430392303209127071050082161241340418460460411316207125073066110198296386
432431379293196115064060107186290386446467447376261162091049058118221329
408450444384279176107067082144231326403455462422330218130062036070141250
351425450430358257176113089121188273349417445439385279191107055048089170
265357415433408332249185140131169222287356404422404339255166110073086127
196282353397411382321261203175172208243284328369387362305231174128102107
143204273342376384358320276233215210223248281322354365344283227175133119
130169212264317352366359341306278251233219238258286311333318296254207160
135131169210262317351367373357327291255229220231259285315336336316285235
187145135155200255308356385395390357305249215205210242281313346358350314
257198152132145200261321371402414397356285227191178193224273325368389376
336263188138114135197258325389425432400334258195161151173221286353400412
379305216154118101147208286361425446430377296217161137141175238316383419
415364275197136106104162230312388436440409336254180132110128176251331395
425405338246166123103128185252334403437427377288205144109098138200280360
413421382300213148111113156216292361405421394336248165114090112165235311
380417409357270190135117143191252323381414407358275195126089090131197271
341393407382313232167133140179230290344386398370302225157106091118170231
302362393389342274210170153172211260310354383366318244176123098116162215
274328366378356300240198176185213249288330356360331272212159124120149191
241291330354353321282239208198211239270300323335327294246194152133145175
213250289322340336310276246228223237254276296311315302273233198172157166
188220255287309320319306286261243235235251266281293296256260228203181170
164180205238275300315320312296277252230224229248267281288283273253225192
168156163193231269302324337334309273235203195200225252276294302298276237
196159140143173218273318347365358325272222185171181216260295317335333293
239180136115126167230294345378396373312241181141128149199261320361378360
303230159107090111165230305375429425395310225146101093124188274342401421
393317227148096074106170258349420450437373270175101056056110198300387445
450404304203123072070116193292382446462428343230128056025040108217333422
468460398284187105068081138228329412458458405300183087022000044134250363
446481460390262167100076103167263357425459441370253145059004005066162281
385457477441356244165110100134196283362421437407325219126048016031096188
298388444453416326237170128129166226300363400406372295205125064045070129
214302374415415381317250195163163190232293335361362325266201134089080112
163229300355380381353307258216195192205232265297323330308267217168133122
141178224279325352361344314277235215203201217245272296305297275244205168
149150178221266309339351348323290250212189182193222255282302309299271228
185154144163199252301340355354331292249203165153167203247288320333324282
231183150140155198256314358378375339288233178147135149202264312347356336
287228175135128166214273335381398375321257204155124119143203277339379387
351289225168137135165217291353394401373301231172125101117163234313375406
399345271205157137149190255327380406398342266198128091093135205288361410
420383311237173135135164224297357397403362286211143091075104166251335397
424413359279207154134150197265336387404383323246173106074087139216305376
420430395324249184146144178236309367398392345271197130082072114183265340
398427418366286214165149170218277337378390362301228161105079101154223297
362409421388324254200167166194239298346372370332269204143098093127181247
314369401401363299240193177189221265311347362347302241186133114127167220
279335378396379331276229204197211241279315339345323276225176143135151187
234288336364373351312269234215212227253282306318318295255211176154151169
203242286325346349333299267241219213223240265285297296275247220193175169
175201241282316336341331308280245217206207229258279288290284273251219187
169171198239276311337350347322281239204182180198234265286301305299272230
184153153180224272312342360358325274221169143141168213263308337348329285
229176141136159208267320363383373327261185128095099138204274335375389360
295220161121117150209279344394410384317223144079050066125212301376423429
385297216146105107148217301379420425385283188099037013043121227336412461
454391289197127089098150238330402437429363265163071014001027115237349435
481466398286192123087102159251346414443425346229126036-07-10045145273380
462497467383267175112091113181273360413438407316201092023-07006079191313
407469483434337237156102097135205291360405412361263165075017004042118221
326405455457405312221155120121159227300357387384331257173101050044085155
244333398433427381305233117151150176221283333355350304240177127096096132
184257330379398387346292240197175171187219260301321319286243199161141142
161202262316355367357326291249210185177185210245276295302290266234207175
164181217265307338359345323291251213187171173195230262287302301287258227
196179187217260303333345347326294252208166147150177221264300320328313278
236196177180210257300331346347328292241184142124132169221277317344355337
285230194177184218264307342358355330277217165132114130180250310358384378
338278225187170185222270322358370355307241180130104106140201278346390405
378322260205174169193238296344372375339278205144100086110165238317381414
410370302238188164174210269326365379365311239169111079082130201292365417
434408350272213174165187235296352382384340266193125078063098161244331399
434432385312240183157162196252316364382365300220151092061076132204288362
417434411348267204166158183230292345377378337265205131082072109173252336
398434434394318248195168169200256316360378362307236169111080093141206286
352407428408357285226187174185221276324355363332271207146106097126178239
305366408414386325264214192184200236277320345342308251191144122126162213
265322371398395363307255212192193215246282310325322289244197160145155183
226282333370386377347301257219197196218249277301314306280245207182172180
205242286328359375368336294249213196190202232263288305308294269237208191
191208244286324357372366337296248202172166187218250292316328327303268232
202192207239285329363381376342294242188152136147186242296338364365336286
240203186194218267318365392386349285215155108092116172246317373407407365
300238195176181217274337389412402348264183117067061097166258346414454446
396306234178158170214282352408432413346259168093035024067154265371448490
478415313228170146156201275357419442420341235135053008008066168293395481
514487414302217155134157211302380436454420333219123031-06021108225340444
511521475376265184134128159230324402446448392287180093027010053142259368
461514512455348247178136131163238330399436429366264170086033030085174284
379461494482423321232164135141182254328385410396332256172103066071121199
294374440466446394307229172147149177244308353375364311245179130108118066
227306372418432409357283222177156157180228284322340323279237196164152156
189249310363394394367320271223186168170187218261293310309286259227200186
192218262312353369364339304261218183163161178209245274296303296275254234
215212230258291320341338321294251208178158152166190230267295311311292263
234213211229259292319334338316283236197162139132146190239285321338335306
269236216211222249284311327323300266220171133112115152205261313350363351
314271235210204220252288319330325300256203150108092115168233294349382388
364313262223203200220258298329342331289233175123088085118179252323376402
395353292241202183190219265313343353326269201138086068085139211291360407
419392332266211180176194237291336361360311242170102058058101176260338400
430418368294233187169175210264321359366334269193123064045075135218302375
422434402333257199162153175226291345373365312229156091052053100176261341
404437429378297224173150153189245310356372350286206136077056081149223300
370417438415353275210169148165218279329359367334262191126087074113182262
327381416430390324246200160149182237296343370367322255190134104110155214
278347400428422379310239185158159187243301342361352304248191150133145187
241301361404420401350282219170152160194244293326345338300251202170160175
211260316363396403380330265206167151156200248291323340333304266226196188
204238285333370390386359305249199161142151188239290326347350331298260227
211213235280323362384383353300244187142124132174227283329364377368326279
237215212235278325360379375344297232172118090097141205277327365386387358
297245212205222262311353380387363300228158098065069115193280357415446437
390312245205191203241303357396408380310220142076039046104193295387453483
465398310236189174188233302367411425392308213127053015044120227334428490
504465385287212164156175234300375426438400305197103037008035127238365460
500507473378270193152135178255329394436441404390160082028013073163282382
455498500450336242174135124182258345405433428385262158079037034110203305
390465494482416313223163125122180270353400419410336245161100074098155244
347407452470449372288205152130137190285350380392367302237168113100134205
281360408440442411329254191161145158203269327358370337277231180158165193
238296350402420404356287233182154150170215267309332335309270235205194200
222258306354390392362311261216180160160184220255289310316306285261241227
228244276316350364357328290252214186171176194219250278300315311299284269
255250261285314340348339312283250216186167165183210245281308324326311293
274258253261279301321328323302276242205175159158172200245291322343348328


















