MUMBAI                                                                          
1948
000000000000000000000000000000000000000000000000000000000000000000000000
274366439478469424335235162122119152222305366393384332250180125097107149
213293372427448430378293216158125122149210290341369360311253204165146149
183235305372418430405354277210155125116146201268317344350317274232198183
192213253308360393396363308247189146122119143189250293323332323299268235
210207222256293332357360332286235180140119116140183235283320341344326296
259235222229256296329344341314274226177140116116140189247302347372375354
317283256241238256283314335335317277232183140113110143195259320372396396
366317277247232229244274305329335311265213158119094104143204274344393405
396357308265229213213232271308326329305256195140094082104155229299372411
418390341286244213201207232274323344338296235177113076079116186262341396
424418378317259216195189207250299341357335274204137085070094152222305375
421433411357286232195180186219271323354354323256183122079076113177250326
393430430393329259210183180198244299344369357305232165107082097149219296
366414436421372296229186168174207259311347360332268198131091085122180250
317381421424390323253201168158183226280335357344299235171125107128180238
308369414430408354277222180168177207241305341360344293229177143140168210
265326381414414378314250195165155174207256302332335305256207168152165195
244296350390399378323262216180155158180219271311326326293256222198189210
232274317354381378354305253207171155165189226265299326332314280256238235
244262296335369384372335286238198171162171198232268305329341338317286262
256259280308338360366344305262216177152143149177213259302335357357335302
271250250268296323335338320293253207165128113119149201259320357381381357
320277256244250271305329347338308265213155107088097140198268338393424424
384320271238222226256296335357354323271204137082058073119192274357424457
448399323253210195201235286335372384354283201122064033046097180274372448
482463402308238180158162204280350402411366274177101033006030101195308402
478497460381277204143128149213308381424424369268171085024006046125235341
442500503454354247162113104140219320393439430366265158079030024079165277
384466506488418305207131088088134229326399436421354247155085049061122210
314399469488457381268174101070082140238329393424402332241162113091116171
253338411451454411326232143085064085149241323375396375311238183149143171
222286350399427411363280204140097088116171247311350369350311262222204204
222253299344381390366314250189140116113143192247290323335332314290265247
241244259293329347344311265226189155131131149186232274302317326323308283
262247247259280296308308286259226189155137134149183226268305332344341323
296268256244244259277293296283262232195162134125140171219268314347363354
326293259238222219235256277286280262232195152119104119158216277332366375
360320280247216204204226259296314314280238186137104104134183247314369402
402372320265226204195207238280320341329286222158110085097140201277347396
414396354290238198183183210259311350357329265198134091079107165238317381
424421387323256204174165180222283338366363314238168107076085134204283357
411436414360283216174152152186247314366381357286207140088079110168241323
396436436393317238180146140162213280338378381335259180119088104149219293
369424442414350265198149125131171238311363384366299222152110097128186262
335399430421372290213155119116143198271332369378338265195143119128171229
299363408421387320238174125104116158229290341369360314247195155143168213
268329378402390338268201143110104128180238302344363347296241201183186210
241296347381384354290229174131110116146195253305338350332293253226216222
244265302338357354314262207158125116128155198247290323332326305280262247
238244262296320326317283238195152125116125152192232277314335338329302277
256247250262277296305302280247201165137119119134177229277323354366357329
290256232226229253283302311299265226177137104094113155210274332375399393
347286238207195207241277314332329308256192128079058076125201280354414445
430378293226177162174216283335369375344274195122061033049110198296387451
472442366265183131116137198283350402418381290186104037012055128235341436
494497448344232143091085128213317396448451393280171091030024079171290396
475512491408277180097055070128235341421469454384268162079040055122216329
424491506457354229134058027058137250357430463439360244152088061091165262
360439482472408293186104040037079165274369430451414332229158119113146213
296378433451421344241155088052058110195290366411424384314238189168177210
262326381414411369286213149107091110155226305360393390354299256226219226
241271320360378363311250195152131131165192238296338360357329302283268265
259256274302332341317277238204177165165177201238277314332335326314302286
268259259271290296293280262238213189174168177204238277305326338341341326
302280262256262277286290286277262244216189171174201241277314341363372360
326286256238235244259280293296293274250207168146152183226274317357378375
357314271235213207222250283311320314283235186149131143180226283338384402
387344286241207189192213256302338344326280222165128116131177238305366402
408372323259207174165180222277329366366341268204149107107140201271344396
421405347283216168143152192247308357381366311235174125104116168244317381
427430390317238177137131155210283344387399363290213146107101137210283354
414433408347256183125101113162238317384414396332247174122101125183259338
402433424372283201137091088125192277354402418381305222155116113149219296
366414427390308222152097076094149226308375408408357271195146122137183253
329387414396338244171110067067107171259335387405384320247189158152183232
293350387393357283210143091073091137201280338378384350293238198183189216
259308347369354299238174122088091116155222283332366369335290250226219229
241271311338347323274222171131113122149186235283326357363341308277262256
253259277305329329308265222186158143143162192235280320347360357335308280
259247244259283305311302277244207174149134143168210259308347372378360323
283247226216229256283305317305277238186143119113137183238302354390405381
329268216183168186229277323350350314256192131091085113171244323387433442
408335247183146140171232302363399402360280198131085076107171262350427469
463408308213140097094140226317393439439387299198122070061107186286387460
494469387265165088052067128232338424466457390280183113067073122213326414
478485433326207113040021061140259369445482454378262171110082107168265366
442482460384262155073021024082180299393463478439354244165119113143213302
387445457408320210119055024049119222323405457457408323232171140149189253
332396427411350253171104055055094165253335408436421369293226186177192222
283341378387354286219149104082101143204280338384399384335280241216213222
244283320344344308256204158128122143174222277326354360344317286265253247
250256271296311305277238201174158162177201235274311335338326311302290277
265259259265274280274259235210198189183189204232268302326332335329320296
274256247244250259268274271259247229210195192204232271305329344347344326
299268241222219235256277290293283262235204183177189219259302335357363344
314274235207192198219256286308317305274229189162155177216262314357378375
344299250207177168186222277317341341314265216174149152180226283341384399
381326265207168146149183238299344372363317256198152134149189250317372405
402354283213162125119146201274335378396366305235171134131165222293360405
418387317235168116091110158226317378414414369286207152128140186262335396
424408354265186122079082128198286363418439414347256186143137171232305372
414424384302210134082064094155241329396442442399314229171143155201268341
396421399335241162101061070113186274357421451433372283213165158183241308
369402402360283198128076058088152229311381430442405338259204180183213259
326375393372311235165107073073113168250326384411414375314253210198201229
274320354363338280216155110085101140192256314363387384357308268238219219
238277314332332305262213168131116134168216268317360381384363329293259250
244256277296317320308274235192165152155174210253302341369378366335299265
235219216235265290305305283253222186162152158189235293335369384378347305
256213189186207250290317329323293250204162137143174226280335381405399357
290226174143137168226290338366363323262204152119110143201274347402430411
354262186128094091134216305366405402360280201146110107143210296369424442
408323226140076049070134235329399445436372286201140110119155232323402448
448390283189107043027070152268366436469448384280198140119140189268354424
454427344235140061018037094192311390454475442366268195146134155216305381
430433381286186107043021058131238335408466469427344250189155155189250329
393421396326232146082040040088174262341424457442387302232186168177210271
338384381335253174107070067101158238314369418433402350286229198195204244
293335363354305235174128097101134186247308366396399369320271235219219232
253286317323314265219174140128146177210262314354372366335299265244232232
244256274290290280247213180158155171195226268308335347338317290268250241
238238247256265268265250219198186180192204232265299329335332311290271253
241232226229241256268268256241222207195192204232268305329338335323305280
253229210210222244265283293286271244219201195204232268311341354350329299
262232195177180201244280308317308286250213189183198232271314341360360329
286232189158149162201259305335347329299256210183174195235290335363378357
314256195146119119158219280332363372341296238195165165192238299347381381
344274210152101088110168244311366399396347277213171158180219271332381396
375305226152097067082137213290366414424393329256201165158183232305363393
393341256177110058049088155235326399442436387308235183158165204265335381
402372296210134073033052104186280354439457430378293222174158171222286354
390390344265183104049027061119201296378442448427363277210174162180235305
366393375317232155088040033076137216317393436439402338265207186171192250
308363375354296216146091052061110183253329399433427390323256207195186201
256305347354332274204146104079088140198256329384411408369308253213198195
213256296326332308259204155122110116152204268332375390381347296247207189
183195229265296305293259219180146125131155201256314354378375344299250204
174162168195241280305308290250210168143137158198253308350378375347293235
183146128137177229283323338326290238189155140152189250311360387384347283
216155107091104155232302347378369323256204165146155192247314366396393354
277198131079064091155244323375405396347280216165143155189247311360396396
347256165088040040085155247329390427421363277207162143158198262323375396
375302201116046021046107192286360421445424354262201162152168210277338381
393344247155073021018067140229314387439445405323244186155155177226293347
381372302204116049021040097177259341405439427375290222180162165195250314
360375332250162091043040079143213293366411430399341262210174165177213268
320350344290210134076052067113168241317372405405372311253207180174189232
277317335320256195134097082113155204271329375396390350293247210195198216
247286311317296241189143122122146183235286335369381366326283244222207213
232256283299299274235192155146155183216253296335360366344308271244222213
216229253268280280259235204183174180198226265305338357357332293265241222
213210219238256274277268247222201189195210238271305335347347320286256229
207198192198222253277290283265238216201201216238268302332350344314274241
207186174168186222259293314311290256222207204216241277317344350335305262
216177143131140177232283323344344311265226204201216247283323354363341293
241186143116110140195259320363384375326271232204201216250293335360363332
274207149104082094143213290357402418390326265219198198222265311350375366
308235162104070067104168253335402436430384314247204186192222271329366384
357286204128067037058113192283366427460442387305235192180189229286344384
390344256165091040030067131216314390448463436372280213174168186235305360
393387320232146070027033082162253344418466472430354262201165162189256323
378399375296207122061037052104186271360430463457411326247192158158192262
329375384347274195122067046067122195283363427451439390305232183155158198
262329366372332262195131088079101143213296366421445433375293226177158158
186250308347360323268216165128113131174241314369421433414363283222174152
149174226277320338326271213168143137149174216277341387402381323253201155
131131158210268311338338311265219177162162189238296344381387363311247183
134110110134189256311347357335296250207183183198244290335369375347296235
171116088091122186256317360381369329277229201192207238286332369378357296
222155101079091128195268335387411399354293244210198210232280326363375344
277204134082061079131210290357402421402357286232198186201235280323357360
320250171104058055088152229311378421430402341274222192180192229283332360
357299219143079049061104177256335396433430393323256207186183201244299344
369344277192119064052079137213293357411430408354280222183168174204259314
354354305232146088061070113177250329390424427390332265216189183192226283
332357347283201128085073097152213283347396424414372302232198183189210253
305341357317247177125094091119174235302357393405384329274222189183186216
259302335329286219162128119137174210265317369396393360305253210180183198
232268302317308265207162137137165195235280335372387369320268222198189195
210241271302311296256210177168177198226259305344375381350299250210189186
195213244265286299293265226195186192213238271308344363357320274232198177
171177201232262286296290271247222207207219247277311338350338302253210177
162158165189222259286308308293268244226219229250277311335344326283238198
165146143149180226268311335341326290256232226232253283314335338317277229
186146119113131177238293338369375350308265238226229247277314338344320271
213165119091088119177250317369399402366305253219204213235271308335344320
268201131076046067116183262332393427414366293232198186198226274317347357
323250165091037024055116201290366424439411347262201171168186229290338369
360305213122046009018067143232323402451454418335247180149149180235308357
387372296195101030000018076155250347427469466411311213152125137177247320
375396369280183101030003030091174277369436463445387283192134107119171247
326381396357265174091033027061119198293378442460433360259174116094110162
241320372387354265177107064061094146216302378433445411335238158107094113
165244314363378338262198134104107140186247320381421424384302219152107101
116165235296344366341290226180162162183216262323375402399350274204140107
104128171229286329350344311262222198195210238274317357384369323256195140
113116137177229280323350354332296256229219222235259296329350338293235183
137110113131168222283323360369354320277244222222235256286311326320290244
183128097091116158216274326366378366329280244219219226238268296317323296
238177122088085119168229293347381393378335296250210201207235271308326326
290229165107070079122180244311366399405381332274226201195201229274317344
341293219152094073094146207271341393424411375305241204192195213253302347
366332259180113076082122171238314381421424390335262210183171186222274326
360357302219140085070091137195262332390424411360280216177162168192238290
338363341265177110076079119171232305366411414384320247195158152174210265
323360360311226152107091107155210274344396421405363286229180158165192238
293341366347277201146113113146189250311366411418390323253192158152174210
262317350360320256198152134146183226283335390414402354280219174158165189
229277320347341302247195165162186219256305354390399372311250198165152165
189235286320341329286241207192198219241271311347372372332271213168146149
171195232271305326320286253222210213229247277311338354335296247198162137
140165195229268302323323305271247235235244259280311335338317274222183152
134137155183219265302326335323296271250238238250274302317314293259219180
137113110128168216265308338354347317280247226226238259280299308299268213
162116088091110146207268323369387375332277235210201210241271302317314277
219152094058052082134207280347396418396341268213177174192222268314341341
296219137064021027067131210302378427439390311232171143146180235299350378
366293201107030-03018073162259344418460454399299216149119125165235314375
411396314204107030-03018079171280369445485469405283183119088104162247335
402433405311192097030009043113204314399472494463378247152088067091155262
350418445405305192097043037076152238329418475485436332210125067061097174
274360418430387280180113076082128189268357430463442381262165094061070116
189283360411421372274195146131152189238305369421436405326226152101082094
137204283344381384341283229198186198222256308354390390354283219162122116
131171229283332360360335305268244235232247271305338354347314262210168143
137155186226277320344354341323305283268256256268290314323323308271229183
155146162186216256296326350357344323293265247244247265293302308296271238
195158140146174213265314350375381366329293262244229232250271296317311286
244195155131128155207262323366387387369332290247219210216241271305326326
299238177131113125162210271332378396390347299253207186183204247290326341
323268201140107097125174229302360405414390332265216186177186219265317357
363320247171116094104146204262338396424414369296229186165171198241296347
378363299216143097088119171235305369414424387320247186152143162201262323
366375338253180116091101140198268335399424411357274201152128137174229299
354384372308222149104094125177235308378418418381305226165125122143195265
332378390357274198140113122165216280344396421399335250180131113131171235
299350381378323244177137131162204256314366396399360277204143107110134186
244308350372350290222174149155189229277329369381363305232168122107125158
210268317350357323265219186180198222259299338363363326262195146119119140
177219268311338338308271238213213222244268299323335326283232180140122131
152183222265302326329314283259247241241250268286308314299262219177146131
134152180213253290314326326308290268256247247259277293302293268235198162
140134143171210256293329350354341311274250235232241259277299305290256210
165128113119143189241296341378384366320268229207201216244274308326320280
222162107079082116174241314375414421390323250201171171195238296338369366
317238155088049055104174256335405448448390299207152122128165238314375408
396323219134064024037091189286378451478460393271174110082097158253341408
445427341219125052024049119213317408482491445335207125061046085171280375
442466424311189104043033082162271366448488475408274168076021030091192305
393454466414293183107061070122201299384454472439344222125049012040113219
320402451445384268180125097122171241323393436436375262168094040033073146
244332393427408338250186149146201213271332381399378314226152085055070119
183256326372393372317256213195171222247277317347354332271207146107101122
158198253305341357338305274250244241241247262290311314293250201165143140
155177210250290320332326314299280268256247244253268280283271244219198180
168162174201241277302320326326317296268241229229235253265265268262244219
186155146158189226268299320335335320286250219207204213232253271283280256
216177146134143174219268311344360357323277235204186189207238274302317305
265213165131119137180238290335372378357305247204174168177207250296326338
314256192143116113143195253314363390384341274216174146149177226280329357
354305232171122101116158229296357396402369305241183140131149195259323369
381354283207149110107140201274338393418399341259192140110116158222296357
390387332247174122097119168241314372408411366283201140094088122186259329
384405378302213152113113152210280344396418387308222149097076097152229308
372411405347262186137116140192256320378408396341256177113076079119186265
338393414384311229177143137168222283344384387357283207140085067094146216
277335393399354277210168152171213262320354375366320253189140113125165222
296354405424402347277232210210238274305344372381347280204143107107128165
210265320360375357311268241232235247259286320347347311247189152140143155
180213268320354360341311283265253253256265280299311311280241204171155152
158180213259302329344341326305280265253247247259271286290277253229198171
152149165201244286323350360354329299262238222226238262283299308293262216
171140131143171222274326369390381344286235198180186207241283317338335296
232171122104113152210283347402424411363277204155131140177238305357387378
320238162104073088137216302378439457418341238155101082101162253341408439
418338232149088061085149241338421472475418308192113052040079165280375448
472436338222137079064097171268369448482457375253149067009018079183305399
466482439332213131085085131207305393463475430329210113030-03000104213332
418472478439314210140101116162238326396448439378265162073009-03030134241
347427463445375271192143125149201268338396411378296201122052021049110189
283363418430399326250198168171192229290341375375323247174113076073101152
216296357393396360305253219204207222247283314332323280222168131113119146
183232293338360354320286259244235235235241262280293286250210183158152158
171198241283314326320308290274259250241235235247262265262244226207195189
180183204238277305317317311302293274256235219222238250259262256247235219
201186183198232271305326332332320299271238210198207229253268277283280262
226192171174195235274308335350354332293250210186180192219256290317323305
259213180165171201244290335360369354317268216180158158186235290329350344
305253204171152165204253311354378378344290229177143131146189253314360378
357296232186155149174216274332378396366317247183134113119155222296354393
393350277213165143152189247308363396396350271195134091088122183256329390
411393329250186143134162213280341387399369302226152091064085140219302372
418427390305229171143149186250314372405396338256177110064064113180265347
408442433375280207162149174222286350393402366283204128070055085146226311
387436445408323244189165174204256320372393381320241168101064064113180259
335399436427375296235195183198229283338372384357277207140094079107152222
290357411430405350290244216213222256299341363357311247189140110110131177
232302360393399372326280247229222235265293317329317277229189149131134155
195244299341366372354323290259238232235253274290296286262232198171152152
165195238283323350360354326293256232222222235250265277283280262229198171
155162186219268314350369369344305262222198189195219256286311320308274226
183155152171207262314360390393366308244192152140158198253305341363354305
241183143131149192256323378411414378296222149107094119177256329384408390
329244180131113137189262341399430421354259168097046043088168268357424445
411338241165116101131192277354414436405323213119043-03012079177286384445
460414326219149101104137210305372418424372271168085021000-03094201314393
448454399299216152119116162232320384418402329229137052-06-12052137250357
433469451393290210155134137192265338390405369280192107033009030097189290
375436454424357268201162152174226293354384381326250171101052049088155235
323393436436399326259207180180201244299338357341286222158110082091134189
253326381408399354296250213201204219247283308317299253204155122116134168
213268323357372354320277244222213216229244262274277268235195168152155174
198232277317341347329302274250232222222229238247253256250235213195186183
192207235271305326329314296274256238222210210219238247253256250238222204
195198213241274302323329320302277253226204189189204229253268280277265244
216201201213241277308335341332308277241201171162171198232265293314314283
244207189192216247280317341350335302253201165140137158198244290323341329
286241204186189213247290329350357338286229174131116128165222280338375381
347286235198186198226268314354372366320253195137101101131189259329381408
393347277222189183201241286335369375347286216146094073097149222302375418
427396329259204177180210256317363387375329247174110067064104171259341408
445439390308235183168183226277338378393363293210131076049073128210299381
439457433375286219186180207256320369399393338259183113067064104177265350
424466466427350271219192195232286344390402378308226152091064085137213299
381442469457411326256213201210247302354390387350280210152110091113171235
317387433451436384308250219213235268317360378372335274216165140149180229
286357430485503485427357290271277299320326347350344299238180146131140165
198262326384414408375323277235207195198226265296314311280244204171155155
177222271326369390390369329277232201189195219253283308314308280247207177
168186222274320360387393369320265210174155158183226271308335338317277229
195177183216262314357387396372308244186140116119162213286332369381360305
247201180186210259320369402402363302232162113085094137210296363411430402
338262210186186213265326378411408369290201128070046067125216314390445454
424347262210183180201250323375408405354268180101043024061128226326408460
463427350262201174174198256326387408396329222134058015015070152259360439
472463411317235183165171210277347387399369290201116049021043107195290381
451478457396299222183171180219286344387390341256171097049037070137222320
405457463433360271210177174192235296344378369308232155091064070119186265
347418451445402323256210189186210256308350366341280204140097094128174235
311378427436408350283235210201210235274320344338299241189143125137168210
271332387418414378323274238213210219238268299314311283241198165149165192
235280332375393384350299262232213210216232256277290290268235207189186195
216250296341372378357320283250222207201210229247262274277268250229213204
210232262296332350354335302262235210195192195213238259277283280268250229
219222244274311332341335320293259222189168168180207238268293308308290259
238226229247271302332341341317283241201165146149171204247290323344344317
280250235238256280308335347341314274232180143125131165213271323366384369
326277244229232250274305332350344314259198137104101125174235305363396402
378323268232213216238274320347357335283219158110082085125186262338402433
427378305253213201207235280326360369335265195125073055076131207293372430
451430375290232195189198238290344378375317241162091046040073140222323399
451460430357271210180171192247308354381360296216137070030037085165256347
424466460418329244189165165195256323369390354277195104043027058122201302
390451469442378280210168155168216293350387384323244168094049049085152232
326405457466430350259198158149174222293354384375320241168104070076116177
256344414457451408326250192155149168222293344372366317247186137110119152
201274347408445436393314244189152143162213280329360360323268213171149149
177222286354402427414366296232177140131149195253308338350332290247213192
192207247302360402414393347283222168134125143189253305344363357329290250
226216232265311360387393372323265201149116110131177238299347378387363317
271241229235259299338369378354311253192131091082107162232302360399411387
335280244226226238274317350369357308244177116079070097155232314375418430
405350286241216210219256302341366347296226152094055052088158244329396439
439408338274226198195213253308347363347283213137073043055104180271357421
454442399323259210186180207256320363378338265189116064046070137219308387
445460433372290226189177183219283341375375326247168101061058094165250335










