MUMBAI                                                                          
1930
000000000000000000000000000000000000000000000000000000000000000000000000
408427408360293235198174171207262320357360317244171110070070110171244317
384424427393329259207177165189238296344363344283210152101079097146207280
354408433418372299241198177180213256314350357323268201143104101128180244
317381424430399338268216180165177213268320344341293229168128110122165219
280347396418399350286229183158155177222274317329311262207162134128149192
244311363396399369308250198165149158192238280314320293247204174162165189
222274329375399387341277226183162158174210250283311320305271232201192192
219259305350378381360308256210174155155171207244277308320314286256229216
222241277314350369366335286235192165143146168195235277317335338320290259
241238253286320347360350317274229186149125125143180232286332363369350308
268247241253277305326338338314280226171128101097125168226299357396405378
326277244232235256290320341347326277216155104073070104158235317393436439
405344277235216219241280323354369350296222152085037040082152238335411457
460424347265207183186213265323366387366302207122049006012070152253357436
478472421329244183152152192259338390411381296198113033-09009073162268372
457497475411305213146122131180268354414424375274186094021-09030110210311
402472500472381262171113097116189277357414433381280168082024009055134232
335421485497448344235149091082116189286369414424363262162091061064119189
271369442485475418308207131088082116189280360405399338250177125101113152
219296378430451427360259177116085085122192271338375372320250192158149162
198250314372411418384311229165116101110149201268323350354317277241216201
210229271320360384378332274222174140125134162210262308335338329308283262
247238247271308344357344299253210177152140146168210253296323341341329305
283265256256274299317323308280250219183152137137162204250296329350354338
308283265253247253268290299296274247213171137119128162207256308347372372
347311277250238229232250271290296283253213168128113122158213274332369387
381347305259226210204216244283308317299253192140104094116165222290354390
402381335280241204192195219265305329332299238177122091088119180250323384
414408372311253213192186198238290329350338283210143094070088137207283357
405418396344274219180162165195259314350357317247171094064070113180256332
390424418366290226180152149177232296344366344280204134085067085137213296
366414430402329247183143128143189262320360369323250168110073076119174244
332396424408357280213158125122152207274341369357296219149104091113162229
305378418424381305235174128113125168232296350369344277204146113113149204
268335390414402350271201146110104131180262320347350308247189149134149189
241299350384390350286222162116094104143201262305332326290241195168158174
204250302341360344302241183131094088110152204259299320314286253219198192
204229268311332338317274226177134107104128168210256293317326311286256235
229235256286311326326305265222177137116110125158201244286323341338317283
259241241250268293308311299265226177125094085101137186241296341366366338
296256229216216238265286302296271226168113070058067110171235305363396396
357293238198174174198244286317326302250177110055024033082158244329396430
424375293219165137140174238305350366338271186104040006012073158259360433
463442378247195131104110165247329384405375293195104030-06012082183299396
466485451366247162094076097162265357418433387293180091021-06030113219335
427485488430320210119055043082171280384436436384280177088024015067155262
366451488466396271174091040043094189305390436427363259165094058067122207
308399457469424335226137064033052116216317387427408344247171122104131183
256341408442433378286195119070058091155244329381402378317244198168165192
235293350390402378317241174116088091125183253311354369347305262229210216
232262302335357354317265213162128116128155198250299326335317299277265256
250247256283308320311274238201168149146155180207247280308323323314299286
277268262259265277286283268241213186168165168186210238271299323332335320
293271259253253259262265271268256232204171152152171201238277314344360357
326293265244232232241259277290286268241204171146140158192241293335369375
360320283247226213213232265296311308283244195152128122149198259323372396
393360308259222201195210241280317335329286229171131110119162219290357399
411390338277229192177180210262311347357332271207149110097128189259335393
421414378311244192162155177226293344375372323256186125091097146213296372
421436408344262198149131143186265332381390357286204137094091131195280357
418439421360271201143116116152219302366402396338250171116088110165241329
396439436390305219152104097122183262344393411381311219155116116158222299
375427445418347256180122088097143219314378418418372290213162140155204271
341396430427381293210143091088116174256332387418402347265204168168195247
305360402414390326244177122094104143204277341387402378323259219201210235
271317363387384341274207155116104116158210274332366375350305265238226232
247274314344357341293238189146122116134165210265311335347338317290271253
241247265296320326314280241198162137134146174213253299332354360344317286
262244241250271293302302283253216177143122122149189238286329366384375341
293256232226232253280305323320293250198152116107122165226296357402421405
354290235195180186222271320350357326271207152097070079125201286369430448
421357268195143128122195268338384399369293207137073046064122204314402463
472427338238158101082104177274363418430390299207122055030070146253360442
482469402280183097049049097195311390442448384277180107049046091165262369
448482454366247143061018033097204320405454448381271171097058073128219323
405460460405296186097030012049131232341418451430354247158104088116171256
344408439414335229134058015015070155256350411430393311219158125125158216
286354396402360274186107052040067116192280360399405363290222183168183210
253305354372357299229165113088091125171238305354375363323274238219216226
244268302329335311259207162131125140171210259305335347335311283265256253
250253265286302302277241204177158158171195219253286311320320308293283274
265259253256265268271259241219198186180186201222253280305320326329314302
286265253244244253259268265253241222207189183192216247280311335344347329
305277250235226229247262280286277262238207177165171198244283320350360357
329286244216201198213241274302311305274235189158146158201250302347378384
363317265219186174180210262308341347323277219171140131158207271332381402
396354286226180149146168219283335366366320253189146119125162219296360402
414381317241177128113125177244317366387372308229158113101128183256335390
418402347262186122088094134201290360402411369286204143110116158229311384
427433387299210140082070101158250335402436424363262186134116143195271354
410435410334234157093054063115209304377435441410325252179133136170234319
389426420362279191115060060093164261343413450435374279206157148161203273
356401413383301212139081054069127194282365420438407346264206173176200243
304359392392340258188124081066096151218301371410420386328267221203209234
273322359371353301240176127096100130179240307359386389362319273243228225
240273310334340319276228185142118124148191243298343368377359331298270255
246249261289307319313285249206173154151161188228273325359374371349319282
252237228234255282304313304276240203170151148170206255307349380392374331
279237206194200228267304328334316273225176142127139182243301359398413389
328261203157139148194261316359377353298228167124106121167237316389438441
398322237167121100121185273349404420389322237167115096115173258349423462
450389285194115069060103185295380432444401316225148103090121188282380441
462429346234139069026045100200319407456456404310212142106112151231325407
453450395292188100039020063139258365435477456392289203145124142194273356
420447417331221133060029048106200292389456468429349261194151145170228304
374417413356273179106054042078148243337410450444389307234185167176206267
334380395365292212142090066081133200282362410426398343279228197194206237
285328356353313246188139103103130182237304359392392365313264231212215228
249279313325313270218173139121136164203255310346365356331295267243237237
240255267282292282252218185161157167194225261301325340334316298276264255
252252255264273276270252231209197191191203225261298322334328319313295276
255237231237252261264264261252234212194188200225255289316334340337319292
264237218212215237258279289282273249225200188194218261298331349356346319
282243209191185203237273304316310313249212182176188218264310349371371346
304252209173157164200255304337356340301246200170164182225273328371386377
331270212157127124151212282340383389365307246194164161188237298356395404
377313240170118093106151225307374407404368295225173148154185240310371407
401340264185121069063112176273349404429410353267200148136157209282356401
404362279200127060029057118203307377429450413337249182145148176231310374
407398334240154090036026066133231331410456447401310231170148151188258334
389404368279194118057023042096179273368432459435365279206164157176221295
359395389331240157090045036072142212304380438447410340252197170170194246
313359380356285212142090060060103157228316383423423386316252206185188209
255307337346319261197142100081090124179249322377398395365313261221200194
212249289319325298255209157127112118148182243307356383383353307267228206
194194221255285301295273237194157133127151191240298340371374353310264221
188170167191228270295307295267228188157139145173221279340374386368322264
212164139133154209261307334334307258206164139139170218285346386395371322
243182130100100139206273334374377349289221173142136157203267331386401377
304221151081051060109197279349398401365289215164127127161218289356392395
349267182109048023051115209301377420417365279203148124136164231307365398
386319218136066020017063136231337401435420359267194151130142179243319374
392356270176100039005026090173270359417438404334246179142139161209279340
377368304209130060020020066136228325383423423380301231179148142167218282
340362340267182112057026042093176249325386413395340273212173161148179228
276328340316249173109069054081139209276334383395359313261206176170157188
234270313319295234167115087081115176237295353377368334295249206182179173
194237267295298273221167124109112154200249301343356334313279240206191188
185203237261279279258215167139127145176215258301331337319295264234209200
197200212240255267261243212176157145182197234270310331331313282252231215
206203212221237249255252234212191176176188212246279316337331313279249225
200185176182203231255267270255231209185176188215249292319334334313276240
203176164157170197240279304307285249212191182191215255295328343334310267
225179142124127151200258307340337316267225191179191218258304334353346316
261212157118100112151221289340374371331279228188173185218267310349362349
301237170112072069100161243316377407389337267212176167185225276328365374
340273200130069036051106191276362417435404340261203170164182231295346380
377331246161081026011051121215313401450450407334249194164161188243316371
389371298212133057011014072151252353426462450398316234182161164200261328
383398356273182100036008032096179285377438465447386282209167157173218289
353389386328237151078029026066136215322398453456417346264203170157176228
301362386368304218145087051057096167258334401444441401331255200167161182
231295343365346292225157106078090121182255331392426429389325252200170167
179225279322346340295234179139118124151194258331389417407371307249200167
157164200255298331334301258212173145142161203261322371395389353295237185
151139139170225282322337322282237197170157170206261319365383377343285228
170130112118154215279325353349319273228194176182212264316359380374337273
212154109087096142215289346377377340289243203185188212264319359377362319
249182121075063100157237319377410404359298240206191194215264316359377356
295225154100066066103182264346401429413371304249212194191218267325365374
346276206136081054072130209298371423374417362298240203191194225276331365
374328258182115072066096161240322395441444410349276228200191203240292346
377365307231154100072087133203279359420447435395325261225200194215258319
362374337270197136093081112167237316386432438410356285234206197206234285
334365362313243173118090100136200276343398426420386325270228203200218252
301343359340282215161127112133176234304365407426407365304249215203212234
267310334340313261206161133130164206261319368401404377334285243221209212
234267304328325292243197164154164191237282346386404389353301258228212209
215243273301316310276234203182182200228261307349383392377331285249228212
215225246273295307304285258234218212221246282322365389386365319273237215
206206215237264295316322307285258237231240264301334365383377356313270228
200188194209234267304337353340310273252246255276310340371380368337298255
209179164170200246282325359374371340295255246252273307343365377365334279
221170136124139170228295349386401386346289258246252267292319346365356313
246182127096090121176237325380417417386334276237218218231270310349371346
295218145084051060115182264349417453441395322252206188197221270322365380
353282197124060039060109188285377444471453404322249194179188225285346395
401371292197106048026054112200301395465481465404310218179173191228304374
404404346249154078029029072145249359435487493450371276206164157173234322
386417398331234151081039045084151255359444477477432340243179142142176243
322380407395331246164109087093127191273374444474459407319231182154145170
231322377401401313231164115090106145185285362426450426377285212145127136
164218289343368365310240176139127145182231289362417429401337258194148127
130154206273322346353307264218185167176203249307362395395362298237182145
124133161206267316349353328289249215200209228261307346371371328270209161
115100112148197261310340353337307273243221215225252292331353346304249197
148115106115145203267325362374356322285255240225228249282319337328295252
203151112100124170228292346383395380343295255231215221243276310331331304
255200148106093115164228298359401404383343289249218200209234267310334334
298240173115078078121182255328377407407380331273231200191200234276316340
334282215145090069087130197273340389413398359301246206188188212252301340
353322255182121081075109164234304362404410386337276225188176182212261310
346349304231157100072078121185255325383410404368304243197173170188234289
334356334273200133090075103154218295359404413389334270218182170176206255
310343349310240173121090096139194261325380410407371310246197167164191234
285331349334285228170124109130176228292353395407386334267212176164179209
249295328340319270212164133139170215267322371398392362304243194170173194
228273313343340316270221182170182215261307346389398383340273218179167176
197231267304325331307267225197191209240273316349377383353298240194170167
176200231264295322325307273243218218234258289319343362356319267212176151
148161182212252292319328316292264246243243261285313340349334298249206170
145145151173212258310343356340313282258249249264282307328334319285243197
154130124133164212270322362380374349310276255243246267298322334328304258
209157121100106139197264334386417410383322267228218228255292322343340313
255185121075057078127197285362420438417365295234197185197228273325356359
316246164081029023057115194295377435444423365276203164154170212279340383
383334246151063011011051118212313401459462426349243170133130161221298368
407395331228130048005011063133237356438471462420328225148112106136212307
386426407337231136057017029084161267368447474459404295182112081093139228
328401429401322215130060039069121194301401456465429349246148084066084139
228328386401371292203133084075109164240325392438435395304200124072063093
151231316371389356289221161127124154194258325383407398340252170109075081
109161231298340353328282237197173173197228273319359371340279215157121100
103127173228289322334319292264240225218228240270304331340316267212164124
112127151185228267304325325313285261243231231237252276295298276243200164
133115118136170215267310331337322298273255237225228240261285292276252215
173139118115136179234285334359365349325285255231215215234267292304292264
231194154124115133182243304349374374356316273240212200206234267298310301
270221170124096096133194258322368386380349304258221197191203234276310325
310267209148106084106151215285349386395380334282234194173176200246295331
334307243179118081078112167234316371398392359298240191164151170209264316
343331276209139084069084130194276349395410386331258200157142151188243304
349365334264191130087084115170243328386420413371292225173145139157200261
322362359304228161109087100139197267334398407383313240176133118139173228
301349365337270197139103096130182246316371398386337261191142112115145200
267322356359313243185136121133179231285346386392362298221161121109127167
225289337362346295237185151151179218267316359383377328252188139118121151
191249304340353325279237200182191212249295334362368334279221167130115130
164209258301325331310279252221215225243267304328346340304249197148130124
142182218258292316328325304276255240243252270292310319313285240194151133
136148170200240289325340340316295273258249246255273295307301276243200161
133118127151191234279325353365353319279249231228237261282298301292264225
170124096093118164225289343380395377334285237206194209240276310325319285
231173115075066090142215298368417426401340267206179167185225276331365368
325255170096045032069136228325404450453417334240170133127154218298365407
398340243148069026011039124218334420459459401298197127090087130218316392
432429353240139060020017072157270386456477450374252157087051063133234346
423453426343221124054023048109203322413468471426322200121051029063148255
365432456413325215127072060100173273368441471453386273167087039042090176
279380435441392301209145112118161225304377429438401319221136072045066121
200298365407401349276212170154170200246313365395389334258185124078072100
145212292346374362316270231203200209228258304337353337282225170124109115
142182231282322343334310282261249240237237252282310322301258218182151145
145157185225270304316316307295279267252243243249264273276267252225200173
154151157179212246282307319325316292267246234231234243252261264261246215
179151139145170203243282310334340331304270237212200209228252276279273258
221185148127130157206258304340359359328292249212194188200231264292307298
267218170130118124161215276331371377359316267221188170176203246292319331
310261203148112103130179243307362389386353298240191170164182221267316343
346304243176127096103145212279353398407386331261203157139154200255316356
374353292221157109096127185258340398423413371298225167133127161215289356
389389346273200139100103148215301371410417383316234167115096115170243322
374395377316240176127103127182264337389410395340261182115078090136203282
349392398359285212151112118161228304365401401362285206139090075096157228
316371395380328258188145133161215285340386404383325243167106078093136197
273340386398368298234185161170203249304349380380346273200136093081106154
218289346377374334282237203185200221258301340362346285215151115093100130
173228285328353346310273240221215225240264295322331301252200157130121127
148185231279316334328310285261246237237243261282295295273240203170145130
130145176212255289313322316298276255237225225234255273276270249218188157
130118124154200243292322340343325289252221203200215237258273285279258212
161118096096127173231292343374377343292237194161154173212264301325322289
228167103072072103161231316380413407365289215157124121154215285346380374
322246167093051051096167255349420447429368270173112081087130212310383420
407343240148081036042090179279374432450417331225133063036063133234337413
450429346234139072039063124218328410453450392279176090023011060151261365
438462426334221133078063103173273374435462432353234136051002014081179279
377435444398295203133096103148225313380429432380282182096023008048118212
316389423413356270194148127142185255325380398380310221139072032042087161
255337398413383319249197164161176215267319353359331258188121075060084130
188258328368374343298255221200197206228261298319316279228176136112112133
164209264307337334310282258243237231228234252270285279252215185161148151
164191221261292307310301285279264249234228231243255255243231221212194176
164164185215243270289298304295279258240225215209215231240246246243228206
182161157170197231264292313319313295264231206191191206225246267273267243
212179151145157191234276313334340322285243203179170176197231267295304292
249203161133133157200252298337356353319267218173151148170209258304331331
295243191145124133167218276328365377346298237179142127136176237295340359
340285225170127112133185246313362386374328258191139109109139209261331371
380337267200148121118151212285353395398356282206142093078106164240316377
407389325246179133115133182252328383407386319234157100066078124200285359
410420377301218161127130170231301368407404353270185115066057096161243334
395429417359267200148133154200270340386398368292209133072045066115188273
349398413383313240179148145170228298356386377319240164100045042081127203
298353392432362292231170164170188237301349368353292221151093036045096139
209310349380417346289228170185191203243292331334325273215151100042051112
148218313343374401340289234179206209212246279307298295267218164124060066
121157225313334365386340298249203221225221237264285270273264221185151090
087127161231310325356371343316267225225218218221246267273276270243209173
121109130164231279319346362359328279231194179179197234267295307307279228
176136121124167218279334374389380325258197154133145176231289331356359310
243176130109109161228301365407420398331240167115087103157234316377407404
343252182124096106154231319389435435401295197124060048081151249343410435
407340243164109090109170261359423453429353246161075017017069164273380450
468432353246164109100127191292377435447404307200112039-07011087194310407
462471429337237161115112142212307380423413346252157075011-07048133237343
413465453401304218154127136173240322377401383304212127048011029090170267
356426453429371285209167151164203264331371377337261188118063045078136209
292365410420389325261212182179191221270316343340292228167115087093127173
231298353389386349298252225212209218240267301316310267212164130121136170
206249304340359356325292261243231231234249273289298289264228200191188200
231258295334368380380365343316298289285282282282285292295282261231209197
194206231255279301310313313301285267246228215215225243258264264255237225
212203206225246279307325334328307279246218197194206225243261270276267243
206185179191218255295322334334316289249209176161164191228264292307310285
243203179170185218261301331349343316270218170139133148188237289328346334
292243200173170194228273319349365349304243182136112118151206270325365377
346285231185164164191234289337365368334270200139096081103157228307365395
389340270209164148161197255313359380365301221148090060066109182267349404
423395334255191151142167215279340377380337261176103045032072139225316389
432435389313231173148154185249316371395374301212130066029045103182276365
432456438377285212164151167212285346386386337249164087036029069133221313
389441447407331252191157154182237307359377359289206130066036051106176258
340407441432380301234185164167203261322359368325252182115069054081136206
279353401423401349282221185176185225273316340337295234170118087081112161
225292349386401377328276225197185197231270301319316282234185142118118142
179228289340374383368325279237206194197215243273295301282249215176148136
148179221270319353371362331289240203176167176206246282298298279249215179
154151173215264313353374374343292234182148136151188237282316331322289243
194161148164206261319359383380343279218157115100112164231298349377371328
267212170148164200264325374401392346273197127075060096170258343395420398
340264206164151167218289353398410389325240161087042042087170273362426453
429371285215170157170215285356404417380298206127057023045106203310398459
471438371279206164157179231310371410407359267179100039023060136240343426
474471429353261197167164191249325380407389319231142075029036090182282374
444471456401319243188170173206267334377389353276191115057036069136225319
392444456426365289225188176188231292340368365310234164103066066115182258
340401432429389328264218191185200243295331346325270209148103084106154218
282346392407392349295246209197197221258292313319292249197151124124154197
249304353383383359319276243218212212234258285298292270234197164151161185
218261310346365359334298264240221218225237255267276279264237209191185197
218249285319346359353325295264237221215215225243255270273267255237225212
209225249289319340349340319292258231212200200209231255276289292279261240
225221231255292319343346337310279243212185167170194231267295310313304276
246221215228255285319340349334301261218176148136148185234282322343346319
273240215209218249289322346346325282234179136106103133188246307353377368
325273234209200212246289331356353319264203148103084103148215292359404420
392337273231209206225264310349368356304237170109069066103167249334398438
435395328261212194197225276328368383356292215139078051066121203298380444
465447392313246200188194234295353383383331252170100048032066136228325407
459468438368279212176164185237310365392380316225142072026029081161258349
429468465420340255191161161194258328374392359282194118057026042106185279
368435465447395310234179154154194264328371380340261179106054039066127203
295374432450426368289218173151154200264325365368319249179121084075103157
228310380426441413353279212173154164203264316349349313252194145118112139
182246319380420426392334267212173157164197252301334340316270225185157151
173212267328380410413383325261206164145145179231282322337328298264225194
182191225273328371395395362307246188145124127161212267313346359343304258
221200203231273322365383380343289225167115090100133194267325368383374328
276237212206221258307349374371331273209148100075084121185261334389410398
346285240209203212243289334365365325255185124075051069124200285359410426
404349282231200188197231282325353353307243170100048036072139225307380426
438407346270212182173185228282331356346292215142078036051109188273356417
444429383301234188167167197255313349362328261185112066045066133212301377
429441417359282218179164170209267325359356307231157093051048090164243319
389429429389319249197170164185231289334356337276203139087063078133200273
353404426407362292231188170176209258310337346313249185127090087124182252
322383417420389331264209176170185225273313334328285228170127106121164221
282340389407395353295243200182182203237279313325313267218176148145167206
252307359392401374325270225197182182206237270298304292258215185170170194
225270313359380374337289243203182173182200234261279282273249228206194197
215246289325353359340307264221191170167179200228255273285282273252234221
218234264298331346346325289249212182164164173194225255282304310301279255
243240255273298322334328304267225188161145142161188228264298322331319289
255234231243264292313322316292255218173142124127145188234292334365371343











