MUMBAI                                                                          
1943
000000000000000000000000000000000000000000000000000000000000000000000000
219207213235274317350384357326283235189149137146177216262299326341335308
268235216219241271311344360357323280232177134116122155210268320360375366
329280244219213229256299338363363335280219158110085091134198274341387408
393347286235201189201241293341369372338265198125070046058116198293366405
433405347274213174162177226293350381381332256165082018-03027104207317402
454460421341256186143134155216302366402399341250152061000-18024113232347
433485478430338241165122116149226317387430408332222119033-15-15055162286
393475506485414302207140107113162250332402439421338229128046000006073174
293399475503478408296198131097104158256341405433402314210119049021043116
213323414478488451372262177116091104158250338396414381299207128079064097
168253347424469466424341247168119104119174259335378390357286216158128122
149204277354414442427378296222165125116137186256314350360332277229186165
165192235299360399408381326265210165140134146189247296326335314290259229
210204216250299347375372341293250204174149146158189235277314329326308280
253235226232259296335350344317283253216177149140152189235280320341344332
305274253238244259286314332329314286244204165143137149186235290332360360
347311277250235232250274305320323308274235195152128122143186244305354381
378350308265235216213229265299323329311271226171131110110140198262335381
402390350296250219207210232265302332341320268207149110097110152219296366
405414387332274226195186195235283329354344302241177122085079113177259338
399427418375308247201180177201250305350369347286216146091070088140216296
372424436408347271216177162168204268335375375326253180116076073110177262
347405436427387308235183152149186247317366384366305229158104082104155226
311384430445418354274210165146158210283344381384344274198134091091131195
268344408442436393317238177146143177238311363390381326253183131104122171
241308378427442424366274207158137149195265332372381354293229171140140168
219280344399430424384311241180143140168219286338369372332277219180162174
207250308363405418396341271213165143146180238296338360350317274232204198
210244280326369396396366311250198162149158189232283326347347323290259235
222229250286329363375369335283232183149134146177222268314338350335308277
253238235244271308338357350323277229180140122125155201259308344366363338
299265238229232250286323347354326286232174125094088116171235302350384393
369317265222204198216256299335350338296232158091052052091158235320384424
427390317247198168162189244305350375363311235152076027021067140235335411
457454405317229168134134165229308369402393329232134052000-03052143256363
442478460396293201134094097143229326390427405326219122040-09-06064168290
393466494460375262171104073085146250350421451411320210113040006030110216
338433494500448344235146082064094168271369430448408311201113049030076158
268372454494478418305207128076067107189296378427436384290192122082082128
207299387451469442372265177110073076119207305375408405350265189140119137
186256332402439436390311226158110094110162235311363387375326262210177168
189226277341387408390335268210158125122143183241299332350338305265229210
207219247286332360366338290244198162149155174201238283320338332305277262
253250247262286320338335308271238204180165162171198235274305320326317302
280256244241253274296305305290265238213183162152162189232271305326335332
314283259241235241256277293302293271247216183162149158189232283329360372
360329286256235229235256274299311308290256213174146134140174232299350381
384357314271238213207213244283317332326296250201155128125149198262326381
405399363305250210189189210253305341354341290229174128107116152213296366
411421393335268216177162171210271329366372335271204143101091116171247329
396427418375299229174143140174232305360387378323244174119088097140213299
381433445414350262195143125143195268341390402372299219149097085113177262
347411448439387302219152113110149219305369402396344262186125088094143219
305384436448414338247171116091113171253335393414396326235158113097134195
268347408445436387296207140097101134204293360405411375293213152122131168
229299366414433399332244171122097107152235314372402393341268207168155180
219271329384414408366286216158122116140192256323372390378326268222195192
210241286335375387369317256198149119119149195256314350366350314271238216
213222247283323350360335286235183140122128149192244296332354354329296262
238229235250274308332341329293250204162137131146183235293335366375360329
293259238229232253290323341335305259210168131113125165222280332372393387
354299250216201195219256305338350332286232168119091094134201277350402427
414366293232186162165195256317366387372314238158097061067113192290375436
460439378286210155128134183259338399424405341244158091049052110210320405
472488451375265183122094110168268363427460433350244149082046061131241354
448497497442335229146088073101183293384451469427332222134073052085168277
381463497475402280189113064064110201314402460463408302198122076073125216
320411472478433341235146082055076140238335411454445381274186125094110165
247344414457445387286198128079067094155250344405433405335247180137131162
213283357405424390317238165113085094131201283350393399363302241192171174
201250311360387378329265207155122116134171226293341375369329280241213207
216232262305338350332283235192155140146165198235286323341338311283256244
238241244262290314320305268232201183177180192210241280314329329314296277
262253247253265283296299283262241219204192186192210244280311326329323311
290268247238235247268286290283271253232207189174177198232271308335347344
323286259235219216229256283302302286265235201174158165189232283329360372
357323277238207195198222259296320326314286238192152140152186238296354387
396375323265216183174186226274320347354329277219171137134158204265332387
411405360293226177149155186235299347375369323256189140110119165229305372
418427393320238171128116140192262335384402378311222158110097122177253338
405433418357271195131091094137216308378414418372280198134091097143213296
375427442402320219140088076107171262347408436418350256171119097122177256
338405442430366268174104061070122201296369427442402320222155113116155216
296375424442405323219137076055082143232317390433430378290207152128140186
253323381414411357262180110070064104171250329393424405344262198158149171
213274335381402378311232158104076085131201277347396411387326262213186183
198232283332363372335271210152110094113146201271332372381357311262226204
198207232271311335335302259210165128113125155204265320354366350317280253
226216210219247277302314299265222180146125122146189244299335354357338305
265226201189192216253286314317296253204158128116134177235296344378387369
329274222183165168201250305338350335296238177131107119158222296360405421
396335265201152128134171244314363387375326253174116085094143219308381430
442405326238165110085097155241329390421402332241158101070082137226326399
445439387290195119061049082158265354414439405323219140085064091158262360
430457427350247152079030033091171274378442448393302192128076073113189296
381430445396293201116052024061122207317399442433366283189122079088140226
323393427414344244152082030024070143250347411442411329238165116107131189
274350396408366286201125064043070131204296366418430390305222165134140177
235305363390384326250171113079082119171241320381414405357283226186171186
216268317354369350293229168125107125168213268329372387375326274232207204
216244277314335335305256204165137140158189232280329360366344308271244229
226238253274296311311280241201174168174192213247286323341338320293271250
235232232238259274283283268241210189180183195216244280311329332323305283
259238222219232253268274274265250235210192180183204238274305323332326311
283253222201198207232259280286283268244219192174174192229271308338350344
317274235198177171189222262296314314286250204171152155183226271317354366
354311256204162143149177232283320341335290238189152140152192244302350381
378338274210152119113137192262320360372341286226171137128149198265329378
399387329253174113085097146216296360399405363286207149116119152213290360
405411375290195122064055088152238323387421402338259183131110128177250332
396427411338235143076043055110195299381439460421335238168125113140198280
366414427384286189104037021061125213308387436436381283201137101110146213
302366405396329229137064015018067143235329396430414354259183128110128171
238314366387360280192110046015033088165250363421448424363271204162152171
216277341378390354277198125079061091143216299372418436408350271216186183
198232283332363366329265201143107101125165229302363399405384332274232204
198207229268305329335311268216165134125140180235296347381390375338290253
219204195210244280311326317283238189162149158186229283335372387378341296
250213189177186216259302329338317274229189158152177216271329366390387354
302244198168152158198253308347366350308253198155143165207277332378405402
369305235174131113131183253323372396381338268198152137155207271338396424
418369290207137088079107177265344405433414344256189140128149204283354405
427408341238177107067076122201299375436457411332244171134140171232314381
421430387296207125070052085152244341411460454402311222168143152192262344
402430411344244155091055061113195286372433460445378280204155143165219296
366405414372290198125073058088152235326390442454418341253192155155186244
317372399390332247168110076079125192268344402436427384305238189168180213
274332369378347280210146104082104155222296363405418393344274219186183198
238286326350347305244183134110110146198253311363390390360308259219201201
216253296323326311271226180146131146183226271323360378369332290250219210
216235259283305308290253213180165158171204238280323347360350320286253229
219219232247268286293280250219195183189198219244280320335350344317283253
235222219229241259277286283265244219204201201222247283317341347335311283
250222207198207229256280296299290268241213198201219247290323347354341314
274238201180171186222262296317320308277244210192192210244286329360366350
311259210168143146174222274320347354329280235195174174201244296344372375
350296235171125107122168232299347378378344283222180158162192241305357387
381338271195125076070107174256335390418405350274213165146158201265329378
393372311226143073033043094183277357411442411338253189146140165192280350
393390354280189122046015030107207305381439451405320235174134128158213296
363402384329238152082015006040128238338418463451393299216158119116149222
311369399378296195116037-06003061152256357427454433369271195143116122149
232320366378341259180107033-03030088180280363421442411347262192143125137
195265332378381332265192125076067101168241332405451463433366280213177171
180222283332363366329259183125091085110162232314378418424393329256201168
165171204256311347360329274216168143140165198259329387418421399338271216
183171171195235280320344338299253204168158168201256317369399399375326268
222183162155174216271317347357332283232198180186213256311363396399375326
268213168143137155207268320360375360311259207177177207256314360384393369
317253189137110107143204280341384399375320256207174171195241302354387387
360299229162107079091134207293360405414381320253198165168195250311363390
387344271195125076064091149235320387427421375299229180158171207259320369
393378317232158097067073113186274357414439418360274213174158174213274335
378387354274192122073055079137219308381427436399329250195165158180226290
347381372314232152094064067107174256341402436424375296229183162165195250
314357378344274195125079064088137204283357405427402344268213177162177213
271326357357308235168113082085125180247317378411414375311244192168168192
238286326344329271207146104091113158216274335384402390341277226186174180
207253296326335305247192146122119149192241299347384390366311259213189183
195226259296317311280232186152143152180216262314354378372335286244210192
189204232262286299296268232192168165180204235274317354366357320271235198
189186195222247271293290271247216195192195210244277323357369354320274232
201180180198216247280299302286268247222207195204238283329357360341299259
222189168165174204247290320335323290250222210216235259296326347363347311
256204162137140158198253311347366347317274238216210226262302338372378366
314244186140113122158219293347387405390335271226201201216253302350384387
357290216149101079091146222308381424436405341268213183183207250311363396
396347268177094046040079149244335408454451408323241183158168198256329384
411396329232143067027033085171274375445482466408308222171149158195265341
396424396314213122049018033094186305393460485466399290204143125143198280
360411427387293192094024006040107213326418478488454375265189140125143201
290366418424375271174091033024061134235335421475478445360256183137128149
207290360402402347256168101058058097165244344418460457418332238168128119
140198274338378381332253177119082088122186256338399436427384302219158131
128146192253311347357323265201152128131158204268338393418405357283213165
140137152186235293332347329280232192168168192226280341384396375326268213
165140134146177229283329350341308265226198189195229283332369372350311259
207158125119131162216274323354350323280241207192201229274317344354335299
253198149110101119165222286341375381347299253213195201226265308338354341
302247180125094088116162232305363393387354293238201183189219256302335350
332290235168116082085122186265335390414396344280229192183192219262311344
357329268186122076070097149219296378405411384320253201171171186219271320
350347302232162101061067107162235317381414411363290229189168165192238299
341360335271201131079064082140210290363414427405347271210168155174213268
323360363317244165104070076116177247320387424421381308235186158155183232
293341360341280210140091070094146210277350399421402350274216174158171204
256314354363332262189134097097131183244311372408411378314250198162155177
219277326354347296232168125110125162213268332384411402357286226186168174
198241296335347323268213171143143165201247305357390399375323262213177162
177210259305332338311265219189168177195226268320363387384344293241195177
174189226271305326329305262232204195204222244274311354387372332280241210
189186198222265308335341326296268244232232253293335378390393369320271235
210183165180216262314344354354323299262232226241262299332354375363323268
213165143143165207259317357375369335299265241232232247277317347363350314
259198143116116143195253317366393396372323271229213219244290332369384366
317253180122091091128195277350411439430387317256207192204232280332375390
375314232146076043064119195293375439463448396308229177168183219280341390
411384305207122052030061122216314402472488460399302213162152171213290360
411424387296186091027015049122219335427482491454378265183134122146210293
372430436390286168076021015064146250357439497488433326222149110110146216
314390436421350238140061021033091174274366445485469411305204131091094128
195296375421408347244152088052058110183283375442463445381277183122088101
146216302366402393332244165110088104146216299378430436408332241165116097
104140210293350381366308244183140128146183238308366402402366293216158119
110122155213268320341335302256213177168177204250299341369363320256201155
125122131155195247296326329305271241213195198213247286323338329293250204
162128119131155195241283317329323296262229207204219250280302314308283250
207165134116122152195250302332354344314280244222216219238271299317317293
256210165134119131162210265317357375357323277235210201210235271299317317
296256207152113101122165222286344384390369314262219195192210232271311332
329296244180128094097131183256320375399396357299244201180186204247293329
350335283216152104088104146204283357405421396335268213183174186216262317
357366326253180116085091122174250326393427418378308241189165165192241293
350378366305229152097076097146213283354418436411354274210168152162204262
326375387347274195131091085119174244320387427427387311232174143140171226
290350384378329247171119094110155213280350408433414357271204158140152195
250317369390363296216155116110140186244314375418424384314235174134131155
204274335372375335259192149125134165210271338390411393338262195146122131
168226293344366350305241186152143168201238290344381390357290222168134125
143177232290329344329283238201177183195219256299341366360317259201155131
131152192235283314329320286253216195195210232265299326344332293241189146
122125143183226271302314314299268238219213216235259290317326314280232183
143119119137171216265308335341326299268241222219229253286311323317290247
195140104094113155207265317357372360323274232207198204232268305332335305
256192131088070085128201274347393411390341274222189177183216265317360372
341274198125070040061119198290366427442418354262195155140155198265338387
402363277183101037018049110207314405463469430341238162116107131192277360
414424378274171079018003043119229341439482475418308204128085085128210314
393442439375262149064009012067162280384460491466393265165094055070125219
323402448430357238134061018037104192311399463478439354235143079052073131
229332405439418338229140079055076143229320405454454402302201122064055082
146235326390418390311219149107094122177247332399430414350256171110073076
110168247326372387357290222174146149177216274335384399375305229165119101
113143189253311350360332283238204186186204232277323354354320262210165131
122131155192235283317335320286253226216216226241265299323326296253213177
155149152168201244286317329323305280262247235235244265293305302286256226
195171152155171198241280317338338323296268241222219229250274286290283262
235201168140140158192241286323347350329296259226207207216238265290305299
274235189152131128152192244305347369366329280238204189189204235274308323
311271222171128113113146201268332375384363317259210180165174204250299332
338314262198140101091119171235302363396393357290226177149146171216271326
360357311238168116088097137195265338390411390329253192146131146189250314
360375347280207140094082110155222302369405405366286210152119116146210280
341372372323247171110076085125192262338393418396335311213146107122174244
311393414396302238155094091113158229305372418418372286207143104101140204
277350390399360277198137104113152210268338393421402332244165113097119171
235308369402393338256183134119140189244305363399405366286204140097104137
189256320369390369305235180152152180219262320366390378317241171119097107
146201259320357366332274229189171183204238280323357363332268204149110104
122162213268314347350323280241213204210219241274314338341305253204158131
125137162207256308332341323293262238226222226244268299320320293253210168
137122128155198247293326341338320290256232216216229253277299308302274229
177137113116140183232280332360366347308262226198192201229265299326329302
250192134094082110155219296357396402381329265204168158174213268317357366
338277201131073055082137222314387430436396320235171125113134186262341390
402369286192116049030061137232335411457451399299198131079076113189283375
427433384280177091033024076155268372445475454381262165091040052107201317
399448445387277168088033043101128305402472478433338222128055027055122229
338418463442366244152076043073137222332421463451390280183094033024070146
253360427454421332232149091079116177265357424448421344238149085043061107
183283369424439393308216152119122158216293366408414375286201128076058088
140213302366402399347277213171152165189241302354384372320244177128104110
140180238302354378369326274229204195204216250299335350326274222180152143
149171198244293329344335302271244229226226235256280305308283247213189174
168171183207247286311320314299280262244232222229244262277277268250229207
186174171180207241271296311314311299271241216207216238256265268265259244
219189165162174201232268305326335323293256226201192198216238262280286277
253216183158149158186226274317344354332290241201171165180207241277305311
296253204162137131143180232290338366360326271213171146146171210262311335
332302250195146113113143195259320363381363314244186140122137177232296341
360347299232168122101113158222293357393393350274204146107107140198268332
372384350280204140094091125186262335387405381311229158101073091146226308
369396381326247174116085097146216299366402399350262183113064061107183265
344393411378308216149101091122180256332390408381311216134070043070128210
305369411411360271192131097113158219290360396396344262174101052055101171
256335393418393329244177131116143192256326375393369302216140082055076125
201283360405411369299226177143149180222283335369378338265189125076070101
152226302360393387341280226186165177201241290329350344299238171122094097
128177235305354375366326277244216201204216244283317332314271222168128107
116143180235293338363357323290259235222216219241271296308299274244204165
137131152186235283323350357341311274244216204201219250286290299296274235
189149131140168216271320357372366335290241198174174195226268299320332311
259198143116122149198265326378399393357286222168134131155204271329366378
341274198140097088122183268341399424414360274195131094091131192283357402
411372286198131079076116195290372433451427357253165097061076131216326402
448445393293201131082088140216320402457463418323213128058033067140247347
427469457393277180110073097155247347418460445381271168088024015076168274
378445475445363247158101085122189283366427445408323216125046012043110201
311396454463414320222149110113152219302378418414360265171097043037076146
235332405448436375283207152128143183247259372393369302219146088052070122
189268347399421396335265204168162177210265317354363329259195137101101128
174219283344384390360305253216195195204232274311332323277222180146137146
174201244296338360357323283247222213216226238262283299290256216183165165
177189210244283323338332299271250235226219219229250268274262238216204198
192186189210244280308317311299280262244222210204213238256265265256244232
213195183189213247280308320326320296262229201189195210235259277286283268
241210189177186210244283314335341326296253210177165174201238274302314314
290250207177165177204244290332357357332286232183149143162198247299335350
332290241195162149165201250308354372366323262201149122122152207280338375
378341286229180146140165213277335378393366296216152104088113168241317375
402393341271207152125134174235311366393384332253177107061064110189277354
408421393326244180131119140195271341390402372293207131070040067131222317
393436433384299219155119125162226305369402396338250162085033033088165262
357421451430369277201146125143189262335390408381305216131061027052119204
299381436451418341256189143134162216283350387393347271186110055037073140
222317390439439399320244186152155183232299347378369311235158097067076128
192265344405433421372305238195177183210259308347363344293229168122101110
149207277344390408393350293244207189189210247290317326311268222174140125
131165210274329369381372335290250213192189201229259283302299280247201165
143143168210262311350369366344302256216189177183207241271302317314286244
195162149168204256308347375378360311259210168146149174216268317347350320
265207165146155192247308357387396375320256189134110113149210283347384393
357290222168140143180238308366402408378308229155097073085134213302375418
424381299216158125134177244320381418421375290201122064046079146244344418
460448390293210149122140186262341399430414347247152076027037088171277372
442472445369268192134122143201286360411427387305204119049021049119216320
402463475433347250177131125158226311375414411357259171091037037088158253
357430469460405317232171137143186259335387408384311216140079052073128204
296384442463442381283210165155174219283344384393354271192131097094125183
253332402442448418354274219189186207253311354378366308241183140119131174
226286354405430418375311250210198207229268311341350329274216171146143168
201244302354390396372326277241213207216238265293308308283244204174162171
195226259305344369369341302262232213210216232253271280277259232210195189
192204226259299329344341320286256229213207210219235253265271265247229213
204201207226259293320335332314286253222195180180198222247265274277268250
226201192198216250283311329329311280238198171155162186216253283302305293
262229201186192219253293323341341317274229177140125137177219265308335341
320274226192177189219259299335354354320268198143110097128174238305354378
372326268216180168183213262314354369357308238165107070076116183265341393
408384329259204168158177219274332372381350280198122064040067128213308384
433436396320244186152152177229299357393390335244158085033027082165256347
421457448390299222168143155192259332384408384308207122052015033104195286
384451478448381280207155140155207280347399405360265171091027009058134229
335414469475430344253183143140171229308372405396335244152082033033088165
259357430472466418329244177149152183244314369399384314226146088055070119
189277363430463451393305226174152162192253314360378357293222152104082101
146213293369421442418366290229180158162192241299338354332280222171137122
134174229296363405418396344280226183158155174213262308329326293247207171
152152180232293354393399378332274226180152143158195244293323338323290247
201174171195244296341378387372332277219171134125137180235293335360360326
271222186174192235286335369381366326268210155116104119165232305360390390
354293235192174186226277329366381369326268198131085073101158238317381418
414369296232186168177213271329369384369317250174113064058101174265350411
445430378299232183165174216274335378390363293210137076046064122204299384
442457427360271207171165183229290350387387341259177107055049088162250344
418460457414335253192162158186241308363390375311222140076049067122195286
372436463445387299226177158168207274335378387344262186119070058101165247
329399442451411338259198165158183235299350381369308232158101073088137204
277357414445430378305238189168171204256317357369338274204140097091128180
241311375418430405347274219186174186226274323354354308244186140122137174
222274335384411408375314256213189189210244290326338323277226177152149174
210250299347387402387341286241207192195219253290311317302265226195183189
207235271314357381384363317271232210201210229256280299305293268241222213
219235256290326360375369344305265226204198207229256277296305305293274253
241238250268296326354369360332296259222198189195213244277305320329320302
274253244250268296326350363357332290244204174162171195235280320350360347
314274250238244259290320347363357329283232183146131146186238302350384396
378332280244226232250286323360378369332274207146104094122174244323381421
427396335274232210213238280329369390381329253183116073067104177268354421
454451411335265219195198226274338384408387323232149076043055113201302390
454485466411323247195174183219283354402421384302204119055030061128222332
421478500469399302219171158174226308378424430381283183101040021061140244
354439497506463375271198152143162232317384424424360256155082040037088174
274375454494488436338247171134131165244329390421408341241152082043055116
201299390457488469411311222155125131171247326384411390320235155101079101











