MUMBAI
1963
000000000000000000000000000000000000000000000000000000000000000000000000
250334400441443398324251186143131146194258320352356322264202148120116146
200269343402425412368297232172138127141180248302333342318274224182156152
176223292356396411392348282221172140134150184237292328348340308266222196
188208253306358388396375333273215163134124134168218282328356360335290242
209200208256304348374380358312255196148114100111152211277334375388373319
262220202212244288331361370356316257196138092072088132198280350395416392
333262215195197222270314350368357311246169112062047072125205298372425444
412334259208182177199248311359379372324244164101049036064137234336408457
462420336252195164160187248322373397376318227147078033030074157260364432
474464413316232178152152184252332382401376303210131058028048102193300392
456476448378274200151133144194277351392398351266180109052034074136227332
408457464421334242174138128148210292354390384320233154097059065112186274
364427456441376288212162137139178248316368388360289212146097082110170240
316386429442406334250187151138152204258318354366324266196138110112146199
264334390424414359290223167134132160210262312334330296237182141132147185
230286342382394368309247196160146153179226274308324315282242202176175196
229264307343372370340286222182157154167196231264292304299274244218206208
221248278310342352344310266223188166164180204234264288302302287264248238
239247262285312334338319284245212182166162171192226264294312313300284266
252246250262284304320324304276238200168150147162193227265300326338326300
272250240243254272292312316300270230192158132125141182230280325354365342
306269242229228239265292314326310276230180134106101126182243309362390394
366316264232218217232262299330345326284226164110078082120188268339392419
410370299247206190196220261311348365343284204128072050075130210300378427
444419357280216178162171211280342380384340257184104050040072150244346416
460458420336244182148138165223307368400392335241152078032034087171279371
442474454394295208146113116162238334388414392321223132058028051116211320
406466478444359258176120098116174270358406418384295208120060042078146244
346422468466414318226148098090120190290358404414368285192120076075116189
287378444472450386288200128090089124199290355392400357278200142112120161
228310392438450424349256178121092100138200282341378384348288222181160174
206266339392426424388316240176133114122152207275328366372350307258222208
210236282336382400386342282228176136117117152202260312350368358326280246
224221236273316350360343308268218168133115116148196254306346374379352304
260232222232260298326342338312272223178136110102128184244312362394400372
319269230210210233274316340346326284236182126094090118176252326388423426
391320256212193195224272318352366346299238184118082081112174260346411446
436391311246192167168198256324364384362304228160098064071113195294380440
460436478292220170152162206276347394401364284202136080058080146233338412
458455413327242178139130160222308374402400348264190119071062100174272370
432462446392300218156126130168239330386410392324246165104072088142224322
400446456419336246178131116138197288353396402368296220150103099134196279
362419451440387300224162126128168239314370398394344262192138118137188255
330390430436400328252186138128150203268336376390367312244186154158194244
302362406422404351282217164138141174228286338366370336282226189179198235
274322364392394350290230182152142162194242284322338332302257223203202226
252282320348360340296242196160140140162188227267300317314288260236224228
244262283304322328308272232196164149152172202242276302313310296278264256
254256266282298308308291262232198171158158178211244274304322330326310286
264253252262276288300302294274236200174150146156187224271312340352348322
288257238230234254277296306302282244204168130116128166219280333372384372
332280242216206209236272306328332302260212154106088100142209282354396414
396344282230194178182217272326360366338276200137086066088146230324392442
448412342258196160152174222297356400400356270192118064052086160256362436
476466414318230162126118148226316392428420361266174096046050096187302400
470492462384272183114085094152246348414452440356254150076036050120222344
440492498438328222135074052078170288394452458418316210128068060101186301
400468494464378260164088048052110210322394448452395300196120082092148238
337417470472418322214124064040064128232324396438438376270188138122145200
274362420450430362266178112063059096157241330386418408355271206170164190
228294356398411384318242172118092094124174242314366392386348297249218213
223246295340372378348300240187149126128150190244300340368374356323282253
239236251278310332338320286250210166144136146174224276321352368366340304
266237222226247278302314313300270233188154132131156198248300346376386366
318268226202198212242276302318316292252202152120114144196264326374400396
361300246202178176202244292332354344308244184132106109145208282354402422
408356284216172151159196255320364380358301236170116094110162234316388430
432402324243184146134164222296360394396364294214148108090120182260340408
443440383290208156127128180242310372406402352268184128098102138208298374
430446414334236172128114131188262342394414386314224156108101132190268354
412440425352252180127102110154230320379412404346264190140114124167238318
386428432400311216156108099130185267344395412394338260180133122150206276
346400420398330248172119095108154220304364398402362282216166144158198254
318370404398346272200144106108139192260328372386366326260210177173194232
282332368378352298232172126108124165215270326358368340292245210198204224
258298333351346306256206160126120140174226273320344346315272240224218224
238256284309320306270227183148131134154185226268304326324306285266250242
240244262280294300288262228194164150150166194226268298318326318306286268
252242239252268284292284268242212185165154158184226268306332344344326298
264238221216228250276292298285257224188152128128152198254304344366364336
290244206184178196230270302324322280238182128100104138195262328378404402
348280216174152156188248301354375366316239169114077081121196283365418436
412342252186128104110160240320378410389314224146080048064122212316398445
456412310212137077062084160260354420442400326218133068038067140248360432
474458390274176090032028074180303400464472416322210124062052094192310404
474494446350234132054014026094208332412462474422308216130072069126218332
412465472414300196100028008030118224348426470470398298214138098109160252
352416450438364260166084026018062144258356418458444382285208148126144198
288368415422394314226142072038048094168267350408432418358276210170162180
223292346376380336272206137090072088122188260336374394384340282228196187
198228272312334329294252202156118104116150197253308342358350326290248224
210207220250280300302282250216183154142144158194240292330350354333296260
228207198202224258282296292270240204172150140154184232285326353366347310
262224194180184212255293313315297269234193161143147178234291340371385357
306250200168158164195244294325336313274227176140122130174235300355387390
346282218170136129147197262318357363329272212159128122141186256328378400
382324251191139118120160228299349380373319255197146118120154215290362403
406361281208144100095119180255326375396372307232176138122138180250334389
415398334251175117087099147221311375407407366294220163128130164226304370
401406457270194130084078121185270354402420406344260202154134155200262333
383405386318224146099074100150211268344410413377310237182149143173218268
338383392349261183116078082120190247319393417397346272211170156163193240
300352385366285207142098085108158227300359400404384328266213182180200242
293341363360319258192136103104137188250319368395390353300250215200202225
262301334347328275228176134117125164207265328364372360322283248227219223
241269302322320289246207170145137146174220272321345352339312283259239229
231244265285298296278247212182159150159185222268307334344336314286263242
228221225241262280288276252223191163147148172210255299327343346332302265
232209197200218247275298302288255213174147144168205255300336368376354303
251206175160164198250300329345325269224173133119138187248310364397403372
307235176138122135187258328368388369304228167124106123182256333398428423
374286201131079067099175272354407427397313220153100087118184280364426452
437343228138066040042089180298384440460395295191126084082120201306395452
465411299190098043013023100215324416473476406295205133082085128220327403
452453376263154049003-07005105230352425492483400287200134099102156250355
420453426333218124036-03-07024114254352454485471383299200142118131187281
367423435405304212109038008017086185279361432457443373283205161144154208
290362399401353274194114067052073129206300374425440420360278211181167182
227291338359357309250184128095090113160228302362393399376329270220198188
194220261300320317286242194151131127145173221282332360370355318275241212
200198207237271292299282250218192175166166190234280326353362352320286250
224193187196224255280292290274245215189172169175226271312343355352323276
232197175172187222261295311311292255228200180171182223276319353365352312
261213168142142174224273308332335306273231194172165186226269319358377359
307241184144128135173235292333357356319265218176161167195240295341376381
338270198144113109135186245311361387375313248200169158170205256305352386
367299221154106088100156216284344383394363297229182162160182220279338377
384347264192128082075111173242321381406400351275217175160167198249315364
384371297217146090065081135205292362403416391327257198164153175226290348
381382326247171104066064105178262337395424420368299236190164168199251315
360376357286206133080059080128200288349399426388233265212174166178212272
328358362309241170111070063096155227292367409408367304252203178178198241
297332354332270208150101088098134199263335385402391344295249204188191215
260299325335313253200147110102118168222288346381394375333283241210200208
233266297313316290251200158132128147185237300343371378358319276237217207
215239264288302302278240199172150150160197248300339366370353316280242217
205203214233260286300295267227190161152163202250297338365371359321276234
200182181195228264291312314296260212176161168201249300345375386373332276
223179151144166212264308341353332278227183158157184236300349383397378324
257191135104100136200270338382396368301234177153146180238300363400415390
313220149080058067120215301372421429385317232171137138174244322387426433
376279171100044030048122223330399457464410318228166130125171255342400432
432358245147063018004035138251358438479486419314228164124132188271355413
435418317202111039001-04055155278374445494479396291217154127136186272363
419436379276170087030001011089188297386454486457379279200155139146206292
365407416330228136072035027058131212310386444464421337246188156146155200
279341382380284200127079060056087150224314383422425394309244192173165176
215291333352342264203149116099100126176256330370395392359300238200181174
185215254300325314264212173150137140163200255314360385383349300252218196
187188219255287299295270238213192178179196230280323356369361332290249213
190183189218250282294297281260238212196193205236276317349361351317276234
200177171175190226279299308307286259233208202210238278320346358352318276
232188162154168204259300326340336308273240218212223256294334360366348310
262208168142144173222282330360374352312268234212210228262300334354360335
287228174134122135174238300348376382364310264226206200224260300340364364
315250194138104104140195266332372392392350294248214196196228270319354368
358294222156110092108162228302364404416394353286238206194203241286326368
368332250176114084084126194264334386424426374310260222194186204252316364
382372300214142099076086146218300372414434424370300242208194198234285340
370372343250170116182178118186266339395427434406346278226202194208259316
362384374318230158104080096159226302378422438428392316254211194198228276
328365376338266190136106108142196261328394429432414364295237204192202248
298340372366328280222150118116147206272342393426430398338276230206204222
262304336352350310250196160144159199253300362408432430400333270222204206
226262304336351352316272220186166175208254312370406421418382322270232204
194206238280322344348332296258218194188208254310362392400392364314258216
186172178204254300334346342320276230201190202253304352390404394364316234
184152144156195254312354380382364302250218200206250300350394410399357284
212156116096122174244320380413420384318249210198208244300354394408404360
282202132086074101172256340414454460414336258206178182226284348394412394
324234152080038038086166278368432470462398308234183162170215286356400416
386298210118048024036094190300388460483472407307232181164172216296369416
426386286188101043020058127224328413470493474398298220174154170226307378
418424370270168096046034070150244350421466478454378279206164146162225318
378412406342246164094054054100180271354424460466428343254194156148174240
323373391374306220146094074094145216288370416446442392300229184158160196
254324358368334274208147116112142199249324383422428416356278218178164176
210260318344346310260207176160155174212268328384410408376316268216190180
190220262298312315295264228198188192210245282326362384382348296244209187
180190216248272290296294282252225216214228262298332357370361326279236204
184182198223256290312324318298274250238236246262286319346358341304262224
192170168182206255294322336340320286260242238246263288318337346332304258
212178158158175221262306341359360337301269245240247262282307335349335287
239194164141145172215264309340367373358308270244235240257278305330345330
287223167129112127159217273317346374384353295244220215230258286318346357
328256199148108101134183247311368400416394322260229212211231259294342365
361286211148098084117169216290349416436419366298253216198205240274332378
386349270199125085083133190256326397440452427353270221195193224262307357
394396348251167105082088143219299377440463452405332263213190193222274342
392409388310222147091078111168247337404460472443381300228190173186228292
361404402356274192129090083136204282359432466464428343263203172166207258
320377402393334251175127100117180245313387442463449400311238187166167206
261328377395378316239182143126163207260330400443452424363279211172156159
203256321364380361310248196168155187223278343401428425393321252193157142
162198253308347364353315266220192186201237295346387409400359297232176145
129145186240291336362362338295245211198203233281330366385380343287223164
128114125156208270327366380364322268228205206233272320352368363326270211
150103085095138196270339384400386346288237206201221252297335360364328272
202126078061081127196275337393428423378308244197182195234283335367377342
274197125063042069117183272362423453430375296224180166182221280336379392
356275199106044030056112196286395442459441358282212178157166211275342385
397357253156094047034071161242326412452457421340250194161149166232304368
400398324227138084043044097166262358427456460402309240179145134158228309
381402377293208139083059077132198292378436454442369277200155136140185247
328377394362294205144102088107172237320397440446415356272197155145165213
275338373374337266195142118124172220272337400426424377301228181150148179
232292348367360302246195160153171205248297356394400386332264206173160178
210267307335347331286241209188185204233263313356387389350292240202175165
178212247292318326318290258233218219236258282312336355347304252215188174
172188215249282307317315303285264244238248269288312326331318291252214184
173173196222254284307317320311296278265257258267280298311314305272241204
181168170194228266300325336339328309285267254249260281305322327316284249
207178162157172211256301337360365362350318283255250258276296318329325282
237185149133134158216275326371390393366329289244229227239265298329339332
290224171126109124159223288354397410403365304250217208215241272309347359
335266194135096082106153230311381422425400345281222192183197231282337368
372328251176105064063105170260352415438434388317245197168167199252323372
395380305218138075050071130214306388437455439372278213164143145193267340
393409374282187110061055091158244338405445445400323248177139129153200278
357406412368277181115077077123193279372435468457400305220158125118149223
308380411407351250173115088106155229313392442457430351254181132114123166
246332391410387318238177138124148203272343404438438409325237171124113135
189260329388399381332262211172164187237300358400417415371284212152122126
156203260323364379376338288243210203218261303342380389373331263200156128
120145188242300344368368348307267238224234258287324359376366328265208164
136124142181236292343375382372342298263242234247276302328355358332273210
163134118120165215280350386403394351300257230217219248289324346347317270
211152117103111158220292351399417408372300239205193198238283326358361321
261195132090076097158232306385426434408368292227184169180218276335370380
353278203133080065097158240316402449450415347259194157150170216280342385
388351271185112070062108177265353425453446397312228172139134171235310383
405397329234154097070083140220305384437452428364266198155126132193259343
397406375286203136091083116168242334398441441393308236175136125154214291
356394395337247180135111116158215288358415438419352266197148126135179243
315371386377310235172143132154199248306368409411370299223160130125160208
274326367375341279214176155159185230274330376391378320247192148135151185
233286335357354320259222191184191220260300337363368341285225181152148172
208259298333347337302270242220214224250278311340356348299250207177164170
197230264298316322311290261242239241250259281304321321299259223200181172
178197220238260282297305308302280268266266267273278285288285270242213190
178178188212248276302314322321312297283270264265271280290294290276251215
185168166179208238271307339347340322298276254244246254267281295302290249
209174149144158196243300342369376366334292252228222230251277307328330307
256197144120118142200262322374402400371314259221198194205246289330359359
315241176126096092138202270340398420418374305243187162163187245306361385
381315221143091066074141217300371429439407343256195154130139184256335387
405380291200129072054081146233328407442442399313220150104094123189277359
413423376283183109057056100176275374441461441374264179111075075132228325
398434432374265170097064078141224336415466470435323223136075058084157250
364418444425340240162112093117190280373438466460392289194120067068108185
283374423443416333237170126125172235303375424435405330237160097068081124
197290356395408365299232184163166200243303354388393357287209149109093106
145200271333374384362315265227204200220251295334357359326268209166135119
126161205266325356363354328288257237223225247281309320322302263221175146
136134163207255302339354354341312268241222214225251276302311304281248208
161137132158205252303346372382373325273238212200205237269297314315300262
215166129117129175234297348384396381332278225186172182214256302337349330
277212154119105118168237305367408414378316248192154143164206263327364375
340267197135100089114178248325390426420364290219155120118156217297354386
384327250170113079079128200279358414428402330239165114102119167240313370
393380304216149098080100155228312383418418372284195132091086123185271350
393400361269187127092090130197272352400421398325231157103082103164241324
383405391321232164119105129177242314373405402352268192123086086124189269
344391400365286209157128130162210273334384404369300222153100081100159229
307363388382328255199157144164203244299349382373320248179123091098134195
262327368379350293237191171173195234271315348362334277213157117111137181
234293339364360323279235206198203232261290316337335297242186148134143172
209254300335349337303269247230223229250275299315317304263221185164157166
194225266302322327320309296280264254250248256261269274274255223200181171
169176189211243272293307308302284262250239237245254267271269261248224199
173159159182210240270296316324316291258233220216223241257276287289272239
196163147148164188222264312344357339298251216197195208233256278300314302
247185144123122144172209274350375382334272213170154158183226272318356356
311243173124098109146187235310397425381302226160114104132191255307359380
330267215156106084103174230300397438422374281182114069069119202285342387
387355258212138091077103177275361438460422343258139063025040109215315379
420420375260193120080075126215317403448446405307200105042027036100230343
412451448372257172108072078147245356418448445368250153065021017039160268
369431455448337232160108094103198298376422439414305205109040009012095190
291376432445403312223162127123155235310372403404357277184103045030043130
217308380420429393312235184158155180240300350373373318243172115080076100
157228309364394400371303248209189187204239280316334332298244195149121117
133180232297340365371357317278238214210217237264291304303284254222184158
144151181228274318345355351332290250219200195204234263283291288272247211
175152148168209261312342360360340300258214182173178212259292306310300268
225179151144159210265320364390392363306244200168163178224270314341349343
292240194161153164206271335376398392349284226182150145166222288336362364
332283229177149144175232297358394407395336262192145124135185252320370388
378327251196154137143183247324381410407352270200143100097139204282357400
411380306237176136132160210279345395411381307223148094075092158237320380
419411352275202152131141183244314371400398332247170103068072126200281360
409423398323237175140136168218283344385396360284200128078064100162244325
387420421361283212166147154198248312360383375311230156098062067122194270
340389412376311242192162158183221272322357363329261195130090080112175242
310369400399355291235197181183207241290327344339293233168122100106152211
269329370385368328275230205200207237270300318323305264211150116110133179
228279329357362340298258236222220229249270289300300279237200170146140165
202243291330354353336307278253241237240253269281288286271243212187172172
185217255295327342345333312290264246236234238248261270273267256237211189
178180200238278315336343340320290255228211206212232256275290296285261224
192173173193233282322352366363335290246210187178186217260298332342325277
224182156153174228282335373390382342277214165141138163212276332374384353
288223168135132171230298358403416394328247176120088087127200288352398407
370286205149113114158229308370416423395307219139067039051114210318390443
445386287198134104108157240330402433434375273169084015004040138252355425
455447367259179115098114184277375425437428342220122032-04-06058158279387
454484450365250170112098132206302391434447398291175082007-16-04099198325
414475488445343240162121117147230328388425427352252154069008000050134238
343423473472418320232163133137179244326380403388313226147077041038100174
263353418449446387302232179158164199254316354367345286213150102082100142
203276347397416406362295239198182185207246290323335315270220179144134143
174220279335376392381345300258224207204211238269294310304279248217190175
175197234279325358370365341305268232211197197221252281302309300282255229
204190200226270316352368366343309270234198177176208247286315330329312279
240210192198223266312347370372352312270215174154162202250300337361361332
284239207189197228271319361384382345294234182143133156200261320363381377
339287234198183198230282337374390371326253191139115119159221294355400409
384328267218188186206248305356387391363300227160110100129186259336395425
418374303246200184192219269325370395381328244169110082093151220298368418
435409346274214181178198239303352389394356275190128088072105171243330394
434440403328255202178181209254312363386377315227162103072085135203288364
418443429373294232190178191232283334372381346276198128076067104169244327
388432438402335261209185183206250303344367361310237163102081101152222297
364416436414362291235202191202236285330359359324263200140104100133189261
328383418419385330271234208205218254298332346337294243180128109115158212
272329379405403362309260226211211234265301325332311272224184154145160194
234291344379394384346297259231221229242264285302309300273234198174169185
216259305345374383369334296258237224220229247268286297294277253223200188
192218257303345374385371340298260233210202209232261276286297301296264223
192187204250302345379388380347298250203175165176202250295331355357328279
223188178202244297347382399394355292230168128115130175239308361398398353
284219181169188233293353396410394344273199130082069098163245333400438430
379290219172155173223297363411426404338244157080030030081165267364438479
463398294215156138163223307381424435397305209117038-06010085186300400471
501472394279194138130163233327391435437379285180082009-16021100216328434
504516478382270188143141179255344409441424368270164066006000061157266381
462513511441337240175145152198274356413434410331221145069026037100187293
393466505496443337244179150151202278346396414392317223142078061077127204
297381446474461396305225173154158198265331368380350284210148105092109158
227311378421434410352282218174155163198254304334340313262209162132127144
182236304361392399374325269220183168170196236278304314297264230197177173
186215255308351379380350306258220192177175190222262289302296279257232214
199201225259300337356354332298257214181162160176211252284305312298274244
223208212229260300332345344323288243199164147146170210250290319330324293
259232213210227252290321341338314272221174135118119158211268315348360342
299256223208209226258293322340335298247196144106095119170235292342370371
338289244214198202223258297329345320268213154104081083119181255323370394
378332278234204191195218260307339342306260195135084066083136203286354396
407384324264222196185194228276326352348302232167100063059098162242327387
420418372307244203181178200242301344360336279200127072052074134214294372
417427401341271218179170184225285335364360313240169102060057098167253334
396426424385319249196164162192244305346361342282209121067051080138213297
370415430403342268212172157174217275324355357310242169108070073114177251
329389423420377306241193163158183231284327347340284218153100084099142207
278346397424407356287227182162169196240288322338325278219164120108127174
232303358395409389338276221179166173195234278312323309265215168141142160
199254311362395396367310258212178164164184225268300316295260225192168164
181212265322367388376343293238194162147149169215256289315321300266225193
185197223271319360377369339289233179145127129153198246294327344335295244
215197196225272318355372364329275211157115092096126194256315355384365309
250203183186215269313350373358317255192124072052064109183274345398418396
334263208184182207260318361386378319256188116057029044096183279370428457
437370277210175165186236301358393388337253175090026-02022092184302397461
481448367276202156149173230310372406401345257162075000-11029120227341428
484490442336243169132130165229318384417400329226138059-03-12021132237356














