MUMBAI                                                                          
1938
000000000000000000000000000000000000000000000000000000000000000000000000
418402357293241201186186213256299338341314253183122079067091155235314378
411414384320253198171162180226286338363350299219146094067079122204283354
402421405354283216171152155201253311360378347280201131082070107180253332
402442445411341262198162155174226293347381381329250174113082094146219296
366424448433381296222168137140180244305357381363296216149104091122177253
323390433439402332253180134122140192259320360372335265198140107110152210
274347402433418363286216158128125152207274329360360314253192152140158198
250311369408421396329256192149134140177226277329350347311259213183177195
229283332381405402363293235177143134143180229277317341341314274244219210
222250290335372387375329265216171140128140174216265308332341326302271241
229232256290332363372344302259213168134119125158210262308338360357335302
262244238253286320344354344308265210165122101104131183250314363390396369
317271238226232256305335350350323274219155110079076110177253329390430436
399329265222204207238280326363372347302229152088046046082155253347418460
457411326250189165165201265329381399372305219131058018021076174280381457
494478411311219155131140192274354411433399323216122049009024094198308414
488509482393280192128104116183280369427445402308198107033009037116229341
436503512463366253165101085116192296384445433366253152073030037097189299
396472500472396280183107067070125226329399433414341244155088061088149229
323408466475436350244155091067088152250338399421393314229158116101131186
265350411448439384302207137091082110171262332378393360293229174149152183
226283350399418393329259192134107110140192259320347354323277235207195204
222253302347378378347293232183149131140168204256299323329311290268253247
244247271302332347341308265232192165152158180219253283305311314305296277
262259265277296314317305280247216189168162162183210244274302320326320305
286274262259256271290299296274253222198168152146168204244286317335341335
314283262247244247265277293296283259229192162137134152195244299335360363
338305274247229222232256280299308299271229180137116119155213274332372390
384350305262229210210229265299326332317277219162119104122165232296363402
411390338277232198186192226277323347354320253189134094088122183265335393
424418378311250201171168189235293344375369308235158107079088140219299369
421433411347271207162140143189250338381384335256177113070067113186271354
414439427363280204146119119152219305366399387320229152091067088152238323
396442445402326238168116097113171256335390405369286198128085082125195274
354414448430369271189128091094134213299369405402347259183128107122174247
323396439445405320226158101091107162238317378405390329247183140131165216
277347402433418360277192131091085116174250320366384360299235183158165198
244296354393405378311235168113088091128189253314350357329277232198183192
216256308347372363317253198146101088094128177238283320332320286253226210
210222250290326344335293247198152119101107134183235283317338344329296262
232219222244280308323320296259213155116101097119165216271320354372357314
271232213210226256286314326314280232186131094085104152213280344390411396
344277226195183192232283329357360329271198131079061079131210299375427448
418357253195155143168219286347384396366283195119058037064125219320414472
466414320222155116113149226320387427427375274171091037024067146259357445
485469408296195116070076131219320396439433372259165079024021073152271375
451482451363253155082043052113213326393436424347244146076037052113207314
399457469418317204116049030070146250347421445405320219134079064101171262
350418451436363253155079037049107192286366411421375286204137101110152226
302375418427390305216140079061085146229314372405396338262198155143165207
259323372399390335259186128091097128183247311354372354308256210189192213
247286329360369344286232177128122134168207253299329341320286253235226229
238256283314332329299253210174146143158186216253283305311299283271262256
250250259274290302296274247213183168165174192216247277299308305296286277
265253247250262277283277259238213189177165168183213247280305317323320305
280262244238241259274283286274265244213186162155168201244286320344354341
314274247229219222241262286302302283247213171143137162204253305347369369
344305259222198189198232274308326326296247195149122125155213274335381399
387341283235195174174201247302335363350305241180137119131180247311375414
424393329253195158146165207274344375387354280204146110104146213293366418
436408347265192140119134183250326384411405354265186125094107162241326399
442445402308222149107097131198283363414433411335235162104091128186283366
430454439363262177110076088122195296378411442418347244162110094131201293
366433454430350250168097067082122229329387436442390308213149119134186262
344405445445384283201125070064113174253338393436430378286207155143168210
283357411433411341241174110070079122189293366393411387326259207174180207
259317360396396357286198143107091116152222296354387387350299250213204213
235280329363372350296241171131113122143174222290338366372354320283253232
226238271311338344326293250207171140134143174219271323350366366341308271
244229226244274305326323305268226183149134131155201253308344369381363320
271226201198213253293323335326296253207168128110128177238302357393405378
326259201165155174226283329357360326274216149107091113165232311378421427
393314229168125113143207283347390396360305219143091070094158247335405448
442393283192122079079125232323378424427378290195125079073116195293384445
466436354250158085058076140244338411451442378277183113073085137222320402
454457405305198113052037073152268363427454427354247162097079107174265360
421451430363244155079033052104192299384439448399317219152110116152216302
378427433384293198122064043073137229323393433424366274198146128143186256
326384411390329241168104064067110183262341393411381320247198162158189229
283341375378341268201137097085110158222296350381378335277235195186192213
244286332350341290235183131107107140189238293332350335299262232210207213
232259283308314296253207162131122140171207244280308320311283259244232229
229235259280293290265235207183162158171186213250280308314305290271259247
241235238247262268274265250226204189177177189216253280305317320314299271
250232226226238250262277280271250219198177177195226265302323338341329305
268235213204210229253283305314299265229198177168186219265311347366360332
290250210183174186216262305332338314274219177152149174216274329369387372
329268219174152149180226286341369369335286219168137131162210277344393408
384320247183134110116162229305360396393350274198146116131177241320387421
411369286213140088082116183265347405433411344256180128113137195286363418
439411335244165091058073131210311393451457408314219152113122168244326402
445445393286192113049046082152259357430472457390286201137116137192280360
424448424338235137067027043094177296381451475439366259180131125158226311
384430436384293195116055033064122219317402457463418335244177146158195256
332396424411350262180113064055094155241335402448442399314247192171177213
271332381396381317247177119088094128180259335390421418375314256213195198
219271317350366341296241186134107110140195256317366387384357311262229207
198210241280317332326290247201158137134152195247299347369378360320280235
204195195219256290317326308274232192158143149180232283332363381375338283
232189165165189232280317341341314271216168143143171222274332378402393350
280213162131134158216280335372381347293229177143140165219286357402421402
350265192131097097137213299360399411378302226171134131158213293366418430
393320235149091067082140226317387427424372283207146116122158226305378421
424372271186110055043085162250341408436414360268192134113128180268344399
421396311219134070037055116210311390442451408332302177134128097222305375
414414369268183113055049091168265357418448439387296222165140149186250323
381408387308216140079052076131210302375421442414350265204162155177226293
347387390338265186122079076113177253329387424424381308244198177183210250
311357378360293222162113097116165219286344390411396347283235201195207232
271317344350323262204155125125155198247299350384387360308262226213213229
256283311329323286244195158143155186226259311347369369341305268244229229
241259280299308305277238201180174186207229265308338354347320286262244235
232232238256271280280265241216195186189204229265299329338332311283265238
222204192198216247271286277256235207195192204235268305332344338320290256
229216213226244265280299311308283250216195189201226262302335357354326280
244207168155162189238286320335326293253213180171180213262308347366360323
271216165122110134183250308350372357314259204165155177219274332372390369
314247186122088097140207280350402414390335256201162152180232302360396408
375296222143085061073140219314387442442402326238174143146174241314375414
411354262168091040030070149244344421466457402314219152128137192268341402
427402320219125055009027088174280384454482460390283198140128146210290372
421436390286183094027003043116210323411472488448360253177128131162232320
384424418354256155076027024070149235332418469472427341244174137140180247
323381408390326235149085043052101168244338411457448396311226168140146183
250317360381354283213143088064079128183265335393424418369293222171152155
183235293329347332280219158119101110134186259326375399387344283226183162
155168207256299323317283238192155134134155195253317363381369335280229180
152143152189241283311323305271229189165158174204253311354378372338286229
177146134146180232286323344338308265219183168171201250305350375375338280
219165125110122168229296344372372335283229186162168198244302350375375329
265195137101088113171238305357390390354283226183162168195241302354378372
320244168107073073113180259332387411396344271213171152165195247308354375
354296210134076049070125195277354405421393335253192158146162201265329366
372332256171104058052088149226314381418418375299229180152152174222290341
369354296213140073043061113180262347396421399338271207162146155192250311
354366329256174101058052088149219302366408411372305238186155152171216277
329354341283207137082055076122189262329381402387335268213171152162192244
296332341311247180122079076110165226296350387390360299241195165162180219
265308329323277213155116094107149198259317363381372329277232195177180201
238280308317302256204158131125149186232283332366375357311262222198186195
216247277299302280244207174152155177207247293335363363335293256222198189
189204235265283286271247216192174174186216259302335354347320283247213192
183186201226253274286280262235213195186195219262305338350341311277238201
180165165183213253283305308286256226204195204226262305335350341311271229
189158140140168219271311335338317280241210198204232271311344360350317268
213165128116122162226286338378384350299247210195204232277323354375360317
256189134094088110165238317378414414378308244204186195229277335375393378
326244168101061061104177259350418460457408326247195180201241299363405424
396332229146076040055116207305393466494475421323241195186201250317387430
439402308201119058040067131219329421488509475399290213168155174238323390
430430378274168082027021064143244350436497497445354247171134134171253338
402433411338232137064024033085171268366448488478427326232162125131174256
338396424399326226140076049064113189293378451482466408311222158131137177
250335390411384317238158104082104146219302375436460439390296210158137140
174247320366387366305235174143125143180235305372418433414360277210162143
140171226286335363360323262210174162171201244302360399408384332262204162
140143162207262311344350326286241207192189210247290341375381350299244192
146128128149198250302335344332305265229204195207238283326354360338299250
195146119116140198265311347366350320277241210192201226265311341350326280
222174131101101134195262326366384372338296247213204210232265308341350326
277213155110091110155213290354393405390335286238210213213247293329354354
311259195131088088125183259326381411408375314253207189195210244293338366
354302226155107079097143204286360411427414375296244201195195216262314363
378354277201131091085122180256329390427430402338268216192186204241293338
372369323244168122091101152222305369427436427378308241195180186210256308
344366347286213146097085116174238314375418430399341268213183177192229277
329366369323256183131104110152213280350402427414372302241195174177201247
302347363341280210152116113143192253311366408418393335265213177168183216
265311341347311253195149128137171213265326375405399363296235189168168186
226268305326326290238192155143155189235286338378390366320259210174158165
189226265302320317280235201174174192213250296341378378354299244195162152
162189226259290311311293256222198189204229265308344372369332277229186155
146152177213256296320326311283247222210213238268311344360350317271219171
137128143168201247293332347335302262232210213229259302338354344308259210
158116097107140201262320360372354320277235204207219250296329350347314259
198137094073085134201271335390408390341280222189183201241293335366360320
253183113058037058113192290369427442418360274207171165186235293350390387
344265177097037024058125219323408466475445375274195155149177232311378418
411363262162082024018061137244347436491485433335235162134140183256341402
436414341232128049009018079174290393463497482421302201131104116171256347
411436405323207113040012043110201308402466494466393271177113091110168262
347408427387299189110052037073137219320405463469433347235149094079104168
259341396405363274186119079073107165238326402439433387305204131082076110
174253323363372326259195143116122155198262332387414399344265189128097097
128180244305344354317268219183165174192219274326369390372320247186134113
119146183238290323338323293256222207207216238268311347366344296238183143
122125146183229274311329329308280250232222226238268296323335317280235186
149125128149183222268305335341329299265238222226238259283308317305271229
183140116113137177229280326350357338305268238219216232253277302314305271
232186137113110137186241296347369366338299253222204204219244274305320308
265210158113091104146204268329369390378341290241207195198219253293323344
323268204149107097119171235308366411418402350286235204201207232274320357
366326259183128097094134189265335396421408369302244204183183201238290344
372357296216146097082104155219293366414427396341268213174165174204259317
366375335262183116079082125189256329393427421378305232183158155180229290
347375366305229155104082101158219293363414427402338259198162152162198247
314366381347277198134104110146204265338399430421372286216165143152186235
296354384378323247180134122149198259320378424430399335253195155143162201
259320366381357299232183152152186226280335387418411366286219165143146171
210265320354363335277232192177189216253302347387405384326253195152137152
177216265311335344320283241210195207229262308350381381347286229180146140
149180213262305338341329299265244226226241271317350384360326277222174143
131140171204250299335354341314280256235226232256293335357350320271226180
140119125146192244302347378381363314268238222229253286323347354329283229
174122088091122174244305357396402378329268222204204229265305341360344296
232155097058055091152235317387433433402335253195168174204253308357381372
317235155079033037082149244341414463457411326229158128137177235311372408
396329229134052006015073162265366445485466405296195125097113165241332402
439418338222119040009033101189296393466494466387259162094073097158250347
421454414323207107046021055125219329421485491445338222131073064094168268
369436451405308195116061055101171253350433478469408286186110067064104183
280372430430375277186125094107149207283366436457433363253165104073088137
210302372411402350271201158143165186244299366414427387308219152107101122
165226293347372360311262222192183192213253305350375372323262201149119116
140180226280320341332302268238219216226238259293323341335296247195155137
143165195226265296314314302280256238229232244259283299311302274238198162
149152168192226259293311320314296274253241238247259277293299296277247204
174152146158177219265305329338329311286259235222226244265283296293277250
207168140134149180226274323357363350317280247219207213232262293311308283
250201155125119143189244271350378378354311262226201192204232274308329323
293244183131104116155207268323375396387354293238198183189210250293332350
335286226165113097116168238302363402408387329259204174168186219265320357
372341271192131097101140198268341396424414366286222177152152183232299357
384375323241165113088110158226305378421430399329244183140131152192259326
378396366293207140094091134198268341399430421366277198140110119162216293
357396396341256180122094119168241311375421433396320232162119107131177253
326384408384311229158122116146204271329393421402347262186131094101131198
271338384387344274207158131146186235293350390402375305226162113094110152
210280338372372326259204171158177210253305357387381332259189137104101128
171229290338363354311262222195192207232271320357372354302241186143116119
137183232286323344338311277244222213216241271311341350323277232186149125
122140177229277317341344332305277247229222235265299326332317283244201155
128113128162207259308344363360329283244213207219250277305323326311268213
158113094110143195256314363390390357299241198180186219262305335350338296
235158104070076113180250329387424418366286210162140152189244308357384369
311222152085049052091174268354424451433366262186131101110158241326390418
399326226140070037049101192299393454475442357244158094070091162262357427
454424338229143073043070134222335427475478430323207119061049088174280375
439454414320213128067055094171268375451485463399277171094043052107201314
399457457396299201128091101149222311399460472436341229137076058091155244
344418454436366265189140122149198262338408445439381283186119073076113186
265354402421393323244189155158186226277338387408387320232165113091110152
213280338378384347296244210195201219244283326363372332268201155125128152
189229283332357350317280250235235235241256280317341335299250207177162162
180198232274314332329308286271262253250247250268293305299271238210192177
171180198229262293308314308296283268253250247250259274280280271247226204
186174174192226262293314317317314296268244232229241256265274283283268238
204174158168189219259296323341347323290250219207207219238262290308305274
235189155143146174219268314350363347317268226195177180201235280314326317
277226174134119134174229290341378381354302244195162152168204256308344357
326268207149113113143195256320372399390341268204158134140174222283341375
372326253180125097110158222296360402408378305226168122116137192256326381
402378305222155107094131189259335396424405347256180122094104146210290360
408411366274192128094107155222302375421427387296207137085073104165244329
396430411341250171119104128183262338399430411344247168104064070116192286
360414430393308219158119125165222302369411418375290201131076061088149222
311378418414360277204155134155201262326378405393338253177116076076113174
253329387405384323250189162162189222268320366384363293213146101085097137
192259323366381357308256207183183204232274320350357326265204152116107119
149195256311350366347311268238216210216235268302326332305259210168137125
131155195244296332350347320283253222204198213244277305314299268235192155
131125140177226277323354360344302256219192183189216253286311317299265216
165122104113152207265317360375366323256198155137152189241290332354341296
229165116094104140198271341390414396335250180125107119168229296354387384
323232162104073079122201283363421436402320222143091070094158241329390424
405335235152094064079134219308390439442390283183110052040076152256350418
445408329226140082055085152241335411448427350235143067018024085177286375
439448399308201125073070113189283366424439396296195110040006040116213317
396442433372268183122088104146222308378414411350253162085027030079158256
344408436405335244174131119140189256329381402369290201128076049079128201
280357402408366290219171143149177222280332366369323250177125091091125174
238317366393375326271226195186192216250299335354338283222171131119137171
216262311347363341305259229213210222235259283308317296259213174152149165
195229244308329332308283256241232232235244256274283277259235210189174171
180201235271296311314299280262250244232222222235253274277262244229213207
201198210235271308314323317305286265238226219229247265274280280280265244
210189189192241271302320335335323299271238216210216235259271299308308280
238201180177201235274311335357360329302247213189183189219268317347360341
302247207189186210247283332363372369323265213168140137165204274326357357
317259210162143143168226286335372375347286213155113104128177238308366390
372317244183137122146195256320372396384314232158104076091140207293366408
418378299210146116128168229296360402411369274186116067058091155241332399
436424363262177122107128180250326387414399323222134070030049104180280366
427448418335229155113110143204280354402414366274177104040024061128213311
393442445399305213152122128165229311378414405341241152082037040085152238
332402439439378290207155137137198265329381399372299207131073064064107180
265347405427411344265207165155155210271326363369338268195131085076079137
204283347396408387329262213183171174207265314344350311253195143113104122
162213277338375384360317268226198186189213256299326329302256210174146137
146174219274326363375357323277232198180180198235268299311299274241198165
143143168210262314347360357326280229183158152174216259296323329311274229
180146143165201256311354378378341280219165122119146195256311350366354308
244183140128143192256320369396390341271192128085079113177256332384405384
323244177134119137189253329384411396338250155091052058107183280366421433
402329247174125110134189271347399418390308213128061030049113210308390442
442396320222155113113146213302369411418366274180101040024064146250344418
457442387296204146119128171244323384411396323226137067027040097186286375
436457424350259192140125146198277347390399354268183110052037073143232265
399439433384308232177143140168222296354378372311229155094058064110183265
341402427405350277216174155162195253311350363335271201140097088113165226
296363399405369314256210183180195229274314338335296241183137119125158201
250314360381369329280241207189189210238274302314302262216174146140162192
229274320354363344308268238219210216229253277296299280250222195186186195
216247290326350350329302271250232222222232247265277283274259238216207204
210226253286320338341326302274250235222216216232253271286286280265247229
219216229256290320341344332308277244219201192201222253280305314311293262
229210210229256293326347357347320280241201177174189222265311341357350317
268229207207229262305341366372354314265213168143146174226283335375390372
323262219195201229271314360387387360311241177131116134183250326387427430
393326256210189195229280338387411405366293213146107101134204280360427460
448402320244195183204250308372418430408344250171110076085137226317405460
475445375280210162146171232305372418421378293192119058033049131226329411
469482442363268195162158198262335396427430360259168091040037088168256357
430469463411320229168140146186256338393414387320229143073037055113201302
393463488466402299213162146162213290354399411366280195122070049079137219
314396454463430360271201155146162216283344381384335259186122079076110165
238323387433436396329256198158143158201268323350344299244186140110107134
180244317372408408372314250198158146158195250296326332305262216177152143
162201256314369393393360308253201165152158186232277311326320293256213183
168174204250305347378378347296241189149125128155201256302329335314274232
198177177195238290338366369341290235183134107110140198259314350366350305
253204177171189229283329360369344290232162107079085128192268332378396375
323259210180171186229286338372375344283213143088067082137213299369411421
390323256204171162180226290341372369329253177104055046082149235323390430
427384311241189158158186241305357384369308229149085049058110189283366424
445427369293226177158165201262323369384357283195122067049079146229320393
439445411344265201165158180229290350378378323241165101061064116189274350
411439427381302232183162165195253314357375350283201137088070091149226302
372424433405344274216183171183219277329360363320250183128094101140201268
338396427418375308250207186183201244293335354341290226168131119146189244
305360402418393344283235201186192222262302329332308256204165143149174216
268323369393390354302256216195189198222256286305302271229195168162174198
235283329363375357311268229201186180192213247271283280256229207192189192
210241283323347350332296256219189174174186210238259274277268253232210204
210229259296326344344323290253216186171168180204235262283299299283262235
219213229259299326344344320286250210180158152168198238280311332335314277
247222216232265299329347347323286244198155131128146192247302344372369335
286244219213232262302335357360335286235177128104107146204274341393418408
366302250222213232265314354378381344290219149094070091143216302381436454
430372290232198189210253311366393387344265183110058040067134229326411466
472436360268201168168195253323378408399335241152076027021070155259363445
491488436341250180149149186259341396421396323219128052009015079177286387
466497475414305216152128134186274354405424387293195110043012040110207317
411478497463387280195137119134195286360411418372280183097043033073143241
335424475485442354253174125113137204290360405405354262180113073073113180
268357427466460411326238165125113143204286350387387338265195143116122155
210286360421448439390305229165128122143201274329363366329274222177155155
186229290350393411399350283219165134128146195256311341354332296256219198
195207244293344384399375326268213165137131146186241293332350347323283250
222213216247286329360369357314262213168137125137177232290338366372354317
274238222222241280320350363350314262213162125113131177238302354387399375
329280244226219235268311341360350308259198143107094122177247320366408411
381326277238213207222262311347363350308247180125094094128195271347405430
424381317265229207207222265320360372350286216146097082097146219302372421
436414357286235201189192222274326363369332262189125082076110174253335402
439436399335265213186180195238299350375369311235162104076091143216299375
430448427378302238195177180213271329366381347280207140094085122189265338
402439442408341265210174165186232296344378375320244168116091104155226296
366418439424372296232183158165201256308354369344280210146107101140201259
329390424427393329256201162155174219274323354354314253189143122137183238
299357399424408360290226177158165195238293329347338290235186155152180222
271329375408414381320256204171158174201247290320332314274232198183189207
241280329369387372323268216177152149168201244283305311293262235210201207
226259299335363372344296247204171155155174204241274299311311293268244232
229244274308338360360329286241201171158158174198235271305323329314286259









