MUMBAI                                                                          
1951
000000000000000000000000000000000000000000000000000000000000000000000000
195229280338378396387341274219177146137149189238283317332326299259235213
213222256296338369381363320262204165134140165210259308338354347323293262
247244262296332363375363326283232177137119122146192247305350378384357317
280256250259280311338354354326280226165119119085113165235308363399408384
338286256238235253286320344357335283222162094055049076152235323390433439
414357293244216207226271317354375363308238158082033030073152247341414466
472439366293229198192213262323369399387329238162073021021070158268360439
488485442360274201171162189256326384414396326235143058009009070158277378
463503491430332241177140140177256338402427405329222140058018040110195320
405482509485411320222158131137195283357414433402323219140076055082146241
341439491503463384290201143125140192280366411424384299210143097091128192
277369448478466418329244180134122146204283347387390344274207155131137177
229311381436451408366283210155125125152201271323360360320265213180174192
226268326381414411372311244186152134140165216271311335332305271244222219
229253290335372387366320265219177152146158183216253286311317308286268256
250256271293323341344320283244210165149149162192229259290305311305293280
268259259265283302308299271238207180158146146158180226265302320326320308
290271256253259274290293283265244216189155137137149183222265308338354344
320286265250247250262277286290274253216174140119116137180232290335366372
354317280253229222232253277286290274247207158119097101137189253311363387
384354302262229210207222250286314323299253198143104088097140207280347390
408390341290241204189195222271317338335299244177119079076110165241311378
418424390332262210186180198241293341360350293226149094061070113192271347
411436427378296222177155162195259320363375341271189122070055082143226308
384433445411338256192149137162213283341378375326250174110061064113186268
347414448436381299210155116119162232311360387369305226149097073097155229
308387439454418338250177125104119174250323372390360286210140107101137201
268344408445436381293198140101097128192268341378387347271204152134149192
244308369414433402332250168122094104137201277335372375326262210183177195
226265326378408402360299222155113094107152207277326357354314271244226219
232247277326366384366317271201146113101116152201256302335344329305280262
250244253274314338347326283238189149104097116155207262305332344344326302
274253244247268293311314296262226177131097082094131189244296341372378357
317274247229222235265296317320296253198143094067070110171244320375411418
384326274232201195219259305341357338283213146085055058094165256341411454
454414338262204174168201250314363387375311226140070027030082177271369442
472460405305222162134137177253326387418390311207122049015033104201311405
469485454375268183125101116174268354421433384286189107046033079162265366
448494488427320219143094091128207308390436433372268174101061070128216320
405475491457372259174113082097152244335399433411335235162107088125189268
363436469460405305213140085079110177253344396414372293216155140128165232
302369421436399326244168107082094134201271338375378335265210171165186222
265320375402396344268201143110110134177229283326354350308259222201204226
250286329360366335280222174137125137168201244286317329314283259250250253
256268293323338329290250210177152152168192219247274302314308296280274274
271268271283302308293262226195171162165171183204232265290308314314305293
280268262265274283286277262241222201186177171180198235271308332347347332
311286274265265271280283283280268250222192165152165192235280320350372369
344308274250241238253268286296296280250210171140128146183232290341381396
384341293250226213219244274305320320296250195143110104131180247311372408
411375314256210186180195232283326350344299229165113085091131192268341405
433421366290222174155165198256314360378360296216149091073094152229314390
442448411335244177134125155210290354396399354271186116070064110183271360
430463445381277198137104110155229320387421408338250168104073088143229320
399457463421326226146088073104174268354408433384302204137088082128201286
372436460430354241155088052067122213311384427424369274189131104122171244
323393439439384290189122061046076140238326393427408347259192152146180232
286347402430408338244165097064067104171247329381405384326253207186189226
253299350384387347277201140091073082128183247314357372354308265235219219
232256293326344341305247198149110085104140192244296332347338317293271259
250253265290311323317286247207168137125131155192241286323347357350329302
274256247253268283299302296271235192149128119134174219274323360378375347
308268238219213232262290311317299262213158116094101143204274335381408405
366302250204180177204256305344357344296232158104076085128201290360421442
424366280216165140143183247320369393375314229152091061073128213311396451
463430354253174119101119177274354405430396311213134073055085162256354436
475463408302204134085085125198305381433439393299201122076076128204308396
457475442357247162088064085149235338408448430369265180116091113180265357
430466454393286189119073067110183283369430448405323232158122128174241323
393439445399311210137085070101162241326393433427375293210165152177226290
347402424399329247174116085097140201283347393414390332259204180183213262
308354384384341274204146107101131174232293341375375341290244216207219247
277317347357338286232180143131143174216256302338357350320286262247250259
271299320335332302259219186162158174207238268299323335363317293280277277
277280290305308299271241213189177174183201226253277296308314314308296283
274268268268274277274262244222201192186186195216244271299320332335326305
283265256256259262268271274268253226198177171183207241277314344363363341
305274244229226241259280299305293265232198162149152177219274326372390378
338286244213198204226259296320332317274229177140125137171229299354399411
384323256201168155171210265326363369335277213155119110137189259338399430
427375302219162128131165229305363399399357277198140104104143207293375430
451418338241162104079101165253338402436418347256177119091107158244341414
460454390290192113061064104177293378448463418320226152110104137213308396
460472430329222131058033064128232338424472460399308207146113128174259350
421463454390271174088033030073149265369442475454384274201152137162216296
375427445408320213128061024040094183290378439460427360265204168168195241
308375411405357262186119064043061122207296369414427390326262213189192216
253311350378366311244180122085076104152219293354387393369323280247232232
238259290323338329293241186143119116134168216271320350363357335305277253
241238241262286305308290253219177149137137162204253299335360360344317283
256235222219232259286305305286253210171140131149183235290332366381375344
296247207186183198244290317332320283222177137119131171232296350390405384
335271210162134137177238305344363350299241171122097113165235308372414421
387311235168116097113168253323375396378320238168116097122183262338399436
424369280198128082073110192283357411430390314226158116107140204293369421
436405320232149088061079137219314390433430378286204146116125168250332390
427418360259174104055052088162256347414439414341256186137122146198274350
405418378286204134073049067122210296378427436390311229168137137174235308
372396381317232158091052049091155247332393418405347268204165149168210265
332372378332259189125076064088137210290354402414375308250204180180204244
299341360341290226162110088094134192253320366390387347286241210198213238
268305332338305256204149122119143183229277326363375363320277247232229235
253280302317314280232189158149158183213244286329354357335305277265256250
250256277296302286256229204183174177198222256290317335344335317296277265
262262268283283283277259241219207198198201219253280311335338338323305283
262250238241253265274280277262241222189189195222253290323344363363338308
265235216213226247274296311311290259222195180183207250296332366381378341
290235192174183213253293329350350317271219180162171204253308357396408384
332259201158140155201262320366393387335271207165146168213268326387418421
384296219146104101137198283357408433408347265189149137168216286354408436
421354250158088058073125210311390445460427341244180140140174226308384436
445402299198104040021058134235338421472472414317219162131143183250338405
439430347250140052006006058146259363442482469399293210155134146192277354
408427393286186097027003018079174286381445466445375277204155143162213296
360402408350259162079024009033107195299390436454418354265204165158177226
302357378375323238158088043037073134216305372418421390320262216186183201
238290332350335286232165110079076107158219293354387393366320268226204195
198226262293314311271222174134113110128162226286332363372354317268232204
189189201229259283296290247207174143131137174219268314344360350317280229
201174168174201232274296302283241201165143143171213262311347366363326277
232183152137143183235283323335323280226183152149171219274323363378369332
274210155116107128177244308354369350296238189158152174219277335372384366
311244177122088085116186265335384396360296232186162158186235293347381390
350280210140082067085140222305366411408360290226180162165195253317366387
378314238162097061061104174256338399427408354268213174162171210265326369
378341262183113058046079137210305369421427387314250198171168186232293347
372354293216143082046055110174256338396424411354280222183168174204256314
350360320247171110070061088146216299363408414384326259213183174192238286
329350335280210143091067082125186253326375405393350293241201180183213259
308332338305244183125091082110162219283344384393369326271235204192201232
274314326320277219168125107116152198250302350378378350305265232213210226
253283308314296256207168137131143177219262311347363360329293256232219219
232256274286290274244207171152155177198229271314344357350320290265238222
222232247265274277268250222195177174183204241277311341354350326290250226
213207210226247268280283265238213192183189207238271317350363357323280241
210189177183210250286305311296268235198186186210250290329360366350308259
210168143140168219268308335344323280235198180183201244296341375381354293
232174125101104152216286341375384357308253198177180198241302354390387354
277198128076058076146213305372414427387320256198174174198250311372402396
341250158079027021058143232323402451451399317244183158165201262335387408
384311213113043-03-09061149256360430463445384293216165146155201274354396
408366268165067006-15-12073165283381457475463375286213168152152201286354
399408341244152064006-15003097204317411463466436357268204162149171229308
369396387314222131058015009058137229341414457457418341259198162149165232
317369384369290213143079049043085165247329396436442402335256198168165183
232296335350344290232171113085085104183268329387418421390314256204165162
165229268314329329305244195149128128158204265332384405405372311250204183
171174204244293320326308271222189171165183232283335375393384350299244201
168152158186222274308329326293250219198189201229274332369378366326286235
192152137140171226271323347350326283241213204213238283326357369357320262
219171125107119165226293335369369338293247213201216244280320350360344302
247192140104094125174253314363393387350293253226213219247283326354360335
283226165116091104143204280341390411390350293247216210219247286329350347
314256192131091082113168235311372408411384326268226204201210250296332344
329280216155104076085122189259326378402393354296244207186183210259299326
332305241171107064055082134207283344387396375320262216186174177213265314
329326268207140085058067116180247317375402399363296244204183183204247293
329338305247180122079073104155226296360399414399347286235204195198232280
326354347293226165122094101137195253326378408414384323256222198195210247
290326338323271201143107094125171219283338381402399357299247204189183207
256293326329293241195146125125152192241299354378384372332280241213198198
219256299317314286250207171158162189232277320350381381354302247210195180
195216253277296302277250204177168171183222268305344360357323274229198171
168171213244277296299290256235207189186201238280326354360347308262222183
155152171198241250314329320293262238213207216259299332354366350311262201
155131128146189256308338354347314277238213207207241283320350360341290232
171122091085119174247308354378375338286247213207207238283323354360335283
216143088061061110183271341390421421372302244213201204241286332360372335
271189107052030061116195293372427451436375302238198189192232286341375384
344253165070021012024097186290375427445427357271213174165171216283347384
390332241137055003000012091177296375442451430357262198158152162219305357
390393329232134043003003040137232338414466469433344250183146140158219305
369402399320219128058018015079158253350430466460414317241174137134158229
308375393378305210140079052058113195293375436454439381302222158134131165
232311360378357286216143097088104165238314390430439405347262195149125122
165232296341357332274216165137134155201235302366405414384323253189146125
128155204259308338335299253210186180192216262317363387384338280229183149
137137165204253305326335317277247226216219238253317354369357308265222180
149131134165213265308332341326302268247232232250277305329335320286247204
171140125125152204268314344354344317283256238232235259290311320314286244
201162134122128171226283338366375360320283250235232238265286308314311277
235189146119113137189253317363387390360314265241229226229250277308320314
271213165122107113152207283341378402399354305259229213213226256290317323
299247192140097088113168232305360402411387338280235207195204229262305329
329286216155107082088125180250320378414408366305250210186183201238286326
344326265192125085073101149213286350399414396344280226192177186213268320
347354305229162104073076113177247317375411418387320250201177174198238290
338360344283210140091079101149213283354402424411357293226183165174207259
317354360323256180131097097131183244314372408418390326256198162149171213
274326350344283226168125107122162213277338384411402350286219171146143177
229286335344323271216168140134155192238299354393402375317250189152137149
183241293329341320277226180165168189222262311360384384344283216168131125
146186238280323332317283244213201201210235268317357378363311253195155122
116140186229283317332326299268238222219219241280317347357335286235177137
107104125171216277323344350332305271238226232244265299326335323280222165
116085085107152216277326363375366329280244219216226253283314332326283222
158101067064079134195274341390408399347290241207201207232274308338341305
241168094043027052116195280360414436421366286232186174186219271320357360
323247158082024012058113207311393445457433369280204165149168213280350390
393347244149061012003018110207311399454466439360256183140131155213305372
411408335256149064015012058152250354445482478433341241162119110146213314
387424408341226137064030040097180286390460485463399296204131097097149232
323393421390305210131073052082146222311405457472439350253171113094104155
238323384408387299213143107094128192259344418448445405314213158119116140
180262335384405366305222183162168198241296360414433414357277204155125125
152207271329363378357311256219207216241265308354378387363308253192149140
143174213253293344347344314283262256256259271286305341347326280238195174
168168186213250293326341335317296280271265268277296311320323308268229195
177165165177216256302323335335335317290274259256262271283296296290253216
186168162158168198241296332347350338314283262250244247265283293293280256
222186162146143162201253317357372369347314280259241232232244271293299290
262219174134119122165222277329366384381354296259229213213222250280305314
296253186143107097122165229290344384393366314265222198192195226271308329
323274210146097085094140198265329384405396344283229192174174198244293335
347323253180113076070104155219296363405418384320244192152146162207274323
357357299219149088070082128195259335402427414369290213162137146186250305
363381360290201131088079110162235308381427439399323241174134125143198271
338387393341247174119094104146204268354402436424366277192143116119165229
302363390378314232171122110131183247317384424436402332232165125110128189
253329375393360299229174143143174222277341390421411369268186128104110146
204274332375378347286232189174183210256302357387396369308232162116101110
146201271323357363329283241213207213235256293335360360323262195143107097
116149198253302332341329299271250235235241256283314329326293244195143113
104116146192247296329341341326302283262250244247268293308311290250204162
125107104122171229286329354357350326290256229219219241268290302299274219
165113079070091146207274329369387381344296238204192192216253290317326305
250168104052040064125201280350399421405347280213168149152189250311354369
335256177085033021049116207299381439448418344247174128119131192268347399
408357256162079021015064146241341424469466414311213140097091122195299372
424424363247146064021027082174280381457482457387265174101067076131216320
399439421347232137070040067131216320411469475427329219134073052079146241
341408436405314207134082070113180268354427457442378268177104058058101177
268357411421372280195140113119162222299366421427387305213146085067085128
198286354390387332259201168155174204253311363387387332256180128097094122
171232293338360354308262222198198213244274311341350332277216165128116125
155195241286323335326299271247238235235244271299314317286238195165146143
155177207241280302314311299283265259253253256262277286283259229201180171
165168174204238265290302308305296283265253250247247259271271253235216201
180165152155174213247280302314314308283250232226226235247259259250238219
189158137134143180222268305329335329296259229210204204219241259271274256
222180140116113131180238290332354357335290244207186180192226259290305302
265213162119101104143198259317363384375329262216174158162189232283317329
314262204140094082101149222286350390402369305232174140134149201262317350
354320241174113076076113180256320393414396332250180131113122165235311366
384366286207137091073097152226311378421427381293201137097091122192274350
396402357262183116079082128195277354411433411335238155091070085140229314
381414402332241165110091113168238320390427430381286189119061052091158250
341399418390308219155122116149210277344399421402323232143085055064116192
277360411418366283210168146152192244305360393396354268186122064052073134
219305366393387338271219183174186216265314354369360296232162104073073107
158232296350369360320271235213210213235265299326335320271213155113094094
128174226283326341341317293262247238238241259283302311302271222177140119
116128177219265305329338335320299271250238235235259277293293277247210168
134116119158207256302338360366357320277244222213219241268293311314293244
189137104097125186244308360384396378323265213180168177210259305338350326
262192125076070097162235320381421430399329241174137128140195265332381396
360280189116067052088162259341408445439387293204140088082116189277360411
424369268174101052046094183274378439460433354244158091052058113201311387
433430354250158091052064122210320399448448399302192107043024055128213341
411442421314222149088070101165259360421439414326222137070049058101183280
363436439384286195131094097140222311384414411347253162091037024064131219
320384418402332244177134122140192262329375390366283204134076049061107180
259338381399366296226177155152183229280329357357305238168113076073107152
219283335363360317265226195183189216250290317323302250198152110097110152
198241293326335320290256232222219222235262286296293262226186155140134155
189222256280299305302286268253247241241247262271271265238216201186174168
174195226253274290296302299296274256247247247250253253253247241232219192
177174183213241262283302311311305277253238229226229244253262262262253222
195177168171198232271311335347344311277241216210213226244265286299299271
226183149146168195238283323357372360314265216186180189216253286314326323
280226177143134149195253308357387390354296235186152152168213268320354363
335271207155122116149207274335384405387335256192137113122168232308354384
387329256186134104119165235305369411418375293207140091079113177265338393
414390308229165110097134192268344399424402317226149082049061125210317387
430430366271195137104122171235314384421424357262174091030030076152256350
418442418341250174122110134195274350402418399314219131055018024091177271
366424439411326238174137134152219293363396402347253171094033024049128213
317390433430381290213171152158198244308360381372305222137079037043085158
241329381408399338271222189180183216262308344350320256195131085070079122
180256317363375366320268235210204207226256290308314290241192146119104107
137186241296335350341314283259238226219219235262280286277247213174140122
122143186235277311329335329305265235213201198210238256268274268247210165
128116122165219271302335350350323274229189168165180210250283308311290238
177125104110152210268320357375369323256204149119116146195259317350360326
250183131107110149213290344387405390323244171113088094134213296360399399
344259186131101107155229311372414421381293201134073055073137229326393427
414347244177122104122183262341399430414350253168094046049091177280366430
445418335241168122116152235308375424430390305216131067040070137219320390
439439387296213158137143183253329384411402338250168094043040091165253344
405439418354256189146137155204277341384393360271189113058033061125204296
375427436390314232186158158186235302350372363299222149094058061110174247
326381411405357280219183174177210259305338347320259189131088079104149210
271335375387363308250210192189195226262293314314274216158119104107146183
226280326354354323277241216207204216235259280290283247195158131128143177
207247286320338338308274253238235232232235253268271268238210180168168183
201226256286314326323308290268253241241241241250256256256247229216201192
192201222250286305320320320302277253232216216229241253262262262256241219
198189192219250286311323329326305271241204183183201226253274290296286256
216186177180213250293326347354344305259207171152162192235286314335338311
262216183165177210259308347372375338286226162125119140183247305354378369
317256201165158177219277338375393384326244183122088085131204290354402418
387317244189155149174229302354393402366290198128076049070146229326390439
439387302229171143146183247329387414405344250158076027024076171265357436
472451387293213158143162213290357408421384299201116043015021067174290381
448454442366268201155149162226305350399399341247155070012009021107216326
402448454418326244186155155183250317357387378311213134061018024079165256
347421451445393308232180162165201262323363375350277198122061043052113186
274354414436421366290229192180180213262314344354323259198137097079094137
204283347390399384341290238204183183204247290311317296259210162128113119
152204271329366381372335293250210192189192222262286296296274241201168146
143171219274326357369369344305256213189180183204235268296314311286244195
158152174216268320357372375350299244192152137140168216265305329335314262
207168158171213268317354375375350293232171122104110152213283338378384344
283219180162171210265323363381375332265192134085070085146222305369402402
354283219174158168207262323363384372308238162097055052091165259341399430
414360277213168158180226286338375384350283201134073049067128207302378433
445411347265207174168189238308350378378323244165097058052094168253344418
454448399323250201180183213268323369384360286204137085064085143219305384
442460439378293232198186195238296347381378323247168110073070116183262344
408445448405326256207186186213265308357369350286216149101082097152216293
360414436421369299241204195195226268320344347305244183125097097137189247
314372405414381323268229207201207244290320332320271219165128116128174219
274326372390384347296250219204201216253286305311286244198162140140158192
235283332363375357317277247219210210229253277290286268238207180165165186
216253293332357363344311280250229216219232256268280280271253232210192192
204232274311338354354335308274247219204201222244265277277277271256235213
204213244280317341354354329296259219189177183207232256274296305299271232
207201216244277308335354357332296244201162149155183226271311338347332293
253222213219244277311338360360329280213162122110122168229286338369378350
299253219201204232274317347363354308247174113073067101158238311369405405
366305244204183189219268326366378357293213134070033040091171262347418448
433381299232189177186222283338375384341268183097033009021067180286378442
463445381293226183177195226296354393396335244165076018006021113210323408
466472442363274207174171192244308366396387323222128049003006046137241341
424469466433338253192158152183247317366396384311210128046009012070155259
357433472466414326238180152152183244317369390366293201131064040055110189
280369436463445390302222177149149183241308354372347280207143091076091143
213299372424442418363280219174152152183232293332344326277222174140125134
174235305372411414387332271219174155152168210265305329326296250210180158
158189247311363390390366323265216174149146158198244290323332323296253216
192192219265317357378378350311262210168140134146189238286329354350326277
241216213232265305341360363341299250198149110107125177235296344372375347
299253222216222253293326344347323283229174125094088122180247317366396396
360305259229216222247286320341344317268213149101079088131198271341393414
405357296247216201207232274311335335299244177113070061085140213296363408
418393332268222198189201232277317335329277213149091061064104171250326390
421421378311247210189186204244293329344320262189119070055073131207283357
405424405347277226192180183213262308335338293222152088055052094158235314
378418421387317253207180171189232286332350335271201134082067088143213286
357408433418372296238198180183213262314344350311244177122088088128186250
323381421427393329265216183174189226283326341326268204146107097125171226
286350396414399344277232192174174201250296323329299244189143122125162207
259317366396402369314253207180174183216265302320323283235189158146158189
232283338378396384341286235201180174192222262293311308280241201177171177
219256302347375384366317265216189174174192226262293311311286259229210207
207241274311347366369338290244204174155155180219262293311317302280256232
222222241271311341357354326283238192149134143168213259299326344341323286
259241235247283320350360347317271222174134110116149204262314354378378354
308268244238247271311341354347311262207152104079091134198271338390421418
378323274244235241268305338360360326268201131073049064116195286363427451
436384317259226207213241290335366372329262180107040018043104201302387454
475454393302238198186195235293350387390341256168082021003033104216326418
482494466384293219174162171226305366405405347250155064009003027113226335
427485491451357262192149137152216305375411405341238149061009000049137256
366451497494436332241168125110140216314378411402332235146073030037097189









