MUMBAI                                                                          
1929
000000000000000000000000000000000000000000000000000000000000000000000000
192265347408433414363280210158131128155210271323347335286232189158146158
186235299357399411384332268213168143143165213268308326317283253226204189
192216256308354378378347299250204168146149171207250290311311299277256241
229226238268308344357344314274235198165146149168204247280302317314299274
253241235241262286311323317290256213174146134134155198241286317332335317
286259244235238253274293305302283253207168134119125155198247299338357350
323286256238229229238259283302305283241192143110101113155213271329366378
363326283250226213213226253283308308277222165116088085113165226296357390
393366317271238213207210235274305323311268210155104079085131201271338390
408399360308253213198195213250293326335311250177116076064094152226302372
411418390338271219189174186219274320350344293213143085055067110180259332
399427418375305241192168165192247305344360335265189116070055082146219299
375427439411354277213174162174213274326363366320244168104070073116186262
341408445439399326247195162158189235299350375360286201137097088122177244
317387436445411347265201162152168204262326363369326256186131101110152207
274344405436427381302232174146146171219274326357357311244186146134149192
247308372421433405341265204162143146177229280326354344296238195177171195
232280341390414408363293229177140131146180232280320341338308265226204201
216247293338375390381332271216171137125137168213262308335341326299268241
229235253286326360372354305247198155122107113143192250299341360354323286
253235229241271305332341329293247198146104082091122180238299354384393363
311262232219222250286317338338311262204143091064067104158235311381424430
393332265222201204226271311341354332277207143079040037082158244329408451
451408329250195174174201256317360378360293201125052009012073152256350436
475466414320235171143146180250332384405372296201116043000012079174280384
460488463399293207140116125174268354405421381274174094033006046125226332
430488494451357250168116104131210296375418414350256158085037030079158256
366448485469414311213140097097140216308378414402335241152085058073125204
296384445466433366262180116085097143219308372396372305213146104091119168
235314384427421375293216146094079097146219296347360329265198152128128155
198250317366384366314247186131097094116165226286317320280238201174168177
192226268317344347314256201155122110128158201247280302302280256235219216
222232256290314326317283247207171146140158186219259280293302299290274259
250253262277296302305299274244210180158155168189219250280302314323317302
283271262262265274283286286271247219183158146152180216247280308329338332
308283268250244250262274283283271247216183152134140168210259305338360363
341308277247232229238256277293296286253204162128116128171222277332372390
381344299262232216216232262293317323302253195143110104125174235302363405
411387332277235207198204232274317341341296232168110085091131192265341402
427414372305247201177171195244302344363341280207134088070091146222302378
427436411347268207165146152195262326366375332250171101055052094162244332
405442433381293213155122119152216293357390381314226155088055070128210302
381439451421347256183131110119171250338390411378296204131085076116177259
350418457448390299210140101097125192290357399402354265183122088101152219
308381436448414338247171110082088134216299363399387323244174128119146195
262335396427418369280210140091079097162235311366390372311244189158165189
232293354399414384317244177128094094131180247311354372354308259222201201
219256308354378378335274213158116097110140186241293335357350323283250232
229241265302329347344308259210165128110116140183232283326354363347317283
256241238247274302317320299265222177137113107119158210265320357378375341
299259235219222247277305317314286247195143101085097143207271338387411405
366305253216198198229274317347350323271207143094070082125198280363421445
430378293226177155158198262326366378347280201128067037052104189286381445
463433363268189131113125183262341390405369280192110049021049119219326414
466469421329226149097085113186293369421421369268174097043037079158262366
445478454387277183110070076128226326399436421357256162094055070128219320
405463475433341232152091073097165262363421442408332232155101085122183268
357430460442381277186113073076122198293372418421369280201143116134177238
308378427436390305216146091079104158238317375402387329256198162155183226
280335384402390329256186131097101134195265326363372341286241204189198222
259302338363360323265207155119110134177226274320341338314277250232232244
256277305329341329290241201168149152174204244280308323326314296280274268
268268277293302305293268235207180168171189210238265293314317314305299296
286277268268277286286274259241222207189183186204232265290311326329326314
296277262256250259271277280274253229204177165165183219259296326347354347
320286259238232238253271286296290271241201165143143171216268317354378375
350305265232207204216244280311323314283235183140122131168219283344387405
396354293238201183186213259308341357338280219162119110128177247323384424
424393332259204165158180226296347381387354277201137101101140207290369427
451436378293213158134140180247329390418402338247168110079097155241332408
457460418329232158110097122189280363421439399314219143091082122195286378
445469445378268177110076085134222320396445442390290195134097113165241335
414460460408311213131073058088162253357427457436369274186131116146207286
372436457433366262171104058064104183283372430451418347262192155155192250
320390436439390302213146091064085146219302375424436399332256204183195229
280338387411399341262189137094088113158226305363402405375317265229213222
244280323354369350296238183137113113137177235290338372378360323290262244
238244268305329338320286247204168143137149180222274317350363363347317280
250238235250271290305308293268226183152134137162204253302344372387375335
286244216204213238271299320320296256207165128119143192250308360399414396
347280229189174186222274320350357332290229168128104119168232308378427442
418357268198149131146201268329375393369302219146097085110165238329405451
451405320226152107101128198286363408418381299207137091085122189280369436
466448378271183110079091140229323396439436381286192125091104152229320402
457460411317213131076064101171268360427451424350250171119107131189274363
430454430357250165094064079131219317396445451405320222158131140180244323
393436436387296201131079073113183265354414445430369280210165158183226290
354402421396323238162110085104152222302366414427393326253204180189216259
308363390384338262192143107107140192253323375399393347290244216213219244
277320354360335277219171134119134171219271323357366347305268247238238244
259283305323317286241198158140143168195232274314335341326299277265259259
259262277286293283259235204183171171189213244277305323326317305296286277
265262268274277277268262247226207189186195216244274299317329332329317296
274262253253256262271274271262244226201183177198229268302326344354350326
293259238226222235253277293296283259222189165162183216265305344369375350
314268229198183189213256296320329308268210171146140168213271323369390384
341286232183155149168216280326357357320262204149119122162222290357396408
387326256186134110119162232308366396381323250177128107119168244326393427
421372286204140085076110177268350411433399323232158110101134198283366424
448411335235149082046061110204317396448448399302207143107113152232332405
451445384277180097037018061146256354436472451384277198134107128186277366
430451414326222131061012018076177280390457475436360253180131125158226308
384427424366274174088030015046113201311399460460411329244180149152189253
332387408384317229149085043037082149229320390433433390320244195177180207
259320363378350286219155104073079116168235317381411411375320268229210207
222262311341350323271226177140116119140186244305354384390372335290253229
222226250283308320311286250204177152143155189238290335366378372344308268
238213207222250277299305302280247204168146152183222274323360384387372323
268216186177192229268302326338323280222177152149174216268320369399405375
317247192152140155204262314347369350299232177140125146192256320381418421
381305229158119107131192268335384402378320244183143137162207274347402433
418360265189125088088134213296369418427393323235171140143174232302378424
436399308213140085073107168247338405442430378296219165146158198265338396
433405341244162101064076125204296375433448418350262198158152174226296363
408418375280195119067058091155244335402445442396317235186162168201253320
375402390317226149088064082128198280363418439414354274213177171189229286
341378390347268186122082082116177244317381424418375308247204189195222268
317357369344283210149104091113165222290347390405384335277238210201213241
286320344338293238183140119116146192247302350378378347305268238222222232
256286314317302259213177146134146174213259311341357354323293265247238238
241259274286290271238207174155152168195226265308335347338314290274259244
235232238256268271262247219201189183183198222265299329338332323299274253
244232226232244259277277265250229207189180189222265308332341344332314280
250219201201210241268290302299280256219192180186222268311344363369354320
271226186171174198241283317338341305262207177165183226271323363387387357
299244189146134146192253314360387378332265204168158183229286341384405396
347271195131101094128195277350405424396332253195155149177232299366414427
396320226146082055073128210308390442448408326238174143143177238323393433
430369268171091030015052128232344421475466411311219155134146195262338405
439408329219125052000000055143265378451485460396293210152128143195277363
418427381283183097024-12006079186293390463485454381277195146137162222302
378414411350247155079024003043122210305399457466430357262195158152174226
302363390369308222143076033030070131213308390433436399332253195165162180
232293341360341280207146094067073107158226311372408408375314253204174168
180219265308326317271219168125107107131177235302357387390363311259213183
171174201241277299299274238198158137128146186238296344369366341299253210
174152152174216259290299290256219183149137146180232286329357363341299244
192152128125152204253293314314280241201162146155183232286329360363338290
226174122091094131198259314341341308256204165143146177222286335363366329
268204140091073085140216286338366366323268216177152158189238299344369357
311238171110067067101165241320375396375320259207168155165201259317357369
338271201128073055079134210290357399405375311247195171168189226280332363
363308232155088052055094165244329384414402354283235189165168192235293344
366344271189119067049073128201280354402414387332265210177168180216268320
350354305232155094058058101168244323381411411372305247201180177195235290
335354332268198134088067082128198265338384405384338274229195180186213256
308335332290232168113082076107162226296354387393363311256216192183201232
271308323305262204152113091104143195256323363384375335286244210195198216
247283302308286238195149119116140177222274326363375360317274241219210213
226250274296296274232192155140143168195238286329360366341302265238219213
213219238259277280262232201177165171186213253299338357354326290259229210
198201210229256274283274256226204186183192216253299332357354329296259219
192180180192219253277299302286253216192186198229271314350366363332293238
195165152155180222274314344347320271226195189201232277323363378375335283
222165128110125168229296354387396360299241204195210247296344381396387338
265195134091082107168244332399436433381305241207192201226283338387402384
329241158091043043076146235341411454448405320232183168180222274338387405
375302204113040015037091177283384451485463408317232183168177216283350405
418384290189104033006027104195317414482494460384280204165158180232311381
421411350247149073015003049128229335418472478442369268195152143168229311
375408396326226137061018018067149229332414463463427350250180143137168232
314375399375305213134070040049097165250341414451448402323235177146146174
235311360381360296219155104079097134201271354411445442402326250195171162
183232299344369354302244186146131137168219286347402424418378308241195168
165177213274314341341305262213186168165192229283344390405390350293238189
162152162195241286323335317283241213189186207244296341375378360320268213
171137134152192244293329344335308271232207201210244296332363363341305253
201155128122140192250305344363357329286247216210216247283320347354332293
238183134110119152210271332372387375338293256229222229253286323350360332
277216162119110125171235296360396408384341286250229219232259293332357354
320262198140104097131192259326381411414390347290247219216229265314347366
347290226165116097107152219296363411433411366302253226216219241271317357
366335259189128088088125177247323381424430402341277232207198210241283335
363354299226162110082097143210290357411436427384317256213201207229271320
357372341271201137101091116174244314378418427402347280232201192198226277
323354350302226158113085094137201265335387418414378326262216189186210247
296332344323271207146107094122177229293354396411390344280232195183192216
253299329335302247186137113116149195253311366399402372314256207186180195
226265299323323293244189152131149180226277332375399393350290238204189189
195219259290320317283241198171165180204247293344378390372320265219189174
177189216256290314323299262219198189204232271314357390393366311256210171
158162186219253293323341329293256213204216238277317357381375341283232189
158140146168207259308344360347314274232216216238277317350372360326271213
162125107113143192259323366390372332280241213210232268308347363360326268
204140091070088134207286357414439424372299241213213232265308347375378341
271192122070049076125207302378439457439381296229198189213253305357387381
335256171091037018055122222323411466482451384286207171168192244317372405
402344253155073018006052131235341424485488451369256183146146174235314378
414405341235134052003003058137247350439485482439338235165128128165232320
384418402329219128055012024076168265366445482466418314213149119122162232
320387414390314213128070043061119189283378445472451390286201140113119155
232317375396369293213146097079107155222305381430442418357265189137119125
168238311363381357293229177140137155195259329393427421384311235177143137
152195256317360375354299244204189192213244280341390414399354280213174152
152168207253311344363344305277253235226229241280329366372350299250204168
146146168201244290320335335314293268250244241253280311338344323280241201
168149152168201241290323341341329305283262250250256271302320326311271235
195162143137152198250299338363366347320290262250244253271293314323314280
238195158140137158207265323366384384357323283256241235247265290311326314
277229174134116125168222280344384399390350299259235222222235256293326335
314259192134101097122174235302360396402378329274232210201207229265305332
332290226158107085101140189256326384408396357293244207189189210247299338
360338280207140094082110162226302369418427396341277226195189195222271329
369375326250168113085088128189262338396427418375305241192168168192238296
344372350286210143091073097149219293360414427399338259204165155171207259
320363372335265189134094094134189259332393427421381311241186155152177219
280335372363314238168128107125174229293354405424405344268201162143155186
232293341366347286219168137134165204259323381418414375302229171140134152
189241302341357332280226186165168195232280341381396381323253195149128134
158195241293332344320277232198180189210247296338369369341283226174131113
122149195241283317335326296259222207213232262296329354354326268210158128
116122146183235286323344344320283250229222235259290317335329299256207155
116097104128174235296341366375354317256235219219247280308323323299259207
152094067070101158229299354390399378329271219195192213247286317335323280
216146085043043076137213299372414427396338262207177171189232283335366357
302226143073027027067134226323399448448414338247177143140171232302363390
384323226134055006012058131235341418460454405314213146116116155229320387
414396323216119046009021076162271375451478457393296195122094104143229332
402427399317207113043012033097192296390451466439360244152085070088149244
341405424387296192113058049085152229332408457454405308201122076073107174
262350405411360271186122085094137189265347414442418350247165107082091125
192274347384381329250186140128152186229283347387396363293213149097088113
152216277326344329283238201174177192219253299338357347296232177131107110
134171219268305320308280253229216213219232256290317326302256204165137122
131149183222259286302296280265253241241238241253268290293271241201168146
137146162189222256283302308305293277262250241238250262271274265247216186
155140140158183222262299320326320299277256241229229238250262268265250222
189152128125140171213262305335347335311277244219207207219244265277280262
226180134107104131171222277326357360341302256219195186192213244274296299
268216162116091094131186241305357378375338290241198177171189226271311326
314265201140094079097143207280347387399381326262210171155162195244299338
350314250177110073067107168238317375408405363290219168143137162210274335
369357299219149094070088137201286357405427402341262189146128140183241305
360384354274192125079067104162250323393433430375293201146113113143201274
344390390332247165110082091140210286366418433399323235162110094110155226
305369396378311229158116107134189253335399430418366271189128088094122180
256335384399363286216158131140177222290354399411378302222152107085097134
192268335372372329262204168158174207256311363390384335259189134101091113
152213280329360357323274232204198207232271314347360344290226168125104107
125165216277323350350323290253229219219232262296326332311265213168128107
107125158204253299329338329305277253232219219244271302311296262222183146
119107116143189244293335360360341305268238219216232259283299305290259213
162116091094125177238305350384393369308250207186183204238274311329320274
207143091064067097158238323381414411375299222171146143171219280332366350
296213137073030030070143238335402433424372274189134107110149226305372402
384308210122055015021076158265366436457430360250158101073085140232332402
433396311201116049021046110201320418469469418323213125067052085158268369
427436390293189101046040082143250347424460442372253155082043049101183286
375424421360265171104070085134213299381436445399305201119058043073143232
329399427405332241165119107134189259332393421408341244165097064073110177
262341393402366296226177155162189232290338378387350277201137091082110152
210286338372372326271229198192204226259296332350341308244183140116116143
183229280320341332302268247226226232241262286308317302262216174146137149
171204238274302317311293274259253250247247256268280283268241213186165158
165180201232259280299305302293280265256247241244250259262256238222204186
168165168192222250277293305308302283253235222222226238241250256256241213
180155149149171204244286314329332317280253226210207213238247265277277256
216174140128134158207256296332354344314268229195177174192226265296311302
262213162122110119158219280335366375347296244198171158168201250299332335
308250183134104097122180253317369390378332274216171140134158213277332360
354305232168110076079125192274344393399369299222165116101113162238314366
387360286207134079070088146232314381414408357271195131082088125195280347
396402360280201125082094140213296363424436402320216134079067097165247338
399427402329235158104094128192274344405433414344247155094052061107180271
360414433393311213149110116155222302369411418378286189116058037061119213
308375421418363271195149131149192250320375402390326229149091049055097165
247323381408390323253201168158180216271329369378347265192137088064079119
183253320363381360317268229198195207238280323347350308256201152119110119
152204262320357369363338299271244235241253277308326329302262222183152131
137155192241290329354363354329290262241232238253277299308302283253216180
155140155189232280326357381387363320271238219222244274296314326326305262
207162134140171226283338387414418387332280226201195216250293329360366338
280210152119116149204268341399436436390317232168140149183244314372402396
347265192128094097143210302381442457433360259174116097113168253338405436
414347253168104073082134216317399454460405314216137076049052149247347418
442418338235158101082113168259357430463451381271177101049046091177280372
418442405317222152110101104195299381433445408323213131067037064125210335
405442436378277198149128134183259335396424414350256165097049055104174274
363418436408338250189149146171226296354396405372290195131079061091143226
314381424421381302238192177183213253311360387375317238171119094107146198
265332381405387338277235210204219238271308335347323262204155125119140174
219274326360366341302265241229226235253271293305302274229186155143149174
198232274314338338320293271259253247250256262274277271256229204186177183
195216241277308323323311299290277265256250247253262265259244229219204195
192195213241271299314317314308290274256241232229235244253262262256244219
198183180195226259296317329329320296268238213201201216241265283290280253
216186168165180213256296329347347329290247204174165177207247283314323308
262210168143137165210268317357372366326268210162137134158210265320350357
317259201152122128158219283344381390363299213152110097116171244317369390
372308235171125110134186256332384408393335247168107070076119198283360408
421381302216152110113146213296363411418381302204128055037073140229326399
445445384290201131101116165250329396430414344238149064012021079162271369
433463439363259171119107137201277360408427384302189094027-03030097198305
390451466427335238168122119152222308375411405341241149064009006058131222
326405454454405311232168143149186253326375396375302213131067027040091165
253338402439430375299232186168177204262317357366335262195131085067085128
186259332381402387350293244201189189213253299326332302247195146113101116
143192247308350372366335299256226207201210238271296302277244210177149134
137165210259308338354357341305265226204195201226253277290286274250213180
149140155192238296332360369357320271219183165168195232268299320317293250
201162143146174226280335372387372326265207155128131162213271323354360332
271210162131134168216286344390405387332253177122091101140216296357396399
357299219168134137168229299372411418363286198128079067104171259344405436
418357268201149134155195268341405427411344247155085052064122207302384439
451418344256183140143171232308369418427381296204119058040082155250350424
463454399314232177149158195262335393421396320238152082046061122198293381
442463436369274207171165183229296357399399350265180110067058101171253344
414451448396314244201180183207244311363387372308226162110079088140207280
360418439418360293241204192201226274323357366326259189134101097128177244
314375408408369314265229207204216250290323341326277219168128116128174219
271329372390381344299262241232235250271296317323308262216174149149168201
244283332363375360323290259244238241253268283293290274241213189174174192
219253293329350350341317293271256247247250256265271271262247229207201198
204226253286320335341329308286265247235229229241253262265268265256235213
198201226256293320335344341326296262235213204210222244265286302302286256
226204201216250290326350363354329290247210180171180210247293326341338305
256216192189210250293338369375360320268219174140134155201268323366381363
311259216186183204253305350381390366308241174122097110149216299366411418
384311247201174180210265326378402399354271198125076061091162247338411448
442390308235183165177219286354402418390305207134070033049101180280369436
469454393302216165149168216293360405418381290183094030012049119210314402
469491460384283204158152177235314375414411354250140055009018076155253350
433485488436344250180152158201271338390411378302204113040009040104192283
375445478469414314229171152162204265338384396350259168088037030067125204
293372436457439378286216168155168210274329360363317241165101064061097152
216293363411430405354277216177165171210259311338341302241183137110104128
168226290354390405390347280229189171177201241286314326308268226186158146
155183235293344378390375335283235192168162180216256299317314293256219183
162162183229280329363378366326274226174143137152195247290323335323290247
207180171189229277326360378363317262198146113107131177241302341363354317
268219183174189222274323357378366320247177122091094131195262326375399387
344280229192180192229280329369378357293216146088067082131207283360402421
396341274219186177192229283335369375335259183116070058094155235317387430
436402338262210186183201244302347375366299219140082049058113195283360418
442421369296235195177180210262317357369329253171104055046082149229320387
430436399335268213183171180226280335363354293219146085052064116189271347
408436421378308244204180174198247305347363329259186122079064094149219299
366414427405354283229192183195226271320347344296232168113085091134192259
332387414414381323268222195192207244296326338320271213155119107131177232
293354393408390344290247207189189213256296323323293241192149131131158201
253305350381387369323277241219210213232262293308302274232195171162168192
229274320360384381354314274241219213222247268286293290277256232207192195
216250293335369381375344302268241226219222238256274290296283259235213204
213235268308338360366350320280247216195189198219250277296308305290262232
213216235271314344360360341311274232192168162174201241283320341344323283
250229222241271314344366366347311265207162134128146189247305350378381350
299256226219235265305341366369350302244183122091091122183256329381414408
366308250219204213244296335366369341277207134076049055104180268350418448
433381305241201189201238296350381381338262183107049018040104198302387451
472445381293222180174192241308366390384332232152067006003058152256354433
482482433341247183155158195262335384405378286201113037-09006076165271366
445488478430332238171140140183259341396414378290189097027000024094189290
381460494475418311222165143143195274354405414372280189104046027058125207
296390457485463393290204149128134168256329378387344262180110061046076134
210302378436454430366274195140119125186253326360363317247180128097094128
183253326393430433399323241174137128152201259311341347317262213171143143
165207274341393414402360296229174137125137180235290323332317277241210189
183198229283335372384369326271216168131119128165216268305326323299265235
207192192213259311344350332290238183134101088107146198253299329338323286
247213201204222256293317326314277232174122088079097149207265323354363341
302259226207207226259296320326308271216162116085082110165229296350384387
363311265232213210222256293320329311265204143094073082122183253323378402
396357299247216198198219259299329338311250183122076061091146216296357402
418396347290241204189192219268314341338296226155097067070113174244320384
418421384320259210186180198238290326332274210134076052082140210283357408









