MUMBAI                                                                          
1958
000000000000000000000000000000000000000000000000000000000000000000000000
249234228243261282307319313292255215173142124118139176221276322346352331
292255234224234255282304316316295258221160121099099130182246307352377374
337282240215203212237267304325328301255197136090069078121185261337386407
389331264215191179194224273322346346313249176115060042066121197292368413
429395328252197164157179221288346374368319234160087042032075142240340410
456450404319234179145145182243322374404386301209127060026045106197307395
465484453377270197145127142203292368413426380285188106042023063130231334
420477477429337240157109096127197301371420426365267170090039039096176276
374444484471413307215136096096133221313389426420346258164099066084139209
313395459480453380270185112081093148234325392416398325237160115099124173
246331401450453407319228145087069084145243331374383352288221170139136164
215282356404423404346267191127087081115173249316356371346304249206182179
203246298356392395371313249182130099099124173234292331349349331292252221
212221246282325356368356307249191142112109124160209261310343362356328285
252231224234258298331346340304258206154118099103133185243304346374374346
298255228212212234270307337343316270212160115084081118179252325377404398
352295249215194194212255307340352328276212148099072078115188270349404426
410362292237194173176206264319359371340282215145087063075127212310383438
447416346270206173160173212276340380386346270194118072060090157249343413
450447401319240185148145170228307368398392325243160096060069118200295380
435453426359267200151130142185255328377404371292206136084069099167255343
416456453404322237176139130154212292359395401349267188124084090139212298
377435453432371282206151124130170243319374398383319237167124112142194264
337404444441398316243176136130154206276337377389352282209160136145182237
304362413432404337261203151130139170224285343368356304243191164160185218
267325383407398349282221173139139164200255307337346325279234200188194218
252298343383389359304249200160145154179212258298322331313276246224218228
246279316349365359325276231188164154160185218258288304310301282264252246
246258279313337343331292252212182160157160179209249279301313316307292270
249243249264292307316307279249218182154145142160194231267304331340331301
273252237237252273295307307292267231188148124118136176224276331365377352
307261234218215231261292322328313276228167121093093124179243319377407404
362298246212194194218258310343356334276215151093063069109182267349413441
423365285218170154167203267337380392352295215139072039048099185288386450
468432359258185136118136194279359407420377288197112045017045112209328413
468471420319218136087075106188301380432444380279176090029014066154267383
465505484404282182106060063118215334413456444371255154072026032096185310
410477502453356237145069035051118234346420459429349240145075048075136231
343432480474413301197115045023060142258377432441386298209139099096136203
298383441459426340246157087045048106194295359401404359282206154127133170
231310371404407365288215133075063069121188273340380383346288234197179185
209252307352377368325267206148106087099133194261313343349334304267234212
209221249288328346346307267215173139121124148191246295325343343331304270
246231228237267298319322301267228191154133124142182231279322349365352322
279246228215218243273304319313285249200157124112124170221279331368380368
322273231200182188221264301319316295258206151106087099151221292352389395
365313255203167157173215273322349352322261194136093084112176255337392420
410365295231179151151182234301352377371331261185127087084124194282359416
435410356270194151130145173252328380401383316237164106081099157237322392
429426377295215160121112136191270343392401352273191127084081118191270356
413432401331243173124099109151218310368401386316228157103081103160237331
398429420368276197139099093124179267346392401359279203136103103145212292
371410420383307228164112087103148231319371395383322243179130112136191258
337389416398343264194130099099127179288334371383352288221167139145185231
298349386392359292218157109096112151212285337359352313255206173167188221
270325359371352298243185142118121148194255316349362340298258221206209228
255295337359359325276228185151139148176212258298325334319292258237228228
240261285316328325292252209173151148154179209249285310316310295273252240
237243258282298304298273243212179154148151170200237273304322325316292264
243234237246267288298301288261231191157136127139173218267310340356349316
270234209200206231267301316313285246203154115103118154212276334377392374
316255206176160173209261316346349319261194136090075090139212295368416429
383310231173127115142197273337377383343264182112060042066124212319398444
441380279194124072066109191301380429429374264173093035026072151255362435
468435349234142063020039109215322398444429349240136060008014078164288383
447474395292179087011-13026103218340420480447356237136069035066136240359
441490477395267157069002-04054148285383450468423331215130075060099170273
371435459420325209118045017020072170288377432435377288191127087090127197
298371416416368270170087042032060130224331398447444392301224173154170203
270343401423413359276191124081075103154237328383410404359295246206188191
231267307346371362331276200157121106124170228285337368377352322282249231
224231246282313331334307267221182157148151173215267313337346337319295267
240221215221246273298307295264231194173154148160197246304337352349334307
270237215200206228264295313310288258215179148139157197246292331352362343
301249209182173185215255295319325307267215167133127145191246304349377383
346292237185160154173215273322349349325252191148121121151206276340377392
368316252188145127136179237304349374362310249182133109118160221295359395
398359288215157118106121176249316362389356301221160115096118170243319371
398386319246176118093093133200273343389413368288209148118124160224310377
420423395304218151106084112179255337389416395328243176130115136191267343
398420392334240160103075087136209292356398401356279200142112118157228301
365395383325255179112069063096164243322371398380319240167124109133188261
325371380349276197127078054075118194273368398392343270206164148160200255
316365383362301228160109081093130185252313359380362313246197170164185224
267316349352319261197148109096112151206285343377383356301252215197203221
252298334349337295237188151127130151194240295337359356328292258231221221
234261295319328313276228188157142145167200243288325343343322292264243231
224231249276301310298273234203173157154167197234279313334343331310276246
221209206228261285301301282252218185157145148176218270313346362356325276
234200185182203240279313328319285243197154130130160206267325365389386346
276215170145142182240301340368362322276203145115109136188264334392426416
349264188130099099145215295359398404365276194127084078115188270356420444
416328218139072039054121215316389438432368258173109075081127215325410465
462398285176087026011054145264368444477444365249154090060078142240346416
462438349228124035-19-19048148270377450496459356246154096081109188288389
462484435325218112029-10011096203331420480490432325224145093090130203313
389432432371264154075014-10032112224334432484477420319224164127130167240
337395429416343249160087042035081160255356416438429386298228176157164200
258325380392368307231164096078087127188270346395416401352288237200188191
218258307343352328279224173136124136160203264328368383368334295255231215
209215240279310322310276234197170154160179221267313340352343322295264237
215206206228258285295295279252228200182173188218264310334349343325298261
228206191194209240273298304295276237209188176188218261301331346349328292
252212179164164188237279313331316285249212185170176206255304340359359328
279228188151142157191246301337349334288240191164160182221270322356374362
316258200154130133160209273328362368331292237188151151176218279328365374
352292224160109090103145209276331368371331264206154133139176228288343368
362313243179118081081115173243316368407389328252194160148173224295352389
398365288218142096084106167246322389423420371288218173154160197258319368
392377313234157096072087133197282352407429401334252188154148170218288352
392398349264188118075069099160234316377413416371295218170142151182243316
359383362295221142090066078121188261334386407386328255197157145160206267
325359359316243176112075069093148215288377420426389322258209182182206252
313359380359307237176133109118154206267337389416410365301249215200212237
282328352362337285224173139130142179234285343377389377337288249215200209
231276316334337307267224182151145160194237301349380392380343295252228215
221240273304328337319285240203179173188209249298346380389377343295255218
203206221255292322334328310273231200179176203246295340374389383349307252
206176167185231279322346349331292246203173160182224279337374392383343282
215160121115148203270325362377359301246206167154170212273337392423423374
295212142096087124191279352407438416340285206157136145188252331392432429
362264176096045035081164264356426456432362273191133112127179264346404435
410334231130045002005066170282377447465432346252164112093115176270359410
432392295176075002-32-04075173307392459474413313215139093084109173276356
404401337237130042-29-47005087194313404505496435331240170127130176249349
413447426346240142069020026090179288389459490468404298218160136142185264
346395410380295203127072042066124212310386441465447386301231182157164197
270334371380340276203145103087106154231301368407416389334264212173157167
200252304331331301249194148127124145185237310371398398365307261221200194
203228264301319322295258221188176173191228276325359371362331295255221200
194197215243276292298279252231212197194197221270319349352337313285258224
194179179197231264288301295279252224206197206231270313337346331310279237
203173157164188224267298319316298270234209197206231267304331343340313273
228185154142151182231282325349346307279240206194194215255295331346340307
261212164127112136173231288334359352310261215188176188218255301331343331
282224164118090093130191258313359374356295237197167167182218264310340346
307246182121081069093145215288346380380340273215173157160194234282328349
334276206136081057063106167246319371389368307240185148133142182240301349
340295224160087039029057121194276349395426392319246188157148173224288346
377371313231151087051057096170249334395429420365282218170145148182243313
362377340264188112057039060118197285359404426398334261200160142151191261
325362356301228154093054051081148221304374410416374304240185151145170215
279331352337273206145090066075118182249319374404404356288231182154151179
231288325337310267209151109093109151203270340383401389340276218179154154
182240282316328304261212160136124142179231295343380392377325264203164148
154185228270310328316276224176148145157209258310359389395371316255203164
151157191237285316337331298258215185176185212255310359389392365310249194
151136139167221279322349356328279231194173176200249307352380389362304234
164118093099139206273331371380352295231185164160185237298346377383349285
209136075051066118197279349401410377343276215179167179224288352398413383
301215136069039051103191298380441468438365279215176160179221292365413429
389298197112051020048115215325404465474438362267197157148167221298365407
410356264160075014-01042121224334413465462413325246182142133160228316383
426416343237142069020020072157258362432471459404301215151121118151234313
371398380301206115048017032093179276362423450429362267191142118118154231
310362377337258173103054042072130209292368413423389313234173130112121160
231301337340295218151096069072121182252334395429426377310240188157154173
215276322346343298243185142130145182228285349392407392340282228191173176
191234270310325316279231194167167179206252301352383383349304258215188173
176197221255285301301279246212197194203231267313346365356325282249215191
179179197221258285301304282261237221215215234267307340352340307270237206
182164167179218255285307316304285258234221224243276310334343331301264224
191170154157182215264304334346331307273243228231246270310331340334307270
224179148136139173224276322356365346307264234218221240267301328340331301
252203154118106127170228298346377380352298246218203206228261298331343328
279221164112087096139194264331380404383334273228197188197221273322349362
325258191130078066093139215295356401410383322252197173173197240288334352
349301234157093060069112179255331392423416362292228182170182212264316356
900
900
900
900
900
900
900
900
900
900
900
900
900
429368255148069054072124215307413465480468413322234185164167197258343410
441407331221133072060084145231325420474493453389292212170145157203279362
420429380288191121081072112167246343413474468420340252188157154179228295
368407404352258167112084103139212292368420450438386298228176142133157209
288352377359295224160106093115160218282356401413389325255191145121133170
234288328340313261209154136133151197249307349380392359285228173139136154
188240285322328301255209160145157185218276331374398386337282231185164167
182212258301328331307273237215200206221252292337371386362316261212185173
185203234261292319325322298264237228234258292322349368368337301261221203
194206218240273307331343331310292261252264288313334349365356343301261228
188176194206240276301331337334328307288264258267288316340349340319279237
200173164182206237288328356374362334298267255255264282307328343334310270
224185151136151194249307349383392377337292258240240252276304331349343316
261209157130127148194249319374404407380328276231209209231267310343356343
301243179127084093136197267340392423416374307240197179194228261313346365
346292215136078060081133203282359413429432368285215179170188231295352398
407352282188118072069099167252346420465465426343255191157154182237307374
416404343249157096057066112179273368432493480423328240170139142185255337
410435410331237154103081093142228322410468484456377270188136115133185273
356420432389292200130087075109173246337413453453407322221148106096118176
267352398398349267179118084087124188258377441468450386288197130103112154
228307371407395346273203154136154191240310374420435404325240164115093106
142209279337371362319264212179167179200228285343380398371310240173127103
106136191249307346359340301258221206200221255301352386392359298240179142
121130160206261319356380374346304264237224231255292331362374352307255197
154130130157200258319365395398374331288252231231246270319349368365322270
203145115112136194252319371404407383334279234209200215249295337371371331
264191130096084112173249322386426426392334267221194191212252307356386380
328255179118078081118191276356416444429383307240188160160182240310368398
383325234151090063078121206288371429438423346270209164145151191258331383
401374298209130075057087151240325401435435401319234170130124142197276349
392395346264173112072075118191270356420438420356267200142115118151215288
352380365295206133084072096124215307398441450416340258188142130145188255
328383407377307221160121115145197258331392426420374295218160130127151203
264331371380337267194148124133173221285346386398374316246185139124136173
224288337362352304246194160154182221264337383401398352285224176148154182
224276319352359331285240206194203224258292337365374356304246194160148160
188221258301316322301273240218212215234264301337349346310264221185160154
164197228258288301307304279255240228231255273298316322313288255215185160
157173197224258282307319313301273255246246258273295313319313288252215185
167157170191218258301328349352319288258243240243264288304316313292261218
182151139151179221270319352371365331292252224224234261292316331331313276
224176136127136179231292359401407392340288240209203221252288331352343325
273212148106093121170240307377413416395331258203173167191234295349374374
331264188124084072112170252331395423426371310234173139142179237298349398
398325243154103057054106179267356423459420346264185139109109170246322389
432392307203133084045057118194295377465477441352234148096081112185285380
444456410316200124069054087164255356435477471410301191112060063109203307
395441441395279194109066072118200288371447468453380261167090054072133224
334407447435374285188127103121173243331401447459429340231145084066096167
252340401432413356267197154136164203255325389423432392304212145087075103
151231304365395389349288231191176185209246304352383383340273206145099093
112151209273322371371331298252218203203215240273313337340313258206157121
109124157200255301328337325307276246218209209224255288313322310267221170
139121121148182221279362365349322285246212191182194215255285307301273231
176133103096115154203301374380365334292255221191185203240285328343337298
246191130106106136194258328380404392352295237194170167191234295346374368
319249185127093096139206285356410423401340273212167148154185246319371392
368298231157106084103157237310383423423380304231173133124142197270340389
395346267188121081081115179261343401441420356270191139115130179249331386
410398337258182124099121142252331398435432389310221154109106142203276340
392404362288197130093093136200273349392407386319234164109087106154221304
356386377319246173115103127170240313371398392343267185130087090127188255
322368380349279206151121130164231298352401420398331252185136121136170224
295356392398362292228182167182221258304352386392362292228170130124151197
252310352377371331276228197188206237270313352374368322261206164142145170
215261310343356343307270240218215231258298334349346319273221182157154173
203234273313337343325295267246240246258273295319325325304264228191173167
185212243279310328337328307285267255249258267285301313316298270234197179
179188206234270307331346343328301273255249252258276295310316310285249212
182167170188218264304340359362346310270237218218237261288316328325298258
209167139139164206261319368392392362307255212185185206246295334359359325
267212157124121151206270343395423413377304234182157154188240310365398392
343273194130093099142212295371435456438377282203139118130185258346407447
429365264179112081099151234337423474480438340237151078060099179270374441
459435352237151075060087160267362438480474420298185099035032078176288389
453465426331212130066054093160255359474487453362237136051017039112218328
426477471410288185118081093148228322398459462410307191099026005048127224
349423456441371258179118093118167240328392423413349249148069020020072142
243337404423395328234167130121145188252349398420401331249164103069087130
197282356398420392340273221191185200228273328362377352301237176133112121
154209270334371383368331288249231218215231255298328340328288243200160139
139164203261310340352349331304270237215209215240267292304304285258221185
154148160197243285322343349340307270237203191194215249279304310304279243
194154136148188240288334359368349319270224188167176206246288325340331298
246194151136151191243307343371383362316255197160148157197246301349371356
307252191148133148200261328380404395356292231176145136160212276343386395
359295224170133133164224288352398413392334261194142121127173237316377410
404352276206154127142191252325386420413368288221157118112142200273349401
416389316243176133127160218282352398413383310237167112084099154234307374
407395343261188133106118170237310368407398322246176115066069112182258337
389401365295212160118115145200270334389410374307231160103081103170237322
380416416374298224170142151191252319368395392346270197142081075130185249
285356401395340264206167154170215270322362383356298224173103087103139194
246322386389362301243200176176206246288331365362319264197148112109127160
209279343374368331279237206191200228267310337343322276224176142133148182
224267313343356340307270234212206215237264292313313295261215179151145157
185218258301328337325304273246224215218234255276292295285258228197176170
173191218252292319331328310288258231212206212240270288298288270249221197
173167176212258301334352356337304264228203188191221258295319322310282243
200164148164197246304343374389365322264209173164179218270322356377368328
270206167154173215267328386410413398337264197154145167212273337392413416
359270194148130151200270349407447444401313215139096093130200288368435462
438352246170118106136200282368435468450386270164087039045103197292395462
477429340221136084081121197288371432447410313206099020-07-04078176301389
438450389282185109060060118194295377423462404295176081005-13032121224343
423480453380273182115096099148234325386444432352240145051-04005063139249
346423456420352264179127115124167255325368404383307215130057020042096173
276359420432392325249179142133145182261322362368340261191121066048075127
203288362401404365298240191157151164197252295328328292237182133103096115
160212285337362359325288243203179173179200237273298301276240206170148139
148179224279325343340316288255228203188179188212246270282276258234206179
157151170209258304322325310285258228197167154164194231261285292285261224
188167160173212258301325334325301264224185154142154185228267301316310276
228191164154173209252298331346334298255206157124118139179231292331343325
279228182154148170209261313343346325279218164121099103139197264325362359
316255203160139142170221279328356346304246182127090078099154224301356377
356295234188145130148185246307346356331273206142090063075118194270343383
386346279215164133133167218282331362362322255185118069054084148224316374
404392340267197154133148185243313352368340288212145093057072112191273352
395404377313240182148145170215279334362359313252176109069060099154237319
386410398352279215167145157191249313349365356282206139081054078130197285
359407420383319249191157151176218282334359359316255179118081081118173246
323378411402354290235195165168195241296335347335283222162110091107149204
268332375393378332274222186171180216256305329332314262207152119113134177
226283338369378354311262222192180192222259293311308283244204165137137155
192238290332360363341299262226198189195219253280296296277253219189168162
174204244293332354357338308268232201189192216250280299305299274247216189
177183213253296335354360344308265219183158162183226265296314317299268232
192171171195238286329354369357320262201149122125158210265317347363350302
244192158152177222283335372387369311244171110076085128192271341390411387
326250189146137162210283354396411384317226143073033046104192293378436454
421338247177131122149210296372418436399305195107030006037107216332421478
482430329232162119119155235326399439436375271168070006-15030119241363448
500488430314216143110116165247338405442427347241134046-09-12046143265381
463500478414293201134104119168253347405436405317210116037-09012094198308
405472491454378274192134122140195290360405421378290198113049024055125222
326405463466430350259189146137155210286354387390341268189122082073110174
253338405439439393320250195162155174216274326354350308250192146122125158
204274344390411402357299247201180174189216265302320320286247207177165165
186226280335372381363323280241207183177183207241274296299286262235213198
192204238286332357360338308268235204183171183204235271293308308290265235
213207219250283323341347335305268232198174162165186226268305326329314283
250222210216238274314341347332305268226186155140149186232283320341341320
286244219207213238274317344347341305256201158134128149192247311347369366
332280232207201216247290329354360338290232174131110122158216283347393405
381323271222198195216253305344363357323259204149110091128180244317372408
411372311256213195201232271323354366354311241171119094104149219293369421
442418363283229192183198235293341372378341274195128082076104165238323396
439442399326250201171174204253317360381366305229152094064073122195277360
418442424366283219180165180219277335375384344271195125073061097155232320
393436442402326250198162158186238299350375366308229165101067073119189265
341408436424369293229180158162192259320360372341280213149091073101162222
296375418430399338268210168155171213268317350354320256192140110110143198
259326381414414378314250195168165186229283323344341305253201158143152183
232286347390411396354296238192168168189226274311332329299259216183168174
201241293347384396378338280226183158155177213262302326332317283244213192
192213250299347378387372332277222174146143162201256302332347344320277238
207198213247296344378390375338277219162128119137186244305347378384357302
247210198207241290341381396384335274207140097085104162241317381421427384
317253207189195226280341381405393341271189119067055079143244341414460460
414332256201180183216277344393421411350259171091033027070155259369448494
482427332250189158158198271354408436414350247158076021021073165283390475
512497439329241177146155201283366424445414329226137058012030097198320418
494515482402293210152134146204293372424442402314201110046018052131232350
442500506463372271192146134155213311381424433381293195113058049091168271
372451491488436344250186143137165226311375411408350268186125091101149216
305384451472454399317235180152152183241314363387369314247186140131152198
259332396442448414354280222180165171195247302335360344299250204180177198
235283341393424414375314259216189183189213253293323335326296262235219219
238268305350387399381341293250219201195201222247283308320317302277256244
244256274308341363369350317277241207186183195216250283305323329320302274
259253256280311338354347323296265232198174168177204244283317338347335308
280259253259277299326341338320290250213180155146162195244296338363369350
314277250241247262290317332335317283244195152128125149195256317363387381
347299259232222226250280314335332308268219162119097110152210283347393408
390338283241213207219250293332357354314268201143101091116168238320384427
433399338274226201195216256308347369357305241171113076079119183271350411
442430381305244195180183210268329369384350283207137079061082143219314390
442454421350271210168155171216290350384378329250171101055049082152241335
405448445393311232168134131165229311366387369302219140073043058113195293
375436460439378280207155131143189265341387399357283198125079070101168247
338411457457418332250183140128155207293357390387335259189128094101140201
283369427457439387299219165131131165232305354381369317250186140122137180









