MUMBAI                                                                          
1945
000000000000000000000000000000000000000000000000000000000000000000000000
320402460469430360268201158146162210283344381384332253168110067076116180
259338411448448402320238183152152183232296350378360305232165116097116165
222286357418442427381296229183165174210262317354363335277219165137137171
213262323381421430399338268213186180192222268317344344311259213180165180
207241286338381405393347283226189168168186219259290302296271241207186183
195219253293332360369341299253213186171171189219250274286286271253229213
213222247271305332350354329290241204180171183201222250277299308299280262
250241247259280311338354347317280244210183171174189219259293317329326308
283262253253259274302326341332305268226183146131137165210256299323341341
314277250232232241259286311323320293256207155119110119155207259314354369
357323280247222213219241277311329326296247189134091076094146219293357393
402378329274232204198213247296332357350305241174113076067097158247329396
430436399332265213186189210253311354375366305229152088046055101174271366
433457445393314241192168171210271335378396366293204128058024049116204311
399457475448381280213165149165207277347393399354265174094030015064140241
344430475472427338244174131122149216308369405399335241149073027030085162
265369445478463399323213149110110146222314375402387317226140073040061125
201308393454472445369271189131104116162253329384402381311222146097082110
171250338411460463421341244171119101119177256329375390363299226165131122
152204277354414442430381293219152113104122177250314357372347293238189162
162183229293360402414390329259201149113104122168232296341360350317268229
201195207241293344381390363308250192149116110122162216277326354360341305
265232216222247290332360363338296250204155116107119155213277332372387372
332280244226219232265302335344326286244189137097085097137201274341387405
387338277235207198210241283320338332296244183125082064082128207293363405
421396341274219183171186222274320344344308247174113064052073134216308381
424433402335262201165155180222286338363363314244171107061052088165262344
411451445405323244186152152186244314369387369305226149088061070128207296
378439457436375280219168134155198268335381393350274192122073061097168247
335405448445405320235174137131158216293350384375314232155097064073122195
280360418442421357268195143119131177244314369384360290210140091082116174
241320381421421378302226162119110137189268329360363317244177122094104146
201268332381399381320250186134110116155226290335354335283219165131131158
201253308360390390354286226174140134152204259308335341317268219186168177
207244283332366378360311253201162140146177219262299320320293259222204198
213235262299329350350323277226177146143162189222259283302302293271247232
229232244268296323332320290250210177155149162186222256283299302296283268
256247247253271296311314299274244210180158149162186219256293320332335320
299274262253256271286305314308286256213180140128137168213259302338360363
341305268247235235250274299314317296262216165119097104143198259320363390
390354299256219201201219259302329338317262204140088070082131204283360408
427408357286229189171177210268320357363329262186116061037064128216314390
445451418341253186149134152201277344384393350265174097037015052128226332
414466466418326229158116110143210302372418414357259162082024018067162271
378454485466399283189119079079128207317387427408332229131055009021088186
308402466478436341232143076049067131241335402430399314207122055024061131
226341424472466408299201119058043076152253344408430390302201125076067107
177277366433457433366259165097049049085168271347396408366283204143113119
162226308375418424381305216143088058070113183262332375384344280219174155
165192244308357384381338271201143097079094137198265320350360338299250210
192198216253299335350341302250198152122116122152192247302335350341308277
247229219229247274305317314290250207168140125125143180229280326350357335
302262235216213222244274296305290259222177143116110128168219283332363375
350308259222195189198226262296317308277235183137101094113158222293347384
390363308253204174165180219271314332329299241180125091085113174247326381
408399360293232180152155183235293338357341290226158110079085131201283360
408430405347274207162143155195259326366384354283210146101085107165241326
396436436393314229171134131162222299360396390338259186125091094137204286
369427448424357265189137116128177250329381402381311229155104088116174247
326393433436390302216152113113149213293360399402360277198140104110155216
296366418436405332244177125107125174244320375402384326244174131119149201
265332390424421366280207146110110146204277341381387350283213162134146189
238290344381393366296219152104088110162229290338363354311250198165155168
204253308350369354305244183134104104134189247299338350329280235198180186
207238277317341335305253195149116110128162210259305329329302268238219216
226238256280308320317286241192152134134155183216253290311320308283262250
241238241253274296302290265229198171152143149174210253286311326320302283
265250244238241253274286286271241207177152137137158192241283317335341329
299271244229219222241268293302293265229192149122116137180238296335366378
360317271229198186195226268305326323296244186128091085110165235308366402
411381317247192158149174222286335369372335262186119073067104174259344411
451448402314232168128125162232311375411411357262168094049052104189293384
451478454381265174107076094152244338408448436357238140076037064143241338
427469485445326210119061049085174277372442475445357232134064033076168271
372451494482405268165079021024085174290390457478445335213125079067116204
293396457478451357229128061015040107204323405457469430323213140101113165
241329408448451418311201113055027064116219323393445451396299207155137155
201262335396430421357262174110067067101158238311381408414366293229189177
192219268320363384372299232168119094101125171232296350375369335290253226
216219232262299329338320277232183149137140162186232283323347350338311283
259235222222244274293302290262232198171152149155180216262302332347344323
290253226213213226247268283286277256226186158140146177216262308341363363
335293250210195189204235268296311305280247201162137137162204259314360381
378341283232189168168189232280314332326290244192146125134168222283344387
399381326259201162146155198250305347366347296232174131119137180244314372
408408369293222165134131158210280338378384344271204149116116149207280350
402421399332250177128110131177244320375402387329250180134119140186253329
390427421372280198137107113155219299363402414378305222165128134171226296
366414430393317226155110097122177247329390418405347262189140128152201262
329390418405344253177119088101149216299369411424390314235174146149189241
302360399405363283198131091085119183253320375399390338265204165149168207
262323366381363302229155104082097140204280338384399372308244198171174198
241293338366363320253192137104094125177235299354378378341290244210198204
226262299329344332283229171131113125155201253308347369363326280247229229
238250271299323329308262213171143137149174210256305338354344317286268253
247241244256280296299280250222189168155152171204250293326335335320299280
259241232232244262274283277262235204174152146158189235277314338347338314
280247219207204216241265286296286259216171137128137171222271323354369363
323271222183162162186229274311329320283229168119094101140201271335381399
384329259192140113116155226293344375369320241168107076085134207290366418
433405332238155094067082143235323390424411344247158094061082146241338414
457457402296189104043027070155265360430463436350235143073055088168268369
439469442360238137052-03003076177296390463485439338216131076070119204308
396457469421314189101015-18006094201323418482491433323210131085094149238
332411457448384265158070006-06046128232347433482472411302207140110128180
262347405430408332226134064018027082158250344421460448393296216158143162
207271341381399369296216137082061079125195277354405427411363286226186180
192226274326360363323265204149116113131165213280338384399384341290250222
207207226259296320320296253213177152146158186222271323357372360332302265
232216216226253277293302290265241213189177177198229271314347360357335305
274244219204204222250277293293280259232204183177189216262305338357360347
317271229195183186207247286311317308280247210183171183216259308347372375
357308253201171162177213259302329344335299250204174165183216265320363387
384347283222174143140165216274326357369341280229183155155180216271329372
387369311238174131113131177238305354381372326262207165146155192238302357
390390344265192134101101143204274341384399375311241186149149174216277341
387402369290210143094079110171241320378411405357280213168146155189250314
369399387320235162101067079131207283357405424396329247189155149174219280
341384393354265183116067064101168247323384424421372293222174152158198250
314366387366299216140085055079134207283350402427402341262207171162183222
280335369372329253180113073064097162229305369405408375308247201174177198
241296335354341286216155104079085128189253317369396390344286235204192195
219256293320329305259201146107094119158210268326366384369326277241216207
213232259290305302277238195152128125140174219274323357366347308268241222
216216226244265286290271238201168146140149177222271317347354344317283250
222210207213232253277290293274241204171149152177219274317350363357332293
250213186174180204244283311317302265219177143140162204259314354378375344
296238186149128134174232293335357344299232174137122143189253320369396396
357280207140094082101158241314369402384320238171125113140195268335387418
408357259171097049049088168262350414442418335238162119110140204280357414
439408323219122049000018082180290381445469427335229152107101140213299381
430436384277171082009-21015101204320408472478424320216143104110158235320
378430418350235131052-09-18040122229341427472466408308207140107119168244
335399421393299192104033-12-03070155256357433463451381283201143119134186
268344387393347259174094040015049116189277366427451427369274204155143158
204271335372372320244171110070061097149216299369411424396338268213180171
183216271317341338293235177131107116149189244305357393399372311256213195
192198219256293311305274229189162152158174207256308347372372341299256222
204195204219244274290290271244216192183183192216250299338357350326293259
229204192192201222250274286280262235210195186192213250296326347347326296
256216186171171192226265293305305286256229204192198222256296332350350329
286241195162146152183226268308332329305265232207195195213253302338354344
311265219171131122140189247302341360354314265226198189198222265311347363
350305247186137110119152210277335372384360308256213186180198232283329360
366332271204140097088116171238308363396390350286232195177183210250305347
369363305232155097073085131201280350396411387332268216183174189222277332
366375335256180113070067107171250326390424421378308241195174177201247308
357381366302219140079055073128204283360411430411354277222183171180213271
332372378338259177110061055088155235314384427430396329259207177171189235
299344372360299219146088061070116186262338393430421381311244198177180204
250308347360332265198131082067091143213280350402421405360293235198180186
213262308338341311256195137101091113158222296360399411387332271222192186
195219265305326326293241189146119119143189244308366390396369320271232201
189192213250290317323296253207165146146165201253314366393393363311262226
192177177198238280308320305271238198168155171207262320369387384357311259
207171155152177222274314338344314268222183168183213268323369396393366311
250192146128125155216283338375387360302241198174180216265323372402408381
317238168116091097140213293363414430390335265210174174235268332381418411
369299219146097076085143201311393451457411323259198162177222268338390427
411354280198131085067085134229329418482488442360268210168171204268347399
436408335262177113073061097152268372448500497442347259204168168207274354
405433402320241158097064064116204308390460506494430326244189168171216286
354408421390302210134073052076134216326411466488475411308238192177177219
286366408414375283195131091082107162244338405451457457381293229189186192
222293347378381326244174119091088131186265341396421427393329262210186177
177229283335350332283229177137119122155204268329372393393347286232198180
180183226274302311314277232192162155155189232280332363369366314268222192
177174195222253271283283262232204180177177207238283323347354338296253216
192180180180210235262280280268247222207201201216244286320332335320277241
204180162162165198235265283293280262235216210210213238268317332332311259
222183158143143155195247280302311311277241213198201219250283311326314293
253207165131116134168219277314338344320290253226216222238262290317329326
286241186134107107131180244302344369363329283241213204210235265299329338
326280226162107082091137198262329375390372323265222195192201232268311338
344317253180119073064094155222299363402408378314256207186183195232280320
350363326235155094058070119189268347405424421372296235198186189201247305
347372354277195122070055079134216299375421433408347268213186177192226283
341378381326241152091055058094158244332402433433393320244195168162186235
305357384369299210140079052073122195286363421448433384302232183158165201
259326369381350274195128079067097152222311378427445424363277213171152165
207274332369378338271201140104097131183253326396433442408347265201162158
183222277326344357332274207152122125158216277341393427430393323247195171
162177213262314350363332280226180152158189235293347399421411363286226177
149143155189238290335354332286235195171177201241296347390402381335271213
162137137155189232283338372363323265219192186204241290338378393369323259
198146110104125158216296350387387347296247216210216238283335375393372320
259189131097088113168238314378414418384329262219201210238277323366390375
326253180116079073101155241332405448436402347274216195201219265323375402
381317238165097055052094162259350421463454411329250192171180207265329378
399375311222140067033046097183277372442466451396311222171155168207268338
384402366283189107052033067131210314396448469442378280201155143162207277
344396399354262165088046049091162250335411457454421344250183149149177229
302366399390329241158097067079128195271354424457442393308229171146152186
244311366390369299222152110097119168226302378430442414360277207168158177
213268326366372332268207158131131168213268326384418414384320253198168168
189226274320341341305256207168149162195232274329375396381335271216177158
165189226268305317314286250207180177195232265299338363369354302244192165
162186210238268293311308277247219207216229250274302335354350320274229189
171171186207232259283302308293268244232229238256274296317332326296256210
177158158174198229259286308317311290262244238241256274293311320314290256
213177158158168195232271311335338329308277253238241250265286311323314283
244198158134131146180232280329357360341305271244232229235256283308323314
280232177134107110137189250314360384387350299253222207210229253286317329
320274219155101073082125192262332378396384347293238198183186210247293329
344320262192122067052076128195277350396411387332265210174162171207262317
350354311235152079037033070137222314384424421378311238174146146171226286
344378366302216128052024037094171268357424448430372280204155131137177241
314366387357277186107043018052119204299384442451421341247177125113134183
256332381390347256165091046043082149229326405445439387299210146107104134
195274344384381326241162097067076122192274354421442418360262186125094097
137198280344375369305232162113094113165222290366411424387314232162113094
104143207283338363354305247195155143155186235302363396399357286216158113
097110149201262317347350320271222189177186213256311357381369320259201149
110101122152201256311344360341305259226207204226265308341357344308262210
158119104119146195253311354375366329286247222213219244280314335335311265
213158113088094125180250311360387384357305256219201204235271308338347329
283232168110079082119177250329387418411378311250210189192219259308347363
344290226152094061067113186271347408439427378305235186168171207262317360
378354290207134076055076128204296372433457430369280210162149165210274338
381390350274189116058049082146232323396448451411332244180143137165222296
360393387332244162097064070116186268357424454439381283207152125134177241
317375396369296204134088073097149219299375433439399323241174134122146192
268338375381338259183125094094137189250332393427418366280213155128131165
222290347381375323250183134122140177229296360405418387320244180134122146
192253314360369344293232177146152189222271317366396399350283219171155152
183222277332369372341290241204192204226259296338369381360311250201162146
165198244283317335338320280244219219235256277308335357354320271229192174
177192222256290317329332320290268256253265283302314332344335302259216192
186192201222250283311329329317302286277271268274290308320323308283256232
198180174189219259293323338344338326302283268265277280296311314311290259
222192168162174198238280323350366363341314280253244244259280302320320299
265219174140134146183232283338378390384338296256235226232244268308335350
329274207155122116137183247311375411421396350286238207201210244290335369
372338265192125088082116180256341402442436396323247195168162189235302360
396384326238149091061070122201296372445466448393302219162140149192265338
402427399326226137070046076137226323411469478436347244165116107131198283
369424433390296189104049046088165268363448482463399293195122079082128207
308390439433375271174094055064119201299396457475439357244155088058076131
219320396436421357244162101076101165244320405454451402308207125067055085
143232326390421402332244171128110137183259332399427411354259174107061058
091152235314366393375320250192152149171210265329372390366302229162107076
082113168232299344366354314268229198189198222262311341350323268216165122
097101122165216271320341344323290256229210210226253283311317296265229186
143113110125165210259305335350338311274238210201204226253277296296277241
198149113101116149192250302341366363335283238201186192210241271305314290
268216158113094101134189256320369390381335280226186165168198244290326338
320274216152104082091134204280344393408387335262204162143152189250308347
363338280210143091073094152222305372414421384308232171137131155207277341
378378332259186122082082122186262341402430411354262189140119131174241311
372396378305219149101079107162229308372424430390314226158116110140201277
347393399357277195131088085125186262335396424402341250174119091107152222
305366396381323241168119097116162226299369408405363280201140094091125189
259332381396363290216158125125162210268332384405384317232165116097119168
229299357387378326259201165152171210253305350381375323256189140113113146
198259317357372347293238192171177207238274314344360341290222165134125143
180226274326357357323271235210207222238256286317338335299244195158143143
165195238283323338329299268247238235241250265293311323308274235198171162
171186213247283317329323305283271265259256259265286296299286259232204180
165165180204238271299317323314302286271256244244250262277283280262238213
189168158162183222265299326338338326299271247226226232253274293302299274
238195158137143168213262311347372372347302256216198195210238271302323323
296241180131104107140198259317366396393350286222180155155186232290332357
350305235162101067079122198280350402424402341256186134110119168238311372
396378311219143079049067128222317393448451411320222143091076101171274354
414439408323216137070049085165265360430469457393290183107055055097189299
390448457411308201119070061116204305393463485451360238140067027046113219
332418472469405296195125085097146238338418472469414305189101040021061134
238344424469457387277177122097128186271360424454433357244149079030040091
174265363427451421350259186146137168222290357405418378299210137082052070
122183271347402414384320256204177177195232274326363366320250186134097085
104140192265326369378354311265229207201204222259296323320290235192158131
122128149195253299338347332311277250226210204216238262280283268241213183
158140137152189235283314332332317293262226201189192216241265277277265241
207174146131140171216268308338347338302265219180162168198241271293302286
262222180137119128165219280329363372350305250195155143155192241286326335
320274222171131113128171235299357387390354293222168134128155207268323360
366332271210155116110137195265335381402384332256195140110119165232305357
384375329256189137107116158222296350399405363290213146101091128192265332
381393366299229165119107134192262332384405381314232165104076091149222305
366399396344268198137110125168232296363396393341262186122076076119189268
344393408378311235171131122149201265335378393360290207137085064091155232
308369405399350274204155125140183238302350375372326250174113067076125186
259329381402378317250192155146168241265326357360323253183119076079110168
235305357384375326262210174162174213253290323338329283219158107082101143
195256308354372354305253213189189207235259290314323302253198149122116134
174216268317347354335299262238222222232250271293302299274232192162146146
162186226274317338335314290271253238232232241259277280268247219204186171
158158183226265299320323314305286268235229235247262271271265253232207180
168171189226262293323338338326302271244219207207226250274290293283256219
180152146165201253299335357363347308262216180168180216259299326332317274
219168134128155204268326372396390357293244183143128143189253317360381363
305232171119101131186262335390418408369286207137091082116186274350399421
390317226155101082116189277363418442424354247158085037046101189360387439
448408314213134079076119201302387439454411317204116037-03024104207332411
469469414299201131076085137232332408451442372256152064-06-27024116232350
436482469405280183113079101162259347414442408320204113030-21-18052146259
375445475448366256174116101131192283360411414366280177091024-06021088177
286378439454414335244174131125149207290344381375317235155094046033073134
213299369411414378311244192162155174219280326347329274216162119091085113
158226296350378378347299253213183177189216253286302290256213180149131131
143180232283329350350332302265229201192198216244265277280268244216189168
155165189229274311332338332311274235198183177192216244259274274262241204
174158162186219259296326344341317271226186162158174204241274299308296268
226189168165183219259302341360354320262207162140143168210265308335338311
265219183158158183219280329360369347302238177131116128168216277326357360
320259204158137146180229286335363363332271198140097091122177247311360378
363308244189149140155192247311354375363305219149097076101149210283347387
393357290226171143146174226286335372378335253171107070076116180250326378
405393332256192149137155195256314357375357280198122070049082140213296363
405418381305229171143143174222283335366372317232152088055064119189262338
390421408350268204165149168207259317357369341271186119064058097158229302
363405418387311241189158165192235283326350344299226149091064079131195256
329375402393347280222180168177210259302332341311253186122088085119168229
293347384396372314259216195192210244280311329323286235174128110119158204
253308354381381341293256222204207226253280299305296265219174137128146174
216259308344366366335293256229216216229244268283290280259226192168158165
189226265305335354357338305265229216219219238253268280286277256222198180
180195229268311344366369347311268232210201198210235268296314317296259216
186177189222268311350375381369326271219180162162186232277317335329311280
229186168180213259305354387396378317250186134113119162219280323350347335
299226171146158201256314357384405390308241162101064070119201296381433442
399320232171134134177247332390427421369296195113049015040110216329424472
469414317226155122134186271357414439421357247149070006-12046134259381460
500482411296213140116137195286375424439411326216122040-15-15064165293393
482509475390286195137122149213311384427430381293186101024-15003101201314
402482497451369262186134125155222311375411399329241143070015000052143247
344424469463405314235168137140177244314360387360299216146085055043101180
262354418445430372308238180158162189244296338354329271210155116101116152
210283354402418399350293241204183186204241286317326305265222186158149162
189232290341375384363326277238204183180186216253280296290268247226201189
186204238286329360372360332293253219195189195222253283299305296280259238
216207219250286326350360350326280250204183177180213241280311323320299262
235219213229247286323350357344320271232195158152162195247293326344338314
271235213207222247290326354363341305256204155131131158204268317360372360
317271235232207222253293335363366335286238177134119128165222293350387396
372317265226207204226259302344369363320259195140101094125177250323381411
405360296247207192198222265314354366347277210146097082097152222302369414
427393329268222195189204238286341369363317244171113070064104171253332393
427418372302241195174177201247308350369344280204134076049070131204286360
411433408350277216183171186226280332363363317244165097058055097168244323
390433430390317250201174174195244302347369350286216152094064079131201277
360411436421372296232195177183213262314350360326259189128082073107165229
308372411424393335271222189180195229277317341335293238174125094094134192
259326378405405366311253207183183204238277311323314277222171131119134171
219277335381399384341290241207192189201232268296311302271229186158149158
186235293344381384366320274232195177174189226259286299293271238204177168
171201247302344369369347308259210174158155174210247283311320311283244204
183180204256308347369372347308256201158134128146195250299335357350317259
210186186213262311350378378357305238180134097088116174244311366399399357
280222189180201247308357384390360302232165107064055094168253338402439433
384299229186174192238302357396402366296213143070024021073158256350430469
457396299222174162180226290354399411372293198119046003006067162277384460
491466399299216162146162213290360402408363274180101024-15003079180299402
472497469393280201149134152210296366408405347256168088021003040119219338
430488491448360259186140131158229314375411384308216137067030040101183286
381454478460399299222165143146186250311375393366296213140085058070125201
290372433457433378290216165143146186244320363372335271204146107094122168
229311375424433405344271213174155162195247308344347317268219177152152174
207259326381414414381329271219189183189213250290317326308271235204192195
216241280329372393381341296250210183174180204238271290299286268247229216
213219241277320350360344308271232198174162165186219256280293293280268253
235229232250280314335341329305268232192162155168201241277302317320311286
262241226232259286317329323302274235201158140140155195241283320341344323
290256238232235253277305323323302265219174134113119152198256308347369305
332290250226219226247274305323326299250198146107094113155213280338375390










