MUMBAI                                                                          
1923
000000000000000000000000000000000000000000000000000000000000000000000000
366305253213192189213256302338344341302247180119079070101158232317381421
424393323256204171168198247305350372354302229155088052055101171262350411
442430375296226174146155195262329372387357283195119058033058122207302384
445457427357265195149137155210290357396399350262171097046037082155247341
421469466424332241171137134171238323384414399332238149079046058110192286
375448478460396293210146122131177256338393418387308213134079064094155238
329408466482445363271186134119134192271347393408369293207140104104137195
271357424463463418323235165122113140204277344384393354280207158134140174
229296372427451439384293216152125122149201271332375384350290232192171177
201244305366411430408354277210155125125143195256317357372354311265226204
201216247296347387402381326262204155125119140183238296338363363338302262
229216222244286329360369347305253201146116104116162219277326366375363323
274235210201213253302335354341305256195140097079097146210280344390405387
335274229198189201238286329357354320262195134079058079134213299372418430
402341274216180171177219277335369372332262183110061043073140229320396439
442405329253192155146162216290354390390335253168094046040088171265357424
457448396311235174140134168238323381408393320226140073043058119207302390
454469442369277204152131140189265347396414378293198119064055094165250344
421466460418332244174134125149216302366405399344256168104067079131204290
375439460439375286207149128131174244317369390369296213143094085119174247
332396439442396317238177131122143192262326366372326256189137110119155213
283357405424399341262201149122122155210271320347338286229174140128146189
241305357390390347283222171137128143183232283317329311268226189171174195
235283332366378357311259210171149146168198238280308317302268235213204210
229256290323347354329283241204171155158174201241271293302293277253235222
226241265296323335323293256219186165155162177198229259283299302290274253
238235241259286308317305280250216183158146152171198232271302326332320290
262241238244265286305314308290259226189155137134152189238286329357363341
299259235222226244271296314320302271229177134107104134180244308360390390
350296250213198201229259305335341326277216158107079088125186265344402424
408357286229192177186219271323360372347286210137079058076134210305387439
451424354268201162152171219296357393399360277189113055040070140232335418
466469418332241168125116146216311375411411354259158082030030082174274375
448485469399293204131097101149241338405439418344238143070033055119213317
411478500457366259171101079097168271363427451411323219128067052091162250
354439488482424314216128070061097177280369427439387299201122082085128198
283378445469448375268183104061061107192286363414414357265186137113125165
232311384430436396314226146088064079131213299363390390341274213168152165
192241305363399405366293219152104085097134198268326360363332286241210192
192207241296341366363320271216162122104110137189244302335347338311277244
216207210238277314335332302268222180137110107128174232286326350354335302
265232210204219253290317323308274238195146110097119168229290338369378363
323274229204192198232277314335332299259201143107091110162232299357399408
384326265216183171180219274326354354320259192128085073097162238320384421
418378311241186152149171216290344375375323250171110070067110180262354411
436414360277213155128131168238317366387369305219137079052070131216305381
427430390308229165119107128186265335378390344262180110061055094165256341
405436414354265186128094097137222302360387375305216143091058079137219308
378424421375290213143097085110174256335378390347271189125085082122189271
354408430402332244177119094104146213296350384375317238171119101122174238
308372411411366283207146104094122174247311357372344280210152122122158210
274338384396372311238174125101110149207271326354354317259204168155171201
247302354378375329265207162131128143186235293335354341299250216198201216
241274317354366344293238195158140143162195241280314320308280250229219219
229244274305329329299256210171146140149171201235271293299296280265250235
222222238262290299290265235204174152140140155186222259283299305299280262
241229226232250271283286271244213183155140137152183226265302326335326299
262235216210216238265290302293271241198162128113125165216274326360375360
317265219195183195229271308332332305256201146107091113165226302366405414
384320256198162152174226283335369369320253183113070061097162247332402439
427375286204140107113152229314372399393332235143079037040091177274372439
463433354247155091067088152253347411442411329219128058024046110207317411
475482427317210119055040076168280378445460424323204113049033079165265369
421497478393274165079027037097207308396460472421317207122061052094177283
381457491457369247146061015030097204323402463460399293195122079091140219
317399457466418317207119049021049119229329405451439375277198140113128174
247329396430421363271180107055043076146238326384418402344271210171155168
201259326372390375314247177119085085119177247314363390378338286241213201
207226262311347363347299247198155131128143183235293338363363338308271244
226216222244277308326320293253210171146140152180226271314344354347323286
253226210210226253286311317302271232189155137143174222274320350372369341
296250216195189207241283320335329296247204158134140174222280335378396387
347293238198174171198244296338360350305250189143122131162216286350396411
393341271213168146149189250311357378363314247180131110122174244320381418
418381311244180137128152204274344387402372299222158119107140198271350408
430411350271198137110116155226305369402399350265189131101113165235317387
427430384302219152107101125186268350402421390314229158116113143204280354
405427405338247171116091110158232314375411411360274195140116134180250323
381418414366277195134094094128189268341396421396323235168131131162216280
347399411381311226155104091113165232305369402402354277207158140155198256
320372399390338259186131104110146204268338384405387332262204174174198241
293341372381357293229171128116137177232290344378384354302244207189198219
256299338360350314259198158134134155195244293338357354320280247222210210
232262296323329314280238195162146152174204247286323344341317286259241235
235241265290311320305271238198174162165180210250290323341341329305277256
241232241256277299302299277247219189171162171201244283320347360357332293
256232219222241265290311317302274235192162146152186232283329363384381344
293238198180183210256299329347341308253192146122125162216280344393414402
350277207158137140186247314363384372323253183125091107152219302375427442
414338247168110091113174259344402433408338247162101076101162247347424469
466411296198113058058107192302393457472433338235146088076113180283381454
491463381259152064021037107207329424485488430320216134076073116201311402
469485436329204101021-06033119238357442497485411296195116073088143238344
424472466399280171073006-12040146268381460494463387277198131101116174262
357424451433350241137061018030085174283375448469442381280201149131149192
265344393418393320229146082049064116186274357411436411354271207174165174
210262323360372344283216152107091104140198271338375387366323271229198189
186210247290320332308262213165134125128152198253308341357344314280247219
201192198222256283299293262226186165152152168198244296329344338317286253
226201189189204235262286259277250219189165155168201247296329350350335302
262219186171171195235277305320311280238195165152162204253299341360360338
290244198158146149183238290323341323283232186152140152189241302350375369
329271213165131119140189256317354363338283226174143140165207268329375390
372317247186134113119155219293354384381341277210162137146183241311366393
390350280210146104097128189262338384405384326253189143134158204271344390
402378308229155113079094146216302369408408369293216162137146177241311372
405399341259180119079082119180265347399427399332253186143131149204271344
387402366290210137085070091146222308372414418369293216165137143174232308
366393381320238162104073076113180256329387414396332256195152140155198262
326369375335262192128085070091140213290354396402366296232183155152177226
293344366350296229165116085091128180247314369396384335271219183168177204
253305335344317262201155116097116152204265323366378363320265222192180189
219262302320317286244198158128119137171219277326357363344305265232207198
204229256283302299277247210174146143158192232277320344357338308271238210
195195210238265286293283256222183158146155183219265311341354344314271232
201180174186219259293311308283247207168143143165201253302341363363332277
222174140128143189247299329341320277226171134122140189250311360387387344
274207143097085113177250323369384363299229162116101122174250326381411402
344256165094049046091174268350405427393314222146101088113177262350408436
405320222125046006018082177296387451460414320213137085079116189290378436
448402302183082006-27006091201332427478469408296195116073082119204311390
439439369253140043-27-34021113235350439485460387271180110076088137222326
396433408323210107021-31-21043143262372442472439357253171107085101155241
329390411375283183088021-06018082177283372436454414335241171122110128174
253329375381335250165091040024061119198293372414418375302232174137125137
183247308338338293226162110076076104149216296354384381341283232186155146
149180232277302299265222174134116110128162219277329350344311268229189168
158158174210244268277259229192162143140149177222271317332323299262229198
171155149165198235265277271250222192168152155183226274311326323299265201
198162143140152189235271286290268241210180165168189232277311323317296265
222180140122122149195247290311311286244207174158162189232277314329320290
244198149113094107149210268317335332290241195162149165195241286320332323
283229171116082079113174244308350363338286232183146143168213268317347357
323262195134088070091140216296357390381341274216168149155189238302347369
357299232158101067079119186262338390411387323250195155146165204265326369
381344271189119067055085146226308372408418381302232177149146174219286344
378372314235155094055061104174256338396427411354274210168152162192253323
369384354274192125073061088146216302372414427393329253195162155174226290
347378375320235162107076079119180253332393427421375305238186165168198253
314357375350280207146101082104149213280350402421402347274219186171183216
265320347350308247186134101101131174235299360396402372314250207177171183
219265308326323283235180134110119149192244308357381375341293244201174168
174207250290311305271226180140128131152195244299344366363329283235195168
158165189229268296302277241198168146143158195244302344360357323277232186
152140143171222271308323311274232195165155165195247305350378378344290229
174134113116155216280329354357320265219180158165192244305354384390357296
222158107079088131204280347393405369299232180146149180235305363402408372
296210131067040058119204305384436442393323238177143140171235311372414418
372280183094024003033107213323405460457411317229158122125152222311381421
418354250152061000-15033122232347427478466411299222149113119158235326390
424408335229125037-15-12052146265369451488463396296207143116122165250338
399424399311207113037-03015085180296396466485451378274195137119128180271
347396408372274183104043024061134219317399457466427350259189149134143195
271344384387335250174110070067104165253329402439433393317241183149140158
207274326357350305238174122101110146204268338390411402363296235186162158
174213262305326317280232183149137149177219277332372387366320268219186171
168180210247283299299271235201174165174195238283326354357335296253219186
171165174201235268293293274247222198189192204238280323344341317283247213
180155149158189226262290299296271241213195195207238280311329329305271235
198165143134143180229277311323314280247216198198210238274308326326302265
222177143119119143195253305341347329286247216198198210241283314329323293
250201155116104113158216280335366369338293244207192198222259302332344332
290238180128097097128186250320375396378335274226183174186216262305338347
323265198137091076097140204286347387396372308247195171165186222280329354
354305232158097055055097162244323378405402360283222174152158189241299344
363338271192116061046070125195283354405421396335256195152143162204265323
360360314235152085043043079149229308375414411372293222165134131155213277
332360347283201125067040055107177256335393421405347268198149131134174238
302350366332259180113064055082140207286357408424393326247183143128140186
256317354357314241171110076085122177244314381418418381308229171140134155
204271323350347299235171122101110146195262332384411402357280216165143143
165213268320347344302244189152134152177222280338387405393341268207158137
140165204259308338344311265219180162165186232290347384393372317253195149
122122143189244296335350332283232195174174186222274326366378354299238177
125091088107158232293338363350311256204171162174213265314354369350302232
162101061055085146226302360390381335265207168149158192247305347366350296
219137070024021064143229314381414405350274207162140146180241308354378360
296210122049000006064152253344408442421363271198146125134174244320372387
360283189094024-15006073171277372433457427357256186134113122165238320375
399369283186088015-15012085183296384448466433357256180131113125177262344
393405363262168082024009052131226326405457463424338250180131113128183268
354399399341241155085040033082162250354411445433381290210149113110140207
290354384366302219149091058076125198302357414427405344265198149128131165
232299347363335274207149104094122171244308369405402366305235180146134143
180232293329338305250195152131137171213256317366390375332274222177152152
171201247283311314293253213180171183207238277323357369350302250204171158
168183210247277299305290265235210204210232265296329350350326280238201180
174180192210241274302317308286259238226226241268305332344335308271238201
180168174186207247286320335326302271250238241253271296317332335314271222
189168162162180213262311341360341314280259247238241259286311335329302262
216177149137140171222283329366372357317274241219222238262296323335329305
256201155125116134177244311363396402369320262219207210229262293329350344
299241171116091101140195265338390421408372302238198186195219259308347366
344280204137088070088137210296369414427408341265204168162186222280335369
378335256171104064064097158241335399442442402317232177155152183235305363
393384323229143082055073125198293372436469451390283207165152155189256332
393418384296198122073064091149226323399454460433357262186143128152207286
354405414372274183113073073113177253341411454454405314222158122122162222
305372405402341250171107079094143210293363427454436375277198140113122165
229314375399381317235165119104128168229299366418430402332241165116101113
158226299350369357296235180140128149189247308366402402372302226155116101
119158226299344369354308256213180168180201253308357387384344280213149113
104119158210271326357357329283244210198204219253299338369369335277213155
116104119155207271326366375357323280238213204213241286338366363332277219
162116101107140198268332378390375344283241210189201229271317350363338290
219152094064076110183265344399421408363296238195177180207259317363381363
305216140079052070119195283366427448433384296222174158165204268332384402
375311219131061043067125216311390448460433366271195146137152198274347396
411375290189107049040079149247341421463460418335241165131131152213293363
402411363259162088046052104183277369436460442384290204146128131165229314
387418399329222140082061091149229314396451457421344259186134131146189256
335393411378296207140101094134189265344414448433384296219165137137162207
286350390387335256189140116131174229305369411421396338265198152134149183
232302354378363302238189158152183210259317375405399357293229180152152168
204256305341354329283235198180192216250286332372384366317256210180165171
192219265311338341314274244222219229244265299338363363335290244204177174
183204235268299320323308280256241238244256274299329347344314271238204186
180186204235265299317323314299280265253250253271296320326317290265235201
183171171192222256293317329323305283259241238241259280296305302286259222
183149140143168210253302332350338317277247219213219238262283305308296259
213162128116122155204268323363372354317277232204192198229271311332332308
256204146104088113158222299360399405375329265210174174192232283326354350
314253186122073076113171244323396433421384311235183155158189235299360387
375329238152085052067113177238344427451405347280213168149165198253317369
387366314229155097076091140204265366427439387323256189155152168207274332
378387354299226155110097119168232293375433424360293222165140140174213286
350387387344280210155125122146195262326396433411335262192152128134177222
314369396381335268204158137143174222290347418436399314235162119113131180
241326387405381323256195158149165201253317381448439384286198131094097125
186271350402414381314241186158162186226277344399427405344256186131101107
140198271338381390363311256216195198210232274332378390363302238180137113
116143189253314354369360332293256226210216238271308341357341302253198152
122119137180238296338363366350320286250222210219247283320341341317271216
165128113125162219280335372381372335293244213195192219256302338350329280
222162116094104143210286350393405387347290235189168171204256311354369347
293229165107076088137213299372414424402347274207162146155198262329375387
360290210140085067091149238329399439430399326241177137131152210283354399
402360274189119073070110183274366427448430372283204143116122165235317381
414399338244158094064088146226323393442442408329238162113104128189265347
399411375293204131082079116183268354414436418360268186125097107149216299
366402396335250174116094113162235314375418421381299213149107101128183253
326381396369296216152119119155210277338387405390329250177125097110146204
274338378375329262198155134149186235293341375378341274207149116110137180
235296338363347296238192165165192222253296338363354308247192149131140165
201247293326338320280238204186192213235265302332335308262213174149140149
171207250290311311296265241222213213226247271299311308280244204174158158
174189213247280308314299274256241238238238247262283299293271241207183171
165174189216247277302314314299277259241232232241262280293290274253226198
174162162177207247290320338338320290256229216216229250271293302296271232
192158137134152189247302347369363332286244207186186207244280311326320286
238180131110113140195259326375396381338277216177155165195250305350363347
296235165113082088134207293369418424393335253186137122143195265341387399
366296213143085061085146232335411451442396311222146097091125201293372421
421372283195119061046085162262372439463439369268180110061064113204317399
442430369271180104052052097183296387448463433354244146067027046110213332
414457436360253162094055070122213320411454451396299192107037018058140244
360430454421338235149088070097162244338405439414347247152073021021091152
259360421430384299213146104104134192262326381405381302201122055030055107
183271350396399360283216165137143165207265326366375338262183122073064088
131192265329372375338283232189165168180210253302332335305247189134097088
107140195253305341347329296253222201189189201232268302311293250204162128
113122149189241293326344338314280244213189180192219253283299299274235186
146122119140177222280323347350329296253210174171183210244283311323299250
207155116110110152226293341363360338293247192149131146186241296332344326
259192128091091122180241308354384381354299226162119113131183244314360369
338277201134088085113165235314372396381332253177122088091122183262335378
378326247165104073088128189271350393402372296210137085073101152222308369
396372305219143091079110158232317378405390335247162094064079122189268341
387396350268186119082091131195280354393396357280189119067067101155229311
375402384314229152107097128177244317369393375311222143082061082128192271
344387393350274198140110119155210280338375375332250168107070076113165229
302360384369311235168128122149192247305347363341280201134088076104146201
265326363372335271210165143152180226271314338335296235168113088097131177
226283329354344299247201171165180207244280311323305262207155119107122152
192235286323335317280241213195192201222250277299299271232192158137134143
168201244283308314299274247226213210213222244265280277256226195171158152
158174204241277299308302286265241222213207213235256271274259244219198177
158155168198235274302320320302274244213192186192213244268280280265241204
171143134146180229277317338338314277232192158149165198238277308317299259
207158122110122162219283338366363329268216158119110137189250305344354326
271201143097079107162204314372399387332262183116073076116189268344393396
354277192125076067104171262347405427396326229174067027046110204308390433
424363274177101049058107192299381433439387293183094021-09037125235344427
463439363253158085046070131229338411448430360250143049-15-21046146274384
457475433335226140073055088165271366427445405320222122033-24-12061162290
390460472424329229149088076110183283366414424381293192097021-12021091192
308396448445393302213146104107143210293354387390338253165088030018064128
216314384424411363286216165137140168222280326354344293226162107070070097
152226305360384372329280229189165165177213256296320314280235186143116110
128168226283329360360329290250216195186189201229265293299283250213180152
137146180226274317341344332302265235201180174183219250280296293277250213
177152155180222271314341350341311271232189162152168201241280311326314277
226180152149171213259311341357350314271216168134128149195253305338350329
277226177143137165210265320357372357311253189137107110146207274332369372
332271213165134134168222286341375378347286216152104088110162229305363393
381326256192143122140183244311360387372323244174116082085128192274347396
408372302235171131128155207277341381390350280204134082067097158232311378
411405354274201149122137180244314366393378320238165107067082131198283360
405421390320244180140134162213283347384390350271189119070061101162241323
384418414366286216162140149186247311363384366302219143091064085134201277
350399418390329256195158149168210271332366366323250183122082082119171238
305366402402360293232183162168192238286332350335283213149107088107149201
262323372390372320262213183174183213250293320329302247186137110107137180
222277326363372344299250213192186195222256290311308271222180146128131149
183229280323350347323280244213189183192213244268280274250216186158143143
158186222274314332332311277247213189177180201232259274268250226195171152
146158189232277311329329311274235192174162162183216250271283274253226189
162146149180226271308335341326283235183149131137165210256296320323296250
201155134140171222277326360369344290226165116094110152213286338372372329
265204155128128165222293350387393360283207131070052079137222308375414408
357271198134104110152222305372405405347259165076015006055134238338411448
430363265180113082101149238329393430411341232125037-21-15055152265372448
475445366253168101076101165262357418439402311192088006-43-12070180305405
475491448354241158094085119189293372421430384277168067-12-37012101213329
421478485433332226146094094131207302372411408344244143052-06-09049134238
344424472463405305216143110113149216302357387378311222134067027040088165
253341408442427372283210155131128158219286338360344290216152101073082119
174244326381402387335274222180149143162201259302323311268219174140122125
143189256320363372350317274229192168158168198241274293290265238204180158
152168201265314344350335311274232198171158165183216253280296286262232201
180171183216262305332338329305268232189152140146174210247280302308286250
213186171183213253296323335323296259216171134119122158210259305329332302
256213183171180210253296326341329296244192143107094113155219280329354344
299250204174162171201247299332338320277219162110079079110171244311360375
347293238192165155171210262314344347314253186125079067085137207286350384
384344280222177155158186235296338354344290222155097061064104171253332384
402384326259204162149162201262320354360323253180113061046076134213299369
408408369299232180146143171226293341363347290210137079046055107180259338
399424405347268207158143155195256317354363329253177110061049085146222302
372414424384314238183149143168219283332360350293213146088058070122186259
335393418405350274213171155158192247302341354323256186125082070104155216
293360399408381320256204168155174213265314341335293232171122094101140192
250317369402399357299238195174171189226271311329317274216168134119131168
210265323366390384335280229189171174195229265293305296262219180155149158
186222274326366378360317265226192174171186216253283299296268235201180165
171195232280326357366350311262216180158152171204241277299308296265229198
174168186222265314344357344305256204162125125143183238280314329323293250
204174162177216268320357369350308250195134091079104168238302350381375332
268216174158171213274335375393375320250174110058049091165250332393430418
372286216165146155201271341387411393323238143067015021076165265360430466
448384286204146128143192271344402427402323210110021-18009082183296393469
491460381262186128116143204286366418427387293180079006-24015097204323418
488497454366253174116110134201299372421424369265155061-06-18037122232347
439497491442338238158113110143219314378414411347247146061009015076162268
366448488472414314222152119122165238317375402387320226137070040058119201
296384448469448387293213155131134174235314363381357293216149104085107155
222305375424442418354271204158140143171229290332350332283226177140134152
192250314372405408381326265213180165165189232277311326311274238204189186
195226271323366384375341293250213183168174195229268290305302286265241219
207213241283326357363347317277241204177168168192222259293311320308286256
232222226250283317344350338311274235201174162162183219265305329338329302
265238226232253283311332335329305265219180152140146174219274323357363341
299259232219222241271302326338326296247198152125119140183238302354378378
341293250222210219241274311335341323274229174128101107143201274338384405
387341286241213204210238277320347350317262198140097082104158232311375411
414387326265216192189204244296338357347299232158101067073116183265338396
424418369296232186168174201253311347363335271195128073049073137216302372
421436408347268204158146162207277332363363314232152082040040082155244323
390427424378299222165137134165229299344363338265189116058030055113192277
354405430411347268198149128137183253320357366326247168101055049088152226
308378421427387314235171131119140192265326357350296216143088061073119177
250326387418405357274204149119119149210274326347332274204143101082101152
213280347393408384326256192143125134177232296329341314259201155128128152
195247311360396396363296235177140125140180238290323332311271226183162158
177216262311363387387350283222171140134149183232280320338329296256219195
