MUMBAI
1962
000000000000000000000000000000000000000000000000000000000000000000000000
217208214233266300324327309275239202169141138150181227269300321327315285
257233221227248278312330336321288245193163129120135193247302343367368341
297256230222232254287319341349332282227168123094098139200267331377398386
346289244214204213243281325353359328276200132081062081132205290372420439
417358285230198190204238291345378378332256179107051038068132205312394448
463430358273210173165182226297353389393338248165084027013053136240342422
474473425330245179142136161221307371409399334237146058010004046156264369
445487486410316225158128125171247337395424422340234131049011016106204316
415482500468382271188131111115181282358412429393302193097041030074155256
360440485482430326227155109100118169291365403414370284194098043040078168
262349421462460407313228159112098108167262335376387372273197122094095135
193273358420449444380290208150111109133183257321361370344279216169149148
168232295372409419397336260194143115109120179241293333354351306249209190
186208244296348372379355302245187150126118132175227279317346354331284241
214206220249289330350355333293247190144119111125161203258311356375362311
265226203201220264308336349338297244193144114101106156215276346383394381
340292252216206223260297329341329283238183133098088103150226302366401413
378313256218197194214255300335350338292231167112080077110175253332392424
423378307244198178178205260315350366341280214145089065069121198282362413
432411353278222181167172204267325363368338269195129076060077138218309385
432443409338260198163150159206272334372370315234159095062063093158243332
411441428369286213160134135167232306356380351281192121078069079143222303
381426444395319241178144134149204279345374371324246170107083080123191271
349404434424363277206156131136172232303351376361290212145105094114176238
309373422432392321244183143129140194250296355372346290220153116117148193
249314378413408369298230171138134156194247303348350303249192150133149183
221271323375396368313244189147129136163208264308343326282233190162161182
216248294339370373333272218168143138150181217267308325312275242213193191
206238276314345364351311263211168144140157185223262295315313290264241224
220229249278306329333311280240193155137138155183219253285315328323302283
263248244254271293318322306269235194158133121132167207255298332354348315
273243226222229248271303313304273228190133097088104146202262315357383373
323274232203195205236276312333330298249186125078064083127194266336389416
405352282223193181190225276331363366334268194120060039066125203287371432
452426360276206163152172218283343388400360282194107038017053124218326414
477475435354254175128121151214297368424427372275174075013015075176290387
464503463373281180118098108165253343403442385299199110032004038119225342
425493490435322221138078059092180292374434453402294193098034028070153264
378458500481415290187109058054096181292385432444388291180109062072126211
311401468487453372264167095057066125212313384427426371278188133103120167
243331404451454411321232153095072085142242300364399400352279212169153170
209269337392418413366297218156112098114154216282340371374342293241210199
209235277328367383369324271213162131120134163211268316345354343313279249
229224246276312339349336302258212174148133140164208261310340356356335304
270246234240266291313325324300266223191159139140168211264306346372378359
318279252225218242272300321325312278245200156126121155211262323371394394
363307260228204205232264300325334325289235181136110115151206274346393411
396343289234202186191218260307340355334281223161116100114158223303370415
426397336272216177168182223285336367372332274205139100094125182258338401
434426379301236180154153182236307358387370313239167100083098152226313380
426432398321244177136128152204279345384388345269190124082082120185266351
412440429370280201145115127174245326376402388331254176121093114169242327
395439446409324237169125115146205284355396404367292214149112112156218291
364413440417352264192139110120165243320376400385330254185138124150200265
333388423421376297223161120114146204278340380392363298230178151158193242
301358399412387323253189139120132173238300347373368332275221185171188228
269316362389382340278218168135122145192245303344360347306264229209208221
245281322353363344297248199158135134155192243293328339326296270252240233
234251283317339338312272232196163144143166198241285313326326313296275255
242231244268293313316298272238201167145133147174221260297328342340321289
260237231235252276295310313294261218171136117123160216269317352375378349
300256227211212230260297327339323284232168121097105144203273341392419415
373298244200175177207263316359376360305234156097064075125198287364425452
434374290208153132140178251329378405386316228134070035051112205310397463
480445359249167107087111175272359424452421339225127053022051127238354443
490491432319223125065059101190306394458473426322206107044026074167279389
472509480389264160073030043106206328413473475410301182095042050110209321
418484498450333220123047022056125240341421472468404293186112072092154249
351429474470406295187101039027065141236344415450440367263178127106132190
272351408433411341247158092060059091156245330382413392328252196163153170
216279343381393354289221154106085093127179248318361375356313257220198198
211240281323349346312263213169137127137163202253301337350341315285256237
224226242270298313310286254218185164151158176204245284313331337319293268
248233225230248269284290283264237208181166158168198238281317338353343312
271240218208213234261282298302283254221183161150158186232284333362370349
305258222194184193217252291313318296258210172140129142177230294348381385
355299245197166157172212263310331332306257203154124116142190253320372396
385333271213163140144175230293343363353305248185135113124166229304371407
409371294230171130126153203276343378384348284215155112104135192271350401
421394333253188133108120164238316374398385329251182131106119162230314382
421417365283202138097091127194276351397410381304227162112102133195273350
406426403332241168111085100151229323380418416366284203143115124173243318
384416412364278193122077076113182270348401423400331241175131124153206276
349396411381309229155099075093141224303369407408366291217167146155194245
309362389386334258185124085085117178242327377401387336267214176167184217
268323358368343286219156115101104136188257320362372351299247210191193210
236270314335334301248195149123114123150203261310342354325288252226211207
215236265295313308276235190153133124133164204257301331344327301275252235
226226236253271290293278253219179150134137160202254298333348348330306276
246224212214236270299311305275243203161131125154195246298341370379364321
275229195180185218266304328335318280231168129112129179240308368400410394
332265211150133158202267333375394377321244178118093123187265343411449453
411323236163116102129198292371422440408325240158098073104175271363436478
470419308207122069064110194302390453471436344234141075073116205314406468
497467377255151068033052121214337414469480428325214135084083127212317405
460467425312211114039020043114221338419467466402287188121090099149249361
436470456385276172081026028067163274374447475461386283198138121132192299
387445458432348242145073039048105193307396455476447373274201155148166230
315389425428380288198130080062090144217318387428436404336258206179178202
260321364378365320254187129102098128176241319369395394362308260222203202
216256302333341323284235186150133140166206255306344366365339304265241228
223228246272294302292264232201178171170186212249292323344347332309284262
243231224231251268278281274255236212192184186202233270300324333332309280
248224212206211226247271282285277254232196183180189215250294326343340316
280238202184179189217244269290300291268222188172170184213255309349364352
318268220181165165184223279319333330307259215174161168198245300346371372
339282224172140135149197257314343350334284236182151144163203259322361382
361304242177129110114163226297348374372331259203158138148177236299350385
391344263185129092091134206273337380397374312249181143134153198268337383
404384316235155100076090147228312371407410375294219163133136170234306365
399398347251172105062059104185262346401423405349260190145130147195263333
383403372292211125073053076137216300367405414378308232180148145170215288
346387386329246175111073072111169261331385409408364281220180163167194252
316362384359293218147096077085130206273346383401394345275220190180188221
274325362364323263198139093087109160217274337372384377324266228205196203
233274310331329293248192144116111133175221290341374381365323276240219212
227249273298314316295258220172135136155191245294335359366347312279248231
217213227248275297303290265230200162148167192225275320354365358334295261
232204192206230259287310314301265216179156155173213262329367387377342300
250206174163176213270316345351333277226182142134165223287347386406404364
294223163128120144204284343386400380319242179135124150207280353404424407
364272196124081075110186285365418428401330247173125115146206292365416434
416347241153079042049111196298389440450405322225157119113148198305388434
439402306200112042019043103213325408454457413309220144111104136225320384
412415363258162073019002043138245345413442434368270186130109112165246339
391405376289195111037011013079171280367429447416341248174129119139198280
353386390345250160091041033061133213310390434447401324240180149144163235
316370388370310221151093067068104171255336398427424376309246196174174198
253313350361333277214154120108121164214271343391409398352294246214193195
216260302329333300254210171147146163193236290343376380366324284248220208
210226250277294298280252216190177175190211247295335360363343310279250231
216210217240269289293277258235216203193198218252294331353351336312281253
225203196206236264285293286277261243220203205219256299334353356341313279
241200180176191225264294309313296275247220200194211243290332357363349316
268221178156153174218266302326333320287242210184185210247286322348361343
297241184145131147183241290329354355333288241199181183211257304340369371
320263202142112110139186257316358384369319269220188173183219266317373384
348286222157098075082127191262327384394353295233186161156169207275330381
376314243167102063055081139220301361415401338272206164150149160200275327
345343274198132068041048090160245325379408382316247187156143155190254316
350355324246173108053043064132212312365414422395322251196169162174216271
344370368323239160096068068110173253341395418416364286229186168168185237
301341353338270198129079066072127197276346392408399326262209182176183202
252314342345298230164117087088116168239316371395396374315255214191181196
223273305322323291239184136108110138173251309356384394366313256217192182
189212251293317317286241190150123130153191248300353388383347292242210192
183185204232270303313299260220183158153166204263322359379381361307246205
167163176200232271306319311287245204180168178203251316354385388357295238
190155134132155201264310345352319263213184168170190227287349386397345285
221152115091095123191277327376390354285221175153151182251314360401403343
272196118068057070131213298363406415361277208164145142169229308361404395
323235157078030023052128226320387428432353282220162132133158218293356382
379322235146064019012052121216319396429422365283201149126130162229311363
380362287189111040011019070158260352414438421359265189146131138176250327
368373337251164087038027050113193293375423432397328247183144135147198274
339368359302225149082050047084152235318387419420376304231175148144167220
294337355338277201137084073087144200283354398409395341269209174165170201
251304333335300245184134112112139182236301353382386365304248204183179185
216254293307308273228184152142147180210249311348360359337293242210197196
207229252279288289269235198177174183203234272322356368361325284243220208
208210226251272285286278251225215206207218246275314337346341304265237217
202202203217241265280284282265243228223222227247274299313316315300263236
206192190190199235269292298296286261241224222228246279304314318314297258
221188176170174212257301323329327298266238228224225246278312324325319277
236191154138139165205261316347350334297258226216214227257281320337337315
270209154111103121161236300347372372346301247215203204220249287321343354
310232162104079081118183260329371407407347281233198189194219265310346367
351284194126077059079136210301369418430398342263210181177191233293340372
379337252156091050052094168243332407437431380310245196174171185232300351
384369305222137074047052098178263347412444432375291224179159161186241311
361393349275184111051036056114198292375423450419349261201160144152191266
332380394330250162098053048078136230319387432449403328247186154144160211
281342382380313238157098067065106173264338398438441391310236184154146166
212282335365359305236171125098096138194268344398438422365287220175150144
166214271315347349301243186146122134166216288357402419403350279221175148
144164206259302335346316273219187166168193238300354390402381335271218167
142133154190249298333352340298252213185182203239294348379387368323263210
158124118128170232296341368368335279231204192204233286333369385363310247
183133101093112159239306359390391344283231204193201229274317363381358300
233163112080072092141233309369413414354280224194177178211258311362380360
295224152091052052094169258343400437423364281220185171176209263328371386
356283205128063037051104190288366419446418361276216180166173209285346385
387350265186110063051079149237329405449456423349269205173163181240307362
395387326249157096061061109189275361424450451406329262207178170185237310
366385379311224153090071082129204290369424448439389306234186168170201263
328367380349276198136095088116170249321378421433401329259205177168179221
283333363359305240175133116120155221285349404425417375307250205174171200
247309348359344298238187160151166203267324379410413393338276229199190198
227275321338336313272234199181179192243291338371382383364313268231211199
201226273295305307300274231203198201221263299344365367363343293252221202
199209235268300307304293264228212207210226261302331346349341312274237211
198191204235272298311313293260243232226231242270306331343345331300256224
199182179193229265295313319309280262250244248256277306327335338322293255
206171156161177219264306325329314285267257250248253271294322337338321281
239177140125134175220277311337349340302269248231223228250284316341348328
279209149108093099153228304360402416399339272233211206220252289327355366
336263183112072067086166241321383416427396336263206177175208242287344372
372311226131071041053106182276350417448439384304224178153161197247298367
389372289194113029019031104206293402453472449381274198139138159197260329
383396366271175097023014060129232339395444450414336235174138127133195274
348390397350253162090048042087159260355418443442391299220158122115139200
289361389388320232153093061062107179273366428444419347253176130114114154
221299360386369296214150107094113158219296373416427394322243171128111115
155218291346368344291229173140131137186235306369404407356285220156121109
119150203274322348348303252206174167169201248305361385386346288222171129
111114145187252309343355338304258233210207226256302347372371334274223167
131122129162201258318357373363331284244223216225248285321347353326282228
170132113119138193252312362389383342287238215205210236274313337345323276
223176122099095124187261328381408401358294242208194197221256303339354335
283215154104080087137199280355401418399342272217181169178225264313344351
326263191124076063079136207294369414423395336260199168159169211277329363
366315229152091064064101162248330395424420369289222171153149172224293347
374362287195123075060080125196281362411427396327244182150141152197257318
361374324236156099071071106163238318385419425375312240176143138161212273
336373368315235160100076094138196273343396425416352267196149131141185240
302345365345281210142105100125185237311360404413372302226168134130156200
256314345348315249184141122125163222270321375398376317246192152136146180
228277321337328280221178155149163205248289340386386346285221170145145168
201243286317325307268223185171173195235271309342352353310251195157147153
172201241284313316298260229207198208228245271310339345330291243201169157
159183220253281303311307282255231214211226253281308326328310274230194169
159164192221258294317327324311293276261254254265282299317322312289245202
170158160187222258298335347347328304276263255253254261274291304303282234
184148124123146188226273311346358337295262239227223227243265288313317293
231173131110108129177233284330382388353300245213203202203223263306336330
295225166125091099131180247318363403401363300237200186186209250290340368
353290210140087070077112185267340388427408343266200159149153190254312379
398364281181112063049068121202295378441446404327241163119111128181258329
384399360253157080043038067134229332405457446378275196128096096121187273
351400406342230145080046050098168275367438463435358249163103078079122198
300370420410350245156090063080131211302375446460416323218141087072086132
208300375419400325237163107101119164232318385452446376288200132080074094
137220302356376374309235180141135155193245322395412384324247174126099096
118164234302344361343302255212188178186217264317366372342291230178141117
116136172222274322340335312274242220212214224252284316332323283239197163
140135150181217256305336339324300262236224221226240261284308306281247204
170143134145178217259295333348338307271241217209213232252277298302291260
213167137123130161202248303346366353317271233206195196217250283310319298
254205158124109117149204272332379388360308252207180169182215259302326326
292232176128098095118168233306363386386343282221175149144163217273318350
351294230167110084087133191257331377396374322250191152137145182236293342
380341271196139095082107155219286352393403362290221163136132151204267336
381370320247180121092091132183254324385408387317237177135117127172231292
361381351280210149102093118167222300354395395335240183120098099139219294
352388377306247192124107119165225277329371397389310216148103097109160232
316366375339281225157129126143196246298345380384362268178122103106130194
247313359361313255200160149150172220265312345365343286204144100092112155
214277324349337279225184166160172202232276324344342300236178139111111138
177231281312325310261224200190190200226255290312318304257209172143132136
158195239279307319302268244230220217220234254275294298280248213176150135
139161191231272300307299281266251239232229234249268281281271247217185156
140139153191228262291307315306287266236225223226241258273285284266240204
169145140153185227271307331338326303265231211201201220250274298305284243
190144110098110156200279332371383363317255210184173177201244285323338324
265194130086078100144216296364404414383311235182147131148195261324374385
334246160098054051091149241328400433428371294206135094088112178259343405
412354256162082031030066143240346411454424364256164080049051107200310382
433412330219134056020033096180292382440456400295195105042026054119227336
405451409316214124057034062126219343414454445367261158075015008052138248
358435451396306210125071066100160258357415452427332223135078032025071142
253345423430373285196136104100127195270354405415381300200123063039058100
181280355405406360290225175144148182224286349378378327260191128096082100
146210289344375379344296248207185183204236276310333332298246195150126123
136174223277325349354332302272245227212217245270295304303284248211181161
155160190222262309331340337317292262241224215223246270282287282267241210
182165163180211250291324343343327294256230212202209229257279291295278248
209171152147162194239285320356360339295247206184180192222258291310313293
253202161138136157204266318360375365330273216174152153177221267310343343
292235181140117117149208278342378386358303245185143127134180238300348366
339276213156115106125173239310364395389340271200144111110145205276335372
381325257187132102103143196263335381402370298220152101086107154234306363
392371290217154107097114164231307365394389332246167112086082111186266341
384391336261185128102097132182258337385398354274190125073058086147226312
373404387318233162119106118166232303365394385314233159092060066121196270
348392402362280200144120121154208277335377395336261185115075066098163234
311370402385317240179144136148194251310351373355297229159099077085124185
259326370385356292234187164164195221264311337344322261194133098092114164
222282337364362321268222196187194214242269300319322283231169128109114141
178229290326342336304271242222213213217228262286298292258214175149139140
159186233275311324322308283255235223216219232255273291281249219192168152
148158178225268305320325320297271241218200196209235260280291281251216178
150138139167215264306336350348324274234196178176194222253280304315298245
184128106113155206264319355382380337273212159132133157206266314349361331
255174119091094132194264337386410404341249171116093093132204289358401407
362273177109068074129203298379428445412337228142074052067133229333404448
443379270167094061078138233338411459462403289182090026014059147261366440
475455364236144075054091164269362437472451361240131036003-03047159284381
443484462339226138079066106184283379448464419314199100023-03004086198313
402462481442326218142094088143223322392432434385289181088020001047118222
324400452463411308219152121121167229314372403402342249163086041037084144
229322390444437368289215162142142179233304346364349289224163105079078113
170243314364394390337278224189176174195235278311322302248203148122113118
152189249308348364349307270241216203198202227261286295279245214189172162
162175209256298324334333316288254222208200199220245263273275269253228203
183176184214253289316330334325300261230199186187205234259275284284273246
209181170175206244282314337344329290253203174163166197234270298312306280
238200172162164202245288328355360321274223173146139150188234285325341329
287231184158152167199244298348364352310248190142117119149207271327362364
325261205165141143173219280335368372338277211148105095116164232304358379
365315248192144128140178235300350375362314244170107073082127200274344385
394352283219164132135161211272334375383340264190123070058096159235319379
409398339254194145126141179243308359388367299213145081049067125203289365
409424393323237182141135163214283343380384345264184109060058107175262342
400432417367275212170153160204263324369386367300226163103060066130200281
355408429409347268211174163176217273332359366335271188125086082113172236
314379410410369302243200179184210251304344359345297235178125102113148208
274338383399384337282236205194202229263303323327304259206154122113137173
224286344375376348307269237214204210231258289306304279247206167145139152
187233286333355357338306273241213201201220244269289294273252223191165146
148171219269313345356346322286248215195188192214244272291297286255225182
154153177222272319353367365340296252208176162168195235276313333332298241
192154145167206261317359383380347291226173130113124168226294350376373327
258192147129146194260330379406401357282209138082066092146234320387424414
355260190137116137187264345402431417360271172097042037075151263361436470
449377269184127112139197290376431449414340232135052003011069167286393464
489452362247168109100134211306386437443398298186091010-12002082187313404
476491445344243166113106138237318398442437362251152072004-05024114226347
428480482324314224148118120161242335396424411330229122044012014086172280
377443474457373279197151130129188265340382396363268206125062042062123199
294380431447424360278212168149155195263325363367325253189132093085114167
232313372407415383322258210182171177211262303329332303240192153131135165
202257312359383380352310259221197191198223252279294296276244211186175176
193229267313346361361338304261226206201209231252272283286280256234213202
200208237269309338348346327293261227206193191202225252279290289272251229
214207210228259298325338338319290256219188169169188223260287305311296268
236214204206226257292319341344321279234190159145149183231277312334334309
272234207198204228261298332355357316263208163134127147189244300347366358
315268223200191198225264311346360344296235174128102111149209277341380390
368314254210186184207243294342366364327262198139097085112175244322381407
398354288238198179186213259315357376360299224155099070082132204288364414
429405344272217182174187226284344381381338262184114061054091158248335399
436432393307240189164164194247316361386367307222146082048064121203294373
429449425365279212169158170213274334373382344268188116061044074147226320
393438442411338261200164159182226293350374367316243169102062063114186268
352410439430389313245194173173203256315351371351296235160108082098150215
290359413437420364290237193175183216260311345355331280215158121110130175
237304373407422402352292237194181191225266304331341321273221177148141170
211259328378407410383333280235207192193223260292320334321288245208181172
188220265316372396397377331279237203185178200234266297320325316283245212
189187220272327366391396379336279227188163154171207260313349363354317262
222200194222269323367396398380332263210155125117139194263327370396392348
275222187178198245305358392399376313244175114076071100171260339400432422
363278212172161182235304363400406377306222146074036037090172278370433461
440367273205163150171226301370404410367282195107038009022092187307399451
465432340242182144138167230318378412406336243153070013002028112230342423
470473415317225164136138175249336393415390308220129059012009066156268370
446481482412304221158135134185272349399413379295202117050021025113200305
394453472452376275198153136138197276344386390340256181110057043085155235
309385443457415338249187152146165217283337370370320255185123094094138194
260337397431434389314251202172166185230288333349341297239186147134138176
226290357397415399343286243200180180198236282317329318276234198177170183
212250301359387387362317274233205189189207233265293306301276244219200200
216241273314353369363333293256224200187186208232265287296293279260243227
223230253285317344353347323287253218190177179200230266294310312303282262
243233240265295323344351340312275235200176162166190232275309325330317294
264243235236252279306332339331301253215177147134137181232285329355362344
305265242234240257282309331344338296251200154123114138190252312362386387
350295254227218223243273307340352333287224166117091097138200277343392411
391342281237209200206231274323354357322260195134083066087147230314381421
424392329266215184181200242302351374363309235161103053057102186280371427
445422366287230184168174208276338374380341266187116055037066134226329404
451453418342264203167156176229300357386378323241160094039032084161263362
430460451398317237180149145177243321370387372311231149077038047095184277
372433459440384296223169142142180251317367383356289200134075049070130213
308389440449421355266202153132138197269324362365329268200133085074107171
















