MUMBAI
1964
000000000000000000000000000000000000000000000000000000000000000000000000
437489487428319233156121121153239330387413396317217128046010014082165280
382448483462395287198136109115164252334386406373290189105054036054123211
318401455464417333244172135120133194265335374378324257180112077078107169
244326395436437388309226163132122146196273332358356312249187146125128160
214277345395414401354282213172144140162209265306327325292246200170159175
201241292346381389361309256208172152152175213257295317311281251224205203
214241272313349367362327282232193165154162189218251280300308298278256238
229234249278309338351338308268231194170158161187218252284311324320301275
256247249262282303321330317295263222185156145150178214251288322340336313
283261248248256269287305315309289253212170142131139168212262314350366351
317281254235231238256278300317308278238194148112102108161221285335367374
350309267233211207217238272303323315271220160112079078108160235308363392
388351297248211191189205239286325338320269198134081065057126200282356400
412388335275222188176182216268317345344313248176107060050071134219306374
418424387320256200170159171213278334362358305226145058037051111195286364
422438412348270207165149160203263333374377334260189114059043074143227318
393438447407332251188147137160212289346381378321238164095054056104178266
352415449442388294218163134137170234304358384369306223149087066086144223
309382432448420348264193146126137178244316358378354289211141101096131190
262337399439437397314238172133126147188258318356369334268200151127137175
233299364412430405350274204151123126148202260311348353322270217178163173
205253311364401404372314247187137112112141188244293326338318282237204189
193210252298348375373334276218169127104104122165224275314346343306271235
210203210239287330352346309260209161120089081102148209272321354368345301
254220204206231272312339345315230220167114074057074124195267332378402377
326266220192187203246300334355340288235165102055036053105187280363414436
406343271214176164185234293343375354303227162096036016035103195302384444
458425344257186146136157216296357393386327244159074007-04048144248357433
472460395296210146118122164250329386408384309212125053009017077172285383
452483462390283190129100114175261354404428395311211114045021050119217331
415473484441351245165107089119192288364412420369273176095052048090165266
357425467459400300204136103103146222303371405400336247168110082096144218
305383440455424353262183128105115166243324376393371304228162124118148194
254325387422423375299222162122112137181255316354366335272210169155164198
238288341380398378322258198149127136166213263308335338307262225202197212
237267306346369366335282228184155148161187221260294316316295274254239234
243258279301327340326292248209175155151161184216248279301305293282272264
257256262273291307311295268235204176156148158179215249275297310314307291
270253247252267283293295284268246215184156142144172210252292322343347331
306277258248247257272287296295280251216174146132134162203253300337362363
336295259231214214226253281302303282245198154115098107146204268329368387
369323271229200188197226265302331331298239185129091087112167239318379413
412376314256215191188209247298342362354300225157107077082130207287363422
442427374300232186168173209268331370387363298216139081059088150235334408
449452416335255188145134161219293362400403354275184113059051100179277368
434462448387291208145114119160237324378414410344247153087055078140227325
405460472435350246171114098118176271347402423398319223141081071107176268
363432467453392293198126083082117200283363408419376286196129091098145217
304382441453419338242163103074083127203298363403407353273197144121137178
247330393431427377294214145092077093148225300358391391346277213175164184
223281342387405391341269200147106100123168224289339368372344294246217210
219243285329365378354309250197149117113133165213265314347359348317282254
236233243272313341349331295250202159130113118149198251305346368371350317
275244226224246285316327322303270224176130103102128181243307361393403383
334276237213206221258293327343338306255193141100088111163238320381421434
414349280222186175198251305350373369332267194130081070100165251338410450
452411326239181150150179236319373404395337253175108061058102186291380447
473451383282200139118127179265342400421391314222143080046061123212332415
469475437339236185112095122189286372419430395308207131075054086162264367
441474474394284192122087092134226331393429422362265181113074084136222322
400452462422331235156098078103166263355404423400330237161109097126185272
352414445431364275183122086092128200265347392409381298219159128132171229
300361408420387320231158110091107156226302354382378330260202163156179216
264318365387377329265200144114113144198258314349366348298245210196206231
262300336356357323274216170139129144180227271310330330309275247230227238
250268292314328320287242197163146151169196228263297313312297278265258255
254257266279292295280256228197170155156176201232260284303310307298287273
263257258262271277279272258237214189170163171197228262289309323329322306
280259243237242253267280283274256228201172154155177214261299332353359345
312274245224221236261284301307301278242198156131132163218270320358379367
346295244203186188214252285314332319277220168120095106151213279344388405
386330261207168152166204256314349362339277211149097079104161237318386428
433394323244178138131158213287351395404365283194131079071113188276364425
455441381283193129094107154236326389426421367271175103060072128221322407
458469432346240147088071100168275364424455439369255164092066096162267368
441477465399286182104054061110205314397453468434344237155098093137219312
402461479447354239144072038058116204301383437450409306215144109114171253
340406452451393281184106049042079148239335399444441378280203156143169218
288362411432402319230152097064070118176260340393424413354275217182180204
249305352384388346279207145104088104139194263328372392382340287244221212
223250292334356353317268219174140120121156196254308349372372348314280254
238231240270302327334312277242202169147137142194246297339367381375339298
258232218221246277301318319303271229187150132145183231284330372399399363
307251211191193220256296328342337295246187145117118157215283342392419412
363286224174151154191248310352374361313244181134102103140210287364417437
416351266194143118128177249323375398379322241171116088099149227316392438
445402312226157108097129190279355407421390316231158109094121185273358421
453437374277184115081090140228322387425430378287199136103112157233325396
440444396301208130073065105178276360412441418352254180128110136195278358
410434411336241159095068085144229324390435434392312231167123134176242319
379418424385291197128080076115184270344403424420369288214168151175220285
345389407392329244171113084098148219291356396409386322256201174175203252
315355377371326256190141105102134192249313362386386345293245213200208232
269310341348326272216168136123134170217271318352360349313275244226224234
252280302316314284243198160138137158190230273314339346330302275258251249
252262276292302296276245212187175174185208244280314336342333316297283269
260256260269280289284273252228208190180188206239279310333344343333314286
264247237240251265281290288273248221196175173190222268309337355360349322
285250223207209230263292314317302266229191164157173218269318360385389366
319265216184174188224270312344355332286223172140130158208274333386411409
369299233174137135167232300355387395367291216157120121159224303374421442
424354264183123100118168252334394428423379289203141106116168243334405451
458417324220139078066101175272364431463447382273184122098121184283375440
474453380263160080036045102196309401462484454368252167113104147231332409
464474428324216119044016049120227338416475484440336234159117127178261361
432468462392280172084030021069150260357434478477420332235170135149201282
364427446432363243147078037040089178272366432468462400302224172158172223
294358390400379302209135082062082132202290362414438428377295232197188206
249306353374368321259197139108105133171222299356400418408358298251221214
219244279316343345318272221176147138145172220278335374393388356310268237
219214222247280306318310281245205175157157175212260311356377386370330284
241212198199225264301326331315282243205174163172206258312359392401385337
279226186169170206253298334347348315267215175153160201257313363397406391
334258197152142158203267327365385381320255201167155170210269333387417416
376303220162121117148211286350394406379319250190152146170214279349401422
402333245171119092106159228316378418419375300230177147154186243314380417
422370281197129089092129196278359418439419359275204167155167208276350402
422400319233152095077102154135315390428434417347262189159158184238303367
402405351264182108068076121194273349403430427375289223177160180219279342
380395363297215131082073106160235314379419427399335262209182181203253312
359381372319250174119086098136196272335390415414370308252207194202231279
331361366330274206151110105131178240302364399412383367280238213208218252
298333347337289238185142116125156201249302353385389365318270238220217232
255285318323314277232189155139146177216261307349369369341302266244234234
246261278294301292265232198173165174196234271313347362357332300273258248
242243250266282289281256228206187177177199230270309339352349327299268248
233222219227247272290293277251227204185178187217262312346357352329300268
237206187181198231267294308304279240199168156171207253304344366369350303
250203165147148180231282326348346306248198159146157198253311358385388354
289223163119101116164237306359392387328263198149132148194261328382411408
356272190119066059091153227290367413420350254186138126154212284356410433
412334235137062035038092156228320425455428348248168130120149228312380421
431386294193089028017038102180272394460474426328231162127120151239336399
433428344233127035004003045135234346430482477411302215156124123174261351
407434397300195102022-03007062150261362432481472399291205151134138189271
356404416368270174086030014026092180278366433466451362276200156141149210
294347380384344239171093052039062123191275348389408389328256197160151158
195251299334334288232174127092084100137198271327370387365313259213185176
177194227263295303278238193156132128135160206261308339352348309262219191
176171182213247272283278256222192171161164180210254299326344340307263222
189171167174199236260282295283255226196173168175202247300330350335298257
219177146138149178225262298311298268233197176172179206249293324347335295
244197156133125139184237282315335340294240203184180181221261303331343327
278222167134104106145202257307349360338284237206190189206240278320339340
314251193142107096124174231295340385385339271233202190192216258305337352
343284218163115088096139203265330378400372313254211188183192227275323353
359317245180128078076110168239314368400404366304245201184183200241292334
357347281211152091073084131194261339381398385337272220190181187208255307
344350305236174112079077102156227296351395397361300245202179176190229278
325352328267204139092073083127184250309365397386340285236196179181200237
287331334300237181127088081096147206277327374394367318262219193183190214
254289314307264210159111092092121172234298348379379335289247214191186197
223260293308286240198148117110125157200255307357384369320271233210200200
212236263282290275237199162138132141167216265315353367350302262229207196
193202222246269280270246212182164158163185223267314351369349299256227202
188184194211236268292287263233203176170177199233282326360367339294248213
181165163176204238276305313297262223192176178201243298338366371341297247
201157132126143199259312349363345292238204183183203250307353378378351296
225173125093093128205270343387398374311242195172173202255315355382387343
271200133073048066123213301370417428394325250196177178215264318365394400
342258169093037026063125211307392442457403313239188171171208266337388411
408341244164090036026083156253340418466470416332243190160159225301360405
416387300201122041008020096182265353439481470395292226171152162231317379
414407356275179100034012042127222301397449476455368267200155137144234320
376413404329247155087043030069167250337396442465440342251190160144153247
328379402388321238165104061056092181273346397443453419320252198163150173
255319356379361292234183129096091129200282350389415421390306241198174165
177219263311336340305253210174149145168224286335368392394362301248201179
167173215254288310314298267234207192187201230271312348375377346294244202
174157166197237280304314313292263236215203212236270311342361362326271226
190162148158192235272304328330307272239222214216232260299332356350314258
216182153137150183232274310342346327294264237224228246274309340357335287
239186144126127161203264310354377368339290251230221228250283314343351324
271214157118106123174236290333370387364322279241218216230258286316344347
316250187131102096140203262314358394403365316264232217214232259294328360
350297223160114089100165206282331376407394354296250224205214240274309349
361328260194130085077115180247303354401413384333281239201195221254287324
357356300230161095072086144207270324377416413371310264219184188228268302
341362332274199120071076113169230290343396428410355307257204182198243284
319353355312243161104079085132192251312369409420386342291230189181209255
297330359344294214140103089107156219278342388418410370330268208180188221
261301336355332266191131105109140183247303355401412392363309240198185200
238273307337349325254196151135149183219269326368404416384321275236209196
206251290318340344321276226193177185218267307343373399396354299260217184
182209251287316339344328294255220201209239276313345377396385335287239196
165165199240278316345362343312282252230229250280311346379399375324270207
169143137166208257303343374377352308268231216229272304344384404387323250
191137101097127180251300351394406364304261218203213252297347386403372304
235165111082075103170249316372432438379308250206188206253296337378399363
308224157092050054100185273356432461459396307230184166182222284344387411
379282176106054025050108184280362448481462388285204160148163222287344394
421370270161099035013044119205289372459493465378277205159140149220298361
415427378261172093027012038100215297377458488452360255182137126139218307
371411415336241158095039037074132248315406465468414319231163125122148233
316370400401323234158101068071103181278352423460446382285207151126128158
237313364384369318267182133111126181234298352405430411348269202164135142
185242292333359352307250197163152170208252300353392402386333249190154148
154174220260300332326300254209186186200230260296330360366343295244194166
156161185218257286306311303287266245234240259283305328346340308264222184
161154161188226260286304313305290273258248245250262280300318317310278243
184161154156171207252292324326330311291265242238246260281300317310278243
206170148139145167210264313345353338320292260237229236258281302317304277
241191149125118133177229279325362372351314272244225221233257285310328307
279225170127106115143195253306353387380348302259226216220238262291321335
312260195140099093115162222285334382405382340283238212203217244275303336
334299233169113083084121185247302356411410376320260215195188204245285328
359343290210141092073090136212276328382420410351281220186178186215259305
351365333254176114082078113163237305364414428397321251194166164181220281
341372370311228145096074084124198278343403420419356275204160144147186245
309354373352275192129094081105159226302374417427392320242185146137150199
263320366372330265184124098100136200258330387417411356280214159129129156
206274330358352307252180138124137173216284344393410383313237180137125134
173218273322349337295242196169163174200244301351383394365290223163131124
140189229271313339341310255217198194206236279314356382370334267205155126
119128163217264304337343328301270237224234263292320349369356318259201155
126111123166212260302343364349315276250237233245267292326353354320264204
149115103111147206278330374393382340294258231220223252288330365368327263
197132086070084138212284347392420410354297243206192197232273317353371351
290212121053040069126198274370427450445385318249200175188232281338392409
378311219147100064088156232297388462483446390319237186166181228299375417
426366273185110048040076136230307408473484438362265187146136164226311379
424435376266170098055048091173257362441486486411324228159122114146225318
387429424358254165095054064134202290388461487450385284204146106116163242
328394420408335242160090075105170240327400456458415343248181120104131188
253319393397369298227155125129158200260344397434429383298216161122118152
210274331376378340284229190174175196235287351392402366312248191146130144
184236283320346348324290249209203219248276306338372380345297240179148145
156194236276304327329315285250230229239260285307330343333312280235186165
165184211241269292310317310297281264251253266282295307310302289268231195
178177193218244267290307316311302289273264258260267277288297292278258235
210182167170186219257294326344344331309284263249247256272285294290264233
202176161155158173209255300344360353332300265241228228245269292309306279
245211171141136148176218261313363384368336296255222205211234266300330331
310252192150124117131183235282340399400368318262217195194211241287325357
358308231171102091105145204257319392422402353284229190182195225269321361
380367290212132086085115182236292359432434393330245194161154177238308358
401399342261181097068084149211268335414441423373288213162128132186267354
406411386324233136091087121182241305380438449417323229165123116142200300
374410409368292200135100097135209276348411441428352252183127107117162240
324389412403336241184130110128182245319384427430390318231168112096122181
257322374400389328253197145141164217292352393408406361278203144107106137
187264331378393379316269219187187207247292240379392376306236175131114121
157208259312351368356322277234211212233264296328351358341286225177136122
127159210263303332348339321299277253239245266291312331336320283235186146
126125148188235282320349357341318285253233226234255279310323308282244200
156121109121161212272321355382374345304259227205205230264294322331314268
216154109084088124189263329376407395350280221183165168199247300339356335
286203132079055062105192277348414436420360274197150132138193258314364391
368284182114067050069123220318388445457420334228155110100118186270326393
412380280172094054045080153261348420467455395304205138092081116192296365
424435360262152086059056096183290379444458438362252156094068081129230324
398437411336234146088071090166235328399444448400299204129078068100180276
362416428391302216153108101145204285356410440420350252169104076085144218
303373410408367275205153132140184238289352399408372286207143100090122175
238300361391376323262219179167191229270314356378367307244184132114124158
201262312352369351308264228202201220249281315341349325275214170139136152
181226268308337338318287256238234240252267282300312310288244205174154152
167193228265296316316307288270258251249252261275287294284263239218197177
172177198225257288313315308297282265256249248250256265272268258245223200
182175180194218249281306320319302283263245231226231240250259266264252227
195160140140166207242281309325328320296259231205197204228258280296294274
236193153130131161202251298334363366339278236200180178195226261296322318
282226168126106112149214266324373391368322262216180154157182229276315344
339290206147106092110161226288350392401350293234180132124139182244302360
379342254174115082084118183257332394425399322260189112095109158218273347
412390309215136087070094146215286368427426354279200124070074112190256314
410423388304296100062078126188252327417444420329228139068044072129205291
371426439368272181112088110166229302373436435370276182100044039078141230
312392444419334233168119114152207279347414433398318233150077040055105175
265346416439408334244181145148182232300353398410372290205132080061083131
194270336396412383320244198175180214257301344373370327255181129095089115
155207273332373381356306261228208211226253286318334327288238190144114110
129164204258308352361349320289257231218220234258286304300278244208175142
127134164209253294334356358332302264230208202210234265288302296278244200
155127123139175236283330363367334290238191165162180212248285309319306255
192139109102118168236300354384390354296230185143134156199254312351364336
270200144096087111172242316380424413363309219159111100129186260336384400
362274202139088078105173253330405438423366258188121080080119200285364418
421371276194123080083126203279370431441414317229153077057088152239336410
436413354245163112091111166242317398436431361262174100057054106189277368
424439400301215142103098142204271359416428398307211131064038068133225316
388430432362270190140111120166230298369402390324235156089051052095164243
333396422400323243183146142166206260324374390358283193122072060089144212
296372408396357287223180165176200234283336365354293227170116087096135179
243303355378358312263225197191208232257288316329311255199150119110128162
210261312344350327295258228209207218243263286302302261221180154141144163
197236275308326327313291264245236234238245255266276265238208186169163166
177199229263293309311303287266252239230224225232241249246234222208192176
165170195228257283300310312301277251232215207208222237248256259251234207
177158162185214251284311331334318283253216194188197218243264285296291258
217178155155177219262304340361365344293237195168161178213255295329339314
258205157133134171221276320366387365315257200148124128158213269326364365
322253189137110122168231298355395399362298222155106083113173237301369402
397315226161110102145209276344394423398324246163100052059108184268351414
435399305213142102106144219303380429437381295202131068034058126216306402
454460393297187127103116167248334406437418329254181100033011041114228356
442473462395272182116104123169254356418431404312208120050005017060149282
398460476446361251154119113154219306375403401342248157070018007046116215
322394446450400304229173140146193253325368385366304225143073035039098162
250333393424421377300231185168176213260309347361338280212150100078091130
187257318370397396355302250211192194213246284312315313270220171136120126
153194248302346373374350311270226204198203226254281296298281252215181154
144158199244296336361370358327281239207187181201235264291305305286249205
168151152182229285329363378371334279218179150146174214261301329337320279
222171144144167218275331377396390335273213159123120148197262323362375355
303234189146138160206273340388406386330256191131091094131197272351396405
375299239178142135164221288363402413380308233155085067099170252337393423
413361272205153134146189262342391413399333246166104059059112196287368418
441418343261200156148170220293366405412372287207134075053092161252338407
447442398316234178154163201258330384404387320233164089052061122211302373
432448428361277211169160178226290346380386349276194122074057092164239327
397429435403308240187164168201245296339364352296221150096066075123198267
347395421404346275223185173191222257303338348313246184129085074103160222
291351388393362309256216189188208237275309329321279222164119101109146200
253309353371364324280240216202202218248272300312290243196147124123142177
222262310346355341310283254230216217231247263278283267236201175158156173
206243283321344348328300277257236224222229241251260264255238216194182177
188208238276312335340323298275248225210205208220235249264270264248224202
187187208241280317335342336316285249216191182188212239264287303303278237
202181181204236275314344357352318275227185153142150185232279321340337299
246200169167190229277326360371362320257200147112104134192258323365382357
299231183150150180235293349382387354288214149097061073123200286356408421
385296221167140144186247308370406401349267179109042022067139233335405447
446370272205162131136187260339397422406319230147057005004059149257360434
480466386280189135120149213281362419429374284187100028-01009093195282392
466492448366261177129125156230300382420413353250152065004-07014094205329
420470477425327236159127124150223310369408393312223136048-02-04042127238
340411466470421324229164136133169240321369396370293208127063029037095174
262349413449445397301229181152152190243305343356332277209142093071086127
190265340391419415367293234197169165197247293325339315273221174135117126
160211274333375395386346290232192166161175207250287306307282245209175156
154178220277329362379372335287233191163152158189229266298312306281245205
177169185226272317350370368335286233183151132137167216264304327331310269
224194178185217255304344366364328280222167123105112156220278328358361330
280233204184187215256308352373371338275200156117094112171246312366391385
340274233200184192229279325359379367321248188120078088146207259319375411
402355308259208181197238278319359369343295214139090064093168232295354412
429396341292236195182209250294338369366325249168107065068123194271338400
437425370310257213182185224270318360374353290205127074058089152230313381
430438405337274226191181200238293344370365313232160095062068120193268343
407438432384310248207184187218260309348363337273201134083066093152224299
365414433407343276237203187198228278326358354308239166113084093136202268
337391422416372305254218193193219255301338352322266206152114102123173233
299352397414391334279238212198205235274306327328296242191148123126159206
259314363394398362312262228207198207235263291306302265224186157143148177
219267322360379371335296258223201192201223247268284281261232201177166174
201236280323354367357323283243213193187198221243265281288277257230207191
191214251298337359365350317280236198174168179201232263291311316297264223
200199216251291330357372362326280226181151137145190239281318344348326280
234204201223258304342368379362318258192147113106122171235296351387387345
298242207195209245293336369384363310243170104062059095168253318374421409
351295231198186196241295354386391367303220138057017029092192273344403453
433353284213176174187238299361400407362289196114039000031108208300374440
483458359271200161156186238309379416412352255162073006-17024110218329421
488503466364267195148142173239321384417414361257161067005-15035115220336
427492505469374266193149137161231322385419415340226121052013012084173278
372435487496418309226159129131175249334386409375297202120057034059117202
303384449479454398308214157127130177239316367388364293211140095078101157
235316383434451432382293221165136132161222288338359349302239184143128136
173231295359409425408363296226175149142157196251305337339314275234199179
181198234295350394405380332273215178149148165205255299323329313186153126
210211234268308348372378348304247197148137151176219265300326338333313287
260237227234260302335357357331282222172143126132170217267306339357353324
285257238229241272305327343346317262209160130116129172225280331369385374
333293258236230242268300328349347314268212163125110128181244305359394406
384335286252231226241270305335352335298237180132100102141202273348390413







