MUMBAI                                                                          
1932
000000000000000000000000000000000000000000000000000000000000000000000000
195238293354402421402354280213158128122149198259308341354338299259222204
204219256305357390399375317256195143113110134183241296335360360341302262
235229238262302341372378354305244186134097091113165229290338378387375335
283250232232256290323350357335293244180119079070097155229299357399414399
357302259235229238271311341357344305244177113073064094152229311378427439
421369302250219207216250299338363357311244162097055049085155235323396448
460427363286232198189201241302350381372314232152085049049094168262354430
472466427350265207183177195253317369396381317226140079046061116195293381
451478463408320244189168168195259329381399366290198122067052079140229323
405460469436366277207168149158201274344384393341256174107070070116180262
354424460448399317238180149140165222296350381372311232162113094113168229
308381433451424360274207158140143183244308354369341280210155128128162207
268332393424421378302238186149140158204259308338341311262207171152162198
247302357396408381320259204165146146165210262305326320290247213192189207
238274317357378375332274222180155149165189226265296311305280256238226222
235256290329357360329286241198171152152165195232259283296299286268253241
241253268296323332326293256219189168155152165192226262290305311305296283
271262262274296311317308280250216186158143143158189226265299326338335317
290271262259268283299302293274250222180146131131146186232283326360369360
329286265256253256271290299305290262226174131113113137186241305357393399
378329283253241238244265286311320308271222168122091097134192259332387418
418384326268229207210229262305332341320265201137085067085131207290369424
442424369293235195177186219277332366369329256174107061046079146232323402
454460424350265204168158174229302363399393335244158091049049094171265366
439482469421320235174140137168244326387418399326226137073043064125207308
399469491463390280198140113122177265350408430393311210131076061097162253
344430485488442347241158107091116186286363414424378290201137101104143207
296384457485466405299210137094097134213305372414414369286213162137149189
250329399451460427354256174113082091134216302366399393354290232195186198
229283347402430424381305229168113097110158222296347381384354311268235226
232253290335375393384332268210158122110119152207271320354366357335308280
262253262286317344357341308262213168131116125162210256302341363372360332
299274256253262290314326323299262222177137113113140198256314360387393375
335293259241235244271296317320305274229171122088091125186256320369399405
381332277235204192201235280320338326283226162104070067104171253332393424
418378317250201174168186232293341363350293213143085052064116189280366427
445424369293226177155152183247317369387360290204128073049076140222317393
448451414338250186143131143186262338384387341259177107061055101174259354
418448436384286213155125122152219305363393378308222146088064082146219311
387439442402323238174125107119171250326375390354290207137091085128192262
344405436421366283207146110107134195271341381381332253180128107131174241
305372418421381305232168116101116158229302350375354296226174143143177226
277338384402384326253189131107113146198259314347357326268216180165183219
259311350375375335271213158125116137174222271311338335299256222204204226
250280320350357335286235186152134134155195238271302314308286262244235235
244259286311323317286244201165137125134155186222256280293293277268259256
247241247268290296290265235201168149140146171195229256283305317317308293
277265259259268280290286271250222198171152146162192229268305332350357341
311283268259259268280290296293271241207171143131140174226280329366387384
357311271241229232247271296311311290253198149110094110158219286347390408
393347286238201186189219268311335338308250183122079067094152232314384433
439408341259195158146171222293354387384332250171107067061097171265360433
469463408311216155122125168238323390424411347244152082043055113201305396
469491460378259174101076094158259354421451424341226134070043076146241347
436491491433314207122067052091177290384448460408311204122070067116198296
390463491463381256158073027033097201317402457454390290192122091110162241
329405457460408305195110043021052122229332402442427366268189146131158207
277347408436421357250165091043040079152247329390414396338259210177174198
238290341375381350286213146085058070110174244308354372360320277241219219
226247277314341347320265210158119101110137180235286326338338329308280262
250238247268290302311296265226186149134131146177219262299326341344332308
277256238235238253277293299283250213177146131137162204253302338363372354
317274247222213219241268293308302277238192149119119146201262320369396396
363314268229198189195229277320338335299247189140107110146207277347396418
405363299241195168162186241302350372360305238171122097110155226308378424
433405344268207162143146189259329378393360293213149110094122183265344411
439427378296222162131128158216293360396393344262186134104113162235317387
433436399323238177128110125180259341399411381311229162116107146210290366
424442421354268195137104113149226314381421418366283204152128143192256332
396433430384296219149107097125183265344399421396332250186146140174226296
363405421393320238171116088101143201290357396402360286219171152168204259
320372396384329256192140101097125174241317366390375323259213189189210244
290338369375341277216168125107116149210274326363369341296253226210213235
265305335347335290241189149122116134180229277320341338311280259244238238
247268299320323299259219183158146146165198244280317329326314296283274268
262262274293305302283253222195174165165186213244274299317323320311293277
265262259265274277290271256235204183168165171189226259296323335338326308
283262247238241256274286290274253222189162143140165204253305338366372350
308268232210204213244271299311305277238189146122119149204265329381408405
363299241195168165189232299341360350305241177122091094134204283366424442
414354268195140110119165241320378402378314229152104070079134216317399454
457408320222140079058085158259363427442405323222140085061085152250354439
478451381274168088024018076177290393454460408311207125070067107195299396
460475430332213116030-12003079201329418472466399290192122079091143232335
418460448381271162070-06-27000088204320405463451384274189131104113171250
341411442408326226131055000-09046134259354424448424357265195152149171219
290354393402360283195125061033049104183277354405421396344274226195192207
241293335360357317256195134094082104140204274335372381360326283247226222
226241271302317326286244201158131125134162207262311341350341320299274259
244232229241265286296274241210183168162158174204238286320335341329311286
262238222213222241262280286271247219189162149152186232283320344354350326
290250213192183195229262293308302274238201162140146180232286335369381366
329277229189165162189235286326344335296247198155134140183244305360390396
369314253195155143152192256314360375357308241186149137162210277341390411
399350274213158125125152213286347387390354286219168137140174229299369408
408372302229165119104125174244323378408393335259195152137158204268341393
414390332247174119088097137207290363408414378305229174146146180238308372
405402350268192131082076110168247332393418402347262198152137158204265332
375390360286207137082061079131207293357399411375305232177146152183235299
350378366308235165097064070110174250323375402393341271210171158174213265
323357363326259189125079067091143210280338384393366305247204180180201241
293329344332283222165116085091128183244302350378378341293244207195204226
262299320326305259201152113104122162210256305341357347314277241216210219
241271296308302274235192155131131152183222262305335344338311280259241235
238250268283290280262235207180158158171192229265299326341335320293271253
241238235247262274277268250222201183168168177207250293323341344332308274
247222210210232256280293296280256219183152149168201256305347372378354305
256213177162171210256296320326311271222180140128143192250311360393402372
305235171128113131183250314357378357296232171125110128180247323387421418
366280195116070064097171268347402418387314222152107094122183268354414442
418335232134055015024091183293381439451405320226146097097134207299381433
442393286174082006-21009088201317408463460405305210140097113155232326396
436430354238128043-24-37018113244354439482463399290192137110128174253335
399421396308198101018-31-24040134262366439475448381283198143128143189268
338387402360268174088021-12012076171274363430454418354265198158152165213
280335372369317244168097046033070131210296369411418393338271219186180192
229280323344341299241183131091088116168229293350387390366323277238216207
207222256290317314280235189155140137152183229283332363363341311274247222
207201204226259280290277247219189168158158183226274320344347335308286253
222192183186213244271286286271247216189171171192226274317347354344323286
247207174158168201247283308314302274238207180174192232277323357372360329
286238192162149165207262305332347332299253213189186204247296341375384369
320265207162137137171226283335369381350305250210189189226274326369387381
341280219165128119140195268329378396384341280232195186201241293344378384
360299235171119094107152222299363402408375320259210183183201247308360387
378329253186122085088125186259335393421411366296232192177189226277329369
378344280207140088073097149219299369414427396332262213180180198244302350
375363311238168104064070116183262341396424421375305238195180186213265323
360372341268195131085070091146222302369414427399344277222189177192232290
335360350299232165104070076119180250320378408408375314253210189186210253
302338350323265204140101085104152213274332375396384344290241204189198226
268308326323293238183137110110137180229286335375381363320277238210204213
238268290299296268232180137116125152189238280332360366344311271238216204
210232256277290286265232195158146149168201238286329357366347314271235213
207210216238262280293277253219189168162171204250299338363372357317268222
192180177195222262296314314290247213186168168195244296344375381363317262
204158131131165213268314347354329280226183165165198247302354384396372311
235171113082088131213280341387399360299235189165168198247314369399405360
283201125064046067128216305375427430390320238183162165192250320381408399
347256162082018003049122222323399445439399320235177149155192253323378402
390320216125040-21-12049131226335408442439387296216162140165186256326381
411378299195101021-24-06064152256354421445433375280207152137174174250320
366414335253162082018-06015085180290378433451433375293219174146177229296
360393399354268186116064030079146235326399454436436375286216180168174226
296347378378317241171110076070107168250329396433411405341265210183180183
226268317344344296232174122101101140189256320375402387366311253207180177
183210256293311314274232186149128131168213265320360372360326280232195174
168174192229256280286265232198171155162177213259305338347332296256219186
165155165183216247268277265247219192177177189222265308335338317280247210
177152140140162207250283296286265235207189186198229268305323323302274238
195149125116131171219262296320317286250216198198216238271299314317296259
213168128107110140189241293335347335293250216198195213241274305320317290
244189140101088107149210274332363366332283244213198201219250283314329314
271213155107082088122177250317369387372326271226201192201222256293323329
302244177113073064094143210283347387396363308250210186183198226262305329
323280213140085058064104165238317375405396350286238198177180198238286329
344320256177110064046073128192265338387408387332268216186174183213262314
344344296226152094058061097158235311372411411378317250201177174195238290
329347326268195128076058076122189262335393418402357286232192174177204259
314350354317247180122079073110162226299363405421396338271219186174183219
271323347338293229168119094104137186241314369402402372311253204171168186
229277314332320280226174134119131162204262329378399390350293241198174168
186226271311326317277235189155146155186229280335378393381341280226183155
158177216259299320323293253213180162174195235286338375387369317262204158
131131152195247293323332320283241201180180201241293335369378360311250189
137107104128177238299341369360323274232201192207238286338372381357299235
168110076073104168244317372402399360296247210198204235283332369378350290
219146082043049091168256335399433427390317250210192201232277323363378354
286204125058021030085165262357421454445399317238189174183213265323363381
350277189104030-03015079171277369436457439390299222171158168204271335378
387347265174085018-03030101195299384445463439378286207165152162210277344
384384338247158085027012052122219326402457460427357265195155143162213286
350384381323238152085040043088165256341414451445405329247186155149168229
299354381366305226152101073088134204280360414436418369290222174149149180
232293338354329274210152113101125174232299363408421393341268210171149158
186235286320332314271222180152146168207265320369396387350293238192165158
165195232271293308296262222192177183201232277329366375357314262216183162
155168189222259290302299271241216207210232253293323347354329290247210180
162162171195229265296308299283259241229229235256286317335326299265232201
168146143158192232274305320323308286262241238247262286305311311290262222
183155143140155192241286326344341317290265247238241250277299311308280247
207174143125125152201256311354369363329283256238229235247271296311308277
232186143113101110149204271329372384363317271241219210222241271299314308
271219162113085085116171241311369399399366314265226207204216247286317329
311265204140088067082128189271341393414399357293241204189195219268314347
347308247180116076064094155232311378421430402344271219186180195235286332
360354302226149094064073116177259341399433424384311247198171165195244308
354363338271195134076052082140213299372427445424366280213171152162201262
323366372335256180116079073110168232320396433433396332250189152140158204
277341375372320247171113082088134189256341402430418372296219162128128155
219290344369354299229168122107128174226302369421430402341262192140116122
165232302354372357305247204168158177210268335390427427399335262192146131
149180247308360378366326277241210198204235277335384408399360299226168125
113125168226293338369372347311265232222226247280326363387372329259201152
116107116152210277335369378366329293256235232244265305338363354311256204
152110088101137204277329375393390366323274244226226244286329350344311259
201140091070082125183259335390418408369320268229204207232271314341344317
262192131076046064116195290372418436424372302241201186192216262320360372
335259183107055033061122207308387442451430369290222177162168201265326369
378338259171091046040073137229320399445451424357271198158149168213280350
390387335247155082043049101174265357424460451411329238174143140165222296
360393381320229146085052073128204293375436454430375286207152131140174238
314372393366290207137094082119174238317390433433399329244177137125149192
256320360369329262195140110116155207274347399421402344268201152131134162
207268326363357308244195158149174207247308363399402366302232180143140158
189229280320341332290244207186195222253286332369384369320256204168152158
177204247290323338326290259232229238247265290323350354329274232186158152
168195222247277299311311290265250244253265280296317332332305259213189174
171180192207238277308320317299286277271265265271293311314302280250222195
171162168189219250293317341341332308286268265265271283293299293277250219
189165155155174207250296332357360344317283259247250262277290296299293268
226180149137146177216265323366387384357317277250241241256277299311317305
274226168125110125177238299357393405390357305256226213222241274311338341
314259195137097091119168238308372418427402347283232201195210241290338363
357308238165104073079122183262344411448439402326250195171168198250314369
387369308226146088061076128204290372433451430366277195152143158204274350
396405363271180110067058097168244338414457454408320226155119122158219299
372421414357256165104073082134192277366439466442378271183125094104149226
311384418402341244162107085116168235317393445454414329232152097085107158
238326390411384317232168131125155201265341408442430375280195128085079110
171250332381399372308241195165171201241296354396411384320235165110088097
137192262329372387363317265232216222235262299344378384350286222165119101
110146195259311354369360335302271253247250262283320344354326274219165128
116128149189235286332357363354326296268247241247265290308317305277235186
134107104125168216274323354369366338308265235219219238265293308308286247
189140097085101140198262323375396387354296253219201201216250293326341326
274207134088067082134201274347405424408363290232189171171198244299347366
341277198125070049067119201283372421433405347265198152137149189256320369
384350271186107058046076146232317402442433387299213155125125158216290357
393390332244152085052067122195290372430448421357256180128110119168238317
378399378305213134079064101162244332399439433384293207143107107134189265
341393402354265183122091104146210283360414430396326238165116097116158226
299360390381320241171128116149198259326381414405350268192137104107137189
256323369384350280213168146155192235286344381390360290219158116107128162
216277329357354311259213186177195229268311350369357311247186143119128155
189238286326341332286250222210219241256277311332344323268213165137137152
180207244277308317311283253241238244253265280302317311277232192165158158
171186207241274296308302286277271265262259265274283293283259232204186174
171180189210238271302317320311299290283268259259268283290280265247229204
180165165177204238274302326338338323290268250238244256268277283283268238
198162140134149183219271314344360350317274238213207213238259280296299277
235183134107101116162222286341375384360308256210180174192219268302320320
290232168110073070107168244317375405402360290222177149152183232296344372
354299226155094067073122192277360421439414357268195140119134186250323378
399378311219143082058088146226323411454445393299210134091088134219308378
427424375280183113064064110189290378439460436354247152082052073137232329
402439430366262165088064091140232326402448454408314204116043021058134238
338408442430366268171122101128180262350408448433363256158085049046088158
262366424421408341250180143140171219290354396405375305210131064040061110
186274350396393375311244198180186213253302350378378335262192128079067091
137198271332369369344302262229210213229250290320341332286235180134104097
122155204256305338347338314286256241241241253271283299293268235198162137
125128152201253296329344344332311286259241235235250268283293286265235192
155134128140183229280326354363354326286247219201201219250280302308296259
210162125113125162219280338375387372335277229189171177204247293326341323
271207149104091110155226299360399402372314247189146134149195256320357369
338274201134088079110171247323387418405360280207149119116143201277341384
381332250174113079085125195274354405418390320235158107088107155232308372
399381311229149097079110162238320387421414357265180119079079119186265341
393408372290201137097104146207280360411414372286210143091064076128198293
357387387335253177134116125180247320372402396329244168104067067113174253
326372369363290216162140140165219283338375384341259174113073070101152222
296350372350311238186152162171204244311350363344271195128088076097137195
259317354366332274222186165183207244280320338335293238174122097101131174
226280329354350314265226204201213235262296320329308262201158128125143174
210253296329338326296265250241241244256271290308305280235192165152155168
192219256293314320311293277268259253250259274286290283256229204189180180
183195216250283305317320311302290274265256256265274277274265253235219198
186177186213247277308329341341323296268247235238253268280286286277262235
201174162168198238280320350372369341296250216204207232259283305317311283
235186146131143180232286341381396384335268213177162174213259308344360341
296235174128110119171238311372408418381308229165125113140198268332378399
369302219149097079107177256338402439433375274180113076079125195286366414
424384302207140088085128204296381442460430347232140067037061131235341421
463454399293195122085104158244338418460451384268165076012012064165277381
457482445369253168113101137201293378439454418326213116033-09009082195317
408466475430341244171128134168238317390430427372277174085021006052125226
329408454451402320235177155165201259329381402387323241158088037033076146
238323390427421378308244198183189213259302344363347293222158104073076116
168238311363387378347305265232213213226253286314326314274229180140125128
149186241296338357357338314286259235226222235259280290293268244213180155
149158189232274311335344344323296262238216213219235259280290283271247210
177155152174216265308338354357341308262219189177186213253280308317305271
229186152146158201259314360378375344296244195158146162201256308344357332
283226177143134155207271332375393381341280213155128122149204271335372378
344280216168134131165216280344384396372311235168119094107152226302360390
384335265201146125137180238311366393384338259183122085085122189274347399
411381317244180143140171222293354393399366290213146097076104162247329393
427421375296222171155171210268329381405387323241168110076088140207296369
421436405344262201165165195247308366399399357283207146097088125186259338
399436433390314241195174186219271332375390366296219158107082101146210293
363411424396335268216189189210250302347375369326256189134101104140195262
326381414411372314253219207213238274317347360338283219158122113134174226
283338384390372329280244219219232259293320335329296250195155134134155195
241290341369372350314274253238235247262290314320305265222186165158158180
204244290326344347329302280259250247250259277286290280256229204183177180
192219253290320338338332314293268250238238244259274277274259247226210192
183186207241280314335344341323290256229213204213238259277286286274250219
189171174195229268308341363363332283235198174168183216259296320326308268
219180152152177219271323363387378332268201152122125152207271326363375347
283222168137137165216280344396414390323235162101070082125204290363411414
366299216162128128162219299372421424375283189107040015046122222329408454
445393296213152119131168250338402436421354247146061000-06049143256366445
482466396290201140119137189268350408427396314198101024-21-18061171286390
463491457381271192140122146207299372418421369268162073000-24012097198317
408472485445354256177140134162229305387408384320219131052003000055137241
341421463457402317235177152155189250317363381357290210134070037046091171
262350408433418369302241192174174195250299335347320265201140094076091134
189262329378393381341290241207186183198232274302311293247207165137128131
152198256317354369357326286253219201192195216241271286280262235204180158
152171207265314341350341323296259222189174177198229253274283283268241204
174165180216259305335347347329293250207168149149174213253286308311296262
222189174180213256299329347341317277229177140122131162210265314341341308
262222192177180210250302341360347311259204152119107128171235299347372363
320265222186174189226271320354363341293229171122091091128186262332378390
369317262210183177198235286332360360320256189131088076104158226308369405
399360296241198177180207253311350363344280213146094067079128195274354405
421399344274222186177192232283332360357314247177113070064097162241326390
427421381314247201177177201250305347363341277201134085058076128201286360
414430408357283229189174180219271326354347302232162104064061097158235317
378414414381317250204177171195241293332344323265201134085064079131198268
338387408396350286232189174180210259302329326290232171113079076113165229
299354390396369317265222195186195229271311323311268213155113097113152198
250314360387381344293250219198195210244280299308290253207162134125143180
219271317354372363332290253219204201216247274290293277247213180158155168
192232280320350363350320283250219198195207229256274283277259235207186174
180201238283323347360350323286241204180174186216247277296302293271238207
189189207241286329360372360323271226174149140162198247293326341338308265
219192186204241283329366381372329259207137104097125180250314363390387347
283235198189204235286341381399375326238165104064064107174265341399430418
369296229186171183226290347390399369293201125055015027088177280372436463
445387302226177162177222293366399405354268180091021-09015094198311402469
485457390290213162152168219305366402405347250149061-03-21015097210323418
475488451369274201158146171238320378411399332229134052-06-15043134244350
439488485439354256186152146180247320378402384311210122049003009076131256
354427466451402317238177149146174247317369384347271192107055037058119195
299378433451427366280216168149149189250308347360329265192131091079104149
219296372414424393338271219177158158183232286320329302253204162134128146
186244308366396396366317265219186168168186229271299314296262229198180174
186219268329372387375338299256213180165162180219256283299299283262235216
207210238280323357369354323286247210177158155171207250283311320308286259
238222229247283317341347335305268226183152137134162204250290317329323299
268241226222241268302317323311283244198155122110122158210262311344357341
302265238222219235262293311317302271229177134104097119171232293341369372
344299259229216219238262293314320302256198146104088101140198265329375396
381338286244216207213238271305320317283232174116079073104158226302363399
405378323265222198192207238277311323311262201140082058070116183259332390
411396350286235198180180204250296329338305244171107064058088146219299369
411421393335271219186174186222277320341332283213146085052055101171250326
390421414375308244195171168195247299335347320253183119067055082143207283
360411427408354280222186171183219271317344344305235168110073076116177241
317378414418384317247198171165186235286329347326271210149107088104146207
268341390408396347280229186162165195244296329338314262204152119113137174
232296354393405384332268210171152162195247296323326302256210177146140162
204259320369396393360305247192158146155189238280311323305268229195171174
195232277332372387378341280226174140131143180232277311326320296259229204
195210244293338372384366323268210158125113128165219277323347354332299262
232222229253293335366375360317256198143104088101146213280335372390375335
286250229226244280323357369350308244186122076052073128204283350399418402
354296247219210222259305341360350305241168101046027052116204296372427445
424366293241207192201235296347375369314235155079021006040110204308396454
466439372283219180168183232305360387378320238146067003-03058146259357436
478475427335247183155152183250323378402375299213131052000000058155265366
445478466414314229158128125165238317375393369286198110037-03015085183290
378448472448381283198140110113155238320375393354271186110049030064131222
323399454460427357259183134116131183259329375381341262189128091085125186











