                                                          SURVEY OF INDIA
                                                    MARINE GEODESY WING (G&RB)
                                                     HOURLY HEIGHTS IN METRES
  NAME OF PORT:- KARWAR                                                                             MONTH JANUARY   YEAR 2010
 ----------------------------------------------------------------------------------------------------------------------------
 DAYS 0000 0001 0002 0003 0004 0005 0006 0007 0008 0009 0010 0011 0012 0013 0014 0015 0016 0017 0018 0019 0020 0021 0022 0023
 ----------------------------------------------------------------------------------------------------------------------------
  1   2.26 2.15 1.90 1.58 1.29 1.14 1.17 1.32 1.52 1.75 1.88 1.86 1.71 1.45 1.08 0.58 0.16-0.05-0.03 0.24 0.68 1.15 1.57 1.97
  2   2.29 2.31 2.13 1.80 1.43 1.15 0.98 1.04 1.26 1.54 1.77 1.89 1.88 1.78 1.45 1.01 0.54 0.16-0.03 0.09 0.39 0.82 1.33 1.76
  3   2.16 2.33 2.23 1.97 1.60 1.20 0.89 0.80 0.96 1.16 1.42 1.68 1.83 1.85 1.69 1.37 0.94 0.46 0.15 0.02 0.16 0.48 0.92 1.41
  4   1.87 2.19 2.29 2.14 1.80 1.37 0.95 0.67 0.64 0.79 1.02 1.33 1.59 1.75 1.74 1.59 1.31 0.90 0.50 0.26 0.25 0.45 0.76 1.19
  5   1.67 2.01 2.25 2.22 1.98 1.62 1.18 0.79 0.55 0.57 0.75 1.01 1.29 1.52 1.67 1.69 1.58 1.33 0.97 0.66 0.50 0.53 0.75 1.04
  6   1.50 1.84 2.08 2.23 2.15 1.87 1.48 1.05 0.71 0.50 0.51 0.73 0.97 1.23 1.44 1.58 1.62 1.55 1.37 1.10 0.89 0.77 0.80 0.98
  7   1.31 1.65 1.89 2.04 2.06 1.95 1.65 1.28 0.91 0.57 0.40 0.46 0.59 0.81 1.08 1.28 1.44 1.54 1.51 1.37 1.19 1.05 0.98 1.02
  8   1.21 1.45 1.66 1.81 1.93 1.89 1.71 1.45 1.12 0.79 0.53 0.38 0.43 0.57 0.79 1.00 1.21 1.41 1.56 1.59 1.52 1.42 1.34 1.25
  9   1.27 1.39 1.56 1.70 1.80 1.82 1.75 1.63 1.45 1.16 0.83 0.55 0.44 0.49 0.62 0.77 0.99 1.20 1.46 1.62 1.68 1.66 1.59 1.46
 10   1.37 1.35 1.40 1.52 1.60 1.65 1.65 1.61 1.51 1.34 1.05 0.76 0.52 0.41 0.41 0.52 0.69 0.93 1.18 1.43 1.63 1.72 1.76 1.69
 11   1.53 1.39 1.34 1.37 1.42 1.48 1.55 1.61 1.60 1.50 1.30 1.06 0.80 0.56 0.39 0.37 0.50 0.66 0.90 1.21 1.50 1.70 1.83 1.85
 12   1.72 1.57 1.41 1.31 1.27 1.32 1.40 1.50 1.57 1.57 1.43 1.22 1.00 0.71 0.44 0.29 0.31 0.41 0.63 0.95 1.30 1.60 1.81 1.91
 13   1.80 1.69 1.51 1.32 1.19 1.16 1.23 1.33 1.47 1.54 1.52 1.38 1.17 0.89 0.61 0.35 0.24 0.25 0.47 0.76 1.14 1.44 1.71 1.88
 14   1.95 1.82 1.60 1.39 1.18 1.09 1.09 1.20 1.36 1.51 1.56 1.49 1.35 1.13 0.85 0.53 0.28 0.22 0.35 0.57 0.90 1.27 1.60 1.86
 15   1.96 1.92 1.79 1.55 1.28 1.07 1.02 1.12 1.28 1.44 1.58 1.61 1.55 1.37 1.10 0.75 0.44 0.28 0.31 0.45 0.74 1.14 1.52 1.81
 16   2.00 2.04 1.92 1.67 1.39 1.15 1.01 1.02 1.15 1.34 1.54 1.64 1.63 1.53 1.34 0.99 0.61 0.38 0.33 0.45 0.68 1.03 1.42 1.77
 17   2.03 2.11 2.02 1.81 1.50 1.20 1.00 0.96 1.09 1.24 1.43 1.58 1.67 1.63 1.45 1.19 0.81 0.51 0.39 0.44 0.59 0.87 1.27 1.66
 18   1.95 2.06 2.04 1.87 1.57 1.25 0.98 0.84 0.92 1.08 1.28 1.47 1.66 1.65 1.52 1.32 1.02 0.66 0.46 0.42 0.50 0.70 1.06 1.45
 19   1.79 1.97 2.03 1.88 1.63 1.33 0.99 0.76 0.76 0.86 1.02 1.24 1.47 1.57 1.54 1.41 1.19 0.91 0.65 0.55 0.59 0.75 1.02 1.36
 20   1.72 1.94 2.05 1.98 1.79 1.48 1.11 0.88 0.77 0.79 0.90 1.10 1.34 1.53 1.59 1.55 1.43 1.24 0.98 0.76 0.69 0.80 1.01 1.28
 21   1.59 1.84 2.01 2.03 1.89 1.63 1.33 1.03 0.78 0.68 0.76 0.93 1.16 1.35 1.47 1.52 1.51 1.38 1.17 0.97 0.87 0.90 1.01 1.20
 22   1.52 1.77 1.94 1.98 1.90 1.70 1.42 1.10 0.84 0.66 0.63 0.74 0.90 1.12 1.29 1.44 1.51 1.45 1.34 1.19 1.06 1.03 1.06 1.18
 23   1.40 1.59 1.78 1.90 1.88 1.75 1.52 1.23 0.98 0.76 0.61 0.59 0.67 0.88 1.11 1.30 1.44 1.50 1.50 1.42 1.32 1.22 1.21 1.26
 24   1.38 1.58 1.74 1.84 1.87 1.79 1.63 1.42 1.19 0.92 0.69 0.59 0.63 0.76 0.92 1.10 1.29 1.44 1.59 1.65 1.61 1.57 1.53 1.50
 25   1.51 1.61 1.74 1.82 1.88 1.89 1.83 1.69 1.50 1.27 0.98 0.76 0.64 0.64 0.75 0.88 1.09 1.32 1.54 1.68 1.75 1.78 1.74 1.67
 26   1.58 1.57 1.66 1.75 1.81 1.83 1.83 1.79 1.67 1.46 1.20 0.92 0.69 0.59 0.55 0.63 0.79 1.04 1.32 1.58 1.80 1.94 1.96 1.86
 27   1.74 1.66 1.62 1.60 1.64 1.70 1.80 1.85 1.79 1.66 1.46 1.19 0.88 0.59 0.40 0.39 0.48 0.67 0.98 1.34 1.66 1.91 2.04 2.02
 28   1.90 1.75 1.57 1.42 1.40 1.51 1.63 1.73 1.81 1.84 1.73 1.51 1.20 0.88 0.51 0.29 0.27 0.41 0.66 1.03 1.43 1.79 2.04 2.18
 29   2.11 1.92 1.66 1.40 1.29 1.31 1.40 1.58 1.76 1.91 1.92 1.78 1.56 1.20 0.77 0.39 0.15 0.17 0.39 0.73 1.16 1.59 1.97 2.28
 30   2.32 2.15 1.85 1.50 1.24 1.09 1.14 1.32 1.57 1.80 1.97 2.02 1.89 1.64 1.24 0.74 0.29 0.12 0.21 0.50 0.88 1.36 1.89 2.26
 31   2.39 2.35 2.12 1.73 1.28 0.92 0.87 1.05 1.28 1.60 1.86 2.04 2.09 1.94 1.62 1.16 0.63 0.27 0.16 0.34 0.64 1.10 1.62 2.07
 ----------------------------------------------------------------------------------------------------------------------------
                                                                                               
 ----------------------------------------------------------------------------------------------------------------------------
 ----------------------------------------------------------------------------------------------------------------------------
                                                          SURVEY OF INDIA
                                                    MARINE GEODESY WING (G&RB)
                                                     HOURLY HEIGHTS IN METRES
  NAME OF PORT:- KARWAR                                                                             MONTH FEBRUARY  YEAR 2010
 ----------------------------------------------------------------------------------------------------------------------------
 DAYS 0000 0001 0002 0003 0004 0005 0006 0007 0008 0009 0010 0011 0012 0013 0014 0015 0016 0017 0018 0019 0020 0021 0022 0023
 ----------------------------------------------------------------------------------------------------------------------------
  1   2.36 2.47 2.31 1.93 1.44 0.97 0.70 0.68 0.87 1.16 1.54 1.87 1.98 2.02 1.89 1.57 1.12 0.70 0.42 0.39 0.59 0.91 1.34 1.78
  2   2.14 2.34 2.34 2.10 1.70 1.21 0.80 0.60 0.62 0.83 1.10 1.50 1.81 1.93 1.96 1.84 1.52 1.10 0.76 0.57 0.62 0.84 1.18 1.58
  3   1.94 2.21 2.30 2.21 1.90 1.46 0.98 0.62 0.49 0.56 0.79 1.13 1.47 1.75 1.88 1.90 1.79 1.48 1.10 0.82 0.72 0.85 1.10 1.45
  4   1.82 2.10 2.28 2.26 2.08 1.69 1.22 0.76 0.47 0.38 0.51 0.75 1.13 1.44 1.64 1.80 1.85 1.72 1.47 1.18 0.97 0.91 1.05 1.30
  5   1.56 1.82 2.02 2.10 2.00 1.78 1.45 1.03 0.68 0.42 0.34 0.48 0.76 1.06 1.32 1.49 1.63 1.70 1.61 1.43 1.24 1.12 1.14 1.23
  6   1.36 1.60 1.79 1.90 1.89 1.78 1.59 1.30 0.96 0.66 0.47 0.45 0.59 0.79 0.99 1.21 1.42 1.62 1.71 1.66 1.55 1.45 1.37 1.33
  7   1.40 1.53 1.64 1.74 1.79 1.76 1.64 1.46 1.24 0.98 0.73 0.55 0.55 0.67 0.82 0.98 1.18 1.38 1.58 1.68 1.68 1.62 1.53 1.46
  8   1.42 1.41 1.47 1.57 1.65 1.70 1.67 1.56 1.42 1.22 1.01 0.79 0.64 0.57 0.62 0.75 0.89 1.09 1.34 1.53 1.64 1.72 1.71 1.60
  9   1.48 1.39 1.35 1.36 1.38 1.43 1.47 1.49 1.45 1.36 1.23 1.04 0.84 0.66 0.55 0.55 0.65 0.85 1.11 1.36 1.56 1.73 1.81 1.80
 10   1.68 1.50 1.36 1.31 1.30 1.34 1.39 1.46 1.52 1.52 1.42 1.26 1.05 0.82 0.62 0.50 0.52 0.63 0.87 1.16 1.38 1.60 1.78 1.86
 11   1.82 1.67 1.47 1.32 1.20 1.18 1.26 1.36 1.48 1.57 1.55 1.44 1.28 1.05 0.78 0.56 0.42 0.50 0.68 0.94 1.22 1.48 1.68 1.85
 12   1.89 1.78 1.56 1.32 1.10 1.03 1.06 1.20 1.36 1.53 1.58 1.52 1.40 1.20 0.94 0.62 0.40 0.38 0.53 0.78 1.04 1.35 1.65 1.85
 13   1.89 1.79 1.61 1.36 1.10 0.94 0.90 1.01 1.21 1.40 1.51 1.56 1.52 1.39 1.11 0.78 0.49 0.38 0.46 0.63 0.88 1.26 1.62 1.87
 14   1.97 1.92 1.77 1.50 1.20 0.97 0.87 0.94 1.10 1.31 1.53 1.67 1.67 1.55 1.34 1.05 0.72 0.49 0.44 0.58 0.82 1.16 1.51 1.77
 15   1.97 1.99 1.87 1.60 1.30 1.00 0.80 0.79 0.91 1.12 1.35 1.60 1.72 1.68 1.51 1.28 0.95 0.65 0.54 0.60 0.77 1.06 1.44 1.78
 16   2.00 2.06 1.96 1.73 1.40 1.07 0.80 0.72 0.84 1.03 1.29 1.58 1.76 1.81 1.70 1.48 1.18 0.86 0.69 0.65 0.77 1.00 1.33 1.65
 17   1.88 2.02 2.00 1.82 1.51 1.14 0.82 0.64 0.68 0.86 1.10 1.40 1.63 1.78 1.79 1.64 1.37 1.05 0.81 0.73 0.77 0.99 1.28 1.58
 18   1.85 2.01 2.02 1.87 1.56 1.22 0.87 0.64 0.62 0.70 0.90 1.19 1.47 1.70 1.77 1.72 1.56 1.27 1.00 0.85 0.84 1.04 1.27 1.53
 19   1.81 1.99 2.01 1.90 1.69 1.34 0.98 0.72 0.55 0.57 0.76 1.00 1.32 1.56 1.73 1.76 1.61 1.41 1.22 1.04 0.96 1.05 1.24 1.49
 20   1.75 1.92 2.00 1.93 1.75 1.47 1.10 0.77 0.58 0.52 0.59 0.80 1.08 1.34 1.52 1.64 1.66 1.53 1.35 1.18 1.10 1.12 1.22 1.38
 21   1.59 1.80 1.91 1.87 1.75 1.52 1.22 0.90 0.63 0.52 0.49 0.59 0.80 1.07 1.30 1.50 1.62 1.65 1.56 1.45 1.32 1.25 1.26 1.36
 22   1.53 1.68 1.78 1.80 1.75 1.64 1.42 1.11 0.86 0.63 0.49 0.53 0.65 0.83 1.02 1.24 1.44 1.58 1.63 1.61 1.52 1.42 1.38 1.37
 23   1.43 1.55 1.65 1.73 1.73 1.68 1.54 1.35 1.12 0.89 0.65 0.51 0.48 0.56 0.70 0.89 1.10 1.31 1.52 1.65 1.63 1.56 1.50 1.42
 24   1.36 1.38 1.44 1.51 1.58 1.59 1.56 1.48 1.34 1.10 0.82 0.59 0.46 0.41 0.45 0.60 0.82 1.08 1.34 1.56 1.69 1.75 1.72 1.59
 25   1.41 1.32 1.30 1.33 1.38 1.49 1.55 1.58 1.57 1.44 1.22 0.96 0.67 0.48 0.38 0.40 0.54 0.78 1.10 1.46 1.73 1.90 1.96 1.87
 26   1.66 1.45 1.30 1.22 1.26 1.37 1.50 1.64 1.74 1.72 1.62 1.41 1.10 0.69 0.39 0.28 0.34 0.54 0.85 1.23 1.56 1.90 2.10 2.03
 27   1.82 1.56 1.28 1.04 0.94 1.00 1.20 1.43 1.66 1.80 1.82 1.69 1.46 1.11 0.67 0.34 0.21 0.31 0.54 0.91 1.37 1.76 2.07 2.21
 28   2.09 1.80 1.43 1.00 0.76 0.72 0.88 1.11 1.42 1.74 1.93 1.96 1.84 1.57 1.15 0.68 0.31 0.21 0.39 0.70 1.10 1.57 1.98 2.25
 ----------------------------------------------------------------------------------------------------------------------------
                                                                                               
 ----------------------------------------------------------------------------------------------------------------------------
 ----------------------------------------------------------------------------------------------------------------------------
                                                          SURVEY OF INDIA
                                                    MARINE GEODESY WING (G&RB)
                                                     HOURLY HEIGHTS IN METRES
  NAME OF PORT:- KARWAR                                                                             MONTH MARCH     YEAR 2010
 ----------------------------------------------------------------------------------------------------------------------------
 DAYS 0000 0001 0002 0003 0004 0005 0006 0007 0008 0009 0010 0011 0012 0013 0014 0015 0016 0017 0018 0019 0020 0021 0022 0023
 ----------------------------------------------------------------------------------------------------------------------------
  1   2.30 2.07 1.69 1.21 0.79 0.52 0.49 0.72 1.05 1.41 1.75 1.99 2.07 1.95 1.63 1.17 0.67 0.38 0.35 0.57 0.90 1.38 1.85 2.19
  2   2.34 2.25 1.99 1.53 0.97 0.45 0.28 0.39 0.70 1.08 1.49 1.86 2.09 2.15 1.98 1.62 1.18 0.78 0.51 0.55 0.77 1.17 1.63 1.98
  3   2.22 2.29 2.12 1.70 1.18 0.63 0.25 0.16 0.34 0.65 1.06 1.52 1.88 2.06 2.06 1.92 1.58 1.10 0.77 0.64 0.77 1.04 1.35 1.72
  4   2.03 2.19 2.16 1.90 1.47 0.94 0.46 0.16 0.12 0.37 0.72 1.13 1.53 1.80 1.99 1.98 1.75 1.41 1.09 0.90 0.78 0.93 1.18 1.52
  5   1.84 1.98 2.03 1.92 1.63 1.19 0.69 0.32 0.17 0.24 0.44 0.76 1.16 1.49 1.70 1.86 1.83 1.61 1.36 1.11 1.00 1.00 1.13 1.35
  6   1.61 1.81 1.92 1.90 1.71 1.41 1.03 0.68 0.44 0.27 0.36 0.59 0.89 1.18 1.39 1.60 1.73 1.69 1.52 1.37 1.21 1.12 1.14 1.21
  7   1.37 1.56 1.70 1.73 1.65 1.47 1.24 0.93 0.67 0.51 0.40 0.43 0.63 0.89 1.15 1.36 1.49 1.59 1.61 1.53 1.41 1.30 1.24 1.20
  8   1.24 1.38 1.49 1.53 1.51 1.44 1.31 1.12 0.93 0.74 0.55 0.44 0.46 0.63 0.83 1.02 1.20 1.38 1.47 1.50 1.48 1.41 1.33 1.21
  9   1.15 1.20 1.26 1.32 1.34 1.33 1.28 1.20 1.09 0.93 0.73 0.58 0.53 0.57 0.64 0.78 0.97 1.14 1.35 1.48 1.55 1.57 1.52 1.41
 10   1.28 1.23 1.22 1.23 1.26 1.32 1.34 1.33 1.28 1.19 1.07 0.90 0.76 0.64 0.62 0.70 0.83 0.99 1.20 1.39 1.56 1.63 1.67 1.57
 11   1.41 1.23 1.14 1.09 1.08 1.12 1.20 1.30 1.34 1.30 1.19 1.08 0.91 0.72 0.58 0.54 0.63 0.83 1.07 1.30 1.50 1.65 1.75 1.70
 12   1.52 1.36 1.16 1.01 0.98 1.00 1.11 1.26 1.40 1.45 1.43 1.34 1.16 0.90 0.71 0.60 0.63 0.74 0.96 1.22 1.47 1.68 1.82 1.83
 13   1.66 1.47 1.25 1.02 0.87 0.90 1.00 1.19 1.39 1.51 1.56 1.52 1.38 1.15 0.85 0.62 0.53 0.63 0.84 1.09 1.36 1.63 1.87 1.98
 14   1.78 1.55 1.30 1.03 0.83 0.73 0.82 1.02 1.28 1.51 1.62 1.64 1.57 1.39 1.12 0.82 0.62 0.61 0.76 1.02 1.31 1.62 1.83 1.92
 15   1.89 1.68 1.44 1.10 0.80 0.64 0.71 0.89 1.14 1.42 1.62 1.75 1.77 1.62 1.32 1.01 0.76 0.65 0.72 0.89 1.15 1.52 1.81 1.96
 16   1.90 1.75 1.50 1.14 0.78 0.55 0.53 0.69 0.91 1.26 1.55 1.71 1.82 1.72 1.51 1.20 0.86 0.68 0.67 0.81 1.07 1.40 1.72 1.92
 17   1.96 1.87 1.63 1.23 0.84 0.53 0.43 0.51 0.75 1.05 1.44 1.71 1.87 1.89 1.70 1.45 1.10 0.82 0.72 0.77 0.97 1.32 1.69 1.92
 18   1.96 1.91 1.72 1.39 0.97 0.58 0.38 0.36 0.56 0.85 1.22 1.56 1.83 1.92 1.83 1.64 1.36 1.06 0.89 0.88 0.98 1.24 1.57 1.86
 19   1.97 1.96 1.83 1.53 1.13 0.70 0.43 0.35 0.43 0.63 0.97 1.36 1.66 1.84 1.88 1.78 1.55 1.25 1.03 0.90 0.96 1.15 1.41 1.69
 20   1.90 1.92 1.82 1.60 1.29 0.87 0.53 0.31 0.30 0.48 0.76 1.10 1.45 1.72 1.86 1.84 1.68 1.45 1.19 1.05 1.04 1.14 1.33 1.59
 21   1.80 1.91 1.82 1.67 1.44 1.07 0.66 0.42 0.34 0.42 0.59 0.87 1.26 1.57 1.77 1.86 1.80 1.64 1.46 1.25 1.15 1.17 1.30 1.48
 22   1.69 1.82 1.85 1.77 1.59 1.31 0.98 0.66 0.47 0.43 0.51 0.66 0.96 1.27 1.53 1.70 1.79 1.75 1.63 1.47 1.33 1.25 1.27 1.38
 23   1.52 1.63 1.75 1.73 1.63 1.43 1.18 0.93 0.69 0.53 0.45 0.52 0.74 1.00 1.24 1.41 1.59 1.74 1.72 1.59 1.44 1.35 1.32 1.33
 24   1.34 1.45 1.58 1.64 1.59 1.50 1.39 1.22 0.99 0.76 0.58 0.53 0.59 0.73 0.93 1.17 1.39 1.59 1.72 1.73 1.67 1.59 1.47 1.32
 25   1.26 1.32 1.40 1.47 1.52 1.54 1.53 1.43 1.29 1.07 0.83 0.63 0.55 0.59 0.70 0.89 1.13 1.40 1.64 1.81 1.87 1.81 1.67 1.48
 26   1.28 1.17 1.14 1.22 1.32 1.41 1.51 1.58 1.55 1.46 1.24 0.97 0.72 0.57 0.58 0.67 0.84 1.11 1.45 1.73 1.93 1.99 1.91 1.73
 27   1.40 1.14 0.98 0.96 1.02 1.14 1.33 1.54 1.69 1.74 1.59 1.37 1.12 0.81 0.57 0.52 0.59 0.86 1.18 1.54 1.84 2.03 2.06 1.93
 28   1.57 1.20 0.90 0.70 0.70 0.80 1.03 1.34 1.64 1.83 1.87 1.78 1.55 1.20 0.85 0.59 0.56 0.72 0.93 1.31 1.69 2.01 2.19 2.10
 29   1.78 1.43 1.02 0.64 0.40 0.43 0.67 1.02 1.39 1.73 1.96 2.03 1.91 1.63 1.22 0.82 0.60 0.60 0.78 1.09 1.52 1.87 2.12 2.19
 30   2.03 1.70 1.25 0.74 0.32 0.19 0.33 0.62 1.00 1.44 1.86 2.09 2.16 1.99 1.69 1.26 0.88 0.69 0.73 0.99 1.33 1.73 2.02 2.18
 31   2.13 1.91 1.48 0.95 0.44 0.12 0.06 0.30 0.63 1.16 1.64 1.94 2.11 2.13 1.98 1.62 1.16 0.83 0.75 0.90 1.17 1.49 1.84 2.08
 ----------------------------------------------------------------------------------------------------------------------------
                                                                                               
 ----------------------------------------------------------------------------------------------------------------------------
 ----------------------------------------------------------------------------------------------------------------------------
                                                          SURVEY OF INDIA
                                                    MARINE GEODESY WING (G&RB)
                                                     HOURLY HEIGHTS IN METRES
  NAME OF PORT:- KARWAR                                                                             MONTH APRIL     YEAR 2010
 ----------------------------------------------------------------------------------------------------------------------------
 DAYS 0000 0001 0002 0003 0004 0005 0006 0007 0008 0009 0010 0011 0012 0013 0014 0015 0016 0017 0018 0019 0020 0021 0022 0023
 ----------------------------------------------------------------------------------------------------------------------------
  1   2.17 2.02 1.69 1.23 0.71 0.25 0.04 0.12 0.36 0.80 1.30 1.69 1.98 2.17 2.12 1.89 1.50 1.13 0.93 0.85 0.98 1.23 1.58 1.87
  2   1.95 1.94 1.77 1.44 0.97 0.43 0.11-0.03 0.08 0.39 0.83 1.29 1.64 1.88 1.99 1.93 1.68 1.36 1.02 0.88 0.90 1.03 1.28 1.55
  3   1.76 1.80 1.72 1.55 1.18 0.74 0.34 0.13 0.06 0.21 0.56 0.97 1.34 1.62 1.82 1.90 1.79 1.58 1.31 1.04 0.95 1.01 1.17 1.37
  4   1.59 1.72 1.68 1.60 1.41 1.11 0.73 0.43 0.28 0.30 0.46 0.75 1.09 1.39 1.63 1.78 1.79 1.70 1.50 1.33 1.16 1.07 1.14 1.25
  5   1.44 1.59 1.63 1.57 1.48 1.29 1.02 0.75 0.52 0.41 0.47 0.61 0.87 1.17 1.38 1.57 1.67 1.67 1.60 1.45 1.33 1.21 1.15 1.16
  6   1.23 1.39 1.48 1.47 1.39 1.29 1.14 0.96 0.79 0.63 0.51 0.56 0.71 0.97 1.19 1.35 1.49 1.59 1.60 1.57 1.49 1.35 1.23 1.14
  7   1.16 1.22 1.26 1.29 1.31 1.29 1.24 1.15 1.02 0.86 0.75 0.68 0.70 0.83 0.99 1.18 1.35 1.50 1.60 1.63 1.60 1.55 1.43 1.28
  8   1.17 1.15 1.15 1.18 1.23 1.28 1.33 1.31 1.24 1.13 1.00 0.88 0.77 0.77 0.87 1.00 1.16 1.32 1.49 1.62 1.65 1.61 1.53 1.37
  9   1.21 1.04 0.98 1.01 1.08 1.16 1.25 1.33 1.33 1.27 1.18 1.06 0.92 0.79 0.80 0.88 1.01 1.22 1.42 1.55 1.66 1.71 1.66 1.49
 10   1.25 1.09 0.94 0.85 0.90 1.03 1.21 1.34 1.42 1.45 1.41 1.29 1.11 0.94 0.80 0.83 0.95 1.11 1.30 1.52 1.70 1.80 1.76 1.64
 11   1.39 1.13 0.91 0.79 0.79 0.87 1.08 1.29 1.45 1.58 1.62 1.53 1.35 1.16 0.97 0.85 0.89 1.00 1.22 1.48 1.70 1.82 1.81 1.73
 12   1.50 1.20 0.89 0.67 0.59 0.67 0.87 1.11 1.34 1.56 1.70 1.67 1.53 1.31 1.07 0.91 0.84 0.88 1.03 1.28 1.58 1.78 1.81 1.73
 13   1.54 1.21 0.87 0.52 0.41 0.42 0.60 0.85 1.20 1.51 1.69 1.79 1.71 1.52 1.28 1.03 0.90 0.83 0.96 1.19 1.49 1.75 1.85 1.81
 14   1.68 1.39 1.02 0.67 0.36 0.31 0.43 0.69 1.03 1.37 1.70 1.86 1.87 1.74 1.49 1.21 0.98 0.87 0.89 1.08 1.39 1.67 1.85 1.86
 15   1.76 1.51 1.14 0.72 0.36 0.17 0.26 0.52 0.84 1.21 1.58 1.89 2.02 1.94 1.72 1.47 1.20 0.99 0.91 1.05 1.31 1.62 1.80 1.89
 16   1.80 1.66 1.32 0.90 0.49 0.23 0.21 0.30 0.56 1.02 1.48 1.77 1.96 2.01 1.91 1.65 1.34 1.10 0.95 0.98 1.14 1.42 1.67 1.81
 17   1.84 1.71 1.46 1.06 0.64 0.27 0.10 0.17 0.39 0.70 1.15 1.56 1.84 1.98 1.96 1.78 1.49 1.19 1.01 1.00 1.11 1.32 1.53 1.72
 18   1.83 1.73 1.52 1.20 0.79 0.40 0.16 0.10 0.21 0.53 0.92 1.31 1.64 1.87 1.92 1.87 1.67 1.40 1.17 1.03 1.08 1.24 1.41 1.63
 19   1.78 1.74 1.66 1.46 1.10 0.72 0.44 0.23 0.20 0.42 0.77 1.12 1.44 1.70 1.91 1.98 1.84 1.60 1.35 1.19 1.12 1.15 1.26 1.47
 20   1.65 1.71 1.67 1.54 1.34 1.04 0.66 0.41 0.27 0.32 0.49 0.78 1.10 1.44 1.66 1.80 1.86 1.78 1.57 1.35 1.19 1.10 1.13 1.23
 21   1.44 1.53 1.58 1.54 1.46 1.27 0.94 0.69 0.48 0.36 0.39 0.56 0.79 1.07 1.33 1.54 1.74 1.78 1.70 1.54 1.37 1.18 1.07 1.04
 22   1.11 1.25 1.33 1.39 1.40 1.36 1.26 1.06 0.80 0.59 0.45 0.47 0.60 0.76 0.98 1.26 1.51 1.67 1.75 1.66 1.46 1.28 1.11 0.98
 23   0.89 0.94 1.04 1.14 1.25 1.38 1.38 1.29 1.14 0.97 0.77 0.54 0.50 0.60 0.79 1.01 1.24 1.50 1.73 1.78 1.68 1.42 1.17 0.95
 24   0.77 0.70 0.77 0.91 1.08 1.26 1.45 1.50 1.46 1.31 1.12 0.88 0.65 0.57 0.64 0.84 1.07 1.33 1.59 1.79 1.81 1.69 1.39 1.06
 25   0.79 0.56 0.50 0.60 0.78 1.03 1.27 1.53 1.62 1.63 1.48 1.27 0.99 0.76 0.64 0.68 0.89 1.13 1.42 1.68 1.85 1.84 1.70 1.36
 26   0.95 0.63 0.35 0.30 0.43 0.66 0.98 1.28 1.60 1.80 1.80 1.65 1.41 1.10 0.86 0.70 0.73 0.94 1.20 1.50 1.76 1.90 1.86 1.71
 27   1.33 0.84 0.47 0.14 0.10 0.26 0.54 0.92 1.29 1.67 1.92 1.98 1.82 1.55 1.24 0.92 0.83 0.85 1.07 1.32 1.65 1.86 1.94 1.87
 28   1.63 1.22 0.66 0.26 0.05 0.06 0.26 0.59 1.04 1.52 1.83 2.05 2.04 1.87 1.60 1.24 0.95 0.84 0.88 1.08 1.38 1.65 1.83 1.84
 29   1.74 1.42 0.98 0.44 0.05-0.10 0.00 0.30 0.67 1.19 1.61 1.92 2.08 2.05 1.80 1.53 1.16 0.92 0.88 0.99 1.21 1.50 1.74 1.85
 30   1.85 1.61 1.28 0.81 0.33 0.05-0.02 0.08 0.36 0.92 1.37 1.70 1.94 2.07 2.02 1.82 1.45 1.15 0.96 0.96 1.10 1.34 1.57 1.73
 ----------------------------------------------------------------------------------------------------------------------------
                                                                                               
 ----------------------------------------------------------------------------------------------------------------------------
 ----------------------------------------------------------------------------------------------------------------------------
                                                          SURVEY OF INDIA
                                                    MARINE GEODESY WING (G&RB)
                                                     HOURLY HEIGHTS IN METRES
  NAME OF PORT:- KARWAR                                                                             MONTH MAY       YEAR 2010
 ----------------------------------------------------------------------------------------------------------------------------
 DAYS 0000 0001 0002 0003 0004 0005 0006 0007 0008 0009 0010 0011 0012 0013 0014 0015 0016 0017 0018 0019 0020 0021 0022 0023
 ----------------------------------------------------------------------------------------------------------------------------
  1   1.81 1.72 1.48 1.14 0.71 0.27 0.06 0.01 0.20 0.61 1.06 1.49 1.80 2.00 2.04 1.90 1.68 1.34 1.06 0.94 1.03 1.19 1.36 1.56
  2   1.71 1.71 1.58 1.30 0.98 0.56 0.26 0.13 0.23 0.47 0.82 1.21 1.55 1.85 2.00 1.97 1.79 1.57 1.31 1.09 1.03 1.12 1.24 1.39
  3   1.55 1.64 1.59 1.45 1.22 0.88 0.58 0.36 0.27 0.35 0.67 1.04 1.33 1.57 1.81 1.93 1.87 1.73 1.48 1.25 1.13 1.12 1.15 1.24
  4   1.46 1.55 1.54 1.49 1.35 1.10 0.86 0.66 0.49 0.45 0.60 0.87 1.14 1.39 1.59 1.78 1.86 1.78 1.64 1.46 1.31 1.20 1.14 1.21
  5   1.30 1.39 1.46 1.46 1.40 1.29 1.12 0.93 0.76 0.66 0.71 0.83 1.01 1.27 1.48 1.66 1.81 1.83 1.76 1.61 1.46 1.34 1.24 1.17
  6   1.18 1.25 1.33 1.40 1.40 1.37 1.30 1.16 1.00 0.87 0.81 0.84 0.94 1.13 1.31 1.49 1.66 1.78 1.79 1.71 1.59 1.44 1.30 1.16
  7   1.07 1.07 1.14 1.21 1.28 1.33 1.32 1.27 1.19 1.11 1.00 0.89 0.90 1.03 1.19 1.35 1.53 1.69 1.76 1.75 1.69 1.54 1.34 1.14
  8   1.07 0.96 0.93 0.99 1.12 1.26 1.34 1.39 1.39 1.34 1.24 1.12 1.03 1.03 1.09 1.23 1.40 1.57 1.71 1.79 1.78 1.67 1.46 1.27
  9   1.05 0.89 0.81 0.86 0.97 1.14 1.29 1.42 1.55 1.55 1.46 1.34 1.19 1.07 1.05 1.14 1.27 1.44 1.61 1.73 1.76 1.72 1.55 1.36
 10   1.08 0.83 0.69 0.68 0.73 0.90 1.13 1.34 1.55 1.69 1.66 1.56 1.41 1.26 1.13 1.11 1.22 1.36 1.52 1.67 1.80 1.83 1.71 1.49
 11   1.18 0.86 0.66 0.54 0.54 0.67 0.97 1.29 1.52 1.72 1.81 1.75 1.60 1.41 1.22 1.11 1.14 1.26 1.44 1.61 1.76 1.83 1.78 1.61
 12   1.29 0.97 0.66 0.43 0.38 0.52 0.78 1.10 1.40 1.72 1.94 1.96 1.81 1.62 1.42 1.22 1.15 1.18 1.30 1.51 1.72 1.83 1.83 1.72
 13   1.40 1.04 0.68 0.37 0.21 0.29 0.51 0.82 1.22 1.61 1.88 2.00 1.95 1.82 1.56 1.31 1.13 1.06 1.15 1.33 1.56 1.76 1.81 1.73
 14   1.52 1.23 0.82 0.43 0.21 0.16 0.29 0.57 0.99 1.42 1.76 2.01 2.12 2.01 1.75 1.45 1.23 1.09 1.12 1.24 1.44 1.68 1.85 1.82
 15   1.66 1.41 1.05 0.60 0.23 0.10 0.17 0.36 0.70 1.20 1.60 1.95 2.11 2.11 1.94 1.70 1.42 1.16 1.04 1.14 1.32 1.60 1.77 1.82
 16   1.78 1.64 1.32 0.87 0.40 0.17 0.08 0.14 0.44 0.84 1.35 1.73 2.02 2.13 2.04 1.88 1.64 1.32 1.07 1.03 1.17 1.36 1.58 1.75
 17   1.81 1.72 1.51 1.18 0.70 0.34 0.09 0.07 0.23 0.56 1.00 1.41 1.76 2.01 2.12 2.03 1.79 1.46 1.18 1.04 1.06 1.21 1.40 1.60
 18   1.71 1.72 1.61 1.38 1.03 0.60 0.31 0.12 0.15 0.37 0.70 1.11 1.50 1.81 2.02 2.07 1.93 1.67 1.38 1.16 0.98 1.04 1.18 1.37
 19   1.54 1.66 1.65 1.55 1.30 1.00 0.68 0.39 0.27 0.32 0.55 0.86 1.26 1.61 1.84 2.02 2.03 1.88 1.63 1.30 1.11 1.01 1.04 1.12
 20   1.32 1.44 1.57 1.58 1.47 1.28 1.04 0.76 0.54 0.39 0.48 0.71 1.00 1.27 1.57 1.79 1.92 1.97 1.78 1.49 1.23 1.00 0.86 0.86
 21   0.95 1.11 1.26 1.38 1.46 1.43 1.31 1.11 0.86 0.66 0.55 0.59 0.76 1.00 1.31 1.56 1.78 1.92 1.85 1.65 1.41 1.14 0.89 0.71
 22   0.68 0.77 0.91 1.11 1.29 1.41 1.44 1.38 1.23 1.00 0.81 0.72 0.75 0.83 1.06 1.34 1.60 1.76 1.83 1.78 1.62 1.36 1.02 0.73
 23   0.53 0.49 0.58 0.75 0.97 1.22 1.40 1.53 1.53 1.40 1.24 1.08 0.91 0.89 0.97 1.17 1.42 1.61 1.78 1.86 1.80 1.62 1.30 0.93
 24   0.57 0.38 0.35 0.45 0.69 0.99 1.27 1.52 1.70 1.73 1.59 1.40 1.20 1.02 0.96 1.06 1.25 1.46 1.63 1.77 1.85 1.75 1.49 1.14
 25   0.70 0.36 0.17 0.17 0.36 0.65 1.01 1.31 1.58 1.80 1.88 1.78 1.51 1.25 1.05 1.00 1.09 1.21 1.43 1.59 1.72 1.77 1.66 1.34
 26   0.91 0.51 0.15 0.00 0.03 0.27 0.60 0.96 1.34 1.66 1.88 1.89 1.73 1.48 1.22 1.03 0.93 0.97 1.12 1.35 1.57 1.69 1.66 1.52
 27   1.20 0.78 0.36 0.03-0.10 0.01 0.29 0.67 1.10 1.52 1.81 1.96 1.94 1.78 1.50 1.22 0.99 0.94 1.03 1.18 1.39 1.59 1.67 1.61
 28   1.40 1.07 0.63 0.23-0.03-0.10 0.06 0.36 0.83 1.24 1.61 1.85 1.98 1.91 1.69 1.40 1.15 0.94 0.91 1.05 1.23 1.45 1.63 1.66
 29   1.56 1.28 0.94 0.52 0.16-0.04-0.06 0.16 0.52 1.00 1.40 1.70 1.90 1.96 1.84 1.59 1.30 1.04 0.87 0.92 1.06 1.26 1.48 1.61
 30   1.57 1.39 1.15 0.80 0.36 0.08-0.04 0.07 0.37 0.74 1.16 1.52 1.77 1.93 1.90 1.74 1.50 1.21 0.99 0.89 0.95 1.15 1.38 1.53
 31   1.53 1.47 1.34 1.07 0.69 0.41 0.23 0.17 0.28 0.58 0.99 1.37 1.67 1.86 1.95 1.89 1.69 1.39 1.13 0.98 0.97 1.05 1.19 1.36
 ----------------------------------------------------------------------------------------------------------------------------
                                                                                               
 ----------------------------------------------------------------------------------------------------------------------------
 ----------------------------------------------------------------------------------------------------------------------------
                                                          SURVEY OF INDIA
                                                    MARINE GEODESY WING (G&RB)
                                                     HOURLY HEIGHTS IN METRES
  NAME OF PORT:- KARWAR                                                                             MONTH JUNE      YEAR 2010
 ----------------------------------------------------------------------------------------------------------------------------
 DAYS 0000 0001 0002 0003 0004 0005 0006 0007 0008 0009 0010 0011 0012 0013 0014 0015 0016 0017 0018 0019 0020 0021 0022 0023
 ----------------------------------------------------------------------------------------------------------------------------
  1   1.48 1.55 1.45 1.23 0.96 0.69 0.46 0.28 0.25 0.47 0.81 1.17 1.44 1.65 1.81 1.85 1.73 1.45 1.17 0.99 0.89 0.88 0.96 1.09
  2   1.27 1.36 1.34 1.24 1.07 0.80 0.54 0.35 0.30 0.37 0.59 0.88 1.20 1.43 1.63 1.72 1.68 1.54 1.31 1.07 0.90 0.82 0.81 0.91
  3   1.05 1.18 1.21 1.18 1.08 0.94 0.74 0.53 0.41 0.42 0.56 0.77 0.99 1.25 1.48 1.60 1.66 1.56 1.36 1.16 1.00 0.86 0.76 0.77
  4   0.89 1.00 1.08 1.15 1.12 1.05 0.93 0.77 0.65 0.58 0.61 0.73 0.94 1.19 1.38 1.55 1.64 1.64 1.52 1.34 1.13 0.93 0.79 0.73
  5   0.77 0.89 1.02 1.11 1.16 1.18 1.16 1.07 0.93 0.82 0.81 0.87 0.96 1.13 1.32 1.52 1.63 1.65 1.59 1.49 1.32 1.12 0.88 0.73
  6   0.70 0.75 0.85 0.96 1.08 1.20 1.28 1.26 1.17 1.07 1.02 0.98 0.99 1.07 1.24 1.40 1.53 1.60 1.63 1.57 1.40 1.19 0.95 0.75
  7   0.59 0.56 0.61 0.75 0.90 1.08 1.24 1.33 1.34 1.28 1.19 1.10 1.04 1.07 1.14 1.24 1.38 1.49 1.56 1.53 1.44 1.28 1.03 0.79
  8   0.56 0.39 0.40 0.49 0.63 0.86 1.10 1.29 1.39 1.43 1.38 1.27 1.12 1.05 1.06 1.12 1.24 1.37 1.47 1.52 1.52 1.40 1.19 0.94
  9   0.60 0.34 0.26 0.28 0.40 0.68 1.00 1.27 1.45 1.59 1.58 1.50 1.35 1.19 1.10 1.12 1.20 1.32 1.43 1.55 1.60 1.56 1.40 1.11
 10   1.00 0.61 0.30 0.14 0.20 0.48 0.77 1.09 1.39 1.66 1.78 1.75 1.61 1.40 1.25 1.13 1.12 1.20 1.32 1.47 1.60 1.64 1.52 1.28
 11   0.81 0.49 0.25 0.06 0.08 0.27 0.54 0.90 1.30 1.64 1.88 1.92 1.82 1.67 1.44 1.22 1.14 1.16 1.28 1.44 1.63 1.78 1.73 1.56
 12   1.27 0.91 0.53 0.22 0.01 0.10 0.37 0.74 1.17 1.56 1.88 2.09 2.09 1.96 1.73 1.45 1.25 1.12 1.19 1.33 1.57 1.76 1.82 1.73
 13   1.52 1.20 0.80 0.34 0.04-0.02 0.10 0.39 0.77 1.26 1.66 1.95 2.10 2.08 1.82 1.54 1.28 1.08 1.00 1.10 1.31 1.56 1.69 1.78
 14   1.69 1.38 1.03 0.60 0.17-0.07-0.08 0.14 0.41 0.77 1.30 1.78 2.01 2.05 1.95 1.74 1.43 1.07 0.85 0.87 1.02 1.26 1.53 1.66
 15   1.68 1.58 1.38 0.97 0.52 0.17-0.05-0.02 0.16 0.52 1.06 1.49 1.86 2.03 2.06 1.89 1.55 1.21 0.93 0.78 0.84 1.00 1.24 1.50
 16   1.67 1.68 1.58 1.37 1.00 0.58 0.28 0.13 0.18 0.37 0.78 1.28 1.64 1.92 2.06 2.07 1.90 1.54 1.12 0.86 0.76 0.82 0.97 1.17
 17   1.42 1.62 1.63 1.51 1.24 0.94 0.62 0.37 0.21 0.32 0.63 0.98 1.36 1.73 1.96 2.05 1.99 1.73 1.36 1.02 0.78 0.67 0.71 0.90
 18   1.18 1.38 1.49 1.55 1.50 1.34 1.06 0.77 0.55 0.48 0.61 0.85 1.18 1.54 1.80 1.99 2.03 1.90 1.60 1.24 0.90 0.67 0.59 0.65
 19   0.81 1.07 1.29 1.44 1.53 1.53 1.39 1.18 0.95 0.82 0.77 0.88 1.08 1.35 1.63 1.86 1.99 1.99 1.81 1.54 1.23 0.93 0.58 0.46
 20   0.55 0.72 0.95 1.18 1.37 1.55 1.55 1.45 1.29 1.15 1.05 0.99 1.01 1.17 1.40 1.67 1.83 1.88 1.82 1.65 1.42 1.11 0.75 0.48
 21   0.38 0.47 0.64 0.86 1.09 1.37 1.58 1.67 1.60 1.51 1.39 1.24 1.15 1.19 1.30 1.50 1.68 1.78 1.83 1.78 1.64 1.40 1.08 0.70
 22   0.45 0.37 0.45 0.62 0.84 1.13 1.44 1.65 1.77 1.77 1.70 1.53 1.33 1.22 1.25 1.34 1.46 1.59 1.69 1.78 1.73 1.57 1.29 0.89
 23   0.54 0.32 0.23 0.32 0.53 0.79 1.13 1.43 1.68 1.80 1.84 1.74 1.58 1.38 1.17 1.14 1.22 1.37 1.53 1.62 1.67 1.62 1.47 1.19
 24   0.83 0.46 0.18 0.13 0.21 0.43 0.81 1.19 1.51 1.75 1.90 1.91 1.78 1.56 1.33 1.15 1.06 1.16 1.29 1.45 1.62 1.66 1.56 1.39
 25   1.11 0.75 0.38 0.13 0.15 0.27 0.52 0.87 1.26 1.59 1.82 1.97 1.95 1.76 1.53 1.28 1.08 1.05 1.15 1.34 1.52 1.65 1.66 1.56
 26   1.36 1.05 0.68 0.36 0.17 0.16 0.32 0.66 1.10 1.46 1.74 1.94 1.97 1.84 1.60 1.35 1.11 0.97 0.99 1.08 1.25 1.44 1.56 1.50
 27   1.35 1.10 0.79 0.40 0.15-0.01 0.07 0.33 0.66 1.10 1.45 1.74 1.90 1.88 1.67 1.42 1.15 0.91 0.83 0.91 1.10 1.32 1.47 1.53
 28   1.44 1.26 1.04 0.65 0.29 0.08 0.06 0.16 0.43 0.83 1.23 1.56 1.82 1.86 1.78 1.56 1.27 0.97 0.80 0.78 0.90 1.11 1.33 1.46
 29   1.47 1.36 1.19 0.90 0.56 0.28 0.13 0.15 0.33 0.71 1.13 1.48 1.78 1.93 1.93 1.79 1.56 1.24 0.98 0.87 0.89 1.05 1.24 1.43
 30   1.55 1.55 1.41 1.20 0.91 0.58 0.38 0.36 0.44 0.67 1.00 1.38 1.67 1.86 1.90 1.77 1.58 1.34 1.08 0.85 0.81 0.88 1.03 1.24
 ----------------------------------------------------------------------------------------------------------------------------
                                                                                               
 ----------------------------------------------------------------------------------------------------------------------------
 ----------------------------------------------------------------------------------------------------------------------------
                                                          SURVEY OF INDIA
                                                    MARINE GEODESY WING (G&RB)
                                                     HOURLY HEIGHTS IN METRES
  NAME OF PORT:- KARWAR                                                                             MONTH JULY      YEAR 2010
 ----------------------------------------------------------------------------------------------------------------------------
 DAYS 0000 0001 0002 0003 0004 0005 0006 0007 0008 0009 0010 0011 0012 0013 0014 0015 0016 0017 0018 0019 0020 0021 0022 0023
 ----------------------------------------------------------------------------------------------------------------------------
  1   1.40 1.46 1.42 1.31 1.07 0.77 0.56 0.44 0.46 0.58 0.82 1.18 1.49 1.72 1.80 1.77 1.64 1.44 1.15 0.90 0.74 0.74 0.86 1.01
  2   1.21 1.34 1.38 1.32 1.16 0.97 0.74 0.58 0.53 0.62 0.83 1.06 1.35 1.59 1.73 1.80 1.68 1.47 1.19 0.92 0.76 0.70 0.76 0.87
  3   1.03 1.18 1.30 1.34 1.27 1.11 0.92 0.74 0.68 0.69 0.80 0.96 1.24 1.53 1.68 1.76 1.74 1.58 1.31 1.06 0.84 0.68 0.64 0.69
  4   0.83 1.00 1.16 1.28 1.33 1.26 1.15 1.04 0.91 0.85 0.90 1.05 1.24 1.43 1.60 1.72 1.74 1.66 1.46 1.21 0.99 0.79 0.62 0.61
  5   0.70 0.83 1.01 1.16 1.28 1.33 1.32 1.26 1.18 1.08 1.04 1.12 1.23 1.35 1.49 1.62 1.69 1.66 1.49 1.29 1.07 0.85 0.64 0.49
  6   0.45 0.53 0.68 0.84 1.00 1.15 1.28 1.30 1.27 1.18 1.08 1.04 1.08 1.16 1.28 1.42 1.50 1.53 1.49 1.37 1.17 0.95 0.71 0.50
  7   0.37 0.38 0.47 0.63 0.84 1.06 1.27 1.42 1.49 1.45 1.37 1.28 1.21 1.21 1.29 1.38 1.48 1.55 1.58 1.53 1.39 1.16 0.90 0.65
  8   0.38 0.27 0.29 0.38 0.58 0.86 1.12 1.33 1.49 1.57 1.52 1.41 1.29 1.17 1.14 1.19 1.27 1.36 1.43 1.47 1.43 1.31 1.05 0.76
  9   0.46 0.23 0.10 0.13 0.28 0.55 0.87 1.19 1.47 1.65 1.70 1.62 1.46 1.31 1.19 1.14 1.18 1.26 1.38 1.48 1.57 1.55 1.37 1.09
 10   0.76 0.45 0.16 0.02 0.07 0.28 0.58 0.95 1.33 1.66 1.86 1.86 1.71 1.52 1.30 1.15 1.08 1.15 1.25 1.42 1.60 1.68 1.58 1.39
 11   1.10 0.75 0.28 0.01-0.05 0.05 0.33 0.68 1.11 1.48 1.77 1.94 1.90 1.71 1.43 1.20 1.04 0.94 1.02 1.21 1.44 1.64 1.69 1.58
 12   1.36 1.07 0.57 0.11-0.11-0.14 0.02 0.29 0.75 1.19 1.65 1.93 2.02 1.92 1.66 1.36 1.03 0.84 0.83 0.99 1.24 1.47 1.67 1.78
 13   1.70 1.40 0.98 0.54 0.16-0.06-0.10 0.08 0.47 1.04 1.50 1.87 2.07 2.09 1.95 1.59 1.17 0.88 0.74 0.74 0.93 1.25 1.54 1.73
 14   1.80 1.69 1.41 1.00 0.50 0.09-0.06 0.01 0.29 0.71 1.19 1.64 1.98 2.15 2.08 1.79 1.37 0.97 0.64 0.53 0.64 0.89 1.18 1.50
 15   1.71 1.78 1.69 1.41 0.97 0.55 0.25 0.15 0.25 0.57 1.00 1.46 1.81 2.10 2.20 2.06 1.73 1.29 0.83 0.56 0.47 0.62 0.89 1.23
 16   1.53 1.70 1.78 1.70 1.47 1.09 0.67 0.41 0.40 0.56 0.86 1.28 1.67 1.97 2.20 2.17 1.92 1.57 1.10 0.71 0.45 0.39 0.57 0.88
 17   1.15 1.42 1.61 1.70 1.65 1.43 1.10 0.85 0.70 0.68 0.89 1.13 1.48 1.78 2.00 2.13 2.03 1.76 1.40 0.98 0.66 0.44 0.40 0.56
 18   0.85 1.13 1.35 1.55 1.70 1.64 1.47 1.26 1.07 0.92 0.92 1.07 1.32 1.59 1.78 1.92 1.96 1.86 1.60 1.22 0.90 0.56 0.34 0.36
 19   0.53 0.76 1.00 1.24 1.47 1.61 1.57 1.46 1.30 1.16 1.04 1.06 1.17 1.35 1.54 1.67 1.75 1.76 1.66 1.43 1.16 0.84 0.53 0.34
 20   0.34 0.44 0.61 0.83 1.07 1.29 1.47 1.56 1.51 1.42 1.27 1.13 1.11 1.20 1.30 1.42 1.51 1.56 1.54 1.43 1.25 1.00 0.72 0.45
 21   0.26 0.28 0.35 0.52 0.75 1.02 1.28 1.46 1.55 1.55 1.48 1.38 1.27 1.17 1.16 1.23 1.34 1.45 1.50 1.49 1.41 1.27 1.05 0.75
 22   0.47 0.28 0.24 0.32 0.51 0.74 1.02 1.31 1.53 1.66 1.66 1.56 1.39 1.21 1.06 1.02 1.06 1.17 1.28 1.36 1.38 1.33 1.18 0.96
 23   0.68 0.38 0.17 0.14 0.21 0.40 0.73 1.06 1.32 1.56 1.69 1.69 1.59 1.37 1.14 1.02 1.00 1.06 1.17 1.28 1.42 1.48 1.44 1.24
 24   0.96 0.66 0.37 0.14 0.14 0.28 0.52 0.87 1.20 1.50 1.70 1.84 1.77 1.57 1.32 1.09 0.97 0.94 1.00 1.15 1.31 1.45 1.47 1.41
 25   1.24 0.94 0.60 0.31 0.12 0.19 0.38 0.67 1.01 1.34 1.62 1.82 1.81 1.68 1.47 1.20 0.94 0.85 0.90 1.01 1.19 1.39 1.51 1.47
 26   1.33 1.12 0.81 0.49 0.22 0.13 0.26 0.50 0.83 1.23 1.57 1.77 1.85 1.79 1.59 1.36 1.09 0.87 0.77 0.89 1.07 1.33 1.51 1.54
 27   1.49 1.36 1.11 0.74 0.42 0.27 0.29 0.46 0.75 1.10 1.44 1.74 1.90 1.88 1.73 1.50 1.24 0.99 0.79 0.84 1.02 1.26 1.47 1.58
 28   1.58 1.47 1.26 0.96 0.65 0.42 0.34 0.41 0.70 1.05 1.38 1.68 1.87 1.93 1.82 1.59 1.30 0.97 0.74 0.69 0.82 1.04 1.25 1.45
 29   1.58 1.54 1.41 1.20 0.90 0.61 0.44 0.43 0.60 0.92 1.29 1.60 1.82 1.94 1.87 1.70 1.41 1.08 0.80 0.67 0.73 0.90 1.13 1.36
 30   1.45 1.56 1.48 1.31 1.06 0.84 0.61 0.52 0.63 0.84 1.16 1.50 1.77 1.90 1.89 1.74 1.52 1.22 0.89 0.69 0.65 0.76 0.95 1.22
 31   1.47 1.58 1.58 1.50 1.22 0.98 0.79 0.66 0.66 0.78 1.00 1.32 1.67 1.82 1.86 1.78 1.50 1.20 0.90 0.70 0.57 0.56 0.69 0.88
 ----------------------------------------------------------------------------------------------------------------------------
                                                                                               
 ----------------------------------------------------------------------------------------------------------------------------
 ----------------------------------------------------------------------------------------------------------------------------
                                                          SURVEY OF INDIA
                                                    MARINE GEODESY WING (G&RB)
                                                     HOURLY HEIGHTS IN METRES
  NAME OF PORT:- KARWAR                                                                             MONTH AUGUST    YEAR 2010
 ----------------------------------------------------------------------------------------------------------------------------
 DAYS 0000 0001 0002 0003 0004 0005 0006 0007 0008 0009 0010 0011 0012 0013 0014 0015 0016 0017 0018 0019 0020 0021 0022 0023
 ----------------------------------------------------------------------------------------------------------------------------
  1   1.12 1.29 1.38 1.39 1.30 1.13 0.91 0.74 0.71 0.79 0.94 1.17 1.48 1.64 1.72 1.71 1.60 1.33 1.02 0.74 0.56 0.49 0.55 0.68
  2   0.86 1.08 1.23 1.32 1.33 1.23 1.10 0.95 0.85 0.85 0.94 1.11 1.37 1.56 1.64 1.67 1.59 1.44 1.19 0.95 0.71 0.54 0.48 0.56
  3   0.72 0.90 1.10 1.24 1.36 1.37 1.33 1.25 1.13 1.06 1.08 1.17 1.32 1.46 1.60 1.71 1.68 1.57 1.38 1.11 0.88 0.67 0.52 0.48
  4   0.56 0.74 0.93 1.10 1.23 1.36 1.41 1.35 1.23 1.15 1.09 1.10 1.18 1.28 1.40 1.49 1.53 1.46 1.30 1.09 0.87 0.64 0.47 0.35
  5   0.37 0.48 0.65 0.84 1.06 1.26 1.41 1.46 1.41 1.35 1.27 1.18 1.18 1.24 1.32 1.39 1.45 1.47 1.41 1.29 1.11 0.89 0.64 0.44
  6   0.31 0.26 0.37 0.58 0.82 1.07 1.31 1.49 1.56 1.57 1.49 1.35 1.23 1.19 1.22 1.26 1.32 1.42 1.49 1.46 1.36 1.17 0.90 0.64
  7   0.38 0.21 0.20 0.31 0.50 0.78 1.15 1.43 1.62 1.70 1.67 1.57 1.39 1.22 1.15 1.15 1.23 1.33 1.43 1.53 1.55 1.50 1.26 0.94
  8   0.58 0.32 0.14 0.11 0.23 0.48 0.90 1.26 1.57 1.77 1.86 1.78 1.57 1.33 1.13 1.05 1.05 1.12 1.27 1.48 1.65 1.70 1.56 1.34
  9   0.99 0.61 0.27 0.07 0.06 0.29 0.65 1.04 1.47 1.81 2.02 2.05 1.88 1.58 1.24 0.98 0.87 0.90 1.07 1.32 1.58 1.76 1.82 1.70
 10   1.38 0.98 0.54 0.19-0.01 0.04 0.31 0.71 1.22 1.62 1.92 2.08 2.06 1.81 1.42 1.02 0.77 0.66 0.75 0.97 1.32 1.67 1.86 1.89
 11   1.74 1.46 1.03 0.50 0.15 0.02 0.17 0.50 0.96 1.46 1.83 2.08 2.21 2.07 1.64 1.21 0.78 0.51 0.48 0.66 1.00 1.37 1.70 1.93
 12   1.95 1.81 1.46 0.97 0.46 0.24 0.22 0.42 0.79 1.24 1.67 2.02 2.25 2.22 1.94 1.46 1.00 0.58 0.32 0.32 0.60 0.95 1.32 1.66
 13   1.89 1.92 1.73 1.38 0.87 0.49 0.35 0.31 0.56 0.96 1.39 1.74 2.02 2.14 2.01 1.65 1.17 0.64 0.25 0.13 0.22 0.50 0.84 1.22
 14   1.57 1.76 1.77 1.62 1.26 0.85 0.57 0.46 0.53 0.79 1.10 1.49 1.81 1.98 1.97 1.76 1.40 0.92 0.47 0.19 0.10 0.25 0.51 0.86
 15   1.22 1.50 1.68 1.69 1.51 1.25 0.94 0.73 0.67 0.78 1.00 1.27 1.60 1.79 1.87 1.82 1.59 1.20 0.82 0.42 0.23 0.16 0.29 0.55
 16   0.88 1.16 1.38 1.55 1.58 1.47 1.26 1.04 0.89 0.85 0.94 1.09 1.34 1.55 1.66 1.68 1.60 1.38 1.05 0.72 0.47 0.27 0.21 0.35
 17   0.55 0.82 1.07 1.26 1.41 1.48 1.43 1.32 1.18 1.05 0.99 1.05 1.19 1.34 1.44 1.51 1.55 1.48 1.29 1.05 0.79 0.57 0.37 0.32
 18   0.42 0.61 0.80 1.00 1.19 1.37 1.48 1.48 1.41 1.31 1.19 1.09 1.14 1.20 1.28 1.35 1.41 1.40 1.34 1.21 1.02 0.82 0.61 0.44
 19   0.36 0.45 0.58 0.75 0.96 1.19 1.38 1.49 1.53 1.50 1.40 1.28 1.18 1.12 1.14 1.19 1.27 1.35 1.39 1.37 1.28 1.11 0.90 0.69
 20   0.49 0.38 0.40 0.54 0.74 0.95 1.18 1.42 1.55 1.61 1.55 1.41 1.25 1.12 1.02 1.01 1.09 1.18 1.26 1.32 1.37 1.30 1.12 0.91
 21   0.65 0.43 0.32 0.36 0.48 0.70 1.00 1.28 1.51 1.67 1.68 1.60 1.46 1.24 1.03 0.93 0.97 1.09 1.22 1.34 1.46 1.48 1.39 1.23
 22   0.93 0.66 0.43 0.33 0.37 0.56 0.84 1.16 1.42 1.64 1.77 1.75 1.59 1.37 1.11 0.94 0.86 0.91 1.05 1.20 1.37 1.49 1.48 1.37
 23   1.14 0.85 0.57 0.37 0.28 0.44 0.68 0.96 1.30 1.58 1.77 1.79 1.71 1.49 1.21 0.94 0.79 0.75 0.86 1.07 1.29 1.44 1.52 1.47
 24   1.34 1.06 0.73 0.42 0.26 0.30 0.49 0.79 1.11 1.46 1.67 1.78 1.72 1.54 1.26 0.94 0.68 0.57 0.64 0.85 1.07 1.33 1.49 1.53
 25   1.42 1.18 0.90 0.58 0.31 0.29 0.40 0.66 0.99 1.35 1.63 1.76 1.77 1.61 1.33 1.00 0.70 0.53 0.51 0.65 0.95 1.24 1.48 1.59
 26   1.52 1.35 1.13 0.79 0.51 0.41 0.44 0.60 0.93 1.31 1.59 1.74 1.82 1.71 1.42 1.10 0.78 0.53 0.42 0.54 0.78 1.10 1.39 1.53
 27   1.57 1.49 1.33 1.00 0.67 0.47 0.42 0.51 0.80 1.16 1.46 1.65 1.77 1.70 1.49 1.17 0.78 0.48 0.37 0.41 0.59 0.84 1.16 1.42
 28   1.57 1.54 1.38 1.15 0.86 0.63 0.51 0.53 0.73 1.04 1.38 1.61 1.72 1.73 1.60 1.30 0.92 0.57 0.39 0.37 0.50 0.70 1.01 1.34
 29   1.57 1.58 1.55 1.39 1.14 0.87 0.71 0.65 0.78 1.00 1.32 1.57 1.70 1.78 1.67 1.44 1.08 0.70 0.46 0.39 0.40 0.53 0.80 1.15
 30   1.42 1.52 1.58 1.51 1.34 1.10 0.91 0.78 0.81 0.96 1.23 1.47 1.64 1.73 1.67 1.50 1.24 0.90 0.61 0.41 0.35 0.41 0.60 0.91
 31   1.20 1.40 1.52 1.53 1.43 1.27 1.08 0.95 0.91 0.99 1.12 1.30 1.51 1.67 1.69 1.56 1.34 1.05 0.78 0.56 0.38 0.32 0.47 0.71
 ----------------------------------------------------------------------------------------------------------------------------
                                                                                               
 ----------------------------------------------------------------------------------------------------------------------------
 ----------------------------------------------------------------------------------------------------------------------------
                                                          SURVEY OF INDIA
                                                    MARINE GEODESY WING (G&RB)
                                                     HOURLY HEIGHTS IN METRES
  NAME OF PORT:- KARWAR                                                                             MONTH SEPT      YEAR 2010
 ----------------------------------------------------------------------------------------------------------------------------
 DAYS 0000 0001 0002 0003 0004 0005 0006 0007 0008 0009 0010 0011 0012 0013 0014 0015 0016 0017 0018 0019 0020 0021 0022 0023
 ----------------------------------------------------------------------------------------------------------------------------
  1   0.94 1.15 1.32 1.46 1.50 1.42 1.28 1.13 1.06 1.04 1.10 1.22 1.40 1.56 1.62 1.56 1.44 1.26 1.00 0.76 0.55 0.43 0.45 0.57
  2   0.75 0.95 1.14 1.32 1.48 1.52 1.46 1.37 1.28 1.22 1.19 1.23 1.33 1.47 1.54 1.57 1.54 1.45 1.28 1.04 0.81 0.62 0.47 0.47
  3   0.59 0.75 0.93 1.14 1.33 1.48 1.57 1.58 1.51 1.42 1.31 1.25 1.27 1.33 1.39 1.45 1.49 1.50 1.41 1.26 1.08 0.86 0.65 0.49
  4   0.44 0.49 0.63 0.80 1.04 1.27 1.47 1.60 1.64 1.58 1.45 1.31 1.21 1.17 1.19 1.27 1.37 1.43 1.46 1.45 1.37 1.19 0.90 0.65
  5   0.46 0.34 0.40 0.56 0.78 1.08 1.39 1.61 1.74 1.77 1.69 1.49 1.25 1.07 1.02 1.07 1.19 1.31 1.43 1.55 1.61 1.50 1.28 0.97
  6   0.61 0.41 0.28 0.30 0.47 0.77 1.16 1.47 1.72 1.86 1.86 1.65 1.34 1.07 0.85 0.78 0.84 0.97 1.20 1.45 1.61 1.67 1.56 1.30
  7   0.96 0.56 0.26 0.12 0.19 0.46 0.85 1.24 1.60 1.86 1.94 1.83 1.55 1.18 0.80 0.54 0.51 0.62 0.84 1.20 1.54 1.72 1.81 1.70
  8   1.37 0.97 0.55 0.26 0.14 0.27 0.59 1.04 1.48 1.83 2.02 2.04 1.81 1.46 0.98 0.54 0.35 0.36 0.56 0.92 1.36 1.74 1.96 2.01
  9   1.80 1.46 1.03 0.56 0.29 0.26 0.49 0.86 1.35 1.77 2.02 2.15 2.09 1.80 1.29 0.74 0.30 0.15 0.21 0.53 0.99 1.46 1.81 2.01
 10   2.05 1.86 1.45 0.97 0.55 0.38 0.43 0.68 1.08 1.54 1.85 2.06 2.12 1.94 1.45 0.92 0.40 0.07-0.02 0.18 0.50 1.01 1.47 1.81
 11   1.97 1.98 1.78 1.39 0.95 0.63 0.50 0.60 0.93 1.34 1.68 1.93 2.09 2.02 1.75 1.29 0.76 0.25-0.05-0.03 0.22 0.58 1.06 1.45
 12   1.74 1.93 1.93 1.66 1.32 0.95 0.74 0.67 0.81 1.11 1.44 1.70 1.89 1.95 1.81 1.54 1.08 0.58 0.20 0.02 0.12 0.36 0.73 1.14
 13   1.46 1.71 1.86 1.86 1.61 1.30 1.07 0.94 0.89 1.01 1.23 1.50 1.72 1.82 1.79 1.63 1.32 0.92 0.52 0.27 0.15 0.22 0.47 0.77
 14   1.11 1.42 1.65 1.75 1.70 1.54 1.33 1.16 1.04 1.01 1.14 1.32 1.49 1.60 1.67 1.62 1.50 1.24 0.90 0.62 0.45 0.34 0.43 0.62
 15   0.94 1.19 1.41 1.57 1.67 1.66 1.57 1.43 1.28 1.16 1.16 1.24 1.35 1.45 1.53 1.56 1.51 1.41 1.23 1.00 0.79 0.64 0.55 0.61
 16   0.79 0.97 1.17 1.37 1.53 1.63 1.66 1.62 1.53 1.40 1.30 1.26 1.27 1.31 1.37 1.41 1.44 1.41 1.35 1.22 1.06 0.91 0.74 0.63
 17   0.67 0.78 0.93 1.10 1.30 1.48 1.60 1.63 1.61 1.53 1.39 1.26 1.18 1.13 1.14 1.18 1.25 1.33 1.37 1.35 1.29 1.12 0.93 0.75
 18   0.65 0.64 0.71 0.82 1.00 1.26 1.46 1.59 1.67 1.63 1.51 1.34 1.15 1.03 0.95 0.96 1.07 1.20 1.32 1.38 1.41 1.33 1.18 1.00
 19   0.81 0.66 0.60 0.63 0.84 1.07 1.30 1.53 1.67 1.71 1.63 1.45 1.25 1.04 0.86 0.82 0.88 1.01 1.17 1.31 1.41 1.43 1.35 1.17
 20   0.94 0.71 0.55 0.53 0.63 0.83 1.12 1.38 1.58 1.67 1.67 1.56 1.36 1.09 0.85 0.69 0.71 0.82 1.00 1.22 1.40 1.51 1.50 1.36
 21   1.12 0.89 0.67 0.51 0.49 0.63 0.88 1.19 1.48 1.66 1.71 1.65 1.44 1.17 0.83 0.63 0.56 0.64 0.89 1.15 1.37 1.53 1.59 1.55
 22   1.38 1.07 0.78 0.60 0.53 0.70 0.98 1.31 1.54 1.70 1.77 1.75 1.59 1.34 0.97 0.69 0.50 0.52 0.68 0.93 1.23 1.53 1.67 1.68
 23   1.59 1.36 1.05 0.78 0.60 0.60 0.78 1.06 1.38 1.61 1.75 1.82 1.72 1.44 1.06 0.72 0.54 0.47 0.53 0.75 1.12 1.44 1.65 1.75
 24   1.71 1.53 1.25 0.94 0.64 0.55 0.72 0.97 1.25 1.56 1.77 1.84 1.76 1.56 1.22 0.79 0.48 0.34 0.34 0.54 0.94 1.30 1.56 1.74
 25   1.80 1.71 1.50 1.13 0.83 0.74 0.76 0.91 1.19 1.51 1.76 1.85 1.81 1.64 1.34 0.94 0.51 0.27 0.25 0.41 0.69 1.06 1.41 1.62
 26   1.77 1.81 1.61 1.30 0.99 0.79 0.74 0.82 1.01 1.25 1.50 1.67 1.74 1.68 1.42 1.05 0.62 0.32 0.18 0.25 0.47 0.79 1.19 1.51
 27   1.74 1.81 1.71 1.46 1.19 0.96 0.84 0.87 1.06 1.31 1.60 1.75 1.80 1.71 1.53 1.21 0.80 0.42 0.26 0.21 0.35 0.60 0.96 1.34
 28   1.59 1.79 1.84 1.68 1.38 1.15 1.00 0.93 1.00 1.16 1.37 1.57 1.73 1.74 1.59 1.34 1.02 0.66 0.38 0.27 0.35 0.50 0.75 1.11
 29   1.42 1.64 1.80 1.77 1.59 1.37 1.19 1.06 1.06 1.16 1.30 1.52 1.70 1.77 1.73 1.58 1.34 1.02 0.72 0.54 0.46 0.52 0.71 0.95
 30   1.28 1.57 1.71 1.82 1.79 1.66 1.49 1.37 1.28 1.26 1.32 1.43 1.57 1.68 1.71 1.66 1.52 1.33 1.06 0.77 0.61 0.55 0.67 0.82
 ----------------------------------------------------------------------------------------------------------------------------
                                                                                               
 ----------------------------------------------------------------------------------------------------------------------------
 ----------------------------------------------------------------------------------------------------------------------------
                                                          SURVEY OF INDIA
                                                    MARINE GEODESY WING (G&RB)
                                                     HOURLY HEIGHTS IN METRES
  NAME OF PORT:- KARWAR                                                                             MONTH OCTOBER   YEAR 2010
 ----------------------------------------------------------------------------------------------------------------------------
 DAYS 0000 0001 0002 0003 0004 0005 0006 0007 0008 0009 0010 0011 0012 0013 0014 0015 0016 0017 0018 0019 0020 0021 0022 0023
 ----------------------------------------------------------------------------------------------------------------------------
  1   1.01 1.25 1.50 1.70 1.78 1.77 1.66 1.54 1.41 1.33 1.28 1.34 1.46 1.57 1.60 1.60 1.57 1.48 1.30 1.07 0.85 0.69 0.63 0.68
  2   0.79 1.01 1.26 1.47 1.64 1.77 1.80 1.71 1.57 1.45 1.35 1.29 1.30 1.37 1.44 1.52 1.57 1.59 1.52 1.35 1.15 0.97 0.84 0.71
  3   0.71 0.82 1.01 1.23 1.46 1.65 1.82 1.90 1.81 1.66 1.47 1.33 1.23 1.19 1.24 1.32 1.43 1.56 1.65 1.62 1.52 1.35 1.16 0.93
  4   0.68 0.67 0.80 0.98 1.24 1.50 1.77 1.96 2.02 1.90 1.68 1.46 1.25 1.05 0.96 1.06 1.24 1.45 1.65 1.76 1.79 1.72 1.58 1.30
  5   0.89 0.79 0.73 0.84 1.04 1.30 1.67 1.93 2.10 2.12 1.94 1.67 1.35 0.99 0.74 0.70 0.86 1.12 1.38 1.64 1.85 1.95 1.88 1.65
  6   1.26 0.93 0.71 0.62 0.75 0.96 1.34 1.73 1.98 2.07 2.02 1.82 1.40 0.96 0.56 0.37 0.37 0.63 0.96 1.36 1.68 1.94 2.02 1.90
  7   1.60 1.24 0.84 0.58 0.56 0.77 1.08 1.47 1.82 2.03 2.07 1.94 1.64 1.14 0.60 0.22 0.08 0.17 0.54 0.97 1.37 1.75 2.06 2.10
  8   1.93 1.60 1.19 0.82 0.60 0.60 0.86 1.20 1.61 1.90 2.04 2.04 1.88 1.45 0.90 0.34 0.04-0.06 0.16 0.54 1.00 1.53 1.89 2.18
  9   2.15 2.00 1.67 1.24 0.89 0.75 0.82 1.08 1.42 1.79 1.98 2.07 2.00 1.77 1.19 0.60 0.14-0.10-0.10 0.18 0.63 1.10 1.55 1.90
 10   2.12 2.10 1.85 1.49 1.09 0.80 0.68 0.84 1.11 1.42 1.68 1.82 1.87 1.72 1.38 0.86 0.34-0.03-0.16-0.12 0.20 0.66 1.16 1.52
 11   1.86 2.02 1.96 1.70 1.36 1.01 0.79 0.74 0.93 1.16 1.41 1.65 1.74 1.70 1.52 1.18 0.74 0.30 0.05-0.07 0.03 0.40 0.78 1.21
 12   1.55 1.78 1.90 1.80 1.57 1.26 0.98 0.84 0.86 0.97 1.18 1.42 1.56 1.60 1.55 1.36 1.04 0.68 0.36 0.17 0.11 0.30 0.63 0.98
 13   1.32 1.56 1.75 1.82 1.73 1.54 1.29 1.13 1.03 1.02 1.14 1.33 1.50 1.57 1.54 1.47 1.31 1.08 0.82 0.56 0.40 0.40 0.60 0.86
 14   1.12 1.34 1.55 1.74 1.77 1.67 1.51 1.36 1.23 1.10 1.09 1.17 1.29 1.38 1.42 1.40 1.35 1.25 1.08 0.86 0.68 0.60 0.62 0.71
 15   0.97 1.15 1.33 1.50 1.64 1.70 1.65 1.52 1.40 1.27 1.16 1.11 1.13 1.19 1.24 1.28 1.29 1.28 1.22 1.11 0.99 0.85 0.74 0.72
 16   0.82 0.96 1.14 1.30 1.45 1.57 1.64 1.62 1.54 1.40 1.24 1.10 1.03 1.03 1.06 1.11 1.18 1.24 1.30 1.27 1.19 1.08 0.95 0.83
 17   0.82 0.89 1.00 1.13 1.28 1.47 1.61 1.67 1.62 1.53 1.36 1.19 1.03 0.89 0.89 0.93 1.02 1.14 1.25 1.34 1.34 1.30 1.19 1.02
 18   0.88 0.84 0.89 0.98 1.14 1.35 1.52 1.64 1.70 1.62 1.46 1.27 1.00 0.79 0.70 0.72 0.78 0.93 1.15 1.28 1.37 1.39 1.31 1.19
 19   1.02 0.85 0.78 0.81 0.97 1.16 1.37 1.56 1.65 1.64 1.51 1.32 1.08 0.80 0.60 0.54 0.62 0.78 1.05 1.27 1.44 1.54 1.53 1.44
 20   1.24 1.04 0.89 0.85 0.93 1.10 1.31 1.52 1.70 1.76 1.66 1.46 1.23 0.93 0.63 0.48 0.48 0.69 0.99 1.26 1.48 1.68 1.76 1.70
 21   1.52 1.29 1.07 0.95 0.96 1.08 1.25 1.52 1.70 1.78 1.73 1.60 1.38 1.02 0.69 0.47 0.42 0.55 0.80 1.12 1.42 1.68 1.87 1.87
 22   1.75 1.52 1.24 1.04 0.96 1.03 1.17 1.43 1.68 1.80 1.82 1.72 1.53 1.16 0.76 0.49 0.32 0.34 0.58 0.94 1.32 1.70 1.89 1.94
 23   1.88 1.69 1.44 1.16 0.98 0.97 1.09 1.36 1.63 1.76 1.82 1.79 1.61 1.33 0.89 0.50 0.31 0.27 0.42 0.72 1.11 1.52 1.85 2.01
 24   2.03 1.87 1.62 1.32 1.08 0.99 1.04 1.23 1.48 1.74 1.86 1.86 1.74 1.46 1.15 0.70 0.37 0.22 0.30 0.56 0.89 1.32 1.70 1.94
 25   2.08 2.02 1.84 1.53 1.22 1.07 1.06 1.15 1.36 1.59 1.79 1.86 1.76 1.55 1.26 0.82 0.39 0.18 0.17 0.36 0.69 1.10 1.46 1.76
 26   1.95 2.02 1.92 1.68 1.35 1.11 0.96 1.03 1.18 1.38 1.58 1.71 1.71 1.59 1.35 0.99 0.56 0.26 0.14 0.18 0.42 0.74 1.18 1.53
 27   1.82 1.96 1.96 1.82 1.54 1.26 1.07 1.01 1.11 1.26 1.43 1.62 1.71 1.63 1.46 1.22 0.86 0.48 0.27 0.20 0.28 0.55 0.91 1.28
 28   1.57 1.83 1.94 1.88 1.71 1.47 1.23 1.09 1.09 1.18 1.30 1.47 1.60 1.66 1.59 1.40 1.13 0.82 0.56 0.36 0.34 0.44 0.67 1.01
 29   1.36 1.61 1.80 1.90 1.82 1.62 1.41 1.23 1.11 1.07 1.14 1.28 1.46 1.52 1.52 1.43 1.30 1.08 0.78 0.54 0.41 0.42 0.54 0.73
 30   1.04 1.36 1.62 1.75 1.82 1.74 1.58 1.42 1.22 1.06 1.02 1.12 1.23 1.34 1.43 1.48 1.42 1.32 1.16 0.94 0.73 0.59 0.59 0.67
 31   0.90 1.18 1.42 1.62 1.77 1.83 1.79 1.64 1.43 1.22 1.07 0.99 1.04 1.11 1.21 1.32 1.41 1.44 1.39 1.24 1.07 0.89 0.73 0.67
 ----------------------------------------------------------------------------------------------------------------------------
                                                                                               
 ----------------------------------------------------------------------------------------------------------------------------
 ----------------------------------------------------------------------------------------------------------------------------
                                                          SURVEY OF INDIA
                                                    MARINE GEODESY WING (G&RB)
                                                     HOURLY HEIGHTS IN METRES
  NAME OF PORT:- KARWAR                                                                             MONTH NOVEMBER  YEAR 2010
 ----------------------------------------------------------------------------------------------------------------------------
 DAYS 0000 0001 0002 0003 0004 0005 0006 0007 0008 0009 0010 0011 0012 0013 0014 0015 0016 0017 0018 0019 0020 0021 0022 0023
 ----------------------------------------------------------------------------------------------------------------------------
  1   0.76 0.94 1.15 1.38 1.64 1.78 1.84 1.77 1.65 1.37 1.07 0.89 0.82 0.82 0.91 1.05 1.20 1.38 1.51 1.52 1.40 1.22 1.03 0.86
  2   0.75 0.81 0.94 1.15 1.42 1.66 1.80 1.87 1.84 1.60 1.26 0.96 0.74 0.63 0.63 0.76 0.97 1.24 1.50 1.69 1.73 1.67 1.48 1.22
  3   0.99 0.89 0.90 1.01 1.26 1.56 1.77 1.93 1.98 1.85 1.56 1.18 0.78 0.49 0.37 0.42 0.58 0.92 1.30 1.61 1.83 1.94 1.87 1.68
  4   1.34 1.09 0.93 0.95 1.11 1.33 1.62 1.85 2.00 2.01 1.81 1.46 1.02 0.60 0.28 0.17 0.28 0.58 1.04 1.41 1.76 2.03 2.14 2.05
  5   1.79 1.43 1.13 0.96 1.00 1.18 1.44 1.72 1.94 2.06 1.97 1.74 1.34 0.83 0.34 0.07 0.03 0.22 0.58 1.04 1.51 1.90 2.17 2.25
  6   2.10 1.82 1.46 1.12 0.96 1.03 1.25 1.52 1.78 1.96 2.06 1.96 1.69 1.21 0.68 0.22 0.03 0.00 0.26 0.66 1.22 1.68 2.03 2.25
  7   2.31 2.12 1.80 1.42 1.10 0.97 1.10 1.33 1.58 1.79 1.96 2.00 1.81 1.47 0.99 0.45 0.12-0.06 0.00 0.31 0.78 1.33 1.74 2.03
  8   2.23 2.23 1.98 1.60 1.22 1.01 0.94 1.07 1.32 1.54 1.76 1.88 1.84 1.65 1.28 0.79 0.34 0.07-0.03 0.14 0.54 1.03 1.45 1.78
  9   2.12 2.27 2.13 1.82 1.52 1.20 1.00 1.00 1.15 1.34 1.57 1.75 1.78 1.69 1.49 1.13 0.66 0.31 0.17 0.14 0.34 0.70 1.17 1.55
 10   1.89 2.09 2.11 1.97 1.72 1.43 1.18 1.01 1.04 1.18 1.37 1.58 1.71 1.70 1.59 1.40 1.05 0.70 0.47 0.33 0.36 0.61 0.96 1.35
 11   1.66 1.89 2.07 2.07 1.89 1.63 1.40 1.22 1.10 1.07 1.20 1.44 1.58 1.62 1.58 1.48 1.30 1.02 0.77 0.56 0.46 0.57 0.80 1.09
 12   1.41 1.66 1.86 1.95 1.89 1.73 1.53 1.33 1.15 1.04 1.07 1.18 1.30 1.37 1.41 1.38 1.29 1.18 1.00 0.78 0.66 0.63 0.71 0.90
 13   1.17 1.43 1.61 1.76 1.83 1.77 1.64 1.48 1.29 1.09 0.99 1.03 1.11 1.20 1.27 1.33 1.35 1.33 1.25 1.08 0.94 0.88 0.88 0.97
 14   1.12 1.32 1.53 1.69 1.82 1.86 1.78 1.66 1.49 1.32 1.15 1.04 1.00 1.05 1.15 1.25 1.32 1.36 1.36 1.33 1.26 1.19 1.09 1.04
 15   1.10 1.23 1.41 1.58 1.70 1.80 1.82 1.75 1.61 1.44 1.24 1.04 0.92 0.91 0.99 1.08 1.22 1.34 1.44 1.50 1.48 1.38 1.30 1.23
 16   1.23 1.25 1.33 1.49 1.65 1.75 1.82 1.82 1.72 1.57 1.36 1.12 0.93 0.80 0.82 0.90 1.05 1.24 1.43 1.55 1.59 1.58 1.51 1.37
 17   1.23 1.18 1.22 1.34 1.48 1.60 1.69 1.77 1.75 1.62 1.36 1.10 0.87 0.69 0.59 0.63 0.79 1.04 1.31 1.49 1.59 1.66 1.65 1.54
 18   1.32 1.21 1.17 1.22 1.33 1.47 1.61 1.71 1.76 1.68 1.47 1.21 0.96 0.73 0.53 0.49 0.63 0.88 1.16 1.42 1.65 1.80 1.85 1.76
 19   1.59 1.40 1.23 1.20 1.24 1.35 1.53 1.69 1.77 1.74 1.62 1.41 1.11 0.77 0.50 0.35 0.40 0.61 0.92 1.26 1.58 1.84 1.96 1.94
 20   1.79 1.59 1.39 1.24 1.21 1.28 1.45 1.67 1.81 1.84 1.76 1.62 1.31 0.94 0.55 0.35 0.33 0.48 0.76 1.14 1.50 1.82 2.05 2.13
 21   2.03 1.83 1.55 1.31 1.23 1.26 1.39 1.57 1.76 1.87 1.86 1.75 1.50 1.12 0.73 0.39 0.23 0.31 0.58 0.92 1.35 1.75 2.04 2.21
 22   2.19 2.01 1.77 1.48 1.29 1.25 1.32 1.51 1.70 1.86 1.94 1.86 1.67 1.35 0.96 0.54 0.27 0.23 0.37 0.68 1.07 1.50 1.90 2.17
 23   2.27 2.16 1.95 1.66 1.39 1.21 1.20 1.34 1.55 1.76 1.88 1.88 1.78 1.56 1.19 0.69 0.32 0.20 0.23 0.40 0.75 1.24 1.65 2.00
 24   2.21 2.23 2.07 1.80 1.50 1.24 1.12 1.19 1.34 1.52 1.73 1.81 1.80 1.62 1.34 0.90 0.49 0.26 0.12 0.17 0.49 0.90 1.35 1.70
 25   1.98 2.16 2.13 1.90 1.60 1.30 1.10 1.04 1.12 1.30 1.49 1.66 1.72 1.67 1.51 1.22 0.76 0.45 0.25 0.21 0.37 0.62 1.07 1.50
 26   1.81 2.04 2.13 2.04 1.84 1.54 1.24 1.07 1.07 1.19 1.33 1.51 1.71 1.76 1.68 1.48 1.20 0.86 0.58 0.42 0.42 0.62 0.91 1.29
 27   1.66 1.96 2.17 2.19 2.03 1.80 1.50 1.27 1.11 1.07 1.17 1.33 1.51 1.63 1.66 1.61 1.50 1.24 0.91 0.69 0.57 0.56 0.77 1.06
 28   1.39 1.68 1.94 2.10 2.10 1.90 1.62 1.35 1.13 0.94 0.92 0.99 1.19 1.36 1.45 1.52 1.52 1.43 1.26 1.01 0.79 0.70 0.77 0.91
 29   1.14 1.45 1.75 1.93 2.00 1.97 1.80 1.55 1.26 0.97 0.81 0.81 0.90 1.05 1.20 1.35 1.50 1.58 1.52 1.36 1.20 1.04 0.95 0.96
 30   1.06 1.30 1.53 1.76 1.93 2.02 1.94 1.78 1.50 1.19 0.90 0.71 0.67 0.75 0.90 1.10 1.31 1.52 1.67 1.67 1.56 1.41 1.25 1.14
 ----------------------------------------------------------------------------------------------------------------------------
                                                                                               
 ----------------------------------------------------------------------------------------------------------------------------
 ----------------------------------------------------------------------------------------------------------------------------
                                                          SURVEY OF INDIA
                                                    MARINE GEODESY WING (G&RB)
                                                     HOURLY HEIGHTS IN METRES
  NAME OF PORT:- KARWAR                                                                             MONTH DECEMBER  YEAR 2010
 ----------------------------------------------------------------------------------------------------------------------------
 DAYS 0000 0001 0002 0003 0004 0005 0006 0007 0008 0009 0010 0011 0012 0013 0014 0015 0016 0017 0018 0019 0020 0021 0022 0023
 ----------------------------------------------------------------------------------------------------------------------------
  1   1.12 1.21 1.40 1.59 1.79 1.93 2.01 1.97 1.74 1.43 1.08 0.79 0.61 0.54 0.59 0.77 1.07 1.37 1.63 1.77 1.84 1.80 1.66 1.48
  2   1.26 1.23 1.32 1.47 1.65 1.82 1.93 2.00 1.93 1.69 1.35 0.99 0.65 0.42 0.34 0.47 0.72 1.07 1.44 1.73 1.94 2.01 1.97 1.82
  3   1.52 1.37 1.29 1.29 1.41 1.61 1.79 1.91 1.96 1.86 1.63 1.24 0.83 0.45 0.24 0.21 0.35 0.71 1.11 1.47 1.82 2.07 2.17 2.09
  4   1.85 1.58 1.39 1.25 1.25 1.39 1.60 1.79 1.91 1.93 1.79 1.51 1.12 0.66 0.29 0.08 0.07 0.36 0.73 1.18 1.57 1.91 2.16 2.21
  5   2.06 1.79 1.49 1.25 1.14 1.19 1.35 1.54 1.76 1.87 1.85 1.68 1.38 0.98 0.52 0.15 0.01 0.09 0.38 0.80 1.29 1.71 2.01 2.21
  6   2.21 1.97 1.70 1.40 1.14 1.05 1.15 1.31 1.55 1.74 1.81 1.77 1.59 1.25 0.84 0.39 0.08 0.03 0.19 0.57 1.01 1.46 1.81 2.11
  7   2.25 2.16 1.91 1.59 1.29 1.09 1.07 1.19 1.40 1.61 1.77 1.80 1.73 1.55 1.20 0.74 0.30 0.14 0.14 0.32 0.72 1.20 1.62 1.95
  8   2.19 2.22 2.09 1.81 1.49 1.18 1.03 1.07 1.22 1.39 1.60 1.73 1.74 1.64 1.41 1.02 0.58 0.31 0.19 0.21 0.48 0.89 1.32 1.66
  9   1.92 2.13 2.10 1.89 1.59 1.28 1.03 0.94 0.97 1.12 1.30 1.52 1.59 1.53 1.39 1.18 0.87 0.52 0.31 0.25 0.35 0.66 1.03 1.42
 10   1.72 1.93 2.03 1.95 1.73 1.44 1.18 1.01 0.93 0.98 1.12 1.33 1.46 1.50 1.43 1.28 1.07 0.82 0.56 0.44 0.45 0.62 0.87 1.25
 11   1.57 1.82 1.97 1.95 1.78 1.55 1.30 1.11 0.93 0.87 0.99 1.13 1.32 1.40 1.39 1.34 1.24 1.07 0.87 0.69 0.63 0.70 0.89 1.18
 12   1.50 1.71 1.85 1.93 1.89 1.70 1.45 1.23 1.06 0.92 0.90 0.98 1.15 1.28 1.36 1.42 1.38 1.28 1.14 0.99 0.88 0.85 0.93 1.12
 13   1.38 1.60 1.77 1.88 1.90 1.78 1.58 1.37 1.17 0.99 0.85 0.84 0.95 1.09 1.18 1.25 1.31 1.32 1.28 1.18 1.07 1.03 1.04 1.11
 14   1.28 1.50 1.69 1.79 1.82 1.79 1.68 1.51 1.30 1.08 0.89 0.81 0.82 0.91 1.03 1.15 1.28 1.37 1.40 1.36 1.30 1.23 1.20 1.19
 15   1.24 1.41 1.55 1.68 1.75 1.78 1.73 1.57 1.38 1.15 0.93 0.77 0.71 0.72 0.81 0.95 1.13 1.29 1.41 1.46 1.46 1.42 1.36 1.27
 16   1.25 1.35 1.44 1.53 1.60 1.64 1.66 1.58 1.40 1.19 0.95 0.73 0.56 0.54 0.55 0.67 0.87 1.12 1.31 1.45 1.53 1.57 1.52 1.41
 17   1.31 1.27 1.32 1.43 1.52 1.57 1.60 1.60 1.54 1.36 1.11 0.83 0.59 0.42 0.41 0.53 0.69 0.92 1.19 1.37 1.54 1.65 1.66 1.56
 18   1.45 1.37 1.30 1.30 1.38 1.49 1.59 1.65 1.62 1.48 1.27 1.00 0.73 0.47 0.31 0.31 0.45 0.71 1.07 1.37 1.62 1.80 1.89 1.84
 19   1.69 1.50 1.33 1.26 1.29 1.39 1.50 1.60 1.66 1.63 1.44 1.19 0.91 0.57 0.31 0.18 0.25 0.46 0.81 1.18 1.53 1.81 1.96 1.98
 20   1.89 1.66 1.45 1.28 1.19 1.27 1.38 1.53 1.66 1.71 1.62 1.45 1.20 0.81 0.45 0.17 0.13 0.25 0.57 0.94 1.36 1.76 2.00 2.10
 21   2.04 1.89 1.63 1.34 1.19 1.20 1.33 1.47 1.65 1.77 1.79 1.70 1.48 1.13 0.70 0.35 0.16 0.13 0.35 0.72 1.15 1.55 1.92 2.17
 22   2.23 2.10 1.84 1.53 1.28 1.18 1.23 1.35 1.57 1.77 1.89 1.88 1.73 1.47 1.09 0.61 0.27 0.15 0.21 0.51 0.91 1.38 1.77 2.09
 23   2.30 2.27 2.07 1.76 1.44 1.17 1.10 1.21 1.40 1.65 1.86 1.93 1.90 1.73 1.37 0.97 0.53 0.28 0.18 0.34 0.66 1.08 1.54 1.95
 24   2.24 2.37 2.27 1.99 1.62 1.29 1.07 1.07 1.18 1.37 1.64 1.84 1.91 1.85 1.65 1.35 0.91 0.53 0.34 0.31 0.49 0.87 1.32 1.80
 25   2.12 2.31 2.39 2.26 1.90 1.51 1.19 1.02 1.03 1.18 1.42 1.71 1.88 1.93 1.85 1.69 1.42 1.01 0.69 0.55 0.59 0.80 1.18 1.62
 26   2.01 2.29 2.44 2.39 2.15 1.82 1.43 1.11 0.94 0.97 1.16 1.40 1.66 1.79 1.85 1.83 1.68 1.41 1.07 0.86 0.75 0.80 1.06 1.40
 27   1.79 2.12 2.32 2.39 2.27 1.99 1.62 1.25 1.00 0.83 0.85 1.03 1.31 1.53 1.64 1.71 1.73 1.64 1.41 1.15 0.96 0.92 0.99 1.22
 28   1.55 1.84 2.04 2.18 2.20 2.06 1.73 1.37 1.03 0.78 0.66 0.67 0.80 1.10 1.32 1.49 1.60 1.65 1.60 1.46 1.27 1.13 1.07 1.14
 29   1.35 1.59 1.80 1.97 2.03 2.03 1.85 1.54 1.19 0.87 0.62 0.49 0.52 0.67 0.90 1.15 1.36 1.53 1.65 1.66 1.56 1.42 1.30 1.23
 30   1.27 1.43 1.59 1.73 1.85 1.91 1.88 1.72 1.44 1.11 0.79 0.51 0.40 0.43 0.57 0.80 1.07 1.31 1.55 1.73 1.80 1.75 1.61 1.47
 31   1.37 1.39 1.46 1.55 1.70 1.79 1.83 1.80 1.63 1.39 1.09 0.78 0.51 0.33 0.31 0.49 0.79 1.07 1.35 1.63 1.85 1.93 1.87 1.73
 ----------------------------------------------------------------------------------------------------------------------------
                                                                                               
 ----------------------------------------------------------------------------------------------------------------------------
 ----------------------------------------------------------------------------------------------------------------------------
