                                                          SURVEY OF INDIA
                                                    MARINE GEODESY WING (G&RB)
                                                     HOURLY HEIGHTS IN METRES
  NAME OF PORT:- KARWAR                                                                             MONTH JANUARY   YEAR 2013
 ----------------------------------------------------------------------------------------------------------------------------
 DAYS 0000 0001 0002 0003 0004 0005 0006 0007 0008 0009 0010 0011 0012 0013 0014 0015 0016 0017 0018 0019 0020 0021 0022 0023
 ----------------------------------------------------------------------------------------------------------------------------
  1   1.92 2.08 2.05 1.80 1.46 1.14 0.94 0.86 0.90 1.06 1.28 1.48 1.62 1.64 1.52 1.30 0.95 0.64 0.47 0.41 0.54 0.80 1.16 1.52
  2   1.84 2.02 2.08 1.92 1.64 1.28 0.98 0.83 0.78 0.83 1.03 1.28 1.45 1.54 1.54 1.42 1.17 0.89 0.68 0.57 0.60 0.76 1.02 1.40
  3   1.70 1.92 2.05 2.01 1.80 1.43 1.12 0.90 0.78 0.74 0.84 1.08 1.32 1.46 1.52 1.51 1.40 1.17 0.95 0.79 0.73 0.77 0.98 1.22
  4   1.56 1.82 2.00 2.05 1.90 1.62 1.29 1.03 0.82 0.68 0.67 0.83 1.08 1.26 1.40 1.49 1.50 1.42 1.25 1.02 0.91 0.90 0.97 1.15
  5   1.40 1.66 1.85 1.96 1.96 1.80 1.50 1.21 0.94 0.72 0.59 0.62 0.80 1.02 1.20 1.35 1.48 1.54 1.49 1.34 1.22 1.11 1.06 1.13
  6   1.30 1.52 1.72 1.86 1.92 1.85 1.68 1.43 1.10 0.80 0.58 0.49 0.54 0.69 0.92 1.13 1.32 1.50 1.59 1.56 1.48 1.36 1.26 1.20
  7   1.25 1.39 1.55 1.70 1.80 1.82 1.77 1.58 1.32 1.00 0.67 0.47 0.35 0.38 0.53 0.72 0.95 1.23 1.48 1.63 1.63 1.54 1.43 1.32
  8   1.20 1.21 1.30 1.43 1.56 1.68 1.74 1.69 1.50 1.25 0.93 0.59 0.32 0.20 0.22 0.38 0.64 1.00 1.34 1.64 1.78 1.83 1.77 1.64
  9   1.39 1.26 1.22 1.26 1.38 1.50 1.65 1.77 1.74 1.58 1.32 0.96 0.55 0.27 0.12 0.13 0.32 0.66 1.12 1.50 1.78 1.97 2.06 1.95
 10   1.67 1.43 1.27 1.16 1.19 1.32 1.52 1.70 1.81 1.80 1.65 1.33 0.93 0.52 0.16 0.00 0.03 0.28 0.72 1.15 1.58 1.90 2.12 2.14
 11   1.97 1.69 1.36 1.10 1.00 1.06 1.27 1.51 1.72 1.84 1.85 1.68 1.39 0.93 0.41 0.06-0.06 0.03 0.32 0.78 1.26 1.70 2.03 2.23
 12   2.18 1.90 1.58 1.20 0.92 0.82 0.94 1.19 1.46 1.72 1.86 1.87 1.72 1.40 0.90 0.36 0.06-0.04 0.08 0.46 0.96 1.49 1.87 2.20
 13   2.33 2.24 1.90 1.45 1.06 0.82 0.76 0.90 1.17 1.50 1.77 1.90 1.88 1.70 1.38 0.90 0.38 0.10 0.08 0.32 0.74 1.20 1.68 2.04
 14   2.37 2.43 2.19 1.76 1.29 0.93 0.72 0.70 0.92 1.23 1.56 1.79 1.94 1.91 1.71 1.30 0.84 0.46 0.28 0.33 0.60 0.98 1.49 1.90
 15   2.23 2.36 2.30 2.00 1.59 1.12 0.75 0.61 0.68 0.90 1.22 1.52 1.72 1.80 1.77 1.57 1.18 0.76 0.50 0.39 0.46 0.74 1.14 1.58
 16   1.92 2.13 2.20 2.06 1.70 1.30 0.84 0.58 0.50 0.57 0.81 1.11 1.38 1.58 1.66 1.60 1.39 1.11 0.84 0.65 0.58 0.70 1.00 1.38
 17   1.71 1.91 2.07 2.09 1.85 1.48 1.13 0.80 0.58 0.50 0.64 0.87 1.12 1.33 1.49 1.58 1.55 1.36 1.14 0.95 0.84 0.84 0.98 1.24
 18   1.55 1.78 1.93 2.00 1.93 1.69 1.34 1.01 0.77 0.60 0.55 0.65 0.84 1.08 1.26 1.41 1.51 1.46 1.32 1.17 1.06 1.00 1.00 1.12
 19   1.37 1.58 1.73 1.81 1.80 1.65 1.44 1.18 0.93 0.72 0.61 0.61 0.70 0.84 1.02 1.18 1.34 1.45 1.47 1.37 1.26 1.18 1.16 1.20
 20   1.30 1.45 1.58 1.68 1.73 1.66 1.52 1.33 1.10 0.89 0.71 0.57 0.56 0.70 0.86 1.02 1.19 1.34 1.48 1.52 1.51 1.46 1.39 1.33
 21   1.36 1.44 1.52 1.58 1.63 1.65 1.61 1.52 1.33 1.10 0.88 0.70 0.63 0.63 0.68 0.80 1.00 1.22 1.42 1.55 1.62 1.61 1.55 1.46
 22   1.38 1.36 1.39 1.45 1.52 1.59 1.64 1.59 1.46 1.25 1.04 0.85 0.66 0.55 0.53 0.61 0.78 1.02 1.25 1.48 1.64 1.74 1.70 1.60
 23   1.50 1.42 1.34 1.31 1.37 1.46 1.55 1.59 1.55 1.44 1.28 1.06 0.84 0.60 0.46 0.50 0.65 0.86 1.10 1.43 1.69 1.82 1.87 1.83
 24   1.72 1.55 1.38 1.30 1.30 1.41 1.52 1.60 1.64 1.61 1.51 1.28 1.02 0.76 0.57 0.45 0.50 0.70 1.02 1.32 1.60 1.85 1.97 1.94
 25   1.81 1.64 1.45 1.28 1.20 1.25 1.40 1.53 1.63 1.68 1.61 1.44 1.21 0.90 0.62 0.44 0.38 0.53 0.78 1.10 1.44 1.77 1.95 2.01
 26   1.92 1.75 1.53 1.30 1.12 1.07 1.16 1.35 1.55 1.68 1.72 1.61 1.38 1.12 0.79 0.52 0.35 0.37 0.58 0.91 1.30 1.66 1.94 2.10
 27   2.09 1.88 1.61 1.30 1.10 1.04 1.08 1.24 1.46 1.68 1.77 1.78 1.68 1.40 1.06 0.74 0.46 0.36 0.46 0.74 1.16 1.55 1.86 2.05
 28   2.14 2.02 1.78 1.44 1.15 0.97 0.92 1.07 1.32 1.56 1.74 1.84 1.79 1.58 1.27 0.90 0.56 0.37 0.38 0.58 0.94 1.36 1.74 1.98
 29   2.14 2.12 1.90 1.54 1.20 0.94 0.82 0.88 1.10 1.38 1.65 1.79 1.84 1.72 1.50 1.16 0.74 0.48 0.44 0.54 0.82 1.22 1.64 1.98
 30   2.16 2.20 2.04 1.68 1.29 0.96 0.79 0.76 0.88 1.12 1.42 1.69 1.82 1.83 1.70 1.40 1.04 0.72 0.58 0.58 0.74 1.08 1.52 1.84
 31   2.12 2.19 2.17 1.99 1.66 1.29 0.92 0.72 0.72 0.92 1.20 1.50 1.72 1.83 1.83 1.66 1.39 1.08 0.79 0.62 0.64 0.88 1.27 1.73
 ----------------------------------------------------------------------------------------------------------------------------
                                                                                               
 ----------------------------------------------------------------------------------------------------------------------------
 ----------------------------------------------------------------------------------------------------------------------------
                                                          SURVEY OF INDIA
                                                    MARINE GEODESY WING (G&RB)
                                                     HOURLY HEIGHTS IN METRES
  NAME OF PORT:- KARWAR                                                                             MONTH FEBRUARY  YEAR 2013
 ----------------------------------------------------------------------------------------------------------------------------
 DAYS 0000 0001 0002 0003 0004 0005 0006 0007 0008 0009 0010 0011 0012 0013 0014 0015 0016 0017 0018 0019 0020 0021 0022 0023
 ----------------------------------------------------------------------------------------------------------------------------
  1   2.04 2.17 2.19 2.08 1.88 1.52 1.12 0.78 0.59 0.70 0.92 1.22 1.54 1.75 1.84 1.81 1.63 1.36 1.09 0.93 0.89 0.98 1.21 1.53
  2   1.86 2.07 2.16 2.12 1.89 1.52 1.12 0.78 0.59 0.54 0.70 0.94 1.22 1.48 1.66 1.75 1.71 1.56 1.32 1.12 1.02 1.04 1.16 1.38
  3   1.68 1.94 2.08 2.12 2.00 1.69 1.38 1.08 0.83 0.65 0.61 0.72 0.99 1.26 1.50 1.66 1.74 1.70 1.50 1.30 1.14 1.06 1.06 1.22
  4   1.48 1.70 1.94 2.06 2.07 1.94 1.62 1.32 1.06 0.85 0.70 0.64 0.78 0.98 1.18 1.38 1.58 1.74 1.79 1.72 1.60 1.50 1.40 1.40
  5   1.48 1.60 1.76 1.90 1.96 1.93 1.79 1.58 1.32 1.00 0.71 0.55 0.52 0.62 0.80 1.02 1.28 1.52 1.70 1.80 1.80 1.72 1.59 1.44
  6   1.37 1.40 1.50 1.62 1.72 1.80 1.82 1.74 1.57 1.30 0.95 0.66 0.48 0.42 0.48 0.64 0.88 1.20 1.48 1.70 1.83 1.87 1.78 1.58
  7   1.38 1.28 1.24 1.30 1.41 1.54 1.68 1.73 1.67 1.52 1.26 0.92 0.60 0.35 0.24 0.32 0.53 0.82 1.21 1.54 1.83 1.98 2.00 1.86
  8   1.62 1.34 1.14 1.06 1.15 1.30 1.48 1.66 1.76 1.78 1.65 1.36 0.96 0.60 0.30 0.16 0.26 0.54 0.92 1.34 1.70 2.00 2.13 2.12
  9   1.88 1.54 1.20 1.00 0.91 1.00 1.22 1.49 1.70 1.84 1.85 1.72 1.46 1.04 0.58 0.28 0.18 0.30 0.62 1.08 1.52 1.88 2.16 2.26
 10   2.12 1.78 1.42 1.04 0.80 0.73 0.88 1.16 1.50 1.76 1.92 1.93 1.76 1.46 0.98 0.54 0.28 0.23 0.44 0.80 1.26 1.74 2.06 2.26
 11   2.28 2.09 1.72 1.24 0.82 0.62 0.62 0.86 1.18 1.54 1.78 1.93 1.96 1.76 1.34 0.88 0.53 0.36 0.36 0.60 0.98 1.48 1.90 2.18
 12   2.31 2.22 1.92 1.52 1.02 0.60 0.46 0.58 0.86 1.20 1.55 1.82 1.96 1.94 1.68 1.30 0.84 0.57 0.46 0.56 0.86 1.30 1.74 2.04
 13   2.25 2.32 2.12 1.73 1.26 0.80 0.50 0.44 0.66 0.94 1.30 1.60 1.82 1.91 1.86 1.60 1.18 0.84 0.65 0.62 0.80 1.12 1.52 1.86
 14   2.08 2.25 2.20 1.93 1.48 1.00 0.66 0.52 0.56 0.76 1.04 1.38 1.70 1.86 1.92 1.80 1.52 1.20 0.96 0.84 0.86 1.09 1.43 1.74
 15   2.00 2.18 2.24 2.06 1.74 1.34 0.97 0.72 0.59 0.67 0.88 1.20 1.46 1.68 1.80 1.81 1.69 1.46 1.22 1.04 0.96 1.08 1.30 1.56
 16   1.84 2.02 2.11 2.06 1.84 1.52 1.17 0.92 0.74 0.70 0.81 1.00 1.28 1.53 1.68 1.79 1.79 1.70 1.52 1.33 1.23 1.24 1.34 1.49
 17   1.70 1.88 1.98 2.00 1.88 1.66 1.38 1.10 0.86 0.73 0.75 0.87 1.07 1.28 1.48 1.63 1.70 1.69 1.62 1.50 1.39 1.34 1.36 1.43
 18   1.54 1.70 1.80 1.84 1.78 1.66 1.46 1.26 1.04 0.88 0.78 0.77 0.85 1.02 1.20 1.36 1.50 1.60 1.63 1.59 1.52 1.44 1.38 1.41
 19   1.50 1.56 1.62 1.67 1.69 1.67 1.59 1.46 1.29 1.11 0.91 0.75 0.74 0.82 0.99 1.16 1.32 1.48 1.61 1.69 1.69 1.62 1.53 1.44
 20   1.43 1.49 1.55 1.60 1.66 1.66 1.63 1.55 1.41 1.23 1.03 0.86 0.78 0.78 0.84 0.96 1.14 1.34 1.54 1.68 1.76 1.78 1.72 1.60
 21   1.46 1.38 1.37 1.41 1.46 1.54 1.59 1.58 1.50 1.36 1.20 1.02 0.84 0.72 0.65 0.72 0.88 1.10 1.34 1.53 1.69 1.78 1.76 1.65
 22   1.50 1.36 1.26 1.22 1.26 1.34 1.43 1.52 1.54 1.46 1.32 1.13 0.92 0.68 0.53 0.51 0.63 0.84 1.14 1.40 1.62 1.77 1.82 1.73
 23   1.56 1.34 1.17 1.06 1.04 1.15 1.29 1.44 1.58 1.59 1.51 1.33 1.10 0.84 0.58 0.46 0.49 0.68 0.98 1.28 1.60 1.86 1.96 1.94
 24   1.76 1.52 1.27 1.08 1.00 1.04 1.17 1.40 1.60 1.71 1.72 1.62 1.41 1.11 0.76 0.53 0.48 0.57 0.82 1.16 1.50 1.80 2.00 2.04
 25   1.91 1.64 1.32 1.04 0.87 0.84 0.96 1.22 1.48 1.65 1.75 1.76 1.60 1.27 0.90 0.62 0.44 0.42 0.64 0.92 1.28 1.66 1.96 2.06
 26   2.00 1.80 1.44 1.06 0.76 0.65 0.73 0.94 1.24 1.52 1.74 1.87 1.79 1.55 1.20 0.83 0.55 0.41 0.50 0.78 1.14 1.55 1.87 2.06
 27   2.06 1.90 1.56 1.10 0.72 0.52 0.49 0.68 0.98 1.31 1.62 1.84 1.88 1.76 1.50 1.10 0.73 0.53 0.48 0.64 0.96 1.42 1.76 1.98
 28   2.13 2.06 1.76 1.34 0.88 0.55 0.42 0.48 0.75 1.12 1.52 1.80 1.94 1.96 1.79 1.49 1.08 0.74 0.62 0.66 0.89 1.28 1.67 1.94
 ----------------------------------------------------------------------------------------------------------------------------
                                                                                               
 ----------------------------------------------------------------------------------------------------------------------------
 ----------------------------------------------------------------------------------------------------------------------------
                                                          SURVEY OF INDIA
                                                    MARINE GEODESY WING (G&RB)
                                                     HOURLY HEIGHTS IN METRES
  NAME OF PORT:- KARWAR                                                                             MONTH MARCH     YEAR 2013
 ----------------------------------------------------------------------------------------------------------------------------
 DAYS 0000 0001 0002 0003 0004 0005 0006 0007 0008 0009 0010 0011 0012 0013 0014 0015 0016 0017 0018 0019 0020 0021 0022 0023
 ----------------------------------------------------------------------------------------------------------------------------
  1   2.10 2.16 1.96 1.55 1.08 0.66 0.40 0.36 0.54 0.84 1.20 1.56 1.83 1.95 1.93 1.74 1.42 1.08 0.86 0.78 0.88 1.16 1.54 1.86
  2   2.07 2.18 2.12 1.88 1.48 0.98 0.59 0.42 0.43 0.64 0.96 1.30 1.64 1.88 2.02 1.96 1.74 1.43 1.16 0.97 0.95 1.12 1.40 1.68
  3   1.96 2.10 2.12 1.96 1.68 1.25 0.80 0.54 0.41 0.42 0.68 1.02 1.36 1.66 1.84 1.94 1.88 1.72 1.48 1.29 1.14 1.12 1.21 1.42
  4   1.76 1.94 2.04 2.01 1.83 1.51 1.16 0.86 0.58 0.42 0.49 0.76 1.04 1.32 1.56 1.75 1.90 1.85 1.68 1.46 1.31 1.24 1.26 1.36
  5   1.54 1.74 1.87 1.92 1.83 1.64 1.40 1.10 0.80 0.58 0.46 0.55 0.74 1.00 1.25 1.48 1.68 1.80 1.81 1.70 1.57 1.44 1.32 1.29
  6   1.36 1.48 1.60 1.70 1.75 1.70 1.58 1.39 1.14 0.87 0.64 0.53 0.56 0.70 0.92 1.16 1.42 1.64 1.79 1.84 1.80 1.70 1.56 1.38
  7   1.28 1.32 1.40 1.50 1.60 1.68 1.71 1.64 1.47 1.22 0.95 0.73 0.58 0.56 0.68 0.88 1.12 1.44 1.70 1.87 1.95 1.93 1.80 1.58
  8   1.32 1.20 1.18 1.22 1.32 1.48 1.66 1.76 1.74 1.62 1.40 1.10 0.80 0.61 0.54 0.62 0.82 1.14 1.47 1.76 1.97 2.07 2.02 1.84
  9   1.52 1.22 1.02 0.98 1.07 1.26 1.48 1.70 1.86 1.86 1.74 1.54 1.22 0.84 0.57 0.50 0.64 0.92 1.25 1.59 1.88 2.10 2.18 2.06
 10   1.73 1.38 1.06 0.83 0.79 0.92 1.20 1.48 1.74 1.88 1.91 1.84 1.56 1.16 0.72 0.52 0.48 0.64 0.93 1.32 1.70 2.00 2.16 2.16
 11   1.93 1.57 1.12 0.78 0.62 0.66 0.84 1.20 1.54 1.82 1.98 2.01 1.88 1.54 1.14 0.74 0.55 0.54 0.74 1.12 1.50 1.88 2.08 2.14
 12   2.06 1.76 1.36 0.92 0.55 0.44 0.54 0.85 1.20 1.58 1.86 2.01 2.00 1.78 1.42 1.00 0.66 0.55 0.65 0.92 1.32 1.76 2.04 2.16
 13   2.16 1.96 1.63 1.12 0.66 0.44 0.41 0.59 0.96 1.36 1.72 1.94 2.03 1.96 1.70 1.34 0.94 0.75 0.68 0.84 1.16 1.58 1.88 2.07
 14   2.14 2.06 1.74 1.30 0.84 0.50 0.36 0.42 0.66 1.00 1.44 1.76 1.94 1.98 1.88 1.60 1.20 0.88 0.77 0.78 0.98 1.36 1.70 1.91
 15   2.03 2.04 1.84 1.48 1.04 0.60 0.40 0.35 0.45 0.74 1.14 1.50 1.76 1.88 1.88 1.72 1.43 1.12 0.90 0.83 0.95 1.18 1.46 1.72
 16   1.88 1.94 1.84 1.62 1.24 0.82 0.55 0.42 0.43 0.64 0.92 1.28 1.58 1.76 1.85 1.80 1.60 1.34 1.13 0.98 0.97 1.10 1.32 1.58
 17   1.78 1.86 1.84 1.68 1.38 1.04 0.76 0.58 0.48 0.55 0.76 1.08 1.41 1.63 1.75 1.79 1.72 1.55 1.36 1.20 1.10 1.10 1.24 1.48
 18   1.69 1.79 1.80 1.71 1.53 1.26 0.98 0.79 0.64 0.60 0.72 0.98 1.26 1.47 1.61 1.72 1.74 1.68 1.53 1.37 1.28 1.26 1.31 1.40
 19   1.54 1.68 1.72 1.68 1.57 1.39 1.18 0.99 0.82 0.72 0.72 0.84 1.02 1.24 1.42 1.56 1.66 1.69 1.62 1.52 1.43 1.36 1.34 1.39
 20   1.47 1.56 1.63 1.66 1.62 1.51 1.33 1.16 1.00 0.86 0.78 0.80 0.89 1.04 1.22 1.39 1.54 1.66 1.71 1.66 1.57 1.47 1.37 1.32
 21   1.32 1.38 1.45 1.50 1.52 1.50 1.44 1.32 1.18 1.04 0.92 0.83 0.85 0.94 1.06 1.22 1.40 1.54 1.66 1.72 1.71 1.64 1.54 1.44
 22   1.32 1.30 1.32 1.36 1.44 1.50 1.52 1.50 1.41 1.28 1.13 1.00 0.88 0.86 0.90 1.04 1.24 1.45 1.62 1.78 1.84 1.81 1.68 1.52
 23   1.36 1.26 1.19 1.20 1.26 1.37 1.51 1.58 1.57 1.48 1.34 1.18 1.02 0.88 0.81 0.89 1.03 1.26 1.51 1.73 1.86 1.89 1.82 1.65
 24   1.42 1.21 1.08 1.02 1.08 1.22 1.38 1.56 1.70 1.70 1.59 1.43 1.20 0.98 0.82 0.78 0.90 1.08 1.38 1.65 1.86 1.95 1.94 1.78
 25   1.52 1.24 1.00 0.86 0.86 1.04 1.23 1.44 1.66 1.80 1.79 1.66 1.44 1.16 0.90 0.74 0.74 0.86 1.14 1.50 1.81 1.99 2.06 1.96
 26   1.71 1.42 1.04 0.78 0.70 0.78 1.02 1.34 1.64 1.88 1.98 1.94 1.76 1.48 1.14 0.86 0.71 0.78 1.03 1.40 1.72 1.98 2.11 2.10
 27   1.70 1.53 1.12 0.76 0.59 0.54 0.74 1.08 1.46 1.82 2.01 2.08 2.02 1.78 1.45 1.06 0.80 0.76 0.91 1.18 1.54 1.90 2.12 2.18
 28   2.01 1.68 1.28 0.80 0.44 0.27 0.40 0.72 1.12 1.50 1.87 2.08 2.12 1.96 1.68 1.28 0.94 0.74 0.76 0.98 1.34 1.72 1.96 2.12
 29   2.10 1.86 1.48 0.96 0.46 0.20 0.16 0.38 0.72 1.24 1.66 1.94 2.10 2.15 1.94 1.58 1.19 0.89 0.77 0.86 1.11 1.46 1.80 1.99
 30   2.08 1.98 1.66 1.20 0.66 0.26 0.07 0.12 0.40 0.78 1.24 1.68 1.97 2.12 2.06 1.80 1.46 1.11 0.87 0.82 1.00 1.24 1.56 1.84
 31   2.00 2.00 1.81 1.50 1.00 0.48 0.21 0.12 0.20 0.48 0.90 1.34 1.70 1.96 2.06 1.98 1.72 1.38 1.06 0.91 0.90 1.08 1.34 1.60
 ----------------------------------------------------------------------------------------------------------------------------
                                                                                               
 ----------------------------------------------------------------------------------------------------------------------------
 ----------------------------------------------------------------------------------------------------------------------------
                                                          SURVEY OF INDIA
                                                    MARINE GEODESY WING (G&RB)
                                                     HOURLY HEIGHTS IN METRES
  NAME OF PORT:- KARWAR                                                                             MONTH APRIL     YEAR 2013
 ----------------------------------------------------------------------------------------------------------------------------
 DAYS 0000 0001 0002 0003 0004 0005 0006 0007 0008 0009 0010 0011 0012 0013 0014 0015 0016 0017 0018 0019 0020 0021 0022 0023
 ----------------------------------------------------------------------------------------------------------------------------
  1   1.84 1.94 1.88 1.65 1.30 0.84 0.42 0.14 0.13 0.32 0.60 0.96 1.34 1.62 1.84 1.94 1.83 1.62 1.33 1.10 0.98 1.00 1.10 1.30
  2   1.55 1.72 1.80 1.71 1.50 1.18 0.84 0.52 0.27 0.24 0.39 0.70 1.02 1.30 1.56 1.76 1.88 1.80 1.59 1.37 1.20 1.06 1.04 1.15
  3   1.36 1.53 1.64 1.68 1.60 1.45 1.22 0.92 0.62 0.44 0.42 0.57 0.78 1.04 1.30 1.54 1.74 1.84 1.76 1.60 1.43 1.23 1.07 1.02
  4   1.09 1.20 1.32 1.42 1.50 1.48 1.37 1.19 0.98 0.76 0.57 0.48 0.56 0.76 0.98 1.22 1.46 1.68 1.78 1.76 1.64 1.46 1.24 1.05
  5   0.95 0.94 1.04 1.18 1.32 1.44 1.50 1.49 1.33 1.12 0.87 0.65 0.56 0.62 0.76 0.94 1.20 1.48 1.70 1.81 1.82 1.70 1.47 1.22
  6   0.93 0.81 0.78 0.88 1.05 1.22 1.40 1.54 1.56 1.44 1.22 0.96 0.76 0.64 0.63 0.75 1.01 1.27 1.54 1.74 1.90 1.90 1.69 1.44
  7   1.14 0.84 0.67 0.64 0.76 0.99 1.24 1.47 1.65 1.72 1.62 1.42 1.13 0.86 0.69 0.68 0.80 1.02 1.31 1.63 1.88 1.98 1.90 1.70
  8   1.36 0.98 0.69 0.49 0.48 0.66 0.92 1.18 1.44 1.64 1.70 1.56 1.30 1.01 0.72 0.54 0.56 0.74 1.02 1.35 1.60 1.78 1.84 1.70
  9   1.38 0.98 0.58 0.28 0.17 0.28 0.56 0.90 1.26 1.56 1.72 1.76 1.58 1.26 0.92 0.67 0.53 0.58 0.80 1.12 1.44 1.68 1.80 1.79
 10   1.55 1.19 0.74 0.36 0.15 0.12 0.32 0.66 1.08 1.42 1.69 1.82 1.80 1.60 1.24 0.88 0.69 0.66 0.76 1.06 1.39 1.66 1.82 1.88
 11   1.75 1.46 1.07 0.58 0.29 0.20 0.28 0.52 0.93 1.34 1.69 1.90 1.98 1.88 1.57 1.26 0.96 0.78 0.80 0.97 1.24 1.54 1.76 1.88
 12   1.82 1.60 1.27 0.84 0.42 0.20 0.18 0.36 0.72 1.12 1.48 1.75 1.93 1.96 1.77 1.46 1.14 0.90 0.82 0.91 1.11 1.36 1.62 1.79
 13   1.82 1.66 1.38 0.98 0.55 0.30 0.19 0.22 0.48 0.84 1.24 1.56 1.78 1.86 1.72 1.46 1.16 0.87 0.71 0.69 0.84 1.06 1.32 1.50
 14   1.57 1.50 1.33 1.04 0.66 0.34 0.14 0.10 0.25 0.54 0.90 1.24 1.51 1.68 1.72 1.57 1.30 1.03 0.84 0.76 0.80 0.93 1.13 1.40
 15   1.54 1.55 1.38 1.13 0.82 0.52 0.26 0.16 0.16 0.38 0.68 1.00 1.32 1.53 1.64 1.63 1.43 1.19 1.00 0.88 0.86 0.91 1.06 1.25
 16   1.42 1.49 1.45 1.31 1.06 0.75 0.46 0.34 0.32 0.40 0.58 0.82 1.14 1.42 1.60 1.64 1.57 1.43 1.24 1.07 0.94 0.88 0.96 1.14
 17   1.33 1.44 1.48 1.39 1.21 0.99 0.75 0.55 0.46 0.45 0.55 0.72 0.98 1.23 1.40 1.52 1.58 1.54 1.38 1.22 1.08 1.00 0.99 1.04
 18   1.12 1.24 1.32 1.33 1.22 1.06 0.89 0.74 0.59 0.48 0.47 0.58 0.78 0.98 1.18 1.36 1.49 1.52 1.46 1.33 1.20 1.08 0.97 0.93
 19   0.96 1.04 1.12 1.17 1.19 1.14 1.03 0.90 0.76 0.64 0.56 0.57 0.64 0.80 1.00 1.21 1.37 1.46 1.50 1.45 1.32 1.17 1.02 0.89
 20   0.82 0.86 0.93 1.02 1.12 1.19 1.18 1.11 1.01 0.88 0.72 0.61 0.62 0.72 0.88 1.06 1.25 1.41 1.50 1.52 1.45 1.30 1.10 0.90
 21   0.74 0.72 0.81 0.94 1.06 1.16 1.24 1.26 1.18 1.01 0.82 0.69 0.62 0.62 0.73 0.88 1.07 1.26 1.45 1.60 1.65 1.54 1.36 1.14
 22   0.84 0.65 0.61 0.67 0.80 1.00 1.20 1.38 1.46 1.42 1.28 1.07 0.88 0.74 0.66 0.72 0.89 1.14 1.37 1.59 1.73 1.72 1.56 1.30
 23   0.91 0.62 0.48 0.46 0.56 0.79 1.07 1.32 1.50 1.58 1.54 1.41 1.16 0.88 0.70 0.65 0.78 0.99 1.24 1.51 1.74 1.82 1.73 1.50
 24   1.15 0.68 0.43 0.32 0.37 0.56 0.86 1.21 1.53 1.74 1.84 1.74 1.50 1.22 0.93 0.76 0.76 0.90 1.14 1.48 1.74 1.86 1.87 1.72
 25   1.40 0.94 0.47 0.21 0.13 0.28 0.58 1.00 1.40 1.70 1.91 1.98 1.88 1.56 1.16 0.86 0.74 0.79 0.97 1.27 1.58 1.80 1.92 1.86
 26   1.62 1.16 0.62 0.20 0.04 0.04 0.24 0.63 1.14 1.57 1.88 2.05 2.08 1.92 1.56 1.19 0.93 0.80 0.89 1.10 1.44 1.74 1.95 2.00
 27   1.85 1.50 1.04 0.44 0.10-0.05 0.02 0.30 0.76 1.30 1.72 2.04 2.20 2.21 1.96 1.54 1.16 0.92 0.83 0.98 1.26 1.58 1.86 2.00
 28   1.96 1.80 1.42 0.90 0.35 0.06-0.04 0.10 0.46 0.96 1.46 1.84 2.10 2.23 2.16 1.86 1.47 1.14 0.93 0.89 1.06 1.34 1.63 1.84
 29   1.97 1.93 1.66 1.26 0.73 0.27 0.05-0.02 0.22 0.60 1.04 1.45 1.86 2.12 2.22 2.10 1.80 1.44 1.13 0.93 0.93 1.12 1.39 1.65
 30   1.80 1.86 1.80 1.56 1.20 0.76 0.37 0.15 0.13 0.36 0.76 1.18 1.56 1.86 2.06 2.15 2.00 1.70 1.38 1.14 1.00 0.98 1.11 1.34
 ----------------------------------------------------------------------------------------------------------------------------
                                                                                               
 ----------------------------------------------------------------------------------------------------------------------------
 ----------------------------------------------------------------------------------------------------------------------------
                                                          SURVEY OF INDIA
                                                    MARINE GEODESY WING (G&RB)
                                                     HOURLY HEIGHTS IN METRES
  NAME OF PORT:- KARWAR                                                                             MONTH MAY       YEAR 2013
 ----------------------------------------------------------------------------------------------------------------------------
 DAYS 0000 0001 0002 0003 0004 0005 0006 0007 0008 0009 0010 0011 0012 0013 0014 0015 0016 0017 0018 0019 0020 0021 0022 0023
 ----------------------------------------------------------------------------------------------------------------------------
  1   1.56 1.70 1.77 1.70 1.48 1.18 0.78 0.46 0.27 0.28 0.52 0.85 1.24 1.54 1.80 2.01 2.03 1.88 1.64 1.38 1.15 1.00 0.95 1.07
  2   1.28 1.47 1.58 1.62 1.58 1.46 1.22 0.90 0.66 0.54 0.56 0.72 0.98 1.26 1.53 1.80 2.00 2.01 1.87 1.66 1.42 1.17 0.99 0.95
  3   1.05 1.18 1.33 1.48 1.58 1.60 1.50 1.32 1.09 0.89 0.72 0.72 0.86 1.08 1.34 1.58 1.80 1.93 1.95 1.87 1.68 1.41 1.14 0.95
  4   0.85 0.92 1.04 1.21 1.37 1.50 1.58 1.56 1.45 1.28 1.10 0.94 0.88 0.97 1.15 1.38 1.61 1.81 1.95 2.00 1.90 1.66 1.40 1.10
  5   0.84 0.73 0.76 0.90 1.10 1.32 1.51 1.66 1.68 1.60 1.40 1.16 0.98 0.94 1.00 1.12 1.32 1.56 1.76 1.88 1.92 1.86 1.66 1.38
  6   0.93 0.65 0.54 0.58 0.78 1.01 1.27 1.52 1.68 1.74 1.66 1.46 1.21 1.01 0.94 1.00 1.14 1.34 1.56 1.76 1.86 1.78 1.54 1.25
  7   1.04 0.74 0.48 0.38 0.46 0.68 1.02 1.36 1.60 1.74 1.79 1.66 1.46 1.23 0.99 0.88 0.93 1.08 1.34 1.58 1.73 1.79 1.74 1.58
  8   1.26 0.79 0.49 0.30 0.30 0.48 0.78 1.11 1.41 1.72 1.90 1.89 1.72 1.47 1.18 1.00 0.94 1.02 1.18 1.44 1.68 1.82 1.83 1.68
  9   1.42 1.06 0.64 0.34 0.24 0.33 0.58 0.94 1.34 1.66 1.88 1.96 1.94 1.78 1.46 1.19 0.99 0.95 1.08 1.30 1.56 1.74 1.84 1.78
 10   1.56 1.20 0.82 0.46 0.23 0.22 0.38 0.68 1.12 1.50 1.78 1.92 1.96 1.84 1.58 1.32 1.10 0.94 0.95 1.14 1.38 1.58 1.72 1.71
 11   1.53 1.30 0.98 0.58 0.30 0.19 0.25 0.48 0.90 1.32 1.62 1.84 1.98 1.97 1.78 1.48 1.18 0.98 0.93 1.06 1.26 1.48 1.67 1.74
 12   1.66 1.42 1.12 0.76 0.44 0.25 0.20 0.34 0.64 1.04 1.42 1.70 1.86 1.92 1.83 1.60 1.28 1.05 0.95 0.98 1.13 1.30 1.50 1.66
 13   1.71 1.52 1.27 0.94 0.60 0.33 0.21 0.23 0.42 0.80 1.18 1.50 1.74 1.88 1.88 1.74 1.43 1.16 0.98 0.92 0.98 1.12 1.33 1.50
 14   1.56 1.50 1.33 1.06 0.75 0.47 0.29 0.24 0.36 0.62 0.99 1.30 1.56 1.76 1.84 1.78 1.56 1.29 1.09 0.98 0.97 1.06 1.18 1.36
 15   1.48 1.51 1.38 1.18 0.93 0.64 0.42 0.30 0.33 0.52 0.78 1.08 1.35 1.59 1.74 1.76 1.61 1.39 1.14 0.96 0.86 0.89 1.01 1.16
 16   1.26 1.35 1.32 1.22 1.04 0.81 0.56 0.38 0.37 0.46 0.63 0.88 1.16 1.39 1.57 1.66 1.62 1.46 1.23 1.02 0.89 0.84 0.87 0.98
 17   1.08 1.22 1.30 1.26 1.15 0.98 0.78 0.60 0.48 0.46 0.56 0.72 0.92 1.12 1.31 1.47 1.56 1.48 1.28 1.07 0.88 0.74 0.68 0.71
 18   0.82 0.96 1.05 1.11 1.12 1.04 0.91 0.74 0.58 0.48 0.47 0.56 0.74 0.94 1.17 1.34 1.48 1.52 1.42 1.23 1.03 0.84 0.69 0.58
 19   0.60 0.73 0.85 0.96 1.06 1.12 1.09 0.98 0.86 0.72 0.61 0.56 0.66 0.82 1.02 1.24 1.44 1.54 1.50 1.37 1.18 0.99 0.81 0.66
 20   0.53 0.56 0.66 0.80 0.95 1.10 1.24 1.24 1.16 1.04 0.88 0.74 0.70 0.78 0.92 1.08 1.27 1.44 1.55 1.55 1.41 1.16 0.91 0.68
 21   0.46 0.35 0.40 0.58 0.80 1.00 1.21 1.38 1.41 1.33 1.17 1.00 0.85 0.78 0.86 1.00 1.16 1.34 1.52 1.63 1.58 1.40 1.14 0.84
 22   0.50 0.27 0.18 0.28 0.50 0.80 1.08 1.32 1.49 1.56 1.49 1.30 1.08 0.94 0.90 0.96 1.12 1.32 1.54 1.68 1.76 1.69 1.46 1.15
 23   0.74 0.35 0.12 0.12 0.31 0.60 0.92 1.30 1.62 1.80 1.85 1.74 1.52 1.24 0.99 0.90 0.97 1.15 1.38 1.58 1.77 1.81 1.68 1.44
 24   0.98 0.54 0.19 0.02 0.04 0.30 0.66 1.08 1.50 1.80 1.94 1.98 1.83 1.56 1.24 0.98 0.90 0.98 1.22 1.45 1.68 1.82 1.84 1.66
 25   1.33 0.86 0.38 0.02-0.12-0.01 0.29 0.76 1.28 1.66 1.97 2.14 2.14 1.86 1.53 1.20 0.95 0.88 1.00 1.24 1.55 1.78 1.90 1.88
 26   1.63 1.26 0.74 0.18-0.08-0.18-0.05 0.32 0.84 1.30 1.74 2.06 2.22 2.14 1.82 1.44 1.08 0.88 0.84 0.99 1.24 1.56 1.77 1.84
 27   1.79 1.52 1.10 0.60 0.10-0.20-0.22 0.04 0.44 0.94 1.44 1.82 2.12 2.23 2.10 1.72 1.34 1.02 0.81 0.78 0.95 1.22 1.54 1.72
 28   1.81 1.70 1.44 1.04 0.52 0.11-0.10-0.10 0.16 0.58 1.02 1.44 1.85 2.11 2.12 1.92 1.64 1.24 0.88 0.68 0.68 0.86 1.15 1.44
 29   1.61 1.66 1.59 1.36 0.98 0.50 0.16 0.01 0.04 0.28 0.68 1.14 1.51 1.84 2.05 2.06 1.82 1.52 1.15 0.80 0.62 0.67 0.88 1.14
 30   1.30 1.50 1.57 1.50 1.28 0.96 0.58 0.30 0.18 0.24 0.52 0.90 1.26 1.56 1.83 2.00 1.96 1.74 1.44 1.06 0.76 0.65 0.67 0.82
 31
 ----------------------------------------------------------------------------------------------------------------------------
                                                                                               
 ----------------------------------------------------------------------------------------------------------------------------
 ----------------------------------------------------------------------------------------------------------------------------
                                                          SURVEY OF INDIA
                                                    MARINE GEODESY WING (G&RB)
                                                     HOURLY HEIGHTS IN METRES
  NAME OF PORT:- KARWAR                                                                             MONTH JUNE      YEAR 2013
 ----------------------------------------------------------------------------------------------------------------------------
 DAYS 0000 0001 0002 0003 0004 0005 0006 0007 0008 0009 0010 0011 0012 0013 0014 0015 0016 0017 0018 0019 0020 0021 0022 0023
 ----------------------------------------------------------------------------------------------------------------------------
  1
  2
  3
  4   0.54 0.33 0.30 0.50 0.74 0.98 1.24 1.47 1.60 1.66 1.55 1.35 1.16 1.07 1.03 1.10 1.23 1.39 1.54 1.65 1.66 1.55 1.35 1.03
  5   0.69 0.45 0.29 0.34 0.55 0.80 1.08 1.38 1.63 1.74 1.72 1.60 1.42 1.26 1.12 1.06 1.13 1.28 1.46 1.61 1.68 1.66 1.54 1.32
  6   0.98 0.62 0.38 0.29 0.38 0.59 0.90 1.24 1.52 1.75 1.86 1.84 1.70 1.49 1.27 1.09 1.08 1.20 1.36 1.52 1.66 1.70 1.62 1.40
  7   1.10 0.81 0.47 0.28 0.24 0.39 0.68 1.01 1.34 1.60 1.83 1.94 1.88 1.68 1.44 1.21 1.04 1.03 1.21 1.40 1.57 1.70 1.72 1.58
  8   1.30 0.98 0.64 0.36 0.21 0.24 0.46 0.80 1.23 1.60 1.86 1.98 1.98 1.83 1.58 1.32 1.09 1.02 1.12 1.30 1.47 1.60 1.67 1.58
  9   1.46 1.17 0.78 0.43 0.26 0.19 0.29 0.56 0.96 1.36 1.70 1.90 2.00 1.92 1.68 1.39 1.14 0.98 0.98 1.08 1.28 1.49 1.62 1.66
 10   1.54 1.34 0.99 0.56 0.30 0.19 0.21 0.44 0.78 1.18 1.53 1.82 1.94 1.98 1.84 1.56 1.28 1.04 0.93 1.03 1.22 1.44 1.60 1.71
 11   1.66 1.50 1.26 0.94 0.56 0.33 0.25 0.36 0.65 1.04 1.42 1.70 1.90 2.00 1.94 1.72 1.44 1.16 0.98 0.94 1.08 1.26 1.45 1.58
 12   1.63 1.58 1.38 1.08 0.76 0.52 0.38 0.38 0.56 0.86 1.25 1.58 1.78 1.92 1.95 1.80 1.58 1.32 1.10 0.98 1.01 1.18 1.39 1.55
 13   1.68 1.69 1.56 1.34 1.06 0.76 0.58 0.52 0.57 0.80 1.18 1.50 1.76 1.97 2.06 2.00 1.84 1.54 1.24 1.03 0.96 1.04 1.22 1.42
 14   1.57 1.65 1.62 1.46 1.24 1.01 0.78 0.64 0.64 0.76 1.01 1.32 1.58 1.80 1.92 1.94 1.83 1.62 1.35 1.12 0.98 0.96 1.05 1.18
 15   1.34 1.48 1.55 1.50 1.36 1.16 0.94 0.74 0.64 0.70 0.88 1.12 1.38 1.64 1.86 1.96 1.94 1.76 1.48 1.23 1.04 0.92 0.91 0.99
 16   1.15 1.32 1.42 1.46 1.43 1.31 1.15 0.97 0.83 0.78 0.85 1.02 1.25 1.48 1.72 1.86 1.88 1.78 1.57 1.34 1.11 0.90 0.77 0.77
 17   0.90 1.06 1.22 1.37 1.46 1.46 1.37 1.23 1.08 0.97 0.90 0.94 1.08 1.31 1.54 1.71 1.81 1.84 1.71 1.50 1.25 0.98 0.76 0.62
 18   0.64 0.74 0.90 1.08 1.29 1.50 1.61 1.58 1.48 1.33 1.16 1.01 1.02 1.20 1.39 1.58 1.73 1.78 1.74 1.61 1.36 1.08 0.82 0.63
 19   0.50 0.51 0.64 0.82 1.09 1.36 1.54 1.66 1.66 1.54 1.38 1.21 1.13 1.16 1.28 1.45 1.62 1.76 1.84 1.82 1.68 1.37 1.02 0.68
 20   0.46 0.38 0.42 0.56 0.78 1.10 1.40 1.60 1.72 1.76 1.65 1.46 1.26 1.10 1.12 1.24 1.39 1.54 1.67 1.78 1.77 1.56 1.23 0.87
 21   0.52 0.26 0.14 0.19 0.42 0.74 1.10 1.46 1.72 1.86 1.88 1.71 1.47 1.22 1.08 1.05 1.14 1.29 1.48 1.67 1.78 1.73 1.51 1.18
 22   0.73 0.32 0.04-0.05 0.06 0.34 0.73 1.15 1.55 1.87 2.03 1.98 1.76 1.52 1.24 1.04 1.00 1.12 1.32 1.54 1.66 1.67 1.59 1.40
 23   1.02 0.50 0.06-0.22-0.29-0.15 0.22 0.70 1.18 1.58 1.84 1.99 1.88 1.59 1.28 0.96 0.73 0.71 0.84 1.07 1.34 1.57 1.70 1.60
 24   1.36 0.96 0.46-0.04-0.26-0.32-0.10 0.33 0.79 1.27 1.64 1.93 2.10 2.04 1.76 1.33 1.00 0.79 0.81 0.98 1.26 1.56 1.80 1.88
 25   1.78 1.52 1.06 0.54 0.10-0.17-0.17 0.10 0.60 1.04 1.50 1.86 2.14 2.16 1.93 1.58 1.12 0.78 0.61 0.64 0.84 1.16 1.44 1.68
 26   1.80 1.66 1.34 0.90 0.44 0.04-0.13-0.08 0.24 0.68 1.14 1.56 1.87 2.06 2.07 1.78 1.40 0.96 0.58 0.46 0.53 0.78 1.06 1.30
 27   1.55 1.64 1.52 1.22 0.80 0.36 0.08-0.03 0.10 0.42 0.86 1.30 1.64 1.90 2.04 1.99 1.66 1.24 0.80 0.55 0.45 0.53 0.73 1.00
 28   1.30 1.48 1.58 1.50 1.26 0.95 0.58 0.36 0.28 0.44 0.76 1.10 1.47 1.76 1.96 2.06 1.90 1.56 1.14 0.78 0.56 0.47 0.56 0.76
 29   1.02 1.23 1.41 1.52 1.49 1.29 0.99 0.74 0.57 0.53 0.68 0.94 1.26 1.56 1.80 1.92 1.93 1.76 1.42 1.08 0.78 0.54 0.49 0.56
 30   0.75 0.98 1.18 1.34 1.43 1.44 1.34 1.10 0.90 0.79 0.79 0.88 1.10 1.36 1.56 1.73 1.83 1.78 1.58 1.30 1.00 0.74 0.50 0.40
 ----------------------------------------------------------------------------------------------------------------------------
                                                                                               
 ----------------------------------------------------------------------------------------------------------------------------
 ----------------------------------------------------------------------------------------------------------------------------
                                                          SURVEY OF INDIA
                                                    MARINE GEODESY WING (G&RB)
                                                     HOURLY HEIGHTS IN METRES
  NAME OF PORT:- KARWAR                                                                             MONTH JULY      YEAR 2013
 ----------------------------------------------------------------------------------------------------------------------------
 DAYS 0000 0001 0002 0003 0004 0005 0006 0007 0008 0009 0010 0011 0012 0013 0014 0015 0016 0017 0018 0019 0020 0021 0022 0023
 ----------------------------------------------------------------------------------------------------------------------------
  1   0.51 0.69 0.89 1.07 1.26 1.40 1.43 1.32 1.18 1.05 0.97 0.93 1.00 1.16 1.36 1.54 1.66 1.72 1.64 1.48 1.24 0.94 0.70 0.50
  2   0.44 0.50 0.66 0.87 1.08 1.28 1.42 1.51 1.47 1.34 1.20 1.12 1.10 1.13 1.26 1.40 1.54 1.64 1.69 1.60 1.41 1.18 0.95 0.70
  3   0.48 0.40 0.48 0.67 0.93 1.17 1.36 1.47 1.52 1.50 1.38 1.24 1.12 1.09 1.13 1.23 1.35 1.45 1.50 1.52 1.46 1.32 1.08 0.79
  4   0.54 0.32 0.23 0.30 0.52 0.78 1.08 1.32 1.48 1.54 1.53 1.43 1.26 1.14 1.06 1.06 1.12 1.22 1.33 1.42 1.46 1.37 1.18 0.94
  5   0.67 0.40 0.28 0.26 0.36 0.60 0.88 1.17 1.42 1.57 1.64 1.58 1.43 1.25 1.10 1.02 1.03 1.10 1.20 1.34 1.46 1.46 1.36 1.14
  6   0.86 0.57 0.32 0.20 0.21 0.40 0.72 1.04 1.34 1.54 1.69 1.74 1.64 1.44 1.20 1.05 1.00 1.04 1.15 1.30 1.44 1.53 1.52 1.36
  7   1.08 0.81 0.50 0.27 0.20 0.29 0.52 0.86 1.18 1.48 1.68 1.77 1.72 1.53 1.32 1.13 0.96 0.94 1.02 1.16 1.34 1.47 1.52 1.43
  8   1.23 0.95 0.63 0.34 0.17 0.16 0.31 0.60 0.98 1.34 1.62 1.76 1.80 1.68 1.44 1.22 1.02 0.92 0.92 1.04 1.22 1.44 1.57 1.52
  9   1.38 1.16 0.86 0.54 0.29 0.18 0.26 0.46 0.82 1.26 1.58 1.78 1.88 1.84 1.62 1.35 1.09 0.92 0.86 0.91 1.10 1.34 1.50 1.56
 10   1.50 1.32 1.02 0.70 0.40 0.22 0.22 0.36 0.68 1.07 1.44 1.70 1.84 1.86 1.76 1.50 1.22 0.96 0.80 0.80 0.96 1.18 1.36 1.52
 11   1.58 1.47 1.26 0.94 0.62 0.38 0.26 0.30 0.54 0.90 1.28 1.60 1.79 1.89 1.85 1.63 1.30 1.00 0.80 0.76 0.84 1.00 1.22 1.42
 12   1.56 1.54 1.38 1.12 0.81 0.55 0.36 0.34 0.50 0.78 1.10 1.43 1.72 1.89 1.90 1.72 1.42 1.10 0.83 0.71 0.72 0.84 1.02 1.20
 13   1.45 1.54 1.48 1.29 1.03 0.74 0.52 0.42 0.47 0.63 0.90 1.26 1.54 1.72 1.83 1.78 1.56 1.18 0.86 0.65 0.58 0.61 0.76 0.93
 14   1.18 1.34 1.43 1.36 1.17 0.90 0.67 0.54 0.52 0.59 0.79 1.07 1.40 1.64 1.78 1.78 1.66 1.38 1.06 0.80 0.63 0.57 0.62 0.79
 15   1.03 1.24 1.35 1.40 1.36 1.22 0.99 0.80 0.70 0.70 0.82 1.02 1.28 1.54 1.70 1.80 1.75 1.54 1.26 0.98 0.72 0.55 0.53 0.62
 16   0.78 1.03 1.20 1.36 1.43 1.39 1.27 1.10 0.97 0.89 0.91 1.01 1.18 1.42 1.63 1.74 1.78 1.68 1.48 1.22 0.94 0.68 0.50 0.46
 17   0.60 0.80 0.99 1.16 1.35 1.48 1.50 1.40 1.28 1.14 1.04 1.04 1.10 1.28 1.49 1.65 1.74 1.74 1.63 1.44 1.16 0.88 0.62 0.43
 18   0.38 0.46 0.63 0.85 1.10 1.32 1.46 1.52 1.49 1.41 1.28 1.15 1.11 1.18 1.30 1.44 1.59 1.69 1.68 1.60 1.42 1.15 0.82 0.55
 19   0.32 0.28 0.41 0.62 0.88 1.16 1.41 1.60 1.72 1.72 1.60 1.44 1.27 1.18 1.22 1.32 1.44 1.56 1.66 1.70 1.64 1.46 1.15 0.80
 20   0.44 0.20 0.15 0.26 0.48 0.80 1.14 1.48 1.72 1.84 1.84 1.69 1.47 1.27 1.11 1.09 1.20 1.36 1.56 1.72 1.78 1.73 1.52 1.22
 21   0.82 0.40 0.12 0.06 0.18 0.50 0.86 1.26 1.64 1.93 2.07 1.99 1.74 1.44 1.20 1.04 1.00 1.13 1.33 1.55 1.74 1.82 1.76 1.58
 22   1.22 0.74 0.30 0.03-0.02 0.16 0.48 0.92 1.36 1.78 2.01 2.08 1.98 1.72 1.37 1.06 0.87 0.85 1.02 1.28 1.57 1.82 1.92 1.86
 23   1.62 1.24 0.74 0.26-0.03-0.04 0.16 0.60 1.10 1.52 1.91 2.14 2.20 2.00 1.64 1.26 0.92 0.73 0.76 0.98 1.28 1.60 1.84 1.93
 24   1.88 1.65 1.24 0.68 0.23 0.02 0.08 0.38 0.80 1.32 1.76 2.10 2.24 2.20 1.94 1.55 1.10 0.74 0.55 0.64 0.91 1.26 1.60 1.80
 25   1.88 1.79 1.53 1.16 0.70 0.28 0.16 0.26 0.56 1.00 1.42 1.80 2.10 2.20 2.14 1.86 1.38 0.86 0.52 0.46 0.64 0.90 1.20 1.54
 26   1.84 1.91 1.78 1.47 1.08 0.66 0.35 0.30 0.47 0.80 1.23 1.62 1.96 2.18 2.20 2.00 1.56 1.08 0.70 0.48 0.43 0.58 0.90 1.26
 27   1.56 1.72 1.78 1.69 1.45 1.06 0.70 0.54 0.54 0.68 1.04 1.39 1.69 1.97 2.10 2.02 1.76 1.38 1.00 0.68 0.49 0.52 0.70 0.94
 28   1.26 1.48 1.59 1.62 1.54 1.34 1.08 0.88 0.76 0.78 0.94 1.20 1.50 1.75 1.88 1.93 1.85 1.62 1.24 0.85 0.58 0.44 0.48 0.62
 29   0.86 1.14 1.34 1.48 1.53 1.43 1.25 1.06 0.88 0.80 0.86 1.00 1.26 1.50 1.64 1.72 1.70 1.56 1.32 1.06 0.80 0.59 0.44 0.46
 30   0.64 0.86 1.04 1.22 1.38 1.48 1.44 1.32 1.18 1.08 1.06 1.12 1.22 1.38 1.53 1.64 1.70 1.63 1.48 1.27 1.04 0.82 0.63 0.50
 31   0.56 0.73 0.90 1.07 1.24 1.40 1.50 1.49 1.42 1.31 1.21 1.15 1.19 1.29 1.40 1.50 1.57 1.58 1.50 1.37 1.18 0.97 0.76 0.58
 ----------------------------------------------------------------------------------------------------------------------------
                                                                                               
 ----------------------------------------------------------------------------------------------------------------------------
 ----------------------------------------------------------------------------------------------------------------------------
                                                          SURVEY OF INDIA
                                                    MARINE GEODESY WING (G&RB)
                                                     HOURLY HEIGHTS IN METRES
  NAME OF PORT:- KARWAR                                                                             MONTH AUGUST    YEAR 2013
 ----------------------------------------------------------------------------------------------------------------------------
 DAYS 0000 0001 0002 0003 0004 0005 0006 0007 0008 0009 0010 0011 0012 0013 0014 0015 0016 0017 0018 0019 0020 0021 0022 0023
 ----------------------------------------------------------------------------------------------------------------------------
  1   0.50 0.53 0.63 0.82 1.04 1.24 1.40 1.54 1.58 1.53 1.43 1.31 1.20 1.18 1.24 1.32 1.40 1.46 1.51 1.47 1.35 1.18 1.00 0.78
  2   0.57 0.48 0.53 0.66 0.83 1.04 1.27 1.43 1.53 1.56 1.50 1.40 1.28 1.18 1.12 1.15 1.22 1.30 1.39 1.47 1.44 1.34 1.18 0.98
  3   0.75 0.56 0.45 0.46 0.57 0.83 1.14 1.38 1.57 1.68 1.72 1.65 1.48 1.30 1.14 1.10 1.12 1.20 1.32 1.45 1.53 1.50 1.33 1.13
  4   0.90 0.62 0.41 0.31 0.39 0.64 0.90 1.18 1.43 1.64 1.75 1.68 1.53 1.33 1.15 1.00 0.92 1.00 1.16 1.32 1.44 1.50 1.41 1.24
  5   1.00 0.70 0.40 0.23 0.21 0.34 0.62 0.90 1.20 1.47 1.63 1.70 1.58 1.40 1.18 1.00 0.89 0.90 1.01 1.18 1.34 1.46 1.51 1.43
  6   1.21 0.92 0.58 0.31 0.19 0.25 0.48 0.78 1.10 1.45 1.70 1.77 1.66 1.46 1.24 1.00 0.81 0.75 0.83 1.01 1.23 1.42 1.52 1.48
  7   1.30 1.06 0.73 0.42 0.19 0.13 0.30 0.58 0.92 1.30 1.59 1.74 1.75 1.59 1.35 1.04 0.76 0.60 0.64 0.80 1.01 1.24 1.44 1.52
  8   1.43 1.25 0.94 0.58 0.24 0.12 0.20 0.40 0.74 1.12 1.48 1.70 1.78 1.71 1.47 1.14 0.80 0.56 0.50 0.62 0.84 1.10 1.32 1.50
  9   1.52 1.40 1.14 0.78 0.46 0.26 0.18 0.30 0.58 0.98 1.34 1.62 1.76 1.78 1.62 1.26 0.90 0.61 0.47 0.50 0.66 0.90 1.20 1.42
 10   1.54 1.56 1.38 1.06 0.68 0.40 0.29 0.32 0.50 0.85 1.24 1.54 1.75 1.83 1.72 1.42 1.05 0.69 0.47 0.38 0.46 0.72 1.01 1.26
 11   1.45 1.54 1.48 1.26 0.92 0.63 0.47 0.41 0.49 0.74 1.08 1.44 1.66 1.79 1.76 1.56 1.22 0.84 0.52 0.34 0.35 0.48 0.72 1.02
 12   1.30 1.44 1.47 1.40 1.18 0.90 0.66 0.51 0.51 0.69 0.96 1.25 1.51 1.67 1.72 1.63 1.37 1.02 0.66 0.37 0.26 0.30 0.53 0.78
 13   1.06 1.30 1.42 1.46 1.41 1.22 0.99 0.76 0.61 0.65 0.85 1.10 1.34 1.54 1.65 1.65 1.54 1.23 0.87 0.57 0.40 0.31 0.36 0.56
 14   0.83 1.08 1.28 1.42 1.49 1.43 1.26 1.06 0.94 0.88 0.94 1.08 1.26 1.46 1.61 1.67 1.62 1.44 1.16 0.86 0.60 0.40 0.30 0.38
 15   0.56 0.82 1.04 1.24 1.41 1.48 1.43 1.32 1.18 1.08 1.02 1.04 1.14 1.32 1.48 1.57 1.60 1.55 1.40 1.16 0.88 0.61 0.39 0.30
 16   0.34 0.52 0.74 0.96 1.20 1.40 1.52 1.54 1.48 1.36 1.22 1.12 1.10 1.17 1.28 1.42 1.54 1.62 1.57 1.42 1.20 0.95 0.69 0.44
 17   0.28 0.29 0.45 0.67 0.93 1.22 1.46 1.62 1.69 1.63 1.47 1.30 1.15 1.06 1.09 1.20 1.33 1.44 1.54 1.56 1.48 1.30 1.02 0.68
 18   0.43 0.25 0.24 0.42 0.69 0.99 1.27 1.56 1.74 1.82 1.76 1.56 1.30 1.08 0.96 0.98 1.08 1.24 1.41 1.55 1.63 1.56 1.37 1.04
 19   0.68 0.32 0.12 0.10 0.27 0.60 0.96 1.32 1.64 1.84 1.92 1.76 1.50 1.18 0.89 0.78 0.79 0.93 1.14 1.38 1.62 1.74 1.70 1.48
 20   1.17 0.72 0.33 0.11 0.10 0.34 0.73 1.12 1.51 1.82 2.02 2.03 1.84 1.50 1.04 0.73 0.61 0.66 0.86 1.13 1.46 1.72 1.85 1.80
 21   1.57 1.16 0.70 0.28 0.08 0.13 0.42 0.85 1.28 1.68 1.98 2.08 1.99 1.72 1.26 0.80 0.49 0.38 0.48 0.74 1.14 1.48 1.71 1.79
 22   1.72 1.46 1.02 0.54 0.18 0.06 0.18 0.52 0.96 1.40 1.76 2.05 2.13 1.92 1.46 1.04 0.64 0.33 0.26 0.43 0.78 1.20 1.56 1.77
 23   1.84 1.72 1.45 1.00 0.56 0.32 0.22 0.40 0.78 1.20 1.60 1.92 2.08 2.03 1.76 1.32 0.84 0.48 0.25 0.28 0.52 0.88 1.26 1.58
 24   1.78 1.84 1.72 1.38 0.96 0.60 0.44 0.44 0.66 1.03 1.40 1.70 1.96 2.06 1.90 1.58 1.14 0.68 0.36 0.24 0.34 0.62 0.96 1.30
 25   1.56 1.74 1.79 1.60 1.27 0.93 0.70 0.58 0.66 0.86 1.20 1.52 1.78 1.93 1.91 1.69 1.36 0.94 0.56 0.35 0.29 0.44 0.70 1.02
 26   1.35 1.55 1.70 1.68 1.48 1.20 0.95 0.78 0.72 0.82 1.06 1.34 1.58 1.74 1.79 1.72 1.48 1.14 0.80 0.55 0.40 0.38 0.50 0.76
 27   1.08 1.30 1.47 1.58 1.53 1.39 1.22 1.02 0.89 0.88 1.00 1.20 1.40 1.56 1.65 1.64 1.54 1.31 1.02 0.78 0.58 0.46 0.50 0.64
 28   0.87 1.10 1.30 1.44 1.50 1.47 1.38 1.26 1.15 1.06 1.06 1.15 1.28 1.40 1.49 1.52 1.49 1.38 1.18 0.96 0.76 0.58 0.48 0.53
 29   0.66 0.81 0.97 1.13 1.26 1.35 1.37 1.30 1.19 1.10 1.02 1.04 1.12 1.20 1.27 1.32 1.33 1.30 1.20 1.06 0.88 0.72 0.56 0.45
 30   0.48 0.62 0.76 0.91 1.06 1.20 1.33 1.38 1.34 1.23 1.14 1.07 1.04 1.06 1.12 1.18 1.24 1.26 1.23 1.15 1.02 0.87 0.70 0.55
 31   0.46 0.47 0.55 0.68 0.86 1.06 1.24 1.36 1.42 1.38 1.27 1.14 1.04 1.00 1.00 1.03 1.08 1.16 1.22 1.24 1.16 1.02 0.86 0.70
 ----------------------------------------------------------------------------------------------------------------------------
                                                                                               
 ----------------------------------------------------------------------------------------------------------------------------
 ----------------------------------------------------------------------------------------------------------------------------
                                                          SURVEY OF INDIA
                                                    MARINE GEODESY WING (G&RB)
                                                     HOURLY HEIGHTS IN METRES
  NAME OF PORT:- KARWAR                                                                             MONTH SEPT      YEAR 2013
 ----------------------------------------------------------------------------------------------------------------------------
 DAYS 0000 0001 0002 0003 0004 0005 0006 0007 0008 0009 0010 0011 0012 0013 0014 0015 0016 0017 0018 0019 0020 0021 0022 0023
 ----------------------------------------------------------------------------------------------------------------------------
  1   0.53 0.42 0.40 0.48 0.64 0.88 1.11 1.30 1.43 1.46 1.43 1.31 1.12 0.96 0.87 0.87 0.96 1.06 1.16 1.23 1.29 1.26 1.13 0.94
  2   0.68 0.52 0.40 0.40 0.56 0.77 0.99 1.23 1.44 1.57 1.57 1.46 1.28 1.09 0.92 0.82 0.84 0.95 1.13 1.30 1.40 1.44 1.39 1.20
  3   0.96 0.72 0.50 0.40 0.41 0.60 0.88 1.20 1.46 1.64 1.70 1.67 1.50 1.24 0.98 0.84 0.78 0.86 1.03 1.24 1.44 1.58 1.60 1.48
  4   1.26 0.98 0.69 0.50 0.40 0.52 0.77 1.10 1.48 1.72 1.84 1.84 1.70 1.46 1.17 0.91 0.79 0.79 0.92 1.16 1.42 1.64 1.74 1.70
  5   1.55 1.26 0.91 0.62 0.44 0.48 0.68 1.00 1.32 1.60 1.86 1.93 1.82 1.54 1.22 0.88 0.64 0.56 0.66 0.92 1.25 1.54 1.72 1.77
  6   1.65 1.44 1.12 0.78 0.51 0.42 0.54 0.79 1.16 1.52 1.78 1.90 1.88 1.68 1.35 0.99 0.65 0.50 0.52 0.76 1.08 1.40 1.70 1.88
  7   1.84 1.68 1.40 1.02 0.68 0.54 0.56 0.72 1.08 1.44 1.74 1.94 1.98 1.88 1.56 1.16 0.76 0.50 0.41 0.54 0.81 1.20 1.57 1.84
  8   1.90 1.85 1.64 1.30 0.93 0.70 0.59 0.65 0.90 1.30 1.64 1.86 1.98 1.96 1.74 1.34 0.92 0.57 0.34 0.34 0.55 0.86 1.28 1.62
  9   1.82 1.88 1.78 1.52 1.17 0.83 0.66 0.64 0.79 1.08 1.44 1.71 1.87 1.90 1.76 1.44 1.04 0.62 0.34 0.21 0.29 0.52 0.90 1.28
 10   1.54 1.70 1.78 1.64 1.38 1.10 0.87 0.73 0.73 0.90 1.20 1.50 1.71 1.78 1.75 1.59 1.21 0.80 0.50 0.30 0.20 0.26 0.54 0.94
 11   1.30 1.50 1.66 1.70 1.55 1.30 1.08 0.89 0.78 0.83 1.05 1.28 1.50 1.64 1.66 1.60 1.42 1.08 0.70 0.40 0.25 0.24 0.40 0.66
 12   0.96 1.21 1.46 1.62 1.64 1.53 1.35 1.16 1.01 0.96 1.03 1.20 1.37 1.54 1.63 1.63 1.53 1.34 1.07 0.76 0.52 0.36 0.34 0.48
 13   0.70 0.96 1.19 1.38 1.52 1.58 1.54 1.39 1.23 1.10 1.03 1.04 1.14 1.28 1.40 1.50 1.53 1.46 1.28 1.05 0.79 0.56 0.40 0.33
 14   0.50 0.67 0.88 1.12 1.36 1.53 1.62 1.64 1.54 1.40 1.24 1.11 1.08 1.16 1.28 1.39 1.50 1.58 1.58 1.45 1.26 1.04 0.78 0.58
 15   0.46 0.52 0.72 0.96 1.20 1.44 1.66 1.82 1.86 1.72 1.49 1.28 1.14 1.05 1.05 1.16 1.30 1.44 1.58 1.64 1.55 1.36 1.12 0.88
 16   0.56 0.46 0.52 0.66 0.90 1.18 1.46 1.72 1.92 1.92 1.74 1.47 1.17 0.95 0.86 0.90 1.05 1.24 1.44 1.60 1.71 1.72 1.54 1.28
 17   0.90 0.60 0.45 0.46 0.64 0.96 1.33 1.66 1.89 2.02 1.98 1.76 1.46 1.07 0.76 0.64 0.72 0.90 1.18 1.46 1.70 1.90 1.88 1.66
 18   1.34 0.96 0.63 0.45 0.46 0.69 1.02 1.45 1.79 2.04 2.12 2.01 1.72 1.32 0.90 0.56 0.50 0.60 0.88 1.20 1.54 1.82 2.00 1.94
 19   1.67 1.27 0.88 0.59 0.46 0.55 0.84 1.26 1.62 1.90 2.08 2.15 1.92 1.54 1.06 0.64 0.40 0.38 0.52 0.88 1.32 1.68 1.94 2.06
 20   1.97 1.70 1.24 0.82 0.56 0.47 0.68 1.00 1.34 1.68 1.96 2.08 2.06 1.72 1.25 0.78 0.44 0.24 0.24 0.50 0.90 1.36 1.68 1.91
 21   1.97 1.82 1.53 1.12 0.78 0.56 0.53 0.80 1.14 1.46 1.72 1.92 1.98 1.82 1.42 0.96 0.54 0.26 0.09 0.19 0.52 0.94 1.40 1.70
 22   1.88 1.88 1.66 1.36 0.98 0.72 0.56 0.58 0.88 1.26 1.55 1.76 1.86 1.84 1.60 1.14 0.70 0.36 0.17 0.14 0.30 0.70 1.10 1.46
 23   1.68 1.82 1.82 1.60 1.26 0.92 0.75 0.72 0.83 1.06 1.36 1.63 1.76 1.76 1.59 1.32 0.93 0.56 0.30 0.20 0.24 0.48 0.86 1.24
 24   1.50 1.71 1.81 1.71 1.46 1.19 0.98 0.86 0.86 0.98 1.20 1.47 1.62 1.67 1.60 1.43 1.13 0.78 0.52 0.37 0.32 0.42 0.64 0.98
 25   1.30 1.52 1.64 1.66 1.54 1.33 1.13 0.97 0.90 0.92 1.06 1.26 1.46 1.57 1.54 1.41 1.24 1.00 0.74 0.55 0.46 0.46 0.60 0.84
 26   1.10 1.33 1.52 1.62 1.62 1.51 1.37 1.25 1.14 1.07 1.07 1.20 1.36 1.48 1.52 1.48 1.36 1.19 0.98 0.80 0.66 0.58 0.58 0.70
 27   0.96 1.18 1.34 1.48 1.57 1.58 1.48 1.37 1.25 1.16 1.11 1.15 1.26 1.36 1.45 1.48 1.44 1.32 1.18 1.04 0.91 0.79 0.71 0.72
 28   0.86 1.02 1.18 1.34 1.48 1.56 1.59 1.55 1.48 1.38 1.27 1.20 1.22 1.28 1.34 1.38 1.41 1.39 1.34 1.24 1.12 1.00 0.88 0.78
 29   0.76 0.85 0.98 1.13 1.29 1.44 1.55 1.60 1.58 1.47 1.32 1.19 1.11 1.10 1.11 1.16 1.23 1.30 1.36 1.37 1.30 1.19 1.05 0.89
 30   0.80 0.79 0.86 0.98 1.15 1.34 1.52 1.67 1.71 1.61 1.45 1.30 1.16 1.03 0.98 1.03 1.12 1.24 1.37 1.46 1.49 1.40 1.25 1.09
 ----------------------------------------------------------------------------------------------------------------------------
                                                                                               
 ----------------------------------------------------------------------------------------------------------------------------
 ----------------------------------------------------------------------------------------------------------------------------
                                                          SURVEY OF INDIA
                                                    MARINE GEODESY WING (G&RB)
                                                     HOURLY HEIGHTS IN METRES
  NAME OF PORT:- KARWAR                                                                             MONTH OCTOBER   YEAR 2013
 ----------------------------------------------------------------------------------------------------------------------------
 DAYS 0000 0001 0002 0003 0004 0005 0006 0007 0008 0009 0010 0011 0012 0013 0014 0015 0016 0017 0018 0019 0020 0021 0022 0023
 ----------------------------------------------------------------------------------------------------------------------------
  1   0.90 0.78 0.74 0.81 0.98 1.18 1.42 1.62 1.72 1.68 1.58 1.38 1.19 0.98 0.85 0.82 0.88 1.06 1.26 1.44 1.49 1.40 1.25 1.09
  2   1.00 0.83 0.68 0.62 0.76 0.97 1.23 1.49 1.69 1.77 1.69 1.49 1.26 0.98 0.74 0.64 0.67 0.87 1.09 1.33 1.54 1.66 1.63 1.48
  3   1.20 0.96 0.71 0.60 0.66 0.80 1.06 1.36 1.62 1.79 1.76 1.62 1.36 1.04 0.73 0.50 0.46 0.60 0.88 1.18 1.48 1.70 1.77 1.69
  4   1.50 1.24 0.94 0.73 0.63 0.73 0.98 1.26 1.56 1.76 1.84 1.78 1.55 1.24 0.82 0.52 0.38 0.46 0.69 1.02 1.38 1.68 1.90 1.91
  5   1.78 1.54 1.23 0.92 0.67 0.66 0.86 1.16 1.48 1.76 1.92 1.94 1.76 1.40 0.96 0.58 0.36 0.28 0.43 0.74 1.10 1.52 1.83 1.95
  6   1.94 1.76 1.44 1.05 0.74 0.62 0.70 0.96 1.30 1.64 1.86 1.95 1.89 1.58 1.16 0.72 0.32 0.15 0.16 0.38 0.78 1.24 1.64 1.85
  7   2.00 1.95 1.66 1.32 0.96 0.73 0.66 0.82 1.12 1.42 1.70 1.89 1.87 1.68 1.36 0.94 0.44 0.16 0.10 0.18 0.50 0.94 1.38 1.71
  8   1.94 2.00 1.84 1.56 1.20 0.90 0.76 0.76 0.98 1.24 1.54 1.76 1.84 1.80 1.58 1.20 0.70 0.29 0.09 0.04 0.20 0.56 1.00 1.38
  9   1.72 1.91 1.88 1.72 1.44 1.10 0.89 0.78 0.86 1.04 1.30 1.56 1.72 1.77 1.66 1.40 1.00 0.60 0.29 0.13 0.13 0.36 0.74 1.16
 10   1.44 1.70 1.88 1.88 1.70 1.42 1.18 1.02 0.93 0.94 1.12 1.36 1.60 1.70 1.70 1.56 1.30 1.00 0.68 0.42 0.28 0.34 0.55 0.84
 11   1.24 1.50 1.73 1.85 1.83 1.68 1.47 1.26 1.07 1.00 1.06 1.18 1.35 1.49 1.57 1.58 1.48 1.29 1.02 0.74 0.50 0.38 0.44 0.62
 12   0.90 1.16 1.42 1.62 1.75 1.77 1.66 1.49 1.31 1.12 1.00 1.01 1.14 1.27 1.37 1.44 1.48 1.46 1.36 1.10 0.86 0.68 0.57 0.54
 13   0.66 0.90 1.14 1.38 1.61 1.74 1.79 1.73 1.58 1.34 1.10 0.96 0.95 1.01 1.14 1.27 1.40 1.47 1.47 1.40 1.26 1.07 0.86 0.65
 14   0.60 0.74 0.94 1.15 1.38 1.61 1.80 1.88 1.80 1.58 1.34 1.12 0.93 0.83 0.86 0.98 1.16 1.36 1.52 1.57 1.56 1.45 1.26 0.98
 15   0.73 0.68 0.75 0.92 1.14 1.38 1.64 1.86 1.92 1.80 1.52 1.24 0.96 0.68 0.58 0.65 0.84 1.08 1.33 1.54 1.67 1.69 1.54 1.28
 16   0.96 0.78 0.66 0.68 0.88 1.14 1.44 1.68 1.86 1.86 1.74 1.47 1.10 0.74 0.46 0.36 0.44 0.74 1.06 1.34 1.58 1.74 1.75 1.57
 17   1.28 1.00 0.70 0.57 0.64 0.86 1.16 1.46 1.70 1.84 1.80 1.56 1.19 0.82 0.44 0.15 0.10 0.34 0.66 1.02 1.36 1.64 1.80 1.74
 18   1.54 1.24 0.88 0.63 0.56 0.70 0.98 1.30 1.59 1.74 1.82 1.70 1.48 1.08 0.66 0.24 0.05 0.14 0.44 0.80 1.20 1.55 1.80 1.96
 19   1.85 1.58 1.22 0.90 0.67 0.64 0.84 1.17 1.45 1.66 1.80 1.82 1.63 1.30 0.86 0.38 0.10 0.04 0.20 0.54 1.00 1.44 1.72 1.91
 20   2.00 1.80 1.50 1.15 0.85 0.70 0.75 0.98 1.28 1.55 1.76 1.84 1.72 1.46 1.10 0.64 0.24 0.08 0.10 0.42 0.78 1.20 1.58 1.84
 21   1.99 1.94 1.72 1.44 1.10 0.84 0.72 0.86 1.10 1.40 1.64 1.77 1.73 1.58 1.28 0.90 0.50 0.26 0.16 0.26 0.56 0.98 1.38 1.70
 22   1.94 2.03 1.90 1.68 1.36 1.05 0.89 0.92 1.08 1.28 1.52 1.72 1.76 1.68 1.49 1.16 0.74 0.44 0.30 0.26 0.42 0.78 1.16 1.48
 23   1.78 1.98 1.96 1.78 1.54 1.24 1.04 0.97 1.02 1.16 1.36 1.58 1.70 1.68 1.56 1.30 0.98 0.68 0.48 0.36 0.41 0.62 0.96 1.29
 24   1.60 1.80 1.89 1.85 1.68 1.42 1.18 1.06 1.02 1.08 1.24 1.40 1.54 1.59 1.56 1.37 1.14 0.88 0.64 0.50 0.48 0.60 0.82 1.10
 25   1.42 1.62 1.76 1.83 1.75 1.55 1.37 1.21 1.11 1.09 1.15 1.29 1.44 1.54 1.53 1.44 1.30 1.12 0.92 0.76 0.66 0.65 0.76 1.00
 26   1.32 1.51 1.66 1.77 1.80 1.72 1.54 1.37 1.24 1.17 1.16 1.23 1.31 1.39 1.42 1.41 1.34 1.22 1.08 0.92 0.81 0.76 0.80 0.91
 27   1.10 1.30 1.49 1.64 1.74 1.72 1.65 1.53 1.38 1.24 1.13 1.12 1.17 1.24 1.30 1.35 1.38 1.36 1.28 1.14 1.02 0.94 0.88 0.87
 28   0.98 1.14 1.31 1.46 1.59 1.67 1.70 1.65 1.53 1.34 1.17 1.07 1.04 1.06 1.12 1.20 1.30 1.38 1.38 1.33 1.23 1.12 1.00 0.90
 29   0.86 0.98 1.12 1.28 1.43 1.58 1.68 1.72 1.61 1.44 1.26 1.09 0.94 0.87 0.89 0.98 1.12 1.28 1.40 1.44 1.41 1.32 1.17 1.03
 30   0.92 0.91 0.94 1.08 1.26 1.44 1.60 1.70 1.69 1.58 1.34 1.10 0.88 0.74 0.70 0.74 0.88 1.10 1.32 1.48 1.55 1.53 1.42 1.26
 31   1.06 0.94 0.88 0.97 1.14 1.33 1.53 1.70 1.80 1.73 1.52 1.26 0.97 0.74 0.58 0.54 0.66 0.94 1.25 1.50 1.67 1.74 1.69 1.54
 ----------------------------------------------------------------------------------------------------------------------------
                                                                                               
 ----------------------------------------------------------------------------------------------------------------------------
 ----------------------------------------------------------------------------------------------------------------------------
                                                          SURVEY OF INDIA
                                                    MARINE GEODESY WING (G&RB)
                                                     HOURLY HEIGHTS IN METRES
  NAME OF PORT:- KARWAR                                                                             MONTH NOVEMBER  YEAR 2013
 ----------------------------------------------------------------------------------------------------------------------------
 DAYS 0000 0001 0002 0003 0004 0005 0006 0007 0008 0009 0010 0011 0012 0013 0014 0015 0016 0017 0018 0019 0020 0021 0022 0023
 ----------------------------------------------------------------------------------------------------------------------------
  1   1.34 1.09 0.90 0.89 1.02 1.22 1.44 1.66 1.85 1.86 1.68 1.42 1.12 0.78 0.49 0.39 0.44 0.66 1.02 1.38 1.68 1.86 1.91 1.82
  2   1.56 1.31 1.07 0.92 0.94 1.04 1.30 1.56 1.79 1.87 1.80 1.62 1.34 0.93 0.50 0.27 0.25 0.43 0.76 1.16 1.52 1.84 2.04 2.03
  3   1.81 1.58 1.30 1.03 0.87 0.94 1.18 1.46 1.67 1.83 1.90 1.78 1.55 1.14 0.65 0.28 0.11 0.18 0.47 0.86 1.32 1.72 2.02 2.17
  4   2.10 1.88 1.54 1.22 0.98 0.91 1.04 1.28 1.58 1.81 1.92 1.92 1.76 1.40 0.90 0.40 0.10 0.07 0.22 0.50 0.98 1.49 1.90 2.17
  5   2.20 2.12 1.82 1.46 1.14 0.94 0.92 1.12 1.40 1.66 1.85 1.96 1.94 1.68 1.20 0.70 0.29 0.09 0.03 0.26 0.68 1.18 1.64 1.96
  6   2.24 2.28 2.10 1.76 1.40 1.10 0.96 1.04 1.22 1.44 1.70 1.92 1.98 1.86 1.56 1.10 0.61 0.29 0.11 0.11 0.44 0.90 1.38 1.78
  7   2.05 2.26 2.25 2.01 1.68 1.32 1.08 1.01 1.04 1.25 1.49 1.72 1.87 1.88 1.74 1.40 0.98 0.60 0.33 0.19 0.28 0.60 1.03 1.44
  8   1.76 2.04 2.21 2.18 1.91 1.60 1.30 1.12 1.07 1.10 1.25 1.51 1.72 1.83 1.79 1.64 1.40 1.08 0.72 0.48 0.40 0.53 0.80 1.13
  9   1.50 1.79 2.06 2.14 2.04 1.84 1.56 1.30 1.10 1.02 1.06 1.22 1.39 1.55 1.64 1.66 1.54 1.34 1.08 0.79 0.62 0.55 0.65 0.87
 10   1.20 1.49 1.74 1.94 2.04 1.94 1.74 1.50 1.26 1.00 0.88 0.92 1.07 1.26 1.40 1.50 1.56 1.53 1.42 1.20 0.99 0.79 0.72 0.79
 11   1.02 1.27 1.53 1.77 1.95 2.02 1.94 1.79 1.54 1.26 1.03 0.92 0.90 1.00 1.16 1.31 1.48 1.62 1.66 1.57 1.41 1.23 1.07 0.95
 12   1.02 1.16 1.36 1.58 1.78 1.96 2.04 1.98 1.82 1.54 1.26 0.98 0.80 0.77 0.86 1.02 1.24 1.45 1.64 1.73 1.69 1.57 1.38 1.19
 13   1.06 1.06 1.17 1.35 1.56 1.76 1.92 2.02 1.95 1.74 1.44 1.15 0.84 0.64 0.60 0.70 0.91 1.17 1.46 1.71 1.85 1.85 1.72 1.50
 14   1.24 1.10 1.08 1.16 1.34 1.56 1.76 1.93 1.98 1.90 1.68 1.35 0.99 0.68 0.52 0.50 0.65 0.92 1.28 1.60 1.86 1.99 1.97 1.83
 15   1.58 1.32 1.15 1.10 1.17 1.38 1.60 1.80 1.92 1.97 1.82 1.54 1.17 0.80 0.47 0.36 0.44 0.66 1.00 1.42 1.73 1.94 2.06 2.04
 16   1.82 1.54 1.27 1.08 1.06 1.17 1.38 1.60 1.77 1.87 1.84 1.65 1.34 0.96 0.55 0.31 0.30 0.45 0.70 1.10 1.56 1.84 2.04 2.11
 17   1.98 1.74 1.46 1.21 1.05 1.06 1.22 1.44 1.66 1.83 1.88 1.73 1.49 1.16 0.79 0.40 0.24 0.25 0.48 0.85 1.28 1.66 1.94 2.08
 18   2.11 1.93 1.63 1.32 1.12 1.04 1.11 1.31 1.56 1.76 1.88 1.83 1.66 1.38 1.02 0.57 0.32 0.24 0.38 0.70 1.13 1.56 1.90 2.12
 19   2.24 2.15 1.86 1.58 1.30 1.13 1.11 1.24 1.46 1.66 1.82 1.87 1.78 1.54 1.22 0.78 0.44 0.31 0.34 0.54 0.88 1.30 1.70 1.96
 20   2.12 2.13 1.96 1.69 1.42 1.16 1.02 1.07 1.24 1.43 1.62 1.71 1.70 1.57 1.33 0.96 0.60 0.40 0.33 0.38 0.66 1.04 1.44 1.80
 21   2.00 2.07 2.03 1.82 1.54 1.25 1.11 1.06 1.13 1.32 1.54 1.70 1.74 1.66 1.49 1.20 0.86 0.58 0.46 0.46 0.60 0.90 1.28 1.64
 22   1.86 2.04 2.06 1.94 1.68 1.44 1.18 1.07 1.11 1.26 1.41 1.57 1.68 1.69 1.57 1.38 1.11 0.80 0.63 0.57 0.65 0.85 1.14 1.46
 23   1.78 1.99 2.08 2.04 1.86 1.62 1.38 1.22 1.14 1.16 1.28 1.44 1.58 1.62 1.58 1.47 1.28 1.05 0.85 0.72 0.71 0.81 1.02 1.32
 24   1.60 1.81 1.97 2.02 1.92 1.70 1.48 1.31 1.19 1.12 1.12 1.24 1.37 1.47 1.51 1.48 1.37 1.22 1.05 0.88 0.78 0.82 0.95 1.17
 25   1.38 1.62 1.82 1.92 1.91 1.80 1.62 1.42 1.22 1.11 1.08 1.12 1.20 1.30 1.38 1.45 1.45 1.39 1.27 1.11 0.99 0.95 1.00 1.10
 26   1.30 1.48 1.65 1.79 1.89 1.87 1.75 1.54 1.33 1.15 1.04 0.98 1.02 1.12 1.21 1.31 1.38 1.43 1.40 1.29 1.17 1.09 1.06 1.06
 27   1.16 1.33 1.50 1.67 1.79 1.87 1.84 1.69 1.48 1.28 1.09 0.98 0.93 0.94 1.04 1.21 1.36 1.48 1.54 1.55 1.46 1.35 1.24 1.18
 28   1.17 1.26 1.41 1.56 1.70 1.84 1.88 1.80 1.64 1.44 1.17 0.93 0.79 0.74 0.77 0.94 1.16 1.38 1.54 1.63 1.65 1.61 1.48 1.33
 29   1.22 1.21 1.28 1.39 1.55 1.72 1.85 1.89 1.78 1.58 1.32 1.03 0.76 0.63 0.61 0.72 0.90 1.20 1.48 1.70 1.84 1.86 1.77 1.59
 30   1.38 1.28 1.24 1.28 1.42 1.60 1.78 1.90 1.88 1.76 1.48 1.17 0.86 0.56 0.42 0.48 0.64 0.92 1.27 1.58 1.86 1.99 2.00 1.87
 ----------------------------------------------------------------------------------------------------------------------------
                                                                                               
 ----------------------------------------------------------------------------------------------------------------------------
 ----------------------------------------------------------------------------------------------------------------------------
                                                          SURVEY OF INDIA
                                                    MARINE GEODESY WING (G&RB)
                                                     HOURLY HEIGHTS IN METRES
  NAME OF PORT:- KARWAR                                                                             MONTH DECEMBER  YEAR 2013
 ----------------------------------------------------------------------------------------------------------------------------
 DAYS 0000 0001 0002 0003 0004 0005 0006 0007 0008 0009 0010 0011 0012 0013 0014 0015 0016 0017 0018 0019 0020 0021 0022 0023
 ----------------------------------------------------------------------------------------------------------------------------
  1   1.62 1.40 1.24 1.16 1.25 1.43 1.64 1.82 1.94 1.91 1.74 1.42 1.04 0.63 0.32 0.24 0.34 0.60 0.98 1.42 1.80 2.04 2.17 2.14
  2   1.90 1.62 1.36 1.20 1.14 1.24 1.44 1.66 1.88 1.98 1.89 1.62 1.27 0.85 0.43 0.10 0.06 0.24 0.58 1.02 1.48 1.88 2.17 2.27
  3   2.14 1.86 1.55 1.28 1.09 1.07 1.24 1.50 1.76 1.92 1.98 1.84 1.62 1.22 0.69 0.26 0.06 0.09 0.30 0.70 1.25 1.70 2.08 2.32
  4   2.36 2.18 1.90 1.50 1.17 1.01 1.08 1.28 1.54 1.79 1.95 1.99 1.84 1.54 1.09 0.58 0.18 0.03 0.05 0.34 0.82 1.36 1.78 2.15
  5   2.34 2.35 2.10 1.74 1.34 1.04 0.93 1.03 1.23 1.51 1.74 1.91 1.93 1.76 1.44 0.98 0.48 0.12 0.01 0.14 0.50 0.96 1.44 1.85
  6   2.16 2.32 2.26 1.96 1.57 1.20 0.96 0.88 0.98 1.22 1.50 1.72 1.86 1.87 1.68 1.36 0.94 0.50 0.23 0.14 0.30 0.68 1.12 1.56
  7   1.94 2.22 2.35 2.25 1.92 1.54 1.14 0.95 0.88 0.96 1.18 1.46 1.69 1.79 1.76 1.62 1.34 0.96 0.62 0.41 0.35 0.57 0.92 1.32
  8   1.70 2.01 2.27 2.32 2.10 1.80 1.44 1.10 0.89 0.83 0.90 1.12 1.38 1.58 1.68 1.70 1.60 1.40 1.10 0.82 0.64 0.61 0.80 1.10
  9   1.46 1.79 2.03 2.19 2.20 2.01 1.72 1.38 1.09 0.86 0.77 0.84 1.02 1.22 1.40 1.54 1.61 1.60 1.44 1.22 1.01 0.88 0.90 1.04
 10   1.30 1.55 1.78 1.96 2.08 2.04 1.86 1.59 1.28 0.98 0.74 0.64 0.72 0.89 1.08 1.27 1.45 1.60 1.64 1.54 1.36 1.18 1.06 1.04
 11   1.14 1.31 1.54 1.72 1.84 1.90 1.88 1.73 1.47 1.18 0.88 0.60 0.52 0.60 0.77 0.96 1.16 1.38 1.56 1.62 1.56 1.46 1.32 1.18
 12   1.10 1.17 1.30 1.49 1.64 1.73 1.77 1.75 1.59 1.31 1.02 0.72 0.50 0.40 0.42 0.58 0.85 1.10 1.33 1.53 1.64 1.66 1.58 1.38
 13   1.16 1.11 1.18 1.29 1.42 1.55 1.66 1.70 1.65 1.50 1.26 0.94 0.64 0.43 0.37 0.40 0.60 0.88 1.20 1.48 1.70 1.80 1.79 1.65
 14   1.50 1.32 1.18 1.18 1.30 1.44 1.58 1.70 1.74 1.70 1.52 1.26 0.94 0.61 0.41 0.36 0.48 0.75 1.07 1.40 1.70 1.90 2.00 1.96
 15   1.78 1.56 1.38 1.27 1.25 1.36 1.52 1.66 1.76 1.82 1.73 1.50 1.22 0.86 0.54 0.38 0.40 0.62 0.92 1.27 1.62 1.90 2.09 2.15
 16   1.99 1.75 1.52 1.31 1.23 1.26 1.39 1.59 1.75 1.84 1.79 1.63 1.39 1.09 0.70 0.42 0.32 0.43 0.69 1.04 1.44 1.78 2.03 2.17
 17   2.12 1.92 1.68 1.42 1.22 1.15 1.25 1.40 1.58 1.74 1.78 1.68 1.50 1.16 0.81 0.48 0.30 0.28 0.43 0.78 1.21 1.56 1.87 2.07
 18   2.08 1.97 1.76 1.46 1.20 1.06 1.07 1.19 1.40 1.57 1.68 1.66 1.54 1.30 0.94 0.60 0.37 0.26 0.31 0.58 0.96 1.36 1.72 1.96
 19   2.08 2.07 1.87 1.59 1.28 1.09 1.03 1.08 1.24 1.44 1.60 1.68 1.62 1.44 1.15 0.78 0.51 0.35 0.33 0.48 0.78 1.20 1.60 1.91
 20   2.11 2.17 2.04 1.80 1.50 1.21 1.10 1.12 1.26 1.41 1.59 1.75 1.75 1.58 1.35 1.06 0.77 0.54 0.46 0.54 0.72 1.08 1.50 1.82
 21   2.06 2.20 2.16 1.94 1.64 1.36 1.14 1.05 1.10 1.26 1.46 1.62 1.70 1.64 1.49 1.28 1.02 0.72 0.56 0.55 0.71 0.96 1.26 1.66
 22   1.92 2.10 2.12 1.99 1.74 1.46 1.18 1.02 1.02 1.11 1.30 1.48 1.60 1.64 1.57 1.41 1.18 0.91 0.71 0.62 0.68 0.84 1.12 1.46
 23   1.80 1.98 2.07 2.04 1.88 1.60 1.28 1.05 0.96 1.00 1.12 1.26 1.43 1.54 1.56 1.48 1.32 1.12 0.89 0.75 0.73 0.84 1.04 1.30
 24   1.58 1.82 1.96 2.00 1.88 1.68 1.40 1.15 0.96 0.90 0.93 1.06 1.23 1.40 1.49 1.51 1.45 1.32 1.14 0.96 0.90 0.92 1.02 1.20
 25   1.44 1.70 1.88 1.96 1.95 1.80 1.54 1.28 1.04 0.87 0.82 0.89 1.04 1.19 1.32 1.42 1.46 1.44 1.36 1.22 1.10 1.03 1.04 1.14
 26   1.33 1.54 1.71 1.83 1.88 1.82 1.64 1.40 1.15 0.90 0.74 0.68 0.74 0.90 1.06 1.21 1.34 1.46 1.47 1.39 1.29 1.18 1.12 1.12
 27   1.24 1.40 1.56 1.70 1.80 1.84 1.77 1.56 1.32 1.08 0.84 0.67 0.62 0.69 0.84 1.02 1.19 1.36 1.50 1.60 1.60 1.49 1.37 1.28
 28   1.28 1.34 1.46 1.58 1.70 1.80 1.84 1.76 1.56 1.32 1.04 0.76 0.54 0.48 0.58 0.74 0.98 1.24 1.48 1.69 1.77 1.74 1.64 1.48
 29   1.34 1.27 1.30 1.41 1.54 1.66 1.78 1.80 1.71 1.49 1.17 0.84 0.52 0.33 0.30 0.41 0.63 0.93 1.27 1.56 1.79 1.91 1.88 1.71
 30   1.49 1.33 1.23 1.24 1.33 1.46 1.64 1.78 1.81 1.70 1.44 1.12 0.74 0.42 0.16 0.14 0.30 0.60 1.00 1.38 1.72 1.98 2.08 2.02
 31   1.76 1.50 1.30 1.18 1.15 1.26 1.46 1.70 1.84 1.86 1.73 1.48 1.11 0.68 0.24 0.04 0.04 0.28 0.61 1.08 1.54 1.96 2.15 2.20
 ----------------------------------------------------------------------------------------------------------------------------
                                                                                               
 ----------------------------------------------------------------------------------------------------------------------------
 ----------------------------------------------------------------------------------------------------------------------------
