                                                          SURVEY OF INDIA
                                                    MARINE GEODESY WING (G&RB)
                                                     HOURLY HEIGHTS IN METRES
  NAME OF PORT:- KARWAR                                                                             MONTH JANUARY   YEAR 2012
 ----------------------------------------------------------------------------------------------------------------------------
 DAYS 0000 0001 0002 0003 0004 0005 0006 0007 0008 0009 0010 0011 0012 0013 0014 0015 0016 0017 0018 0019 0020 0021 0022 0023
 ----------------------------------------------------------------------------------------------------------------------------
  1   1.40 1.62 1.76 1.86 1.87 1.72 1.50 1.26 1.05 0.86 0.70 0.68 0.82 0.98 1.12 1.24 1.34 1.40 1.35 1.26 1.17 1.10 1.12 1.21
  2   1.35 1.52 1.67 1.79 1.82 1.76 1.60 1.41 1.21 1.01 0.80 0.68 0.71 0.80 0.97 1.12 1.28 1.40 1.48 1.49 1.45 1.40 1.37 1.34
  3   1.32 1.48 1.62 1.72 1.76 1.76 1.70 1.54 1.36 1.14 0.93 0.77 0.66 0.68 0.78 0.92 1.08 1.27 1.41 1.51 1.56 1.57 1.50 1.43
  4   1.38 1.44 1.50 1.58 1.67 1.72 1.72 1.66 1.48 1.27 1.05 0.83 0.67 0.57 0.61 0.75 0.95 1.16 1.38 1.55 1.64 1.68 1.64 1.52
  5   1.38 1.28 1.29 1.39 1.54 1.65 1.70 1.69 1.60 1.40 1.19 0.96 0.75 0.60 0.57 0.59 0.75 0.95 1.24 1.47 1.66 1.76 1.79 1.72
  6   1.58 1.47 1.38 1.31 1.35 1.48 1.60 1.66 1.66 1.53 1.36 1.11 0.85 0.60 0.40 0.36 0.51 0.72 1.00 1.35 1.65 1.84 1.91 1.90
  7   1.78 1.60 1.39 1.24 1.20 1.32 1.46 1.56 1.62 1.62 1.51 1.30 1.02 0.74 0.46 0.26 0.28 0.48 0.76 1.12 1.48 1.74 1.92 1.96
  8   1.89 1.68 1.45 1.28 1.17 1.18 1.28 1.44 1.59 1.67 1.62 1.46 1.25 0.92 0.56 0.30 0.20 0.32 0.56 0.90 1.30 1.66 1.94 2.05
  9   2.02 1.87 1.62 1.38 1.21 1.15 1.18 1.34 1.52 1.69 1.75 1.67 1.52 1.20 0.80 0.44 0.26 0.22 0.36 0.68 1.10 1.54 1.88 2.10
 10   2.13 2.02 1.80 1.48 1.18 1.02 1.02 1.16 1.36 1.62 1.76 1.76 1.66 1.44 1.08 0.64 0.30 0.16 0.20 0.46 0.84 1.30 1.68 1.98
 11   2.16 2.14 1.88 1.56 1.22 0.96 0.85 0.94 1.14 1.38 1.64 1.77 1.72 1.58 1.30 0.92 0.51 0.26 0.17 0.29 0.64 1.06 1.48 1.80
 12   2.12 2.20 2.04 1.72 1.36 1.02 0.80 0.78 0.90 1.14 1.42 1.64 1.78 1.74 1.58 1.24 0.86 0.51 0.34 0.34 0.52 0.90 1.32 1.70
 13   2.04 2.18 2.18 1.94 1.55 1.14 0.84 0.68 0.72 0.86 1.14 1.42 1.62 1.74 1.66 1.46 1.14 0.78 0.50 0.40 0.48 0.74 1.12 1.52
 14   1.86 2.11 2.22 2.06 1.74 1.34 0.94 0.68 0.57 0.62 0.82 1.10 1.41 1.60 1.66 1.62 1.45 1.16 0.82 0.64 0.61 0.72 0.96 1.28
 15   1.66 1.92 2.06 2.10 1.84 1.49 1.10 0.76 0.52 0.40 0.52 0.76 1.04 1.28 1.45 1.58 1.61 1.48 1.18 0.97 0.87 0.88 0.98 1.16
 16   1.50 1.80 1.96 2.04 1.98 1.74 1.40 1.04 0.70 0.48 0.39 0.54 0.78 1.02 1.22 1.40 1.54 1.60 1.52 1.33 1.14 1.04 1.04 1.16
 17   1.32 1.58 1.80 1.96 2.04 1.94 1.72 1.42 1.06 0.74 0.42 0.37 0.48 0.68 0.88 1.10 1.36 1.58 1.64 1.58 1.50 1.42 1.34 1.28
 18   1.28 1.42 1.57 1.70 1.85 1.92 1.85 1.64 1.36 1.00 0.70 0.49 0.42 0.50 0.66 0.90 1.18 1.46 1.68 1.80 1.87 1.76 1.64 1.50
 19   1.40 1.39 1.47 1.56 1.65 1.74 1.82 1.78 1.58 1.30 0.96 0.64 0.44 0.36 0.40 0.55 0.84 1.18 1.46 1.72 1.87 1.90 1.80 1.64
 20   1.46 1.34 1.30 1.34 1.44 1.56 1.66 1.74 1.70 1.56 1.26 0.92 0.56 0.31 0.21 0.24 0.42 0.74 1.12 1.49 1.74 1.94 2.01 1.89
 21   1.66 1.42 1.26 1.19 1.24 1.34 1.51 1.68 1.77 1.74 1.60 1.36 0.96 0.56 0.26 0.13 0.23 0.42 0.78 1.16 1.56 1.90 2.12 2.12
 22   1.92 1.69 1.40 1.15 1.06 1.12 1.28 1.52 1.72 1.80 1.81 1.68 1.42 1.02 0.57 0.28 0.19 0.24 0.48 0.80 1.24 1.68 2.00 2.20
 23   2.23 2.06 1.70 1.36 1.10 1.08 1.18 1.36 1.60 1.80 1.89 1.87 1.72 1.41 0.92 0.48 0.26 0.22 0.40 0.76 1.18 1.64 1.98 2.22
 24   2.28 2.15 1.84 1.44 1.06 0.86 0.88 1.08 1.34 1.58 1.76 1.90 1.84 1.62 1.24 0.80 0.44 0.28 0.30 0.55 0.96 1.42 1.80 2.08
 25   2.28 2.28 2.02 1.64 1.24 0.92 0.78 0.86 1.06 1.34 1.62 1.80 1.85 1.75 1.54 1.17 0.72 0.46 0.34 0.44 0.78 1.20 1.62 1.92
 26   2.17 2.24 2.10 1.80 1.44 1.00 0.74 0.70 0.84 1.08 1.38 1.60 1.76 1.78 1.66 1.36 1.02 0.70 0.53 0.46 0.60 0.97 1.39 1.74
 27   2.02 2.16 2.15 1.95 1.54 1.20 0.90 0.70 0.65 0.82 1.12 1.42 1.64 1.75 1.72 1.48 1.18 0.89 0.66 0.55 0.62 0.82 1.16 1.60
 28   1.88 2.03 2.14 2.10 1.75 1.38 1.07 0.80 0.65 0.72 0.98 1.28 1.56 1.72 1.75 1.60 1.38 1.16 0.92 0.78 0.76 0.90 1.14 1.44
 29   1.74 1.90 1.95 1.88 1.66 1.38 1.06 0.74 0.56 0.54 0.68 0.87 1.10 1.30 1.43 1.47 1.40 1.29 1.14 0.98 0.90 0.92 1.08 1.32
 30   1.58 1.76 1.84 1.82 1.70 1.50 1.18 0.90 0.72 0.63 0.62 0.74 0.96 1.18 1.32 1.43 1.47 1.43 1.36 1.26 1.17 1.10 1.18 1.34
 31   1.49 1.64 1.76 1.80 1.70 1.51 1.30 1.10 0.91 0.72 0.65 0.66 0.85 1.05 1.20 1.32 1.42 1.48 1.48 1.41 1.33 1.28 1.26 1.29
 ----------------------------------------------------------------------------------------------------------------------------
                                                                                               
 ----------------------------------------------------------------------------------------------------------------------------
 ----------------------------------------------------------------------------------------------------------------------------
                                                          SURVEY OF INDIA
                                                    MARINE GEODESY WING (G&RB)
                                                     HOURLY HEIGHTS IN METRES
  NAME OF PORT:- KARWAR                                                                             MONTH FEBRUARY  YEAR 2012
 ----------------------------------------------------------------------------------------------------------------------------
 DAYS 0000 0001 0002 0003 0004 0005 0006 0007 0008 0009 0010 0011 0012 0013 0014 0015 0016 0017 0018 0019 0020 0021 0022 0023
 ----------------------------------------------------------------------------------------------------------------------------
  1   1.38 1.53 1.63 1.68 1.68 1.58 1.42 1.24 1.02 0.82 0.66 0.63 0.67 0.78 0.90 1.06 1.24 1.38 1.48 1.53 1.54 1.52 1.46 1.38
  2   1.33 1.39 1.49 1.58 1.64 1.63 1.53 1.38 1.20 1.03 0.85 0.72 0.64 0.68 0.74 0.90 1.12 1.31 1.48 1.62 1.67 1.64 1.58 1.52
  3   1.37 1.38 1.42 1.48 1.54 1.60 1.59 1.48 1.34 1.17 1.00 0.86 0.72 0.62 0.64 0.72 0.90 1.18 1.42 1.60 1.74 1.80 1.76 1.66
  4   1.52 1.44 1.40 1.40 1.45 1.50 1.56 1.54 1.42 1.30 1.14 0.96 0.78 0.60 0.52 0.56 0.72 0.90 1.10 1.34 1.58 1.70 1.78 1.79
  5   1.72 1.61 1.48 1.34 1.29 1.36 1.46 1.55 1.58 1.47 1.30 1.11 0.92 0.70 0.48 0.38 0.43 0.64 0.94 1.28 1.61 1.84 1.95 1.92
  6   1.76 1.54 1.38 1.26 1.18 1.21 1.38 1.59 1.77 1.77 1.66 1.50 1.24 0.90 0.54 0.36 0.32 0.46 0.73 1.11 1.48 1.80 2.04 2.12
  7   2.00 1.72 1.42 1.18 1.04 1.02 1.16 1.38 1.59 1.76 1.81 1.73 1.54 1.18 0.80 0.42 0.26 0.28 0.52 0.83 1.24 1.66 1.95 2.14
  8   2.08 1.83 1.48 1.16 0.88 0.74 0.84 1.05 1.30 1.58 1.74 1.78 1.68 1.40 1.04 0.58 0.28 0.18 0.30 0.56 0.98 1.44 1.82 2.07
  9   2.12 1.98 1.66 1.26 0.88 0.60 0.54 0.76 1.02 1.32 1.62 1.76 1.80 1.68 1.37 0.92 0.50 0.30 0.28 0.44 0.78 1.26 1.74 2.02
 10   2.16 2.14 1.90 1.48 1.04 0.68 0.49 0.54 0.82 1.14 1.49 1.76 1.93 1.90 1.68 1.34 0.94 0.60 0.45 0.45 0.72 1.19 1.66 1.98
 11   2.22 2.34 2.20 1.80 1.36 0.90 0.56 0.46 0.63 0.94 1.30 1.66 1.92 2.02 1.96 1.76 1.40 1.02 0.76 0.66 0.80 1.10 1.50 1.90
 12   2.18 2.32 2.30 2.08 1.62 1.10 0.69 0.47 0.46 0.64 0.90 1.28 1.60 1.84 1.94 1.90 1.66 1.32 1.02 0.84 0.82 0.97 1.28 1.64
 13   1.96 2.11 2.18 2.16 1.90 1.40 0.96 0.58 0.38 0.40 0.64 0.92 1.22 1.48 1.72 1.86 1.79 1.58 1.31 1.10 1.01 1.06 1.18 1.44
 14   1.76 1.96 2.08 2.08 1.96 1.63 1.20 0.83 0.56 0.46 0.46 0.64 0.92 1.20 1.44 1.66 1.80 1.79 1.66 1.44 1.30 1.24 1.25 1.36
 15   1.55 1.74 1.90 1.96 1.98 1.80 1.48 1.18 0.86 0.63 0.48 0.50 0.66 0.90 1.12 1.34 1.56 1.74 1.80 1.68 1.54 1.44 1.38 1.36
 16   1.44 1.54 1.66 1.76 1.82 1.80 1.64 1.44 1.18 0.92 0.66 0.47 0.44 0.56 0.76 0.96 1.22 1.48 1.65 1.72 1.72 1.64 1.52 1.39
 17   1.30 1.36 1.47 1.62 1.70 1.74 1.71 1.58 1.38 1.17 0.92 0.66 0.44 0.40 0.45 0.64 0.87 1.13 1.41 1.64 1.78 1.80 1.72 1.56
 18   1.37 1.24 1.19 1.22 1.32 1.46 1.56 1.61 1.61 1.49 1.28 1.02 0.73 0.46 0.35 0.42 0.60 0.89 1.21 1.51 1.77 1.93 1.96 1.82
 19   1.58 1.34 1.16 1.08 1.09 1.22 1.40 1.56 1.66 1.68 1.56 1.38 1.06 0.68 0.44 0.34 0.42 0.64 0.98 1.32 1.66 1.93 2.08 2.04
 20   1.82 1.52 1.23 1.02 0.97 1.06 1.23 1.40 1.56 1.67 1.68 1.52 1.22 0.89 0.62 0.41 0.38 0.54 0.82 1.18 1.54 1.86 2.10 2.16
 21   2.06 1.78 1.42 1.06 0.86 0.83 0.94 1.20 1.50 1.74 1.82 1.80 1.68 1.48 1.08 0.66 0.44 0.44 0.66 1.02 1.38 1.76 2.02 2.18
 22   2.18 1.92 1.58 1.18 0.86 0.71 0.72 0.96 1.28 1.57 1.76 1.84 1.82 1.66 1.32 0.94 0.58 0.45 0.56 0.80 1.18 1.54 1.88 2.10
 23   2.18 2.02 1.74 1.34 0.94 0.66 0.56 0.74 1.00 1.32 1.60 1.80 1.90 1.79 1.56 1.22 0.83 0.62 0.58 0.74 1.04 1.44 1.84 2.03
 24   2.10 2.08 1.90 1.50 1.06 0.72 0.60 0.66 0.87 1.14 1.44 1.71 1.88 1.89 1.72 1.44 1.11 0.86 0.70 0.74 1.00 1.36 1.70 1.93
 25   2.06 2.03 1.92 1.68 1.26 0.84 0.56 0.52 0.67 0.92 1.24 1.58 1.80 1.84 1.80 1.63 1.35 1.02 0.86 0.78 0.88 1.20 1.54 1.80
 26   1.98 2.04 1.94 1.72 1.38 0.94 0.66 0.54 0.60 0.76 1.04 1.40 1.64 1.78 1.85 1.76 1.55 1.26 1.06 0.98 0.98 1.18 1.42 1.74
 27   1.96 2.06 2.00 1.84 1.56 1.18 0.86 0.66 0.62 0.68 0.92 1.23 1.52 1.69 1.80 1.81 1.69 1.46 1.24 1.10 1.10 1.20 1.36 1.58
 28   1.81 1.92 1.92 1.80 1.58 1.30 0.98 0.74 0.63 0.64 0.77 1.00 1.28 1.48 1.62 1.70 1.68 1.56 1.42 1.28 1.22 1.23 1.33 1.50
 29   1.69 1.81 1.86 1.83 1.66 1.42 1.12 0.88 0.73 0.66 0.66 0.84 1.06 1.26 1.42 1.54 1.62 1.62 1.50 1.40 1.33 1.31 1.34 1.40
 ----------------------------------------------------------------------------------------------------------------------------
                                                                                               
 ----------------------------------------------------------------------------------------------------------------------------
 ----------------------------------------------------------------------------------------------------------------------------
                                                          SURVEY OF INDIA
                                                    MARINE GEODESY WING (G&RB)
                                                     HOURLY HEIGHTS IN METRES
  NAME OF PORT:- KARWAR                                                                             MONTH MARCH     YEAR 2012
 ----------------------------------------------------------------------------------------------------------------------------
 DAYS 0000 0001 0002 0003 0004 0005 0006 0007 0008 0009 0010 0011 0012 0013 0014 0015 0016 0017 0018 0019 0020 0021 0022 0023
 ----------------------------------------------------------------------------------------------------------------------------
  1   1.54 1.68 1.76 1.74 1.64 1.50 1.28 1.06 0.88 0.74 0.67 0.72 0.88 1.04 1.22 1.38 1.52 1.60 1.64 1.57 1.48 1.41 1.36 1.36
  2   1.46 1.54 1.61 1.67 1.70 1.60 1.42 1.24 1.04 0.86 0.76 0.68 0.71 0.82 0.97 1.12 1.29 1.46 1.62 1.64 1.60 1.53 1.47 1.40
  3   1.32 1.37 1.44 1.48 1.51 1.49 1.45 1.38 1.26 1.08 0.87 0.72 0.66 0.68 0.76 0.88 1.06 1.26 1.46 1.61 1.65 1.63 1.55 1.44
  4   1.32 1.26 1.26 1.28 1.34 1.40 1.45 1.48 1.44 1.28 1.08 0.88 0.71 0.60 0.56 0.64 0.82 1.08 1.34 1.52 1.66 1.76 1.72 1.56
  5   1.38 1.21 1.11 1.12 1.16 1.28 1.39 1.50 1.57 1.52 1.34 1.10 0.82 0.58 0.44 0.40 0.54 0.80 1.14 1.42 1.67 1.84 1.89 1.74
  6   1.50 1.24 1.02 0.94 0.96 1.06 1.26 1.48 1.66 1.66 1.58 1.40 1.16 0.84 0.52 0.38 0.44 0.66 0.96 1.32 1.64 1.92 2.04 1.96
  7   1.72 1.39 1.10 0.86 0.78 0.84 1.06 1.34 1.59 1.76 1.78 1.72 1.49 1.15 0.77 0.46 0.38 0.47 0.76 1.10 1.49 1.82 2.04 2.06
  8   1.88 1.54 1.14 0.76 0.52 0.49 0.68 0.98 1.32 1.59 1.80 1.88 1.78 1.40 0.98 0.56 0.34 0.25 0.42 0.78 1.20 1.64 1.89 2.03
  9   1.94 1.64 1.24 0.72 0.34 0.22 0.34 0.60 1.00 1.39 1.74 1.92 1.91 1.74 1.36 0.92 0.56 0.42 0.44 0.68 1.10 1.56 1.92 2.08
 10   2.10 1.97 1.54 1.00 0.46 0.18 0.16 0.32 0.68 1.10 1.50 1.82 1.96 1.98 1.72 1.34 0.90 0.60 0.50 0.58 0.88 1.28 1.69 1.96
 11   2.10 2.03 1.74 1.26 0.72 0.20-0.01 0.03 0.24 0.62 1.04 1.46 1.74 1.88 1.82 1.57 1.18 0.80 0.60 0.56 0.71 1.02 1.40 1.73
 12   1.90 1.95 1.82 1.48 0.94 0.40 0.04-0.13-0.02 0.24 0.60 1.06 1.44 1.69 1.80 1.76 1.54 1.16 0.88 0.72 0.70 0.92 1.18 1.49
 13   1.72 1.82 1.79 1.60 1.30 1.02 0.72 0.42 0.19 0.14 0.35 0.74 1.11 1.41 1.64 1.75 1.76 1.58 1.31 1.02 0.86 0.82 1.02 1.33
 14   1.59 1.76 1.84 1.69 1.45 1.18 0.88 0.60 0.36 0.21 0.21 0.47 0.82 1.11 1.38 1.60 1.72 1.68 1.51 1.29 1.11 1.00 1.02 1.10
 15   1.28 1.48 1.60 1.62 1.56 1.40 1.14 0.84 0.57 0.36 0.24 0.34 0.58 0.82 1.06 1.30 1.50 1.63 1.64 1.54 1.40 1.24 1.12 1.08
 16   1.18 1.29 1.38 1.48 1.55 1.55 1.42 1.24 1.02 0.78 0.58 0.48 0.50 0.66 0.88 1.12 1.35 1.56 1.72 1.78 1.70 1.58 1.42 1.28
 17   1.18 1.14 1.20 1.32 1.42 1.49 1.51 1.48 1.36 1.18 0.92 0.68 0.56 0.56 0.68 0.82 1.04 1.32 1.57 1.70 1.76 1.70 1.58 1.40
 18   1.16 1.05 1.02 1.08 1.18 1.30 1.46 1.54 1.54 1.46 1.26 1.00 0.76 0.60 0.55 0.63 0.82 1.08 1.36 1.62 1.80 1.86 1.80 1.62
 19   1.34 1.06 0.93 0.90 0.95 1.10 1.31 1.50 1.62 1.68 1.58 1.38 1.12 0.86 0.67 0.60 0.74 0.98 1.26 1.54 1.80 1.98 2.00 1.86
 20   1.60 1.30 1.00 0.82 0.80 0.91 1.13 1.40 1.64 1.76 1.78 1.67 1.47 1.16 0.86 0.71 0.72 0.86 1.08 1.42 1.78 1.99 2.08 2.02
 21   1.80 1.48 1.12 0.82 0.70 0.74 0.95 1.22 1.52 1.76 1.90 1.90 1.73 1.45 1.12 0.84 0.70 0.75 0.94 1.26 1.58 1.88 2.01 2.04
 22   1.86 1.56 1.18 0.83 0.58 0.53 0.69 0.95 1.25 1.52 1.75 1.88 1.82 1.58 1.26 0.92 0.72 0.66 0.74 1.02 1.34 1.66 1.88 1.94
 23   1.88 1.62 1.28 0.89 0.58 0.43 0.48 0.68 1.00 1.40 1.70 1.88 1.92 1.79 1.52 1.20 0.94 0.78 0.80 0.94 1.24 1.59 1.86 1.98
 24   1.96 1.80 1.46 1.06 0.68 0.48 0.42 0.54 0.82 1.19 1.55 1.80 1.89 1.88 1.70 1.40 1.10 0.90 0.80 0.90 1.15 1.44 1.67 1.84
 25   1.86 1.71 1.50 1.15 0.72 0.47 0.39 0.44 0.62 0.96 1.34 1.63 1.78 1.75 1.55 1.32 1.12 0.95 0.83 0.84 1.02 1.28 1.54 1.76
 26   1.90 1.84 1.65 1.35 0.88 0.55 0.41 0.38 0.50 0.80 1.15 1.46 1.73 1.86 1.86 1.72 1.43 1.17 1.01 0.91 0.95 1.16 1.38 1.60
 27   1.70 1.79 1.69 1.47 1.18 0.82 0.55 0.44 0.46 0.64 0.92 1.24 1.52 1.68 1.76 1.72 1.52 1.28 1.12 1.02 1.00 1.08 1.26 1.50
 28   1.66 1.71 1.71 1.60 1.32 1.02 0.72 0.53 0.44 0.54 0.77 1.05 1.34 1.56 1.72 1.73 1.62 1.45 1.27 1.14 1.08 1.11 1.24 1.40
 29   1.62 1.71 1.66 1.55 1.37 1.14 0.86 0.65 0.54 0.56 0.70 0.92 1.18 1.41 1.59 1.70 1.71 1.60 1.44 1.30 1.21 1.19 1.22 1.34
 30   1.50 1.60 1.62 1.56 1.45 1.28 1.05 0.84 0.68 0.60 0.63 0.76 0.98 1.20 1.40 1.56 1.65 1.67 1.59 1.48 1.38 1.30 1.26 1.27
 31   1.37 1.48 1.52 1.49 1.42 1.34 1.19 1.00 0.80 0.64 0.56 0.66 0.82 1.02 1.22 1.42 1.54 1.63 1.66 1.61 1.50 1.40 1.30 1.21
 ----------------------------------------------------------------------------------------------------------------------------
                                                                                               
 ----------------------------------------------------------------------------------------------------------------------------
 ----------------------------------------------------------------------------------------------------------------------------
                                                          SURVEY OF INDIA
                                                    MARINE GEODESY WING (G&RB)
                                                     HOURLY HEIGHTS IN METRES
  NAME OF PORT:- KARWAR                                                                             MONTH APRIL     YEAR 2012
 ----------------------------------------------------------------------------------------------------------------------------
 DAYS 0000 0001 0002 0003 0004 0005 0006 0007 0008 0009 0010 0011 0012 0013 0014 0015 0016 0017 0018 0019 0020 0021 0022 0023
 ----------------------------------------------------------------------------------------------------------------------------
  1   1.34 1.40 1.45 1.48 1.48 1.42 1.34 1.24 1.08 0.92 0.75 0.67 0.67 0.74 0.89 1.08 1.28 1.46 1.60 1.68 1.66 1.55 1.41 1.26
  2   1.15 1.10 1.13 1.20 1.28 1.36 1.42 1.40 1.30 1.18 0.99 0.82 0.70 0.66 0.73 0.86 1.10 1.34 1.54 1.71 1.80 1.73 1.58 1.37
  3   1.16 1.02 0.94 0.95 1.07 1.24 1.38 1.50 1.55 1.46 1.28 1.09 0.90 0.72 0.62 0.68 0.88 1.14 1.42 1.68 1.85 1.88 1.76 1.50
  4   1.24 0.96 0.77 0.70 0.83 1.02 1.29 1.50 1.66 1.73 1.67 1.45 1.17 0.92 0.71 0.65 0.77 0.98 1.30 1.64 1.90 2.01 1.98 1.80
  5   1.46 1.12 0.80 0.62 0.58 0.78 1.10 1.40 1.67 1.90 1.98 1.86 1.58 1.26 0.93 0.71 0.70 0.85 1.10 1.48 1.82 2.02 2.10 2.00
  6   1.64 1.22 0.80 0.58 0.50 0.62 0.90 1.20 1.49 1.78 1.98 1.99 1.86 1.59 1.18 0.85 0.66 0.69 0.92 1.30 1.70 1.96 2.10 2.10
  7   1.88 1.50 0.96 0.50 0.24 0.16 0.34 0.72 1.24 1.69 1.99 2.18 2.21 2.00 1.62 1.16 0.86 0.75 0.84 1.10 1.44 1.74 1.96 2.08
  8   1.96 1.67 1.18 0.66 0.30 0.09 0.05 0.28 0.76 1.24 1.70 1.98 2.18 2.18 1.92 1.52 1.09 0.81 0.76 0.95 1.30 1.60 1.84 2.00
  9   2.04 1.81 1.38 0.88 0.49 0.16-0.02 0.04 0.36 0.82 1.34 1.76 2.08 2.24 2.14 1.82 1.45 1.09 0.87 0.90 1.22 1.50 1.72 1.88
 10   2.00 1.96 1.58 1.06 0.62 0.29 0.06 0.02 0.20 0.50 0.96 1.42 1.76 2.02 2.15 2.08 1.80 1.44 1.08 0.92 0.99 1.18 1.41 1.68
 11   1.86 1.98 2.02 1.81 1.54 1.30 1.02 0.74 0.51 0.42 0.69 1.14 1.57 1.87 2.05 2.13 2.02 1.75 1.44 1.22 1.07 1.06 1.20 1.42
 12   1.65 1.80 1.86 1.78 1.57 1.28 0.87 0.55 0.33 0.32 0.50 0.82 1.13 1.44 1.74 1.98 2.05 1.91 1.66 1.44 1.26 1.14 1.10 1.18
 13   1.34 1.52 1.64 1.69 1.64 1.49 1.20 0.91 0.68 0.54 0.51 0.65 0.90 1.18 1.44 1.66 1.86 1.96 1.86 1.70 1.52 1.34 1.18 1.12
 14   1.16 1.28 1.39 1.50 1.58 1.58 1.44 1.27 1.10 0.92 0.77 0.69 0.80 1.00 1.23 1.45 1.66 1.84 1.91 1.87 1.75 1.57 1.35 1.17
 15   1.04 1.07 1.16 1.28 1.39 1.48 1.54 1.54 1.44 1.29 1.11 0.92 0.82 0.84 1.00 1.22 1.44 1.65 1.80 1.90 1.90 1.78 1.53 1.31
 16   1.08 0.92 0.92 1.04 1.18 1.34 1.49 1.62 1.64 1.56 1.42 1.24 1.04 0.90 0.93 1.08 1.28 1.48 1.70 1.87 1.96 1.90 1.74 1.50
 17   1.18 0.94 0.81 0.77 0.93 1.15 1.37 1.56 1.69 1.76 1.67 1.48 1.27 1.08 0.96 0.94 1.09 1.28 1.52 1.73 1.86 1.92 1.86 1.71
 18   1.34 0.98 0.76 0.66 0.72 0.85 1.12 1.38 1.64 1.82 1.82 1.71 1.52 1.28 1.08 0.96 0.97 1.15 1.39 1.62 1.78 1.87 1.87 1.75
 19   1.50 1.14 0.80 0.56 0.46 0.56 0.86 1.22 1.50 1.72 1.86 1.85 1.68 1.44 1.20 1.00 0.88 0.96 1.16 1.44 1.65 1.80 1.84 1.78
 20   1.56 1.22 0.88 0.59 0.38 0.42 0.66 0.96 1.28 1.60 1.80 1.86 1.78 1.60 1.34 1.10 0.94 0.89 1.00 1.26 1.56 1.72 1.80 1.79
 21   1.61 1.30 0.95 0.65 0.45 0.36 0.51 0.76 1.12 1.44 1.71 1.86 1.91 1.78 1.52 1.26 1.04 0.95 0.98 1.15 1.39 1.64 1.82 1.80
 22   1.65 1.39 1.10 0.72 0.40 0.31 0.35 0.60 0.92 1.30 1.60 1.82 1.98 1.92 1.72 1.46 1.21 1.04 0.90 1.04 1.30 1.54 1.76 1.84
 23   1.70 1.52 1.24 0.85 0.44 0.27 0.28 0.42 0.70 1.07 1.47 1.74 1.88 1.94 1.81 1.56 1.27 1.04 0.92 0.96 1.10 1.30 1.54 1.71
 24   1.67 1.51 1.30 0.96 0.62 0.38 0.23 0.30 0.56 0.88 1.22 1.52 1.78 1.91 1.86 1.68 1.44 1.16 0.99 0.94 1.02 1.20 1.44 1.62
 25   1.68 1.62 1.42 1.16 0.76 0.48 0.30 0.22 0.34 0.66 0.98 1.36 1.68 1.84 1.92 1.80 1.61 1.35 1.14 1.04 1.08 1.18 1.34 1.52
 26   1.70 1.64 1.52 1.32 1.02 0.74 0.51 0.35 0.32 0.54 0.86 1.20 1.45 1.66 1.81 1.84 1.70 1.46 1.22 1.09 1.06 1.08 1.21 1.36
 27   1.54 1.64 1.58 1.43 1.25 0.98 0.70 0.50 0.42 0.54 0.76 1.02 1.31 1.57 1.76 1.86 1.82 1.64 1.45 1.28 1.18 1.12 1.16 1.34
 28   1.50 1.56 1.54 1.48 1.36 1.20 0.96 0.72 0.55 0.56 0.71 0.88 1.14 1.38 1.58 1.74 1.80 1.74 1.60 1.42 1.28 1.18 1.16 1.20
 29   1.30 1.40 1.48 1.50 1.44 1.32 1.14 0.95 0.78 0.68 0.68 0.76 0.96 1.21 1.44 1.60 1.74 1.82 1.74 1.62 1.46 1.27 1.13 1.08
 30   1.10 1.18 1.30 1.39 1.42 1.40 1.30 1.16 1.00 0.84 0.71 0.66 0.78 0.94 1.14 1.38 1.56 1.70 1.74 1.66 1.54 1.34 1.14 0.96
 ----------------------------------------------------------------------------------------------------------------------------
                                                                                               
 ----------------------------------------------------------------------------------------------------------------------------
 ----------------------------------------------------------------------------------------------------------------------------
                                                          SURVEY OF INDIA
                                                    MARINE GEODESY WING (G&RB)
                                                     HOURLY HEIGHTS IN METRES
  NAME OF PORT:- KARWAR                                                                             MONTH MAY       YEAR 2012
 ----------------------------------------------------------------------------------------------------------------------------
 DAYS 0000 0001 0002 0003 0004 0005 0006 0007 0008 0009 0010 0011 0012 0013 0014 0015 0016 0017 0018 0019 0020 0021 0022 0023
 ----------------------------------------------------------------------------------------------------------------------------
  1   0.86 0.89 0.98 1.08 1.20 1.31 1.35 1.34 1.26 1.10 0.90 0.74 0.71 0.78 0.92 1.14 1.36 1.56 1.71 1.78 1.70 1.53 1.28 1.00
  2   0.78 0.69 0.74 0.86 1.00 1.19 1.38 1.52 1.52 1.42 1.20 1.00 0.84 0.76 0.77 0.94 1.18 1.42 1.60 1.74 1.82 1.72 1.44 1.12
  3   0.74 0.52 0.48 0.54 0.68 0.96 1.26 1.48 1.65 1.68 1.60 1.38 1.12 0.92 0.82 0.86 1.01 1.24 1.50 1.78 1.92 1.94 1.72 1.40
  4   0.96 0.55 0.31 0.27 0.42 0.70 1.04 1.40 1.72 1.92 1.97 1.80 1.54 1.22 1.00 0.88 0.93 1.09 1.36 1.64 1.90 2.03 1.92 1.67
  5   1.22 0.74 0.34 0.12 0.11 0.30 0.64 1.10 1.52 1.88 2.08 2.08 1.89 1.59 1.24 0.98 0.88 0.96 1.14 1.46 1.76 1.96 2.02 1.90
  6   1.54 1.00 0.48 0.08-0.08-0.06 0.18 0.66 1.17 1.62 1.96 2.16 2.15 1.92 1.56 1.19 0.94 0.82 0.92 1.16 1.49 1.80 1.96 1.94
  7   1.70 1.34 0.82 0.26-0.15-0.26-0.14 0.22 0.72 1.22 1.66 1.98 2.16 2.12 1.80 1.44 1.10 0.85 0.75 0.92 1.20 1.50 1.76 1.86
  8   1.82 1.58 1.18 0.62 0.08-0.24-0.32-0.12 0.26 0.80 1.26 1.68 1.98 2.14 2.02 1.75 1.36 1.00 0.78 0.77 0.94 1.21 1.46 1.68
  9   1.74 1.68 1.44 1.05 0.51 0.10-0.16-0.23 0.02 0.42 0.90 1.34 1.75 2.02 2.10 2.00 1.70 1.34 0.99 0.79 0.82 0.98 1.24 1.48
 10   1.66 1.73 1.65 1.42 1.00 0.57 0.24-0.02-0.04 0.22 0.64 1.08 1.44 1.74 1.94 2.03 1.90 1.58 1.20 0.94 0.82 0.87 0.97 1.17
 11   1.44 1.56 1.57 1.48 1.31 1.04 0.70 0.40 0.23 0.27 0.50 0.82 1.15 1.46 1.72 1.92 1.97 1.77 1.48 1.20 0.94 0.76 0.74 0.90
 12   1.10 1.28 1.42 1.48 1.42 1.26 1.06 0.79 0.53 0.40 0.40 0.62 0.92 1.20 1.46 1.70 1.86 1.88 1.68 1.43 1.18 0.94 0.77 0.75
 13   0.86 1.00 1.13 1.26 1.33 1.34 1.26 1.03 0.82 0.68 0.61 0.66 0.79 0.98 1.20 1.42 1.61 1.74 1.70 1.55 1.36 1.12 0.88 0.68
 14   0.66 0.74 0.83 0.96 1.10 1.22 1.32 1.36 1.36 1.28 1.12 0.98 0.88 0.90 1.08 1.26 1.45 1.60 1.66 1.64 1.50 1.31 1.09 0.86
 15   0.64 0.57 0.60 0.72 0.93 1.11 1.25 1.39 1.47 1.44 1.26 1.08 0.94 0.87 0.94 1.06 1.24 1.45 1.60 1.66 1.61 1.46 1.24 0.98
 16   0.72 0.54 0.50 0.57 0.74 0.96 1.16 1.32 1.44 1.48 1.42 1.28 1.13 1.02 0.97 1.04 1.22 1.40 1.50 1.52 1.42 1.23 1.04 0.90
 17   0.76 0.60 0.44 0.38 0.50 0.74 1.01 1.26 1.44 1.54 1.54 1.44 1.28 1.08 0.95 0.98 1.14 1.30 1.44 1.52 1.48 1.34 1.14 0.98
 18   0.84 0.70 0.56 0.42 0.40 0.62 0.90 1.16 1.38 1.56 1.64 1.56 1.35 1.13 0.96 0.92 1.05 1.22 1.38 1.54 1.56 1.45 1.27 1.08
 19   0.94 0.76 0.60 0.46 0.39 0.46 0.68 1.00 1.31 1.58 1.74 1.80 1.70 1.50 1.28 1.12 1.01 1.04 1.14 1.29 1.46 1.57 1.62 1.51
 20   1.24 0.92 0.60 0.30 0.16 0.22 0.46 0.77 1.12 1.43 1.70 1.82 1.80 1.68 1.42 1.20 1.05 0.98 1.02 1.17 1.38 1.54 1.64 1.56
 21   1.34 1.06 0.72 0.38 0.15 0.13 0.26 0.52 0.88 1.24 1.56 1.77 1.82 1.72 1.52 1.28 1.08 0.95 0.92 1.02 1.22 1.44 1.58 1.60
 22   1.44 1.16 0.82 0.49 0.23 0.10 0.16 0.36 0.67 1.05 1.40 1.68 1.78 1.82 1.66 1.42 1.16 0.96 0.86 0.94 1.13 1.36 1.53 1.58
 23   1.50 1.34 1.06 0.68 0.34 0.18 0.12 0.26 0.50 0.86 1.28 1.61 1.79 1.86 1.81 1.62 1.33 1.05 0.89 0.88 1.01 1.21 1.40 1.54
 24   1.56 1.44 1.19 0.88 0.52 0.28 0.14 0.12 0.36 0.68 1.06 1.42 1.64 1.76 1.78 1.72 1.48 1.20 0.94 0.84 0.93 1.11 1.28 1.43
 25   1.52 1.51 1.38 1.14 0.82 0.51 0.31 0.23 0.32 0.52 0.90 1.26 1.56 1.82 1.89 1.85 1.68 1.39 1.09 0.94 0.89 1.00 1.14 1.30
 26   1.45 1.55 1.46 1.30 1.00 0.71 0.50 0.34 0.32 0.46 0.72 1.06 1.36 1.61 1.82 1.86 1.80 1.54 1.25 1.04 0.93 0.90 1.04 1.20
 27   1.34 1.44 1.50 1.38 1.22 1.02 0.76 0.52 0.37 0.42 0.64 0.87 1.16 1.44 1.67 1.80 1.84 1.69 1.42 1.16 0.97 0.84 0.82 0.90
 28   1.10 1.26 1.34 1.36 1.31 1.19 0.99 0.78 0.60 0.50 0.58 0.76 0.98 1.26 1.52 1.70 1.78 1.72 1.56 1.34 1.10 0.90 0.73 0.72
 29   0.84 0.98 1.12 1.23 1.30 1.27 1.15 1.00 0.84 0.70 0.63 0.67 0.82 1.06 1.32 1.52 1.66 1.71 1.66 1.46 1.22 0.99 0.77 0.59
 30   0.58 0.70 0.84 1.00 1.16 1.30 1.34 1.28 1.14 0.99 0.86 0.80 0.79 0.91 1.12 1.36 1.56 1.65 1.68 1.61 1.43 1.17 0.82 0.54
 31   0.41 0.45 0.56 0.73 0.95 1.17 1.35 1.45 1.44 1.33 1.17 1.00 0.87 0.85 1.02 1.21 1.39 1.54 1.67 1.71 1.63 1.39 1.04 0.67
 ----------------------------------------------------------------------------------------------------------------------------
                                                                                               
 ----------------------------------------------------------------------------------------------------------------------------
 ----------------------------------------------------------------------------------------------------------------------------
                                                          SURVEY OF INDIA
                                                    MARINE GEODESY WING (G&RB)
                                                     HOURLY HEIGHTS IN METRES
  NAME OF PORT:- KARWAR                                                                             MONTH JUNE      YEAR 2012
 ----------------------------------------------------------------------------------------------------------------------------
 DAYS 0000 0001 0002 0003 0004 0005 0006 0007 0008 0009 0010 0011 0012 0013 0014 0015 0016 0017 0018 0019 0020 0021 0022 0023
 ----------------------------------------------------------------------------------------------------------------------------
  1   0.37 0.19 0.17 0.32 0.61 0.93 1.19 1.40 1.60 1.68 1.52 1.30 1.05 0.90 0.89 1.03 1.20 1.39 1.59 1.73 1.74 1.55 1.26 0.87
  2   0.47 0.15-0.03-0.05 0.15 0.49 0.91 1.29 1.59 1.79 1.85 1.69 1.39 1.12 0.94 0.92 1.03 1.21 1.41 1.63 1.78 1.76 1.53 1.17
  3   0.69 0.26-0.01-0.15-0.03 0.25 0.63 1.09 1.47 1.77 1.95 1.93 1.67 1.39 1.09 0.91 0.85 0.99 1.19 1.45 1.69 1.81 1.71 1.49
  4   1.09 0.59 0.11-0.23-0.31-0.11 0.24 0.66 1.12 1.59 1.93 2.07 1.95 1.69 1.37 1.05 0.86 0.86 1.00 1.23 1.49 1.71 1.81 1.70
  5   1.47 1.01 0.49 0.03-0.21-0.23-0.05 0.31 0.79 1.29 1.77 2.05 2.11 2.02 1.71 1.29 0.93 0.79 0.79 0.96 1.21 1.46 1.65 1.73
  6   1.66 1.40 0.93 0.43-0.03-0.23-0.21 0.09 0.52 1.01 1.43 1.82 2.10 2.15 1.95 1.61 1.23 0.91 0.77 0.79 0.98 1.23 1.50 1.69
  7   1.75 1.65 1.35 0.89 0.43 0.06-0.12-0.07 0.27 0.69 1.12 1.57 1.91 2.08 2.07 1.87 1.54 1.13 0.81 0.70 0.77 0.95 1.25 1.45
  8   1.64 1.68 1.57 1.28 0.88 0.48 0.20 0.09 0.16 0.48 0.90 1.32 1.66 1.94 2.08 2.03 1.74 1.41 1.07 0.80 0.68 0.80 1.00 1.23
  9   1.46 1.60 1.60 1.50 1.23 0.90 0.58 0.36 0.31 0.42 0.70 1.10 1.46 1.74 1.94 2.02 1.90 1.64 1.28 0.98 0.75 0.68 0.80 0.94
 10   1.16 1.34 1.47 1.50 1.42 1.19 0.90 0.68 0.54 0.49 0.62 0.92 1.25 1.53 1.74 1.88 1.92 1.78 1.52 1.22 0.96 0.76 0.70 0.76
 11   0.92 1.06 1.22 1.36 1.42 1.35 1.18 1.02 0.87 0.78 0.80 0.94 1.15 1.38 1.60 1.79 1.90 1.84 1.67 1.46 1.22 0.95 0.73 0.62
 12   0.74 0.88 1.04 1.20 1.33 1.40 1.41 1.32 1.16 1.00 0.94 0.95 1.03 1.18 1.37 1.56 1.67 1.74 1.72 1.58 1.34 1.08 0.82 0.64
 13   0.60 0.64 0.76 0.91 1.08 1.26 1.38 1.42 1.34 1.26 1.16 1.08 1.02 1.10 1.22 1.38 1.51 1.62 1.66 1.64 1.47 1.22 0.98 0.76
 14   0.56 0.49 0.56 0.72 0.94 1.14 1.31 1.41 1.46 1.45 1.37 1.26 1.16 1.09 1.15 1.28 1.41 1.52 1.58 1.62 1.55 1.38 1.16 0.90
 15   0.61 0.46 0.45 0.56 0.76 0.97 1.22 1.44 1.59 1.68 1.62 1.50 1.38 1.25 1.16 1.18 1.30 1.41 1.51 1.58 1.58 1.50 1.32 1.10
 16   0.78 0.54 0.40 0.40 0.55 0.80 1.10 1.35 1.58 1.72 1.76 1.69 1.53 1.34 1.22 1.16 1.20 1.31 1.41 1.52 1.62 1.59 1.43 1.22
 17   0.90 0.62 0.39 0.30 0.38 0.58 0.89 1.20 1.47 1.66 1.80 1.82 1.68 1.48 1.30 1.13 1.12 1.20 1.29 1.41 1.53 1.60 1.54 1.33
 18   1.00 0.72 0.50 0.32 0.24 0.38 0.71 1.02 1.32 1.55 1.76 1.86 1.80 1.62 1.41 1.24 1.10 1.04 1.10 1.30 1.48 1.61 1.59 1.44
 19   1.18 0.84 0.49 0.22 0.10 0.18 0.40 0.72 1.08 1.44 1.72 1.83 1.78 1.65 1.46 1.27 1.07 0.96 1.02 1.19 1.37 1.52 1.62 1.56
 20   1.30 1.05 0.72 0.38 0.18 0.12 0.30 0.58 0.96 1.32 1.66 1.89 1.91 1.82 1.64 1.40 1.15 0.98 0.94 1.08 1.28 1.46 1.56 1.62
 21   1.50 1.30 0.98 0.62 0.31 0.17 0.20 0.40 0.78 1.16 1.50 1.78 1.95 1.88 1.72 1.47 1.21 1.02 0.92 0.96 1.10 1.30 1.48 1.58
 22   1.58 1.44 1.18 0.81 0.46 0.26 0.18 0.28 0.52 0.91 1.31 1.65 1.88 1.96 1.88 1.66 1.36 1.07 0.88 0.82 0.94 1.15 1.36 1.52
 23   1.60 1.55 1.35 1.06 0.70 0.42 0.30 0.28 0.42 0.70 1.12 1.48 1.74 1.92 1.94 1.84 1.54 1.24 0.98 0.85 0.88 1.00 1.18 1.42
 24   1.58 1.62 1.50 1.32 1.04 0.72 0.48 0.38 0.42 0.62 0.98 1.33 1.64 1.89 2.00 1.94 1.72 1.42 1.10 0.86 0.76 0.84 0.96 1.16
 25   1.38 1.55 1.59 1.44 1.24 0.98 0.70 0.52 0.48 0.62 0.84 1.16 1.45 1.72 1.90 1.96 1.80 1.56 1.24 0.94 0.76 0.68 0.76 0.94
 26   1.18 1.34 1.46 1.52 1.44 1.26 1.04 0.82 0.68 0.68 0.83 1.06 1.34 1.60 1.80 1.90 1.90 1.71 1.45 1.16 0.86 0.68 0.64 0.70
 27   0.90 1.14 1.32 1.44 1.48 1.44 1.30 1.12 0.94 0.82 0.78 0.94 1.14 1.36 1.62 1.78 1.85 1.83 1.60 1.30 0.99 0.74 0.60 0.53
 28   0.58 0.78 1.04 1.26 1.40 1.50 1.54 1.46 1.27 1.14 1.05 1.02 1.08 1.25 1.48 1.67 1.80 1.82 1.71 1.56 1.30 0.94 0.62 0.45
 29   0.44 0.53 0.70 0.94 1.20 1.40 1.56 1.63 1.58 1.44 1.30 1.17 1.09 1.13 1.28 1.46 1.61 1.74 1.79 1.68 1.46 1.16 0.85 0.54
 30   0.32 0.26 0.34 0.58 0.88 1.18 1.46 1.65 1.75 1.70 1.57 1.37 1.22 1.14 1.16 1.26 1.38 1.54 1.68 1.72 1.63 1.42 1.12 0.78
 ----------------------------------------------------------------------------------------------------------------------------
                                                                                               
 ----------------------------------------------------------------------------------------------------------------------------
 ----------------------------------------------------------------------------------------------------------------------------
                                                          SURVEY OF INDIA
                                                    MARINE GEODESY WING (G&RB)
                                                     HOURLY HEIGHTS IN METRES
  NAME OF PORT:- KARWAR                                                                             MONTH JULY      YEAR 2012
 ----------------------------------------------------------------------------------------------------------------------------
 DAYS 0000 0001 0002 0003 0004 0005 0006 0007 0008 0009 0010 0011 0012 0013 0014 0015 0016 0017 0018 0019 0020 0021 0022 0023
 ----------------------------------------------------------------------------------------------------------------------------
  1   0.40 0.14 0.06 0.22 0.48 0.80 1.16 1.53 1.80 1.90 1.90 1.74 1.51 1.30 1.19 1.18 1.26 1.43 1.62 1.75 1.81 1.74 1.52 1.19
  2   0.74 0.38 0.10 0.03 0.20 0.50 0.90 1.32 1.68 1.94 2.09 2.06 1.82 1.55 1.32 1.15 1.07 1.16 1.36 1.60 1.78 1.84 1.76 1.52
  3   1.14 0.72 0.30 0.00-0.06 0.16 0.48 0.88 1.32 1.77 2.08 2.17 2.07 1.77 1.45 1.20 1.00 0.94 1.08 1.32 1.59 1.84 1.91 1.80
  4   1.48 1.13 0.66 0.26 0.03 0.00 0.24 0.60 1.08 1.56 1.96 2.14 2.20 2.05 1.74 1.38 1.08 0.86 0.90 1.08 1.36 1.63 1.84 1.90
  5   1.80 1.48 1.06 0.60 0.20 0.00 0.06 0.36 0.72 1.22 1.66 1.98 2.20 2.16 1.96 1.62 1.20 0.88 0.77 0.84 1.06 1.32 1.58 1.76
  6   1.83 1.70 1.39 0.96 0.52 0.23 0.10 0.20 0.54 0.95 1.42 1.80 2.10 2.20 2.12 1.87 1.46 1.05 0.74 0.68 0.82 1.06 1.34 1.61
  7   1.76 1.76 1.60 1.32 0.90 0.55 0.30 0.28 0.45 0.78 1.22 1.58 1.86 2.06 2.12 1.94 1.62 1.25 0.90 0.65 0.58 0.71 0.94 1.22
  8   1.44 1.55 1.56 1.45 1.18 0.86 0.58 0.40 0.40 0.64 0.94 1.30 1.59 1.84 1.99 2.00 1.76 1.42 1.06 0.79 0.62 0.58 0.72 0.94
  9   1.20 1.40 1.51 1.52 1.38 1.16 0.87 0.68 0.60 0.63 0.84 1.12 1.42 1.64 1.81 1.92 1.85 1.53 1.18 0.89 0.70 0.56 0.53 0.64
 10   0.88 1.10 1.24 1.32 1.33 1.25 1.06 0.88 0.73 0.66 0.72 0.96 1.22 1.44 1.65 1.77 1.76 1.59 1.33 1.04 0.82 0.62 0.50 0.50
 11   0.67 0.82 0.98 1.14 1.26 1.31 1.24 1.10 0.94 0.85 0.88 1.00 1.14 1.29 1.45 1.59 1.69 1.65 1.41 1.15 0.92 0.72 0.57 0.48
 12   0.48 0.62 0.80 0.98 1.14 1.27 1.35 1.34 1.26 1.16 1.10 1.08 1.12 1.23 1.39 1.50 1.58 1.56 1.46 1.32 1.12 0.93 0.73 0.56
 13   0.47 0.53 0.66 0.82 1.02 1.20 1.33 1.40 1.39 1.35 1.26 1.16 1.11 1.16 1.23 1.31 1.40 1.47 1.50 1.40 1.25 1.06 0.84 0.65
 14   0.49 0.42 0.48 0.64 0.82 1.02 1.20 1.37 1.48 1.48 1.42 1.32 1.20 1.13 1.14 1.22 1.31 1.40 1.46 1.45 1.36 1.21 1.02 0.80
 15   0.56 0.40 0.34 0.45 0.62 0.86 1.10 1.32 1.48 1.59 1.58 1.50 1.36 1.22 1.14 1.14 1.20 1.28 1.36 1.42 1.44 1.36 1.20 0.98
 16   0.74 0.49 0.32 0.28 0.43 0.67 0.92 1.18 1.42 1.60 1.70 1.62 1.48 1.30 1.17 1.08 1.04 1.13 1.25 1.37 1.44 1.41 1.30 1.12
 17   0.80 0.52 0.28 0.18 0.23 0.42 0.68 0.98 1.30 1.56 1.69 1.69 1.57 1.38 1.20 1.06 0.97 1.00 1.12 1.28 1.44 1.50 1.46 1.32
 18   1.00 0.70 0.44 0.22 0.14 0.24 0.46 0.82 1.16 1.48 1.72 1.82 1.74 1.56 1.30 1.08 0.93 0.90 0.97 1.14 1.35 1.55 1.60 1.49
 19   1.28 0.98 0.63 0.32 0.13 0.15 0.34 0.62 0.99 1.37 1.64 1.84 1.88 1.69 1.43 1.18 1.00 0.86 0.86 1.02 1.24 1.50 1.66 1.64
 20   1.48 1.24 0.92 0.57 0.27 0.15 0.26 0.50 0.84 1.26 1.62 1.91 2.04 1.88 1.60 1.31 1.04 0.83 0.76 0.84 1.07 1.35 1.58 1.68
 21   1.66 1.49 1.22 0.82 0.44 0.25 0.24 0.41 0.67 1.08 1.48 1.84 2.00 2.02 1.85 1.53 1.18 0.89 0.75 0.75 0.93 1.18 1.45 1.63
 22   1.72 1.65 1.46 1.14 0.74 0.47 0.31 0.33 0.58 0.92 1.32 1.70 1.96 2.06 1.98 1.70 1.34 1.00 0.74 0.62 0.68 0.91 1.20 1.50
 23   1.68 1.71 1.60 1.40 1.04 0.67 0.45 0.42 0.51 0.78 1.14 1.53 1.84 2.02 2.02 1.87 1.54 1.16 0.82 0.58 0.56 0.70 0.92 1.19
 24   1.50 1.64 1.67 1.60 1.35 1.03 0.75 0.60 0.58 0.74 1.02 1.37 1.70 1.90 2.02 1.98 1.75 1.37 0.98 0.68 0.54 0.52 0.66 0.90
 25   1.26 1.47 1.58 1.62 1.53 1.34 1.10 0.88 0.78 0.80 0.96 1.24 1.51 1.75 1.92 1.95 1.82 1.55 1.20 0.82 0.54 0.41 0.46 0.62
 26   0.92 1.15 1.34 1.49 1.58 1.51 1.32 1.14 0.99 0.90 0.92 1.08 1.32 1.56 1.75 1.88 1.85 1.67 1.42 1.08 0.74 0.47 0.36 0.38
 27   0.54 0.79 1.04 1.26 1.44 1.55 1.54 1.40 1.25 1.10 1.00 1.00 1.11 1.31 1.51 1.66 1.73 1.64 1.49 1.24 0.94 0.65 0.38 0.20
 28   0.29 0.46 0.66 0.88 1.14 1.36 1.52 1.56 1.48 1.34 1.22 1.13 1.12 1.17 1.30 1.46 1.58 1.62 1.61 1.50 1.29 0.98 0.64 0.35
 29   0.22 0.26 0.37 0.57 0.83 1.16 1.44 1.59 1.65 1.63 1.49 1.32 1.15 1.06 1.10 1.18 1.30 1.42 1.50 1.53 1.48 1.24 0.93 0.60
 30   0.30 0.12 0.08 0.18 0.46 0.80 1.12 1.44 1.65 1.74 1.70 1.53 1.30 1.09 0.98 0.95 1.03 1.17 1.35 1.50 1.58 1.50 1.29 1.00
 31   0.60 0.26 0.04-0.01 0.20 0.48 0.84 1.24 1.56 1.82 1.90 1.79 1.56 1.28 1.02 0.86 0.85 0.94 1.14 1.40 1.64 1.70 1.59 1.36
 ----------------------------------------------------------------------------------------------------------------------------
                                                                                               
 ----------------------------------------------------------------------------------------------------------------------------
 ----------------------------------------------------------------------------------------------------------------------------
                                                          SURVEY OF INDIA
                                                    MARINE GEODESY WING (G&RB)
                                                     HOURLY HEIGHTS IN METRES
  NAME OF PORT:- KARWAR                                                                             MONTH AUGUST    YEAR 2012
 ----------------------------------------------------------------------------------------------------------------------------
 DAYS 0000 0001 0002 0003 0004 0005 0006 0007 0008 0009 0010 0011 0012 0013 0014 0015 0016 0017 0018 0019 0020 0021 0022 0023
 ----------------------------------------------------------------------------------------------------------------------------
  1   1.04 0.70 0.32 0.00-0.04 0.17 0.49 0.88 1.26 1.63 1.87 1.88 1.76 1.48 1.14 0.86 0.69 0.68 0.84 1.08 1.37 1.57 1.66 1.58
  2   1.36 1.01 0.54 0.16-0.06-0.02 0.26 0.62 1.03 1.44 1.76 2.00 1.94 1.70 1.35 0.99 0.69 0.54 0.59 0.82 1.14 1.44 1.66 1.71
  3   1.56 1.32 0.94 0.46 0.14 0.00 0.10 0.42 0.86 1.30 1.66 1.92 2.02 1.95 1.67 1.28 0.84 0.58 0.53 0.64 0.88 1.18 1.48 1.70
  4   1.73 1.60 1.28 0.91 0.48 0.24 0.20 0.33 0.70 1.16 1.55 1.83 2.06 2.05 1.87 1.54 1.10 0.71 0.55 0.52 0.69 0.96 1.30 1.60
  5   1.71 1.68 1.54 1.22 0.84 0.52 0.38 0.39 0.64 0.98 1.36 1.66 1.87 2.02 1.93 1.63 1.28 0.91 0.59 0.43 0.45 0.72 1.06 1.38
  6   1.56 1.68 1.64 1.47 1.16 0.82 0.62 0.54 0.58 0.80 1.18 1.54 1.80 1.96 1.96 1.78 1.48 1.10 0.76 0.52 0.42 0.54 0.77 1.07
  7   1.38 1.60 1.64 1.54 1.36 1.15 0.88 0.69 0.66 0.80 1.05 1.36 1.59 1.76 1.85 1.83 1.58 1.19 0.84 0.60 0.44 0.40 0.54 0.80
  8   1.06 1.26 1.39 1.42 1.38 1.24 1.04 0.86 0.80 0.83 0.98 1.18 1.40 1.59 1.67 1.65 1.55 1.36 1.06 0.77 0.56 0.45 0.48 0.60
  9   0.85 1.05 1.21 1.33 1.38 1.36 1.24 1.08 0.98 0.96 1.08 1.24 1.38 1.48 1.54 1.55 1.49 1.36 1.14 0.92 0.69 0.52 0.47 0.54
 10   0.70 0.85 1.02 1.17 1.28 1.35 1.34 1.25 1.14 1.06 1.04 1.13 1.24 1.36 1.47 1.58 1.58 1.48 1.34 1.15 0.94 0.75 0.57 0.50
 11   0.58 0.74 0.88 1.03 1.20 1.37 1.44 1.40 1.32 1.25 1.20 1.18 1.22 1.28 1.37 1.44 1.46 1.43 1.36 1.26 1.10 0.92 0.72 0.58
 12   0.52 0.57 0.68 0.84 1.04 1.22 1.38 1.48 1.51 1.45 1.37 1.30 1.24 1.21 1.22 1.28 1.35 1.41 1.44 1.39 1.26 1.10 0.92 0.74
 13   0.58 0.49 0.52 0.64 0.84 1.07 1.27 1.44 1.57 1.57 1.50 1.40 1.29 1.18 1.12 1.14 1.20 1.27 1.37 1.42 1.38 1.26 1.09 0.87
 14   0.62 0.48 0.38 0.38 0.56 0.80 1.09 1.38 1.56 1.64 1.62 1.54 1.40 1.20 1.04 1.02 1.09 1.19 1.30 1.41 1.50 1.47 1.33 1.09
 15   0.82 0.57 0.42 0.36 0.42 0.62 0.92 1.26 1.54 1.70 1.75 1.68 1.50 1.31 1.09 0.94 0.93 1.03 1.17 1.33 1.46 1.54 1.54 1.36
 16   1.02 0.72 0.46 0.28 0.24 0.40 0.72 1.04 1.38 1.74 1.87 1.85 1.70 1.46 1.21 0.96 0.84 0.86 0.99 1.19 1.42 1.60 1.66 1.54
 17   1.29 1.02 0.68 0.38 0.24 0.31 0.57 0.88 1.25 1.62 1.84 1.96 1.88 1.62 1.30 0.97 0.74 0.72 0.82 1.05 1.33 1.54 1.68 1.68
 18   1.52 1.28 0.92 0.54 0.29 0.18 0.34 0.62 1.05 1.44 1.74 1.94 1.92 1.74 1.42 1.08 0.82 0.59 0.54 0.77 1.06 1.34 1.60 1.74
 19   1.67 1.51 1.18 0.80 0.45 0.23 0.24 0.48 0.86 1.27 1.58 1.84 1.98 1.90 1.58 1.22 0.94 0.73 0.53 0.52 0.78 1.09 1.44 1.70
 20   1.78 1.64 1.38 1.02 0.68 0.44 0.28 0.38 0.70 1.06 1.40 1.74 1.96 1.98 1.78 1.40 0.92 0.49 0.32 0.34 0.54 0.81 1.18 1.52
 21   1.72 1.81 1.69 1.40 0.98 0.64 0.48 0.44 0.62 0.94 1.32 1.64 1.83 1.94 1.87 1.60 1.12 0.65 0.34 0.22 0.26 0.47 0.80 1.20
 22   1.52 1.68 1.72 1.62 1.28 0.94 0.68 0.58 0.61 0.80 1.12 1.44 1.69 1.86 1.89 1.72 1.40 0.96 0.52 0.26 0.18 0.26 0.52 0.88
 23   1.22 1.48 1.65 1.66 1.43 1.16 0.90 0.70 0.65 0.76 1.00 1.30 1.54 1.70 1.80 1.76 1.58 1.22 0.84 0.49 0.29 0.24 0.39 0.60
 24   0.88 1.20 1.44 1.58 1.62 1.52 1.34 1.12 0.98 0.92 1.00 1.18 1.38 1.54 1.68 1.79 1.71 1.48 1.18 0.84 0.52 0.34 0.27 0.38
 25   0.62 0.90 1.21 1.42 1.54 1.56 1.44 1.25 1.03 0.89 0.86 1.00 1.16 1.32 1.46 1.56 1.60 1.52 1.35 1.10 0.83 0.56 0.33 0.28
 26   0.36 0.52 0.77 1.02 1.25 1.46 1.58 1.59 1.50 1.36 1.20 1.08 1.04 1.11 1.23 1.34 1.43 1.50 1.48 1.36 1.16 0.89 0.63 0.41
 27   0.28 0.34 0.46 0.66 0.90 1.20 1.44 1.60 1.66 1.61 1.44 1.24 1.06 0.98 1.01 1.10 1.22 1.34 1.44 1.49 1.48 1.32 1.02 0.70
 28   0.44 0.29 0.30 0.42 0.66 0.96 1.28 1.56 1.72 1.78 1.70 1.51 1.26 0.99 0.87 0.87 1.00 1.14 1.30 1.47 1.61 1.58 1.36 1.08
 29   0.68 0.42 0.22 0.20 0.36 0.64 0.96 1.30 1.59 1.77 1.81 1.67 1.40 1.10 0.81 0.64 0.66 0.82 1.02 1.26 1.45 1.58 1.58 1.42
 30   1.06 0.70 0.39 0.25 0.23 0.42 0.74 1.11 1.50 1.80 1.94 1.92 1.75 1.42 1.04 0.76 0.65 0.71 0.90 1.16 1.48 1.74 1.84 1.79
 31   1.53 1.18 0.78 0.47 0.32 0.42 0.69 1.02 1.40 1.77 2.00 2.09 1.96 1.68 1.32 0.91 0.65 0.58 0.69 0.97 1.32 1.64 1.82 1.88
 ----------------------------------------------------------------------------------------------------------------------------
                                                                                               
 ----------------------------------------------------------------------------------------------------------------------------
 ----------------------------------------------------------------------------------------------------------------------------
                                                          SURVEY OF INDIA
                                                    MARINE GEODESY WING (G&RB)
                                                     HOURLY HEIGHTS IN METRES
  NAME OF PORT:- KARWAR                                                                             MONTH SEPT      YEAR 2012
 ----------------------------------------------------------------------------------------------------------------------------
 DAYS 0000 0001 0002 0003 0004 0005 0006 0007 0008 0009 0010 0011 0012 0013 0014 0015 0016 0017 0018 0019 0020 0021 0022 0023
 ----------------------------------------------------------------------------------------------------------------------------
  1   1.75 1.51 1.14 0.70 0.44 0.37 0.50 0.80 1.19 1.54 1.82 1.96 1.99 1.78 1.35 0.94 0.61 0.40 0.38 0.58 0.94 1.28 1.58 1.77
  2   1.76 1.61 1.30 0.95 0.60 0.40 0.45 0.69 1.03 1.40 1.69 1.88 1.98 1.88 1.56 1.10 0.70 0.44 0.32 0.38 0.64 1.02 1.38 1.64
  3   1.74 1.73 1.50 1.19 0.85 0.60 0.49 0.56 0.83 1.18 1.53 1.76 1.87 1.85 1.62 1.28 0.90 0.54 0.33 0.27 0.41 0.76 1.15 1.47
  4   1.70 1.74 1.67 1.45 1.13 0.85 0.69 0.68 0.87 1.14 1.43 1.70 1.84 1.86 1.75 1.49 1.14 0.78 0.48 0.38 0.45 0.68 1.01 1.31
  5   1.62 1.73 1.75 1.60 1.35 1.11 0.87 0.78 0.83 1.04 1.28 1.54 1.75 1.80 1.74 1.56 1.27 0.93 0.65 0.48 0.43 0.58 0.81 1.12
  6   1.44 1.54 1.63 1.64 1.50 1.31 1.10 0.98 0.92 0.99 1.21 1.44 1.63 1.72 1.70 1.62 1.42 1.14 0.83 0.57 0.48 0.51 0.69 0.94
  7   1.20 1.38 1.51 1.59 1.55 1.43 1.27 1.12 1.04 1.05 1.14 1.30 1.48 1.62 1.67 1.60 1.45 1.22 1.00 0.80 0.65 0.57 0.60 0.81
  8   1.08 1.23 1.39 1.52 1.58 1.53 1.43 1.31 1.22 1.17 1.20 1.29 1.43 1.53 1.58 1.58 1.51 1.37 1.16 0.98 0.79 0.67 0.63 0.69
  9   0.88 1.05 1.22 1.37 1.48 1.56 1.53 1.44 1.34 1.26 1.20 1.21 1.27 1.35 1.43 1.46 1.45 1.38 1.29 1.14 0.98 0.83 0.71 0.64
 10   0.70 0.83 0.97 1.12 1.28 1.41 1.50 1.53 1.49 1.40 1.29 1.22 1.19 1.22 1.26 1.31 1.36 1.40 1.37 1.29 1.17 1.03 0.86 0.72
 11   0.62 0.67 0.78 0.95 1.12 1.30 1.50 1.63 1.62 1.56 1.46 1.34 1.24 1.18 1.16 1.18 1.26 1.33 1.38 1.40 1.36 1.20 1.04 0.87
 12   0.70 0.59 0.61 0.71 0.88 1.13 1.36 1.53 1.64 1.68 1.58 1.43 1.23 1.10 1.01 0.98 1.08 1.22 1.35 1.46 1.50 1.46 1.29 1.08
 13   0.78 0.61 0.50 0.53 0.70 0.95 1.23 1.48 1.69 1.76 1.73 1.59 1.35 1.09 0.89 0.84 0.88 1.01 1.21 1.43 1.56 1.62 1.53 1.37
 14   1.06 0.78 0.56 0.48 0.55 0.78 1.08 1.39 1.68 1.88 1.92 1.79 1.55 1.27 0.98 0.75 0.73 0.86 1.09 1.36 1.59 1.76 1.82 1.69
 15   1.44 1.07 0.74 0.55 0.48 0.60 0.92 1.28 1.60 1.89 1.99 1.96 1.72 1.39 1.00 0.68 0.58 0.60 0.80 1.16 1.48 1.75 1.90 1.84
 16   1.65 1.33 0.96 0.64 0.45 0.48 0.78 1.12 1.48 1.80 2.02 2.10 1.95 1.57 1.11 0.70 0.45 0.38 0.53 0.86 1.25 1.63 1.91 2.00
 17   1.90 1.67 1.28 0.87 0.59 0.49 0.62 0.90 1.24 1.62 1.89 2.00 1.98 1.74 1.30 0.78 0.33 0.16 0.17 0.43 0.81 1.25 1.65 1.86
 18   2.00 1.87 1.52 1.13 0.74 0.54 0.51 0.65 1.01 1.41 1.70 1.88 1.92 1.83 1.46 0.97 0.44 0.13 0.00 0.16 0.47 0.85 1.33 1.68
 19   1.89 1.94 1.79 1.50 1.06 0.72 0.58 0.64 0.90 1.23 1.54 1.77 1.90 1.90 1.69 1.31 0.80 0.35 0.11 0.05 0.27 0.60 1.01 1.44
 20   1.76 1.90 1.94 1.77 1.48 1.12 0.87 0.78 0.83 1.09 1.39 1.65 1.82 1.88 1.80 1.56 1.17 0.68 0.28 0.10 0.11 0.35 0.64 1.04
 21   1.43 1.70 1.87 1.89 1.68 1.41 1.15 0.97 0.92 1.01 1.23 1.45 1.65 1.78 1.84 1.75 1.48 1.09 0.70 0.43 0.28 0.30 0.47 0.80
 22   1.16 1.44 1.66 1.80 1.81 1.69 1.47 1.26 1.12 1.10 1.14 1.30 1.46 1.60 1.73 1.73 1.62 1.40 1.09 0.78 0.55 0.44 0.45 0.60
 23   0.90 1.20 1.44 1.65 1.79 1.80 1.68 1.55 1.40 1.26 1.16 1.18 1.30 1.41 1.51 1.60 1.63 1.56 1.38 1.16 0.93 0.70 0.57 0.56
 24   0.67 0.88 1.11 1.35 1.55 1.70 1.79 1.73 1.58 1.41 1.25 1.16 1.16 1.21 1.29 1.38 1.49 1.57 1.56 1.46 1.33 1.14 0.91 0.67
 25   0.63 0.73 0.86 1.07 1.30 1.55 1.73 1.82 1.79 1.62 1.38 1.16 0.99 0.90 0.89 0.98 1.14 1.28 1.40 1.49 1.46 1.32 1.11 0.85
 26   0.58 0.48 0.53 0.69 0.92 1.17 1.44 1.64 1.77 1.74 1.54 1.29 1.05 0.86 0.71 0.69 0.84 1.08 1.30 1.50 1.58 1.55 1.42 1.19
 27   0.86 0.61 0.48 0.51 0.70 0.99 1.29 1.56 1.72 1.78 1.75 1.57 1.27 0.94 0.67 0.58 0.66 0.86 1.11 1.35 1.54 1.67 1.70 1.52
 28   1.16 0.88 0.63 0.50 0.55 0.76 1.10 1.42 1.68 1.81 1.83 1.70 1.41 1.06 0.68 0.45 0.41 0.55 0.80 1.11 1.40 1.64 1.74 1.76
 29   1.44 1.12 0.79 0.58 0.48 0.62 0.89 1.20 1.50 1.73 1.83 1.80 1.61 1.24 0.82 0.50 0.34 0.35 0.54 0.90 1.25 1.56 1.76 1.86
 30   1.72 1.40 1.07 0.78 0.56 0.56 0.77 1.07 1.39 1.67 1.81 1.86 1.72 1.43 1.02 0.62 0.36 0.28 0.37 0.68 1.05 1.42 1.70 1.86
 ----------------------------------------------------------------------------------------------------------------------------
                                                                                               
 ----------------------------------------------------------------------------------------------------------------------------
 ----------------------------------------------------------------------------------------------------------------------------
                                                          SURVEY OF INDIA
                                                    MARINE GEODESY WING (G&RB)
                                                     HOURLY HEIGHTS IN METRES
  NAME OF PORT:- KARWAR                                                                             MONTH OCTOBER   YEAR 2012
 ----------------------------------------------------------------------------------------------------------------------------
 DAYS 0000 0001 0002 0003 0004 0005 0006 0007 0008 0009 0010 0011 0012 0013 0014 0015 0016 0017 0018 0019 0020 0021 0022 0023
 ----------------------------------------------------------------------------------------------------------------------------
  1   1.84 1.66 1.34 1.00 0.72 0.62 0.70 0.98 1.28 1.55 1.72 1.80 1.75 1.51 1.12 0.71 0.41 0.28 0.23 0.40 0.79 1.23 1.57 1.79
  2   1.85 1.76 1.57 1.25 0.96 0.75 0.70 0.86 1.16 1.44 1.64 1.78 1.80 1.64 1.33 0.94 0.56 0.32 0.19 0.29 0.60 1.00 1.40 1.66
  3   1.81 1.85 1.73 1.39 1.07 0.87 0.79 0.84 1.04 1.28 1.56 1.68 1.68 1.58 1.38 1.01 0.65 0.39 0.26 0.22 0.40 0.79 1.20 1.47
  4   1.70 1.79 1.75 1.56 1.26 1.01 0.88 0.87 0.98 1.16 1.41 1.60 1.67 1.63 1.48 1.22 0.90 0.56 0.37 0.30 0.36 0.66 0.98 1.28
  5   1.58 1.75 1.79 1.65 1.44 1.20 1.04 0.94 0.92 1.05 1.26 1.48 1.60 1.63 1.53 1.33 1.06 0.73 0.46 0.38 0.35 0.49 0.77 1.08
  6   1.37 1.56 1.65 1.64 1.52 1.33 1.14 0.98 0.90 0.98 1.15 1.34 1.50 1.56 1.52 1.40 1.21 0.96 0.70 0.54 0.47 0.54 0.76 0.98
  7   1.28 1.47 1.59 1.65 1.60 1.48 1.33 1.20 1.12 1.07 1.13 1.27 1.42 1.48 1.50 1.43 1.31 1.15 0.93 0.71 0.61 0.58 0.68 0.84
  8   1.08 1.24 1.42 1.56 1.60 1.56 1.47 1.36 1.25 1.16 1.12 1.18 1.25 1.32 1.36 1.38 1.35 1.26 1.12 0.92 0.77 0.69 0.67 0.73
  9   0.89 1.06 1.24 1.39 1.53 1.59 1.59 1.53 1.43 1.30 1.20 1.15 1.18 1.24 1.30 1.36 1.41 1.40 1.34 1.21 1.08 0.96 0.84 0.76
 10   0.76 0.90 1.08 1.25 1.41 1.53 1.63 1.66 1.58 1.41 1.25 1.14 1.06 1.03 1.05 1.12 1.25 1.38 1.45 1.42 1.30 1.16 1.00 0.83
 11   0.72 0.73 0.85 1.00 1.21 1.43 1.63 1.75 1.71 1.56 1.38 1.20 1.00 0.90 0.87 0.92 1.07 1.24 1.40 1.50 1.50 1.43 1.24 1.03
 12   0.85 0.74 0.72 0.82 1.02 1.27 1.52 1.69 1.76 1.68 1.52 1.27 0.98 0.74 0.62 0.62 0.76 1.00 1.23 1.47 1.59 1.63 1.50 1.27
 13   0.98 0.79 0.62 0.62 0.79 1.04 1.31 1.60 1.77 1.82 1.67 1.43 1.12 0.76 0.50 0.42 0.50 0.73 1.10 1.40 1.63 1.77 1.79 1.59
 14   1.30 1.00 0.70 0.60 0.66 0.86 1.16 1.48 1.72 1.83 1.78 1.62 1.28 0.87 0.43 0.22 0.21 0.40 0.74 1.12 1.48 1.78 1.93 1.86
 15   1.64 1.33 0.96 0.68 0.58 0.68 0.99 1.34 1.64 1.82 1.89 1.82 1.54 1.08 0.60 0.22 0.02 0.05 0.38 0.80 1.26 1.66 1.94 2.02
 16   1.98 1.70 1.30 0.90 0.70 0.63 0.79 1.14 1.53 1.78 1.94 1.96 1.77 1.36 0.84 0.30-0.01-0.11 0.05 0.42 0.88 1.40 1.77 2.06
 17   2.15 1.98 1.64 1.24 0.90 0.66 0.64 0.92 1.30 1.59 1.79 1.88 1.87 1.63 1.16 0.59 0.11-0.14-0.14 0.01 0.46 1.00 1.48 1.80
 18   2.06 2.02 1.91 1.55 1.18 0.84 0.69 0.78 1.09 1.36 1.61 1.79 1.90 1.80 1.48 0.98 0.48 0.09-0.09-0.10 0.18 0.63 1.12 1.52
 19   1.92 2.10 2.08 1.89 1.49 1.14 0.89 0.83 0.97 1.14 1.40 1.64 1.81 1.86 1.73 1.40 0.92 0.52 0.23 0.03 0.05 0.38 0.82 1.22
 20   1.64 1.88 2.05 2.01 1.78 1.47 1.17 0.98 0.92 0.98 1.15 1.40 1.58 1.74 1.75 1.60 1.30 0.96 0.60 0.34 0.20 0.26 0.54 0.95
 21   1.32 1.60 1.86 2.00 1.93 1.70 1.45 1.25 1.07 1.00 1.03 1.18 1.38 1.53 1.61 1.64 1.54 1.33 1.07 0.79 0.57 0.50 0.54 0.79
 22   1.10 1.38 1.65 1.87 1.98 1.92 1.77 1.58 1.37 1.14 1.04 1.08 1.20 1.33 1.46 1.56 1.58 1.51 1.39 1.19 0.98 0.80 0.68 0.72
 23   0.92 1.15 1.38 1.61 1.82 1.90 1.88 1.77 1.57 1.34 1.12 0.98 0.98 1.04 1.14 1.26 1.38 1.50 1.50 1.38 1.21 1.02 0.84 0.71
 24   0.74 0.90 1.07 1.26 1.47 1.65 1.77 1.78 1.65 1.43 1.18 0.95 0.76 0.69 0.75 0.87 1.03 1.21 1.37 1.46 1.46 1.31 1.10 0.89
 25   0.74 0.75 0.82 1.00 1.21 1.43 1.62 1.72 1.72 1.56 1.35 1.06 0.80 0.63 0.56 0.63 0.79 1.06 1.32 1.49 1.61 1.58 1.45 1.28
 26   1.06 0.89 0.82 0.93 1.11 1.32 1.54 1.74 1.86 1.78 1.58 1.32 1.00 0.71 0.55 0.48 0.56 0.84 1.14 1.40 1.60 1.73 1.72 1.58
 27   1.28 1.09 0.91 0.85 0.94 1.13 1.37 1.61 1.75 1.81 1.68 1.44 1.12 0.78 0.48 0.34 0.36 0.56 0.93 1.28 1.56 1.76 1.82 1.78
 28   1.56 1.31 1.05 0.93 0.94 1.04 1.26 1.52 1.70 1.81 1.77 1.57 1.34 1.04 0.68 0.39 0.23 0.36 0.70 1.05 1.37 1.62 1.81 2.00
 29   1.98 1.75 1.41 1.07 0.83 0.85 1.06 1.30 1.52 1.67 1.73 1.63 1.37 0.98 0.57 0.34 0.26 0.34 0.58 0.98 1.40 1.71 1.90 1.93
 30   1.90 1.84 1.58 1.30 1.06 0.90 0.96 1.17 1.38 1.56 1.64 1.64 1.48 1.18 0.86 0.50 0.32 0.32 0.46 0.74 1.12 1.50 1.76 1.89
 31   1.86 1.81 1.67 1.42 1.20 1.04 0.97 1.07 1.28 1.46 1.59 1.62 1.55 1.32 0.99 0.68 0.43 0.31 0.38 0.58 0.89 1.26 1.59 1.81
 ----------------------------------------------------------------------------------------------------------------------------
                                                                                               
 ----------------------------------------------------------------------------------------------------------------------------
 ----------------------------------------------------------------------------------------------------------------------------
                                                          SURVEY OF INDIA
                                                    MARINE GEODESY WING (G&RB)
                                                     HOURLY HEIGHTS IN METRES
  NAME OF PORT:- KARWAR                                                                             MONTH NOVEMBER  YEAR 2012
 ----------------------------------------------------------------------------------------------------------------------------
 DAYS 0000 0001 0002 0003 0004 0005 0006 0007 0008 0009 0010 0011 0012 0013 0014 0015 0016 0017 0018 0019 0020 0021 0022 0023
 ----------------------------------------------------------------------------------------------------------------------------
  1   1.89 1.88 1.72 1.50 1.26 1.10 1.02 1.04 1.18 1.39 1.54 1.62 1.60 1.46 1.17 0.80 0.53 0.36 0.30 0.44 0.72 1.04 1.40 1.68
  2   1.92 1.98 1.90 1.63 1.33 1.10 1.00 1.00 1.12 1.30 1.51 1.62 1.66 1.57 1.36 1.01 0.62 0.38 0.29 0.28 0.49 0.83 1.20 1.53
  3   1.78 1.89 1.88 1.74 1.48 1.19 1.00 0.99 1.06 1.16 1.31 1.48 1.57 1.54 1.39 1.13 0.81 0.51 0.35 0.30 0.36 0.60 0.97 1.28
  4   1.54 1.74 1.82 1.76 1.54 1.28 1.07 0.97 0.94 1.01 1.15 1.32 1.44 1.44 1.37 1.21 0.97 0.68 0.47 0.35 0.34 0.49 0.74 1.00
  5   1.30 1.51 1.65 1.68 1.59 1.38 1.16 1.01 0.90 0.90 0.98 1.12 1.22 1.27 1.26 1.20 1.07 0.85 0.65 0.49 0.41 0.46 0.60 0.88
  6   1.16 1.38 1.58 1.72 1.71 1.60 1.41 1.22 1.06 0.93 0.93 1.06 1.18 1.27 1.32 1.34 1.29 1.17 1.00 0.85 0.70 0.63 0.66 0.80
  7   1.04 1.28 1.49 1.67 1.76 1.74 1.65 1.46 1.26 1.06 0.95 0.95 1.07 1.18 1.30 1.41 1.45 1.41 1.29 1.16 1.04 0.94 0.88 0.90
  8   1.02 1.23 1.44 1.60 1.74 1.80 1.78 1.68 1.49 1.30 1.10 0.96 0.94 1.00 1.09 1.19 1.30 1.38 1.42 1.38 1.27 1.14 1.01 0.91
  9   0.90 1.02 1.20 1.42 1.62 1.75 1.80 1.74 1.60 1.35 1.10 0.86 0.72 0.68 0.78 0.94 1.10 1.28 1.46 1.56 1.52 1.38 1.21 1.05
 10   0.90 0.90 1.02 1.20 1.44 1.63 1.80 1.81 1.71 1.51 1.23 0.90 0.65 0.48 0.46 0.56 0.77 1.02 1.28 1.54 1.70 1.70 1.54 1.32
 11   1.08 0.91 0.88 1.00 1.20 1.43 1.65 1.80 1.84 1.69 1.44 1.10 0.72 0.45 0.27 0.21 0.40 0.71 1.03 1.36 1.65 1.86 1.84 1.69
 12   1.40 1.10 0.90 0.87 1.01 1.22 1.45 1.67 1.81 1.78 1.60 1.28 0.88 0.51 0.19 0.00 0.03 0.34 0.70 1.13 1.49 1.80 1.96 1.91
 13   1.63 1.35 1.07 0.87 0.83 1.00 1.25 1.52 1.73 1.80 1.78 1.56 1.18 0.72 0.21-0.07-0.16 0.02 0.38 0.83 1.33 1.76 2.06 2.15
 14   1.99 1.71 1.39 1.11 0.90 0.88 1.07 1.33 1.56 1.77 1.90 1.82 1.51 1.08 0.54 0.05-0.19-0.22 0.02 0.39 0.96 1.51 1.88 2.12
 15   2.16 1.98 1.69 1.33 0.95 0.79 0.86 1.08 1.34 1.60 1.80 1.85 1.71 1.38 0.90 0.36-0.04-0.19-0.17 0.17 0.64 1.16 1.63 1.99
 16   2.23 2.16 1.87 1.50 1.13 0.83 0.73 0.91 1.15 1.41 1.62 1.83 1.88 1.75 1.36 0.90 0.51 0.18-0.05-0.04 0.30 0.75 1.18 1.57
 17   1.92 2.15 2.13 1.91 1.66 1.39 1.11 0.88 0.80 1.05 1.44 1.75 1.88 1.85 1.62 1.30 0.84 0.40 0.12 0.03 0.14 0.47 0.92 1.36
 18   1.78 2.05 2.14 2.08 1.82 1.57 1.30 1.04 0.82 0.80 1.18 1.60 1.83 1.87 1.77 1.55 1.18 0.74 0.38 0.11 0.07 0.26 0.65 1.10
 19   1.56 1.85 2.04 2.12 2.00 1.72 1.44 1.16 0.90 0.80 0.89 1.10 1.30 1.47 1.56 1.54 1.44 1.26 1.03 0.77 0.57 0.51 0.62 0.93
 20   1.29 1.57 1.82 1.95 2.00 1.86 1.63 1.38 1.10 0.91 0.80 0.80 0.97 1.17 1.31 1.43 1.46 1.40 1.28 1.10 0.88 0.71 0.66 0.80
 21   1.03 1.29 1.54 1.73 1.89 1.92 1.77 1.53 1.30 1.06 0.84 0.70 0.71 0.86 1.03 1.17 1.29 1.39 1.39 1.28 1.15 1.01 0.92 0.90
 22   1.00 1.20 1.42 1.60 1.75 1.85 1.83 1.69 1.49 1.24 0.99 0.80 0.71 0.70 0.79 0.96 1.16 1.35 1.50 1.58 1.54 1.42 1.30 1.18
 23   1.10 1.11 1.28 1.48 1.63 1.75 1.82 1.81 1.70 1.50 1.26 0.98 0.78 0.64 0.60 0.71 0.93 1.19 1.40 1.56 1.65 1.67 1.59 1.46
 24   1.28 1.19 1.20 1.30 1.44 1.57 1.69 1.79 1.80 1.65 1.44 1.17 0.89 0.66 0.53 0.54 0.72 1.00 1.27 1.51 1.70 1.81 1.80 1.69
 25   1.52 1.37 1.25 1.21 1.33 1.50 1.65 1.77 1.82 1.74 1.60 1.40 1.09 0.79 0.58 0.48 0.59 0.82 1.09 1.38 1.63 1.88 1.98 1.92
 26   1.74 1.55 1.37 1.24 1.22 1.35 1.53 1.68 1.78 1.80 1.69 1.49 1.20 0.86 0.52 0.33 0.30 0.55 0.86 1.20 1.54 1.84 1.99 1.98
 27   1.88 1.67 1.44 1.23 1.13 1.19 1.37 1.54 1.69 1.76 1.71 1.53 1.28 0.97 0.65 0.41 0.30 0.35 0.63 0.98 1.38 1.70 1.96 2.03
 28   1.96 1.78 1.57 1.33 1.15 1.11 1.21 1.39 1.56 1.68 1.73 1.61 1.41 1.15 0.81 0.48 0.32 0.32 0.49 0.82 1.24 1.56 1.80 1.97
 29   2.00 1.88 1.70 1.44 1.21 1.13 1.18 1.32 1.51 1.68 1.76 1.70 1.58 1.33 1.02 0.70 0.43 0.31 0.39 0.68 1.05 1.36 1.62 1.85
 30   2.02 1.98 1.80 1.58 1.35 1.18 1.11 1.23 1.42 1.60 1.72 1.73 1.67 1.50 1.20 0.88 0.55 0.39 0.35 0.53 0.84 1.16 1.45 1.70
 ----------------------------------------------------------------------------------------------------------------------------
                                                                                               
 ----------------------------------------------------------------------------------------------------------------------------
 ----------------------------------------------------------------------------------------------------------------------------
                                                          SURVEY OF INDIA
                                                    MARINE GEODESY WING (G&RB)
                                                     HOURLY HEIGHTS IN METRES
  NAME OF PORT:- KARWAR                                                                             MONTH DECEMBER  YEAR 2012
 ----------------------------------------------------------------------------------------------------------------------------
 DAYS 0000 0001 0002 0003 0004 0005 0006 0007 0008 0009 0010 0011 0012 0013 0014 0015 0016 0017 0018 0019 0020 0021 0022 0023
 ----------------------------------------------------------------------------------------------------------------------------
  1   1.93 1.98 1.91 1.74 1.50 1.28 1.15 1.13 1.25 1.45 1.64 1.70 1.70 1.58 1.36 1.06 0.68 0.41 0.34 0.46 0.73 1.06 1.42 1.76
  2   2.02 2.12 2.06 1.86 1.57 1.28 1.12 1.06 1.14 1.29 1.46 1.63 1.71 1.66 1.52 1.25 0.88 0.59 0.48 0.46 0.60 0.88 1.22 1.62
  3   1.92 2.04 2.08 1.94 1.71 1.44 1.20 1.06 1.08 1.18 1.35 1.51 1.64 1.70 1.61 1.41 1.14 0.86 0.65 0.55 0.58 0.77 1.09 1.42
  4   1.73 1.92 2.03 1.98 1.80 1.55 1.29 1.08 1.01 1.02 1.12 1.30 1.47 1.54 1.52 1.45 1.26 1.03 0.80 0.60 0.56 0.63 0.87 1.16
  5   1.45 1.72 1.97 2.06 1.90 1.65 1.40 1.20 1.00 0.91 1.00 1.13 1.30 1.45 1.58 1.57 1.41 1.20 1.00 0.79 0.63 0.60 0.77 1.02
  6   1.32 1.59 1.85 2.02 1.98 1.75 1.53 1.31 1.12 0.95 0.88 0.95 1.08 1.20 1.33 1.45 1.52 1.48 1.35 1.18 1.05 0.96 0.95 1.04
  7   1.26 1.54 1.76 1.90 1.96 1.95 1.83 1.60 1.31 1.05 0.90 0.85 0.89 1.00 1.15 1.31 1.47 1.54 1.50 1.42 1.32 1.21 1.10 1.02
  8   1.16 1.39 1.61 1.79 1.92 2.01 1.93 1.71 1.44 1.13 0.89 0.76 0.75 0.83 1.03 1.20 1.36 1.49 1.60 1.64 1.57 1.42 1.25 1.12
  9   1.10 1.32 1.52 1.70 1.83 1.94 1.98 1.82 1.56 1.25 0.95 0.70 0.52 0.44 0.50 0.69 0.92 1.20 1.47 1.66 1.76 1.73 1.62 1.46
 10   1.28 1.22 1.24 1.35 1.54 1.70 1.82 1.89 1.84 1.63 1.31 0.95 0.60 0.35 0.27 0.36 0.62 0.93 1.29 1.61 1.84 1.94 1.91 1.74
 11   1.48 1.32 1.22 1.22 1.33 1.52 1.70 1.84 1.90 1.76 1.51 1.20 0.85 0.46 0.20 0.10 0.23 0.55 0.96 1.39 1.76 2.02 2.09 2.00
 12   1.78 1.53 1.30 1.14 1.15 1.29 1.49 1.72 1.85 1.88 1.73 1.40 1.03 0.63 0.22-0.06-0.05 0.16 0.59 1.06 1.51 1.92 2.20 2.24
 13   2.10 1.82 1.50 1.18 1.05 1.11 1.28 1.52 1.75 1.95 1.97 1.78 1.47 1.00 0.48 0.10-0.10-0.08 0.22 0.70 1.22 1.70 2.06 2.31
 14   2.36 2.14 1.81 1.41 1.09 0.98 1.10 1.30 1.54 1.78 1.95 1.96 1.80 1.44 0.94 0.45 0.04-0.13-0.05 0.34 0.84 1.32 1.79 2.16
 15   2.36 2.29 2.08 1.70 1.26 0.96 0.90 1.01 1.23 1.52 1.76 1.90 1.93 1.78 1.40 0.92 0.42 0.10 0.00 0.14 0.53 1.02 1.50 1.94
 16   2.26 2.38 2.27 1.98 1.56 1.16 0.88 0.74 0.87 1.10 1.33 1.55 1.75 1.78 1.61 1.30 0.94 0.53 0.26 0.18 0.34 0.72 1.20 1.59
 17   1.98 2.26 2.32 2.14 1.78 1.42 1.08 0.85 0.79 0.96 1.17 1.41 1.62 1.74 1.71 1.57 1.31 0.90 0.56 0.38 0.36 0.57 0.96 1.38
 18   1.77 2.04 2.24 2.22 2.00 1.66 1.32 0.98 0.76 0.73 0.84 1.10 1.34 1.52 1.63 1.61 1.47 1.26 0.98 0.73 0.61 0.66 0.90 1.24
 19   1.56 1.85 2.04 2.15 2.09 1.84 1.52 1.21 0.93 0.74 0.65 0.78 1.01 1.23 1.40 1.52 1.52 1.45 1.31 1.11 0.92 0.83 0.92 1.12
 20   1.46 1.63 1.84 1.98 2.04 1.95 1.67 1.39 1.10 0.87 0.68 0.64 0.81 0.99 1.17 1.31 1.43 1.50 1.45 1.37 1.26 1.15 1.10 1.14
 21   1.30 1.48 1.65 1.78 1.86 1.87 1.75 1.54 1.28 1.06 0.84 0.64 0.62 0.76 0.92 1.06 1.23 1.37 1.48 1.51 1.46 1.38 1.28 1.22
 22   1.26 1.35 1.50 1.62 1.73 1.79 1.80 1.68 1.49 1.28 1.03 0.80 0.66 0.68 0.78 0.95 1.14 1.35 1.50 1.62 1.68 1.67 1.57 1.46
 23   1.38 1.38 1.46 1.55 1.65 1.73 1.78 1.77 1.63 1.44 1.22 0.98 0.75 0.63 0.60 0.72 0.93 1.15 1.38 1.58 1.73 1.78 1.74 1.63
 24   1.50 1.39 1.38 1.42 1.50 1.60 1.68 1.72 1.66 1.54 1.37 1.08 0.80 0.58 0.44 0.50 0.67 0.92 1.20 1.46 1.69 1.81 1.82 1.78
 25   1.62 1.48 1.36 1.30 1.35 1.46 1.56 1.64 1.68 1.62 1.49 1.28 1.02 0.72 0.50 0.44 0.52 0.74 1.05 1.35 1.64 1.85 1.96 1.95
 26   1.84 1.64 1.46 1.34 1.30 1.36 1.47 1.58 1.68 1.67 1.57 1.39 1.17 0.88 0.58 0.40 0.41 0.61 0.86 1.18 1.52 1.79 1.95 2.02
 27   1.94 1.76 1.56 1.34 1.22 1.24 1.36 1.50 1.61 1.68 1.64 1.51 1.31 1.01 0.67 0.42 0.32 0.39 0.62 0.94 1.30 1.63 1.89 2.01
 28   2.00 1.82 1.59 1.37 1.19 1.12 1.18 1.32 1.51 1.67 1.71 1.60 1.44 1.17 0.83 0.52 0.33 0.34 0.48 0.78 1.12 1.49 1.78 1.96
 29   2.01 1.90 1.70 1.43 1.23 1.10 1.10 1.22 1.36 1.53 1.66 1.63 1.56 1.34 1.03 0.64 0.37 0.28 0.34 0.58 0.96 1.32 1.67 1.93
 30   2.05 2.02 1.82 1.57 1.28 1.10 1.02 1.08 1.26 1.46 1.60 1.68 1.64 1.51 1.25 0.90 0.52 0.32 0.28 0.45 0.74 1.12 1.54 1.86
 31   2.08 2.10 1.97 1.70 1.40 1.16 0.97 0.97 1.11 1.27 1.45 1.59 1.67 1.57 1.39 1.06 0.70 0.45 0.33 0.36 0.56 0.94 1.36 1.68
 ----------------------------------------------------------------------------------------------------------------------------
                                                                                               
 ----------------------------------------------------------------------------------------------------------------------------
 ----------------------------------------------------------------------------------------------------------------------------
