                                                          SURVEY OF INDIA
                                                    MARINE GEODESY WING (G&RB)
                                                     HOURLY HEIGHTS IN METRES
  NAME OF PORT:- KARWAR                                                                             MONTH JANUARY   YEAR 2008
 ----------------------------------------------------------------------------------------------------------------------------
 DAYS 0000 0001 0002 0003 0004 0005 0006 0007 0008 0009 0010 0011 0012 0013 0014 0015 0016 0017 0018 0019 0020 0021 0022 0023
 ----------------------------------------------------------------------------------------------------------------------------
  1   1.24 1.44 1.62 1.71 1.77 1.77 1.61 1.40 1.14 0.91 0.76 0.66 0.64 0.73 0.89 1.08 1.23 1.33 1.40 1.43 1.36 1.30 1.24 1.24
  2   1.32 1.43 1.54 1.63 1.70 1.72 1.66 1.51 1.30 1.08 0.88 0.71 0.63 0.61 0.70 0.87 1.03 1.20 1.35 1.47 1.51 1.50 1.43 1.38
  3   1.35 1.37 1.41 1.48 1.56 1.61 1.58 1.49 1.36 1.16 0.93 0.73 0.55 0.48 0.50 0.60 0.74 1.01 1.20 1.40 1.53 1.56 1.55 1.48
  4   1.40 1.38 1.37 1.37 1.40 1.48 1.53 1.50 1.42 1.26 1.02 0.80 0.58 0.45 0.32 0.37 0.55 0.78 1.06 1.31 1.52 1.69 1.75 1.70
  5   1.59 1.49 1.42 1.37 1.37 1.41 1.47 1.52 1.52 1.43 1.27 1.03 0.79 0.56 0.38 0.33 0.45 0.69 0.96 1.29 1.57 1.79 1.92 1.93
  6   1.81 1.67 1.52 1.40 1.33 1.33 1.40 1.49 1.51 1.46 1.35 1.17 0.92 0.67 0.41 0.23 0.25 0.43 0.70 1.03 1.35 1.64 1.84 1.93
  7   1.88 1.75 1.51 1.32 1.23 1.21 1.26 1.37 1.48 1.54 1.49 1.38 1.11 0.86 0.53 0.30 0.20 0.29 0.53 0.86 1.25 1.60 1.84 2.03
  8   2.03 1.88 1.65 1.43 1.27 1.18 1.24 1.36 1.52 1.67 1.66 1.56 1.38 1.14 0.77 0.44 0.26 0.24 0.42 0.70 1.10 1.50 1.81 2.03
  9   2.13 2.05 1.87 1.62 1.36 1.22 1.20 1.31 1.50 1.67 1.74 1.74 1.60 1.42 1.09 0.66 0.39 0.27 0.31 0.55 0.88 1.33 1.71 1.96
 10   2.16 2.20 2.01 1.76 1.46 1.24 1.13 1.18 1.35 1.53 1.71 1.79 1.79 1.63 1.33 0.96 0.61 0.39 0.32 0.42 0.72 1.14 1.59 1.94
 11   2.16 2.27 2.18 1.93 1.59 1.29 1.12 1.10 1.19 1.38 1.61 1.79 1.86 1.80 1.62 1.33 0.92 0.57 0.44 0.49 0.67 0.96 1.37 1.75
 12   2.15 2.30 2.28 2.06 1.75 1.41 1.13 0.98 0.99 1.14 1.37 1.59 1.74 1.79 1.70 1.51 1.18 0.84 0.60 0.53 0.60 0.85 1.17 1.61
 13   2.00 2.24 2.27 2.18 1.90 1.55 1.18 0.97 0.85 0.92 1.10 1.36 1.59 1.75 1.76 1.67 1.47 1.16 0.89 0.73 0.71 0.86 1.13 1.51
 14   1.93 2.15 2.28 2.24 2.07 1.73 1.33 0.99 0.80 0.75 0.82 1.01 1.30 1.50 1.63 1.67 1.61 1.44 1.21 0.99 0.90 0.93 1.06 1.32
 15   1.76 1.99 2.12 2.16 2.09 1.86 1.45 1.07 0.80 0.63 0.61 0.71 0.92 1.17 1.40 1.55 1.61 1.61 1.50 1.31 1.17 1.09 1.11 1.27
 16   1.58 1.85 2.01 2.11 2.14 1.99 1.67 1.36 1.01 0.71 0.53 0.55 0.69 0.91 1.14 1.35 1.54 1.66 1.70 1.62 1.49 1.39 1.31 1.36
 17   1.54 1.73 1.87 1.98 2.04 1.99 1.81 1.53 1.21 0.94 0.68 0.47 0.45 0.60 0.81 1.07 1.30 1.52 1.71 1.79 1.75 1.63 1.51 1.49
 18   1.50 1.57 1.65 1.79 1.89 1.90 1.82 1.65 1.40 1.13 0.79 0.48 0.35 0.36 0.42 0.62 0.91 1.23 1.50 1.71 1.85 1.89 1.79 1.67
 19   1.54 1.48 1.53 1.59 1.68 1.76 1.81 1.78 1.64 1.40 1.10 0.76 0.50 0.31 0.25 0.31 0.58 0.91 1.31 1.63 1.88 2.04 2.04 1.95
 20   1.76 1.57 1.45 1.45 1.53 1.63 1.73 1.81 1.82 1.71 1.51 1.15 0.79 0.48 0.27 0.19 0.31 0.58 0.99 1.39 1.76 2.05 2.19 2.18
 21   2.01 1.76 1.53 1.36 1.32 1.39 1.54 1.70 1.85 1.87 1.76 1.55 1.24 0.76 0.41 0.19 0.16 0.32 0.64 1.06 1.53 1.90 2.19 2.32
 22   2.18 1.90 1.61 1.31 1.19 1.21 1.30 1.50 1.74 1.87 1.89 1.77 1.57 1.27 0.78 0.38 0.15 0.12 0.35 0.71 1.20 1.63 1.98 2.27
 23   2.30 2.16 1.87 1.47 1.17 1.03 1.04 1.23 1.48 1.70 1.85 1.89 1.84 1.55 1.15 0.68 0.32 0.17 0.20 0.46 0.92 1.40 1.84 2.16
 24   2.33 2.33 2.04 1.69 1.31 0.97 0.86 0.97 1.21 1.48 1.72 1.87 1.91 1.77 1.51 1.10 0.66 0.39 0.28 0.39 0.72 1.19 1.64 1.97
 25   2.24 2.32 2.20 1.86 1.46 1.09 0.81 0.79 0.98 1.19 1.50 1.73 1.84 1.82 1.71 1.44 1.02 0.63 0.43 0.41 0.57 0.96 1.37 1.78
 26   2.12 2.28 2.24 2.02 1.64 1.20 0.89 0.69 0.71 0.94 1.22 1.49 1.69 1.77 1.76 1.61 1.35 1.00 0.72 0.60 0.61 0.85 1.17 1.57
 27   1.90 2.08 2.12 2.03 1.73 1.33 0.94 0.73 0.63 0.66 0.86 1.13 1.39 1.56 1.63 1.61 1.47 1.24 0.97 0.77 0.71 0.82 1.09 1.41
 28   1.75 1.92 2.03 2.01 1.83 1.44 1.05 0.72 0.56 0.56 0.67 0.92 1.20 1.39 1.51 1.57 1.51 1.37 1.18 1.01 0.93 0.95 1.11 1.33
 29   1.64 1.82 1.90 1.89 1.77 1.51 1.18 0.92 0.71 0.58 0.59 0.74 0.93 1.16 1.31 1.41 1.43 1.42 1.34 1.22 1.13 1.13 1.18 1.30
 30   1.45 1.67 1.80 1.80 1.71 1.53 1.29 1.03 0.81 0.64 0.57 0.61 0.75 0.96 1.11 1.24 1.34 1.42 1.43 1.34 1.28 1.22 1.22 1.24
 31   1.41 1.52 1.63 1.69 1.65 1.53 1.35 1.13 0.91 0.74 0.62 0.55 0.59 0.73 0.90 1.05 1.18 1.27 1.35 1.37 1.35 1.33 1.31 1.30
 ----------------------------------------------------------------------------------------------------------------------------
                                                                                               
 ----------------------------------------------------------------------------------------------------------------------------
 ----------------------------------------------------------------------------------------------------------------------------
                                                          SURVEY OF INDIA
                                                    MARINE GEODESY WING (G&RB)
                                                     HOURLY HEIGHTS IN METRES
  NAME OF PORT:- KARWAR                                                                             MONTH FEBRUARY  YEAR 2008
 ----------------------------------------------------------------------------------------------------------------------------
 DAYS 0000 0001 0002 0003 0004 0005 0006 0007 0008 0009 0010 0011 0012 0013 0014 0015 0016 0017 0018 0019 0020 0021 0022 0023
 ----------------------------------------------------------------------------------------------------------------------------
  1   1.30 1.37 1.45 1.50 1.51 1.44 1.33 1.17 1.01 0.82 0.62 0.47 0.45 0.50 0.60 0.73 0.89 1.06 1.23 1.37 1.43 1.44 1.43 1.41
  2   1.25 1.24 1.28 1.36 1.43 1.45 1.42 1.31 1.14 0.98 0.78 0.57 0.42 0.36 0.42 0.55 0.73 0.94 1.14 1.34 1.48 1.53 1.50 1.42
  3   1.26 1.19 1.16 1.18 1.26 1.35 1.40 1.39 1.29 1.12 0.94 0.74 0.52 0.34 0.27 0.33 0.50 0.73 0.99 1.22 1.45 1.59 1.63 1.56
  4   1.38 1.23 1.13 1.08 1.08 1.16 1.27 1.35 1.36 1.27 1.10 0.90 0.69 0.46 0.28 0.18 0.24 0.45 0.73 1.04 1.30 1.56 1.71 1.72
  5   1.62 1.40 1.20 1.07 1.00 0.98 1.06 1.19 1.30 1.34 1.25 1.08 0.86 0.57 0.28 0.08 0.03 0.20 0.47 0.77 1.13 1.44 1.67 1.74
  6   1.66 1.47 1.23 1.00 0.82 0.76 0.83 1.00 1.19 1.32 1.36 1.25 1.07 0.77 0.40 0.08-0.08-0.03 0.19 0.48 0.92 1.32 1.63 1.82
  7   1.79 1.57 1.33 1.03 0.73 0.64 0.70 0.89 1.09 1.31 1.42 1.43 1.31 1.07 0.73 0.31 0.07 0.00 0.13 0.41 0.78 1.24 1.60 1.81
  8   1.88 1.75 1.50 1.16 0.80 0.58 0.51 0.65 0.88 1.15 1.38 1.49 1.46 1.33 1.02 0.64 0.24 0.01-0.02 0.17 0.54 0.96 1.37 1.66
  9   1.88 1.83 1.61 1.24 0.79 0.49 0.35 0.39 0.57 0.86 1.21 1.46 1.52 1.46 1.25 0.95 0.57 0.18 0.07 0.14 0.45 0.83 1.29 1.61
 10   1.90 1.98 1.82 1.46 1.02 0.63 0.36 0.27 0.38 0.63 0.99 1.30 1.53 1.57 1.49 1.28 0.93 0.51 0.30 0.29 0.40 0.73 1.14 1.61
 11   1.85 1.97 1.94 1.72 1.31 0.83 0.43 0.23 0.19 0.39 0.71 1.07 1.34 1.53 1.60 1.53 1.29 0.92 0.65 0.56 0.60 0.80 1.10 1.44
 12   1.77 1.97 1.99 1.82 1.48 1.05 0.59 0.30 0.17 0.19 0.39 0.71 1.12 1.35 1.50 1.54 1.44 1.24 0.99 0.77 0.68 0.78 1.02 1.30
 13   1.61 1.83 1.90 1.83 1.63 1.26 0.81 0.44 0.19 0.11 0.21 0.44 0.77 1.06 1.27 1.46 1.56 1.47 1.28 1.10 0.97 0.96 1.05 1.21
 14   1.45 1.70 1.81 1.82 1.69 1.45 1.11 0.74 0.46 0.25 0.19 0.29 0.49 0.75 1.02 1.28 1.45 1.55 1.53 1.43 1.29 1.22 1.20 1.24
 15   1.41 1.57 1.69 1.76 1.73 1.61 1.39 1.11 0.81 0.52 0.33 0.26 0.36 0.52 0.73 0.97 1.20 1.45 1.57 1.57 1.52 1.45 1.35 1.28
 16   1.30 1.39 1.46 1.52 1.55 1.55 1.46 1.31 1.08 0.82 0.55 0.35 0.24 0.25 0.38 0.59 0.85 1.13 1.34 1.50 1.60 1.60 1.51 1.37
 17   1.25 1.22 1.23 1.28 1.35 1.41 1.45 1.41 1.29 1.12 0.87 0.57 0.34 0.17 0.16 0.27 0.51 0.81 1.13 1.42 1.63 1.78 1.76 1.64
 18   1.41 1.21 1.10 1.10 1.16 1.24 1.35 1.47 1.51 1.41 1.25 1.02 0.73 0.39 0.19 0.13 0.29 0.55 0.90 1.23 1.59 1.87 1.98 1.90
 19   1.60 1.39 1.15 0.99 0.97 1.04 1.19 1.39 1.57 1.62 1.53 1.37 1.11 0.75 0.38 0.16 0.13 0.33 0.65 1.01 1.41 1.76 2.00 2.05
 20   1.84 1.60 1.25 0.96 0.83 0.84 0.99 1.23 1.46 1.59 1.66 1.60 1.43 1.10 0.67 0.32 0.18 0.20 0.43 0.77 1.20 1.57 1.90 2.04
 21   1.99 1.74 1.39 1.02 0.72 0.62 0.72 0.97 1.25 1.49 1.65 1.68 1.61 1.39 1.03 0.57 0.30 0.20 0.32 0.60 0.97 1.44 1.82 2.04
 22   2.10 1.96 1.64 1.23 0.81 0.57 0.53 0.73 1.01 1.33 1.57 1.73 1.79 1.67 1.38 0.95 0.54 0.37 0.37 0.51 0.83 1.27 1.69 1.93
 23   2.07 2.03 1.75 1.38 0.94 0.57 0.41 0.51 0.74 1.06 1.40 1.66 1.78 1.75 1.57 1.24 0.88 0.62 0.49 0.49 0.70 1.10 1.50 1.80
 24   1.98 1.99 1.83 1.46 1.06 0.66 0.42 0.35 0.50 0.79 1.13 1.44 1.65 1.72 1.68 1.50 1.21 0.90 0.70 0.66 0.83 1.10 1.45 1.74
 25   1.96 1.98 1.89 1.68 1.31 0.89 0.56 0.43 0.46 0.69 1.00 1.32 1.56 1.71 1.77 1.66 1.45 1.18 0.98 0.89 0.89 1.10 1.39 1.74
 26   1.90 1.94 1.90 1.75 1.42 1.04 0.67 0.53 0.47 0.55 0.77 1.11 1.40 1.59 1.67 1.66 1.55 1.39 1.18 1.05 1.00 1.08 1.30 1.55
 27   1.78 1.84 1.82 1.76 1.53 1.16 0.81 0.61 0.53 0.51 0.64 0.88 1.17 1.39 1.52 1.58 1.56 1.48 1.36 1.21 1.13 1.16 1.26 1.40
 28   1.60 1.71 1.74 1.69 1.53 1.28 0.98 0.75 0.63 0.56 0.57 0.69 0.96 1.18 1.35 1.47 1.56 1.57 1.49 1.37 1.32 1.31 1.35 1.40
 29   1.52 1.63 1.68 1.65 1.54 1.39 1.19 0.98 0.79 0.64 0.60 0.67 0.80 0.98 1.16 1.33 1.46 1.53 1.54 1.49 1.46 1.43 1.42 1.43
 ----------------------------------------------------------------------------------------------------------------------------
                                                                                               
 ----------------------------------------------------------------------------------------------------------------------------
 ----------------------------------------------------------------------------------------------------------------------------
                                                          SURVEY OF INDIA
                                                    MARINE GEODESY WING (G&RB)
                                                     HOURLY HEIGHTS IN METRES
  NAME OF PORT:- KARWAR                                                                             MONTH MARCH     YEAR 2008
 ----------------------------------------------------------------------------------------------------------------------------
 DAYS 0000 0001 0002 0003 0004 0005 0006 0007 0008 0009 0010 0011 0012 0013 0014 0015 0016 0017 0018 0019 0020 0021 0022 0023
 ----------------------------------------------------------------------------------------------------------------------------
  1   1.44 1.52 1.56 1.58 1.52 1.44 1.28 1.10 0.92 0.79 0.68 0.64 0.68 0.80 0.95 1.10 1.25 1.40 1.52 1.59 1.60 1.58 1.54 1.51
  2   1.46 1.48 1.51 1.54 1.51 1.48 1.44 1.38 1.24 1.09 0.92 0.80 0.72 0.71 0.80 0.94 1.10 1.30 1.48 1.64 1.70 1.75 1.74 1.62
  3   1.50 1.46 1.41 1.40 1.41 1.43 1.44 1.46 1.43 1.30 1.10 0.92 0.78 0.66 0.62 0.68 0.86 1.08 1.34 1.56 1.70 1.82 1.84 1.76
  4   1.59 1.45 1.36 1.31 1.32 1.36 1.44 1.52 1.56 1.49 1.35 1.22 0.96 0.74 0.60 0.57 0.68 0.87 1.16 1.46 1.70 1.89 1.97 1.90
  5   1.70 1.50 1.30 1.15 1.12 1.22 1.34 1.48 1.60 1.62 1.58 1.42 1.14 0.82 0.60 0.49 0.48 0.66 1.00 1.32 1.62 1.90 2.04 2.02
  6   1.79 1.56 1.30 1.04 0.94 1.00 1.14 1.36 1.58 1.72 1.76 1.64 1.43 1.16 0.80 0.52 0.48 0.55 0.84 1.18 1.54 1.90 2.12 2.17
  7   2.02 1.70 1.38 1.08 0.86 0.80 0.90 1.20 1.48 1.72 1.87 1.90 1.78 1.48 1.14 0.80 0.56 0.54 0.75 1.06 1.44 1.84 2.13 2.24
  8   2.16 1.88 1.51 1.04 0.74 0.60 0.64 0.88 1.22 1.58 1.84 1.94 1.93 1.76 1.42 1.00 0.68 0.54 0.61 0.82 1.22 1.64 1.98 2.18
  9   2.18 2.00 1.64 1.20 0.73 0.38 0.31 0.53 0.86 1.22 1.60 1.89 2.04 1.98 1.74 1.35 0.92 0.70 0.66 0.78 1.06 1.50 1.90 2.12
 10   2.24 2.13 1.82 1.38 0.87 0.40 0.20 0.26 0.54 0.90 1.32 1.66 1.96 2.08 1.98 1.66 1.30 0.98 0.84 0.79 1.00 1.35 1.74 2.02
 11   2.16 2.23 2.00 1.60 1.08 0.54 0.28 0.16 0.32 0.58 0.96 1.46 1.80 2.00 2.05 1.96 1.68 1.34 1.08 0.96 0.98 1.28 1.60 1.90
 12   2.12 2.18 2.10 1.84 1.34 0.74 0.39 0.20 0.14 0.30 0.66 1.04 1.46 1.76 2.00 2.04 1.88 1.66 1.38 1.21 1.15 1.24 1.48 1.70
 13   1.94 2.06 2.06 1.92 1.60 1.22 0.78 0.50 0.34 0.30 0.52 0.84 1.20 1.48 1.76 1.92 1.94 1.82 1.64 1.46 1.32 1.30 1.40 1.53
 14   1.78 1.92 1.94 1.90 1.78 1.48 1.13 0.80 0.58 0.42 0.42 0.60 0.86 1.13 1.40 1.66 1.80 1.82 1.80 1.70 1.56 1.42 1.36 1.40
 15   1.58 1.68 1.74 1.78 1.75 1.63 1.41 1.17 0.93 0.72 0.57 0.55 0.65 0.84 1.11 1.33 1.55 1.72 1.83 1.86 1.79 1.67 1.50 1.41
 16   1.45 1.48 1.52 1.60 1.65 1.65 1.60 1.50 1.33 1.09 0.89 0.74 0.65 0.71 0.86 1.07 1.30 1.53 1.77 1.91 1.95 1.88 1.76 1.59
 17   1.42 1.37 1.38 1.40 1.49 1.56 1.61 1.64 1.61 1.47 1.26 1.03 0.87 0.75 0.71 0.80 1.04 1.33 1.64 1.86 2.01 2.09 2.04 1.82
 18   1.51 1.37 1.25 1.22 1.29 1.41 1.54 1.69 1.77 1.74 1.59 1.38 1.13 0.87 0.66 0.65 0.80 1.03 1.34 1.65 1.91 2.09 2.11 1.97
 19   1.68 1.36 1.14 1.01 1.01 1.12 1.32 1.57 1.73 1.79 1.83 1.70 1.44 1.10 0.81 0.65 0.70 0.87 1.15 1.48 1.83 2.06 2.15 2.11
 20   1.90 1.57 1.18 0.91 0.81 0.90 1.11 1.39 1.63 1.81 1.95 1.95 1.76 1.44 1.07 0.79 0.71 0.76 1.00 1.32 1.66 1.96 2.11 2.12
 21   1.98 1.66 1.26 0.90 0.68 0.62 0.82 1.06 1.38 1.66 1.86 1.94 1.86 1.64 1.34 0.94 0.75 0.74 0.86 1.11 1.42 1.76 2.01 2.12
 22   2.03 1.77 1.44 0.98 0.72 0.55 0.60 0.87 1.18 1.56 1.84 1.98 2.00 1.87 1.62 1.30 0.94 0.80 0.84 1.04 1.36 1.72 1.96 2.10
 23   2.10 1.98 1.64 1.20 0.80 0.56 0.54 0.74 1.00 1.38 1.74 1.96 2.10 2.04 1.88 1.58 1.28 1.08 0.96 1.06 1.36 1.66 1.98 2.12
 24   1.94 1.90 1.70 1.38 0.90 0.60 0.53 0.60 0.84 1.18 1.54 1.82 2.02 2.05 1.96 1.74 1.44 1.20 1.04 1.04 1.20 1.46 1.72 1.94
 25   2.00 1.96 1.76 1.42 0.98 0.62 0.53 0.47 0.65 0.94 1.30 1.62 1.84 2.00 1.98 1.82 1.60 1.34 1.14 1.08 1.18 1.38 1.62 1.84
 26   2.14 2.03 1.78 1.56 1.20 0.85 0.60 0.44 0.56 0.76 1.08 1.42 1.67 1.86 1.92 1.86 1.68 1.48 1.31 1.22 1.20 1.31 1.50 1.70
 27   1.85 1.84 1.78 1.60 1.28 0.90 0.65 0.53 0.48 0.62 0.86 1.16 1.44 1.65 1.75 1.79 1.74 1.62 1.42 1.26 1.25 1.32 1.42 1.56
 28   1.70 1.78 1.75 1.61 1.38 1.10 0.83 0.63 0.53 0.54 0.72 0.98 1.23 1.44 1.60 1.72 1.74 1.68 1.54 1.44 1.36 1.36 1.39 1.49
 29   1.60 1.70 1.70 1.59 1.46 1.28 1.08 0.80 0.65 0.62 0.70 0.82 1.00 1.22 1.39 1.54 1.63 1.65 1.58 1.48 1.42 1.39 1.36 1.36
 30   1.41 1.50 1.50 1.48 1.42 1.28 1.13 0.96 0.80 0.70 0.61 0.68 0.79 0.96 1.13 1.28 1.42 1.53 1.57 1.55 1.51 1.44 1.36 1.32
 31   1.30 1.36 1.40 1.40 1.38 1.34 1.28 1.16 1.03 0.89 0.77 0.70 0.70 0.80 0.92 1.10 1.28 1.48 1.60 1.65 1.69 1.65 1.54 1.40
 ----------------------------------------------------------------------------------------------------------------------------
                                                                                               
 ----------------------------------------------------------------------------------------------------------------------------
 ----------------------------------------------------------------------------------------------------------------------------
                                                          SURVEY OF INDIA
                                                    MARINE GEODESY WING (G&RB)
                                                     HOURLY HEIGHTS IN METRES
  NAME OF PORT:- KARWAR                                                                             MONTH APRIL     YEAR 2008
 ----------------------------------------------------------------------------------------------------------------------------
 DAYS 0000 0001 0002 0003 0004 0005 0006 0007 0008 0009 0010 0011 0012 0013 0014 0015 0016 0017 0018 0019 0020 0021 0022 0023
 ----------------------------------------------------------------------------------------------------------------------------
  1   1.30 1.30 1.29 1.30 1.36 1.42 1.43 1.39 1.30 1.18 1.04 0.89 0.79 0.70 0.76 0.92 1.13 1.36 1.56 1.69 1.72 1.71 1.57 1.37
  2   1.18 1.06 1.06 1.11 1.20 1.33 1.44 1.51 1.48 1.38 1.23 1.03 0.85 0.70 0.60 0.71 0.93 1.16 1.44 1.64 1.78 1.80 1.72 1.49
  3   1.06 0.97 0.84 0.83 0.92 1.09 1.30 1.46 1.59 1.58 1.46 1.27 1.02 0.80 0.61 0.55 0.66 0.93 1.20 1.51 1.73 1.86 1.87 1.74
  4   1.40 1.02 0.76 0.64 0.60 0.73 0.98 1.27 1.50 1.67 1.68 1.54 1.31 1.00 0.75 0.58 0.60 0.80 1.08 1.41 1.74 1.95 2.00 1.89
  5   1.65 1.21 0.80 0.50 0.42 0.50 0.76 1.10 1.42 1.72 1.95 1.93 1.74 1.39 1.10 0.85 0.73 0.76 0.98 1.38 1.73 1.97 2.09 2.07
  6   1.86 1.42 0.92 0.50 0.24 0.23 0.44 0.77 1.19 1.57 1.89 2.04 1.98 1.77 1.39 1.04 0.81 0.73 0.89 1.17 1.52 1.82 2.04 2.13
  7
  8
  9
 10
 11
 12
 13   1.20 1.33 1.42 1.46 1.44 1.35 1.19 0.96 0.70 0.53 0.43 0.44 0.73 0.94 1.20 1.46 1.69 1.87 1.89 1.83 1.73 1.56 1.36 1.22
 14   1.24 1.27 1.35 1.46 1.52 1.55 1.51 1.43 1.28 1.11 0.93 0.78 0.73 0.84 1.00 1.20 1.46 1.68 1.83 1.88 1.87 1.76 1.56 1.32
 15   1.17 1.06 1.06 1.15 1.26 1.39 1.49 1.56 1.53 1.42 1.25 1.00 0.86 0.82 0.87 1.01 1.24 1.50 1.70 1.90 1.98 1.90 1.74 1.52
 16   1.22 0.99 0.92 0.95 1.03 1.19 1.45 1.60 1.69 1.68 1.57 1.39 1.16 0.99 0.87 0.92 1.09 1.34 1.57 1.81 1.98 2.04 1.92 1.70
 17   1.35 0.99 0.81 0.76 0.81 0.99 1.24 1.46 1.64 1.77 1.78 1.65 1.40 1.15 0.97 0.87 0.98 1.17 1.39 1.68 1.91 2.00 2.00 1.79
 18   1.42 1.10 0.82 0.64 0.58 0.76 1.03 1.34 1.57 1.76 1.88 1.88 1.72 1.42 1.14 0.95 0.95 1.06 1.27 1.54 1.79 1.91 1.93 1.85
 19   1.62 1.28 0.90 0.63 0.45 0.50 0.77 1.08 1.40 1.70 1.89 1.90 1.86 1.68 1.38 1.14 1.01 0.99 1.13 1.37 1.65 1.85 1.93 1.86
 20   1.64 1.34 0.95 0.62 0.38 0.34 0.52 0.82 1.16 1.48 1.76 1.90 1.90 1.78 1.51 1.23 1.07 0.97 1.01 1.19 1.43 1.67 1.81 1.79
 21   1.63 1.43 1.06 0.66 0.38 0.26 0.34 0.62 0.98 1.38 1.67 1.88 2.01 1.95 1.71 1.46 1.19 1.04 1.03 1.15 1.39 1.61 1.79 1.83
 22   1.69 1.49 1.20 0.76 0.40 0.26 0.30 0.49 0.79 1.15 1.53 1.79 1.92 1.95 1.80 1.55 1.30 1.13 1.02 1.05 1.25 1.48 1.65 1.73
 23   1.67 1.57 1.33 0.95 0.50 0.28 0.21 0.29 0.56 0.93 1.27 1.55 1.80 1.91 1.90 1.73 1.53 1.26 1.09 1.04 1.13 1.27 1.44 1.59
 24   1.66 1.63 1.49 1.23 0.83 0.51 0.33 0.22 0.25 0.51 0.88 1.21 1.47 1.69 1.82 1.73 1.50 1.29 1.13 1.06 1.05 1.13 1.29 1.53
 25   1.62 1.54 1.36 1.16 0.90 0.60 0.36 0.22 0.29 0.52 0.84 1.14 1.39 1.65 1.78 1.79 1.64 1.47 1.31 1.17 1.14 1.16 1.23 1.44
 26   1.62 1.55 1.45 1.34 1.12 0.81 0.57 0.40 0.40 0.52 0.71 0.96 1.23 1.57 1.73 1.79 1.75 1.66 1.46 1.35 1.27 1.23 1.30 1.43
 27   1.52 1.53 1.52 1.44 1.27 1.05 0.83 0.64 0.51 0.54 0.65 0.88 1.13 1.34 1.54 1.67 1.71 1.67 1.56 1.42 1.35 1.26 1.20 1.19
 28   1.36 1.43 1.42 1.38 1.34 1.24 1.07 0.86 0.70 0.66 0.68 0.75 0.87 1.16 1.38 1.56 1.65 1.68 1.65 1.59 1.49 1.35 1.20 1.17
 29   1.24 1.27 1.30 1.34 1.36 1.35 1.26 1.10 0.93 0.81 0.77 0.76 0.82 1.00 1.20 1.40 1.58 1.70 1.74 1.72 1.65 1.48 1.31 1.16
 30   1.10 1.10 1.14 1.20 1.29 1.40 1.41 1.35 1.24 1.06 0.91 0.82 0.80 0.84 1.03 1.23 1.44 1.61 1.74 1.79 1.72 1.58 1.36 1.10
 ----------------------------------------------------------------------------------------------------------------------------
                                                                                               
 ----------------------------------------------------------------------------------------------------------------------------
 ----------------------------------------------------------------------------------------------------------------------------
                                                          SURVEY OF INDIA
                                                    MARINE GEODESY WING (G&RB)
                                                     HOURLY HEIGHTS IN METRES
  NAME OF PORT:- KARWAR                                                                             MONTH MAY       YEAR 2008
 ----------------------------------------------------------------------------------------------------------------------------
 DAYS 0000 0001 0002 0003 0004 0005 0006 0007 0008 0009 0010 0011 0012 0013 0014 0015 0016 0017 0018 0019 0020 0021 0022 0023
 ----------------------------------------------------------------------------------------------------------------------------
  1   1.02 0.92 0.94 1.02 1.14 1.28 1.42 1.48 1.46 1.36 1.20 1.01 0.88 0.84 0.86 1.06 1.26 1.48 1.64 1.78 1.84 1.73 1.50 1.24
  2   0.88 0.70 0.61 0.64 0.78 1.00 1.24 1.44 1.50 1.52 1.44 1.24 1.00 0.80 0.74 0.84 1.04 1.28 1.50 1.70 1.86 1.83 1.64 1.34
  3   0.94 0.56 0.38 0.33 0.48 0.72 1.05 1.32 1.58 1.76 1.76 1.60 1.34 1.09 0.89 0.81 0.93 1.13 1.38 1.68 1.84 1.88 1.78 1.54
  4   1.12 0.65 0.30 0.08 0.10 0.36 0.68 1.03 1.40 1.76 1.95 1.88 1.70 1.40 1.11 0.92 0.86 0.96 1.20 1.50 1.79 1.90 1.89 1.74
  5   1.32 0.86 0.34 0.02-0.15-0.01 0.29 0.69 1.17 1.60 1.92 2.06 1.98 1.76 1.42 1.12 0.93 0.92 1.04 1.31 1.63 1.83 1.91 1.84
  6   1.57 1.12 0.60 0.07-0.20-0.29-0.10 0.24 0.73 1.26 1.70 1.96 2.07 1.97 1.69 1.33 1.05 0.86 0.87 1.05 1.37 1.65 1.82 1.86
  7   1.75 1.44 0.97 0.45 0.00-0.22-0.26-0.02 0.36 0.86 1.34 1.78 2.02 2.13 1.98 1.65 1.30 1.02 0.85 0.91 1.17 1.43 1.67 1.81
  8   1.81 1.66 1.31 0.82 0.30-0.06-0.25-0.24 0.07 0.48 0.99 1.43 1.81 2.02 2.04 1.89 1.58 1.23 1.00 0.90 0.98 1.19 1.41 1.64
  9   1.73 1.72 1.54 1.19 0.74 0.29 0.02-0.16-0.12 0.25 0.64 1.08 1.43 1.78 1.96 1.97 1.80 1.51 1.20 1.00 0.91 0.94 1.17 1.36
 10   1.54 1.62 1.60 1.44 1.16 0.78 0.42 0.18 0.04 0.06 0.42 0.75 1.09 1.43 1.74 1.90 1.90 1.72 1.44 1.17 1.01 0.92 0.90 1.05
 11   1.32 1.43 1.50 1.47 1.34 1.12 0.83 0.55 0.34 0.23 0.34 0.59 0.86 1.18 1.48 1.72 1.85 1.85 1.70 1.50 1.24 1.02 0.93 0.94
 12   1.06 1.20 1.31 1.37 1.40 1.34 1.20 0.98 0.76 0.56 0.50 0.59 0.75 1.00 1.27 1.53 1.74 1.82 1.76 1.64 1.43 1.18 0.95 0.80
 13   0.82 0.90 1.02 1.14 1.24 1.32 1.32 1.23 1.08 0.90 0.74 0.66 0.68 0.86 1.06 1.30 1.54 1.68 1.78 1.76 1.64 1.40 1.13 0.86
 14   0.70 0.70 0.78 0.90 1.04 1.20 1.32 1.38 1.36 1.22 1.06 0.92 0.80 0.80 0.90 1.10 1.34 1.51 1.64 1.72 1.68 1.52 1.28 0.98
 15   0.70 0.55 0.54 0.63 0.78 1.00 1.22 1.38 1.44 1.44 1.38 1.22 1.04 0.90 0.92 1.00 1.18 1.36 1.53 1.64 1.72 1.65 1.43 1.16
 16   0.84 0.56 0.45 0.44 0.59 0.82 1.06 1.30 1.50 1.62 1.60 1.48 1.30 1.14 1.04 1.00 1.08 1.22 1.39 1.58 1.68 1.66 1.50 1.28
 17   0.93 0.62 0.38 0.26 0.36 0.56 0.82 1.10 1.35 1.56 1.65 1.62 1.48 1.28 1.06 0.94 0.91 1.02 1.16 1.34 1.49 1.58 1.55 1.32
 18   1.02 0.69 0.38 0.22 0.14 0.32 0.56 0.92 1.26 1.50 1.68 1.75 1.67 1.52 1.29 1.07 1.00 1.05 1.14 1.26 1.48 1.61 1.58 1.44
 19   1.21 0.88 0.52 0.26 0.14 0.20 0.44 0.73 1.12 1.40 1.69 1.82 1.84 1.70 1.48 1.26 1.10 1.04 1.04 1.16 1.36 1.56 1.64 1.54
 20   1.36 1.10 0.74 0.40 0.20 0.15 0.31 0.57 0.92 1.30 1.62 1.82 1.89 1.82 1.66 1.44 1.18 1.05 1.04 1.12 1.32 1.50 1.59 1.58
 21   1.48 1.26 0.92 0.52 0.28 0.18 0.21 0.40 0.73 1.15 1.49 1.76 1.90 1.90 1.78 1.59 1.34 1.16 1.06 1.09 1.24 1.44 1.57 1.62
 22   1.58 1.40 1.13 0.76 0.40 0.25 0.22 0.31 0.58 0.96 1.36 1.68 1.92 1.97 1.92 1.76 1.54 1.28 1.16 1.14 1.24 1.42 1.56 1.67
 23   1.63 1.52 1.26 1.00 0.61 0.38 0.30 0.32 0.50 0.82 1.18 1.50 1.74 1.90 1.94 1.84 1.62 1.38 1.18 1.12 1.14 1.26 1.38 1.56
 24   1.54 1.52 1.39 1.16 0.84 0.54 0.34 0.29 0.40 0.66 1.00 1.32 1.60 1.78 1.90 1.90 1.75 1.54 1.36 1.20 1.13 1.20 1.36 1.50
 25   1.59 1.59 1.50 1.34 1.10 0.80 0.56 0.40 0.40 0.60 0.84 1.12 1.39 1.64 1.82 1.92 1.86 1.68 1.46 1.26 1.14 1.16 1.22 1.33
 26   1.40 1.51 1.54 1.42 1.24 0.99 0.74 0.58 0.50 0.52 0.70 0.94 1.20 1.50 1.72 1.84 1.85 1.71 1.52 1.34 1.18 1.06 1.08 1.16
 27   1.20 1.32 1.37 1.36 1.33 1.20 0.94 0.72 0.60 0.60 0.67 0.82 1.04 1.32 1.56 1.72 1.84 1.84 1.68 1.46 1.30 1.14 1.04 1.03
 28   1.12 1.21 1.31 1.38 1.40 1.42 1.30 1.12 0.92 0.80 0.80 0.86 1.02 1.32 1.56 1.70 1.84 1.88 1.81 1.68 1.46 1.23 1.01 0.90
 29   0.90 0.97 1.06 1.17 1.28 1.38 1.40 1.34 1.16 1.02 0.92 0.88 0.92 1.05 1.24 1.46 1.66 1.80 1.82 1.72 1.56 1.32 1.00 0.78
 30   0.66 0.67 0.72 0.86 1.04 1.31 1.44 1.48 1.41 1.29 1.16 1.02 0.95 0.96 1.08 1.30 1.50 1.66 1.78 1.79 1.69 1.46 1.15 0.82
 31
 ----------------------------------------------------------------------------------------------------------------------------
                                                                                               
 ----------------------------------------------------------------------------------------------------------------------------
 ----------------------------------------------------------------------------------------------------------------------------
                                                          SURVEY OF INDIA
                                                    MARINE GEODESY WING (G&RB)
                                                     HOURLY HEIGHTS IN METRES
  NAME OF PORT:- KARWAR                                                                             MONTH JUNE      YEAR 2008
 ----------------------------------------------------------------------------------------------------------------------------
 DAYS 0000 0001 0002 0003 0004 0005 0006 0007 0008 0009 0010 0011 0012 0013 0014 0015 0016 0017 0018 0019 0020 0021 0022 0023
 ----------------------------------------------------------------------------------------------------------------------------
  1
  2
  3
  4
  5
  6
  7
  8
  9
 10
 11
 12
 13
 14
 15
 16
 17
 18
 19
 20
 21
 22
 23
 24
 25
 26
 27
 28
 29
 30
 ----------------------------------------------------------------------------------------------------------------------------
                                                          SURVEY OF INDIA
                                                    MARINE GEODESY WING (G&RB)
                                                     HOURLY HEIGHTS IN METRES
  NAME OF PORT:- KARWAR                                                                             MONTH JULY      YEAR 2008
 ----------------------------------------------------------------------------------------------------------------------------
 DAYS 0000 0001 0002 0003 0004 0005 0006 0007 0008 0009 0010 0011 0012 0013 0014 0015 0016 0017 0018 0019 0020 0021 0022 0023
 ----------------------------------------------------------------------------------------------------------------------------
  1
  2
  3
  4
  5
  6
  7
  8
  9
 10
 11
 12
 13
 14
 15
 16
 17
 18
 19
 20
 21
 22
 23
 24
 25
 26
 27
 28
 29
 30
 31
 ----------------------------------------------------------------------------------------------------------------------------
                                                          SURVEY OF INDIA
                                                    MARINE GEODESY WING (G&RB)
                                                     HOURLY HEIGHTS IN METRES
  NAME OF PORT:- KARWAR                                                                             MONTH AUGUST    YEAR 2008
 ----------------------------------------------------------------------------------------------------------------------------
 DAYS 0000 0001 0002 0003 0004 0005 0006 0007 0008 0009 0010 0011 0012 0013 0014 0015 0016 0017 0018 0019 0020 0021 0022 0023
 ----------------------------------------------------------------------------------------------------------------------------
  1   1.25 0.80 0.37 0.07-0.07 0.00 0.28 0.64 1.11 1.51 1.84 2.04 2.00 1.77 1.41 1.11 0.87 0.76 0.84 1.09 1.35 1.60 1.76 1.75
  2   1.59 1.28 0.84 0.39 0.09-0.02 0.16 0.49 0.95 1.41 1.84 2.10 2.17 2.01 1.67 1.33 0.95 0.71 0.73 0.89 1.18 1.45 1.67 1.83
  3   1.82 1.59 1.20 0.74 0.40 0.17 0.16 0.38 0.81 1.27 1.65 1.93 2.13 2.17 1.97 1.59 1.15 0.79 0.59 0.60 0.82 1.10 1.42 1.65
  4   1.78 1.76 1.54 1.19 0.76 0.44 0.26 0.29 0.52 0.89 1.36 1.74 2.02 2.10 1.99 1.71 1.34 0.93 0.59 0.44 0.50 0.80 1.09 1.38
  5   1.59 1.68 1.63 1.43 1.08 0.77 0.48 0.42 0.53 0.80 1.16 1.50 1.79 1.96 1.99 1.82 1.48 1.06 0.68 0.45 0.40 0.52 0.77 1.08
  6   1.40 1.56 1.60 1.56 1.35 1.05 0.79 0.65 0.60 0.74 1.02 1.36 1.62 1.77 1.84 1.78 1.55 1.14 0.76 0.49 0.36 0.37 0.54 0.77
  7   1.06 1.27 1.38 1.42 1.37 1.20 0.99 0.81 0.74 0.80 0.97 1.16 1.38 1.58 1.70 1.68 1.55 1.27 0.97 0.65 0.47 0.37 0.39 0.57
  8   0.80 1.04 1.20 1.30 1.34 1.33 1.19 1.01 0.92 0.90 0.98 1.12 1.24 1.40 1.51 1.54 1.47 1.32 1.08 0.81 0.60 0.43 0.34 0.36
  9   0.54 0.78 0.95 1.12 1.22 1.28 1.30 1.24 1.19 1.13 1.11 1.10 1.19 1.32 1.42 1.46 1.44 1.38 1.23 1.00 0.79 0.64 0.52 0.49
 10   0.51 0.61 0.81 0.99 1.11 1.25 1.35 1.37 1.36 1.33 1.30 1.28 1.25 1.25 1.32 1.38 1.44 1.45 1.33 1.17 0.99 0.83 0.68 0.56
 11   0.49 0.52 0.66 0.83 1.00 1.14 1.30 1.42 1.51 1.50 1.43 1.32 1.22 1.22 1.25 1.30 1.38 1.47 1.44 1.33 1.22 1.09 0.92 0.76
 12   0.61 0.50 0.54 0.68 0.85 1.07 1.26 1.47 1.59 1.63 1.57 1.50 1.40 1.31 1.23 1.26 1.36 1.41 1.45 1.46 1.41 1.32 1.11 0.90
 13   0.70 0.56 0.53 0.54 0.70 0.91 1.15 1.40 1.60 1.72 1.75 1.70 1.55 1.40 1.28 1.20 1.22 1.28 1.36 1.44 1.48 1.43 1.30 1.12
 14   0.87 0.63 0.46 0.37 0.46 0.68 0.95 1.21 1.46 1.64 1.78 1.78 1.63 1.47 1.29 1.15 1.10 1.10 1.22 1.38 1.47 1.50 1.42 1.27
 15   1.05 0.76 0.46 0.33 0.32 0.44 0.70 1.02 1.34 1.58 1.78 1.80 1.71 1.52 1.29 1.09 0.99 0.98 1.07 1.23 1.44 1.58 1.55 1.42
 16   1.22 0.96 0.62 0.32 0.21 0.32 0.54 0.85 1.22 1.54 1.80 1.88 1.83 1.64 1.41 1.16 0.92 0.80 0.91 1.12 1.36 1.54 1.64 1.63
 17   1.45 1.17 0.81 0.47 0.26 0.22 0.37 0.65 1.02 1.40 1.69 1.88 1.92 1.77 1.49 1.14 0.84 0.70 0.71 0.86 1.10 1.36 1.57 1.65
 18   1.58 1.35 1.09 0.71 0.39 0.24 0.31 0.54 0.89 1.29 1.63 1.88 1.98 1.89 1.63 1.31 0.93 0.65 0.55 0.62 0.88 1.16 1.48 1.68
 19   1.72 1.63 1.41 1.09 0.65 0.43 0.38 0.49 0.81 1.18 1.56 1.86 2.01 2.03 1.80 1.45 1.06 0.66 0.44 0.47 0.64 0.89 1.25 1.54
 20   1.71 1.75 1.64 1.34 0.95 0.67 0.52 0.48 0.66 1.02 1.40 1.69 1.90 2.00 1.86 1.56 1.19 0.77 0.45 0.33 0.36 0.59 0.91 1.29
 21   1.54 1.67 1.69 1.56 1.27 0.92 0.71 0.62 0.70 0.92 1.26 1.59 1.87 1.97 1.91 1.69 1.35 0.94 0.55 0.31 0.24 0.36 0.63 0.97
 22   1.28 1.50 1.64 1.64 1.46 1.18 0.95 0.83 0.79 0.89 1.14 1.43 1.70 1.84 1.87 1.76 1.51 1.16 0.73 0.43 0.25 0.24 0.41 0.69
 23   1.00 1.27 1.49 1.63 1.64 1.46 1.24 1.09 0.99 1.02 1.14 1.33 1.57 1.75 1.84 1.79 1.64 1.38 1.03 0.69 0.40 0.28 0.31 0.48
 24   0.78 1.00 1.24 1.45 1.60 1.60 1.49 1.34 1.22 1.17 1.18 1.24 1.39 1.60 1.67 1.68 1.64 1.50 1.26 0.97 0.68 0.46 0.30 0.31
 25   0.46 0.67 0.91 1.16 1.36 1.52 1.58 1.55 1.47 1.37 1.26 1.22 1.30 1.38 1.47 1.54 1.59 1.58 1.43 1.24 1.02 0.74 0.51 0.33
 26   0.28 0.41 0.61 0.80 1.05 1.32 1.53 1.65 1.66 1.56 1.45 1.32 1.25 1.21 1.22 1.29 1.41 1.47 1.47 1.42 1.30 1.09 0.82 0.56
 27   0.30 0.25 0.33 0.46 0.70 1.01 1.34 1.56 1.73 1.77 1.68 1.49 1.31 1.20 1.11 1.11 1.20 1.31 1.45 1.55 1.55 1.43 1.22 0.95
 28   0.56 0.31 0.20 0.24 0.42 0.69 1.05 1.38 1.69 1.86 1.81 1.69 1.54 1.27 0.98 0.89 0.94 1.08 1.28 1.46 1.56 1.62 1.53 1.28
 29   0.96 0.58 0.28 0.14 0.17 0.39 0.76 1.12 1.50 1.80 1.93 1.87 1.71 1.41 1.07 0.84 0.72 0.85 1.06 1.28 1.51 1.69 1.76 1.65
 30   1.34 0.94 0.58 0.28 0.13 0.23 0.50 0.90 1.34 1.69 1.96 2.03 1.93 1.63 1.22 0.86 0.63 0.56 0.69 0.97 1.28 1.55 1.72 1.76
 31   1.63 1.33 0.92 0.47 0.19 0.16 0.30 0.59 1.04 1.47 1.77 1.96 1.97 1.78 1.40 0.96 0.60 0.40 0.43 0.62 0.91 1.25 1.58 1.75
 ----------------------------------------------------------------------------------------------------------------------------
                                                                                               
 ----------------------------------------------------------------------------------------------------------------------------
 ----------------------------------------------------------------------------------------------------------------------------
                                                          SURVEY OF INDIA
                                                    MARINE GEODESY WING (G&RB)
                                                     HOURLY HEIGHTS IN METRES
  NAME OF PORT:- KARWAR                                                                             MONTH SEPT      YEAR 2008
 ----------------------------------------------------------------------------------------------------------------------------
 DAYS 0000 0001 0002 0003 0004 0005 0006 0007 0008 0009 0010 0011 0012 0013 0014 0015 0016 0017 0018 0019 0020 0021 0022 0023
 ----------------------------------------------------------------------------------------------------------------------------
  1   1.76 1.62 1.26 0.86 0.50 0.30 0.30 0.52 0.88 1.30 1.63 1.90 2.03 1.92 1.61 1.22 0.76 0.48 0.32 0.41 0.66 1.04 1.44 1.67
  2   1.80 1.79 1.60 1.26 0.84 0.56 0.47 0.56 0.80 1.16 1.52 1.82 1.96 1.94 1.74 1.36 0.96 0.54 0.26 0.28 0.47 0.78 1.17 1.51
  3   1.74 1.82 1.76 1.52 1.17 0.90 0.69 0.64 0.80 1.10 1.44 1.74 1.92 2.00 1.86 1.54 1.17 0.78 0.45 0.37 0.41 0.60 0.93 1.30
  4   1.63 1.76 1.75 1.66 1.42 1.14 0.90 0.84 0.88 1.09 1.32 1.58 1.80 1.89 1.84 1.66 1.36 1.00 0.64 0.48 0.43 0.56 0.78 1.10
  5   1.42 1.62 1.74 1.76 1.63 1.40 1.20 1.06 1.04 1.14 1.27 1.46 1.68 1.84 1.84 1.70 1.52 1.20 0.86 0.64 0.50 0.50 0.66 0.92
  6   1.28 1.46 1.63 1.73 1.68 1.55 1.40 1.25 1.19 1.24 1.32 1.42 1.58 1.71 1.76 1.68 1.53 1.28 1.02 0.82 0.68 0.60 0.62 0.80
  7   1.04 1.25 1.43 1.56 1.61 1.58 1.50 1.42 1.36 1.30 1.30 1.38 1.51 1.58 1.60 1.59 1.50 1.38 1.18 0.96 0.78 0.68 0.66 0.67
  8   0.82 1.02 1.21 1.34 1.44 1.52 1.56 1.52 1.46 1.40 1.36 1.38 1.42 1.44 1.48 1.50 1.46 1.42 1.28 1.13 0.98 0.85 0.71 0.68
  9   0.72 0.87 1.00 1.17 1.30 1.44 1.56 1.62 1.60 1.54 1.48 1.44 1.40 1.38 1.38 1.40 1.43 1.42 1.38 1.30 1.20 1.08 0.92 0.76
 10   0.74 0.76 0.82 0.93 1.07 1.23 1.45 1.58 1.62 1.61 1.56 1.49 1.38 1.28 1.25 1.28 1.32 1.35 1.38 1.38 1.34 1.23 1.08 0.90
 11   0.70 0.63 0.65 0.75 0.87 1.04 1.30 1.46 1.62 1.69 1.64 1.50 1.37 1.18 1.07 1.09 1.12 1.18 1.27 1.38 1.42 1.36 1.25 1.07
 12   0.78 0.60 0.50 0.54 0.62 0.86 1.14 1.36 1.56 1.70 1.74 1.66 1.48 1.24 1.04 0.91 0.96 1.08 1.18 1.34 1.50 1.55 1.52 1.34
 13   1.02 0.76 0.56 0.46 0.48 0.70 0.96 1.26 1.57 1.76 1.84 1.80 1.60 1.38 1.10 0.88 0.82 0.90 1.06 1.28 1.53 1.68 1.70 1.58
 14   1.38 1.06 0.77 0.60 0.51 0.66 0.92 1.24 1.58 1.82 1.94 1.96 1.84 1.53 1.16 0.86 0.74 0.70 0.88 1.14 1.44 1.70 1.81 1.80
 15   1.66 1.36 1.00 0.70 0.56 0.57 0.78 1.10 1.45 1.77 1.96 2.04 1.93 1.66 1.30 0.87 0.64 0.54 0.61 0.88 1.22 1.59 1.84 1.94
 16   1.88 1.65 1.30 0.94 0.70 0.60 0.71 1.00 1.36 1.70 1.95 2.08 2.02 1.76 1.43 0.98 0.58 0.37 0.36 0.57 0.93 1.34 1.68 1.92
 17   1.96 1.86 1.60 1.20 0.86 0.66 0.66 0.89 1.22 1.56 1.84 2.00 2.02 1.86 1.56 1.06 0.57 0.28 0.16 0.29 0.59 0.98 1.45 1.75
 18   1.91 1.96 1.80 1.54 1.16 0.86 0.74 0.79 1.03 1.40 1.68 1.91 1.99 1.90 1.66 1.30 0.80 0.42 0.14 0.14 0.32 0.64 1.08 1.50
 19   1.76 1.90 1.94 1.74 1.40 1.06 0.87 0.84 0.97 1.20 1.48 1.76 1.90 1.92 1.73 1.44 1.06 0.58 0.22 0.06 0.10 0.34 0.70 1.10
 20   1.44 1.67 1.84 1.84 1.60 1.30 1.07 0.95 0.96 1.06 1.28 1.52 1.70 1.78 1.72 1.54 1.26 0.88 0.42 0.20 0.08 0.14 0.40 0.74
 21   1.10 1.38 1.60 1.72 1.70 1.56 1.32 1.12 1.03 1.06 1.16 1.32 1.52 1.64 1.66 1.58 1.41 1.14 0.78 0.49 0.30 0.20 0.30 0.55
 22   0.84 1.12 1.38 1.60 1.70 1.66 1.55 1.40 1.26 1.18 1.18 1.24 1.36 1.50 1.58 1.58 1.54 1.40 1.19 0.92 0.68 0.52 0.41 0.44
 23   0.64 0.88 1.12 1.34 1.54 1.68 1.73 1.66 1.52 1.40 1.28 1.23 1.28 1.34 1.40 1.47 1.52 1.52 1.45 1.28 1.07 0.84 0.64 0.51
 24   0.50 0.64 0.82 1.02 1.24 1.50 1.68 1.75 1.69 1.56 1.39 1.24 1.14 1.10 1.14 1.22 1.30 1.40 1.44 1.44 1.36 1.18 0.92 0.68
 25   0.54 0.47 0.52 0.68 0.94 1.22 1.49 1.70 1.82 1.76 1.62 1.40 1.20 1.00 0.95 0.97 1.08 1.23 1.40 1.54 1.59 1.52 1.38 1.16
 26   0.80 0.60 0.54 0.58 0.74 1.00 1.34 1.68 1.87 1.94 1.86 1.68 1.40 1.10 0.88 0.78 0.84 1.04 1.25 1.47 1.66 1.74 1.70 1.48
 27   1.14 0.84 0.60 0.52 0.58 0.79 1.10 1.48 1.76 1.94 1.98 1.84 1.60 1.20 0.82 0.62 0.59 0.72 0.98 1.26 1.54 1.76 1.84 1.74
 28   1.50 1.20 0.80 0.60 0.50 0.62 0.92 1.26 1.62 1.84 1.98 1.97 1.74 1.36 0.94 0.58 0.40 0.43 0.64 0.98 1.34 1.65 1.83 1.90
 29   1.80 1.54 1.14 0.76 0.60 0.60 0.84 1.12 1.46 1.77 1.94 2.00 1.88 1.54 1.13 0.72 0.39 0.30 0.43 0.72 1.11 1.48 1.76 1.92
 30   1.96 1.82 1.48 1.10 0.80 0.68 0.74 0.96 1.31 1.64 1.84 1.94 1.92 1.66 1.31 0.86 0.46 0.26 0.29 0.52 0.86 1.26 1.63 1.86
 ----------------------------------------------------------------------------------------------------------------------------
                                                                                               
 ----------------------------------------------------------------------------------------------------------------------------
 ----------------------------------------------------------------------------------------------------------------------------
                                                          SURVEY OF INDIA
                                                    MARINE GEODESY WING (G&RB)
                                                     HOURLY HEIGHTS IN METRES
  NAME OF PORT:- KARWAR                                                                             MONTH OCTOBER   YEAR 2008
 ----------------------------------------------------------------------------------------------------------------------------
 DAYS 0000 0001 0002 0003 0004 0005 0006 0007 0008 0009 0010 0011 0012 0013 0014 0015 0016 0017 0018 0019 0020 0021 0022 0023
 ----------------------------------------------------------------------------------------------------------------------------
  1   1.96 1.93 1.70 1.35 1.04 0.84 0.78 0.90 1.18 1.52 1.77 1.87 1.88 1.74 1.46 1.04 0.56 0.34 0.26 0.37 0.63 1.00 1.45 1.73
  2   1.91 1.97 1.86 1.60 1.28 1.02 0.91 0.92 1.13 1.35 1.62 1.78 1.83 1.74 1.54 1.18 0.76 0.41 0.28 0.30 0.46 0.76 1.18 1.54
  3   1.76 1.87 1.89 1.72 1.48 1.17 1.01 0.95 1.06 1.26 1.47 1.64 1.73 1.74 1.60 1.34 0.91 0.56 0.41 0.36 0.42 0.66 1.01 1.36
  4   1.61 1.77 1.82 1.75 1.56 1.31 1.13 1.08 1.10 1.22 1.38 1.56 1.69 1.68 1.56 1.33 1.05 0.76 0.52 0.40 0.39 0.53 0.83 1.13
  5   1.42 1.58 1.72 1.75 1.60 1.43 1.29 1.17 1.15 1.18 1.26 1.45 1.57 1.59 1.50 1.37 1.18 0.93 0.70 0.52 0.44 0.53 0.70 0.93
  6   1.20 1.42 1.60 1.64 1.60 1.53 1.43 1.34 1.28 1.22 1.23 1.36 1.49 1.54 1.49 1.43 1.34 1.19 0.96 0.75 0.63 0.64 0.73 0.84
  7   1.03 1.27 1.47 1.57 1.61 1.57 1.53 1.46 1.37 1.30 1.24 1.27 1.34 1.40 1.41 1.39 1.36 1.27 1.12 0.95 0.84 0.75 0.69 0.71
  8   0.85 1.04 1.20 1.33 1.45 1.53 1.59 1.56 1.48 1.38 1.31 1.26 1.25 1.24 1.27 1.30 1.30 1.30 1.27 1.20 1.07 0.90 0.78 0.73
  9   0.77 0.87 0.99 1.16 1.33 1.48 1.59 1.63 1.61 1.52 1.40 1.31 1.21 1.17 1.17 1.19 1.24 1.34 1.38 1.37 1.29 1.17 1.03 0.88
 10   0.80 0.79 0.89 1.02 1.20 1.40 1.59 1.72 1.78 1.72 1.53 1.37 1.23 1.10 0.98 1.03 1.13 1.29 1.38 1.44 1.46 1.41 1.30 1.08
 11   0.88 0.79 0.85 0.95 1.07 1.24 1.45 1.71 1.85 1.80 1.65 1.45 1.21 0.97 0.83 0.80 0.92 1.08 1.28 1.44 1.57 1.62 1.51 1.32
 12   1.07 0.88 0.81 0.83 0.94 1.11 1.32 1.58 1.83 1.92 1.82 1.60 1.31 1.00 0.74 0.61 0.62 0.79 1.05 1.38 1.60 1.75 1.79 1.66
 13   1.39 1.12 0.88 0.77 0.79 1.00 1.25 1.56 1.84 1.97 1.94 1.79 1.56 1.19 0.79 0.50 0.44 0.57 0.84 1.22 1.53 1.80 2.00 1.97
 14   1.73 1.43 1.14 0.93 0.84 0.93 1.13 1.49 1.82 2.00 2.05 1.99 1.77 1.38 0.87 0.47 0.29 0.31 0.58 0.91 1.28 1.68 2.02 2.12
 15   1.98 1.78 1.49 1.14 0.93 0.86 1.08 1.37 1.69 1.94 2.06 2.04 1.88 1.54 1.02 0.54 0.19 0.11 0.24 0.56 0.96 1.42 1.82 2.08
 16   2.13 2.03 1.76 1.41 1.08 0.90 0.93 1.19 1.47 1.75 1.93 2.01 1.97 1.69 1.25 0.70 0.26 0.02 0.02 0.22 0.59 1.08 1.52 1.88
 17   2.12 2.21 2.03 1.72 1.32 1.04 0.96 1.11 1.36 1.62 1.82 1.99 2.06 1.89 1.56 1.07 0.57 0.25 0.06 0.08 0.33 0.74 1.26 1.72
 18   2.00 2.21 2.18 1.99 1.66 1.33 1.13 1.07 1.20 1.43 1.67 1.89 1.99 1.95 1.75 1.40 0.94 0.50 0.24 0.10 0.16 0.45 0.88 1.30
 19   1.67 2.01 2.13 2.10 1.86 1.55 1.29 1.15 1.15 1.25 1.43 1.69 1.84 1.87 1.79 1.60 1.24 0.84 0.51 0.29 0.18 0.38 0.69 0.99
 20   1.42 1.75 1.98 2.05 2.00 1.77 1.50 1.30 1.21 1.23 1.28 1.42 1.63 1.75 1.75 1.66 1.47 1.23 0.91 0.61 0.47 0.43 0.52 0.75
 21   1.12 1.41 1.65 1.86 1.99 1.91 1.74 1.55 1.35 1.22 1.17 1.25 1.37 1.46 1.56 1.60 1.55 1.44 1.23 1.01 0.79 0.62 0.61 0.67
 22   0.87 1.10 1.36 1.61 1.82 1.91 1.89 1.77 1.59 1.41 1.24 1.17 1.18 1.24 1.33 1.41 1.48 1.52 1.52 1.38 1.18 1.00 0.85 0.75
 23   0.74 0.92 1.13 1.36 1.61 1.80 1.92 1.96 1.83 1.65 1.39 1.17 1.03 1.01 1.05 1.17 1.29 1.44 1.53 1.54 1.48 1.36 1.16 0.96
 24   0.82 0.84 0.97 1.12 1.34 1.57 1.78 1.93 1.93 1.80 1.54 1.29 1.04 0.87 0.77 0.83 1.01 1.20 1.42 1.56 1.67 1.67 1.56 1.35
 25   1.06 0.90 0.90 1.01 1.20 1.40 1.64 1.87 2.00 1.95 1.78 1.51 1.24 0.97 0.77 0.73 0.88 1.09 1.31 1.50 1.67 1.78 1.79 1.64
 26   1.34 1.12 0.95 0.92 1.02 1.17 1.36 1.64 1.86 1.90 1.79 1.57 1.31 1.06 0.83 0.65 0.63 0.77 1.03 1.30 1.59 1.80 1.93 1.86
 27   1.63 1.34 1.13 1.00 0.95 1.05 1.23 1.53 1.76 1.83 1.83 1.70 1.42 1.12 0.83 0.63 0.48 0.52 0.75 1.06 1.37 1.68 1.91 1.99
 28   2.00 1.81 1.55 1.24 1.04 0.96 1.01 1.24 1.49 1.68 1.76 1.75 1.56 1.20 0.80 0.54 0.40 0.42 0.58 0.80 1.15 1.52 1.82 1.99
 29   1.86 1.62 1.31 1.06 0.90 0.94 1.11 1.36 1.61 1.82 1.84 1.75 1.49 1.20 0.81 0.39 0.10 0.06 0.20 0.47 0.80 1.24 1.60 1.84
 30   1.92 1.81 1.58 1.33 1.07 0.89 0.87 1.02 1.25 1.48 1.60 1.61 1.54 1.35 1.02 0.62 0.28 0.09 0.10 0.32 0.62 1.03 1.41 1.68
 31   1.87 1.87 1.71 1.46 1.19 0.97 0.88 0.95 1.12 1.30 1.46 1.56 1.54 1.38 1.11 0.72 0.34 0.16 0.10 0.16 0.40 0.80 1.23 1.49
 ----------------------------------------------------------------------------------------------------------------------------
                                                                                               
 ----------------------------------------------------------------------------------------------------------------------------
 ----------------------------------------------------------------------------------------------------------------------------
                                                          SURVEY OF INDIA
                                                    MARINE GEODESY WING (G&RB)
                                                     HOURLY HEIGHTS IN METRES
  NAME OF PORT:- KARWAR                                                                             MONTH NOVEMBER  YEAR 2008
 ----------------------------------------------------------------------------------------------------------------------------
 DAYS 0000 0001 0002 0003 0004 0005 0006 0007 0008 0009 0010 0011 0012 0013 0014 0015 0016 0017 0018 0019 0020 0021 0022 0023
 ----------------------------------------------------------------------------------------------------------------------------
  1
  2
  3
  4
  5
  6
  7
  8
  9
 10
 11
 12
 13
 14
 15
 16
 17
 18
 19
 20
 21
 22
 23
 24
 25
 26
 27
 28
 29
 30
 ----------------------------------------------------------------------------------------------------------------------------
                                                          SURVEY OF INDIA
                                                    MARINE GEODESY WING (G&RB)
                                                     HOURLY HEIGHTS IN METRES
  NAME OF PORT:- KARWAR                                                                             MONTH DECEMBER  YEAR 2008
 ----------------------------------------------------------------------------------------------------------------------------
 DAYS 0000 0001 0002 0003 0004 0005 0006 0007 0008 0009 0010 0011 0012 0013 0014 0015 0016 0017 0018 0019 0020 0021 0022 0023
 ----------------------------------------------------------------------------------------------------------------------------
  1
  2
  3
  4
  5
  6
  7
  8
  9
 10
 11
 12
 13
 14
 15
 16
 17
 18
 19
 20
 21
 22
 23
 24
 25
 26
 27
 28
 29
 30
 31
 ----------------------------------------------------------------------------------------------------------------------------
