                                                          SURVEY OF INDIA
                                                    MARINE GEODESY WING (G&RB)
                                                     HOURLY HEIGHTS IN METRES
  NAME OF PORT:- MARMAGAO                                                                           MONTH JANUARY   YEAR 2013
 ----------------------------------------------------------------------------------------------------------------------------
 DAYS 0000 0001 0002 0003 0004 0005 0006 0007 0008 0009 0010 0011 0012 0013 0014 0015 0016 0017 0018 0019 0020 0021 0022 0023
 ----------------------------------------------------------------------------------------------------------------------------
  1   2.08 2.18 2.15 1.90 1.57 1.24 1.00 0.94 0.96 1.14 1.38 1.58 1.72 1.73 1.60 1.35 1.00 0.68 0.50 0.46 0.56 0.84 1.22 1.58
  2   1.94 2.12 2.16 2.04 1.72 1.36 1.07 0.91 0.84 0.90 1.12 1.37 1.56 1.68 1.67 1.51 1.26 0.97 0.72 0.61 0.62 0.76 1.09 1.42
  3   1.80 2.04 2.15 2.08 1.90 1.56 1.20 0.96 0.84 0.80 0.92 1.14 1.38 1.56 1.64 1.61 1.50 1.26 1.03 0.86 0.78 0.82 0.99 1.28
  4   1.70 1.91 2.08 2.13 2.00 1.73 1.40 1.10 0.88 0.74 0.74 0.88 1.10 1.33 1.50 1.59 1.59 1.49 1.32 1.13 1.00 0.94 1.01 1.21
  5   1.50 1.74 1.94 2.06 2.04 1.86 1.60 1.28 1.00 0.77 0.68 0.69 0.83 1.05 1.26 1.43 1.57 1.62 1.57 1.42 1.27 1.16 1.11 1.19
  6   1.38 1.59 1.78 1.96 2.02 1.94 1.75 1.50 1.18 0.88 0.67 0.56 0.60 0.73 0.97 1.18 1.38 1.56 1.66 1.65 1.56 1.44 1.34 1.26
  7   1.33 1.46 1.64 1.78 1.90 1.95 1.88 1.70 1.44 1.10 0.77 0.55 0.42 0.41 0.58 0.79 1.04 1.32 1.58 1.72 1.76 1.70 1.58 1.43
  8   1.29 1.27 1.37 1.52 1.65 1.77 1.85 1.81 1.63 1.35 1.01 0.64 0.39 0.22 0.22 0.41 0.67 1.01 1.38 1.69 1.89 1.95 1.87 1.69
  9   1.50 1.32 1.28 1.34 1.46 1.60 1.76 1.87 1.85 1.67 1.40 1.03 0.62 0.28 0.14 0.16 0.32 0.66 1.12 1.54 1.86 2.06 2.13 2.04
 10   1.74 1.49 1.32 1.22 1.25 1.39 1.61 1.79 1.93 1.92 1.76 1.48 1.03 0.59 0.20 0.02 0.08 0.30 0.72 1.21 1.66 2.00 2.23 2.26
 11   2.10 1.78 1.44 1.20 1.08 1.12 1.34 1.60 1.82 1.96 1.96 1.79 1.45 0.98 0.48 0.12-0.02 0.03 0.33 0.86 1.33 1.77 2.17 2.38
 12   2.27 2.06 1.67 1.30 1.01 0.90 1.00 1.28 1.54 1.78 1.97 1.97 1.76 1.43 0.92 0.41 0.07-0.04 0.08 0.46 1.00 1.50 1.93 2.26
 13   2.46 2.29 2.01 1.56 1.13 0.91 0.79 0.93 1.23 1.58 1.86 2.03 1.98 1.79 1.34 0.88 0.43 0.18 0.10 0.32 0.76 1.28 1.75 2.12
 14   2.52 2.52 2.27 1.91 1.38 1.00 0.79 0.75 0.97 1.27 1.58 1.88 2.05 2.03 1.84 1.43 0.89 0.53 0.35 0.35 0.57 1.01 1.50 1.92
 15   2.36 2.54 2.44 2.15 1.77 1.24 0.91 0.75 0.75 0.97 1.38 1.69 1.92 2.01 1.92 1.71 1.35 0.92 0.64 0.53 0.60 0.86 1.31 1.74
 16   2.07 2.32 2.38 2.22 1.87 1.45 1.00 0.73 0.63 0.67 0.96 1.23 1.52 1.73 1.82 1.75 1.56 1.24 0.93 0.78 0.70 0.82 1.12 1.49
 17   1.87 2.09 2.23 2.22 1.99 1.66 1.22 0.92 0.72 0.60 0.75 1.00 1.26 1.46 1.63 1.70 1.67 1.51 1.27 1.08 0.97 0.96 1.12 1.36
 18   1.69 1.93 2.08 2.14 2.06 1.82 1.49 1.17 0.90 0.76 0.69 0.80 1.01 1.24 1.42 1.58 1.64 1.61 1.50 1.30 1.18 1.13 1.14 1.26
 19   1.48 1.70 1.85 1.93 1.93 1.78 1.56 1.29 1.01 0.79 0.64 0.60 0.73 0.92 1.10 1.27 1.43 1.54 1.58 1.48 1.38 1.29 1.24 1.28
 20   1.40 1.54 1.68 1.78 1.82 1.78 1.66 1.44 1.22 1.00 0.82 0.68 0.64 0.75 0.92 1.10 1.30 1.45 1.59 1.64 1.62 1.58 1.51 1.44
 21   1.44 1.52 1.61 1.68 1.73 1.76 1.73 1.62 1.44 1.24 1.00 0.82 0.71 0.70 0.76 0.89 1.10 1.30 1.49 1.65 1.73 1.72 1.67 1.57
 22   1.50 1.46 1.45 1.52 1.60 1.68 1.72 1.67 1.54 1.38 1.19 0.96 0.74 0.62 0.58 0.70 0.88 1.10 1.37 1.62 1.79 1.88 1.85 1.73
 23   1.60 1.52 1.45 1.42 1.50 1.59 1.67 1.70 1.66 1.54 1.38 1.18 0.93 0.69 0.55 0.55 0.70 0.94 1.23 1.52 1.79 1.96 2.01 1.95
 24   1.80 1.66 1.50 1.40 1.42 1.52 1.62 1.72 1.78 1.76 1.62 1.40 1.14 0.86 0.64 0.53 0.56 0.78 1.08 1.40 1.74 1.98 2.10 2.06
 25   1.93 1.77 1.55 1.37 1.32 1.36 1.50 1.64 1.76 1.82 1.75 1.59 1.36 1.03 0.72 0.55 0.50 0.60 0.89 1.21 1.58 1.90 2.09 2.16
 26   2.06 1.85 1.58 1.36 1.23 1.18 1.26 1.43 1.65 1.78 1.84 1.76 1.52 1.23 0.87 0.58 0.43 0.43 0.60 1.00 1.40 1.74 2.02 2.21
 27   2.15 1.98 1.72 1.42 1.22 1.12 1.16 1.34 1.56 1.79 1.93 1.93 1.77 1.50 1.14 0.78 0.54 0.43 0.53 0.84 1.24 1.66 1.98 2.18
 28   2.28 2.18 1.87 1.52 1.21 1.06 1.02 1.16 1.39 1.66 1.88 1.98 1.92 1.74 1.38 1.00 0.66 0.47 0.45 0.65 1.02 1.42 1.83 2.12
 29   2.30 2.25 2.02 1.69 1.33 1.04 0.91 0.96 1.20 1.46 1.74 1.93 1.98 1.86 1.62 1.26 0.86 0.58 0.50 0.62 0.88 1.34 1.76 2.04
 30   2.32 2.36 2.16 1.84 1.42 1.08 0.89 0.88 0.98 1.25 1.56 1.82 2.00 1.98 1.82 1.55 1.14 0.82 0.65 0.66 0.82 1.16 1.60 1.96
 31   2.26 2.36 2.28 2.06 1.68 1.20 0.91 0.81 0.81 0.96 1.33 1.64 1.86 1.97 1.94 1.77 1.44 1.11 0.88 0.77 0.82 1.08 1.42 1.81
 ----------------------------------------------------------------------------------------------------------------------------
                                                                                               
 ----------------------------------------------------------------------------------------------------------------------------
 ----------------------------------------------------------------------------------------------------------------------------
                                                          SURVEY OF INDIA
                                                    MARINE GEODESY WING (G&RB)
                                                     HOURLY HEIGHTS IN METRES
  NAME OF PORT:- MARMAGAO                                                                           MONTH FEBRUARY  YEAR 2013
 ----------------------------------------------------------------------------------------------------------------------------
 DAYS 0000 0001 0002 0003 0004 0005 0006 0007 0008 0009 0010 0011 0012 0013 0014 0015 0016 0017 0018 0019 0020 0021 0022 0023
 ----------------------------------------------------------------------------------------------------------------------------
  1   2.12 2.30 2.35 2.16 1.84 1.44 1.03 0.81 0.72 0.78 1.05 1.36 1.66 1.84 1.94 1.88 1.71 1.44 1.15 0.99 0.96 1.05 1.31 1.64
  2   1.98 2.20 2.30 2.24 2.00 1.64 1.21 0.90 0.72 0.65 0.78 1.06 1.34 1.61 1.78 1.87 1.86 1.68 1.44 1.25 1.10 1.11 1.25 1.57
  3   1.80 2.06 2.21 2.24 2.10 1.88 1.54 1.16 0.89 0.72 0.66 0.81 1.08 1.35 1.58 1.74 1.89 1.91 1.79 1.62 1.48 1.42 1.43 1.56
  4   1.76 1.98 2.17 2.27 2.26 2.12 1.89 1.58 1.24 0.96 0.78 0.75 0.87 1.10 1.32 1.54 1.76 1.90 1.95 1.89 1.75 1.65 1.58 1.56
  5   1.60 1.78 1.92 2.03 2.12 2.09 1.96 1.77 1.48 1.16 0.85 0.67 0.57 0.70 0.90 1.10 1.37 1.64 1.86 1.94 1.94 1.85 1.72 1.62
  6   1.52 1.53 1.60 1.72 1.84 1.94 1.96 1.85 1.67 1.43 1.12 0.80 0.58 0.47 0.53 0.70 0.97 1.28 1.60 1.84 1.97 1.98 1.89 1.73
  7   1.52 1.39 1.34 1.38 1.50 1.64 1.78 1.86 1.81 1.66 1.42 1.06 0.70 0.44 0.31 0.34 0.56 0.89 1.26 1.62 1.90 2.10 2.10 1.98
  8   1.73 1.48 1.26 1.16 1.23 1.38 1.57 1.76 1.90 1.90 1.76 1.50 1.09 0.72 0.41 0.24 0.30 0.56 0.96 1.40 1.80 2.12 2.28 2.26
  9   2.01 1.70 1.36 1.13 1.00 1.09 1.30 1.58 1.83 2.01 2.02 1.85 1.57 1.14 0.66 0.37 0.21 0.34 0.69 1.14 1.62 2.00 2.28 2.42
 10   2.25 1.96 1.51 1.13 0.88 0.82 0.98 1.27 1.58 1.87 2.05 2.07 1.88 1.56 1.07 0.61 0.34 0.26 0.44 0.85 1.36 1.79 2.21 2.42
 11   2.41 2.20 1.84 1.34 0.94 0.72 0.73 0.94 1.30 1.64 1.93 2.09 2.09 1.93 1.52 0.98 0.62 0.40 0.40 0.64 1.06 1.56 1.99 2.34
 12   2.48 2.35 2.06 1.64 1.12 0.76 0.59 0.63 0.96 1.32 1.66 1.94 2.10 2.05 1.84 1.44 0.98 0.66 0.52 0.61 0.90 1.34 1.84 2.17
 13   2.41 2.45 2.25 1.87 1.37 0.93 0.65 0.55 0.71 1.07 1.41 1.71 1.95 2.07 1.98 1.74 1.34 0.95 0.74 0.70 0.84 1.24 1.66 2.00
 14   2.27 2.41 2.31 2.03 1.61 1.11 0.78 0.61 0.65 0.83 1.17 1.49 1.81 2.04 2.06 1.93 1.63 1.30 1.04 0.94 0.96 1.16 1.51 1.87
 15   2.13 2.34 2.35 2.19 1.86 1.47 1.07 0.83 0.72 0.77 1.02 1.31 1.62 1.85 1.97 1.97 1.82 1.58 1.34 1.16 1.09 1.18 1.42 1.72
 16   2.01 2.18 2.27 2.19 1.97 1.64 1.27 1.00 0.85 0.78 0.91 1.11 1.36 1.61 1.82 1.93 1.91 1.79 1.61 1.45 1.36 1.35 1.44 1.63
 17   1.89 2.04 2.16 2.15 2.06 1.83 1.51 1.25 1.02 0.89 0.87 0.99 1.17 1.40 1.60 1.75 1.82 1.82 1.75 1.65 1.55 1.47 1.47 1.55
 18   1.71 1.86 1.97 2.01 1.94 1.83 1.63 1.39 1.19 1.01 0.92 0.91 1.01 1.16 1.32 1.48 1.64 1.78 1.82 1.78 1.70 1.62 1.56 1.54
 19   1.65 1.73 1.80 1.86 1.86 1.81 1.68 1.52 1.34 1.15 0.98 0.88 0.87 0.97 1.11 1.27 1.43 1.58 1.72 1.81 1.79 1.74 1.67 1.61
 20   1.59 1.60 1.65 1.71 1.76 1.79 1.76 1.67 1.54 1.38 1.20 1.02 0.91 0.89 0.96 1.06 1.24 1.42 1.63 1.80 1.88 1.89 1.83 1.71
 21   1.59 1.55 1.53 1.56 1.59 1.64 1.69 1.71 1.65 1.51 1.34 1.11 0.93 0.79 0.74 0.77 0.97 1.19 1.43 1.66 1.81 1.89 1.87 1.78
 22   1.59 1.46 1.35 1.30 1.37 1.46 1.56 1.65 1.69 1.58 1.41 1.22 1.00 0.77 0.63 0.57 0.71 0.92 1.21 1.51 1.74 1.89 1.95 1.89
 23   1.65 1.48 1.29 1.17 1.16 1.26 1.39 1.54 1.65 1.71 1.66 1.47 1.23 0.92 0.68 0.54 0.56 0.72 1.05 1.36 1.69 1.97 2.09 2.04
 24   1.87 1.63 1.36 1.16 1.08 1.15 1.30 1.51 1.71 1.86 1.86 1.75 1.55 1.23 0.87 0.65 0.58 0.63 0.91 1.27 1.63 1.97 2.19 2.21
 25   2.06 1.83 1.45 1.16 1.02 0.99 1.07 1.34 1.63 1.81 1.93 1.94 1.77 1.45 1.05 0.75 0.57 0.57 0.71 1.07 1.44 1.81 2.13 2.25
 26   2.14 1.93 1.59 1.23 0.90 0.78 0.82 1.04 1.36 1.67 1.92 2.01 1.93 1.70 1.34 0.93 0.67 0.57 0.59 0.86 1.28 1.70 2.01 2.24
 27   2.22 2.06 1.70 1.27 0.86 0.65 0.61 0.77 1.09 1.46 1.76 1.98 2.03 1.89 1.62 1.22 0.82 0.60 0.55 0.67 1.04 1.48 1.85 2.11
 28   2.27 2.19 1.86 1.42 0.98 0.65 0.48 0.57 0.82 1.22 1.61 1.93 2.07 2.06 1.89 1.52 1.16 0.83 0.73 0.75 0.96 1.39 1.80 2.06
 ----------------------------------------------------------------------------------------------------------------------------
                                                                                               
 ----------------------------------------------------------------------------------------------------------------------------
 ----------------------------------------------------------------------------------------------------------------------------
                                                          SURVEY OF INDIA
                                                    MARINE GEODESY WING (G&RB)
                                                     HOURLY HEIGHTS IN METRES
  NAME OF PORT:- MARMAGAO                                                                           MONTH MARCH     YEAR 2013
 ----------------------------------------------------------------------------------------------------------------------------
 DAYS 0000 0001 0002 0003 0004 0005 0006 0007 0008 0009 0010 0011 0012 0013 0014 0015 0016 0017 0018 0019 0020 0021 0022 0023
 ----------------------------------------------------------------------------------------------------------------------------
  1   2.28 2.33 2.11 1.74 1.24 0.80 0.52 0.47 0.61 0.91 1.33 1.71 2.00 2.12 2.06 1.86 1.55 1.16 0.93 0.87 0.98 1.25 1.61 1.97
  2   2.19 2.33 2.27 2.00 1.56 1.05 0.68 0.50 0.49 0.69 1.05 1.45 1.81 2.07 2.19 2.12 1.91 1.62 1.34 1.16 1.11 1.26 1.56 1.87
  3   2.13 2.31 2.34 2.17 1.90 1.44 0.99 0.70 0.55 0.57 0.81 1.17 1.53 1.81 2.04 2.12 2.05 1.88 1.65 1.40 1.29 1.30 1.43 1.68
  4   1.95 2.12 2.20 2.20 2.03 1.70 1.35 0.99 0.73 0.58 0.63 0.87 1.18 1.49 1.73 1.94 2.06 2.02 1.88 1.69 1.53 1.43 1.45 1.53
  5   1.73 1.92 2.05 2.11 2.04 1.88 1.62 1.32 1.02 0.79 0.66 0.70 0.90 1.18 1.43 1.68 1.88 1.99 2.01 1.94 1.77 1.65 1.56 1.49
  6   1.53 1.67 1.81 1.89 1.93 1.92 1.81 1.63 1.37 1.04 0.78 0.63 0.67 0.81 1.01 1.26 1.54 1.76 1.91 2.01 1.97 1.84 1.70 1.57
  7   1.42 1.44 1.53 1.62 1.72 1.83 1.87 1.79 1.64 1.42 1.13 0.87 0.71 0.66 0.77 0.97 1.23 1.54 1.84 2.03 2.11 2.08 1.95 1.72
  8   1.49 1.33 1.27 1.32 1.43 1.59 1.79 1.91 1.91 1.79 1.57 1.23 0.94 0.72 0.64 0.71 0.90 1.23 1.57 1.89 2.11 2.25 2.16 1.97
  9   1.65 1.36 1.14 1.08 1.15 1.34 1.56 1.80 1.99 2.03 1.89 1.67 1.31 0.95 0.71 0.60 0.69 0.95 1.31 1.71 2.03 2.26 2.35 2.24
 10   1.90 1.51 1.21 0.98 0.89 1.01 1.27 1.59 1.87 2.06 2.10 1.99 1.74 1.33 0.92 0.64 0.57 0.75 1.03 1.42 1.84 2.19 2.36 2.33
 11   2.14 1.75 1.31 0.95 0.76 0.75 0.92 1.30 1.64 1.94 2.14 2.15 2.01 1.71 1.29 0.89 0.64 0.62 0.82 1.21 1.65 2.03 2.26 2.35
 12   2.28 1.98 1.53 1.06 0.70 0.58 0.66 0.93 1.31 1.69 2.02 2.21 2.15 1.97 1.55 1.13 0.81 0.67 0.71 0.97 1.41 1.84 2.13 2.35
 13   2.32 2.12 1.77 1.26 0.82 0.57 0.48 0.67 1.04 1.44 1.81 2.11 2.22 2.14 1.91 1.53 1.10 0.88 0.80 0.89 1.24 1.65 1.97 2.21
 14   2.28 2.18 1.86 1.42 0.92 0.61 0.41 0.44 0.67 1.12 1.50 1.87 2.08 2.12 1.98 1.70 1.30 1.00 0.84 0.85 1.04 1.41 1.78 2.06
 15   2.19 2.20 1.98 1.64 1.20 0.77 0.50 0.42 0.54 0.84 1.25 1.61 1.90 2.05 2.00 1.84 1.51 1.20 1.02 0.94 0.98 1.22 1.58 1.86
 16   2.04 2.11 2.00 1.74 1.38 0.96 0.64 0.51 0.52 0.68 1.04 1.38 1.69 1.92 2.01 1.95 1.74 1.48 1.25 1.10 1.09 1.22 1.48 1.70
 17   1.89 2.01 1.98 1.82 1.54 1.18 0.87 0.71 0.61 0.63 0.84 1.19 1.54 1.76 1.88 1.93 1.84 1.64 1.46 1.30 1.22 1.25 1.37 1.60
 18   1.80 1.92 1.93 1.84 1.64 1.39 1.10 0.88 0.76 0.70 0.79 1.06 1.33 1.56 1.73 1.84 1.86 1.80 1.66 1.52 1.40 1.35 1.42 1.54
 19   1.66 1.81 1.88 1.81 1.69 1.52 1.30 1.10 0.91 0.82 0.82 0.93 1.13 1.34 1.52 1.67 1.78 1.83 1.76 1.64 1.53 1.48 1.46 1.48
 20   1.58 1.67 1.73 1.75 1.71 1.62 1.46 1.28 1.12 0.99 0.90 0.91 1.00 1.16 1.34 1.52 1.67 1.76 1.80 1.78 1.70 1.62 1.56 1.50
 21   1.47 1.52 1.60 1.64 1.64 1.61 1.56 1.47 1.32 1.17 1.05 0.96 0.92 1.01 1.13 1.30 1.48 1.66 1.78 1.82 1.82 1.76 1.65 1.54
 22   1.44 1.40 1.42 1.46 1.54 1.62 1.66 1.64 1.56 1.42 1.25 1.09 1.00 0.94 1.00 1.16 1.33 1.55 1.78 1.89 1.96 1.94 1.84 1.66
 23   1.50 1.41 1.32 1.32 1.42 1.52 1.62 1.73 1.74 1.64 1.45 1.28 1.10 0.96 0.90 0.96 1.11 1.36 1.62 1.85 2.02 2.03 1.94 1.82
 24   1.58 1.32 1.18 1.11 1.18 1.32 1.50 1.69 1.80 1.82 1.70 1.54 1.30 1.04 0.90 0.85 0.93 1.16 1.46 1.74 1.94 2.07 2.06 1.88
 25   1.64 1.34 1.07 0.94 0.95 1.09 1.31 1.56 1.79 1.93 1.92 1.79 1.56 1.24 0.97 0.82 0.78 0.96 1.24 1.58 1.90 2.11 2.16 2.08
 26   1.84 1.48 1.11 0.85 0.75 0.86 1.11 1.42 1.74 2.00 2.10 2.02 1.86 1.57 1.19 0.91 0.79 0.84 1.08 1.48 1.83 2.08 2.28 2.24
 27   1.98 1.65 1.18 0.83 0.65 0.63 0.78 1.18 1.58 1.90 2.15 2.22 2.12 1.92 1.51 1.11 0.91 0.82 0.96 1.28 1.68 2.02 2.24 2.32
 28   2.12 1.84 1.38 0.90 0.56 0.40 0.50 0.80 1.22 1.66 2.02 2.25 2.27 2.10 1.78 1.38 1.02 0.83 0.86 1.07 1.43 1.82 2.10 2.26
 29   2.24 1.96 1.60 1.06 0.58 0.30 0.28 0.47 0.83 1.33 1.78 2.08 2.26 2.28 2.04 1.66 1.26 0.95 0.84 0.94 1.18 1.58 1.90 2.15
 30   2.24 2.11 1.80 1.26 0.77 0.36 0.18 0.19 0.48 0.92 1.36 1.78 2.14 2.24 2.17 1.96 1.56 1.20 0.97 0.91 1.05 1.34 1.68 1.94
 31   2.16 2.14 1.96 1.62 1.10 0.60 0.32 0.18 0.26 0.56 1.04 1.46 1.82 2.10 2.21 2.12 1.86 1.53 1.24 1.06 1.04 1.18 1.47 1.73
 ----------------------------------------------------------------------------------------------------------------------------
                                                                                               
 ----------------------------------------------------------------------------------------------------------------------------
 ----------------------------------------------------------------------------------------------------------------------------
                                                          SURVEY OF INDIA
                                                    MARINE GEODESY WING (G&RB)
                                                     HOURLY HEIGHTS IN METRES
  NAME OF PORT:- MARMAGAO                                                                           MONTH APRIL     YEAR 2013
 ----------------------------------------------------------------------------------------------------------------------------
 DAYS 0000 0001 0002 0003 0004 0005 0006 0007 0008 0009 0010 0011 0012 0013 0014 0015 0016 0017 0018 0019 0020 0021 0022 0023
 ----------------------------------------------------------------------------------------------------------------------------
  1   1.98 2.10 2.02 1.79 1.45 0.99 0.58 0.32 0.20 0.35 0.70 1.08 1.46 1.78 2.00 2.09 1.99 1.75 1.47 1.24 1.11 1.11 1.22 1.46
  2   1.68 1.88 1.95 1.84 1.64 1.32 0.93 0.62 0.42 0.31 0.46 0.78 1.10 1.41 1.70 1.92 2.00 1.93 1.76 1.54 1.33 1.20 1.16 1.28
  3   1.48 1.62 1.74 1.82 1.74 1.58 1.34 1.04 0.75 0.56 0.52 0.64 0.86 1.14 1.42 1.66 1.86 1.96 1.93 1.76 1.58 1.41 1.23 1.12
  4   1.23 1.34 1.45 1.56 1.62 1.64 1.56 1.38 1.10 0.87 0.68 0.59 0.65 0.84 1.06 1.31 1.56 1.80 1.90 1.91 1.81 1.61 1.38 1.20
  5   1.06 1.08 1.18 1.30 1.45 1.57 1.62 1.62 1.49 1.23 0.98 0.79 0.67 0.70 0.83 1.03 1.30 1.60 1.84 1.96 1.96 1.85 1.63 1.35
  6   1.08 0.92 0.90 1.00 1.14 1.34 1.55 1.66 1.70 1.60 1.37 1.11 0.88 0.73 0.70 0.79 1.03 1.31 1.64 1.86 2.00 2.02 1.85 1.58
  7   1.20 0.94 0.75 0.73 0.86 1.08 1.37 1.62 1.78 1.84 1.76 1.54 1.26 0.95 0.76 0.74 0.88 1.07 1.41 1.74 1.97 2.09 2.04 1.82
  8   1.46 1.07 0.75 0.59 0.55 0.75 1.10 1.41 1.68 1.90 1.96 1.82 1.55 1.22 0.95 0.74 0.74 0.88 1.18 1.52 1.81 2.00 2.08 1.92
  9   1.64 1.20 0.76 0.50 0.35 0.43 0.72 1.08 1.45 1.75 1.96 1.96 1.80 1.51 1.14 0.88 0.71 0.74 0.92 1.28 1.61 1.86 2.04 2.00
 10   1.78 1.42 0.94 0.54 0.32 0.29 0.50 0.83 1.24 1.64 1.91 2.06 2.02 1.84 1.48 1.12 0.88 0.77 0.84 1.10 1.48 1.76 1.96 2.02
 11   1.91 1.60 1.19 0.70 0.39 0.28 0.32 0.54 1.00 1.42 1.76 2.01 2.09 1.98 1.74 1.38 1.09 0.88 0.85 1.00 1.31 1.62 1.86 2.00
 12   1.95 1.72 1.39 0.92 0.51 0.32 0.24 0.36 0.74 1.18 1.56 1.84 2.05 2.05 1.89 1.58 1.25 1.01 0.90 0.98 1.18 1.48 1.71 1.92
 13   1.94 1.80 1.53 1.10 0.66 0.41 0.28 0.30 0.56 0.95 1.34 1.72 1.94 2.02 1.92 1.73 1.43 1.09 0.96 0.93 1.04 1.33 1.59 1.75
 14   1.84 1.80 1.63 1.30 0.89 0.56 0.37 0.31 0.46 0.78 1.13 1.50 1.80 1.93 1.95 1.85 1.60 1.29 1.10 1.01 1.04 1.22 1.44 1.64
 15   1.79 1.81 1.68 1.45 1.11 0.80 0.54 0.41 0.42 0.59 0.93 1.26 1.56 1.77 1.91 1.88 1.70 1.45 1.21 1.09 1.03 1.10 1.26 1.45
 16   1.59 1.71 1.65 1.52 1.30 0.97 0.69 0.54 0.47 0.56 0.75 1.05 1.35 1.61 1.77 1.84 1.77 1.63 1.47 1.29 1.18 1.17 1.26 1.39
 17   1.52 1.65 1.66 1.60 1.44 1.25 1.00 0.75 0.64 0.65 0.75 0.95 1.19 1.44 1.65 1.77 1.81 1.73 1.61 1.45 1.31 1.23 1.23 1.27
 18   1.34 1.45 1.54 1.52 1.42 1.29 1.12 0.95 0.80 0.71 0.70 0.81 0.99 1.21 1.40 1.58 1.69 1.73 1.67 1.53 1.41 1.29 1.22 1.17
 19   1.19 1.25 1.35 1.41 1.43 1.37 1.25 1.11 0.97 0.85 0.74 0.73 0.83 0.97 1.15 1.36 1.53 1.64 1.70 1.65 1.54 1.39 1.24 1.13
 20   1.03 1.04 1.13 1.22 1.32 1.40 1.41 1.33 1.22 1.09 0.94 0.82 0.80 0.85 0.95 1.15 1.37 1.55 1.68 1.74 1.68 1.57 1.34 1.13
 21   0.98 0.89 0.89 0.99 1.12 1.25 1.39 1.48 1.46 1.34 1.17 0.95 0.83 0.79 0.82 0.95 1.19 1.39 1.59 1.74 1.77 1.69 1.49 1.26
 22   0.96 0.76 0.69 0.75 0.90 1.05 1.27 1.47 1.59 1.55 1.41 1.22 0.97 0.80 0.76 0.80 0.97 1.23 1.49 1.68 1.81 1.82 1.65 1.38
 23   1.02 0.75 0.57 0.51 0.62 0.85 1.17 1.43 1.60 1.73 1.70 1.53 1.25 0.99 0.78 0.73 0.85 1.06 1.33 1.64 1.86 1.95 1.83 1.61
 24   1.21 0.79 0.49 0.35 0.39 0.61 0.89 1.26 1.63 1.85 1.93 1.85 1.62 1.29 1.02 0.84 0.80 0.95 1.24 1.55 1.81 1.95 1.83 1.61
 25   1.49 0.99 0.59 0.30 0.15 0.29 0.63 1.07 1.47 1.85 2.04 2.09 1.98 1.67 1.27 0.99 0.85 0.85 1.03 1.37 1.69 1.93 2.05 2.01
 26   1.75 1.29 0.69 0.29 0.09 0.01 0.25 0.69 1.15 1.63 1.99 2.21 2.21 2.00 1.67 1.29 1.01 0.87 0.91 1.19 1.52 1.83 2.09 2.15
 27   1.96 1.61 1.13 0.59 0.16 0.01 0.05 0.31 0.83 1.31 1.79 2.17 2.31 2.25 2.03 1.63 1.27 0.99 0.93 1.03 1.33 1.67 1.95 2.11
 28   2.13 1.90 1.54 0.99 0.47 0.16 0.03 0.13 0.47 1.01 1.51 1.90 2.23 2.37 2.24 1.97 1.59 1.25 1.03 0.96 1.11 1.45 1.73 1.94
 29   2.11 2.07 1.81 1.39 0.87 0.41 0.13 0.02 0.23 0.67 1.11 1.53 1.93 2.26 2.33 2.19 1.88 1.53 1.24 1.05 1.03 1.18 1.49 1.75
 30   1.93 2.01 1.93 1.71 1.31 0.85 0.49 0.21 0.21 0.41 0.83 1.23 1.65 1.95 2.21 2.25 2.15 1.85 1.53 1.24 1.07 1.05 1.21 1.43
 ----------------------------------------------------------------------------------------------------------------------------
                                                                                               
 ----------------------------------------------------------------------------------------------------------------------------
 ----------------------------------------------------------------------------------------------------------------------------
                                                          SURVEY OF INDIA
                                                    MARINE GEODESY WING (G&RB)
                                                     HOURLY HEIGHTS IN METRES
  NAME OF PORT:- MARMAGAO                                                                           MONTH MAY       YEAR 2013
 ----------------------------------------------------------------------------------------------------------------------------
 DAYS 0000 0001 0002 0003 0004 0005 0006 0007 0008 0009 0010 0011 0012 0013 0014 0015 0016 0017 0018 0019 0020 0021 0022 0023
 ----------------------------------------------------------------------------------------------------------------------------
  1   1.62 1.82 1.89 1.79 1.61 1.31 0.89 0.57 0.41 0.37 0.55 0.90 1.29 1.65 1.95 2.15 2.17 2.03 1.80 1.52 1.23 1.07 1.07 1.18
  2   1.37 1.57 1.71 1.75 1.70 1.57 1.30 1.02 0.79 0.64 0.61 0.77 1.07 1.37 1.67 1.92 2.11 2.14 2.01 1.76 1.51 1.29 1.13 1.06
  3   1.12 1.26 1.41 1.56 1.68 1.69 1.62 1.43 1.20 0.99 0.83 0.78 0.89 1.13 1.39 1.64 1.89 2.06 2.09 2.00 1.82 1.56 1.31 1.08
  4   0.95 0.98 1.11 1.27 1.46 1.61 1.69 1.68 1.60 1.40 1.20 1.05 0.97 1.03 1.23 1.47 1.73 1.94 2.09 2.13 2.05 1.83 1.56 1.24
  5   0.95 0.84 0.85 0.97 1.17 1.41 1.64 1.76 1.79 1.73 1.55 1.31 1.13 1.05 1.06 1.19 1.41 1.66 1.87 2.02 2.06 1.94 1.71 1.40
  6   1.03 0.76 0.62 0.67 0.83 1.06 1.36 1.63 1.78 1.85 1.79 1.61 1.33 1.13 1.05 1.06 1.21 1.42 1.64 1.85 2.00 2.01 1.84 1.56
  7   1.14 0.80 0.57 0.43 0.51 0.76 1.09 1.40 1.72 1.87 1.90 1.78 1.58 1.33 1.13 0.99 1.01 1.19 1.43 1.68 1.84 1.91 1.85 1.69
  8   1.37 0.87 0.55 0.37 0.33 0.51 0.86 1.22 1.58 1.83 2.01 1.99 1.80 1.54 1.26 1.07 0.99 1.07 1.27 1.53 1.76 1.96 1.95 1.81
  9   1.54 1.17 0.72 0.44 0.25 0.36 0.64 0.99 1.40 1.82 2.06 2.11 2.04 1.86 1.56 1.28 1.09 1.02 1.18 1.42 1.66 1.82 1.94 1.91
 10   1.69 1.37 0.97 0.55 0.36 0.32 0.45 0.75 1.19 1.59 1.90 2.09 2.07 1.94 1.73 1.45 1.19 1.04 1.05 1.23 1.47 1.68 1.84 1.85
 11   1.72 1.48 1.14 0.69 0.42 0.27 0.31 0.53 0.95 1.39 1.73 1.97 2.09 2.06 1.87 1.56 1.29 1.08 1.00 1.10 1.33 1.56 1.73 1.85
 12   1.79 1.62 1.27 0.89 0.55 0.30 0.24 0.36 0.69 1.10 1.46 1.76 1.97 2.01 1.95 1.71 1.41 1.18 1.04 1.06 1.20 1.39 1.59 1.74
 13   1.75 1.61 1.41 1.07 0.68 0.44 0.28 0.27 0.49 0.86 1.25 1.57 1.83 1.96 1.95 1.81 1.55 1.25 1.06 1.01 1.05 1.17 1.38 1.56
 14   1.67 1.62 1.44 1.20 0.82 0.53 0.35 0.28 0.38 0.62 1.00 1.37 1.64 1.84 1.92 1.84 1.68 1.39 1.17 1.07 1.04 1.11 1.28 1.44
 15   1.58 1.60 1.49 1.32 1.05 0.74 0.52 0.41 0.42 0.56 0.86 1.17 1.48 1.70 1.84 1.85 1.71 1.48 1.25 1.09 0.96 0.96 1.09 1.25
 16   1.40 1.49 1.48 1.37 1.20 0.94 0.70 0.53 0.43 0.52 0.72 0.97 1.26 1.53 1.70 1.80 1.77 1.61 1.38 1.18 1.02 0.98 0.99 1.08
 17   1.20 1.33 1.41 1.40 1.28 1.13 0.92 0.73 0.61 0.58 0.64 0.85 1.10 1.33 1.56 1.74 1.78 1.72 1.56 1.34 1.14 1.00 0.93 0.95
 18   1.04 1.16 1.28 1.35 1.36 1.30 1.18 1.02 0.84 0.73 0.69 0.78 0.95 1.16 1.37 1.58 1.74 1.78 1.69 1.51 1.32 1.12 0.94 0.84
 19   0.84 0.94 1.05 1.17 1.30 1.36 1.32 1.22 1.10 0.95 0.84 0.78 0.86 1.02 1.21 1.42 1.64 1.76 1.76 1.69 1.54 1.30 1.07 0.89
 20   0.74 0.75 0.86 1.00 1.17 1.34 1.46 1.48 1.40 1.28 1.13 0.99 0.93 0.98 1.12 1.29 1.49 1.70 1.84 1.84 1.70 1.50 1.24 0.95
 21   0.72 0.62 0.65 0.79 0.98 1.20 1.40 1.56 1.63 1.56 1.43 1.25 1.11 1.02 1.04 1.20 1.38 1.58 1.78 1.90 1.87 1.72 1.48 1.13
 22   0.78 0.54 0.42 0.48 0.72 0.99 1.30 1.60 1.76 1.82 1.75 1.57 1.34 1.14 1.06 1.08 1.20 1.44 1.68 1.84 1.92 1.86 1.66 1.34
 23   0.87 0.50 0.26 0.20 0.38 0.69 1.05 1.43 1.76 1.97 2.00 1.86 1.64 1.40 1.15 1.05 1.09 1.25 1.48 1.75 1.94 1.99 1.86 1.59
 24   1.18 0.72 0.31 0.12 0.13 0.32 0.72 1.18 1.62 1.96 2.16 2.16 1.98 1.71 1.40 1.13 1.02 1.08 1.30 1.57 1.82 2.02 2.04 1.85
 25   1.51 1.04 0.52 0.14-0.04 0.00 0.34 0.79 1.30 1.74 2.08 2.28 2.22 1.98 1.66 1.32 1.08 0.98 1.07 1.33 1.61 1.90 2.05 2.04
 26   1.82 1.42 0.88 0.38 0.02-0.10 0.02 0.40 0.94 1.44 1.88 2.22 2.36 2.26 1.98 1.60 1.23 1.02 0.95 1.07 1.36 1.64 1.87 2.04
 27   1.97 1.70 1.28 0.70 0.28-0.07-0.15 0.12 0.54 1.01 1.56 1.96 2.24 2.36 2.24 1.88 1.48 1.17 0.96 0.89 1.06 1.36 1.65 1.86
 28   2.02 1.91 1.65 1.26 0.68 0.28 0.05-0.01 0.21 0.70 1.17 1.60 2.00 2.28 2.29 2.10 1.75 1.40 1.05 0.85 0.80 0.98 1.26 1.50
 29   1.77 1.84 1.75 1.51 1.14 0.68 0.30 0.12 0.12 0.35 0.75 1.18 1.63 1.97 2.21 2.20 1.95 1.65 1.29 0.96 0.76 0.76 0.95 1.21
 30   1.46 1.62 1.70 1.64 1.47 1.14 0.74 0.47 0.32 0.31 0.58 0.96 1.34 1.69 1.97 2.14 2.08 1.90 1.55 1.20 0.94 0.76 0.74 0.88
 31   1.13 1.29 1.49 1.61 1.58 1.44 1.18 0.90 0.70 0.57 0.60 0.80 1.14 1.45 1.76 2.00 2.12 2.04 1.84 1.55 1.23 0.94 0.78 0.76
 ----------------------------------------------------------------------------------------------------------------------------
                                                                                               
 ----------------------------------------------------------------------------------------------------------------------------
 ----------------------------------------------------------------------------------------------------------------------------
                                                          SURVEY OF INDIA
                                                    MARINE GEODESY WING (G&RB)
                                                     HOURLY HEIGHTS IN METRES
  NAME OF PORT:- MARMAGAO                                                                           MONTH JUNE      YEAR 2013
 ----------------------------------------------------------------------------------------------------------------------------
 DAYS 0000 0001 0002 0003 0004 0005 0006 0007 0008 0009 0010 0011 0012 0013 0014 0015 0016 0017 0018 0019 0020 0021 0022 0023
 ----------------------------------------------------------------------------------------------------------------------------
  1   0.88 1.05 1.24 1.42 1.54 1.59 1.54 1.32 1.07 0.86 0.75 0.76 1.00 1.28 1.52 1.74 1.94 2.04 1.96 1.77 1.46 1.16 0.88 0.72
  2   0.68 0.76 0.90 1.10 1.35 1.52 1.58 1.57 1.45 1.26 1.10 0.99 0.99 1.10 1.32 1.55 1.75 1.89 1.95 1.88 1.69 1.43 1.13 0.83
  3   0.66 0.58 0.67 0.82 1.04 1.30 1.51 1.68 1.69 1.60 1.42 1.25 1.13 1.10 1.19 1.35 1.54 1.72 1.85 1.88 1.79 1.61 1.34 1.02
  4   0.70 0.50 0.46 0.58 0.82 1.08 1.40 1.60 1.72 1.76 1.70 1.53 1.33 1.20 1.14 1.22 1.35 1.54 1.69 1.79 1.85 1.74 1.54 1.22
  5   0.90 0.65 0.43 0.43 0.64 0.89 1.17 1.50 1.76 1.90 1.90 1.80 1.63 1.43 1.27 1.22 1.29 1.42 1.61 1.77 1.87 1.86 1.70 1.50
  6   1.16 0.80 0.52 0.40 0.47 0.66 1.00 1.36 1.68 1.90 2.00 1.98 1.86 1.63 1.43 1.28 1.24 1.31 1.47 1.68 1.82 1.87 1.80 1.64
  7   1.32 0.98 0.65 0.42 0.36 0.48 0.76 1.11 1.46 1.80 2.00 2.07 1.98 1.81 1.60 1.37 1.22 1.17 1.32 1.52 1.72 1.84 1.85 1.72
  8   1.49 1.15 0.81 0.50 0.32 0.34 0.62 0.98 1.34 1.69 1.99 2.12 2.12 1.99 1.77 1.51 1.30 1.24 1.30 1.45 1.65 1.80 1.88 1.84
  9   1.64 1.38 0.99 0.64 0.38 0.34 0.44 0.70 1.14 1.58 1.86 2.03 2.12 2.06 1.83 1.58 1.36 1.19 1.13 1.20 1.38 1.60 1.76 1.84
 10   1.72 1.46 1.15 0.78 0.47 0.31 0.32 0.51 0.86 1.28 1.66 1.94 2.12 2.11 1.96 1.74 1.46 1.23 1.10 1.14 1.32 1.54 1.72 1.84
 11   1.80 1.66 1.40 1.06 0.72 0.49 0.40 0.47 0.78 1.14 1.52 1.85 2.08 2.18 2.08 1.88 1.62 1.34 1.18 1.14 1.22 1.40 1.60 1.76
 12   1.86 1.74 1.54 1.26 0.91 0.63 0.46 0.46 0.63 0.90 1.30 1.65 1.96 2.12 2.10 2.00 1.75 1.48 1.25 1.14 1.16 1.30 1.49 1.68
 13   1.81 1.80 1.68 1.46 1.16 0.88 0.64 0.56 0.66 0.88 1.24 1.60 1.90 2.13 2.20 2.11 1.91 1.64 1.37 1.17 1.09 1.20 1.34 1.52
 14   1.70 1.80 1.76 1.62 1.37 1.12 0.88 0.73 0.71 0.82 1.09 1.41 1.73 1.98 2.12 2.14 2.02 1.78 1.51 1.26 1.14 1.10 1.18 1.32
 15   1.48 1.66 1.72 1.66 1.54 1.34 1.10 0.91 0.80 0.85 1.02 1.30 1.57 1.84 2.04 2.12 2.11 1.94 1.66 1.40 1.21 1.08 1.06 1.14
 16   1.34 1.51 1.62 1.68 1.66 1.55 1.37 1.19 1.05 0.96 1.04 1.19 1.42 1.66 1.88 2.04 2.08 1.97 1.80 1.55 1.30 1.09 0.95 0.97
 17   1.04 1.23 1.42 1.56 1.64 1.66 1.58 1.42 1.26 1.14 1.10 1.16 1.28 1.48 1.71 1.87 1.98 1.98 1.88 1.68 1.44 1.20 0.94 0.78
 18   0.77 0.93 1.10 1.27 1.43 1.56 1.66 1.65 1.54 1.40 1.26 1.15 1.22 1.36 1.52 1.70 1.87 2.01 1.99 1.86 1.63 1.34 1.06 0.84
 19   0.69 0.67 0.81 1.00 1.22 1.48 1.71 1.81 1.82 1.74 1.58 1.40 1.32 1.32 1.40 1.56 1.74 1.91 2.00 2.00 1.86 1.60 1.24 0.88
 20   0.62 0.51 0.53 0.66 0.90 1.24 1.56 1.80 1.92 1.94 1.85 1.65 1.42 1.32 1.30 1.37 1.53 1.69 1.86 1.98 1.95 1.82 1.50 1.08
 21   0.70 0.42 0.25 0.32 0.54 0.88 1.27 1.63 1.92 2.07 2.06 1.90 1.68 1.45 1.28 1.18 1.26 1.43 1.64 1.84 1.98 1.97 1.72 1.42
 22   0.90 0.49 0.22 0.05 0.13 0.43 0.84 1.26 1.68 2.02 2.21 2.17 1.97 1.69 1.38 1.20 1.15 1.22 1.44 1.67 1.88 2.04 2.00 1.75
 23   1.40 0.86 0.38 0.09 0.00 0.14 0.50 1.00 1.50 1.90 2.22 2.35 2.26 2.00 1.62 1.32 1.08 1.02 1.18 1.40 1.66 1.94 2.09 2.01
 24   1.72 1.34 0.74 0.31 0.02-0.07 0.13 0.60 1.12 1.60 1.98 2.31 2.41 2.27 1.95 1.54 1.16 0.98 0.93 1.08 1.40 1.70 1.96 2.09
 25   1.98 1.70 1.24 0.68 0.24-0.04-0.06 0.20 0.66 1.20 1.66 2.05 2.30 2.34 2.15 1.80 1.34 0.96 0.77 0.77 0.97 1.30 1.59 1.84
 26   2.00 1.86 1.56 1.12 0.60 0.20 0.00 0.02 0.31 0.76 1.30 1.72 2.08 2.28 2.24 1.98 1.62 1.14 0.79 0.61 0.65 0.90 1.20 1.47
 27   1.70 1.84 1.70 1.42 1.04 0.58 0.26 0.10 0.22 0.50 0.98 1.44 1.80 2.09 2.18 2.13 1.87 1.40 0.98 0.69 0.55 0.60 0.83 1.14
 28   1.43 1.64 1.72 1.66 1.44 1.06 0.73 0.48 0.40 0.54 0.80 1.20 1.60 1.92 2.13 2.20 2.10 1.77 1.32 0.98 0.75 0.62 0.67 0.90
 29   1.16 1.40 1.62 1.70 1.63 1.47 1.16 0.89 0.74 0.70 0.82 1.06 1.40 1.74 2.00 2.14 2.13 1.94 1.63 1.28 0.96 0.72 0.60 0.70
 30   0.88 1.11 1.34 1.51 1.60 1.59 1.50 1.27 1.06 0.96 0.94 1.04 1.26 1.49 1.72 1.88 1.99 1.94 1.78 1.48 1.18 0.90 0.70 0.56
 ----------------------------------------------------------------------------------------------------------------------------
                                                                                               
 ----------------------------------------------------------------------------------------------------------------------------
 ----------------------------------------------------------------------------------------------------------------------------
                                                          SURVEY OF INDIA
                                                    MARINE GEODESY WING (G&RB)
                                                     HOURLY HEIGHTS IN METRES
  NAME OF PORT:- MARMAGAO                                                                           MONTH JULY      YEAR 2013
 ----------------------------------------------------------------------------------------------------------------------------
 DAYS 0000 0001 0002 0003 0004 0005 0006 0007 0008 0009 0010 0011 0012 0013 0014 0015 0016 0017 0018 0019 0020 0021 0022 0023
 ----------------------------------------------------------------------------------------------------------------------------
  1   0.64 0.82 1.02 1.22 1.40 1.54 1.58 1.50 1.36 1.19 1.08 1.04 1.14 1.34 1.54 1.69 1.81 1.85 1.80 1.65 1.39 1.12 0.86 0.66
  2   0.56 0.59 0.75 0.96 1.18 1.40 1.56 1.66 1.62 1.52 1.40 1.32 1.28 1.31 1.40 1.54 1.66 1.77 1.80 1.74 1.60 1.37 1.13 0.86
  3   0.66 0.57 0.64 0.80 1.02 1.24 1.48 1.65 1.72 1.67 1.59 1.48 1.36 1.26 1.28 1.37 1.49 1.60 1.69 1.71 1.64 1.48 1.29 1.02
  4   0.73 0.52 0.44 0.50 0.68 0.91 1.17 1.47 1.67 1.73 1.70 1.63 1.49 1.33 1.23 1.23 1.30 1.41 1.53 1.62 1.66 1.58 1.41 1.17
  5   0.83 0.60 0.40 0.34 0.47 0.71 0.98 1.30 1.62 1.80 1.85 1.77 1.62 1.42 1.23 1.12 1.12 1.21 1.34 1.49 1.61 1.63 1.53 1.32
  6   1.00 0.71 0.45 0.32 0.32 0.50 0.80 1.18 1.48 1.72 1.86 1.89 1.74 1.57 1.37 1.19 1.11 1.15 1.26 1.41 1.56 1.66 1.67 1.49
  7   1.22 0.90 0.60 0.38 0.29 0.38 0.65 0.98 1.34 1.68 1.89 1.96 1.88 1.70 1.49 1.25 1.10 1.07 1.14 1.30 1.45 1.62 1.69 1.58
  8   1.34 1.07 0.75 0.45 0.24 0.22 0.42 0.71 1.06 1.44 1.77 1.90 1.92 1.82 1.59 1.35 1.13 1.01 1.03 1.15 1.34 1.58 1.72 1.68
  9   1.50 1.30 0.96 0.62 0.37 0.28 0.38 0.62 0.98 1.37 1.71 1.95 2.02 1.99 1.78 1.49 1.20 1.02 0.96 1.05 1.22 1.48 1.68 1.76
 10   1.70 1.50 1.20 0.83 0.54 0.38 0.34 0.50 0.81 1.20 1.60 1.90 2.04 2.04 1.91 1.67 1.35 1.10 0.94 0.95 1.11 1.35 1.55 1.70
 11   1.75 1.61 1.40 1.09 0.71 0.48 0.39 0.43 0.66 1.05 1.45 1.77 2.00 2.09 2.01 1.77 1.48 1.14 0.91 0.84 0.92 1.14 1.38 1.58
 12   1.70 1.67 1.53 1.25 0.88 0.63 0.46 0.43 0.59 0.87 1.26 1.59 1.88 2.06 2.06 1.90 1.60 1.27 0.97 0.80 0.79 0.96 1.17 1.41
 13   1.60 1.68 1.60 1.42 1.16 0.85 0.61 0.53 0.57 0.73 1.06 1.41 1.69 1.89 1.96 1.90 1.66 1.33 1.02 0.81 0.68 0.73 0.91 1.14
 14   1.34 1.51 1.58 1.50 1.31 1.02 0.79 0.62 0.61 0.71 0.92 1.23 1.53 1.79 1.91 1.93 1.77 1.53 1.18 0.90 0.73 0.66 0.73 0.92
 15   1.17 1.37 1.48 1.53 1.48 1.33 1.11 0.91 0.81 0.82 0.95 1.17 1.44 1.68 1.87 1.96 1.89 1.69 1.39 1.08 0.83 0.68 0.62 0.73
 16   0.94 1.13 1.35 1.51 1.56 1.52 1.41 1.23 1.10 1.05 1.05 1.18 1.38 1.61 1.84 1.96 1.99 1.88 1.68 1.42 1.14 0.87 0.70 0.63
 17   0.73 0.95 1.15 1.36 1.55 1.66 1.67 1.58 1.42 1.31 1.24 1.21 1.29 1.45 1.67 1.83 1.92 1.95 1.83 1.65 1.35 1.04 0.75 0.60
 18   0.51 0.59 0.83 1.09 1.31 1.56 1.74 1.78 1.74 1.63 1.50 1.36 1.29 1.33 1.46 1.61 1.76 1.86 1.87 1.76 1.58 1.31 0.99 0.71
 19   0.48 0.43 0.50 0.72 1.04 1.33 1.63 1.82 1.93 1.92 1.77 1.62 1.45 1.37 1.37 1.48 1.61 1.75 1.87 1.93 1.86 1.68 1.34 0.97
 20   0.61 0.35 0.27 0.44 0.70 1.04 1.41 1.72 1.95 2.10 2.06 1.88 1.65 1.45 1.30 1.26 1.40 1.55 1.72 1.89 2.00 1.92 1.72 1.41
 21   0.95 0.51 0.27 0.19 0.32 0.68 1.09 1.49 1.85 2.15 2.26 2.16 1.89 1.59 1.35 1.19 1.16 1.27 1.47 1.71 1.92 2.06 1.98 1.79
 22   1.35 0.84 0.42 0.18 0.08 0.27 0.64 1.07 1.57 1.99 2.25 2.27 2.17 1.89 1.51 1.24 1.05 0.99 1.13 1.45 1.73 2.00 2.17 2.09
 23   1.79 1.41 0.83 0.41 0.20 0.12 0.35 0.84 1.29 1.75 2.17 2.39 2.39 2.21 1.79 1.35 1.07 0.90 0.91 1.09 1.42 1.76 2.03 2.16
 24   2.03 1.77 1.33 0.79 0.40 0.21 0.24 0.49 1.03 1.48 1.94 2.31 2.50 2.44 2.14 1.71 1.25 0.91 0.73 0.80 1.06 1.42 1.75 2.03
 25   2.13 2.00 1.70 1.28 0.77 0.43 0.29 0.36 0.70 1.19 1.70 2.07 2.33 2.42 2.31 1.99 1.51 1.04 0.73 0.62 0.78 1.08 1.42 1.73
 26   1.99 2.08 1.96 1.61 1.20 0.84 0.52 0.42 0.61 0.96 1.42 1.84 2.16 2.39 2.38 2.15 1.73 1.30 0.92 0.67 0.62 0.78 1.07 1.38
 27   1.74 1.90 1.96 1.83 1.53 1.20 0.90 0.69 0.66 0.84 1.16 1.53 1.91 2.18 2.34 2.27 1.94 1.55 1.14 0.84 0.65 0.63 0.77 1.08
 28   1.35 1.60 1.80 1.85 1.72 1.48 1.24 0.99 0.86 0.91 1.07 1.34 1.62 1.85 2.03 2.11 2.02 1.76 1.40 1.03 0.77 0.63 0.60 0.76
 29   1.00 1.26 1.47 1.63 1.69 1.62 1.43 1.21 1.06 0.98 1.02 1.18 1.42 1.65 1.82 1.92 1.90 1.74 1.48 1.18 0.91 0.71 0.58 0.59
 30   0.77 0.99 1.21 1.39 1.52 1.59 1.59 1.48 1.32 1.21 1.16 1.21 1.36 1.54 1.69 1.80 1.86 1.82 1.65 1.45 1.20 0.97 0.80 0.68
 31   0.66 0.81 0.99 1.19 1.39 1.54 1.66 1.64 1.56 1.48 1.40 1.33 1.34 1.43 1.55 1.66 1.73 1.77 1.72 1.57 1.38 1.16 0.93 0.76
 ----------------------------------------------------------------------------------------------------------------------------
                                                                                               
 ----------------------------------------------------------------------------------------------------------------------------
 ----------------------------------------------------------------------------------------------------------------------------
                                                          SURVEY OF INDIA
                                                    MARINE GEODESY WING (G&RB)
                                                     HOURLY HEIGHTS IN METRES
  NAME OF PORT:- MARMAGAO                                                                           MONTH AUGUST    YEAR 2013
 ----------------------------------------------------------------------------------------------------------------------------
 DAYS 0000 0001 0002 0003 0004 0005 0006 0007 0008 0009 0010 0011 0012 0013 0014 0015 0016 0017 0018 0019 0020 0021 0022 0023
 ----------------------------------------------------------------------------------------------------------------------------
  1   0.65 0.68 0.79 0.95 1.17 1.40 1.59 1.68 1.71 1.67 1.58 1.48 1.38 1.33 1.38 1.46 1.57 1.64 1.66 1.64 1.54 1.35 1.16 0.95
  2   0.73 0.65 0.67 0.78 0.95 1.16 1.41 1.59 1.73 1.75 1.70 1.57 1.42 1.33 1.27 1.27 1.35 1.45 1.55 1.63 1.61 1.48 1.33 1.14
  3   0.85 0.70 0.59 0.60 0.75 0.99 1.25 1.51 1.71 1.85 1.83 1.74 1.59 1.42 1.30 1.25 1.29 1.39 1.49 1.59 1.69 1.65 1.50 1.30
  4   1.03 0.76 0.55 0.50 0.56 0.77 1.07 1.34 1.61 1.79 1.87 1.84 1.69 1.51 1.30 1.13 1.10 1.19 1.33 1.49 1.59 1.64 1.59 1.42
  5   1.11 0.85 0.58 0.36 0.34 0.53 0.80 1.11 1.45 1.70 1.89 1.90 1.77 1.57 1.31 1.09 0.98 0.99 1.13 1.33 1.52 1.65 1.68 1.57
  6   1.33 0.99 0.68 0.41 0.31 0.38 0.59 0.95 1.31 1.61 1.86 1.95 1.84 1.67 1.39 1.11 0.92 0.84 0.92 1.11 1.36 1.55 1.68 1.65
  7   1.47 1.19 0.85 0.52 0.32 0.22 0.36 0.65 1.09 1.46 1.78 1.92 1.91 1.74 1.48 1.16 0.87 0.72 0.72 0.91 1.16 1.39 1.58 1.67
  8   1.58 1.37 1.02 0.66 0.37 0.22 0.27 0.52 0.87 1.26 1.63 1.86 1.90 1.80 1.55 1.20 0.83 0.61 0.55 0.68 0.93 1.18 1.43 1.60
  9   1.65 1.51 1.21 0.84 0.50 0.28 0.24 0.36 0.64 1.05 1.45 1.72 1.90 1.90 1.69 1.36 0.94 0.63 0.53 0.54 0.71 1.01 1.32 1.56
 10   1.68 1.66 1.46 1.14 0.78 0.48 0.35 0.36 0.56 0.90 1.30 1.62 1.86 1.95 1.84 1.54 1.12 0.74 0.51 0.42 0.51 0.76 1.10 1.37
 11   1.59 1.67 1.59 1.38 1.07 0.72 0.52 0.44 0.55 0.80 1.15 1.51 1.77 1.91 1.89 1.68 1.31 0.94 0.62 0.40 0.38 0.56 0.82 1.12
 12   1.38 1.58 1.63 1.55 1.36 1.04 0.75 0.62 0.63 0.74 1.04 1.38 1.64 1.79 1.86 1.76 1.54 1.12 0.74 0.50 0.36 0.36 0.58 0.88
 13   1.12 1.36 1.54 1.58 1.45 1.26 1.04 0.84 0.76 0.80 0.97 1.20 1.46 1.68 1.80 1.76 1.63 1.37 0.98 0.65 0.44 0.37 0.42 0.63
 14   0.88 1.16 1.36 1.51 1.59 1.51 1.36 1.16 1.03 0.98 1.01 1.13 1.38 1.58 1.71 1.79 1.72 1.52 1.25 0.92 0.64 0.47 0.38 0.40
 15   0.62 0.86 1.10 1.34 1.48 1.56 1.54 1.43 1.29 1.18 1.11 1.12 1.22 1.39 1.56 1.68 1.70 1.63 1.48 1.22 0.95 0.68 0.46 0.35
 16   0.40 0.53 0.77 1.02 1.24 1.46 1.62 1.64 1.57 1.44 1.31 1.20 1.18 1.24 1.33 1.46 1.59 1.69 1.66 1.54 1.31 1.06 0.80 0.52
 17   0.34 0.37 0.50 0.72 1.00 1.32 1.56 1.74 1.81 1.75 1.61 1.43 1.27 1.18 1.17 1.28 1.42 1.56 1.67 1.72 1.63 1.45 1.16 0.82
 18   0.49 0.35 0.30 0.41 0.68 1.02 1.35 1.64 1.88 1.94 1.90 1.72 1.44 1.18 1.05 1.04 1.13 1.33 1.53 1.68 1.76 1.70 1.44 1.16
 19   0.76 0.38 0.19 0.16 0.31 0.60 1.03 1.40 1.73 1.96 1.99 1.86 1.60 1.24 0.97 0.82 0.81 0.98 1.22 1.50 1.72 1.84 1.78 1.54
 20   1.17 0.74 0.35 0.12 0.10 0.30 0.68 1.12 1.56 1.92 2.12 2.10 1.93 1.58 1.10 0.78 0.68 0.68 0.90 1.22 1.52 1.80 1.96 1.88
 21   1.63 1.20 0.69 0.29 0.10 0.12 0.38 0.84 1.32 1.72 2.03 2.22 2.10 1.80 1.36 0.88 0.54 0.44 0.50 0.81 1.19 1.56 1.84 1.94
 22   1.81 1.59 1.10 0.58 0.23 0.06 0.18 0.50 1.00 1.42 1.82 2.14 2.23 1.96 1.59 1.08 0.64 0.38 0.28 0.46 0.84 1.22 1.58 1.88
 23   1.94 1.80 1.50 1.06 0.60 0.34 0.24 0.38 0.76 1.22 1.66 2.00 2.19 2.11 1.84 1.40 0.90 0.54 0.33 0.32 0.59 0.98 1.37 1.72
 24   1.98 1.98 1.82 1.48 1.07 0.72 0.54 0.53 0.73 1.15 1.54 1.88 2.14 2.23 2.05 1.72 1.30 0.82 0.49 0.34 0.43 0.71 1.12 1.45
 25   1.77 1.96 1.93 1.75 1.45 1.05 0.80 0.70 0.75 0.98 1.36 1.68 1.92 2.08 2.08 1.87 1.50 1.06 0.68 0.47 0.39 0.50 0.80 1.16
 26   1.45 1.71 1.84 1.80 1.61 1.34 1.09 0.92 0.86 0.94 1.18 1.49 1.76 1.93 1.98 1.86 1.64 1.35 1.01 0.73 0.55 0.52 0.68 0.94
 27   1.23 1.50 1.70 1.79 1.72 1.58 1.41 1.22 1.11 1.09 1.18 1.38 1.61 1.77 1.87 1.85 1.73 1.49 1.18 0.92 0.74 0.61 0.63 0.79
 28   1.04 1.26 1.47 1.62 1.70 1.67 1.57 1.45 1.33 1.23 1.22 1.31 1.45 1.61 1.71 1.74 1.67 1.52 1.32 1.11 0.90 0.75 0.65 0.67
 29   0.80 0.97 1.13 1.28 1.44 1.52 1.54 1.51 1.40 1.30 1.24 1.22 1.27 1.35 1.43 1.48 1.48 1.43 1.32 1.15 0.96 0.81 0.66 0.57
 30   0.59 0.72 0.88 1.04 1.22 1.36 1.46 1.52 1.46 1.37 1.27 1.19 1.16 1.16 1.23 1.32 1.38 1.39 1.36 1.27 1.14 0.98 0.80 0.64
 31   0.54 0.56 0.68 0.84 1.02 1.22 1.37 1.49 1.56 1.53 1.41 1.27 1.15 1.07 1.07 1.13 1.19 1.26 1.34 1.37 1.31 1.18 0.99 0.80
 ----------------------------------------------------------------------------------------------------------------------------
                                                                                               
 ----------------------------------------------------------------------------------------------------------------------------
 ----------------------------------------------------------------------------------------------------------------------------
                                                          SURVEY OF INDIA
                                                    MARINE GEODESY WING (G&RB)
                                                     HOURLY HEIGHTS IN METRES
  NAME OF PORT:- MARMAGAO                                                                           MONTH SEPT      YEAR 2013
 ----------------------------------------------------------------------------------------------------------------------------
 DAYS 0000 0001 0002 0003 0004 0005 0006 0007 0008 0009 0010 0011 0012 0013 0014 0015 0016 0017 0018 0019 0020 0021 0022 0023
 ----------------------------------------------------------------------------------------------------------------------------
  1   0.67 0.50 0.48 0.62 0.78 1.01 1.24 1.45 1.60 1.62 1.56 1.44 1.30 1.13 1.00 0.98 1.04 1.14 1.26 1.36 1.38 1.33 1.20 1.02
  2   0.77 0.57 0.45 0.45 0.61 0.82 1.07 1.36 1.58 1.68 1.66 1.54 1.36 1.16 0.96 0.86 0.89 1.01 1.20 1.37 1.51 1.56 1.46 1.26
  3   0.98 0.73 0.52 0.38 0.42 0.65 0.97 1.26 1.56 1.77 1.79 1.69 1.51 1.28 1.02 0.82 0.77 0.89 1.09 1.34 1.54 1.68 1.68 1.51
  4   1.31 1.02 0.68 0.52 0.46 0.57 0.86 1.18 1.56 1.84 1.95 1.89 1.73 1.48 1.16 0.86 0.74 0.79 0.95 1.26 1.55 1.78 1.85 1.80
  5   1.63 1.30 0.92 0.66 0.51 0.52 0.74 1.10 1.48 1.82 2.00 2.05 1.89 1.64 1.30 0.95 0.72 0.70 0.80 1.08 1.44 1.70 1.91 1.95
  6   1.79 1.58 1.20 0.80 0.59 0.50 0.64 0.90 1.30 1.68 1.96 2.08 2.05 1.85 1.48 1.05 0.70 0.56 0.59 0.79 1.16 1.52 1.84 1.98
  7   1.96 1.74 1.46 1.08 0.72 0.57 0.60 0.78 1.14 1.58 1.88 2.06 2.13 1.94 1.61 1.19 0.77 0.54 0.48 0.63 0.94 1.35 1.70 1.99
  8   2.05 1.93 1.72 1.36 0.94 0.74 0.66 0.73 0.99 1.38 1.76 2.02 2.14 2.08 1.82 1.44 0.96 0.62 0.40 0.39 0.63 1.01 1.41 1.74
  9   1.94 2.00 1.90 1.62 1.24 0.94 0.76 0.70 0.86 1.18 1.56 1.86 2.02 2.04 1.88 1.54 1.14 0.74 0.39 0.28 0.38 0.64 1.06 1.42
 10   1.70 1.86 1.88 1.76 1.50 1.16 0.92 0.80 0.82 1.05 1.33 1.60 1.80 1.90 1.87 1.68 1.32 0.90 0.54 0.32 0.26 0.38 0.70 1.10
 11   1.40 1.63 1.80 1.78 1.62 1.38 1.15 0.98 0.90 0.94 1.14 1.37 1.60 1.77 1.82 1.72 1.49 1.14 0.78 0.52 0.32 0.27 0.46 0.76
 12   1.04 1.34 1.60 1.73 1.74 1.60 1.42 1.24 1.12 1.05 1.11 1.29 1.48 1.66 1.75 1.76 1.70 1.51 1.17 0.85 0.60 0.46 0.44 0.59
 13   0.86 1.08 1.34 1.56 1.69 1.74 1.70 1.53 1.35 1.24 1.19 1.19 1.31 1.44 1.58 1.66 1.68 1.61 1.45 1.16 0.89 0.66 0.47 0.43
 14   0.54 0.78 1.00 1.24 1.48 1.68 1.76 1.74 1.63 1.48 1.33 1.20 1.17 1.25 1.37 1.49 1.59 1.68 1.65 1.53 1.34 1.07 0.82 0.64
 15   0.56 0.60 0.77 1.00 1.28 1.54 1.76 1.94 1.96 1.80 1.61 1.42 1.25 1.14 1.16 1.26 1.40 1.55 1.69 1.77 1.69 1.49 1.26 0.98
 16   0.64 0.52 0.58 0.74 0.95 1.30 1.66 1.89 2.04 2.04 1.88 1.60 1.34 1.07 0.95 0.94 1.07 1.30 1.54 1.73 1.84 1.81 1.66 1.44
 17   1.10 0.78 0.55 0.53 0.73 1.00 1.40 1.76 2.03 2.13 2.10 1.90 1.50 1.12 0.84 0.74 0.81 0.97 1.28 1.60 1.85 2.02 1.98 1.75
 18   1.39 0.95 0.68 0.54 0.55 0.78 1.15 1.56 1.90 2.16 2.23 2.09 1.82 1.38 0.91 0.61 0.52 0.63 0.90 1.29 1.67 1.97 2.12 2.03
 19   1.80 1.38 0.94 0.66 0.49 0.56 0.88 1.24 1.64 1.98 2.22 2.26 2.06 1.62 1.10 0.72 0.48 0.39 0.58 0.98 1.41 1.78 2.10 2.19
 20   2.05 1.76 1.34 0.96 0.65 0.53 0.70 1.08 1.46 1.82 2.10 2.26 2.19 1.86 1.40 0.84 0.48 0.27 0.29 0.56 1.02 1.46 1.86 2.09
 21   2.08 1.96 1.63 1.20 0.80 0.61 0.60 0.80 1.16 1.60 1.89 2.08 2.09 1.91 1.56 1.06 0.60 0.29 0.16 0.24 0.57 1.04 1.50 1.82
 22   2.02 1.99 1.78 1.44 1.07 0.79 0.65 0.73 1.00 1.34 1.64 1.91 2.02 1.95 1.68 1.27 0.82 0.46 0.26 0.17 0.36 0.72 1.16 1.57
 23   1.83 1.94 1.91 1.68 1.34 1.02 0.83 0.79 0.91 1.16 1.48 1.74 1.88 1.87 1.74 1.46 1.04 0.66 0.39 0.25 0.28 0.50 0.93 1.30
 24   1.59 1.82 1.88 1.78 1.55 1.26 1.02 0.93 0.92 1.02 1.26 1.54 1.73 1.80 1.74 1.51 1.20 0.85 0.56 0.40 0.36 0.50 0.76 1.08
 25   1.40 1.62 1.74 1.75 1.63 1.43 1.25 1.09 0.99 1.05 1.21 1.39 1.57 1.66 1.65 1.54 1.35 1.09 0.82 0.60 0.48 0.49 0.64 0.90
 26   1.19 1.39 1.57 1.70 1.69 1.57 1.42 1.29 1.18 1.11 1.17 1.30 1.45 1.57 1.64 1.60 1.48 1.30 1.08 0.88 0.74 0.64 0.66 0.80
 27   1.04 1.25 1.42 1.56 1.65 1.65 1.56 1.46 1.36 1.26 1.22 1.26 1.36 1.46 1.52 1.53 1.49 1.39 1.26 1.13 0.99 0.86 0.78 0.80
 28   0.91 1.08 1.24 1.40 1.55 1.64 1.67 1.65 1.59 1.46 1.35 1.30 1.30 1.34 1.39 1.44 1.49 1.49 1.44 1.34 1.21 1.08 0.97 0.88
 29   0.87 0.96 1.10 1.26 1.42 1.57 1.69 1.75 1.70 1.59 1.46 1.31 1.22 1.20 1.23 1.27 1.33 1.40 1.46 1.48 1.41 1.30 1.14 0.96
 30   0.89 0.87 0.93 1.07 1.23 1.42 1.64 1.78 1.81 1.73 1.58 1.41 1.24 1.12 1.08 1.15 1.26 1.37 1.50 1.60 1.64 1.54 1.36 1.16
 ----------------------------------------------------------------------------------------------------------------------------
                                                                                               
 ----------------------------------------------------------------------------------------------------------------------------
 ----------------------------------------------------------------------------------------------------------------------------
                                                          SURVEY OF INDIA
                                                    MARINE GEODESY WING (G&RB)
                                                     HOURLY HEIGHTS IN METRES
  NAME OF PORT:- MARMAGAO                                                                           MONTH OCTOBER   YEAR 2013
 ----------------------------------------------------------------------------------------------------------------------------
 DAYS 0000 0001 0002 0003 0004 0005 0006 0007 0008 0009 0010 0011 0012 0013 0014 0015 0016 0017 0018 0019 0020 0021 0022 0023
 ----------------------------------------------------------------------------------------------------------------------------
  1   0.98 0.87 0.82 0.87 1.04 1.28 1.52 1.74 1.83 1.83 1.68 1.47 1.26 1.05 0.91 0.90 0.96 1.15 1.37 1.57 1.65 1.65 1.55 1.35
  2   1.10 0.87 0.72 0.70 0.83 1.06 1.34 1.61 1.82 1.86 1.78 1.58 1.34 1.05 0.78 0.69 0.75 0.93 1.18 1.44 1.69 1.80 1.73 1.61
  3   1.35 1.06 0.82 0.72 0.74 0.90 1.18 1.52 1.80 1.90 1.91 1.77 1.49 1.16 0.82 0.59 0.55 0.70 0.99 1.30 1.61 1.82 1.94 1.87
  4   1.62 1.33 1.00 0.79 0.70 0.82 1.09 1.43 1.73 1.97 2.04 1.91 1.68 1.28 0.88 0.57 0.46 0.53 0.79 1.12 1.54 1.87 2.02 2.04
  5   1.90 1.64 1.28 0.98 0.78 0.73 0.96 1.28 1.62 1.89 2.06 2.05 1.85 1.50 1.04 0.62 0.39 0.34 0.50 0.86 1.26 1.70 2.00 2.10
  6   2.04 1.86 1.50 1.10 0.81 0.70 0.78 1.05 1.41 1.72 1.94 2.06 1.95 1.65 1.18 0.67 0.35 0.19 0.18 0.45 0.92 1.38 1.75 2.04
  7   2.12 2.02 1.76 1.38 1.01 0.79 0.73 0.89 1.20 1.51 1.82 2.02 2.01 1.78 1.43 0.93 0.47 0.18 0.09 0.21 0.56 1.04 1.49 1.87
  8   2.08 2.11 1.96 1.64 1.28 0.98 0.82 0.82 1.02 1.34 1.64 1.85 1.99 1.90 1.67 1.24 0.77 0.35 0.15 0.12 0.28 0.64 1.12 1.59
  9   1.80 2.06 2.06 1.85 1.53 1.21 0.97 0.86 0.90 1.10 1.38 1.63 1.85 1.89 1.75 1.48 1.04 0.63 0.33 0.17 0.18 0.40 0.82 1.24
 10   1.58 1.84 2.00 1.95 1.76 1.49 1.24 1.09 1.02 1.04 1.22 1.48 1.70 1.80 1.79 1.65 1.39 1.00 0.67 0.46 0.31 0.35 0.62 0.97
 11   1.30 1.61 1.84 1.94 1.92 1.76 1.54 1.32 1.17 1.10 1.12 1.28 1.46 1.62 1.70 1.70 1.58 1.37 1.07 0.78 0.56 0.46 0.48 0.72
 12   1.00 1.26 1.54 1.76 1.89 1.88 1.77 1.59 1.41 1.24 1.10 1.10 1.22 1.36 1.49 1.57 1.58 1.54 1.41 1.18 0.93 0.74 0.61 0.60
 13   0.77 1.00 1.24 1.50 1.74 1.88 1.91 1.81 1.64 1.42 1.19 1.07 1.05 1.12 1.23 1.36 1.50 1.59 1.59 1.50 1.33 1.11 0.89 0.72
 14   0.70 0.82 1.02 1.26 1.52 1.75 1.92 1.98 1.90 1.68 1.40 1.17 0.99 0.88 0.93 1.06 1.24 1.45 1.63 1.69 1.66 1.53 1.30 1.02
 15   0.81 0.76 0.81 1.00 1.22 1.51 1.80 1.98 2.02 1.90 1.64 1.33 1.01 0.74 0.64 0.70 0.88 1.13 1.42 1.66 1.79 1.78 1.61 1.35
 16   1.07 0.81 0.72 0.76 0.94 1.25 1.56 1.82 1.98 2.01 1.81 1.55 1.19 0.81 0.53 0.42 0.50 0.80 1.14 1.48 1.77 1.90 1.86 1.68
 17   1.40 1.04 0.77 0.64 0.74 0.92 1.26 1.60 1.87 1.96 1.90 1.68 1.36 0.90 0.49 0.27 0.20 0.38 0.76 1.15 1.52 1.80 1.92 1.88
 18   1.69 1.34 0.96 0.74 0.64 0.72 1.02 1.37 1.70 1.87 1.94 1.84 1.56 1.14 0.64 0.30 0.14 0.18 0.46 0.88 1.28 1.69 1.96 2.03
 19   1.93 1.68 1.31 0.94 0.76 0.74 0.91 1.22 1.56 1.82 1.96 1.95 1.74 1.39 0.90 0.46 0.18 0.11 0.24 0.58 1.08 1.54 1.86 2.05
 20   2.08 1.96 1.61 1.23 0.95 0.78 0.79 1.06 1.38 1.68 1.90 1.98 1.85 1.57 1.15 0.68 0.31 0.15 0.15 0.38 0.81 1.30 1.68 1.97
 21   2.16 2.07 1.84 1.50 1.17 0.91 0.83 0.96 1.22 1.52 1.76 1.90 1.90 1.71 1.38 0.94 0.50 0.29 0.21 0.30 0.57 1.05 1.46 1.80
 22   2.08 2.11 1.98 1.72 1.40 1.09 0.95 0.95 1.13 1.38 1.65 1.84 1.91 1.80 1.56 1.23 0.79 0.47 0.27 0.27 0.48 0.86 1.26 1.59
 23   1.91 2.08 2.05 1.87 1.60 1.31 1.10 1.03 1.08 1.24 1.50 1.69 1.79 1.76 1.59 1.35 1.03 0.73 0.52 0.41 0.50 0.72 1.05 1.39
 24   1.68 1.88 1.98 1.95 1.75 1.51 1.27 1.13 1.10 1.17 1.33 1.50 1.63 1.72 1.67 1.46 1.24 0.97 0.70 0.56 0.55 0.64 0.90 1.20
 25   1.48 1.72 1.87 1.90 1.83 1.64 1.44 1.28 1.18 1.14 1.24 1.39 1.52 1.60 1.63 1.54 1.37 1.19 1.00 0.81 0.72 0.75 0.86 1.07
 26   1.36 1.58 1.74 1.86 1.88 1.80 1.65 1.48 1.32 1.23 1.22 1.30 1.40 1.50 1.56 1.54 1.46 1.36 1.20 1.04 0.91 0.85 0.88 1.01
 27   1.20 1.38 1.58 1.73 1.83 1.83 1.76 1.65 1.49 1.35 1.25 1.22 1.28 1.35 1.41 1.48 1.50 1.46 1.38 1.26 1.14 1.04 0.98 0.98
 28   1.08 1.23 1.40 1.56 1.72 1.84 1.84 1.75 1.62 1.45 1.28 1.18 1.14 1.19 1.26 1.33 1.42 1.50 1.52 1.45 1.35 1.24 1.12 1.03
 29   1.00 1.09 1.22 1.36 1.54 1.71 1.80 1.82 1.74 1.56 1.37 1.20 1.06 0.98 1.03 1.14 1.25 1.38 1.50 1.57 1.55 1.43 1.29 1.13
 30   1.02 0.99 1.04 1.17 1.35 1.56 1.73 1.84 1.81 1.69 1.45 1.20 0.97 0.82 0.78 0.85 0.99 1.20 1.44 1.62 1.67 1.61 1.50 1.34
 31   1.16 1.01 0.96 1.06 1.23 1.42 1.64 1.83 1.91 1.83 1.65 1.35 1.04 0.81 0.67 0.65 0.77 1.00 1.25 1.53 1.76 1.86 1.80 1.65
 ----------------------------------------------------------------------------------------------------------------------------
                                                                                               
 ----------------------------------------------------------------------------------------------------------------------------
 ----------------------------------------------------------------------------------------------------------------------------
                                                          SURVEY OF INDIA
                                                    MARINE GEODESY WING (G&RB)
                                                     HOURLY HEIGHTS IN METRES
  NAME OF PORT:- MARMAGAO                                                                           MONTH NOVEMBER  YEAR 2013
 ----------------------------------------------------------------------------------------------------------------------------
 DAYS 0000 0001 0002 0003 0004 0005 0006 0007 0008 0009 0010 0011 0012 0013 0014 0015 0016 0017 0018 0019 0020 0021 0022 0023
 ----------------------------------------------------------------------------------------------------------------------------
  1   1.42 1.15 1.00 0.96 1.10 1.28 1.50 1.72 1.93 1.97 1.78 1.53 1.20 0.82 0.52 0.43 0.53 0.76 1.14 1.54 1.84 2.02 2.04 1.93
  2   1.70 1.42 1.16 1.02 0.99 1.14 1.38 1.68 1.93 2.01 1.94 1.74 1.41 0.99 0.55 0.35 0.30 0.49 0.82 1.28 1.69 2.03 2.18 2.18
  3   1.94 1.68 1.40 1.12 0.97 1.01 1.22 1.51 1.82 2.02 2.05 1.91 1.65 1.20 0.70 0.34 0.19 0.23 0.50 0.93 1.40 1.85 2.14 2.28
  4   2.20 1.99 1.64 1.29 1.06 0.97 1.09 1.34 1.65 1.93 2.08 2.08 1.85 1.49 0.95 0.49 0.18 0.08 0.26 0.62 1.07 1.60 2.04 2.28
  5   2.38 2.24 1.97 1.57 1.25 1.05 1.04 1.20 1.46 1.74 1.99 2.12 2.02 1.73 1.31 0.77 0.37 0.12 0.06 0.30 0.69 1.22 1.72 2.08
  6   2.33 2.40 2.21 1.90 1.50 1.20 1.03 1.06 1.28 1.55 1.80 2.02 2.10 1.97 1.65 1.16 0.65 0.33 0.15 0.16 0.44 0.96 1.47 1.87
  7   2.21 2.38 2.36 2.18 1.82 1.43 1.17 1.07 1.12 1.34 1.62 1.85 2.02 2.03 1.82 1.48 1.10 0.68 0.38 0.24 0.35 0.65 1.06 1.47
  8   1.88 2.17 2.30 2.26 2.00 1.69 1.40 1.19 1.08 1.16 1.35 1.56 1.78 1.94 1.94 1.74 1.44 1.10 0.78 0.54 0.44 0.55 0.83 1.19
  9   1.56 1.89 2.15 2.26 2.18 1.94 1.67 1.40 1.18 1.08 1.12 1.26 1.46 1.65 1.78 1.80 1.68 1.45 1.16 0.88 0.68 0.60 0.71 0.95
 10   1.26 1.56 1.83 2.06 2.13 2.05 1.86 1.60 1.34 1.13 0.99 1.00 1.11 1.29 1.45 1.57 1.64 1.60 1.49 1.26 1.01 0.85 0.80 0.83
 11   1.04 1.32 1.58 1.84 2.04 2.11 2.05 1.88 1.61 1.36 1.11 0.93 0.93 1.05 1.20 1.37 1.54 1.68 1.72 1.67 1.50 1.28 1.11 1.00
 12   1.03 1.20 1.41 1.65 1.90 2.07 2.12 2.06 1.90 1.63 1.30 1.04 0.86 0.80 0.89 1.07 1.28 1.53 1.71 1.80 1.78 1.66 1.45 1.23
 13   1.13 1.10 1.22 1.42 1.64 1.86 2.04 2.12 2.05 1.84 1.53 1.17 0.87 0.68 0.64 0.78 1.01 1.28 1.54 1.78 1.92 1.92 1.78 1.55
 14   1.29 1.16 1.13 1.22 1.40 1.64 1.86 2.02 2.08 1.98 1.74 1.39 1.02 0.70 0.51 0.50 0.67 0.97 1.34 1.70 1.95 2.07 2.03 1.86
 15   1.61 1.38 1.18 1.14 1.24 1.44 1.68 1.88 2.03 2.05 1.93 1.62 1.23 0.87 0.56 0.41 0.43 0.68 1.06 1.47 1.84 2.08 2.16 2.10
 16   1.93 1.59 1.33 1.17 1.11 1.22 1.44 1.66 1.86 2.00 1.96 1.75 1.40 1.01 0.60 0.35 0.30 0.46 0.75 1.16 1.60 1.96 2.16 2.20
 17   2.09 1.88 1.58 1.28 1.13 1.13 1.28 1.52 1.78 1.96 2.02 1.87 1.61 1.24 0.83 0.45 0.27 0.27 0.52 0.90 1.36 1.76 2.04 2.22
 18   2.19 2.05 1.78 1.46 1.19 1.12 1.18 1.38 1.62 1.84 1.97 1.97 1.77 1.44 1.04 0.64 0.37 0.27 0.36 0.70 1.17 1.62 1.97 2.22
 19   2.31 2.24 2.01 1.71 1.39 1.21 1.15 1.29 1.53 1.74 1.90 1.98 1.86 1.64 1.32 0.90 0.52 0.36 0.36 0.56 0.95 1.41 1.78 2.06
 20   2.27 2.26 2.10 1.84 1.51 1.27 1.14 1.16 1.32 1.52 1.72 1.86 1.87 1.69 1.45 1.10 0.70 0.47 0.38 0.45 0.70 1.10 1.50 1.87
 21   2.10 2.18 2.14 1.93 1.64 1.35 1.18 1.11 1.23 1.43 1.63 1.80 1.87 1.79 1.58 1.31 0.95 0.67 0.51 0.51 0.64 0.92 1.30 1.66
 22   1.95 2.12 2.14 2.02 1.80 1.50 1.28 1.16 1.15 1.28 1.46 1.64 1.76 1.76 1.63 1.46 1.19 0.88 0.68 0.62 0.65 0.86 1.18 1.52
 23   1.84 2.05 2.15 2.11 1.97 1.71 1.45 1.27 1.20 1.23 1.36 1.51 1.66 1.76 1.72 1.56 1.37 1.13 0.94 0.79 0.75 0.90 1.11 1.40
 24   1.67 1.90 2.06 2.11 2.03 1.84 1.60 1.38 1.27 1.22 1.24 1.36 1.49 1.58 1.61 1.57 1.48 1.32 1.15 0.97 0.86 0.86 1.02 1.21
 25   1.50 1.69 1.88 2.02 2.02 1.92 1.72 1.50 1.33 1.20 1.15 1.21 1.30 1.41 1.50 1.56 1.54 1.47 1.34 1.18 1.04 0.98 1.04 1.17
 26   1.34 1.55 1.72 1.88 2.00 1.97 1.84 1.65 1.43 1.25 1.11 1.06 1.10 1.18 1.30 1.41 1.49 1.52 1.48 1.40 1.27 1.17 1.12 1.12
 27   1.24 1.40 1.58 1.75 1.91 1.97 1.91 1.76 1.58 1.38 1.20 1.06 0.99 1.01 1.13 1.27 1.41 1.54 1.62 1.63 1.56 1.46 1.35 1.26
 28   1.24 1.33 1.47 1.61 1.78 1.92 1.98 1.92 1.75 1.53 1.30 1.06 0.87 0.82 0.87 1.03 1.21 1.40 1.57 1.70 1.73 1.64 1.52 1.40
 29   1.35 1.26 1.33 1.46 1.62 1.79 1.94 1.99 1.89 1.68 1.43 1.16 0.93 0.74 0.65 0.77 0.97 1.23 1.52 1.77 1.93 1.97 1.87 1.70
 30   1.50 1.35 1.28 1.35 1.51 1.69 1.87 2.01 2.03 1.87 1.63 1.30 0.92 0.65 0.49 0.49 0.65 0.96 1.30 1.66 1.94 2.12 2.09 1.97
 ----------------------------------------------------------------------------------------------------------------------------
                                                                                               
 ----------------------------------------------------------------------------------------------------------------------------
 ----------------------------------------------------------------------------------------------------------------------------
                                                          SURVEY OF INDIA
                                                    MARINE GEODESY WING (G&RB)
                                                     HOURLY HEIGHTS IN METRES
  NAME OF PORT:- MARMAGAO                                                                           MONTH DECEMBER  YEAR 2013
 ----------------------------------------------------------------------------------------------------------------------------
 DAYS 0000 0001 0002 0003 0004 0005 0006 0007 0008 0009 0010 0011 0012 0013 0014 0015 0016 0017 0018 0019 0020 0021 0022 0023
 ----------------------------------------------------------------------------------------------------------------------------
  1   1.76 1.52 1.35 1.26 1.30 1.48 1.71 1.90 2.04 2.05 1.85 1.56 1.16 0.72 0.42 0.29 0.33 0.60 1.02 1.44 1.82 2.13 2.27 2.24
  2   2.05 1.77 1.50 1.29 1.20 1.30 1.50 1.76 1.99 2.12 2.04 1.76 1.40 0.99 0.53 0.17 0.10 0.29 0.66 1.14 1.62 2.01 2.31 2.39
  3   2.28 2.00 1.64 1.34 1.17 1.15 1.31 1.56 1.82 2.03 2.12 2.00 1.70 1.29 0.78 0.33 0.09 0.09 0.31 0.78 1.34 1.81 2.19 2.46
  4   2.48 2.28 1.99 1.62 1.27 1.10 1.11 1.35 1.62 1.90 2.10 2.15 1.95 1.65 1.20 0.67 0.25 0.06 0.09 0.39 0.93 1.47 1.92 2.28
  5   2.51 2.45 2.24 1.84 1.46 1.16 1.04 1.10 1.33 1.61 1.84 2.04 2.08 1.90 1.56 1.08 0.54 0.19 0.06 0.16 0.50 1.03 1.55 1.96
  6   2.30 2.43 2.36 2.10 1.67 1.30 1.05 0.95 1.07 1.28 1.57 1.80 1.98 1.98 1.81 1.50 1.01 0.56 0.29 0.15 0.32 0.68 1.17 1.66
  7   2.00 2.34 2.45 2.30 2.00 1.61 1.26 1.00 0.93 1.00 1.22 1.50 1.76 1.88 1.88 1.71 1.43 1.06 0.72 0.46 0.40 0.56 0.93 1.33
  8   1.75 2.07 2.32 2.37 2.24 1.92 1.51 1.19 0.97 0.88 0.99 1.18 1.40 1.61 1.76 1.77 1.69 1.50 1.18 0.87 0.69 0.67 0.84 1.16
  9   1.55 1.84 2.10 2.28 2.27 2.11 1.79 1.46 1.16 0.94 0.85 0.92 1.09 1.29 1.47 1.63 1.72 1.68 1.54 1.31 1.09 0.95 0.92 1.08
 10   1.35 1.64 1.90 2.10 2.21 2.16 1.98 1.69 1.39 1.08 0.83 0.70 0.80 0.94 1.11 1.30 1.50 1.65 1.66 1.56 1.42 1.28 1.15 1.09
 11   1.16 1.36 1.60 1.80 1.94 2.02 1.98 1.84 1.60 1.29 0.97 0.71 0.60 0.68 0.84 1.04 1.23 1.43 1.62 1.72 1.68 1.56 1.41 1.27
 12   1.19 1.21 1.36 1.52 1.70 1.84 1.87 1.84 1.70 1.44 1.13 0.81 0.60 0.45 0.48 0.65 0.87 1.14 1.40 1.63 1.75 1.72 1.62 1.47
 13   1.28 1.16 1.21 1.31 1.44 1.57 1.68 1.77 1.74 1.59 1.35 1.04 0.70 0.48 0.38 0.42 0.59 0.92 1.24 1.56 1.78 1.87 1.85 1.73
 14   1.56 1.37 1.24 1.22 1.31 1.48 1.64 1.78 1.83 1.77 1.60 1.33 1.00 0.68 0.44 0.38 0.49 0.78 1.12 1.48 1.80 2.00 2.08 2.03
 15   1.86 1.65 1.44 1.31 1.30 1.42 1.58 1.76 1.89 1.94 1.84 1.60 1.28 0.92 0.59 0.43 0.41 0.62 0.94 1.33 1.70 2.00 2.17 2.20
 16   2.08 1.86 1.61 1.41 1.28 1.30 1.44 1.62 1.80 1.93 1.93 1.77 1.49 1.13 0.74 0.48 0.39 0.47 0.75 1.13 1.55 1.89 2.16 2.26
 17   2.22 2.03 1.78 1.51 1.32 1.26 1.32 1.50 1.69 1.82 1.91 1.83 1.63 1.32 0.90 0.55 0.34 0.32 0.50 0.85 1.28 1.68 1.99 2.19
 18   2.23 2.11 1.89 1.62 1.35 1.18 1.16 1.30 1.49 1.68 1.80 1.81 1.67 1.42 1.05 0.67 0.39 0.28 0.35 0.62 0.99 1.40 1.78 2.07
 19   2.19 2.15 2.00 1.70 1.38 1.16 1.08 1.14 1.32 1.52 1.72 1.80 1.72 1.52 1.21 0.85 0.53 0.38 0.34 0.50 0.82 1.23 1.66 1.98
 20   2.17 2.21 2.13 1.90 1.58 1.29 1.16 1.16 1.25 1.43 1.63 1.82 1.84 1.73 1.51 1.18 0.82 0.56 0.48 0.54 0.76 1.14 1.54 1.88
 21   2.14 2.29 2.25 2.07 1.76 1.47 1.23 1.13 1.18 1.33 1.51 1.69 1.81 1.77 1.60 1.36 1.05 0.76 0.59 0.57 0.72 0.98 1.34 1.70
 22   2.00 2.18 2.22 2.08 1.88 1.56 1.26 1.11 1.08 1.16 1.34 1.52 1.66 1.73 1.67 1.52 1.27 0.96 0.74 0.65 0.72 0.90 1.18 1.50
 23   1.84 2.04 2.17 2.14 1.97 1.72 1.39 1.12 1.03 1.03 1.17 1.34 1.50 1.63 1.67 1.59 1.41 1.18 0.96 0.82 0.79 0.86 1.08 1.38
 24   1.66 1.88 2.05 2.12 2.05 1.83 1.54 1.26 1.07 0.98 1.02 1.14 1.30 1.46 1.59 1.62 1.54 1.40 1.22 1.03 0.92 0.92 1.05 1.24
 25   1.50 1.74 1.91 2.03 2.02 1.89 1.66 1.40 1.14 0.98 0.91 0.95 1.09 1.26 1.40 1.50 1.55 1.54 1.44 1.29 1.17 1.09 1.10 1.22
 26   1.38 1.59 1.76 1.92 1.96 1.92 1.78 1.54 1.27 1.00 0.83 0.77 0.82 0.96 1.12 1.28 1.42 1.55 1.59 1.50 1.39 1.26 1.16 1.18
 27   1.31 1.45 1.63 1.80 1.92 1.95 1.87 1.69 1.43 1.16 0.90 0.71 0.63 0.68 0.85 1.05 1.26 1.46 1.61 1.68 1.64 1.54 1.40 1.32
 28   1.32 1.38 1.51 1.65 1.79 1.88 1.92 1.84 1.65 1.38 1.09 0.81 0.59 0.51 0.62 0.77 1.04 1.32 1.59 1.76 1.86 1.83 1.72 1.57
 29   1.43 1.37 1.40 1.51 1.64 1.78 1.92 1.94 1.84 1.64 1.34 0.96 0.62 0.38 0.32 0.40 0.68 1.01 1.34 1.68 1.92 1.99 1.94 1.81
 30   1.58 1.40 1.28 1.28 1.40 1.56 1.73 1.87 1.94 1.81 1.56 1.23 0.80 0.45 0.22 0.14 0.31 0.64 1.04 1.48 1.83 2.07 2.16 2.08
 31   1.85 1.59 1.37 1.23 1.23 1.34 1.55 1.77 1.96 1.99 1.86 1.63 1.21 0.71 0.30 0.06 0.04 0.29 0.67 1.12 1.64 2.02 2.28 2.30
 ----------------------------------------------------------------------------------------------------------------------------
                                                                                               
 ----------------------------------------------------------------------------------------------------------------------------
 ----------------------------------------------------------------------------------------------------------------------------
