                                                          SURVEY OF INDIA
                                                    MARINE GEODESY WING (G&RB)
                                                     HOURLY HEIGHTS IN METRES
  NAME OF PORT:- MARMAGAO                                                                           MONTH JANUARY   YEAR 2012
 ----------------------------------------------------------------------------------------------------------------------------
 DAYS 0000 0001 0002 0003 0004 0005 0006 0007 0008 0009 0010 0011 0012 0013 0014 0015 0016 0017 0018 0019 0020 0021 0022 0023
 ----------------------------------------------------------------------------------------------------------------------------
  1
  2
  3
  4
  5
  6
  7
  8
  9
 10
 11
 12
 13
 14
 15
 16
 17
 18
 19
 20
 21
 22   2.15 1.84 1.52 1.31 1.21 1.20 1.39 1.63 1.84 1.97 1.98 1.84 1.56 1.13 0.69 0.40 0.25 0.35 0.64 1.10 1.56 1.95 2.28 2.44
 23   2.36 2.18 1.85 1.46 1.19 1.13 1.24 1.44 1.75 1.97 2.07 2.07 1.91 1.61 1.12 0.66 0.41 0.34 0.52 0.88 1.34 1.78 2.16 2.41
 24   2.46 2.31 1.98 1.56 1.24 1.01 0.99 1.20 1.49 1.75 1.95 2.08 2.03 1.80 1.44 0.98 0.60 0.41 0.44 0.65 1.07 1.51 1.92 2.24
 25   2.41 2.34 2.10 1.74 1.32 1.04 0.90 0.97 1.20 1.51 1.76 1.93 2.01 1.93 1.66 1.28 0.88 0.61 0.48 0.54 0.79 1.24 1.72 2.09
 26   2.34 2.41 2.23 1.90 1.50 1.09 0.85 0.80 0.95 1.21 1.53 1.77 1.91 1.94 1.83 1.51 1.12 0.81 0.62 0.60 0.70 1.06 1.52 1.90
 27   2.14 2.34 2.26 2.04 1.69 1.28 0.96 0.76 0.71 0.87 1.17 1.45 1.70 1.85 1.84 1.71 1.45 1.09 0.81 0.72 0.79 1.00 1.35 1.74
 28   2.00 2.21 2.22 2.11 1.85 1.49 1.06 0.77 0.67 0.73 0.94 1.21 1.44 1.64 1.72 1.68 1.52 1.28 1.07 0.91 0.87 1.03 1.31 1.62
 29   1.90 2.07 2.13 2.06 1.84 1.53 1.17 0.89 0.73 0.68 0.81 1.01 1.24 1.45 1.59 1.62 1.56 1.42 1.26 1.11 1.04 1.07 1.24 1.48
 30   1.75 1.92 2.01 1.98 1.85 1.61 1.30 1.02 0.84 0.74 0.75 0.88 1.10 1.31 1.48 1.60 1.64 1.58 1.48 1.37 1.29 1.25 1.32 1.47
 31
 ----------------------------------------------------------------------------------------------------------------------------
                                                                                               
 ----------------------------------------------------------------------------------------------------------------------------
 ----------------------------------------------------------------------------------------------------------------------------
                                                          SURVEY OF INDIA
                                                    MARINE GEODESY WING (G&RB)
                                                     HOURLY HEIGHTS IN METRES
  NAME OF PORT:- MARMAGAO                                                                           MONTH FEBRUARY  YEAR 2012
 ----------------------------------------------------------------------------------------------------------------------------
 DAYS 0000 0001 0002 0003 0004 0005 0006 0007 0008 0009 0010 0011 0012 0013 0014 0015 0016 0017 0018 0019 0020 0021 0022 0023
 ----------------------------------------------------------------------------------------------------------------------------
  1
  2
  3
  4
  5
  6
  7   2.14 1.91 1.56 1.31 1.20 1.17 1.30 1.52 1.76 1.92 1.96 1.89 1.68 1.33 0.90 0.58 0.37 0.41 0.60 0.98 1.40 1.80 2.13 2.31
  8   2.24 2.00 1.69 1.30 1.04 0.94 0.95 1.16 1.45 1.72 1.92 1.96 1.82 1.55 1.12 0.68 0.37 0.26 0.35 0.64 1.06 1.55 1.94 2.19
  9   2.31 2.12 1.79 1.37 1.01 0.74 0.67 0.85 1.14 1.45 1.75 1.97 1.98 1.82 1.46 1.01 0.58 0.37 0.33 0.51 0.86 1.32 1.81 2.16
 10   2.32 2.30 2.04 1.62 1.19 0.83 0.59 0.59 0.88 1.26 1.62 1.90 2.07 2.06 1.85 1.48 1.02 0.67 0.53 0.54 0.80 1.24 1.70 2.08
 11   2.34 2.44 2.31 1.94 1.46 0.99 0.67 0.56 0.66 0.96 1.38 1.74 2.04 2.15 2.09 1.88 1.52 1.08 0.82 0.73 0.86 1.14 1.58 1.96
 12   2.27 2.46 2.44 2.24 1.79 1.29 0.82 0.57 0.53 0.70 1.00 1.34 1.72 1.98 2.11 2.04 1.78 1.44 1.11 0.94 0.91 1.04 1.34 1.72
 13   2.06 2.27 2.34 2.28 1.99 1.53 1.01 0.68 0.50 0.46 0.66 1.00 1.34 1.64 1.87 1.99 1.93 1.75 1.47 1.24 1.13 1.14 1.31 1.57
 14   1.86 2.09 2.25 2.25 2.10 1.79 1.36 0.99 0.70 0.52 0.52 0.75 1.04 1.30 1.58 1.80 1.94 1.92 1.78 1.58 1.44 1.35 1.35 1.47
 15   1.67 1.86 2.02 2.12 2.10 1.94 1.68 1.33 0.97 0.72 0.57 0.57 0.77 1.01 1.28 1.51 1.71 1.87 1.92 1.83 1.69 1.59 1.50 1.48
 16   1.52 1.64 1.79 1.89 1.97 1.95 1.80 1.59 1.31 1.00 0.77 0.60 0.56 0.69 0.85 1.07 1.31 1.55 1.75 1.85 1.84 1.76 1.66 1.52
 17   1.39 1.39 1.47 1.57 1.68 1.77 1.79 1.70 1.53 1.31 1.05 0.75 0.53 0.45 0.54 0.70 0.95 1.23 1.52 1.76 1.92 1.95 1.85 1.69
 18   1.49 1.35 1.30 1.32 1.42 1.55 1.66 1.76 1.75 1.62 1.43 1.14 0.82 0.58 0.45 0.48 0.66 0.97 1.31 1.66 1.90 2.04 2.10 1.95
 19   1.68 1.46 1.27 1.16 1.18 1.30 1.49 1.67 1.80 1.80 1.69 1.50 1.16 0.80 0.54 0.42 0.48 0.70 1.06 1.46 1.78 2.06 2.22 2.18
 20   1.92 1.65 1.33 1.11 1.02 1.10 1.29 1.52 1.75 1.91 1.91 1.80 1.54 1.17 0.80 0.58 0.47 0.58 0.90 1.30 1.66 2.02 2.25 2.30
 21   2.20 1.90 1.50 1.16 0.99 0.94 1.07 1.34 1.63 1.86 1.98 1.97 1.83 1.53 1.11 0.77 0.54 0.51 0.70 1.08 1.50 1.88 2.18 2.34
 22   2.30 2.07 1.70 1.28 0.98 0.84 0.84 1.05 1.40 1.69 1.90 2.01 2.00 1.80 1.46 1.04 0.73 0.58 0.65 0.93 1.30 1.72 2.04 2.27
 23   2.34 2.17 1.85 1.44 1.04 0.80 0.74 0.83 1.12 1.46 1.76 1.98 2.04 1.92 1.66 1.29 0.93 0.69 0.67 0.81 1.14 1.56 1.94 2.17
 24   2.32 2.24 1.99 1.60 1.16 0.87 0.72 0.73 0.97 1.34 1.67 1.93 2.05 2.03 1.80 1.50 1.13 0.91 0.83 0.85 1.13 1.49 1.87 2.15
 25   2.25 2.25 2.03 1.69 1.29 0.91 0.69 0.65 0.80 1.09 1.49 1.79 1.97 2.03 1.94 1.69 1.39 1.11 0.95 0.92 1.05 1.39 1.75 2.00
 26   2.14 2.20 2.04 1.75 1.39 0.99 0.73 0.64 0.72 0.89 1.23 1.55 1.79 1.93 1.94 1.83 1.61 1.30 1.11 1.04 1.10 1.32 1.64 1.92
 27   2.09 2.20 2.14 1.89 1.56 1.20 0.91 0.75 0.70 0.80 1.09 1.39 1.68 1.88 1.96 1.93 1.79 1.54 1.33 1.24 1.22 1.33 1.54 1.79
 28   1.92 2.11 2.11 1.96 1.70 1.38 1.06 0.86 0.74 0.74 0.88 1.13 1.37 1.59 1.76 1.84 1.81 1.71 1.54 1.41 1.34 1.35 1.46 1.62
 29   1.83 1.96 2.03 1.96 1.81 1.56 1.31 1.04 0.84 0.76 0.81 0.95 1.15 1.37 1.58 1.73 1.80 1.77 1.68 1.54 1.44 1.41 1.46 1.54
 ----------------------------------------------------------------------------------------------------------------------------
                                                                                               
 ----------------------------------------------------------------------------------------------------------------------------
 ----------------------------------------------------------------------------------------------------------------------------
                                                          SURVEY OF INDIA
                                                    MARINE GEODESY WING (G&RB)
                                                     HOURLY HEIGHTS IN METRES
  NAME OF PORT:- MARMAGAO                                                                           MONTH MARCH     YEAR 2012
 ----------------------------------------------------------------------------------------------------------------------------
 DAYS 0000 0001 0002 0003 0004 0005 0006 0007 0008 0009 0010 0011 0012 0013 0014 0015 0016 0017 0018 0019 0020 0021 0022 0023
 ----------------------------------------------------------------------------------------------------------------------------
  1   1.65 1.79 1.87 1.84 1.76 1.61 1.39 1.19 0.99 0.82 0.73 0.78 0.92 1.12 1.31 1.48 1.63 1.70 1.71 1.67 1.61 1.55 1.47 1.48
  2   1.55 1.66 1.74 1.77 1.74 1.67 1.53 1.36 1.16 0.97 0.82 0.75 0.77 0.87 1.04 1.21 1.39 1.55 1.68 1.73 1.70 1.63 1.55 1.48
  3   1.44 1.48 1.54 1.61 1.65 1.67 1.60 1.49 1.35 1.16 0.97 0.81 0.71 0.71 0.80 0.96 1.13 1.34 1.57 1.71 1.77 1.74 1.65 1.55
  4   1.41 1.33 1.31 1.36 1.44 1.53 1.59 1.61 1.54 1.38 1.18 0.97 0.80 0.66 0.61 0.69 0.90 1.14 1.42 1.67 1.83 1.89 1.85 1.71
  5   1.51 1.33 1.21 1.18 1.28 1.39 1.52 1.64 1.71 1.63 1.46 1.21 0.97 0.71 0.53 0.53 0.69 0.92 1.29 1.63 1.89 2.02 2.02 1.86
  6   1.59 1.35 1.13 1.04 1.06 1.19 1.37 1.61 1.77 1.84 1.75 1.55 1.25 0.89 0.61 0.49 0.51 0.74 1.07 1.47 1.83 2.09 2.19 2.11
  7   1.84 1.50 1.18 0.94 0.89 0.97 1.21 1.55 1.79 1.93 1.97 1.89 1.64 1.29 0.87 0.56 0.44 0.53 0.79 1.19 1.63 1.98 2.21 2.21
  8   1.99 1.66 1.23 0.85 0.63 0.61 0.75 1.09 1.47 1.77 1.97 2.05 1.90 1.59 1.13 0.71 0.44 0.36 0.49 0.83 1.31 1.75 2.04 2.21
  9   2.09 1.79 1.35 0.84 0.48 0.31 0.38 0.64 1.07 1.49 1.83 2.05 2.05 1.88 1.52 1.05 0.66 0.45 0.45 0.69 1.16 1.65 1.99 2.25
 10   2.28 2.07 1.69 1.17 0.63 0.31 0.23 0.37 0.73 1.21 1.64 1.97 2.16 2.10 1.86 1.45 0.99 0.70 0.55 0.64 0.92 1.39 1.76 2.07
 11   2.25 2.17 1.89 1.43 0.82 0.35 0.07 0.07 0.29 0.72 1.15 1.59 1.92 2.05 1.95 1.73 1.33 0.91 0.69 0.65 0.77 1.09 1.55 1.81
 12   2.01 2.12 1.97 1.60 1.11 0.56 0.15-0.04-0.03 0.28 0.70 1.13 1.54 1.84 1.96 1.89 1.65 1.27 0.97 0.78 0.76 0.92 1.26 1.57
 13   1.83 1.96 1.97 1.77 1.43 0.94 0.45 0.17 0.04 0.10 0.39 0.81 1.21 1.57 1.81 1.91 1.83 1.62 1.36 1.14 1.01 1.01 1.16 1.42
 14   1.69 1.86 1.96 1.89 1.69 1.34 0.96 0.61 0.36 0.22 0.30 0.56 0.89 1.21 1.50 1.75 1.85 1.79 1.64 1.43 1.24 1.14 1.14 1.24
 15   1.43 1.59 1.76 1.83 1.76 1.56 1.31 1.01 0.73 0.48 0.35 0.43 0.62 0.89 1.16 1.41 1.62 1.75 1.76 1.65 1.49 1.35 1.21 1.18
 16   1.29 1.39 1.49 1.59 1.67 1.66 1.55 1.37 1.12 0.87 0.65 0.55 0.57 0.69 0.91 1.16 1.39 1.62 1.79 1.87 1.80 1.67 1.53 1.40
 17   1.27 1.27 1.33 1.43 1.53 1.63 1.67 1.62 1.51 1.31 1.08 0.86 0.67 0.64 0.75 0.94 1.16 1.39 1.65 1.85 1.93 1.88 1.75 1.55
 18   1.31 1.17 1.15 1.17 1.29 1.45 1.59 1.71 1.72 1.63 1.43 1.16 0.91 0.73 0.68 0.73 0.93 1.19 1.49 1.76 1.97 2.03 1.94 1.79
 19   1.49 1.21 1.07 1.01 1.05 1.19 1.43 1.63 1.77 1.79 1.73 1.51 1.20 0.91 0.75 0.73 0.84 1.07 1.35 1.61 1.87 2.02 2.03 1.89
 20   1.64 1.33 1.11 0.94 0.92 1.04 1.25 1.49 1.71 1.83 1.84 1.74 1.52 1.21 0.93 0.79 0.79 0.92 1.17 1.45 1.71 1.93 2.04 1.99
 21   1.79 1.47 1.22 1.00 0.87 0.91 1.09 1.33 1.58 1.84 2.04 2.03 1.87 1.56 1.22 0.95 0.80 0.82 1.01 1.35 1.71 2.02 2.19 2.20
 22
 23
 24
 25
 26
 27
 28
 29
 30
 31
 ----------------------------------------------------------------------------------------------------------------------------
                                                                                               
 ----------------------------------------------------------------------------------------------------------------------------
 ----------------------------------------------------------------------------------------------------------------------------
                                                          SURVEY OF INDIA
                                                    MARINE GEODESY WING (G&RB)
                                                     HOURLY HEIGHTS IN METRES
  NAME OF PORT:- MARMAGAO                                                                           MONTH APRIL     YEAR 2012
 ----------------------------------------------------------------------------------------------------------------------------
 DAYS 0000 0001 0002 0003 0004 0005 0006 0007 0008 0009 0010 0011 0012 0013 0014 0015 0016 0017 0018 0019 0020 0021 0022 0023
 ----------------------------------------------------------------------------------------------------------------------------
  1
  2
  3
  4
  5
  6
  7
  8
  9
 10
 11
 12
 13
 14   1.28 1.39 1.52 1.64 1.70 1.68 1.60 1.40 1.19 1.01 0.85 0.79 0.89 1.10 1.34 1.57 1.77 1.96 2.02 1.98 1.85 1.66 1.43 1.24
 15   1.15 1.16 1.26 1.39 1.52 1.62 1.68 1.66 1.54 1.36 1.18 1.02 0.91 0.96 1.15 1.35 1.57 1.78 1.95 2.05 2.02 1.88 1.66 1.44
 16   1.18 1.02 1.02 1.14 1.30 1.47 1.63 1.75 1.76 1.67 1.50 1.32 1.14 1.01 1.00 1.20 1.42 1.64 1.86 2.03 2.11 2.04 1.90 1.68
 17   1.28 1.03 0.91 0.92 1.07 1.29 1.50 1.69 1.83 1.87 1.79 1.58 1.38 1.18 1.06 1.07 1.20 1.40 1.64 1.87 2.03 2.08 1.97 1.76
 18   1.45 1.10 0.86 0.79 0.82 0.99 1.27 1.56 1.80 1.97 1.96 1.83 1.61 1.37 1.17 1.05 1.09 1.27 1.52 1.74 1.93 2.07 2.04 1.83
 19   1.59 1.19 0.88 0.68 0.64 0.71 1.00 1.38 1.70 1.94 2.07 2.03 1.82 1.56 1.28 1.09 1.02 1.11 1.31 1.56 1.80 1.97 2.03 1.95
 20   1.68 1.32 0.96 0.66 0.51 0.53 0.78 1.10 1.47 1.76 1.98 2.06 1.96 1.75 1.45 1.21 1.03 1.00 1.15 1.40 1.66 1.86 1.97 1.94
 21   1.72 1.38 1.02 0.70 0.44 0.40 0.54 0.84 1.19 1.57 1.86 2.04 2.03 1.88 1.63 1.35 1.12 1.01 1.07 1.25 1.51 1.77 1.93 1.94
 22   1.78 1.54 1.17 0.80 0.50 0.37 0.43 0.66 1.05 1.46 1.76 2.00 2.11 2.04 1.83 1.54 1.28 1.09 1.07 1.16 1.40 1.65 1.82 1.92
 23   1.80 1.60 1.30 0.90 0.53 0.31 0.30 0.48 0.80 1.22 1.60 1.88 2.08 2.08 1.92 1.64 1.38 1.14 1.06 1.09 1.22 1.47 1.68 1.86
 24   1.80 1.69 1.42 1.02 0.58 0.38 0.28 0.38 0.59 0.96 1.33 1.68 1.92 2.04 1.95 1.76 1.49 1.23 1.06 1.02 1.14 1.34 1.56 1.74
 25   1.79 1.76 1.54 1.20 0.84 0.50 0.37 0.34 0.46 0.78 1.14 1.48 1.80 2.00 2.00 1.89 1.68 1.46 1.22 1.13 1.16 1.28 1.46 1.66
 26   1.78 1.78 1.65 1.44 1.12 0.82 0.60 0.45 0.47 0.67 0.97 1.27 1.58 1.82 1.98 1.96 1.81 1.57 1.34 1.18 1.14 1.19 1.33 1.51
 27   1.65 1.74 1.69 1.53 1.29 1.03 0.78 0.58 0.53 0.64 0.84 1.10 1.40 1.66 1.84 1.96 1.90 1.76 1.57 1.38 1.28 1.24 1.30 1.45
 28   1.60 1.68 1.72 1.63 1.46 1.26 1.05 0.82 0.67 0.65 0.81 1.02 1.25 1.50 1.72 1.88 1.94 1.87 1.70 1.53 1.36 1.26 1.24 1.30
 29   1.40 1.52 1.62 1.65 1.56 1.42 1.22 1.02 0.84 0.74 0.73 0.85 1.06 1.30 1.54 1.75 1.88 1.92 1.84 1.70 1.54 1.36 1.22 1.18
 30   1.20 1.28 1.40 1.50 1.55 1.54 1.44 1.30 1.12 0.94 0.85 0.82 0.90 1.08 1.28 1.50 1.70 1.84 1.89 1.82 1.67 1.46 1.26 1.10
 ----------------------------------------------------------------------------------------------------------------------------
                                                                                               
 ----------------------------------------------------------------------------------------------------------------------------
 ----------------------------------------------------------------------------------------------------------------------------
                                                          SURVEY OF INDIA
                                                    MARINE GEODESY WING (G&RB)
                                                     HOURLY HEIGHTS IN METRES
  NAME OF PORT:- MARMAGAO                                                                           MONTH MAY       YEAR 2012
 ----------------------------------------------------------------------------------------------------------------------------
 DAYS 0000 0001 0002 0003 0004 0005 0006 0007 0008 0009 0010 0011 0012 0013 0014 0015 0016 0017 0018 0019 0020 0021 0022 0023
 ----------------------------------------------------------------------------------------------------------------------------
  1   0.99 1.05 1.13 1.24 1.35 1.45 1.52 1.50 1.44 1.24 1.02 0.90 0.86 0.94 1.12 1.32 1.56 1.77 1.92 1.93 1.83 1.60 1.30 1.05
  2   0.86 0.80 0.82 1.00 1.22 1.44 1.60 1.70 1.72 1.59 1.35 1.11 0.96 0.90 0.98 1.16 1.39 1.62 1.84 2.00 1.98 1.83 1.54 1.14
  3   0.85 0.62 0.58 0.70 0.94 1.22 1.50 1.75 1.88 1.92 1.76 1.50 1.20 1.02 0.94 1.01 1.19 1.41 1.66 1.91 2.06 2.04 1.84 1.48
  4   0.98 0.64 0.39 0.33 0.50 0.83 1.20 1.57 1.90 2.07 2.08 1.92 1.62 1.28 1.08 0.99 1.04 1.22 1.53 1.82 2.08 2.19 2.08 1.81
  5   1.30 0.78 0.39 0.20 0.19 0.42 0.84 1.27 1.70 2.06 2.23 2.22 2.02 1.66 1.34 1.09 0.97 1.04 1.30 1.58 1.87 2.14 2.19 2.00
  6   1.67 1.12 0.54 0.18-0.03 0.02 0.32 0.77 1.30 1.76 2.12 2.32 2.26 2.04 1.66 1.30 1.04 0.92 1.01 1.32 1.64 1.91 2.13 2.14
  7   1.87 1.48 0.92 0.34-0.03-0.20-0.03 0.30 0.86 1.37 1.82 2.14 2.33 2.24 1.96 1.52 1.20 0.97 0.89 1.00 1.33 1.64 1.88 2.03
  8   1.96 1.70 1.30 0.74 0.18-0.16-0.23-0.07 0.39 0.90 1.40 1.86 2.15 2.25 2.16 1.85 1.42 1.08 0.90 0.87 1.03 1.34 1.60 1.82
  9   1.92 1.82 1.60 1.12 0.56 0.16-0.06-0.14 0.08 0.55 1.02 1.47 1.87 2.19 2.21 2.05 1.76 1.38 1.06 0.87 0.87 1.07 1.36 1.60
 10   1.80 1.88 1.80 1.55 1.10 0.64 0.30 0.10 0.06 0.30 0.74 1.18 1.56 1.90 2.12 2.12 1.92 1.64 1.33 1.06 0.93 0.93 1.08 1.27
 11   1.50 1.68 1.72 1.63 1.42 1.11 0.72 0.43 0.28 0.29 0.53 0.88 1.25 1.64 1.91 2.05 2.04 1.85 1.55 1.28 1.04 0.87 0.87 1.02
 12   1.21 1.38 1.52 1.58 1.52 1.36 1.11 0.83 0.59 0.47 0.48 0.69 1.00 1.31 1.61 1.82 1.97 1.95 1.79 1.52 1.24 1.02 0.88 0.85
 13   0.94 1.08 1.21 1.35 1.46 1.45 1.35 1.17 0.96 0.78 0.71 0.72 0.93 1.19 1.46 1.71 1.87 1.85 1.70 1.50 1.30 1.10 0.90 0.75
 14   0.73 0.90 1.07 1.23 1.35 1.42 1.39 1.29 1.16 1.04 0.93 0.84 0.84 1.00 1.19 1.38 1.57 1.72 1.80 1.78 1.62 1.39 1.12 0.87
 15   0.68 0.64 0.70 0.86 1.04 1.22 1.37 1.47 1.46 1.36 1.21 1.05 0.95 0.94 1.06 1.23 1.44 1.60 1.74 1.80 1.69 1.50 1.26 0.98
 16   0.74 0.56 0.54 0.67 0.86 1.07 1.32 1.52 1.62 1.62 1.49 1.32 1.18 1.06 1.04 1.14 1.30 1.48 1.65 1.79 1.81 1.70 1.48 1.22
 17   0.86 0.66 0.51 0.51 0.68 0.92 1.19 1.44 1.62 1.71 1.70 1.62 1.42 1.20 1.08 1.06 1.18 1.32 1.48 1.64 1.74 1.74 1.63 1.40
 18   1.06 0.74 0.52 0.42 0.44 0.63 0.94 1.25 1.51 1.74 1.83 1.77 1.62 1.42 1.22 1.08 1.08 1.20 1.37 1.53 1.68 1.74 1.67 1.48
 19   1.20 0.83 0.59 0.41 0.38 0.48 0.75 1.06 1.35 1.64 1.88 1.89 1.78 1.60 1.37 1.16 1.09 1.11 1.24 1.42 1.62 1.74 1.74 1.62
 20   1.34 0.96 0.60 0.36 0.23 0.29 0.54 0.86 1.21 1.60 1.86 1.95 1.89 1.73 1.49 1.26 1.10 1.03 1.09 1.28 1.49 1.68 1.76 1.64
 21   1.45 1.16 0.76 0.42 0.20 0.18 0.34 0.66 1.02 1.38 1.71 1.90 1.92 1.82 1.60 1.35 1.10 0.99 1.00 1.13 1.34 1.55 1.69 1.69
 22   1.52 1.24 0.88 0.53 0.28 0.13 0.21 0.46 0.85 1.20 1.57 1.82 1.93 1.88 1.72 1.50 1.24 1.07 0.98 1.04 1.21 1.43 1.64 1.72
 23   1.64 1.45 1.17 0.77 0.41 0.24 0.21 0.32 0.65 1.02 1.41 1.78 1.94 1.98 1.90 1.69 1.39 1.12 1.00 1.00 1.11 1.33 1.55 1.66
 24   1.67 1.59 1.32 0.97 0.61 0.35 0.19 0.20 0.43 0.77 1.17 1.52 1.80 1.95 1.93 1.78 1.53 1.26 1.05 0.96 1.03 1.18 1.39 1.57
 25   1.64 1.62 1.45 1.18 0.82 0.54 0.34 0.26 0.35 0.64 1.00 1.37 1.69 1.91 1.98 1.91 1.72 1.45 1.19 1.04 0.99 1.10 1.26 1.44
 26   1.58 1.65 1.57 1.38 1.08 0.76 0.54 0.40 0.40 0.54 0.83 1.14 1.44 1.74 1.92 1.93 1.82 1.59 1.30 1.09 0.98 0.98 1.10 1.22
 27   1.43 1.51 1.54 1.47 1.29 1.05 0.81 0.58 0.48 0.52 0.71 0.98 1.28 1.53 1.77 1.90 1.88 1.70 1.45 1.20 1.03 0.90 0.90 0.98
 28   1.14 1.29 1.40 1.44 1.38 1.22 1.04 0.83 0.63 0.55 0.62 0.80 1.05 1.33 1.59 1.78 1.87 1.80 1.62 1.38 1.14 0.94 0.80 0.79
 29   0.95 1.06 1.21 1.33 1.39 1.37 1.23 1.07 0.89 0.77 0.71 0.75 0.88 1.11 1.36 1.59 1.75 1.79 1.71 1.54 1.28 1.03 0.80 0.63
 30   0.62 0.74 0.89 1.07 1.23 1.35 1.38 1.34 1.20 1.06 0.92 0.81 0.80 0.95 1.15 1.39 1.59 1.74 1.77 1.67 1.48 1.21 0.88 0.61
 31   0.46 0.45 0.60 0.78 1.01 1.25 1.43 1.55 1.54 1.41 1.25 1.07 0.94 0.94 1.06 1.27 1.48 1.68 1.83 1.83 1.66 1.42 1.11 0.71
 ----------------------------------------------------------------------------------------------------------------------------
                                                                                               
 ----------------------------------------------------------------------------------------------------------------------------
 ----------------------------------------------------------------------------------------------------------------------------
                                                          SURVEY OF INDIA
                                                    MARINE GEODESY WING (G&RB)
                                                     HOURLY HEIGHTS IN METRES
  NAME OF PORT:- MARMAGAO                                                                           MONTH JUNE      YEAR 2012
 ----------------------------------------------------------------------------------------------------------------------------
 DAYS 0000 0001 0002 0003 0004 0005 0006 0007 0008 0009 0010 0011 0012 0013 0014 0015 0016 0017 0018 0019 0020 0021 0022 0023
 ----------------------------------------------------------------------------------------------------------------------------
  1   0.43 0.27 0.27 0.43 0.73 1.05 1.35 1.57 1.71 1.71 1.59 1.38 1.17 1.05 1.03 1.10 1.29 1.50 1.70 1.85 1.85 1.69 1.39 1.01
  2   0.52 0.25 0.10 0.11 0.38 0.75 1.12 1.49 1.79 1.95 1.94 1.78 1.51 1.25 1.07 1.01 1.13 1.32 1.53 1.73 1.92 1.91 1.68 1.35
  3   0.81 0.36 0.06-0.06 0.04 0.35 0.77 1.22 1.64 1.93 2.09 2.05 1.83 1.50 1.21 1.05 0.97 1.07 1.29 1.55 1.77 1.93 1.87 1.61
  4   1.21 0.65 0.19-0.15-0.22-0.08 0.33 0.80 1.25 1.71 2.10 2.20 2.12 1.88 1.53 1.21 0.97 0.96 1.09 1.33 1.59 1.85 1.99 1.88
  5   1.59 1.19 0.60 0.12-0.16-0.21-0.03 0.41 0.91 1.41 1.88 2.20 2.28 2.16 1.87 1.47 1.10 0.91 0.89 1.07 1.33 1.64 1.87 1.94
  6   1.83 1.61 1.15 0.57 0.13-0.15-0.16 0.11 0.57 1.05 1.54 1.97 2.27 2.28 2.13 1.79 1.35 1.04 0.89 0.89 1.08 1.34 1.61 1.80
  7   1.91 1.81 1.54 1.05 0.52 0.19-0.03-0.02 0.27 0.71 1.17 1.63 2.04 2.25 2.24 2.00 1.64 1.23 0.93 0.81 0.83 1.05 1.33 1.57
  8   1.76 1.85 1.74 1.42 1.01 0.60 0.28 0.16 0.20 0.51 0.93 1.36 1.77 2.07 2.21 2.13 1.89 1.52 1.14 0.89 0.77 0.84 1.05 1.28
  9   1.50 1.68 1.72 1.59 1.33 0.99 0.62 0.41 0.33 0.44 0.74 1.13 1.49 1.81 2.03 2.11 2.02 1.75 1.41 1.08 0.84 0.75 0.80 0.95
 10   1.17 1.39 1.53 1.57 1.48 1.27 1.01 0.77 0.60 0.55 0.65 0.93 1.29 1.61 1.85 1.99 2.00 1.88 1.61 1.31 1.02 0.82 0.72 0.79
 11   0.95 1.11 1.28 1.43 1.49 1.43 1.30 1.12 0.97 0.85 0.82 0.96 1.17 1.43 1.67 1.87 1.99 1.96 1.79 1.57 1.31 1.04 0.83 0.74
 12   0.76 0.92 1.09 1.26 1.39 1.47 1.46 1.38 1.24 1.10 0.99 0.97 1.06 1.24 1.46 1.65 1.79 1.84 1.75 1.61 1.38 1.14 0.89 0.71
 13   0.63 0.68 0.81 0.98 1.17 1.34 1.46 1.49 1.43 1.33 1.22 1.12 1.10 1.20 1.32 1.47 1.62 1.70 1.73 1.67 1.51 1.30 1.06 0.80
 14   0.62 0.54 0.61 0.75 0.94 1.15 1.37 1.53 1.59 1.55 1.47 1.35 1.24 1.17 1.25 1.34 1.47 1.62 1.73 1.74 1.61 1.43 1.21 0.98
 15   0.70 0.53 0.49 0.59 0.77 1.02 1.27 1.49 1.64 1.72 1.67 1.57 1.45 1.33 1.24 1.28 1.39 1.50 1.61 1.70 1.69 1.58 1.40 1.16
 16   0.86 0.58 0.46 0.46 0.59 0.85 1.15 1.45 1.68 1.82 1.84 1.76 1.62 1.45 1.31 1.25 1.30 1.39 1.53 1.67 1.73 1.70 1.52 1.30
 17   1.04 0.71 0.48 0.34 0.40 0.62 0.97 1.31 1.64 1.86 1.97 1.96 1.81 1.61 1.41 1.25 1.19 1.28 1.42 1.57 1.73 1.75 1.65 1.48
 18   1.16 0.88 0.59 0.37 0.32 0.46 0.75 1.09 1.42 1.69 1.88 1.97 1.87 1.68 1.48 1.28 1.11 1.09 1.23 1.39 1.55 1.71 1.71 1.56
 19   1.29 1.02 0.65 0.33 0.21 0.25 0.48 0.78 1.14 1.48 1.82 1.99 1.97 1.81 1.58 1.35 1.15 1.05 1.10 1.26 1.44 1.65 1.75 1.66
 20   1.46 1.19 0.82 0.49 0.25 0.18 0.31 0.61 0.99 1.37 1.73 1.99 2.04 1.94 1.73 1.48 1.23 1.07 1.04 1.14 1.33 1.53 1.72 1.77
 21   1.63 1.43 1.12 0.72 0.40 0.24 0.25 0.44 0.76 1.17 1.56 1.91 2.07 2.05 1.90 1.63 1.34 1.10 0.98 1.02 1.18 1.39 1.60 1.73
 22   1.73 1.54 1.28 0.95 0.55 0.30 0.19 0.30 0.53 0.96 1.39 1.75 1.98 2.07 1.96 1.75 1.46 1.16 0.97 0.94 1.06 1.27 1.49 1.67
 23   1.76 1.73 1.51 1.20 0.85 0.52 0.35 0.34 0.50 0.78 1.20 1.61 1.92 2.12 2.12 1.94 1.67 1.33 1.08 0.96 0.95 1.10 1.33 1.56
 24
 25
 26
 27
 28
 29
 30
 ----------------------------------------------------------------------------------------------------------------------------
                                                                                               
 ----------------------------------------------------------------------------------------------------------------------------
 ----------------------------------------------------------------------------------------------------------------------------
                                                          SURVEY OF INDIA
                                                    MARINE GEODESY WING (G&RB)
                                                     HOURLY HEIGHTS IN METRES
  NAME OF PORT:- MARMAGAO                                                                           MONTH JULY      YEAR 2012
 ----------------------------------------------------------------------------------------------------------------------------
 DAYS 0000 0001 0002 0003 0004 0005 0006 0007 0008 0009 0010 0011 0012 0013 0014 0015 0016 0017 0018 0019 0020 0021 0022 0023
 ----------------------------------------------------------------------------------------------------------------------------
  1
  2
  3
  4
  5   1.98 1.70 1.28 0.74 0.34 0.12 0.13 0.38 0.84 1.36 1.80 2.14 2.35 2.33 2.09 1.73 1.32 0.97 0.83 0.85 1.09 1.45 1.73 1.93
  6   1.98 1.85 1.58 1.14 0.68 0.36 0.18 0.20 0.54 1.06 1.55 1.94 2.26 2.39 2.27 2.00 1.61 1.19 0.93 0.82 0.92 1.17 1.47 1.74
  7   1.92 1.93 1.80 1.54 1.11 0.69 0.45 0.38 0.48 0.84 1.28 1.69 2.08 2.28 2.29 2.08 1.78 1.40 1.02 0.78 0.70 0.85 1.07 1.35
  8   1.60 1.76 1.76 1.62 1.36 1.00 0.69 0.53 0.52 0.70 1.07 1.47 1.81 2.06 2.20 2.17 1.90 1.57 1.19 0.88 0.70 0.70 0.86 1.10
  9   1.34 1.54 1.70 1.69 1.54 1.33 1.05 0.81 0.73 0.78 0.98 1.30 1.63 1.88 2.06 2.09 1.96 1.69 1.35 1.03 0.80 0.69 0.70 0.83
 10   1.04 1.27 1.45 1.54 1.53 1.43 1.24 1.04 0.90 0.85 0.94 1.15 1.41 1.66 1.84 1.95 1.93 1.80 1.52 1.24 0.96 0.76 0.65 0.69
 11   0.82 1.02 1.20 1.35 1.46 1.47 1.40 1.27 1.14 1.05 1.03 1.12 1.29 1.48 1.65 1.77 1.80 1.75 1.58 1.34 1.08 0.87 0.68 0.56
 12   0.60 0.75 0.92 1.10 1.28 1.41 1.47 1.43 1.35 1.27 1.20 1.17 1.23 1.36 1.51 1.65 1.71 1.70 1.61 1.44 1.24 1.03 0.84 0.67
 13   0.58 0.64 0.77 0.93 1.12 1.32 1.50 1.57 1.55 1.49 1.40 1.31 1.25 1.29 1.37 1.47 1.57 1.64 1.62 1.54 1.40 1.20 1.00 0.80
 14   0.64 0.53 0.60 0.74 0.94 1.14 1.34 1.53 1.64 1.63 1.55 1.43 1.33 1.27 1.28 1.36 1.46 1.54 1.60 1.61 1.51 1.33 1.13 0.93
 15   0.68 0.52 0.46 0.52 0.72 0.94 1.20 1.44 1.65 1.73 1.71 1.62 1.48 1.35 1.26 1.26 1.35 1.44 1.54 1.64 1.63 1.51 1.33 1.13
 16   0.85 0.60 0.42 0.41 0.56 0.77 1.02 1.30 1.58 1.78 1.84 1.77 1.64 1.46 1.30 1.20 1.20 1.29 1.41 1.53 1.62 1.61 1.47 1.29
 17   1.03 0.68 0.42 0.30 0.33 0.50 0.78 1.13 1.46 1.74 1.89 1.88 1.77 1.57 1.37 1.20 1.12 1.16 1.29 1.43 1.59 1.69 1.66 1.52
 18   1.20 0.91 0.61 0.34 0.26 0.36 0.58 0.94 1.32 1.65 1.88 1.97 1.90 1.74 1.47 1.24 1.10 1.06 1.14 1.30 1.52 1.70 1.78 1.68
 19   1.46 1.20 0.80 0.45 0.27 0.26 0.42 0.77 1.16 1.53 1.84 2.01 2.01 1.86 1.61 1.31 1.11 1.00 1.01 1.18 1.42 1.65 1.81 1.83
 20   1.63 1.42 1.06 0.62 0.38 0.27 0.36 0.62 1.00 1.41 1.80 2.06 2.15 2.07 1.82 1.52 1.22 1.04 0.98 1.06 1.26 1.56 1.81 1.88
 21   1.87 1.70 1.39 0.96 0.60 0.38 0.32 0.49 0.83 1.24 1.66 1.96 2.16 2.16 1.95 1.65 1.29 1.00 0.83 0.83 1.05 1.30 1.57 1.77
 22   1.88 1.80 1.59 1.23 0.86 0.55 0.40 0.44 0.69 1.04 1.46 1.83 2.10 2.20 2.07 1.83 1.45 1.06 0.83 0.72 0.77 1.03 1.34 1.60
 23   1.78 1.83 1.72 1.48 1.14 0.77 0.54 0.50 0.60 0.86 1.29 1.68 1.98 2.17 2.16 1.96 1.68 1.26 0.89 0.69 0.64 0.76 1.08 1.38
 24   1.61 1.80 1.85 1.69 1.44 1.12 0.86 0.71 0.70 0.85 1.16 1.50 1.82 2.07 2.18 2.09 1.84 1.48 1.08 0.78 0.61 0.60 0.80 1.06
 25   1.35 1.60 1.76 1.79 1.67 1.44 1.18 1.00 0.89 0.90 1.09 1.35 1.65 1.91 2.09 2.11 1.96 1.67 1.32 0.95 0.66 0.53 0.53 0.72
 26   1.00 1.28 1.50 1.66 1.70 1.61 1.43 1.23 1.09 1.01 1.05 1.21 1.45 1.70 1.89 2.00 1.96 1.81 1.56 1.20 0.83 0.57 0.44 0.46
 27   0.66 0.92 1.16 1.39 1.56 1.66 1.65 1.54 1.38 1.22 1.16 1.18 1.29 1.46 1.64 1.76 1.81 1.75 1.60 1.36 1.06 0.73 0.48 0.29
 28   0.29 0.51 0.75 0.99 1.23 1.47 1.62 1.65 1.57 1.44 1.30 1.21 1.17 1.26 1.38 1.52 1.64 1.70 1.67 1.53 1.33 1.04 0.71 0.44
 29   0.27 0.26 0.42 0.66 0.94 1.24 1.53 1.69 1.75 1.70 1.56 1.38 1.24 1.15 1.17 1.27 1.38 1.51 1.63 1.63 1.53 1.34 1.05 0.69
 30   0.38 0.22 0.14 0.27 0.55 0.86 1.22 1.56 1.74 1.82 1.78 1.61 1.37 1.18 1.04 1.04 1.13 1.28 1.45 1.61 1.68 1.61 1.42 1.10
 31   0.69 0.36 0.14 0.08 0.26 0.58 0.94 1.36 1.74 1.96 1.99 1.91 1.68 1.42 1.14 0.95 0.95 1.07 1.26 1.46 1.66 1.80 1.72 1.51
 ----------------------------------------------------------------------------------------------------------------------------
                                                                                               
 ----------------------------------------------------------------------------------------------------------------------------
 ----------------------------------------------------------------------------------------------------------------------------
                                                          SURVEY OF INDIA
                                                    MARINE GEODESY WING (G&RB)
                                                     HOURLY HEIGHTS IN METRES
  NAME OF PORT:- MARMAGAO                                                                           MONTH AUGUST    YEAR 2012
 ----------------------------------------------------------------------------------------------------------------------------
 DAYS 0000 0001 0002 0003 0004 0005 0006 0007 0008 0009 0010 0011 0012 0013 0014 0015 0016 0017 0018 0019 0020 0021 0022 0023
 ----------------------------------------------------------------------------------------------------------------------------
  1   1.16 0.74 0.35 0.06 0.03 0.19 0.53 0.96 1.37 1.78 2.05 2.09 1.95 1.67 1.33 1.01 0.81 0.81 1.00 1.22 1.46 1.72 1.84 1.77
  2   1.56 1.18 0.74 0.33 0.06 0.06 0.29 0.69 1.14 1.56 1.94 2.15 2.12 1.91 1.55 1.18 0.87 0.71 0.74 0.94 1.21 1.54 1.79 1.89
  3   1.78 1.55 1.16 0.69 0.32 0.14 0.18 0.48 0.95 1.40 1.80 2.07 2.23 2.11 1.82 1.44 1.02 0.74 0.67 0.77 1.04 1.34 1.66 1.90
  4   1.91 1.75 1.48 1.06 0.66 0.43 0.35 0.48 0.84 1.32 1.74 2.05 2.26 2.25 2.04 1.72 1.28 0.90 0.69 0.68 0.83 1.14 1.44 1.75
  5   1.93 1.88 1.71 1.44 1.00 0.66 0.52 0.52 0.75 1.14 1.54 1.92 2.17 2.25 2.12 1.81 1.47 1.09 0.78 0.61 0.64 0.89 1.19 1.49
  6   1.72 1.84 1.80 1.61 1.30 0.94 0.72 0.64 0.76 1.02 1.36 1.69 2.00 2.14 2.13 1.93 1.62 1.27 0.91 0.67 0.56 0.68 0.96 1.25
  7   1.52 1.72 1.79 1.71 1.48 1.23 0.99 0.86 0.85 1.02 1.25 1.51 1.75 1.96 2.01 1.90 1.68 1.35 1.03 0.75 0.60 0.60 0.73 0.95
  8   1.22 1.44 1.57 1.62 1.53 1.37 1.16 1.01 0.93 0.95 1.11 1.33 1.56 1.75 1.86 1.83 1.69 1.46 1.18 0.89 0.68 0.58 0.64 0.78
  9   1.03 1.22 1.39 1.52 1.56 1.49 1.35 1.19 1.10 1.07 1.13 1.26 1.45 1.61 1.72 1.76 1.68 1.50 1.26 1.02 0.82 0.66 0.59 0.67
 10   0.84 1.00 1.18 1.34 1.44 1.50 1.48 1.39 1.27 1.21 1.22 1.28 1.38 1.51 1.62 1.67 1.64 1.56 1.42 1.23 1.04 0.85 0.73 0.67
 11   0.78 0.90 1.04 1.21 1.37 1.52 1.60 1.56 1.47 1.39 1.34 1.32 1.34 1.41 1.49 1.57 1.63 1.62 1.50 1.36 1.19 1.02 0.85 0.71
 12   0.64 0.69 0.82 0.98 1.16 1.33 1.49 1.62 1.62 1.56 1.47 1.40 1.34 1.32 1.37 1.44 1.51 1.58 1.60 1.51 1.39 1.22 1.03 0.85
 13   0.70 0.60 0.63 0.77 0.97 1.17 1.37 1.57 1.69 1.69 1.63 1.54 1.41 1.30 1.25 1.27 1.35 1.43 1.51 1.55 1.48 1.37 1.18 0.96
 14   0.74 0.57 0.50 0.53 0.71 0.95 1.21 1.47 1.69 1.78 1.73 1.63 1.48 1.31 1.16 1.11 1.17 1.30 1.44 1.56 1.63 1.59 1.44 1.21
 15   0.92 0.67 0.47 0.44 0.51 0.74 1.03 1.36 1.68 1.83 1.87 1.81 1.66 1.42 1.22 1.10 1.05 1.16 1.32 1.50 1.62 1.69 1.64 1.50
 16   1.14 0.79 0.55 0.36 0.36 0.52 0.80 1.18 1.56 1.84 2.04 2.02 1.85 1.62 1.33 1.09 0.96 0.99 1.18 1.40 1.60 1.81 1.84 1.68
 17   1.44 1.12 0.74 0.48 0.37 0.44 0.69 1.02 1.44 1.79 2.02 2.08 2.00 1.77 1.42 1.14 0.92 0.86 0.96 1.22 1.52 1.73 1.85 1.87
 18   1.71 1.35 0.98 0.64 0.38 0.32 0.50 0.84 1.22 1.62 2.00 2.22 2.20 2.00 1.63 1.23 0.94 0.78 0.79 0.99 1.29 1.64 1.88 1.99
 19   1.96 1.73 1.38 0.96 0.64 0.47 0.47 0.70 1.10 1.53 1.88 2.14 2.25 2.12 1.82 1.42 1.01 0.72 0.64 0.72 0.98 1.35 1.68 1.95
 20   2.03 1.96 1.68 1.27 0.90 0.64 0.50 0.63 0.92 1.33 1.74 2.06 2.25 2.23 2.00 1.64 1.18 0.78 0.57 0.54 0.70 1.04 1.42 1.78
 21   2.02 2.05 1.92 1.64 1.23 0.93 0.72 0.67 0.82 1.18 1.54 1.88 2.15 2.24 2.10 1.82 1.34 0.90 0.56 0.42 0.45 0.72 1.08 1.42
 22   1.80 1.96 1.97 1.83 1.55 1.22 0.95 0.81 0.82 1.02 1.37 1.68 1.94 2.09 2.12 1.93 1.61 1.16 0.74 0.49 0.36 0.46 0.73 1.10
 23   1.48 1.68 1.89 1.89 1.74 1.50 1.23 1.05 0.95 1.02 1.23 1.51 1.80 1.98 2.07 2.00 1.78 1.46 1.05 0.68 0.48 0.42 0.54 0.80
 24   1.12 1.40 1.67 1.85 1.88 1.77 1.58 1.39 1.23 1.14 1.24 1.43 1.63 1.82 1.98 2.02 1.94 1.73 1.40 1.08 0.77 0.57 0.50 0.60
 25   0.85 1.11 1.38 1.60 1.78 1.86 1.80 1.66 1.49 1.36 1.27 1.30 1.45 1.61 1.74 1.83 1.88 1.79 1.61 1.39 1.10 0.82 0.60 0.51
 26   0.62 0.77 1.02 1.27 1.51 1.73 1.85 1.85 1.76 1.62 1.49 1.34 1.30 1.38 1.48 1.58 1.68 1.76 1.74 1.62 1.43 1.17 0.88 0.65
 27   0.51 0.52 0.70 0.91 1.17 1.47 1.72 1.86 1.92 1.85 1.70 1.53 1.34 1.26 1.28 1.36 1.48 1.61 1.74 1.78 1.71 1.55 1.32 1.02
 28   0.70 0.54 0.54 0.67 0.91 1.20 1.55 1.85 2.02 2.08 2.00 1.78 1.54 1.30 1.14 1.14 1.25 1.41 1.58 1.77 1.88 1.84 1.66 1.41
 29   1.02 0.66 0.50 0.49 0.58 0.87 1.26 1.60 1.91 2.10 2.11 1.94 1.66 1.35 1.08 0.92 0.93 1.09 1.31 1.54 1.77 1.89 1.85 1.70
 30   1.33 0.94 0.63 0.45 0.45 0.67 0.98 1.38 1.78 2.06 2.17 2.13 1.94 1.61 1.22 0.96 0.83 0.86 1.07 1.35 1.67 1.94 2.05 1.98
 31   1.75 1.38 1.00 0.68 0.52 0.57 0.86 1.24 1.65 2.00 2.27 2.32 2.18 1.92 1.52 1.14 0.90 0.81 0.92 1.18 1.52 1.85 2.06 2.12
 ----------------------------------------------------------------------------------------------------------------------------
                                                                                               
 ----------------------------------------------------------------------------------------------------------------------------
 ----------------------------------------------------------------------------------------------------------------------------
                                                          SURVEY OF INDIA
                                                    MARINE GEODESY WING (G&RB)
                                                     HOURLY HEIGHTS IN METRES
  NAME OF PORT:- MARMAGAO                                                                           MONTH SEPT      YEAR 2012
 ----------------------------------------------------------------------------------------------------------------------------
 DAYS 0000 0001 0002 0003 0004 0005 0006 0007 0008 0009 0010 0011 0012 0013 0014 0015 0016 0017 0018 0019 0020 0021 0022 0023
 ----------------------------------------------------------------------------------------------------------------------------
  1   1.99 1.74 1.35 0.92 0.65 0.58 0.73 1.05 1.45 1.84 2.12 2.29 2.26 2.05 1.66 1.20 0.87 0.63 0.63 0.85 1.18 1.56 1.85 2.06
  2   2.05 1.84 1.55 1.17 0.82 0.66 0.66 0.86 1.26 1.65 1.98 2.19 2.23 2.09 1.78 1.30 0.90 0.68 0.57 0.65 0.91 1.30 1.64 1.92
  3   2.04 1.95 1.75 1.42 1.05 0.84 0.77 0.83 1.12 1.47 1.82 2.04 2.13 2.07 1.87 1.49 1.10 0.75 0.56 0.54 0.71 1.09 1.45 1.74
  4   1.97 2.00 1.87 1.65 1.34 1.02 0.89 0.89 1.08 1.35 1.68 1.94 2.13 2.14 1.97 1.71 1.35 0.97 0.70 0.61 0.68 0.91 1.23 1.55
  5   1.87 2.01 2.00 1.84 1.60 1.32 1.14 1.06 1.14 1.28 1.52 1.77 1.92 2.00 1.95 1.72 1.39 1.04 0.74 0.59 0.56 0.67 0.95 1.26
  6   1.54 1.69 1.78 1.74 1.59 1.40 1.22 1.09 1.05 1.14 1.34 1.58 1.79 1.88 1.86 1.73 1.51 1.23 0.94 0.69 0.60 0.63 0.80 1.04
  7   1.29 1.48 1.65 1.73 1.67 1.52 1.36 1.22 1.13 1.15 1.28 1.42 1.56 1.69 1.72 1.64 1.46 1.24 1.02 0.82 0.66 0.59 0.68 0.86
  8   1.10 1.27 1.45 1.58 1.62 1.58 1.48 1.35 1.26 1.20 1.25 1.36 1.48 1.59 1.65 1.62 1.54 1.40 1.22 1.02 0.85 0.70 0.66 0.74
  9   0.90 1.07 1.24 1.41 1.55 1.62 1.59 1.51 1.42 1.34 1.28 1.28 1.36 1.44 1.52 1.56 1.54 1.46 1.33 1.18 1.03 0.88 0.75 0.69
 10   0.78 0.91 1.06 1.21 1.36 1.51 1.63 1.64 1.58 1.48 1.38 1.30 1.27 1.29 1.35 1.40 1.45 1.49 1.47 1.36 1.23 1.08 0.92 0.76
 11   0.66 0.68 0.81 0.98 1.17 1.36 1.54 1.67 1.69 1.62 1.52 1.39 1.27 1.19 1.18 1.24 1.32 1.41 1.48 1.50 1.43 1.29 1.12 0.92
 12   0.72 0.62 0.63 0.76 0.96 1.17 1.39 1.59 1.74 1.75 1.63 1.47 1.29 1.13 1.04 1.04 1.13 1.25 1.40 1.52 1.56 1.49 1.33 1.13
 13   0.85 0.66 0.53 0.54 0.73 0.97 1.25 1.53 1.75 1.84 1.78 1.63 1.39 1.16 0.96 0.86 0.93 1.06 1.26 1.46 1.63 1.69 1.60 1.42
 14   1.10 0.78 0.58 0.46 0.56 0.80 1.12 1.44 1.74 1.95 1.97 1.84 1.57 1.26 0.98 0.75 0.72 0.88 1.12 1.39 1.67 1.82 1.85 1.74
 15   1.47 1.07 0.74 0.55 0.50 0.64 0.94 1.34 1.68 1.96 2.06 2.02 1.82 1.44 1.05 0.73 0.57 0.63 0.82 1.18 1.52 1.80 1.98 1.94
 16   1.74 1.42 1.04 0.68 0.50 0.52 0.77 1.13 1.52 1.85 2.08 2.13 1.96 1.64 1.19 0.72 0.48 0.40 0.53 0.86 1.30 1.68 1.98 2.11
 17   1.96 1.74 1.34 0.89 0.64 0.56 0.64 0.95 1.36 1.72 1.98 2.13 2.06 1.76 1.31 0.79 0.41 0.23 0.23 0.46 0.90 1.34 1.70 1.99
 18   2.06 1.94 1.64 1.18 0.80 0.58 0.56 0.74 1.07 1.46 1.78 2.00 2.05 1.89 1.54 1.02 0.44 0.14 0.02 0.11 0.44 0.89 1.34 1.74
 19   1.98 1.99 1.83 1.50 1.08 0.76 0.62 0.63 0.91 1.26 1.60 1.85 2.00 1.98 1.76 1.36 0.79 0.32 0.06 0.02 0.21 0.60 1.04 1.45
 20   1.82 1.99 1.98 1.78 1.45 1.08 0.86 0.78 0.88 1.12 1.43 1.71 1.90 1.96 1.84 1.57 1.18 0.68 0.25 0.09 0.08 0.26 0.69 1.09
 21   1.48 1.76 1.92 1.90 1.71 1.42 1.16 0.98 0.92 1.00 1.21 1.46 1.68 1.81 1.83 1.74 1.46 1.06 0.69 0.38 0.20 0.22 0.45 0.78
 22   1.17 1.43 1.67 1.83 1.82 1.69 1.47 1.24 1.11 1.05 1.13 1.28 1.45 1.59 1.72 1.73 1.61 1.38 1.06 0.76 0.52 0.40 0.40 0.56
 23   0.88 1.14 1.40 1.65 1.77 1.79 1.70 1.54 1.37 1.24 1.13 1.14 1.24 1.39 1.52 1.61 1.65 1.55 1.36 1.14 0.88 0.68 0.54 0.50
 24   0.64 0.88 1.10 1.35 1.57 1.75 1.81 1.75 1.60 1.42 1.26 1.14 1.08 1.14 1.26 1.38 1.52 1.62 1.61 1.53 1.37 1.15 0.93 0.74
 25   0.60 0.69 0.86 1.09 1.33 1.59 1.76 1.86 1.85 1.69 1.48 1.25 1.08 0.98 1.01 1.10 1.24 1.38 1.53 1.62 1.57 1.44 1.22 0.97
 26   0.68 0.58 0.62 0.77 1.00 1.26 1.53 1.75 1.86 1.84 1.68 1.44 1.17 0.97 0.84 0.86 1.00 1.16 1.36 1.56 1.73 1.70 1.53 1.31
 27   0.98 0.74 0.60 0.62 0.80 1.07 1.40 1.70 1.88 1.95 1.87 1.69 1.38 1.04 0.79 0.65 0.67 0.86 1.12 1.38 1.62 1.78 1.76 1.62
 28   1.34 0.98 0.76 0.60 0.62 0.80 1.12 1.47 1.76 1.93 1.94 1.82 1.58 1.21 0.81 0.55 0.48 0.60 0.83 1.15 1.46 1.75 1.88 1.78
 29   1.59 1.22 0.91 0.68 0.64 0.70 0.95 1.28 1.62 1.85 1.95 1.90 1.70 1.36 0.94 0.59 0.40 0.41 0.59 0.91 1.27 1.62 1.89 1.92
 30   1.78 1.51 1.16 0.86 0.67 0.66 0.85 1.19 1.50 1.75 1.94 1.95 1.80 1.50 1.08 0.72 0.43 0.31 0.40 0.71 1.08 1.48 1.80 1.94
 ----------------------------------------------------------------------------------------------------------------------------
                                                                                               
 ----------------------------------------------------------------------------------------------------------------------------
 ----------------------------------------------------------------------------------------------------------------------------
                                                          SURVEY OF INDIA
                                                    MARINE GEODESY WING (G&RB)
                                                     HOURLY HEIGHTS IN METRES
  NAME OF PORT:- MARMAGAO                                                                           MONTH OCTOBER   YEAR 2012
 ----------------------------------------------------------------------------------------------------------------------------
 DAYS 0000 0001 0002 0003 0004 0005 0006 0007 0008 0009 0010 0011 0012 0013 0014 0015 0016 0017 0018 0019 0020 0021 0022 0023
 ----------------------------------------------------------------------------------------------------------------------------
  1   1.90 1.73 1.44 1.04 0.80 0.70 0.75 1.02 1.34 1.64 1.85 1.92 1.86 1.63 1.23 0.79 0.49 0.33 0.33 0.52 0.88 1.32 1.69 1.94
  2   2.00 1.88 1.64 1.34 1.02 0.82 0.80 0.98 1.25 1.56 1.82 1.93 1.92 1.76 1.42 1.02 0.64 0.40 0.30 0.40 0.70 1.12 1.50 1.78
  3   1.94 1.94 1.80 1.54 1.20 0.98 0.90 0.97 1.16 1.41 1.66 1.84 1.89 1.79 1.54 1.15 0.78 0.50 0.34 0.35 0.54 0.87 1.28 1.61
  4   1.82 1.92 1.85 1.69 1.40 1.14 1.02 1.00 1.08 1.30 1.54 1.76 1.83 1.78 1.65 1.40 1.02 0.66 0.49 0.42 0.53 0.78 1.13 1.44
  5   1.71 1.89 1.91 1.77 1.57 1.34 1.15 1.06 1.08 1.22 1.42 1.60 1.74 1.76 1.67 1.46 1.17 0.84 0.58 0.47 0.49 0.66 0.92 1.21
  6   1.52 1.71 1.84 1.82 1.69 1.49 1.29 1.16 1.14 1.19 1.33 1.51 1.64 1.68 1.65 1.54 1.33 1.06 0.81 0.66 0.58 0.64 0.81 1.06
  7   1.34 1.54 1.72 1.80 1.78 1.62 1.45 1.31 1.23 1.20 1.28 1.40 1.54 1.61 1.64 1.59 1.48 1.28 1.06 0.86 0.72 0.68 0.74 0.94
  8   1.20 1.36 1.54 1.69 1.76 1.73 1.60 1.48 1.36 1.27 1.24 1.30 1.40 1.49 1.54 1.54 1.50 1.40 1.27 1.11 0.97 0.85 0.81 0.87
  9   1.01 1.18 1.36 1.52 1.68 1.77 1.76 1.67 1.56 1.45 1.36 1.30 1.30 1.35 1.42 1.49 1.55 1.55 1.48 1.35 1.20 1.08 0.98 0.90
 10   0.92 1.02 1.17 1.34 1.53 1.69 1.81 1.81 1.72 1.58 1.42 1.30 1.21 1.18 1.24 1.32 1.41 1.50 1.56 1.54 1.41 1.28 1.13 0.98
 11   0.85 0.85 0.96 1.12 1.31 1.52 1.70 1.84 1.84 1.71 1.52 1.32 1.15 1.00 0.95 1.01 1.16 1.31 1.48 1.61 1.63 1.52 1.35 1.14
 12   0.94 0.82 0.81 0.95 1.16 1.39 1.65 1.83 1.87 1.81 1.64 1.39 1.07 0.85 0.73 0.73 0.88 1.10 1.35 1.58 1.74 1.76 1.61 1.37
 13   1.06 0.86 0.70 0.70 0.89 1.15 1.43 1.69 1.91 1.93 1.76 1.50 1.18 0.86 0.61 0.48 0.57 0.82 1.13 1.47 1.73 1.90 1.90 1.73
 14   1.39 1.06 0.84 0.69 0.73 0.97 1.26 1.58 1.84 1.95 1.91 1.72 1.38 0.96 0.57 0.31 0.28 0.47 0.79 1.19 1.57 1.90 2.03 1.96
 15   1.73 1.38 1.01 0.76 0.67 0.76 1.06 1.42 1.75 1.97 2.01 1.91 1.59 1.16 0.65 0.25 0.05 0.11 0.40 0.87 1.31 1.72 2.03 2.12
 16   2.01 1.79 1.37 0.98 0.76 0.69 0.84 1.19 1.60 1.88 2.05 2.05 1.83 1.44 0.91 0.37 0.02-0.09 0.06 0.48 0.98 1.42 1.88 2.15
 17   2.24 2.05 1.73 1.31 0.97 0.76 0.76 0.98 1.35 1.70 1.93 2.06 2.00 1.71 1.21 0.63 0.19-0.08-0.13 0.11 0.52 1.07 1.55 1.90
 18   2.19 2.19 1.99 1.63 1.26 0.93 0.77 0.84 1.11 1.41 1.73 1.93 2.01 1.88 1.56 1.09 0.53 0.15-0.04-0.04 0.20 0.70 1.19 1.59
 19   2.00 2.19 2.17 1.93 1.58 1.22 0.97 0.91 0.99 1.23 1.53 1.77 1.97 2.00 1.84 1.50 1.07 0.59 0.30 0.13 0.16 0.49 0.92 1.34
 20   1.68 2.00 2.18 2.10 1.89 1.58 1.30 1.10 1.00 1.10 1.30 1.58 1.79 1.92 1.91 1.73 1.47 1.09 0.73 0.47 0.34 0.43 0.68 1.06
 21   1.49 1.77 2.02 2.15 2.10 1.87 1.62 1.40 1.22 1.10 1.17 1.34 1.54 1.70 1.80 1.80 1.66 1.45 1.19 0.92 0.70 0.60 0.68 0.89
 22   1.28 1.53 1.76 2.00 2.13 2.08 1.90 1.69 1.48 1.27 1.18 1.20 1.33 1.48 1.62 1.71 1.75 1.68 1.54 1.36 1.14 0.95 0.81 0.82
 23   1.04 1.28 1.51 1.76 1.97 2.12 2.11 1.96 1.76 1.50 1.29 1.17 1.14 1.21 1.32 1.47 1.57 1.66 1.68 1.61 1.44 1.23 1.05 0.92
 24   0.94 1.07 1.26 1.46 1.69 1.90 2.01 2.02 1.88 1.67 1.41 1.15 0.96 0.90 0.98 1.10 1.26 1.43 1.62 1.74 1.69 1.54 1.33 1.12
 25   0.96 0.92 1.02 1.19 1.40 1.61 1.82 1.99 1.99 1.84 1.57 1.25 0.96 0.78 0.72 0.80 0.98 1.21 1.44 1.64 1.77 1.76 1.63 1.44
 26   1.21 1.04 0.95 1.02 1.20 1.43 1.68 1.93 2.02 1.98 1.80 1.51 1.18 0.86 0.68 0.64 0.72 0.97 1.31 1.59 1.81 1.94 1.92 1.78
 27   1.52 1.26 1.08 1.01 1.10 1.31 1.56 1.79 1.98 2.02 1.90 1.65 1.33 0.98 0.67 0.48 0.50 0.71 1.05 1.40 1.72 1.94 2.02 1.97
 28   1.79 1.50 1.23 1.11 1.08 1.18 1.41 1.66 1.90 2.00 2.00 1.81 1.52 1.17 0.82 0.54 0.44 0.55 0.84 1.23 1.60 1.94 2.14 2.14
 29   2.00 1.78 1.45 1.21 1.09 1.10 1.30 1.57 1.80 2.00 2.04 1.93 1.69 1.30 0.92 0.59 0.43 0.44 0.71 1.08 1.48 1.81 2.11 2.25
 30   2.16 1.94 1.66 1.36 1.20 1.14 1.26 1.48 1.71 1.92 2.04 2.00 1.85 1.54 1.12 0.74 0.51 0.46 0.56 0.86 1.28 1.70 2.04 2.24
 31   2.28 2.16 1.92 1.57 1.32 1.20 1.20 1.40 1.62 1.85 2.04 2.07 1.94 1.72 1.38 0.96 0.64 0.53 0.55 0.71 1.15 1.56 1.90 2.16
 ----------------------------------------------------------------------------------------------------------------------------
                                                                                               
 ----------------------------------------------------------------------------------------------------------------------------
 ----------------------------------------------------------------------------------------------------------------------------
                                                          SURVEY OF INDIA
                                                    MARINE GEODESY WING (G&RB)
                                                     HOURLY HEIGHTS IN METRES
  NAME OF PORT:- MARMAGAO                                                                           MONTH NOVEMBER  YEAR 2012
 ----------------------------------------------------------------------------------------------------------------------------
 DAYS 0000 0001 0002 0003 0004 0005 0006 0007 0008 0009 0010 0011 0012 0013 0014 0015 0016 0017 0018 0019 0020 0021 0022 0023
 ----------------------------------------------------------------------------------------------------------------------------
  1   2.33 2.29 2.08 1.78 1.52 1.33 1.26 1.33 1.56 1.78 1.96 2.08 2.01 1.80 1.52 1.13 0.70 0.51 0.46 0.56 0.86 1.30 1.67 1.96
  2   2.20 2.25 2.11 1.87 1.55 1.30 1.19 1.19 1.36 1.58 1.78 1.90 1.93 1.82 1.58 1.19 0.80 0.57 0.47 0.50 0.70 1.06 1.45 1.76
  3   2.08 2.17 2.15 1.99 1.70 1.40 1.24 1.19 1.25 1.40 1.60 1.75 1.82 1.78 1.63 1.38 1.02 0.74 0.56 0.51 0.62 0.84 1.18 1.54
  4   1.81 2.00 2.07 2.00 1.78 1.53 1.32 1.22 1.22 1.28 1.44 1.59 1.72 1.73 1.65 1.48 1.21 0.93 0.72 0.59 0.58 0.70 0.98 1.26
  5   1.59 1.78 1.94 1.95 1.82 1.61 1.42 1.28 1.19 1.20 1.27 1.38 1.49 1.57 1.56 1.46 1.29 1.08 0.87 0.69 0.59 0.62 0.77 1.02
  6   1.30 1.52 1.74 1.87 1.86 1.71 1.54 1.37 1.22 1.14 1.14 1.22 1.33 1.44 1.50 1.49 1.43 1.30 1.12 0.96 0.84 0.77 0.83 0.96
  7   1.23 1.45 1.66 1.84 1.92 1.90 1.78 1.62 1.44 1.30 1.18 1.15 1.23 1.34 1.44 1.52 1.55 1.50 1.40 1.26 1.12 1.02 0.95 1.01
  8   1.15 1.35 1.55 1.75 1.89 1.96 1.94 1.80 1.60 1.39 1.20 1.06 1.02 1.09 1.20 1.32 1.45 1.55 1.58 1.50 1.39 1.25 1.12 1.01
  9   1.04 1.17 1.35 1.57 1.75 1.88 1.94 1.91 1.74 1.51 1.24 1.01 0.87 0.83 0.88 1.02 1.20 1.39 1.58 1.67 1.67 1.55 1.39 1.20
 10   1.07 1.04 1.11 1.30 1.52 1.74 1.90 1.95 1.86 1.70 1.41 1.08 0.80 0.65 0.58 0.71 0.93 1.20 1.50 1.71 1.82 1.81 1.68 1.48
 11   1.28 1.09 1.04 1.16 1.37 1.61 1.87 2.06 2.08 1.93 1.68 1.30 0.93 0.63 0.46 0.44 0.65 0.95 1.30 1.64 1.90 2.04 2.01 1.85
 12   1.58 1.29 1.10 1.06 1.20 1.42 1.67 1.90 2.08 2.08 1.85 1.54 1.11 0.67 0.34 0.17 0.23 0.53 0.98 1.42 1.81 2.12 2.24 2.12
 13   1.87 1.54 1.23 1.05 1.03 1.22 1.50 1.79 2.00 2.11 2.06 1.80 1.39 0.87 0.40 0.09 0.02 0.18 0.58 1.06 1.58 2.00 2.31 2.38
 14   2.24 1.93 1.57 1.25 1.08 1.08 1.30 1.58 1.86 2.12 2.20 2.07 1.73 1.30 0.71 0.27 0.02-0.02 0.22 0.66 1.22 1.75 2.16 2.40
 15   2.43 2.26 1.90 1.46 1.17 1.06 1.09 1.33 1.62 1.90 2.10 2.15 1.98 1.67 1.16 0.58 0.19-0.06-0.05 0.26 0.80 1.32 1.77 2.20
 16   2.46 2.44 2.20 1.81 1.40 1.12 0.99 1.10 1.35 1.62 1.89 2.10 2.11 1.91 1.59 1.05 0.50 0.20 0.02 0.06 0.38 0.92 1.40 1.84
 17   2.24 2.40 2.34 2.09 1.67 1.30 1.06 0.95 1.07 1.30 1.58 1.82 1.97 1.97 1.78 1.48 0.96 0.53 0.27 0.14 0.26 0.64 1.08 1.53
 18   1.93 2.24 2.36 2.24 1.97 1.63 1.28 1.05 0.94 1.05 1.28 1.51 1.75 1.88 1.87 1.69 1.39 1.00 0.66 0.43 0.32 0.46 0.84 1.24
 19   1.64 1.99 2.24 2.29 2.18 1.93 1.56 1.29 1.08 0.98 1.04 1.24 1.45 1.64 1.73 1.73 1.61 1.40 1.12 0.85 0.69 0.63 0.73 1.04
 20   1.45 1.74 2.01 2.20 2.24 2.09 1.84 1.54 1.26 1.05 0.92 0.99 1.14 1.30 1.44 1.57 1.61 1.55 1.44 1.28 1.11 0.97 0.90 0.96
 21   1.16 1.42 1.69 1.90 2.06 2.06 1.92 1.70 1.44 1.18 0.98 0.82 0.84 0.96 1.11 1.27 1.44 1.56 1.56 1.48 1.35 1.20 1.08 1.00
 22   1.08 1.25 1.47 1.66 1.85 1.96 1.96 1.88 1.69 1.43 1.15 0.94 0.80 0.81 0.90 1.06 1.26 1.46 1.64 1.70 1.67 1.55 1.41 1.27
 23   1.15 1.22 1.36 1.56 1.74 1.90 1.97 1.97 1.88 1.68 1.38 1.11 0.88 0.72 0.73 0.86 1.04 1.27 1.52 1.71 1.81 1.79 1.70 1.56
 24   1.36 1.25 1.26 1.38 1.56 1.74 1.89 1.97 1.96 1.80 1.54 1.26 0.96 0.72 0.60 0.66 0.80 1.10 1.41 1.66 1.84 1.96 1.94 1.80
 25   1.60 1.46 1.36 1.36 1.47 1.64 1.79 1.92 1.97 1.92 1.71 1.45 1.14 0.82 0.64 0.57 0.66 0.89 1.22 1.60 1.90 2.08 2.11 2.04
 26   1.86 1.65 1.47 1.36 1.38 1.51 1.67 1.86 1.98 2.00 1.86 1.61 1.30 0.96 0.66 0.47 0.48 0.70 1.05 1.38 1.70 2.00 2.14 2.12
 27   2.00 1.80 1.55 1.36 1.28 1.35 1.52 1.70 1.86 1.95 1.93 1.75 1.46 1.10 0.74 0.48 0.38 0.48 0.76 1.11 1.50 1.86 2.10 2.18
 28   2.11 1.91 1.66 1.42 1.27 1.24 1.38 1.56 1.73 1.88 1.93 1.80 1.57 1.26 0.87 0.56 0.39 0.40 0.58 0.92 1.36 1.76 2.05 2.21
 29   2.22 2.08 1.82 1.55 1.34 1.24 1.28 1.44 1.66 1.86 1.95 1.92 1.72 1.44 1.07 0.67 0.44 0.37 0.48 0.74 1.13 1.58 1.95 2.16
 30   2.25 2.18 2.00 1.70 1.42 1.26 1.23 1.36 1.56 1.77 1.92 1.94 1.84 1.61 1.30 0.90 0.60 0.45 0.45 0.61 0.96 1.39 1.80 2.08
 ----------------------------------------------------------------------------------------------------------------------------
                                                                                               
 ----------------------------------------------------------------------------------------------------------------------------
 ----------------------------------------------------------------------------------------------------------------------------
                                                          SURVEY OF INDIA
                                                    MARINE GEODESY WING (G&RB)
                                                     HOURLY HEIGHTS IN METRES
  NAME OF PORT:- MARMAGAO                                                                           MONTH DECEMBER  YEAR 2012
 ----------------------------------------------------------------------------------------------------------------------------
 DAYS 0000 0001 0002 0003 0004 0005 0006 0007 0008 0009 0010 0011 0012 0013 0014 0015 0016 0017 0018 0019 0020 0021 0022 0023
 ----------------------------------------------------------------------------------------------------------------------------
  1   2.30 2.30 2.14 1.87 1.59 1.35 1.22 1.25 1.40 1.61 1.81 1.91 1.86 1.67 1.43 1.11 0.76 0.50 0.42 0.55 0.79 1.13 1.53 1.88
  2   2.14 2.25 2.18 1.95 1.64 1.35 1.22 1.18 1.24 1.42 1.62 1.78 1.84 1.76 1.60 1.34 0.97 0.70 0.57 0.56 0.68 0.98 1.38 1.72
  3   2.02 2.20 2.20 2.06 1.80 1.50 1.27 1.16 1.16 1.28 1.48 1.68 1.81 1.83 1.72 1.53 1.25 0.93 0.72 0.63 0.67 0.86 1.18 1.56
  4   1.84 2.07 2.20 2.14 1.95 1.69 1.40 1.20 1.12 1.14 1.28 1.47 1.63 1.72 1.70 1.58 1.37 1.13 0.89 0.73 0.71 0.83 1.06 1.34
  5   1.66 1.92 2.10 2.15 2.03 1.82 1.55 1.32 1.12 1.05 1.12 1.25 1.38 1.52 1.62 1.61 1.50 1.31 1.12 0.94 0.82 0.82 0.96 1.20
  6   1.50 1.76 1.96 2.07 2.07 1.93 1.71 1.46 1.23 1.06 1.00 1.07 1.20 1.34 1.47 1.57 1.60 1.54 1.40 1.23 1.10 1.03 1.03 1.14
  7   1.38 1.66 1.88 2.05 2.11 2.06 1.94 1.72 1.43 1.17 1.02 0.96 1.00 1.13 1.28 1.44 1.58 1.64 1.63 1.54 1.41 1.29 1.19 1.17
  8   1.31 1.51 1.73 1.94 2.09 2.13 2.06 1.88 1.60 1.31 1.06 0.86 0.78 0.83 0.97 1.16 1.40 1.61 1.73 1.76 1.70 1.56 1.42 1.30
  9   1.26 1.36 1.50 1.70 1.89 2.01 2.05 1.97 1.79 1.52 1.16 0.86 0.65 0.59 0.64 0.83 1.08 1.37 1.68 1.86 1.92 1.89 1.76 1.56
 10   1.40 1.37 1.40 1.53 1.70 1.90 2.02 2.08 1.99 1.78 1.45 1.07 0.73 0.47 0.39 0.52 0.75 1.10 1.50 1.81 2.02 2.11 2.06 1.88
 11   1.63 1.44 1.33 1.34 1.50 1.69 1.87 2.04 2.06 1.93 1.66 1.26 0.82 0.48 0.21 0.18 0.35 0.70 1.16 1.62 1.97 2.19 2.24 2.10
 12   1.85 1.58 1.34 1.24 1.26 1.45 1.68 1.91 2.07 2.09 1.90 1.62 1.17 0.65 0.26 0.00-0.02 0.21 0.70 1.18 1.66 2.08 2.36 2.40
 13   2.23 1.93 1.58 1.29 1.14 1.16 1.38 1.63 1.88 2.07 2.10 1.92 1.58 1.12 0.54 0.14-0.06-0.05 0.28 0.81 1.37 1.84 2.26 2.51
 14   2.51 2.30 1.94 1.56 1.24 1.13 1.20 1.44 1.72 1.97 2.17 2.15 1.96 1.60 1.04 0.52 0.16-0.02 0.05 0.44 1.00 1.50 1.96 2.35
 15   2.57 2.48 2.22 1.80 1.38 1.13 1.02 1.16 1.42 1.68 1.96 2.13 2.13 1.90 1.54 1.00 0.50 0.20 0.08 0.22 0.62 1.14 1.64 2.10
 16   2.45 2.57 2.44 2.13 1.66 1.25 1.02 0.94 1.05 1.34 1.64 1.88 2.04 2.03 1.84 1.45 0.94 0.54 0.28 0.22 0.41 0.82 1.35 1.75
 17   2.14 2.48 2.50 2.31 1.91 1.50 1.16 0.94 0.88 1.00 1.30 1.56 1.78 1.90 1.86 1.71 1.44 1.06 0.70 0.46 0.46 0.65 1.08 1.50
 18   1.89 2.21 2.39 2.36 2.13 1.77 1.39 1.07 0.86 0.82 0.98 1.22 1.45 1.66 1.78 1.76 1.60 1.35 1.06 0.82 0.68 0.70 0.93 1.28
 19   1.69 1.99 2.22 2.32 2.20 1.98 1.68 1.36 1.06 0.86 0.83 0.95 1.16 1.38 1.58 1.68 1.68 1.56 1.42 1.24 1.06 0.94 1.00 1.20
 20   1.50 1.80 2.00 2.12 2.18 2.08 1.84 1.53 1.24 1.00 0.80 0.78 0.93 1.12 1.30 1.46 1.60 1.63 1.59 1.49 1.37 1.24 1.15 1.22
 21   1.38 1.60 1.80 1.93 2.01 2.00 1.89 1.68 1.41 1.14 0.90 0.76 0.75 0.83 1.00 1.18 1.35 1.51 1.63 1.62 1.56 1.48 1.38 1.31
 22   1.34 1.47 1.62 1.76 1.88 1.95 1.93 1.80 1.59 1.36 1.12 0.86 0.72 0.71 0.83 0.98 1.18 1.38 1.59 1.75 1.79 1.74 1.64 1.54
 23   1.46 1.46 1.51 1.61 1.72 1.82 1.87 1.84 1.71 1.51 1.29 1.04 0.81 0.66 0.65 0.76 0.96 1.20 1.44 1.65 1.81 1.88 1.82 1.72
 24   1.56 1.46 1.42 1.48 1.59 1.70 1.80 1.84 1.77 1.64 1.44 1.18 0.92 0.67 0.54 0.56 0.75 0.98 1.28 1.60 1.81 1.94 1.96 1.88
 25   1.74 1.58 1.46 1.42 1.46 1.57 1.68 1.78 1.82 1.74 1.59 1.39 1.08 0.78 0.59 0.51 0.60 0.78 1.12 1.46 1.75 1.98 2.10 2.08
 26   1.95 1.76 1.58 1.46 1.40 1.47 1.59 1.72 1.83 1.87 1.73 1.52 1.27 0.97 0.67 0.50 0.49 0.64 0.94 1.29 1.63 1.94 2.10 2.16
 27   2.09 1.89 1.66 1.46 1.35 1.35 1.45 1.60 1.74 1.83 1.81 1.66 1.42 1.10 0.77 0.48 0.39 0.46 0.71 1.04 1.40 1.76 2.04 2.15
 28   2.13 1.95 1.72 1.46 1.29 1.22 1.28 1.44 1.63 1.81 1.87 1.78 1.57 1.28 0.91 0.56 0.37 0.34 0.48 0.78 1.22 1.61 1.90 2.16
 29   2.17 2.05 1.83 1.54 1.29 1.17 1.16 1.27 1.48 1.69 1.81 1.82 1.68 1.44 1.09 0.69 0.44 0.31 0.34 0.60 0.98 1.40 1.75 2.06
 30   2.19 2.14 1.94 1.66 1.39 1.15 1.09 1.18 1.35 1.56 1.75 1.85 1.79 1.63 1.34 0.94 0.56 0.37 0.33 0.47 0.78 1.22 1.60 1.98
 31   2.18 2.24 2.10 1.82 1.48 1.18 1.06 1.04 1.15 1.38 1.58 1.73 1.80 1.73 1.48 1.16 0.78 0.50 0.39 0.42 0.64 1.02 1.43 1.79
 ----------------------------------------------------------------------------------------------------------------------------
                                                                                               
 ----------------------------------------------------------------------------------------------------------------------------
 ----------------------------------------------------------------------------------------------------------------------------
