                                                          SURVEY OF INDIA
                                                    MARINE GEODESY WING (G&RB)
                                                     HOURLY HEIGHTS IN METRES
  NAME OF PORT:- MARMAGAO                                                                           MONTH JANUARY   YEAR 2010
 ----------------------------------------------------------------------------------------------------------------------------
 DAYS 0000 0001 0002 0003 0004 0005 0006 0007 0008 0009 0010 0011 0012 0013 0014 0015 0016 0017 0018 0019 0020 0021 0022 0023
 ----------------------------------------------------------------------------------------------------------------------------
  1   2.40 2.24 1.91 1.59 1.35 1.26 1.35 1.55 1.79 1.99 2.11 2.02 1.82 1.49 0.97 0.52 0.16 0.01 0.19 0.54 1.04 1.57 2.01 2.35
  2   2.52 2.44 2.19 1.79 1.43 1.20 1.11 1.24 1.52 1.79 2.01 2.12 2.04 1.85 1.49 0.89 0.47 0.20 0.09 0.29 0.70 1.20 1.69 2.11
  3   2.47 2.54 2.35 2.05 1.60 1.20 0.97 0.98 1.17 1.41 1.70 1.96 2.07 1.97 1.75 1.35 0.80 0.41 0.19 0.14 0.36 0.84 1.38 1.81
  4   2.22 2.45 2.45 2.22 1.78 1.29 0.96 0.76 0.79 1.03 1.34 1.63 1.86 1.98 1.89 1.67 1.26 0.83 0.51 0.36 0.39 0.67 1.11 1.56
  5   2.00 2.27 2.44 2.31 2.03 1.57 1.11 0.81 0.66 0.71 0.97 1.26 1.53 1.77 1.86 1.82 1.65 1.35 0.95 0.73 0.61 0.69 0.93 1.34
  6   1.78 2.08 2.31 2.36 2.22 1.92 1.44 1.06 0.78 0.62 0.66 0.93 1.19 1.44 1.67 1.77 1.75 1.63 1.39 1.11 0.96 0.94 0.99 1.24
  7   1.70 1.94 2.14 2.27 2.24 2.01 1.67 1.27 0.89 0.65 0.55 0.63 0.83 1.07 1.34 1.51 1.63 1.68 1.60 1.43 1.27 1.17 1.14 1.20
  8   1.46 1.71 1.91 2.04 2.10 2.04 1.84 1.50 1.17 0.87 0.59 0.53 0.60 0.77 1.02 1.25 1.44 1.62 1.71 1.68 1.61 1.51 1.39 1.36
  9   1.41 1.57 1.76 1.89 1.97 1.96 1.88 1.73 1.49 1.17 0.85 0.67 0.57 0.65 0.80 1.00 1.23 1.46 1.69 1.83 1.85 1.82 1.74 1.62
 10   1.51 1.54 1.60 1.70 1.79 1.83 1.84 1.76 1.63 1.40 1.10 0.80 0.64 0.54 0.57 0.71 0.92 1.17 1.44 1.67 1.86 1.94 1.89 1.76
 11   1.61 1.51 1.48 1.51 1.58 1.65 1.74 1.79 1.71 1.59 1.39 1.12 0.83 0.64 0.51 0.55 0.67 0.93 1.23 1.54 1.79 1.97 2.03 1.97
 12   1.83 1.64 1.48 1.43 1.43 1.51 1.60 1.70 1.75 1.69 1.55 1.26 1.01 0.72 0.46 0.39 0.45 0.62 0.94 1.29 1.63 1.89 2.04 2.05
 13   1.93 1.75 1.51 1.34 1.29 1.37 1.47 1.60 1.69 1.73 1.65 1.47 1.21 0.91 0.58 0.38 0.34 0.47 0.74 1.12 1.46 1.75 2.01 2.12
 14   2.05 1.89 1.66 1.43 1.27 1.22 1.27 1.42 1.58 1.69 1.72 1.59 1.38 1.12 0.76 0.48 0.33 0.34 0.54 0.88 1.26 1.63 1.93 2.07
 15   2.10 1.98 1.79 1.55 1.26 1.15 1.17 1.32 1.53 1.67 1.75 1.77 1.61 1.36 1.02 0.66 0.43 0.36 0.49 0.70 1.11 1.56 1.88 2.09
 16   2.22 2.15 1.95 1.63 1.37 1.19 1.13 1.19 1.42 1.63 1.79 1.84 1.79 1.59 1.29 0.89 0.59 0.45 0.46 0.62 0.99 1.41 1.78 2.06
 17   2.26 2.24 2.08 1.79 1.48 1.19 1.09 1.14 1.30 1.50 1.69 1.84 1.85 1.74 1.51 1.16 0.76 0.56 0.51 0.62 0.83 1.26 1.67 1.95
 18   2.18 2.25 2.14 1.91 1.57 1.26 1.06 0.98 1.08 1.28 1.51 1.69 1.83 1.77 1.61 1.36 0.99 0.69 0.57 0.58 0.71 1.03 1.47 1.80
 19   2.06 2.21 2.18 1.98 1.64 1.32 1.03 0.87 0.89 1.09 1.29 1.50 1.69 1.77 1.68 1.49 1.18 0.90 0.72 0.64 0.74 1.01 1.36 1.72
 20   2.00 2.17 2.19 2.09 1.80 1.43 1.12 0.96 0.86 0.95 1.15 1.40 1.59 1.75 1.75 1.65 1.45 1.19 0.95 0.83 0.85 1.00 1.29 1.63
 21
 22
 23
 24
 25
 26
 27
 28
 29
 30
 31
 ----------------------------------------------------------------------------------------------------------------------------
                                                                                               
 ----------------------------------------------------------------------------------------------------------------------------
 ----------------------------------------------------------------------------------------------------------------------------
                                                          SURVEY OF INDIA
                                                    MARINE GEODESY WING (G&RB)
                                                     HOURLY HEIGHTS IN METRES
  NAME OF PORT:- MARMAGAO                                                                           MONTH FEBRUARY  YEAR 2010
 ----------------------------------------------------------------------------------------------------------------------------
 DAYS 0000 0001 0002 0003 0004 0005 0006 0007 0008 0009 0010 0011 0012 0013 0014 0015 0016 0017 0018 0019 0020 0021 0022 0023
 ----------------------------------------------------------------------------------------------------------------------------
  1
  2
  3
  4
  5
  6
  7
  8
  9
 10
 11
 12   1.99 1.78 1.50 1.27 1.17 1.17 1.26 1.47 1.63 1.74 1.74 1.63 1.41 1.14 0.84 0.58 0.51 0.59 0.80 1.12 1.46 1.78 2.03 2.11
 13   2.05 1.89 1.60 1.29 1.07 0.99 1.07 1.29 1.52 1.67 1.73 1.74 1.61 1.33 0.97 0.67 0.47 0.46 0.64 0.93 1.30 1.71 1.99 2.14
 14   2.15 1.99 1.71 1.39 1.12 1.00 1.00 1.17 1.43 1.64 1.81 1.87 1.77 1.57 1.25 0.88 0.63 0.49 0.54 0.86 1.20 1.62 1.96 2.14
 15   2.25 2.10 1.78 1.48 1.14 0.95 0.87 1.01 1.22 1.50 1.76 1.89 1.88 1.72 1.46 1.10 0.79 0.60 0.62 0.82 1.11 1.55 1.92 2.16
 16   2.25 2.17 1.96 1.60 1.22 0.95 0.82 0.88 1.08 1.40 1.68 1.91 2.00 1.93 1.72 1.39 1.06 0.81 0.73 0.79 1.04 1.43 1.84 2.08
 17   2.25 2.23 2.08 1.71 1.30 0.96 0.75 0.77 0.87 1.11 1.44 1.70 1.89 1.94 1.86 1.60 1.28 1.00 0.86 0.86 1.01 1.30 1.70 1.99
 18   2.20 2.28 2.15 1.91 1.55 1.10 0.81 0.70 0.76 0.94 1.25 1.57 1.81 1.96 1.97 1.80 1.58 1.27 1.03 0.96 1.06 1.28 1.57 1.89
 19   2.16 2.24 2.19 2.00 1.69 1.28 0.90 0.73 0.72 0.78 1.02 1.35 1.64 1.83 1.93 1.89 1.74 1.46 1.27 1.17 1.11 1.26 1.48 1.80
 20   2.04 2.16 2.20 2.06 1.80 1.46 1.07 0.81 0.67 0.70 0.83 1.12 1.42 1.64 1.80 1.88 1.82 1.63 1.47 1.31 1.25 1.30 1.46 1.71
 21   1.89 2.07 2.14 2.04 1.87 1.58 1.19 0.91 0.74 0.66 0.68 0.87 1.14 1.41 1.60 1.76 1.85 1.82 1.71 1.57 1.45 1.40 1.49 1.59
 22   1.81 1.97 2.01 2.02 1.96 1.77 1.48 1.14 0.92 0.74 0.65 0.74 0.91 1.10 1.34 1.56 1.72 1.82 1.84 1.79 1.66 1.60 1.58 1.60
 23   1.64 1.79 1.88 1.92 1.92 1.83 1.62 1.40 1.15 0.90 0.74 0.66 0.67 0.82 1.02 1.24 1.48 1.66 1.80 1.90 1.87 1.76 1.67 1.60
 24   1.53 1.60 1.66 1.72 1.76 1.78 1.74 1.60 1.41 1.16 0.90 0.70 0.57 0.55 0.64 0.82 1.08 1.38 1.64 1.82 1.92 1.95 1.84 1.69
 25   1.52 1.44 1.42 1.49 1.57 1.68 1.76 1.74 1.70 1.53 1.26 0.98 0.69 0.52 0.47 0.55 0.76 1.08 1.46 1.78 2.03 2.14 2.10 1.97
 26   1.72 1.51 1.37 1.34 1.41 1.58 1.72 1.88 1.96 1.89 1.72 1.46 1.08 0.71 0.45 0.42 0.54 0.80 1.22 1.64 1.96 2.24 2.32 2.22
 27   1.90 1.62 1.34 1.13 1.10 1.25 1.47 1.72 1.96 2.06 1.99 1.79 1.46 1.00 0.61 0.37 0.34 0.50 0.86 1.37 1.79 2.17 2.40 2.40
 28   2.18 1.83 1.36 1.00 0.85 0.89 1.10 1.43 1.74 2.04 2.20 2.12 1.92 1.54 0.98 0.57 0.35 0.36 0.65 1.08 1.58 2.04 2.38 2.55
 ----------------------------------------------------------------------------------------------------------------------------
                                                                                               
 ----------------------------------------------------------------------------------------------------------------------------
 ----------------------------------------------------------------------------------------------------------------------------
                                                          SURVEY OF INDIA
                                                    MARINE GEODESY WING (G&RB)
                                                     HOURLY HEIGHTS IN METRES
  NAME OF PORT:- MARMAGAO                                                                           MONTH MARCH     YEAR 2010
 ----------------------------------------------------------------------------------------------------------------------------
 DAYS 0000 0001 0002 0003 0004 0005 0006 0007 0008 0009 0010 0011 0012 0013 0014 0015 0016 0017 0018 0019 0020 0021 0022 0023
 ----------------------------------------------------------------------------------------------------------------------------
  1   2.44 2.13 1.64 1.10 0.76 0.62 0.72 1.06 1.45 1.86 2.16 2.26 2.24 1.98 1.54 1.00 0.64 0.46 0.56 0.90 1.35 1.86 2.26 2.54
  2   2.58 2.35 1.99 1.34 0.82 0.50 0.42 0.64 1.10 1.52 1.90 2.24 2.36 2.27 2.02 1.56 1.05 0.74 0.64 0.78 1.14 1.66 2.06 2.35
  3   2.54 2.50 2.16 1.66 1.04 0.60 0.30 0.36 0.65 1.10 1.50 1.95 2.23 2.31 2.19 1.95 1.52 1.04 0.81 0.80 1.00 1.40 1.82 2.15
  4   2.39 2.46 2.27 1.90 1.36 0.81 0.43 0.28 0.34 0.68 1.14 1.54 1.91 2.16 2.22 2.10 1.80 1.40 1.14 0.99 0.98 1.18 1.56 1.87
  5   2.14 2.27 2.24 1.98 1.60 1.10 0.64 0.36 0.30 0.44 0.74 1.16 1.50 1.82 1.97 2.04 1.91 1.67 1.37 1.19 1.12 1.17 1.35 1.62
  6   1.88 2.06 2.12 1.98 1.75 1.40 1.00 0.65 0.45 0.40 0.55 0.91 1.23 1.48 1.70 1.88 1.94 1.82 1.65 1.49 1.35 1.29 1.34 1.47
  7   1.67 1.84 1.92 1.91 1.76 1.57 1.24 0.96 0.72 0.60 0.56 0.67 0.91 1.19 1.42 1.62 1.73 1.80 1.77 1.64 1.52 1.43 1.39 1.38
  8   1.49 1.64 1.71 1.72 1.68 1.59 1.41 1.19 0.98 0.81 0.68 0.62 0.74 0.90 1.09 1.28 1.45 1.61 1.68 1.68 1.65 1.56 1.46 1.36
  9   1.36 1.40 1.44 1.47 1.48 1.47 1.41 1.30 1.18 1.00 0.82 0.70 0.66 0.72 0.86 1.02 1.21 1.40 1.58 1.70 1.76 1.74 1.65 1.52
 10   1.40 1.37 1.37 1.40 1.45 1.50 1.52 1.50 1.42 1.30 1.16 0.98 0.85 0.79 0.78 0.91 1.08 1.30 1.50 1.68 1.82 1.88 1.85 1.73
 11   1.52 1.36 1.30 1.26 1.27 1.36 1.46 1.51 1.53 1.48 1.36 1.19 1.00 0.80 0.70 0.74 0.92 1.13 1.37 1.59 1.80 1.90 1.93 1.82
 12   1.60 1.38 1.22 1.10 1.12 1.21 1.36 1.51 1.63 1.64 1.57 1.44 1.24 0.97 0.79 0.75 0.80 0.98 1.26 1.55 1.80 2.00 2.07 2.00
 13   1.76 1.56 1.27 1.10 1.05 1.10 1.28 1.48 1.66 1.75 1.74 1.64 1.48 1.21 0.90 0.72 0.75 0.89 1.13 1.45 1.75 1.97 2.12 2.09
 14   1.88 1.61 1.30 1.07 0.93 0.92 1.08 1.33 1.59 1.77 1.84 1.80 1.66 1.41 1.10 0.86 0.74 0.80 1.01 1.34 1.69 1.94 2.14 2.18
 15   1.98 1.74 1.43 1.07 0.85 0.82 0.93 1.20 1.50 1.75 1.95 2.00 1.92 1.69 1.34 1.04 0.87 0.84 0.95 1.20 1.52 1.90 2.13 2.20
 16   2.08 1.87 1.51 1.10 0.81 0.70 0.71 0.94 1.29 1.63 1.87 1.98 2.00 1.85 1.54 1.17 0.90 0.81 0.87 1.10 1.43 1.80 2.05 2.18
 17   2.18 1.96 1.66 1.17 0.81 0.63 0.60 0.75 1.08 1.49 1.79 2.04 2.10 2.02 1.80 1.44 1.12 0.94 0.91 1.03 1.30 1.68 1.99 2.15
 18   2.16 2.07 1.78 1.35 0.92 0.61 0.50 0.58 0.81 1.19 1.55 1.87 2.07 2.10 1.96 1.69 1.30 1.07 0.98 1.02 1.19 1.55 1.88 2.10
 19   2.18 2.09 1.85 1.48 1.00 0.66 0.46 0.47 0.64 0.96 1.38 1.72 1.97 2.07 2.04 1.85 1.56 1.27 1.08 1.05 1.13 1.44 1.75 1.98
 20   2.13 2.10 1.90 1.61 1.20 0.77 0.52 0.42 0.50 0.75 1.13 1.49 1.78 1.99 2.06 2.00 1.80 1.51 1.29 1.17 1.21 1.34 1.58 1.85
 21   2.05 2.06 1.99 1.79 1.45 1.05 0.69 0.52 0.48 0.59 0.86 1.20 1.55 1.82 2.00 2.02 1.94 1.76 1.53 1.38 1.32 1.36 1.50 1.76
 22   1.93 2.01 2.03 1.88 1.67 1.30 0.96 0.72 0.58 0.54 0.68 0.96 1.27 1.57 1.79 1.96 1.98 1.90 1.76 1.56 1.45 1.42 1.44 1.58
 23   1.79 1.88 1.94 1.92 1.76 1.53 1.26 0.97 0.76 0.65 0.61 0.74 1.00 1.28 1.49 1.69 1.85 1.90 1.88 1.76 1.60 1.50 1.48 1.50
 24   1.56 1.68 1.81 1.84 1.77 1.65 1.50 1.29 1.06 0.82 0.70 0.67 0.76 0.96 1.20 1.43 1.66 1.83 1.94 1.94 1.84 1.72 1.60 1.48
 25   1.42 1.52 1.63 1.70 1.73 1.76 1.71 1.61 1.40 1.18 0.94 0.76 0.69 0.76 0.90 1.15 1.40 1.67 1.92 2.05 2.06 1.98 1.82 1.56
 26   1.40 1.33 1.32 1.43 1.54 1.64 1.74 1.79 1.71 1.54 1.30 0.99 0.78 0.68 0.72 0.85 1.14 1.45 1.76 2.04 2.18 2.16 2.02 1.74
 27   1.41 1.20 1.09 1.09 1.25 1.46 1.65 1.85 1.96 1.90 1.72 1.46 1.08 0.84 0.66 0.68 0.80 1.13 1.50 1.86 2.16 2.30 2.27 2.05
 28   1.66 1.26 1.00 0.85 0.86 1.07 1.38 1.66 1.96 2.14 2.08 1.90 1.62 1.16 0.85 0.70 0.72 0.96 1.31 1.70 2.10 2.36 2.41 2.28
 29   1.92 1.43 1.00 0.69 0.54 0.68 1.02 1.40 1.78 2.10 2.24 2.20 2.04 1.60 1.17 0.89 0.78 0.82 1.10 1.48 1.89 2.19 2.41 2.40
 30   2.13 1.75 1.16 0.69 0.40 0.38 0.64 1.05 1.47 1.92 2.24 2.37 2.29 2.10 1.63 1.19 0.95 0.82 0.90 1.28 1.68 2.04 2.32 2.44
 31   2.28 1.98 1.40 0.84 0.39 0.17 0.27 0.58 1.10 1.55 2.00 2.26 2.32 2.27 2.00 1.54 1.14 0.91 0.90 1.07 1.47 1.84 2.21 2.45
 ----------------------------------------------------------------------------------------------------------------------------
                                                                                               
 ----------------------------------------------------------------------------------------------------------------------------
 ----------------------------------------------------------------------------------------------------------------------------
                                                          SURVEY OF INDIA
                                                    MARINE GEODESY WING (G&RB)
                                                     HOURLY HEIGHTS IN METRES
  NAME OF PORT:- MARMAGAO                                                                           MONTH APRIL     YEAR 2010
 ----------------------------------------------------------------------------------------------------------------------------
 DAYS 0000 0001 0002 0003 0004 0005 0006 0007 0008 0009 0010 0011 0012 0013 0014 0015 0016 0017 0018 0019 0020 0021 0022 0023
 ----------------------------------------------------------------------------------------------------------------------------
  1   2.35 2.10 1.69 1.11 0.62 0.29 0.16 0.31 0.69 1.21 1.62 2.03 2.26 2.39 2.20 1.90 1.49 1.16 1.01 1.08 1.28 1.56 1.89 2.13
  2   2.22 2.11 1.89 1.44 0.84 0.44 0.16 0.13 0.33 0.80 1.25 1.65 1.97 2.17 2.19 2.04 1.70 1.37 1.11 1.02 1.07 1.30 1.60 1.82
  3   2.01 2.00 1.88 1.60 1.17 0.68 0.40 0.26 0.24 0.50 0.96 1.37 1.71 1.99 2.10 2.08 1.90 1.64 1.38 1.17 1.12 1.22 1.43 1.62
  4   1.81 1.94 1.89 1.70 1.47 1.08 0.72 0.51 0.42 0.49 0.70 1.08 1.40 1.67 1.92 1.99 1.96 1.82 1.59 1.41 1.30 1.24 1.31 1.50
  5   1.66 1.81 1.80 1.74 1.58 1.36 1.04 0.80 0.63 0.58 0.64 0.86 1.18 1.44 1.67 1.87 1.90 1.86 1.77 1.61 1.48 1.40 1.36 1.35
  6   1.49 1.60 1.68 1.65 1.57 1.45 1.25 1.07 0.90 0.77 0.70 0.71 0.92 1.18 1.42 1.59 1.72 1.80 1.81 1.74 1.64 1.50 1.38 1.32
  7   1.36 1.41 1.46 1.50 1.50 1.47 1.40 1.30 1.14 1.00 0.87 0.84 0.91 1.05 1.20 1.38 1.56 1.69 1.81 1.83 1.78 1.68 1.57 1.43
  8   1.28 1.30 1.33 1.38 1.44 1.50 1.50 1.46 1.38 1.30 1.16 1.03 0.96 0.97 1.07 1.23 1.42 1.59 1.73 1.84 1.87 1.80 1.70 1.54
  9   1.36 1.22 1.16 1.18 1.27 1.37 1.47 1.53 1.54 1.48 1.37 1.20 1.04 0.94 0.94 1.06 1.23 1.43 1.63 1.81 1.91 1.92 1.81 1.64
 10   1.38 1.19 1.08 1.02 1.09 1.26 1.42 1.54 1.62 1.64 1.57 1.40 1.20 1.03 0.92 0.96 1.10 1.31 1.54 1.75 1.93 1.97 1.90 1.75
 11   1.48 1.22 1.02 0.92 0.93 1.07 1.28 1.50 1.68 1.79 1.77 1.66 1.46 1.22 1.07 1.00 1.03 1.21 1.45 1.70 1.89 2.05 2.00 1.87
 12   1.65 1.36 1.04 0.86 0.84 0.94 1.16 1.38 1.62 1.83 1.91 1.85 1.67 1.42 1.17 1.00 0.99 1.10 1.29 1.53 1.77 1.98 2.09 2.03
 13   1.83 1.49 1.10 0.83 0.76 0.84 1.01 1.25 1.50 1.77 1.95 1.94 1.81 1.61 1.36 1.16 1.05 1.10 1.26 1.46 1.67 1.85 1.94 1.96
 14   1.80 1.54 1.20 0.89 0.72 0.74 0.90 1.12 1.41 1.67 1.90 2.02 1.96 1.77 1.55 1.31 1.15 1.10 1.21 1.41 1.63 1.81 1.93 1.90
 15   1.83 1.58 1.24 0.92 0.68 0.60 0.72 0.96 1.23 1.57 1.84 2.04 2.10 1.97 1.73 1.49 1.26 1.14 1.15 1.32 1.56 1.80 1.95 2.01
 16   1.85 1.70 1.36 0.94 0.64 0.47 0.48 0.70 1.02 1.34 1.73 2.00 2.17 2.18 1.98 1.69 1.44 1.20 1.13 1.19 1.42 1.72 1.91 2.08
 17   2.09 1.81 1.56 1.13 0.64 0.36 0.26 0.36 0.68 1.09 1.48 1.86 2.13 2.17 2.12 1.93 1.59 1.32 1.18 1.16 1.28 1.51 1.76 1.92
 18   2.02 1.90 1.65 1.28 0.84 0.50 0.27 0.24 0.44 0.80 1.17 1.55 1.83 2.07 2.11 2.00 1.80 1.49 1.24 1.19 1.22 1.38 1.61 1.84
 19   1.95 1.92 1.81 1.59 1.19 0.77 0.47 0.27 0.31 0.59 0.94 1.30 1.62 1.88 2.12 2.12 1.97 1.75 1.53 1.34 1.27 1.35 1.49 1.68
 20   1.89 1.92 1.88 1.73 1.46 1.14 0.79 0.61 0.50 0.51 0.68 1.03 1.36 1.64 1.90 2.02 2.03 1.95 1.72 1.48 1.34 1.30 1.30 1.44
 21   1.61 1.73 1.76 1.72 1.60 1.39 1.09 0.80 0.64 0.54 0.56 0.76 1.06 1.33 1.57 1.82 1.95 1.95 1.85 1.65 1.46 1.33 1.26 1.24
 22   1.34 1.47 1.56 1.60 1.60 1.54 1.35 1.16 0.92 0.70 0.61 0.64 0.82 1.02 1.26 1.52 1.76 1.88 1.92 1.85 1.65 1.42 1.25 1.12
 23   1.06 1.15 1.27 1.38 1.49 1.58 1.57 1.42 1.27 1.08 0.84 0.69 0.69 0.80 1.02 1.28 1.53 1.74 1.91 1.95 1.87 1.63 1.34 1.12
 24   0.92 0.85 0.94 1.10 1.27 1.47 1.64 1.72 1.68 1.52 1.22 0.93 0.77 0.72 0.82 1.04 1.30 1.57 1.81 2.01 2.06 1.90 1.59 1.28
 25   0.96 0.68 0.61 0.76 0.96 1.17 1.44 1.69 1.81 1.79 1.66 1.34 1.06 0.86 0.78 0.87 1.12 1.38 1.66 1.93 2.10 2.06 1.89 1.59
 26   1.09 0.70 0.49 0.42 0.56 0.87 1.20 1.54 1.86 1.98 2.00 1.86 1.52 1.16 0.98 0.88 0.92 1.20 1.50 1.80 2.02 2.14 2.04 1.80
 27   1.31 0.84 0.45 0.28 0.26 0.48 0.89 1.28 1.68 2.02 2.21 2.16 1.92 1.54 1.23 1.02 0.94 1.02 1.29 1.60 1.90 2.10 2.16 2.01
 28   1.68 1.16 0.63 0.26 0.16 0.25 0.58 1.00 1.40 1.80 2.16 2.26 2.20 1.94 1.62 1.26 1.05 0.98 1.08 1.40 1.67 1.89 2.05 2.02
 29   1.86 1.43 0.90 0.39 0.11 0.03 0.20 0.60 1.07 1.50 1.90 2.20 2.29 2.14 1.88 1.46 1.20 1.03 1.04 1.24 1.54 1.78 1.99 2.06
 30   1.94 1.64 1.23 0.70 0.30 0.07 0.10 0.35 0.73 1.26 1.71 2.05 2.23 2.25 2.14 1.84 1.47 1.20 1.10 1.17 1.32 1.63 1.85 1.97
 ----------------------------------------------------------------------------------------------------------------------------
                                                                                               
 ----------------------------------------------------------------------------------------------------------------------------
 ----------------------------------------------------------------------------------------------------------------------------
                                                          SURVEY OF INDIA
                                                    MARINE GEODESY WING (G&RB)
                                                     HOURLY HEIGHTS IN METRES
  NAME OF PORT:- MARMAGAO                                                                           MONTH MAY       YEAR 2010
 ----------------------------------------------------------------------------------------------------------------------------
 DAYS 0000 0001 0002 0003 0004 0005 0006 0007 0008 0009 0010 0011 0012 0013 0014 0015 0016 0017 0018 0019 0020 0021 0022 0023
 ----------------------------------------------------------------------------------------------------------------------------
  1   2.03 1.89 1.52 1.09 0.70 0.31 0.14 0.27 0.49 0.96 1.42 1.78 2.05 2.17 2.17 2.00 1.70 1.38 1.17 1.10 1.21 1.44 1.63 1.79
  2   1.92 1.85 1.67 1.34 0.94 0.58 0.36 0.28 0.43 0.76 1.16 1.55 1.84 2.09 2.12 2.08 1.92 1.63 1.38 1.23 1.20 1.31 1.51 1.64
  3   1.84 1.85 1.72 1.51 1.21 0.84 0.57 0.45 0.48 0.66 1.00 1.31 1.58 1.83 2.05 2.12 2.03 1.81 1.58 1.37 1.30 1.32 1.40 1.51
  4   1.68 1.78 1.75 1.64 1.47 1.19 0.95 0.75 0.65 0.62 0.83 1.13 1.39 1.63 1.86 2.00 2.01 1.95 1.76 1.57 1.42 1.37 1.33 1.39
  5   1.52 1.61 1.63 1.62 1.54 1.38 1.21 1.04 0.88 0.80 0.85 1.02 1.25 1.49 1.71 1.91 2.00 1.99 1.88 1.74 1.60 1.45 1.34 1.28
  6   1.34 1.49 1.56 1.59 1.58 1.53 1.42 1.28 1.11 1.02 0.98 1.04 1.16 1.36 1.56 1.75 1.90 1.98 1.96 1.88 1.74 1.57 1.41 1.30
  7   1.17 1.23 1.33 1.40 1.47 1.52 1.51 1.43 1.32 1.23 1.15 1.07 1.09 1.25 1.43 1.59 1.73 1.87 1.96 1.93 1.82 1.65 1.46 1.26
  8   1.12 1.07 1.07 1.18 1.32 1.46 1.55 1.60 1.58 1.45 1.31 1.21 1.15 1.18 1.29 1.46 1.64 1.82 1.96 2.01 1.94 1.77 1.54 1.32
  9   1.09 0.95 0.95 1.05 1.19 1.37 1.57 1.68 1.72 1.71 1.57 1.43 1.31 1.22 1.25 1.37 1.52 1.67 1.85 1.96 1.98 1.87 1.66 1.39
 10   1.09 0.89 0.80 0.87 1.01 1.23 1.45 1.65 1.82 1.87 1.79 1.67 1.52 1.38 1.30 1.32 1.45 1.62 1.81 1.95 2.04 1.98 1.82 1.59
 11   1.15 0.94 0.78 0.70 0.75 0.99 1.30 1.59 1.80 1.97 2.03 1.90 1.70 1.51 1.30 1.27 1.36 1.53 1.72 1.91 2.01 2.02 1.90 1.65
 12   1.24 0.90 0.70 0.54 0.57 0.81 1.13 1.45 1.83 2.05 2.14 2.08 1.92 1.69 1.47 1.38 1.34 1.38 1.58 1.79 1.94 2.07 2.05 1.83
 13   1.50 1.11 0.70 0.47 0.38 0.51 0.76 1.17 1.55 1.87 2.15 2.21 2.10 1.93 1.66 1.38 1.27 1.26 1.37 1.62 1.84 1.97 2.03 1.87
 14   1.60 1.23 0.77 0.44 0.28 0.30 0.50 0.88 1.36 1.72 2.04 2.24 2.28 2.12 1.85 1.54 1.32 1.23 1.29 1.46 1.68 1.92 2.03 2.01
 15   1.78 1.51 1.06 0.60 0.33 0.17 0.32 0.56 0.97 1.48 1.87 2.17 2.33 2.28 2.09 1.81 1.53 1.30 1.26 1.38 1.61 1.85 2.02 2.08
 16   1.97 1.77 1.41 0.88 0.49 0.28 0.20 0.37 0.73 1.16 1.60 2.00 2.28 2.33 2.20 2.02 1.72 1.42 1.25 1.26 1.43 1.66 1.88 2.02
 17   2.06 1.85 1.59 1.25 0.75 0.37 0.23 0.25 0.46 0.82 1.28 1.66 1.99 2.23 2.26 2.17 1.85 1.52 1.29 1.19 1.21 1.39 1.64 1.81
 18   1.92 1.91 1.75 1.48 1.07 0.67 0.39 0.21 0.33 0.57 0.96 1.35 1.75 2.06 2.25 2.25 2.06 1.75 1.45 1.25 1.17 1.21 1.44 1.65
 19   1.80 1.86 1.82 1.66 1.39 0.99 0.70 0.50 0.42 0.50 0.78 1.16 1.51 1.82 2.09 2.18 2.17 1.97 1.66 1.38 1.20 1.16 1.23 1.35
 20   1.54 1.67 1.75 1.76 1.64 1.38 1.12 0.87 0.66 0.57 0.65 0.94 1.24 1.54 1.82 2.08 2.16 2.11 1.92 1.61 1.32 1.14 1.03 1.02
 21   1.23 1.37 1.51 1.64 1.67 1.61 1.45 1.22 0.97 0.79 0.71 0.75 0.97 1.24 1.52 1.79 2.01 2.11 2.01 1.81 1.50 1.27 1.03 0.85
 22   0.90 1.00 1.16 1.35 1.54 1.64 1.64 1.56 1.36 1.14 1.00 0.90 0.91 1.05 1.31 1.58 1.84 2.01 2.03 1.95 1.75 1.43 1.13 0.81
 23   0.65 0.67 0.78 1.00 1.25 1.46 1.65 1.71 1.66 1.53 1.34 1.14 1.02 1.03 1.15 1.37 1.62 1.84 2.00 2.05 1.92 1.71 1.37 0.95
 24   0.64 0.47 0.50 0.66 0.91 1.26 1.54 1.77 1.91 1.91 1.73 1.53 1.33 1.17 1.11 1.25 1.45 1.66 1.85 1.99 2.01 1.85 1.61 1.21
 25   0.75 0.44 0.28 0.33 0.55 0.89 1.27 1.61 1.87 2.00 2.06 1.89 1.62 1.35 1.21 1.19 1.23 1.41 1.62 1.82 1.94 1.95 1.78 1.50
 26   0.98 0.57 0.23 0.11 0.19 0.52 0.91 1.27 1.64 1.97 2.11 2.05 1.86 1.59 1.32 1.17 1.11 1.17 1.38 1.60 1.77 1.91 1.83 1.62
 27   1.25 0.74 0.37 0.08 0.03 0.19 0.52 0.97 1.39 1.77 2.08 2.15 2.08 1.89 1.55 1.28 1.14 1.11 1.24 1.45 1.65 1.83 1.90 1.75
 28   1.47 1.14 0.67 0.28 0.05 0.08 0.28 0.69 1.15 1.55 1.90 2.14 2.17 2.02 1.76 1.45 1.21 1.05 1.07 1.26 1.49 1.68 1.84 1.82
 29   1.65 1.38 0.94 0.52 0.23 0.08 0.14 0.39 0.89 1.32 1.68 1.99 2.14 2.14 1.98 1.69 1.38 1.17 1.05 1.09 1.27 1.49 1.71 1.80
 30   1.73 1.55 1.22 0.84 0.45 0.19 0.13 0.27 0.59 1.04 1.44 1.76 2.02 2.09 2.07 1.89 1.57 1.30 1.09 1.06 1.13 1.33 1.57 1.72
 31   1.75 1.70 1.47 1.17 0.77 0.45 0.23 0.18 0.40 0.81 1.24 1.59 1.89 2.09 2.14 2.02 1.76 1.47 1.27 1.15 1.12 1.26 1.44 1.62
 ----------------------------------------------------------------------------------------------------------------------------
                                                                                               
 ----------------------------------------------------------------------------------------------------------------------------
 ----------------------------------------------------------------------------------------------------------------------------
                                                          SURVEY OF INDIA
                                                    MARINE GEODESY WING (G&RB)
                                                     HOURLY HEIGHTS IN METRES
  NAME OF PORT:- MARMAGAO                                                                           MONTH JUNE      YEAR 2010
 ----------------------------------------------------------------------------------------------------------------------------
 DAYS 0000 0001 0002 0003 0004 0005 0006 0007 0008 0009 0010 0011 0012 0013 0014 0015 0016 0017 0018 0019 0020 0021 0022 0023
 ----------------------------------------------------------------------------------------------------------------------------
  1   1.73 1.78 1.62 1.38 1.11 0.75 0.49 0.37 0.39 0.65 1.09 1.43 1.74 1.94 2.06 2.03 1.89 1.67 1.44 1.26 1.11 1.09 1.20 1.37
  2   1.55 1.59 1.55 1.42 1.19 0.92 0.67 0.50 0.47 0.58 0.86 1.16 1.47 1.73 1.89 1.91 1.79 1.58 1.33 1.18 1.07 1.01 1.03 1.13
  3   1.29 1.39 1.41 1.38 1.28 1.06 0.87 0.68 0.59 0.62 0.76 1.02 1.28 1.52 1.71 1.83 1.84 1.75 1.52 1.30 1.13 1.02 0.93 0.93
  4   1.07 1.22 1.28 1.32 1.30 1.21 1.06 0.89 0.75 0.72 0.77 0.93 1.16 1.42 1.61 1.72 1.79 1.76 1.61 1.41 1.17 1.01 0.90 0.86
  5   0.89 1.04 1.16 1.26 1.29 1.29 1.25 1.14 1.01 0.91 0.92 1.00 1.13 1.35 1.55 1.70 1.81 1.80 1.71 1.58 1.39 1.16 0.95 0.74
  6   0.72 0.87 1.03 1.17 1.29 1.41 1.47 1.44 1.34 1.24 1.17 1.13 1.16 1.31 1.50 1.67 1.77 1.83 1.79 1.65 1.47 1.27 1.04 0.79
  7   0.62 0.65 0.80 0.97 1.15 1.33 1.46 1.54 1.54 1.48 1.36 1.24 1.19 1.23 1.34 1.50 1.65 1.75 1.82 1.77 1.59 1.35 1.13 0.87
  8   0.68 0.55 0.58 0.71 0.89 1.12 1.37 1.58 1.67 1.66 1.55 1.41 1.28 1.23 1.24 1.28 1.36 1.51 1.65 1.71 1.73 1.66 1.46 1.18
  9   0.67 0.50 0.38 0.45 0.62 0.90 1.21 1.47 1.65 1.72 1.72 1.62 1.46 1.32 1.28 1.28 1.34 1.45 1.57 1.70 1.73 1.69 1.57 1.34
 10   1.00 0.54 0.29 0.28 0.42 0.66 1.01 1.33 1.65 1.87 1.91 1.87 1.72 1.53 1.37 1.33 1.35 1.45 1.62 1.76 1.84 1.85 1.71 1.43
 11   1.09 0.71 0.36 0.21 0.26 0.51 0.80 1.19 1.63 2.01 2.17 2.17 2.07 1.84 1.55 1.39 1.33 1.41 1.53 1.72 1.91 1.98 1.93 1.75
 12   1.36 0.95 0.61 0.29 0.22 0.33 0.63 1.03 1.43 1.86 2.16 2.29 2.28 2.12 1.87 1.61 1.43 1.33 1.40 1.61 1.85 2.05 2.07 1.94
 13   1.71 1.34 0.88 0.50 0.22 0.17 0.29 0.62 1.12 1.57 1.97 2.21 2.29 2.26 2.10 1.78 1.50 1.26 1.24 1.35 1.61 1.84 1.95 1.98
 14   1.92 1.57 1.17 0.69 0.35 0.09 0.18 0.38 0.74 1.15 1.65 2.06 2.23 2.32 2.25 2.03 1.69 1.24 1.03 1.05 1.29 1.59 1.83 1.97
 15   1.97 1.76 1.46 1.04 0.63 0.27 0.12 0.19 0.44 0.78 1.28 1.68 2.00 2.20 2.19 2.00 1.65 1.29 1.06 0.94 0.99 1.24 1.50 1.72
 16   1.93 1.88 1.71 1.46 1.03 0.65 0.38 0.28 0.34 0.62 1.05 1.50 1.94 2.27 2.37 2.26 2.01 1.59 1.25 1.00 0.91 1.04 1.26 1.48
 17   1.72 1.88 1.85 1.68 1.41 1.01 0.73 0.51 0.41 0.57 0.91 1.28 1.65 1.98 2.27 2.28 2.13 1.89 1.51 1.12 0.91 0.84 0.89 1.11
 18   1.35 1.62 1.76 1.75 1.68 1.50 1.17 0.87 0.67 0.66 0.77 1.07 1.49 1.81 2.07 2.24 2.24 2.08 1.78 1.35 1.07 0.89 0.76 0.81
 19   1.09 1.32 1.50 1.69 1.78 1.74 1.59 1.35 1.13 0.99 0.96 1.07 1.33 1.60 1.87 2.11 2.22 2.19 1.96 1.66 1.30 0.99 0.74 0.63
 20   0.74 0.95 1.18 1.44 1.63 1.75 1.80 1.67 1.48 1.33 1.20 1.17 1.24 1.44 1.67 1.89 2.04 2.08 2.02 1.82 1.54 1.20 0.84 0.60
 21   0.53 0.66 0.86 1.10 1.34 1.61 1.81 1.86 1.82 1.67 1.55 1.40 1.30 1.36 1.51 1.69 1.87 1.98 2.02 1.97 1.80 1.50 1.17 0.85
 22   0.57 0.56 0.62 0.83 1.08 1.40 1.70 1.92 2.02 2.03 1.90 1.69 1.50 1.43 1.46 1.56 1.73 1.86 1.94 1.98 1.91 1.73 1.47 1.04
 23   0.71 0.50 0.38 0.50 0.73 1.08 1.44 1.73 1.94 2.05 2.05 1.90 1.71 1.53 1.40 1.35 1.47 1.59 1.73 1.84 1.88 1.81 1.62 1.30
 24   0.89 0.61 0.35 0.30 0.43 0.70 1.07 1.52 1.82 2.02 2.12 2.09 1.92 1.67 1.40 1.23 1.24 1.35 1.53 1.68 1.81 1.89 1.84 1.61
 25   1.25 0.85 0.42 0.21 0.23 0.43 0.77 1.13 1.56 1.91 2.09 2.16 2.11 1.93 1.61 1.40 1.27 1.24 1.33 1.56 1.73 1.86 1.87 1.76
 26   1.50 1.17 0.76 0.44 0.29 0.30 0.54 0.90 1.34 1.72 2.04 2.18 2.15 2.02 1.79 1.48 1.27 1.16 1.20 1.36 1.53 1.69 1.79 1.76
 27   1.56 1.28 0.90 0.51 0.24 0.20 0.29 0.58 1.00 1.40 1.75 2.00 2.15 2.00 1.78 1.48 1.26 1.09 1.04 1.12 1.30 1.54 1.70 1.76
 28   1.66 1.45 1.15 0.74 0.44 0.20 0.24 0.43 0.76 1.17 1.57 1.86 2.05 2.12 1.96 1.75 1.43 1.16 1.02 1.02 1.13 1.34 1.63 1.69
 29   1.69 1.61 1.38 1.02 0.64 0.43 0.29 0.36 0.58 1.00 1.40 1.76 2.01 2.17 2.07 1.87 1.63 1.38 1.12 1.03 1.11 1.25 1.46 1.65
 30   1.77 1.72 1.57 1.33 1.00 0.69 0.52 0.52 0.64 0.91 1.31 1.65 1.94 2.08 2.13 2.02 1.77 1.47 1.23 1.08 1.02 1.10 1.31 1.49
 ----------------------------------------------------------------------------------------------------------------------------
                                                                                               
 ----------------------------------------------------------------------------------------------------------------------------
 ----------------------------------------------------------------------------------------------------------------------------
                                                          SURVEY OF INDIA
                                                    MARINE GEODESY WING (G&RB)
                                                     HOURLY HEIGHTS IN METRES
  NAME OF PORT:- MARMAGAO                                                                           MONTH JULY      YEAR 2010
 ----------------------------------------------------------------------------------------------------------------------------
 DAYS 0000 0001 0002 0003 0004 0005 0006 0007 0008 0009 0010 0011 0012 0013 0014 0015 0016 0017 0018 0019 0020 0021 0022 0023
 ----------------------------------------------------------------------------------------------------------------------------
  1   1.63 1.72 1.64 1.47 1.20 0.94 0.71 0.62 0.65 0.79 1.14 1.45 1.75 1.96 2.04 1.95 1.82 1.59 1.25 1.01 0.94 0.98 1.12 1.27
  2   1.47 1.57 1.58 1.49 1.33 1.06 0.85 0.71 0.70 0.83 1.08 1.34 1.59 1.85 1.98 1.95 1.84 1.63 1.34 1.10 0.93 0.86 0.94 1.10
  3   1.29 1.42 1.50 1.52 1.46 1.30 1.07 0.92 0.88 0.92 1.06 1.27 1.54 1.75 1.93 1.96 1.89 1.71 1.47 1.19 1.02 0.89 0.80 0.92
  4   1.07 1.22 1.36 1.48 1.52 1.46 1.33 1.20 1.11 1.06 1.11 1.27 1.47 1.67 1.86 1.97 1.98 1.86 1.67 1.40 1.18 0.98 0.86 0.86
  5   0.91 1.08 1.25 1.39 1.49 1.58 1.54 1.45 1.34 1.28 1.28 1.36 1.49 1.62 1.76 1.87 1.94 1.88 1.74 1.54 1.29 1.06 0.86 0.72
  6   0.66 0.80 0.96 1.12 1.29 1.44 1.55 1.57 1.50 1.42 1.37 1.33 1.34 1.42 1.54 1.65 1.76 1.79 1.72 1.61 1.40 1.13 0.91 0.71
  7   0.58 0.56 0.69 0.88 1.09 1.32 1.52 1.68 1.72 1.68 1.58 1.49 1.45 1.44 1.48 1.58 1.68 1.77 1.82 1.78 1.59 1.36 1.10 0.81
  8   0.60 0.50 0.53 0.62 0.87 1.16 1.43 1.64 1.83 1.84 1.78 1.63 1.51 1.42 1.39 1.46 1.55 1.64 1.70 1.73 1.67 1.52 1.23 0.91
  9   0.59 0.37 0.25 0.30 0.50 0.80 1.14 1.47 1.73 1.88 1.88 1.69 1.54 1.42 1.34 1.30 1.37 1.48 1.61 1.72 1.79 1.74 1.52 1.21
 10   0.84 0.50 0.29 0.16 0.27 0.57 0.88 1.26 1.64 1.96 2.08 2.05 1.90 1.65 1.45 1.29 1.26 1.32 1.45 1.63 1.82 1.89 1.75 1.52
 11   1.20 0.78 0.38 0.12 0.10 0.21 0.50 1.00 1.40 1.77 2.03 2.17 2.08 1.86 1.57 1.31 1.16 1.17 1.26 1.44 1.69 1.88 1.94 1.81
 12   1.51 1.15 0.66 0.23 0.02 0.00 0.23 0.60 1.05 1.56 1.94 2.23 2.23 2.13 1.79 1.44 1.16 0.98 1.05 1.24 1.51 1.76 1.95 2.03
 13   1.85 1.57 1.08 0.57 0.24 0.07 0.10 0.37 0.85 1.40 1.84 2.20 2.35 2.33 2.10 1.72 1.30 0.98 0.87 0.97 1.22 1.53 1.82 2.06
 14   2.05 1.87 1.57 1.05 0.57 0.25 0.16 0.26 0.59 1.09 1.58 1.97 2.29 2.43 2.25 1.94 1.43 0.99 0.80 0.72 0.81 1.13 1.47 1.76
 15   1.98 2.01 1.80 1.54 1.04 0.62 0.40 0.30 0.47 0.82 1.33 1.78 2.13 2.38 2.41 2.15 1.80 1.28 0.89 0.65 0.66 0.82 1.17 1.47
 16   1.75 2.00 1.99 1.83 1.57 1.13 0.76 0.58 0.57 0.74 1.14 1.52 1.93 2.23 2.39 2.32 1.98 1.56 1.17 0.78 0.55 0.58 0.75 1.09
 17   1.43 1.68 1.84 1.88 1.79 1.50 1.19 0.97 0.84 0.85 1.08 1.39 1.75 2.04 2.26 2.32 2.20 1.88 1.50 1.09 0.79 0.60 0.62 0.77
 18   1.10 1.38 1.62 1.79 1.86 1.82 1.63 1.42 1.22 1.10 1.15 1.28 1.57 1.82 2.06 2.19 2.19 2.00 1.72 1.36 0.98 0.74 0.53 0.53
 19   0.71 0.99 1.24 1.45 1.65 1.76 1.74 1.65 1.49 1.35 1.27 1.27 1.39 1.57 1.78 1.93 1.99 1.97 1.83 1.59 1.27 0.95 0.66 0.48
 20   0.45 0.60 0.87 1.10 1.32 1.55 1.71 1.77 1.72 1.61 1.46 1.36 1.32 1.42 1.54 1.64 1.72 1.80 1.75 1.62 1.44 1.16 0.90 0.62
 21   0.44 0.42 0.58 0.86 1.12 1.37 1.61 1.75 1.83 1.80 1.72 1.54 1.42 1.38 1.40 1.44 1.53 1.68 1.76 1.67 1.44 1.15 0.83 0.70
 22   0.56 0.40 0.39 0.56 0.85 1.14 1.42 1.68 1.81 1.89 1.83 1.69 1.54 1.37 1.24 1.24 1.27 1.39 1.54 1.64 1.68 1.54 1.28 0.94
 23   0.80 0.52 0.36 0.36 0.54 0.85 1.16 1.47 1.75 1.89 1.94 1.91 1.72 1.54 1.32 1.19 1.22 1.27 1.40 1.55 1.68 1.71 1.63 1.40
 24   1.05 0.76 0.48 0.31 0.34 0.53 0.85 1.18 1.51 1.81 2.00 2.03 1.92 1.70 1.43 1.25 1.12 1.10 1.24 1.39 1.54 1.68 1.70 1.55
 25   1.30 0.98 0.64 0.38 0.27 0.44 0.74 1.04 1.34 1.67 1.92 2.08 2.04 1.88 1.57 1.33 1.16 1.04 1.09 1.26 1.45 1.61 1.74 1.64
 26   1.49 1.17 0.86 0.56 0.33 0.34 0.62 0.91 1.21 1.54 1.81 2.00 2.09 1.97 1.71 1.44 1.23 1.08 1.02 1.17 1.34 1.50 1.64 1.72
 27   1.64 1.34 1.04 0.72 0.45 0.31 0.50 0.80 1.11 1.43 1.78 2.04 2.18 2.11 1.89 1.65 1.34 1.06 0.98 1.05 1.22 1.49 1.70 1.85
 28   1.68 1.57 1.27 0.98 0.71 0.52 0.48 0.70 1.02 1.34 1.71 1.96 2.16 2.19 2.00 1.72 1.40 1.10 0.90 0.88 0.99 1.26 1.49 1.71
 29   1.67 1.64 1.50 1.20 0.92 0.71 0.59 0.64 0.90 1.22 1.54 1.88 2.06 2.14 2.02 1.78 1.47 1.14 0.92 0.82 0.88 1.08 1.36 1.60
 30   1.69 1.69 1.60 1.43 1.13 0.87 0.70 0.66 0.80 1.10 1.45 1.73 1.99 2.14 2.10 1.93 1.65 1.33 1.04 0.84 0.82 0.95 1.19 1.45
 31   1.70 1.77 1.75 1.63 1.43 1.16 0.92 0.82 0.87 1.04 1.32 1.66 1.94 2.09 2.08 1.93 1.73 1.40 1.04 0.86 0.80 0.81 0.96 1.25
 ----------------------------------------------------------------------------------------------------------------------------
                                                                                               
 ----------------------------------------------------------------------------------------------------------------------------
 ----------------------------------------------------------------------------------------------------------------------------
                                                          SURVEY OF INDIA
                                                    MARINE GEODESY WING (G&RB)
                                                     HOURLY HEIGHTS IN METRES
  NAME OF PORT:- MARMAGAO                                                                           MONTH AUGUST    YEAR 2010
 ----------------------------------------------------------------------------------------------------------------------------
 DAYS 0000 0001 0002 0003 0004 0005 0006 0007 0008 0009 0010 0011 0012 0013 0014 0015 0016 0017 0018 0019 0020 0021 0022 0023
 ----------------------------------------------------------------------------------------------------------------------------
  1   1.43 1.59 1.66 1.66 1.53 1.33 1.12 0.96 0.96 1.08 1.30 1.53 1.77 1.95 2.03 1.96 1.79 1.54 1.14 0.89 0.74 0.70 0.77 0.94
  2   1.20 1.32 1.43 1.50 1.54 1.52 1.47 1.36 1.25 1.22 1.24 1.43 1.67 1.84 1.92 1.89 1.81 1.65 1.34 1.02 0.80 0.70 0.65 0.79
  3   1.00 1.20 1.40 1.55 1.62 1.62 1.54 1.44 1.36 1.29 1.26 1.40 1.59 1.78 1.89 1.96 1.92 1.74 1.50 1.23 1.01 0.80 0.68 0.68
  4   0.80 1.00 1.19 1.37 1.55 1.65 1.66 1.57 1.44 1.34 1.29 1.28 1.42 1.54 1.65 1.74 1.78 1.72 1.58 1.37 1.13 0.90 0.71 0.59
  5   0.51 0.71 0.91 1.10 1.30 1.53 1.67 1.70 1.68 1.60 1.52 1.42 1.39 1.48 1.55 1.63 1.69 1.74 1.66 1.54 1.36 1.15 0.90 0.69
  6   0.57 0.49 0.60 0.79 1.02 1.28 1.56 1.72 1.80 1.82 1.73 1.59 1.48 1.43 1.44 1.50 1.58 1.68 1.76 1.72 1.62 1.42 1.16 0.85
  7   0.61 0.45 0.40 0.50 0.72 1.01 1.37 1.67 1.87 1.98 1.93 1.79 1.62 1.44 1.34 1.34 1.42 1.53 1.66 1.74 1.76 1.72 1.50 1.17
  8   0.80 0.50 0.32 0.26 0.39 0.66 1.04 1.44 1.78 2.00 2.08 2.00 1.80 1.49 1.30 1.21 1.21 1.26 1.43 1.67 1.86 1.89 1.82 1.58
  9   1.24 0.80 0.44 0.23 0.18 0.37 0.77 1.19 1.62 1.99 2.27 2.25 2.08 1.77 1.43 1.17 1.04 1.08 1.28 1.54 1.76 1.92 2.00 1.93
 10   1.67 1.20 0.70 0.39 0.17 0.16 0.50 0.95 1.43 1.88 2.25 2.33 2.30 2.06 1.58 1.19 0.92 0.80 0.89 1.19 1.53 1.83 2.08 2.13
 11   2.01 1.60 1.15 0.69 0.29 0.18 0.32 0.66 1.17 1.63 2.02 2.34 2.44 2.27 1.89 1.39 0.97 0.70 0.64 0.82 1.19 1.57 1.91 2.19
 12   2.23 2.03 1.70 1.18 0.70 0.39 0.38 0.57 0.94 1.45 1.89 2.25 2.44 2.43 2.12 1.73 1.20 0.74 0.54 0.50 0.74 1.19 1.56 1.88
 13   2.14 2.16 2.00 1.60 1.10 0.72 0.52 0.51 0.74 1.15 1.58 1.95 2.26 2.38 2.22 1.88 1.32 0.83 0.44 0.30 0.38 0.68 1.10 1.48
 14   1.82 2.00 2.00 1.82 1.48 1.03 0.76 0.65 0.74 0.96 1.36 1.74 2.04 2.20 2.18 1.96 1.57 1.06 0.60 0.34 0.27 0.36 0.73 1.08
 15   1.44 1.72 1.94 1.90 1.70 1.45 1.14 0.92 0.89 0.96 1.19 1.53 1.80 2.01 2.12 2.03 1.76 1.44 0.96 0.59 0.37 0.30 0.44 0.75
 16   1.11 1.37 1.63 1.77 1.79 1.69 1.49 1.27 1.12 1.06 1.13 1.33 1.57 1.80 1.91 1.95 1.84 1.59 1.27 0.94 0.61 0.43 0.38 0.48
 17   0.73 0.98 1.24 1.48 1.60 1.65 1.64 1.54 1.37 1.24 1.20 1.24 1.38 1.54 1.67 1.72 1.73 1.68 1.50 1.25 0.96 0.75 0.60 0.53
 18   0.63 0.84 1.02 1.21 1.42 1.57 1.68 1.75 1.67 1.54 1.44 1.35 1.32 1.40 1.50 1.56 1.61 1.64 1.56 1.44 1.27 1.05 0.83 0.67
 19   0.56 0.63 0.77 0.94 1.15 1.37 1.58 1.72 1.75 1.70 1.62 1.48 1.39 1.35 1.35 1.39 1.49 1.57 1.62 1.59 1.50 1.38 1.12 0.90
 20   0.74 0.58 0.60 0.74 0.94 1.18 1.43 1.63 1.80 1.86 1.79 1.64 1.48 1.34 1.23 1.22 1.30 1.38 1.47 1.54 1.58 1.48 1.32 1.12
 21   0.84 0.62 0.50 0.50 0.65 0.88 1.17 1.49 1.72 1.86 1.89 1.82 1.60 1.38 1.20 1.10 1.14 1.28 1.42 1.54 1.66 1.69 1.58 1.42
 22   1.14 0.83 0.62 0.52 0.56 0.79 1.07 1.38 1.69 1.91 2.03 1.95 1.81 1.56 1.28 1.10 1.05 1.11 1.25 1.45 1.64 1.77 1.70 1.55
 23   1.37 1.05 0.75 0.53 0.50 0.64 0.90 1.23 1.55 1.85 2.01 2.04 1.90 1.70 1.40 1.16 1.02 0.97 1.07 1.29 1.50 1.70 1.77 1.74
 24   1.52 1.30 0.94 0.64 0.48 0.50 0.73 1.06 1.40 1.72 1.94 2.06 1.98 1.77 1.49 1.16 0.92 0.80 0.86 1.05 1.31 1.56 1.72 1.76
 25   1.62 1.43 1.12 0.79 0.52 0.44 0.60 0.85 1.22 1.60 1.85 2.02 2.02 1.83 1.54 1.24 0.94 0.73 0.72 0.85 1.10 1.44 1.70 1.80
 26   1.77 1.60 1.34 0.96 0.67 0.54 0.58 0.80 1.09 1.50 1.81 1.98 2.04 1.94 1.64 1.30 0.92 0.67 0.60 0.72 0.95 1.32 1.64 1.80
 27   1.83 1.73 1.53 1.18 0.86 0.65 0.62 0.74 1.00 1.39 1.70 1.89 1.96 1.90 1.72 1.35 0.94 0.64 0.50 0.54 0.73 1.00 1.33 1.57
 28   1.77 1.73 1.57 1.33 1.03 0.77 0.67 0.70 0.90 1.23 1.55 1.77 1.94 1.93 1.77 1.46 1.08 0.73 0.54 0.51 0.60 0.85 1.19 1.44
 29   1.77 1.78 1.70 1.54 1.27 1.00 0.84 0.82 0.90 1.14 1.49 1.72 1.87 1.92 1.82 1.57 1.24 0.86 0.60 0.49 0.52 0.69 0.96 1.28
 30   1.54 1.72 1.77 1.67 1.47 1.25 1.06 0.94 0.97 1.11 1.39 1.63 1.80 1.92 1.90 1.72 1.44 1.09 0.78 0.56 0.49 0.58 0.77 1.09
 31   1.40 1.59 1.72 1.72 1.62 1.46 1.27 1.15 1.12 1.18 1.33 1.55 1.75 1.84 1.85 1.75 1.55 1.26 0.98 0.75 0.56 0.50 0.62 0.84
 ----------------------------------------------------------------------------------------------------------------------------
                                                                                               
 ----------------------------------------------------------------------------------------------------------------------------
 ----------------------------------------------------------------------------------------------------------------------------
                                                          SURVEY OF INDIA
                                                    MARINE GEODESY WING (G&RB)
                                                     HOURLY HEIGHTS IN METRES
  NAME OF PORT:- MARMAGAO                                                                           MONTH SEPT      YEAR 2010
 ----------------------------------------------------------------------------------------------------------------------------
 DAYS 0000 0001 0002 0003 0004 0005 0006 0007 0008 0009 0010 0011 0012 0013 0014 0015 0016 0017 0018 0019 0020 0021 0022 0023
 ----------------------------------------------------------------------------------------------------------------------------
  1   1.13 1.34 1.50 1.64 1.67 1.59 1.47 1.34 1.22 1.20 1.28 1.42 1.59 1.72 1.79 1.75 1.64 1.45 1.18 0.91 0.73 0.59 0.58 0.68
  2   0.86 1.08 1.28 1.47 1.60 1.67 1.61 1.54 1.46 1.38 1.34 1.38 1.47 1.57 1.67 1.72 1.66 1.54 1.38 1.18 0.95 0.72 0.61 0.58
  3   0.62 0.84 1.04 1.25 1.44 1.62 1.70 1.68 1.63 1.57 1.48 1.40 1.43 1.48 1.55 1.62 1.68 1.68 1.60 1.46 1.26 1.06 0.82 0.61
  4   0.57 0.64 0.76 0.97 1.21 1.44 1.67 1.78 1.83 1.78 1.64 1.47 1.40 1.36 1.36 1.44 1.54 1.60 1.65 1.64 1.56 1.37 1.10 0.83
  5   0.60 0.54 0.56 0.68 0.94 1.26 1.54 1.80 1.97 1.97 1.89 1.69 1.46 1.25 1.20 1.24 1.34 1.46 1.62 1.75 1.78 1.71 1.50 1.18
  6   0.83 0.58 0.45 0.46 0.62 0.93 1.32 1.65 1.94 2.12 2.06 1.90 1.60 1.26 1.03 0.95 0.98 1.13 1.38 1.65 1.80 1.86 1.78 1.52
  7   1.12 0.76 0.44 0.25 0.33 0.59 0.97 1.40 1.78 2.06 2.18 2.02 1.75 1.35 0.93 0.70 0.63 0.75 0.98 1.37 1.70 1.94 2.00 1.90
  8   1.57 1.15 0.69 0.40 0.24 0.33 0.69 1.15 1.61 1.98 2.20 2.24 2.01 1.62 1.14 0.70 0.44 0.42 0.63 1.00 1.43 1.83 2.10 2.17
  9   1.99 1.69 1.20 0.75 0.45 0.36 0.54 0.95 1.44 1.87 2.18 2.36 2.25 1.98 1.49 0.88 0.49 0.29 0.34 0.67 1.12 1.57 1.97 2.24
 10   2.23 2.07 1.74 1.18 0.75 0.56 0.54 0.79 1.24 1.68 2.04 2.27 2.34 2.13 1.74 1.30 0.91 0.54 0.33 0.37 0.69 1.09 1.57 1.93
 11   2.17 2.12 1.90 1.53 1.14 0.83 0.67 0.72 1.01 1.47 1.82 2.10 2.29 2.20 1.90 1.48 0.93 0.43 0.13 0.07 0.31 0.70 1.15 1.57
 12   1.94 2.11 2.14 1.92 1.54 1.17 0.94 0.86 0.94 1.24 1.62 1.88 2.06 2.15 2.00 1.66 1.29 0.75 0.37 0.18 0.18 0.41 0.83 1.22
 13   1.59 1.88 2.04 2.00 1.83 1.52 1.22 1.07 1.05 1.10 1.38 1.70 1.89 2.00 2.00 1.80 1.53 1.15 0.75 0.45 0.36 0.39 0.56 0.90
 14   1.31 1.56 1.76 1.92 1.92 1.77 1.55 1.34 1.24 1.22 1.32 1.51 1.69 1.79 1.85 1.83 1.73 1.44 1.13 0.84 0.62 0.56 0.58 0.77
 15   1.08 1.35 1.57 1.76 1.86 1.84 1.77 1.64 1.48 1.41 1.37 1.40 1.54 1.66 1.73 1.76 1.75 1.61 1.42 1.18 0.99 0.82 0.75 0.78
 16   0.93 1.12 1.32 1.52 1.68 1.79 1.85 1.82 1.72 1.60 1.50 1.45 1.44 1.48 1.54 1.61 1.66 1.66 1.58 1.46 1.28 1.10 0.97 0.87
 17   0.81 0.92 1.08 1.25 1.45 1.64 1.76 1.83 1.81 1.76 1.62 1.46 1.37 1.32 1.32 1.37 1.43 1.50 1.55 1.56 1.47 1.30 1.13 0.95
 18   0.80 0.79 0.85 0.98 1.18 1.41 1.62 1.78 1.85 1.82 1.70 1.56 1.36 1.20 1.13 1.16 1.25 1.37 1.47 1.54 1.58 1.52 1.36 1.15
 19   0.94 0.85 0.79 0.84 1.00 1.24 1.47 1.68 1.87 1.90 1.82 1.66 1.45 1.22 1.07 0.98 1.03 1.16 1.32 1.50 1.62 1.63 1.56 1.40
 20   1.14 0.92 0.79 0.75 0.82 1.02 1.27 1.55 1.77 1.90 1.90 1.79 1.60 1.29 1.03 0.90 0.88 0.98 1.19 1.41 1.60 1.69 1.70 1.56
 21   1.33 1.08 0.87 0.70 0.70 0.88 1.16 1.47 1.74 1.87 1.95 1.86 1.68 1.37 1.08 0.82 0.74 0.80 1.01 1.30 1.57 1.73 1.79 1.75
 22   1.56 1.27 0.99 0.78 0.70 0.83 1.03 1.33 1.68 1.92 1.98 1.93 1.76 1.49 1.13 0.84 0.68 0.69 0.86 1.13 1.46 1.72 1.88 1.90
 23   1.79 1.52 1.20 0.92 0.80 0.79 0.96 1.28 1.60 1.85 1.98 2.02 1.92 1.63 1.23 0.90 0.68 0.62 0.69 0.94 1.30 1.62 1.85 1.96
 24   1.90 1.73 1.40 1.08 0.87 0.78 0.88 1.16 1.44 1.74 1.98 2.05 1.96 1.73 1.41 0.92 0.62 0.49 0.52 0.71 1.10 1.50 1.74 1.93
 25   1.97 1.87 1.61 1.27 0.97 0.87 0.90 1.07 1.37 1.72 1.93 2.05 2.01 1.80 1.49 1.06 0.67 0.47 0.43 0.56 0.86 1.27 1.61 1.87
 26   2.00 2.00 1.81 1.47 1.15 0.96 0.90 1.01 1.23 1.56 1.82 1.96 2.01 1.87 1.62 1.24 0.82 0.52 0.34 0.42 0.62 0.99 1.37 1.72
 27   1.92 2.03 1.91 1.69 1.35 1.10 1.01 1.03 1.16 1.43 1.67 1.85 1.96 1.95 1.72 1.37 0.92 0.61 0.40 0.39 0.49 0.75 1.14 1.49
 28   1.82 1.96 2.01 1.87 1.60 1.32 1.17 1.09 1.19 1.36 1.59 1.78 1.91 1.93 1.78 1.49 1.15 0.81 0.56 0.40 0.45 0.63 0.95 1.28
 29   1.58 1.80 1.94 1.91 1.77 1.54 1.33 1.21 1.21 1.29 1.45 1.64 1.80 1.90 1.86 1.74 1.49 1.10 0.83 0.65 0.59 0.63 0.77 1.07
 30   1.43 1.66 1.83 1.93 1.88 1.75 1.62 1.49 1.38 1.36 1.44 1.57 1.75 1.86 1.87 1.82 1.67 1.44 1.19 0.95 0.77 0.66 0.68 0.91
 ----------------------------------------------------------------------------------------------------------------------------
                                                                                               
 ----------------------------------------------------------------------------------------------------------------------------
 ----------------------------------------------------------------------------------------------------------------------------
                                                          SURVEY OF INDIA
                                                    MARINE GEODESY WING (G&RB)
                                                     HOURLY HEIGHTS IN METRES
  NAME OF PORT:- MARMAGAO                                                                           MONTH OCTOBER   YEAR 2010
 ----------------------------------------------------------------------------------------------------------------------------
 DAYS 0000 0001 0002 0003 0004 0005 0006 0007 0008 0009 0010 0011 0012 0013 0014 0015 0016 0017 0018 0019 0020 0021 0022 0023
 ----------------------------------------------------------------------------------------------------------------------------
  1   1.14 1.43 1.69 1.88 1.99 1.94 1.82 1.71 1.61 1.51 1.44 1.51 1.61 1.72 1.79 1.79 1.74 1.65 1.45 1.23 1.02 0.88 0.80 0.79
  2   0.96 1.19 1.42 1.66 1.81 1.92 1.97 1.89 1.75 1.63 1.53 1.43 1.48 1.55 1.62 1.68 1.74 1.77 1.71 1.54 1.35 1.17 1.01 0.87
  3   0.84 0.96 1.16 1.39 1.65 1.85 2.01 2.07 2.01 1.85 1.66 1.51 1.39 1.37 1.42 1.49 1.61 1.72 1.81 1.80 1.72 1.53 1.31 1.08
  4   0.89 0.84 0.93 1.12 1.39 1.71 1.94 2.15 2.25 2.11 1.88 1.63 1.41 1.22 1.15 1.22 1.40 1.57 1.79 1.97 1.99 1.91 1.76 1.48
  5   1.06 0.90 0.89 0.96 1.17 1.47 1.85 2.10 2.28 2.30 2.15 1.84 1.48 1.16 0.96 0.86 0.99 1.29 1.59 1.84 2.04 2.17 2.09 1.83
  6   1.48 1.05 0.82 0.82 0.88 1.14 1.55 1.93 2.20 2.32 2.23 2.00 1.65 1.11 0.74 0.55 0.50 0.73 1.11 1.50 1.85 2.10 2.23 2.10
  7   1.84 1.41 1.06 0.77 0.72 0.91 1.23 1.64 1.99 2.24 2.30 2.18 1.85 1.36 0.76 0.40 0.27 0.33 0.63 1.14 1.58 1.96 2.29 2.38
  8   2.14 1.82 1.40 1.07 0.85 0.87 1.08 1.48 1.82 2.13 2.31 2.26 2.06 1.65 1.02 0.47 0.17 0.08 0.26 0.69 1.18 1.66 2.15 2.37
  9   2.37 2.18 1.85 1.36 1.07 0.93 0.98 1.25 1.54 1.84 2.10 2.20 2.10 1.84 1.38 0.77 0.32 0.09 0.05 0.26 0.74 1.22 1.69 2.08
 10   2.30 2.28 2.06 1.72 1.30 1.05 0.94 1.02 1.30 1.58 1.86 2.06 2.10 1.93 1.63 1.12 0.54 0.18 0.01 0.02 0.27 0.78 1.27 1.68
 11   2.01 2.22 2.18 1.95 1.58 1.24 1.03 0.95 1.06 1.35 1.62 1.81 1.99 1.93 1.75 1.38 0.91 0.48 0.22 0.10 0.19 0.48 0.98 1.36
 12   1.76 2.00 2.07 1.97 1.78 1.43 1.17 1.05 1.01 1.14 1.36 1.57 1.73 1.82 1.73 1.53 1.24 0.87 0.53 0.34 0.26 0.38 0.75 1.13
 13   1.47 1.73 1.94 1.98 1.89 1.73 1.46 1.26 1.14 1.13 1.30 1.47 1.64 1.74 1.73 1.64 1.50 1.24 0.96 0.76 0.60 0.57 0.76 1.03
 14   1.34 1.57 1.76 1.93 1.98 1.88 1.71 1.57 1.43 1.32 1.31 1.39 1.50 1.58 1.63 1.62 1.54 1.41 1.24 1.02 0.83 0.77 0.79 0.88
 15   1.13 1.34 1.54 1.73 1.83 1.87 1.83 1.73 1.59 1.45 1.36 1.31 1.34 1.39 1.44 1.49 1.51 1.49 1.43 1.32 1.15 1.03 0.94 0.93
 16   0.99 1.16 1.33 1.47 1.62 1.77 1.81 1.81 1.73 1.57 1.42 1.30 1.23 1.21 1.25 1.31 1.37 1.43 1.48 1.47 1.38 1.27 1.12 1.03
 17   1.02 1.07 1.19 1.32 1.51 1.69 1.80 1.87 1.83 1.71 1.55 1.39 1.22 1.11 1.10 1.15 1.24 1.36 1.48 1.56 1.57 1.50 1.38 1.19
 18   1.06 1.02 1.08 1.19 1.35 1.54 1.73 1.86 1.89 1.81 1.66 1.46 1.22 1.01 0.88 0.88 0.99 1.17 1.36 1.52 1.59 1.59 1.52 1.39
 19   1.17 1.06 1.01 1.03 1.17 1.39 1.58 1.77 1.88 1.86 1.72 1.54 1.26 0.98 0.78 0.69 0.77 0.98 1.24 1.49 1.63 1.73 1.75 1.61
 20   1.42 1.21 1.08 1.04 1.13 1.29 1.53 1.75 1.93 1.95 1.86 1.67 1.40 1.09 0.86 0.72 0.69 0.88 1.18 1.48 1.70 1.88 1.95 1.90
 21   1.68 1.46 1.24 1.09 1.11 1.25 1.46 1.69 1.93 2.01 1.96 1.80 1.55 1.20 0.82 0.64 0.59 0.72 1.00 1.33 1.66 1.91 2.07 2.05
 22   1.88 1.68 1.39 1.17 1.13 1.21 1.43 1.68 1.91 2.03 2.03 1.93 1.68 1.33 0.90 0.65 0.54 0.55 0.78 1.18 1.56 1.88 2.11 2.20
 23   2.05 1.88 1.56 1.30 1.14 1.13 1.27 1.52 1.78 1.97 2.04 2.00 1.81 1.45 1.02 0.64 0.43 0.39 0.56 0.90 1.35 1.75 2.04 2.23
 24   2.20 2.05 1.75 1.43 1.24 1.15 1.19 1.45 1.70 1.93 2.08 2.06 1.92 1.64 1.23 0.79 0.48 0.35 0.45 0.73 1.13 1.56 1.92 2.18
 25   2.27 2.20 2.01 1.68 1.38 1.24 1.24 1.34 1.57 1.83 1.97 2.06 2.01 1.74 1.42 0.98 0.53 0.37 0.35 0.51 0.88 1.33 1.72 2.05
 26   2.23 2.23 2.10 1.84 1.50 1.26 1.22 1.27 1.44 1.65 1.83 1.98 1.97 1.83 1.58 1.20 0.73 0.41 0.32 0.32 0.55 0.92 1.37 1.72
 27   1.99 2.14 2.12 1.96 1.69 1.37 1.23 1.17 1.23 1.44 1.61 1.78 1.87 1.82 1.64 1.37 0.96 0.62 0.43 0.36 0.43 0.68 1.10 1.49
 28   1.77 2.00 2.13 2.03 1.85 1.62 1.36 1.26 1.24 1.35 1.51 1.67 1.79 1.85 1.74 1.58 1.30 0.96 0.70 0.55 0.48 0.60 0.84 1.20
 29   1.54 1.82 1.98 2.06 2.00 1.78 1.57 1.40 1.28 1.25 1.30 1.50 1.64 1.71 1.72 1.66 1.51 1.26 1.00 0.76 0.61 0.60 0.72 0.94
 30   1.26 1.54 1.78 1.95 2.02 1.93 1.74 1.57 1.38 1.27 1.20 1.27 1.41 1.51 1.59 1.63 1.59 1.48 1.32 1.10 0.91 0.78 0.75 0.84
 31   1.06 1.33 1.57 1.79 1.93 1.98 1.95 1.79 1.56 1.37 1.20 1.17 1.19 1.28 1.37 1.49 1.58 1.60 1.55 1.43 1.24 1.04 0.90 0.83
 ----------------------------------------------------------------------------------------------------------------------------
                                                                                               
 ----------------------------------------------------------------------------------------------------------------------------
 ----------------------------------------------------------------------------------------------------------------------------
                                                          SURVEY OF INDIA
                                                    MARINE GEODESY WING (G&RB)
                                                     HOURLY HEIGHTS IN METRES
  NAME OF PORT:- MARMAGAO                                                                           MONTH NOVEMBER  YEAR 2010
 ----------------------------------------------------------------------------------------------------------------------------
 DAYS 0000 0001 0002 0003 0004 0005 0006 0007 0008 0009 0010 0011 0012 0013 0014 0015 0016 0017 0018 0019 0020 0021 0022 0023
 ----------------------------------------------------------------------------------------------------------------------------
  1   0.91 1.08 1.30 1.57 1.78 1.93 2.01 1.95 1.77 1.52 1.24 1.05 0.95 0.95 1.05 1.20 1.36 1.56 1.70 1.67 1.57 1.40 1.19 1.00
  2   0.92 0.95 1.07 1.31 1.57 1.85 1.99 2.05 2.00 1.80 1.42 1.14 0.90 0.74 0.78 0.91 1.13 1.41 1.70 1.87 1.90 1.83 1.64 1.37
  3   1.15 1.06 1.06 1.22 1.46 1.73 1.96 2.16 2.17 2.05 1.77 1.35 0.95 0.68 0.53 0.52 0.75 1.08 1.47 1.80 2.03 2.12 2.06 1.85
  4   1.48 1.24 1.09 1.06 1.26 1.50 1.81 2.03 2.18 2.18 2.01 1.66 1.16 0.75 0.44 0.29 0.41 0.74 1.16 1.59 1.97 2.24 2.31 2.23
  5   1.92 1.56 1.26 1.14 1.13 1.35 1.62 1.90 2.14 2.23 2.16 1.92 1.50 0.95 0.50 0.23 0.17 0.37 0.76 1.25 1.70 2.10 2.37 2.44
  6   2.22 1.95 1.58 1.24 1.14 1.19 1.40 1.70 1.96 2.17 2.25 2.11 1.82 1.35 0.75 0.36 0.16 0.15 0.37 0.83 1.36 1.85 2.23 2.45
  7   2.44 2.30 1.96 1.54 1.28 1.14 1.20 1.47 1.74 2.00 2.16 2.18 2.00 1.67 1.10 0.60 0.28 0.10 0.15 0.46 0.95 1.50 1.92 2.25
  8   2.44 2.40 2.15 1.82 1.45 1.18 1.10 1.22 1.47 1.70 1.95 2.08 2.03 1.83 1.48 0.94 0.47 0.23 0.13 0.27 0.68 1.18 1.62 2.02
  9   2.30 2.41 2.28 2.02 1.65 1.36 1.16 1.14 1.26 1.48 1.71 1.90 1.96 1.85 1.61 1.28 0.80 0.44 0.29 0.27 0.44 0.85 1.29 1.69
 10   2.05 2.27 2.27 2.13 1.88 1.58 1.32 1.20 1.17 1.33 1.54 1.72 1.86 1.87 1.74 1.52 1.20 0.81 0.60 0.48 0.48 0.72 1.10 1.47
 11   1.79 2.06 2.23 2.19 2.04 1.82 1.60 1.40 1.26 1.25 1.40 1.56 1.72 1.78 1.75 1.63 1.45 1.19 0.88 0.71 0.65 0.74 0.95 1.26
 12   1.59 1.81 2.03 2.16 2.07 1.91 1.70 1.52 1.35 1.22 1.23 1.36 1.49 1.56 1.59 1.58 1.49 1.34 1.15 0.94 0.81 0.79 0.87 1.07
 13   1.35 1.61 1.80 1.96 2.00 1.95 1.79 1.63 1.44 1.26 1.18 1.22 1.30 1.37 1.46 1.50 1.50 1.46 1.38 1.24 1.09 1.04 1.04 1.10
 14   1.26 1.46 1.71 1.88 1.98 2.01 1.96 1.83 1.64 1.48 1.33 1.19 1.18 1.23 1.32 1.40 1.48 1.53 1.54 1.49 1.42 1.34 1.26 1.19
 15   1.23 1.39 1.59 1.75 1.89 1.98 1.98 1.92 1.79 1.61 1.40 1.23 1.12 1.07 1.13 1.24 1.39 1.52 1.60 1.66 1.64 1.57 1.50 1.42
 16   1.36 1.35 1.50 1.66 1.82 1.94 2.02 2.03 1.91 1.73 1.50 1.29 1.09 0.96 0.97 1.08 1.22 1.40 1.60 1.75 1.80 1.78 1.69 1.58
 17   1.44 1.37 1.40 1.52 1.64 1.78 1.89 1.96 1.97 1.80 1.58 1.31 1.08 0.87 0.79 0.81 0.94 1.18 1.48 1.67 1.77 1.86 1.86 1.71
 18   1.50 1.38 1.33 1.38 1.47 1.63 1.77 1.88 1.94 1.84 1.67 1.37 1.09 0.84 0.66 0.63 0.76 1.00 1.32 1.60 1.85 2.00 2.04 1.93
 19   1.76 1.56 1.42 1.35 1.42 1.56 1.73 1.90 1.96 1.92 1.78 1.57 1.26 0.90 0.64 0.53 0.53 0.77 1.09 1.42 1.75 1.98 2.10 2.07
 20   1.92 1.71 1.50 1.37 1.35 1.43 1.62 1.82 1.95 1.99 1.92 1.75 1.47 1.06 0.70 0.50 0.44 0.58 0.92 1.29 1.68 1.98 2.25 2.30
 21   2.20 1.99 1.70 1.49 1.38 1.42 1.53 1.74 1.92 2.04 2.06 1.90 1.63 1.26 0.81 0.53 0.37 0.42 0.67 1.07 1.50 1.88 2.20 2.38
 22   2.32 2.19 1.93 1.64 1.45 1.38 1.43 1.65 1.86 2.03 2.12 2.03 1.85 1.54 1.07 0.66 0.42 0.37 0.52 0.84 1.30 1.72 2.10 2.36
 23   2.46 2.33 2.09 1.78 1.51 1.35 1.33 1.50 1.73 1.93 2.07 2.10 1.98 1.70 1.31 0.82 0.49 0.33 0.34 0.59 0.99 1.40 1.86 2.20
 24   2.40 2.41 2.22 1.95 1.60 1.39 1.29 1.33 1.50 1.73 1.90 2.00 1.98 1.78 1.50 1.06 0.63 0.39 0.32 0.42 0.72 1.10 1.51 1.93
 25   2.24 2.35 2.26 2.07 1.74 1.42 1.26 1.21 1.27 1.49 1.67 1.81 1.91 1.85 1.67 1.34 0.92 0.58 0.40 0.35 0.48 0.82 1.24 1.67
 26   2.02 2.27 2.34 2.23 2.01 1.67 1.41 1.26 1.23 1.37 1.55 1.72 1.87 1.94 1.84 1.67 1.37 0.98 0.73 0.58 0.55 0.74 1.07 1.43
 27   1.86 2.14 2.34 2.34 2.19 1.93 1.64 1.38 1.26 1.23 1.31 1.51 1.67 1.82 1.87 1.81 1.67 1.39 1.08 0.86 0.74 0.78 0.90 1.25
 28   1.61 1.88 2.15 2.33 2.29 2.12 1.82 1.51 1.31 1.13 1.09 1.20 1.37 1.54 1.66 1.72 1.71 1.63 1.44 1.15 0.97 0.89 0.93 1.03
 29   1.36 1.62 1.93 2.13 2.22 2.19 2.04 1.72 1.40 1.16 0.99 0.95 1.05 1.19 1.36 1.51 1.65 1.73 1.71 1.54 1.35 1.20 1.09 1.07
 30   1.19 1.46 1.73 1.94 2.12 2.21 2.13 1.96 1.72 1.35 1.08 0.88 0.83 0.90 1.06 1.26 1.48 1.70 1.85 1.89 1.79 1.61 1.45 1.33
 ----------------------------------------------------------------------------------------------------------------------------
                                                                                               
 ----------------------------------------------------------------------------------------------------------------------------
 ----------------------------------------------------------------------------------------------------------------------------
                                                          SURVEY OF INDIA
                                                    MARINE GEODESY WING (G&RB)
                                                     HOURLY HEIGHTS IN METRES
  NAME OF PORT:- MARMAGAO                                                                           MONTH DECEMBER  YEAR 2010
 ----------------------------------------------------------------------------------------------------------------------------
 DAYS 0000 0001 0002 0003 0004 0005 0006 0007 0008 0009 0010 0011 0012 0013 0014 0015 0016 0017 0018 0019 0020 0021 0022 0023
 ----------------------------------------------------------------------------------------------------------------------------
  1   1.29 1.37 1.54 1.76 1.95 2.13 2.21 2.16 1.92 1.62 1.26 0.95 0.73 0.66 0.75 0.97 1.23 1.55 1.81 2.00 2.05 1.97 1.81 1.64
  2   1.44 1.40 1.47 1.63 1.83 2.03 2.15 2.19 2.14 1.93 1.53 1.15 0.82 0.58 0.49 0.60 0.88 1.21 1.62 1.92 2.15 2.21 2.16 2.02
  3   1.70 1.52 1.44 1.46 1.60 1.77 1.97 2.12 2.17 2.05 1.80 1.45 1.06 0.73 0.49 0.38 0.53 0.86 1.27 1.66 2.01 2.29 2.41 2.31
  4   2.02 1.76 1.57 1.44 1.42 1.58 1.79 1.99 2.14 2.15 1.99 1.69 1.29 0.81 0.46 0.25 0.22 0.43 0.91 1.32 1.76 2.13 2.35 2.41
  5   2.28 1.97 1.66 1.44 1.31 1.32 1.52 1.72 1.91 2.08 2.06 1.86 1.59 1.17 0.69 0.35 0.17 0.22 0.49 0.94 1.45 1.84 2.23 2.41
  6   2.40 2.22 1.89 1.53 1.31 1.23 1.30 1.50 1.71 1.89 2.03 1.98 1.77 1.47 1.01 0.57 0.26 0.16 0.31 0.65 1.06 1.57 1.97 2.31
  7   2.44 2.33 2.11 1.77 1.43 1.25 1.21 1.31 1.55 1.78 1.95 2.04 1.91 1.69 1.38 0.87 0.47 0.29 0.26 0.40 0.80 1.30 1.74 2.08
  8   2.37 2.37 2.26 2.00 1.66 1.35 1.20 1.18 1.33 1.56 1.75 1.91 1.95 1.82 1.58 1.18 0.75 0.47 0.37 0.38 0.62 1.03 1.47 1.84
  9   2.15 2.31 2.31 2.08 1.79 1.45 1.20 1.11 1.13 1.26 1.49 1.66 1.78 1.79 1.64 1.36 1.03 0.68 0.47 0.41 0.50 0.78 1.21 1.59
 10   1.93 2.14 2.20 2.14 1.92 1.59 1.31 1.14 1.06 1.07 1.24 1.46 1.61 1.68 1.60 1.43 1.21 0.92 0.69 0.55 0.57 0.70 1.01 1.38
 11   1.71 1.93 2.09 2.08 1.92 1.69 1.41 1.19 1.07 1.00 1.07 1.23 1.39 1.51 1.52 1.45 1.34 1.17 0.93 0.77 0.71 0.79 0.95 1.25
 12   1.62 1.81 1.97 2.06 2.00 1.79 1.55 1.33 1.14 1.04 1.01 1.07 1.24 1.38 1.46 1.48 1.45 1.36 1.24 1.09 0.97 0.95 1.05 1.23
 13   1.49 1.72 1.90 2.00 2.01 1.91 1.72 1.48 1.25 1.04 0.95 1.00 1.08 1.18 1.28 1.37 1.44 1.45 1.38 1.29 1.20 1.12 1.15 1.25
 14   1.40 1.63 1.83 1.94 1.96 1.94 1.82 1.64 1.39 1.18 1.04 0.94 0.95 1.03 1.14 1.28 1.41 1.50 1.55 1.52 1.45 1.40 1.36 1.32
 15   1.42 1.55 1.71 1.84 1.92 1.95 1.88 1.74 1.53 1.28 1.08 0.92 0.84 0.85 0.95 1.10 1.27 1.45 1.58 1.64 1.65 1.61 1.53 1.46
 16   1.44 1.48 1.58 1.70 1.80 1.86 1.85 1.78 1.60 1.39 1.14 0.92 0.74 0.70 0.72 0.82 1.02 1.26 1.47 1.63 1.74 1.76 1.70 1.57
 17   1.50 1.45 1.48 1.56 1.67 1.74 1.79 1.80 1.71 1.52 1.27 1.01 0.74 0.55 0.51 0.64 0.80 1.03 1.34 1.62 1.82 1.92 1.91 1.82
 18   1.63 1.50 1.43 1.46 1.55 1.65 1.75 1.82 1.80 1.66 1.43 1.17 0.86 0.61 0.45 0.42 0.54 0.82 1.17 1.51 1.77 1.95 2.05 2.00
 19   1.83 1.65 1.52 1.42 1.45 1.55 1.67 1.79 1.84 1.79 1.65 1.36 0.99 0.70 0.46 0.30 0.36 0.56 0.90 1.30 1.64 1.95 2.14 2.18
 20   2.04 1.78 1.57 1.42 1.37 1.38 1.54 1.72 1.85 1.91 1.81 1.61 1.35 0.97 0.59 0.30 0.23 0.36 0.68 1.08 1.50 1.88 2.18 2.29
 21   2.20 2.04 1.76 1.48 1.33 1.33 1.41 1.61 1.83 1.95 1.98 1.87 1.62 1.24 0.82 0.44 0.25 0.24 0.42 0.81 1.28 1.71 2.06 2.34
 22   2.38 2.23 2.00 1.67 1.40 1.29 1.33 1.48 1.73 1.93 2.05 2.05 1.87 1.60 1.18 0.70 0.36 0.23 0.29 0.55 0.99 1.47 1.91 2.25
 23   2.44 2.43 2.22 1.87 1.53 1.34 1.24 1.28 1.51 1.76 1.98 2.12 2.09 1.89 1.56 1.10 0.65 0.39 0.30 0.44 0.78 1.24 1.73 2.13
 24   2.46 2.55 2.44 2.19 1.77 1.43 1.26 1.19 1.29 1.57 1.81 2.02 2.12 2.07 1.84 1.50 1.05 0.70 0.46 0.43 0.58 0.98 1.48 1.89
 25   2.29 2.49 2.54 2.37 2.02 1.59 1.28 1.12 1.12 1.27 1.54 1.82 2.03 2.10 2.02 1.81 1.48 1.12 0.80 0.67 0.70 0.90 1.29 1.70
 26   2.20 2.45 2.62 2.55 2.32 1.96 1.53 1.23 1.09 1.09 1.29 1.54 1.82 1.98 2.05 2.00 1.84 1.54 1.21 0.98 0.87 0.94 1.21 1.57
 27   1.97 2.28 2.50 2.57 2.43 2.17 1.74 1.39 1.13 0.99 0.99 1.19 1.44 1.70 1.84 1.92 1.90 1.82 1.56 1.31 1.15 1.07 1.14 1.35
 28   1.72 2.00 2.25 2.37 2.39 2.22 1.92 1.48 1.18 0.93 0.78 0.83 0.97 1.21 1.45 1.65 1.77 1.82 1.78 1.62 1.41 1.30 1.24 1.30
 29   1.50 1.76 1.99 2.14 2.23 2.21 2.02 1.71 1.32 1.02 0.80 0.66 0.64 0.84 1.06 1.31 1.51 1.70 1.83 1.85 1.76 1.60 1.45 1.40
 30   1.43 1.56 1.74 1.90 2.02 2.09 2.05 1.86 1.61 1.24 0.88 0.67 0.52 0.50 0.67 0.92 1.16 1.45 1.71 1.86 1.94 1.89 1.74 1.61
 31   1.49 1.47 1.58 1.70 1.82 1.95 2.00 1.96 1.79 1.53 1.21 0.87 0.62 0.44 0.42 0.57 0.86 1.18 1.48 1.77 2.01 2.08 2.01 1.86
 ----------------------------------------------------------------------------------------------------------------------------
                                                                                               
 ----------------------------------------------------------------------------------------------------------------------------
 ----------------------------------------------------------------------------------------------------------------------------
