                                                          SURVEY OF INDIA
                                                    MARINE GEODESY WING (G&RB)
                                                     HOURLY HEIGHTS IN METRES
  NAME OF PORT:- MARMAGAO                                                                           MONTH JANUARY   YEAR 2014
 ----------------------------------------------------------------------------------------------------------------------------
 DAYS 0000 0001 0002 0003 0004 0005 0006 0007 0008 0009 0010 0011 0012 0013 0014 0015 0016 0017 0018 0019 0020 0021 0022 0023
 ----------------------------------------------------------------------------------------------------------------------------
  1   2.12 1.86 1.53 1.27 1.15 1.16 1.36 1.61 1.83 2.00 2.04 1.90 1.60 1.14  .58  .22  .00  .00  .30  .80 1.34 1.87 2.24 2.44
  2   2.44 2.26 1.88 1.46 1.18 1.05 1.13 1.37 1.63 1.93 2.13 2.14 1.98 1.64 1.12  .57  .20  .04  .09  .48 1.03 1.56 2.04 2.42
  3   2.58 2.49 2.21 1.75 1.32 1.04  .90 1.02 1.31 1.61 1.93 2.11 2.12 1.96 1.60 1.12  .56  .24  .13  .30  .68 1.24 1.76 2.20
  4   2.54 2.62 2.49 2.13 1.64 1.20  .96  .86 1.00 1.36 1.68 1.94 2.10 2.14 2.00 1.62 1.10  .67  .40  .30  .54  .98 1.48 1.90
  5   2.30 2.58 2.61 2.42 2.02 1.52 1.10  .86  .80  .96 1.26 1.57 1.86 2.00 2.02 1.86 1.49 1.07  .68  .49  .50  .71 1.16 1.60
  6   2.00 2.29 2.49 2.47 2.19 1.73 1.30  .93  .72  .70  .88 1.13 1.43 1.72 1.86 1.87 1.72 1.45 1.10  .85  .72  .74 1.00 1.36
  7   1.72 2.03 2.28 2.40 2.32 2.05 1.65 1.27  .95  .70  .68  .86 1.11 1.39 1.64 1.77 1.80 1.69 1.47 1.24 1.08 1.01 1.05 1.22
  8   1.50 1.80 2.04 2.20 2.24 2.10 1.84 1.50 1.15  .86  .66  .64  .80 1.04 1.26 1.46 1.64 1.74 1.72 1.57 1.42 1.32 1.27 1.30
  9   1.42 1.64 1.86 2.06 2.15 2.09 1.94 1.71 1.45 1.14  .88  .73  .70  .84 1.04 1.25 1.48 1.67 1.77 1.78 1.72 1.63 1.52 1.41
 10   1.36 1.48 1.67 1.82 1.93 1.96 1.92 1.79 1.59 1.32 1.05  .80  .65  .64  .74  .93 1.18 1.42 1.64 1.82 1.88 1.82 1.71 1.58
 11   1.48 1.45 1.52 1.62 1.72 1.81 1.86 1.83 1.71 1.53 1.28 1.00  .75  .60  .58  .68  .92 1.18 1.43 1.68 1.84 1.90 1.86 1.73
 12   1.58 1.44 1.38 1.40 1.48 1.61 1.70 1.76 1.76 1.66 1.46 1.20  .95  .69  .52  .50  .64  .90 1.22 1.54 1.80 1.96 1.97 1.89
 13   1.74 1.57 1.42 1.32 1.34 1.44 1.58 1.70 1.78 1.76 1.61 1.40 1.14  .82  .55  .42  .42  .62  .98 1.33 1.64 1.90 2.02 2.00
 14   1.86 1.67 1.48 1.30 1.19 1.22 1.36 1.52 1.64 1.70 1.66 1.54 1.30  .95  .62  .42  .34  .46  .76 1.12 1.48 1.84 2.04 2.10
 15   2.03 1.82 1.59 1.36 1.18 1.13 1.24 1.40 1.55 1.71 1.76 1.65 1.44 1.12  .75  .48  .33  .34  .54  .92 1.30 1.68 1.98 2.10
 16   2.08 1.96 1.70 1.42 1.20 1.10 1.12 1.29 1.50 1.68 1.82 1.82 1.67 1.39 1.02  .68  .45  .38  .49  .75 1.15 1.57 1.90 2.13
 17   2.17 2.07 1.86 1.54 1.26 1.10 1.06 1.12 1.35 1.60 1.77 1.84 1.74 1.54 1.22  .84  .54  .38  .40  .60  .94 1.40 1.76 2.04
 18   2.18 2.14 1.94 1.65 1.34 1.06  .96  .98 1.14 1.42 1.66 1.78 1.80 1.68 1.42 1.04  .70  .49  .40  .52  .80 1.20 1.60 1.90
 19   2.10 2.18 2.05 1.78 1.46 1.12  .93  .90 1.00 1.20 1.50 1.70 1.77 1.74 1.58 1.26  .90  .63  .49  .50  .68 1.04 1.40 1.75
 20   2.01 2.13 2.09 1.89 1.55 1.20  .95  .85  .87 1.01 1.31 1.59 1.79 1.80 1.67 1.47 1.20  .91  .70  .61  .70  .96 1.35 1.69
 21   1.98 2.15 2.19 2.03 1.75 1.41 1.09  .89  .81  .91 1.13 1.39 1.62 1.77 1.76 1.61 1.39 1.14  .91  .77  .79  .95 1.23 1.57
 22   1.87 2.09 2.21 2.15 1.91 1.59 1.26 1.01  .85  .81  .93 1.17 1.43 1.61 1.71 1.71 1.57 1.39 1.17  .99  .95  .99 1.17 1.47
 23   1.75 1.97 2.11 2.15 2.03 1.79 1.47 1.15  .91  .81  .85  .99 1.19 1.39 1.58 1.69 1.68 1.56 1.39 1.21 1.10 1.09 1.17 1.36
 24   1.60 1.82 2.00 2.09 2.06 1.91 1.64 1.34 1.07  .83  .71  .78  .93 1.12 1.34 1.50 1.61 1.62 1.55 1.43 1.31 1.22 1.19 1.29
 25   1.48 1.65 1.80 1.91 1.97 1.89 1.69 1.45 1.18  .91  .70  .60  .64  .84 1.05 1.24 1.43 1.59 1.69 1.67 1.59 1.45 1.31 1.24
 26   1.30 1.46 1.62 1.76 1.84 1.87 1.80 1.59 1.35 1.09  .84  .63  .51  .51  .71  .97 1.21 1.45 1.62 1.77 1.83 1.76 1.56 1.36
 27   1.25 1.28 1.41 1.55 1.66 1.75 1.80 1.78 1.61 1.38 1.12  .84  .57  .41  .42  .63  .91 1.22 1.51 1.75 1.93 2.00 1.89 1.67
 28   1.47 1.31 1.25 1.31 1.43 1.59 1.75 1.85 1.86 1.73 1.49 1.19  .83  .51  .35  .35  .55  .87 1.29 1.69 1.97 2.13 2.19 2.04
 29   1.79 1.55 1.33 1.21 1.23 1.39 1.62 1.83 1.97 1.99 1.87 1.61 1.21  .75  .41  .24  .29  .55  .98 1.42 1.87 2.26 2.43 2.40
 30   2.19 1.87 1.53 1.25 1.12 1.19 1.39 1.67 1.93 2.11 2.13 1.97 1.67 1.17  .67  .31  .13  .23  .61 1.11 1.63 2.05 2.39 2.53
 31   2.43 2.14 1.69 1.31 1.03  .91 1.05 1.35 1.65 1.95 2.17 2.19 2.03 1.67 1.15  .63  .27  .19  .37  .79 1.33 1.83 2.29 2.55
 ----------------------------------------------------------------------------------------------------------------------------
                                                                                               
 ----------------------------------------------------------------------------------------------------------------------------
 ----------------------------------------------------------------------------------------------------------------------------
                                                          SURVEY OF INDIA
                                                    MARINE GEODESY WING (G&RB)
                                                     HOURLY HEIGHTS IN METRES
  NAME OF PORT:- MARMAGAO                                                                           MONTH FEBRUARY  YEAR 2014
 ----------------------------------------------------------------------------------------------------------------------------
 DAYS 0000 0001 0002 0003 0004 0005 0006 0007 0008 0009 0010 0011 0012 0013 0014 0015 0016 0017 0018 0019 0020 0021 0022 0023
 ----------------------------------------------------------------------------------------------------------------------------
  1
  2
  3
  4
  5
  6
  7
  8   1.51 1.67 1.78 1.89 1.93 1.89 1.80 1.65 1.43 1.19  .97  .85  .79  .85 1.02 1.22 1.43 1.63 1.77 1.85 1.87 1.81 1.72 1.63
  9   1.55 1.57 1.67 1.76 1.83 1.88 1.87 1.78 1.64 1.45 1.25 1.05  .90  .80  .86 1.02 1.21 1.46 1.69 1.85 1.93 1.95 1.91 1.80
 10   1.69 1.57 1.52 1.57 1.67 1.75 1.81 1.82 1.77 1.65 1.44 1.23 1.02  .83  .75  .87 1.05 1.27 1.53 1.77 1.93 2.03 2.00 1.89
 11   1.76 1.63 1.51 1.42 1.44 1.58 1.70 1.79 1.82 1.77 1.60 1.40 1.16  .91  .72  .69  .83 1.08 1.36 1.63 1.88 2.04 2.09 2.00
 12   1.86 1.69 1.52 1.38 1.30 1.35 1.53 1.69 1.80 1.82 1.76 1.57 1.35 1.07  .79  .63  .63  .79 1.11 1.44 1.73 1.99 2.15 2.15
 13   2.01 1.80 1.56 1.35 1.23 1.21 1.33 1.55 1.75 1.85 1.85 1.77 1.55 1.27  .93  .69  .59  .66  .93 1.29 1.62 1.95 2.19 2.25
 14   2.15 1.95 1.69 1.40 1.19 1.12 1.18 1.39 1.63 1.85 1.95 1.93 1.75 1.49 1.12  .81  .61  .61  .77 1.09 1.48 1.85 2.15 2.30
 15   2.24 2.05 1.79 1.47 1.16 1.04 1.06 1.23 1.47 1.73 1.93 1.99 1.87 1.65 1.31  .97  .65  .57  .65  .89 1.25 1.67 2.01 2.19
 16   2.21 2.11 1.85 1.53 1.19  .92  .87  .97 1.25 1.53 1.81 1.99 1.96 1.79 1.51 1.15  .80  .62  .61  .79 1.13 1.55 1.89 2.17
 17   2.29 2.23 1.99 1.67 1.29  .95  .83  .87 1.09 1.39 1.71 1.95 2.07 2.01 1.79 1.47 1.09  .84  .73  .77  .99 1.39 1.81 2.09
 18   2.24 2.26 2.10 1.80 1.42  .99  .74  .71  .84 1.15 1.47 1.77 1.97 1.99 1.88 1.61 1.25  .91  .75  .73  .85 1.13 1.55 1.87
 19   2.09 2.19 2.11 1.85 1.49 1.05  .73  .63  .65  .85 1.17 1.51 1.79 1.93 1.91 1.75 1.50 1.21  .96  .89  .93 1.13 1.48 1.81
 20   2.05 2.21 2.21 2.07 1.77 1.37  .97  .77  .70  .77 1.05 1.37 1.65 1.87 1.95 1.91 1.75 1.51 1.27 1.11 1.05 1.13 1.37 1.65
 21   1.91 2.09 2.17 2.07 1.83 1.50 1.12  .82  .67  .63  .75 1.01 1.33 1.57 1.75 1.83 1.77 1.59 1.41 1.23 1.11 1.11 1.25 1.45
 22   1.68 1.87 1.99 2.01 1.85 1.59 1.27  .93  .67  .57  .58  .73  .97 1.27 1.51 1.67 1.77 1.77 1.66 1.51 1.39 1.32 1.31 1.40
 23   1.59 1.75 1.87 1.93 1.91 1.79 1.57 1.25  .95  .73  .61  .61  .73  .96 1.20 1.43 1.63 1.73 1.75 1.70 1.59 1.47 1.37 1.33
 24   1.39 1.51 1.64 1.75 1.82 1.79 1.67 1.46 1.20  .95  .73  .57  .52  .61  .83 1.07 1.32 1.57 1.77 1.87 1.85 1.75 1.63 1.49
 25   1.38 1.35 1.41 1.51 1.63 1.74 1.77 1.72 1.57 1.35 1.03  .77  .60  .55  .61  .81 1.07 1.37 1.67 1.91 2.05 2.03 1.91 1.73
 26   1.55 1.39 1.33 1.35 1.49 1.65 1.81 1.91 1.91 1.77 1.53 1.19  .85  .60  .49  .58  .80 1.13 1.53 1.85 2.10 2.25 2.23 2.05
 27   1.75 1.47 1.23 1.15 1.19 1.39 1.61 1.83 1.99 2.01 1.91 1.65 1.23  .82  .54  .41  .51  .81 1.21 1.64 2.01 2.27 2.37 2.27
 28   2.01 1.58 1.21  .97  .91 1.00 1.25 1.60 1.89 2.09 2.15 2.04 1.75 1.25  .77  .47  .37  .51  .86 1.36 1.79 2.17 2.43 2.47
 ----------------------------------------------------------------------------------------------------------------------------
                                                                                               
 ----------------------------------------------------------------------------------------------------------------------------
 ----------------------------------------------------------------------------------------------------------------------------
                                                          SURVEY OF INDIA
                                                    MARINE GEODESY WING (G&RB)
                                                     HOURLY HEIGHTS IN METRES
  NAME OF PORT:- MARMAGAO                                                                           MONTH MARCH     YEAR 2014
 ----------------------------------------------------------------------------------------------------------------------------
 DAYS 0000 0001 0002 0003 0004 0005 0006 0007 0008 0009 0010 0011 0012 0013 0014 0015 0016 0017 0018 0019 0020 0021 0022 0023
 ----------------------------------------------------------------------------------------------------------------------------
  1   2.27 1.91 1.45 1.03  .81  .75  .89 1.27 1.65 1.95 2.19 2.27 2.08 1.75 1.27  .81  .48  .42  .58 1.01 1.51 1.97 2.35 2.53
  2   2.49 2.19 1.75 1.17  .77  .55  .57  .82 1.23 1.67 2.02 2.25 2.29 2.07 1.71 1.19  .73  .52  .50  .73 1.19 1.71 2.13 2.43
  3   2.53 2.35 1.99 1.44  .93  .55  .37  .47  .85 1.29 1.70 2.08 2.27 2.25 2.01 1.66 1.20  .80  .58  .58  .87 1.33 1.85 2.25
  4   2.48 2.48 2.25 1.84 1.28  .77  .42  .35  .50  .90 1.38 1.79 2.08 2.22 2.20 2.00 1.58 1.15  .90  .80  .90 1.24 1.72 2.06
  5   2.30 2.44 2.38 2.08 1.64 1.14  .71  .52  .50  .72 1.12 1.50 1.86 2.10 2.20 2.13 1.88 1.56 1.23 1.04 1.00 1.12 1.48 1.83
  6   2.10 2.26 2.29 2.13 1.80 1.38 1.00  .70  .54  .55  .79 1.15 1.52 1.80 2.00 2.05 1.98 1.76 1.49 1.27 1.15 1.16 1.33 1.63
  7   1.88 2.06 2.14 2.11 1.93 1.60 1.25  .95  .72  .65  .79 1.03 1.27 1.50 1.71 1.87 1.92 1.83 1.68 1.52 1.38 1.30 1.32 1.48
  8   1.70 1.86 1.95 1.94 1.82 1.63 1.40 1.15  .94  .78  .73  .84 1.03 1.25 1.46 1.65 1.78 1.84 1.80 1.70 1.57 1.44 1.36 1.38
  9   1.50 1.65 1.77 1.80 1.78 1.69 1.54 1.35 1.16  .99  .86  .81  .90 1.08 1.29 1.48 1.65 1.79 1.85 1.83 1.75 1.65 1.53 1.44
 10   1.43 1.51 1.59 1.66 1.71 1.73 1.67 1.56 1.40 1.24 1.08  .94  .90  .96 1.08 1.24 1.44 1.62 1.79 1.90 1.91 1.83 1.73 1.61
 11   1.50 1.46 1.48 1.52 1.60 1.68 1.74 1.74 1.64 1.50 1.36 1.20 1.04  .95  .96 1.10 1.30 1.50 1.71 1.90 1.99 2.00 1.90 1.76
 12   1.62 1.49 1.41 1.42 1.48 1.57 1.69 1.77 1.78 1.72 1.58 1.40 1.20 1.02  .90  .96 1.11 1.32 1.58 1.82 2.01 2.10 2.06 1.91
 13   1.73 1.54 1.40 1.30 1.34 1.46 1.62 1.78 1.89 1.91 1.84 1.66 1.44 1.20 1.02  .93  .98 1.19 1.47 1.77 2.05 2.20 2.19 2.08
 14   1.90 1.67 1.42 1.26 1.21 1.29 1.47 1.71 1.90 2.01 2.00 1.87 1.63 1.33 1.09  .93  .89  .98 1.25 1.55 1.86 2.13 2.26 2.21
 15   2.03 1.76 1.44 1.18 1.04 1.05 1.23 1.47 1.72 1.95 2.04 2.00 1.82 1.54 1.20  .96  .82  .88 1.10 1.42 1.80 2.06 2.22 2.24
 16   2.08 1.80 1.43 1.10  .91  .87 1.05 1.33 1.64 1.91 2.10 2.13 2.00 1.76 1.42 1.10  .88  .84  .99 1.27 1.65 1.99 2.24 2.32
 17   2.20 1.94 1.60 1.17  .89  .77  .84 1.10 1.42 1.76 2.05 2.18 2.16 1.99 1.68 1.30  .98  .84  .91 1.13 1.50 1.89 2.16 2.32
 18   2.30 2.12 1.75 1.30  .92  .70  .70  .86 1.18 1.58 1.90 2.14 2.26 2.18 1.89 1.56 1.22  .99  .92 1.01 1.34 1.74 2.07 2.29
 19   2.34 2.24 1.94 1.50 1.04  .74  .60  .66  .96 1.34 1.71 2.02 2.22 2.23 2.10 1.84 1.49 1.17 1.02 1.04 1.22 1.56 1.93 2.18
 20   2.30 2.28 2.09 1.74 1.24  .85  .62  .57  .77 1.11 1.46 1.82 2.12 2.26 2.26 2.07 1.75 1.40 1.18 1.12 1.20 1.43 1.73 2.03
 21   2.24 2.30 2.19 1.90 1.48 1.04  .73  .56  .59  .80 1.18 1.56 1.86 2.09 2.18 2.14 1.94 1.64 1.40 1.23 1.22 1.34 1.57 1.80
 22   2.02 2.19 2.18 2.00 1.71 1.36  .98  .70  .57  .64  .90 1.20 1.55 1.83 2.02 2.10 2.05 1.85 1.62 1.42 1.30 1.27 1.39 1.60
 23   1.81 1.99 2.07 2.03 1.86 1.60 1.26  .93  .70  .60  .71  .94 1.20 1.48 1.73 1.95 2.04 1.99 1.83 1.61 1.45 1.36 1.36 1.44
 24   1.60 1.76 1.88 1.92 1.88 1.76 1.53 1.20  .90  .73  .64  .72  .92 1.18 1.43 1.68 1.88 1.98 1.98 1.84 1.68 1.55 1.43 1.36
 25   1.42 1.53 1.65 1.77 1.85 1.83 1.73 1.52 1.28 1.04  .84  .72  .76  .94 1.18 1.45 1.68 1.89 2.04 2.06 1.95 1.78 1.60 1.44
 26   1.32 1.33 1.40 1.52 1.65 1.76 1.82 1.80 1.66 1.43 1.18  .94  .80  .80  .91 1.12 1.39 1.71 1.99 2.15 2.14 2.00 1.81 1.59
 27   1.36 1.20 1.15 1.23 1.39 1.58 1.77 1.90 1.92 1.83 1.57 1.25  .96  .76  .71  .86 1.11 1.43 1.75 2.07 2.26 2.26 2.12 1.86
 28   1.52 1.18  .98  .94 1.04 1.26 1.53 1.80 1.99 2.04 1.94 1.69 1.34 1.00  .78  .70  .82 1.10 1.49 1.86 2.18 2.35 2.31 2.10
 29   1.76 1.35  .97  .73  .72  .90 1.23 1.58 1.93 2.13 2.17 2.06 1.76 1.35  .98  .77  .75  .94 1.27 1.66 2.02 2.33 2.46 2.38
 30   2.08 1.67 1.16  .78  .59  .62  .88 1.31 1.72 2.06 2.29 2.33 2.17 1.80 1.34 1.01  .81  .83 1.09 1.47 1.85 2.20 2.47 2.50
 31   2.33 1.96 1.46  .95  .59  .44  .56  .95 1.39 1.84 2.17 2.37 2.38 2.19 1.78 1.36 1.00  .82  .88 1.19 1.58 1.96 2.28 2.43
 ----------------------------------------------------------------------------------------------------------------------------
                                                                                               
 ----------------------------------------------------------------------------------------------------------------------------
 ----------------------------------------------------------------------------------------------------------------------------
                                                          SURVEY OF INDIA
                                                    MARINE GEODESY WING (G&RB)
                                                     HOURLY HEIGHTS IN METRES
  NAME OF PORT:- MARMAGAO                                                                           MONTH APRIL     YEAR 2014
 ----------------------------------------------------------------------------------------------------------------------------
 DAYS 0000 0001 0002 0003 0004 0005 0006 0007 0008 0009 0010 0011 0012 0013 0014 0015 0016 0017 0018 0019 0020 0021 0022 0023
 ----------------------------------------------------------------------------------------------------------------------------
  1   2.42 2.18 1.72 1.20  .68  .40  .36  .60 1.00 1.44 1.88 2.22 2.41 2.36 2.11 1.68 1.25  .98  .91 1.05 1.36 1.77 2.07 2.28
  2   2.34 2.24 1.90 1.44  .89  .50  .32  .38  .70 1.16 1.58 1.98 2.26 2.35 2.26 1.96 1.56 1.22 1.04 1.02 1.16 1.50 1.82 2.08
  3   2.22 2.24 2.07 1.69 1.22  .74  .48  .40  .52  .88 1.29 1.67 2.02 2.24 2.27 2.13 1.82 1.47 1.22 1.11 1.12 1.30 1.56 1.82
  4   2.04 2.14 2.06 1.82 1.46 1.04  .70  .49  .50  .67 1.00 1.36 1.72 1.96 2.10 2.10 1.96 1.68 1.40 1.22 1.16 1.23 1.44 1.67
  5   1.88 2.00 2.00 1.85 1.60 1.28  .96  .70  .58  .66  .86 1.16 1.46 1.74 1.93 2.02 2.00 1.86 1.62 1.42 1.30 1.25 1.34 1.52
  6   1.72 1.86 1.90 1.86 1.71 1.48 1.20  .98  .84  .76  .80 1.00 1.26 1.52 1.75 1.91 1.98 1.93 1.80 1.66 1.52 1.41 1.36 1.42
  7   1.54 1.66 1.74 1.76 1.70 1.58 1.40 1.22 1.06  .92  .88  .96 1.13 1.32 1.51 1.70 1.85 1.91 1.88 1.79 1.67 1.55 1.44 1.40
  8   1.44 1.50 1.57 1.62 1.64 1.62 1.54 1.43 1.28 1.14 1.03  .98 1.03 1.17 1.34 1.51 1.68 1.81 1.89 1.88 1.80 1.67 1.54 1.42
  9   1.36 1.36 1.40 1.46 1.52 1.58 1.60 1.56 1.46 1.34 1.22 1.10 1.02 1.04 1.18 1.35 1.52 1.70 1.84 1.92 1.92 1.82 1.66 1.46
 10   1.31 1.23 1.21 1.24 1.34 1.47 1.58 1.65 1.63 1.54 1.40 1.26 1.12 1.02 1.02 1.16 1.36 1.57 1.76 1.91 2.00 1.96 1.82 1.63
 11   1.42 1.22 1.12 1.11 1.20 1.35 1.54 1.70 1.77 1.76 1.67 1.51 1.31 1.13 1.02 1.05 1.21 1.40 1.64 1.88 2.06 2.11 1.99 1.77
 12   1.53 1.27 1.04  .94 1.03 1.19 1.40 1.62 1.82 1.92 1.91 1.74 1.50 1.26 1.06 1.00 1.10 1.28 1.50 1.74 1.96 2.10 2.10 1.94
 13   1.62 1.30 1.00  .82  .79  .92 1.18 1.47 1.77 1.96 2.02 1.92 1.71 1.45 1.21 1.02  .98 1.10 1.33 1.59 1.86 2.06 2.10 2.00
 14   1.76 1.38 1.00  .70  .58  .65  .89 1.25 1.61 1.89 2.08 2.10 1.96 1.69 1.39 1.10  .95  .96 1.16 1.43 1.73 2.01 2.16 2.10
 15   1.90 1.54 1.12  .76  .52  .48  .66  .98 1.36 1.74 2.04 2.16 2.10 1.90 1.58 1.24 1.00  .90  .98 1.27 1.58 1.88 2.10 2.14
 16   2.02 1.73 1.30  .86  .53  .34  .39  .67 1.07 1.48 1.90 2.12 2.17 2.06 1.80 1.43 1.10  .92  .92 1.13 1.43 1.75 1.98 2.11
 17   2.06 1.82 1.44  .93  .51  .26  .22  .38  .77 1.24 1.63 1.95 2.16 2.18 2.01 1.69 1.31 1.03  .92  .99 1.23 1.54 1.84 2.05
 18   2.09 1.96 1.66 1.19  .72  .40  .23  .28  .58  .99 1.40 1.76 2.05 2.21 2.16 1.98 1.66 1.27 1.06 1.01 1.15 1.38 1.66 1.90
 19   2.05 2.04 1.81 1.47 1.05  .64  .36  .25  .34  .67 1.10 1.49 1.85 2.10 2.20 2.09 1.79 1.45 1.18 1.00  .95 1.12 1.39 1.66
 20   1.90 1.98 1.93 1.69 1.32  .93  .60  .37  .30  .42  .76 1.14 1.50 1.81 2.03 2.07 1.96 1.69 1.42 1.19 1.04 1.04 1.20 1.44
 21   1.65 1.80 1.87 1.81 1.58 1.24  .90  .59  .43  .44  .60  .86 1.20 1.54 1.83 2.04 2.06 1.94 1.72 1.49 1.30 1.17 1.13 1.26
 22   1.44 1.59 1.69 1.75 1.72 1.58 1.30  .99  .75  .59  .56  .70  .97 1.27 1.55 1.82 2.02 2.07 1.98 1.81 1.60 1.39 1.20 1.06
 23   1.10 1.28 1.48 1.63 1.72 1.71 1.60 1.43 1.21  .98  .82  .75  .82 1.06 1.32 1.58 1.85 2.04 2.11 2.07 1.90 1.66 1.43 1.22
 24   1.06 1.06 1.22 1.40 1.57 1.71 1.80 1.77 1.64 1.43 1.20  .99  .88  .91 1.09 1.33 1.60 1.86 2.04 2.14 2.09 1.90 1.61 1.32
 25   1.05  .88  .86 1.00 1.22 1.48 1.71 1.84 1.85 1.76 1.55 1.28 1.05  .94 1.00 1.16 1.36 1.60 1.84 2.04 2.16 2.13 1.94 1.63
 26   1.25  .90  .68  .68  .88 1.16 1.46 1.75 1.96 2.02 1.94 1.69 1.38 1.12  .94  .92 1.08 1.37 1.70 1.98 2.16 2.16 2.02 1.78
 27   1.40  .96  .66  .52  .57  .80 1.15 1.55 1.87 2.06 2.13 2.01 1.73 1.40 1.10  .93  .95 1.17 1.46 1.76 2.05 2.23 2.21 2.05
 28   1.75 1.24  .77  .45  .35  .49  .84 1.27 1.70 2.02 2.22 2.24 2.06 1.76 1.39 1.10  .97 1.02 1.24 1.54 1.83 2.13 2.26 2.19
 29   1.90 1.45  .95  .54  .26  .23  .48  .91 1.33 1.78 2.10 2.28 2.23 2.02 1.68 1.29 1.06  .97 1.04 1.29 1.59 1.88 2.09 2.16
 30   2.02 1.72 1.22  .72  .37  .18  .26  .61 1.06 1.50 1.90 2.16 2.28 2.20 1.94 1.56 1.22 1.02  .99 1.16 1.46 1.75 2.00 2.11
 ----------------------------------------------------------------------------------------------------------------------------
                                                                                               
 ----------------------------------------------------------------------------------------------------------------------------
 ----------------------------------------------------------------------------------------------------------------------------
                                                          SURVEY OF INDIA
                                                    MARINE GEODESY WING (G&RB)
                                                     HOURLY HEIGHTS IN METRES
  NAME OF PORT:- MARMAGAO                                                                           MONTH MAY       YEAR 2014
 ----------------------------------------------------------------------------------------------------------------------------
 DAYS 0000 0001 0002 0003 0004 0005 0006 0007 0008 0009 0010 0011 0012 0013 0014 0015 0016 0017 0018 0019 0020 0021 0022 0023
 ----------------------------------------------------------------------------------------------------------------------------
  1   2.05 1.76 1.41 1.01  .65  .36  .23  .32  .72 1.22 1.69 2.02 2.22 2.26 2.10 1.80 1.46 1.18 1.04 1.04 1.22 1.52 1.80 2.01
  2   2.04 1.91 1.62 1.22  .82  .50  .31  .27  .47  .97 1.44 1.82 2.10 2.23 2.22 2.02 1.69 1.38 1.14 1.05 1.10 1.32 1.56 1.79
  3   1.94 1.92 1.70 1.36 1.02  .69  .47  .43  .56  .82 1.17 1.52 1.84 2.07 2.14 2.07 1.87 1.60 1.35 1.17 1.12 1.22 1.43 1.66
  4   1.84 1.92 1.83 1.60 1.30  .98  .71  .57  .55  .71 1.00 1.35 1.65 1.89 2.06 2.10 2.01 1.77 1.53 1.33 1.21 1.17 1.26 1.48
  5   1.68 1.80 1.80 1.68 1.45 1.19  .96  .76  .66  .67  .87 1.15 1.45 1.71 1.91 2.02 2.01 1.89 1.70 1.50 1.33 1.23 1.22 1.32
  6   1.48 1.60 1.66 1.65 1.54 1.37 1.17  .98  .84  .79  .85 1.03 1.26 1.51 1.74 1.91 1.99 1.93 1.80 1.64 1.46 1.29 1.17 1.19
  7   1.28 1.40 1.50 1.54 1.54 1.49 1.37 1.24 1.10  .98  .92 1.00 1.15 1.31 1.50 1.68 1.84 1.90 1.88 1.78 1.63 1.42 1.25 1.19
  8   1.18 1.24 1.32 1.41 1.49 1.53 1.51 1.42 1.32 1.22 1.13 1.07 1.08 1.17 1.36 1.55 1.71 1.85 1.95 1.91 1.78 1.58 1.35 1.16
  9   1.06 1.05 1.11 1.20 1.32 1.44 1.54 1.56 1.50 1.38 1.24 1.10 1.05 1.10 1.21 1.37 1.55 1.72 1.86 1.91 1.82 1.66 1.46 1.25
 10   1.04  .91  .91 1.02 1.18 1.36 1.52 1.66 1.73 1.65 1.52 1.37 1.23 1.14 1.14 1.28 1.46 1.65 1.85 1.98 1.99 1.85 1.63 1.36
 11   1.06  .86  .78  .82  .94 1.16 1.40 1.64 1.78 1.82 1.74 1.57 1.36 1.19 1.08 1.12 1.28 1.46 1.67 1.85 1.97 1.93 1.72 1.44
 12   1.12  .84  .62  .55  .64  .90 1.20 1.46 1.72 1.88 1.90 1.80 1.57 1.33 1.13 1.05 1.10 1.28 1.50 1.74 1.94 2.00 1.88 1.64
 13   1.30  .94  .61  .44  .42  .59  .92 1.30 1.65 1.91 2.06 2.02 1.83 1.58 1.32 1.14 1.06 1.18 1.41 1.65 1.89 2.04 2.00 1.80
 14   1.48 1.13  .68  .38  .28  .40  .65 1.06 1.49 1.85 2.12 2.20 2.08 1.84 1.55 1.25 1.05 1.05 1.20 1.45 1.72 1.96 2.04 1.95
 15   1.70 1.35  .87  .43  .14  .12  .32  .69 1.16 1.58 1.97 2.23 2.25 2.06 1.76 1.45 1.13  .98 1.00 1.22 1.50 1.78 2.00 2.03
 16   1.87 1.58 1.13  .60  .25  .07  .10  .38  .81 1.37 1.80 2.15 2.31 2.28 2.07 1.73 1.39 1.12 1.00 1.09 1.37 1.66 1.91 2.07
 17   2.02 1.81 1.46  .96  .48  .18  .06  .16  .56 1.06 1.47 1.87 2.20 2.31 2.22 1.95 1.62 1.25 1.04  .96 1.10 1.38 1.68 1.88
 18   1.98 1.92 1.70 1.35  .82  .43  .17  .10  .28  .71 1.17 1.59 1.95 2.22 2.30 2.18 1.90 1.54 1.22 1.06 1.02 1.17 1.43 1.68
 19   1.86 1.94 1.85 1.62 1.23  .79  .43  .25  .24  .46  .82 1.25 1.64 1.97 2.22 2.24 2.08 1.81 1.48 1.18 1.01  .98 1.14 1.37
 20   1.57 1.72 1.78 1.69 1.50 1.20  .88  .57  .44  .45  .66 1.00 1.37 1.72 2.00 2.16 2.16 2.02 1.76 1.41 1.17 1.04 1.02 1.13
 21   1.33 1.50 1.64 1.73 1.74 1.62 1.38 1.08  .85  .70  .69  .88 1.18 1.50 1.80 2.05 2.17 2.18 2.02 1.75 1.43 1.16  .96  .92
 22   1.02 1.17 1.36 1.54 1.68 1.74 1.67 1.49 1.26 1.04  .90  .88 1.02 1.25 1.54 1.82 2.03 2.14 2.14 2.02 1.77 1.44 1.16  .92
 23    .82  .86 1.02 1.21 1.42 1.62 1.75 1.74 1.62 1.43 1.22 1.05  .96 1.06 1.30 1.58 1.80 1.97 2.07 2.06 1.90 1.61 1.24  .92
 24    .70  .60  .68  .88 1.12 1.39 1.64 1.78 1.82 1.73 1.52 1.29 1.12 1.06 1.14 1.32 1.54 1.75 1.94 2.06 2.04 1.86 1.54 1.16
 25    .82  .58  .50  .54  .78 1.10 1.41 1.71 1.90 1.93 1.83 1.61 1.38 1.18 1.09 1.15 1.33 1.54 1.76 1.93 2.05 2.02 1.81 1.49
 26   1.04  .69  .44  .38  .53  .83 1.20 1.56 1.89 2.10 2.12 2.01 1.78 1.49 1.28 1.18 1.22 1.43 1.67 1.89 2.08 2.14 2.04 1.80
 27   1.42  .98  .60  .36  .34  .56  .94 1.33 1.68 2.01 2.20 2.20 2.05 1.78 1.47 1.22 1.14 1.18 1.38 1.63 1.87 2.02 2.04 1.90
 28   1.62 1.23  .77  .45  .28  .31  .60 1.05 1.50 1.83 2.12 2.25 2.21 1.99 1.66 1.38 1.18 1.12 1.24 1.47 1.70 1.90 2.02 1.97
 29   1.76 1.45  .98  .62  .35  .27  .40  .79 1.22 1.60 1.94 2.17 2.25 2.17 1.90 1.58 1.28 1.12 1.12 1.30 1.52 1.74 1.92 1.98
 30   1.86 1.61 1.24  .81  .47  .27  .26  .50  .90 1.32 1.70 2.04 2.20 2.17 2.00 1.73 1.43 1.19 1.08 1.16 1.36 1.57 1.79 1.91
 31   1.88 1.72 1.46 1.08  .70  .46  .36  .42  .70 1.16 1.57 1.89 2.14 2.25 2.16 1.93 1.63 1.37 1.18 1.12 1.23 1.45 1.66 1.84
 ----------------------------------------------------------------------------------------------------------------------------
                                                                                               
 ----------------------------------------------------------------------------------------------------------------------------
 ----------------------------------------------------------------------------------------------------------------------------
                                                          SURVEY OF INDIA
                                                    MARINE GEODESY WING (G&RB)
                                                     HOURLY HEIGHTS IN METRES
  NAME OF PORT:- MARMAGAO                                                                           MONTH JUNE      YEAR 2014
 ----------------------------------------------------------------------------------------------------------------------------
 DAYS 0000 0001 0002 0003 0004 0005 0006 0007 0008 0009 0010 0011 0012 0013 0014 0015 0016 0017 0018 0019 0020 0021 0022 0023
 ----------------------------------------------------------------------------------------------------------------------------
  1   1.89 1.80 1.62 1.30  .95  .64  .46  .43  .58  .92 1.33 1.69 1.95 2.15 2.20 2.06 1.78 1.50 1.27 1.11 1.09 1.25 1.50 1.70
  2   1.81 1.81 1.69 1.47 1.15  .82  .57  .47  .55  .76 1.09 1.45 1.76 2.00 2.06 2.00 1.82 1.58 1.34 1.16 1.08 1.12 1.29 1.45
  3   1.56 1.60 1.57 1.48 1.29 1.03  .78  .62  .60  .71  .97 1.26 1.55 1.82 1.99 2.04 1.94 1.73 1.48 1.26 1.13 1.08 1.15 1.30
  4   1.46 1.59 1.65 1.60 1.50 1.32 1.08  .88  .77  .80  .96 1.20 1.50 1.75 1.94 2.06 2.03 1.90 1.70 1.49 1.28 1.15 1.10 1.20
  5   1.35 1.49 1.60 1.68 1.66 1.54 1.36 1.16 1.02  .95  .99 1.14 1.39 1.63 1.84 2.00 2.09 2.04 1.88 1.66 1.44 1.25 1.13 1.12
  6   1.22 1.34 1.46 1.56 1.61 1.60 1.52 1.38 1.24 1.12 1.09 1.18 1.33 1.51 1.70 1.86 1.99 2.01 1.93 1.76 1.57 1.36 1.18 1.04
  7   1.01 1.10 1.24 1.38 1.52 1.64 1.67 1.62 1.52 1.42 1.32 1.28 1.32 1.45 1.60 1.77 1.94 2.06 2.05 1.94 1.76 1.53 1.29 1.07
  8    .94  .95 1.07 1.23 1.40 1.56 1.72 1.78 1.74 1.65 1.52 1.40 1.33 1.35 1.48 1.63 1.79 1.95 2.05 2.02 1.88 1.68 1.41 1.14
  9    .93  .82  .82  .96 1.14 1.38 1.63 1.83 1.95 1.94 1.82 1.67 1.52 1.43 1.42 1.53 1.68 1.85 2.01 2.13 2.12 1.93 1.65 1.33
 10   1.02  .79  .70  .77  .96 1.22 1.56 1.89 2.12 2.23 2.20 2.04 1.83 1.62 1.48 1.46 1.56 1.72 1.91 2.07 2.15 2.09 1.90 1.54
 11   1.16  .80  .53  .49  .64  .90 1.24 1.63 1.94 2.16 2.24 2.16 1.96 1.73 1.50 1.36 1.36 1.50 1.68 1.88 2.06 2.15 2.03 1.75
 12   1.36  .95  .56  .34  .35  .54  .89 1.30 1.66 2.00 2.24 2.28 2.14 1.89 1.56 1.30 1.18 1.24 1.42 1.64 1.88 2.08 2.10 1.93
 13   1.64 1.22  .72  .30  .13  .19  .42  .86 1.30 1.77 2.14 2.30 2.28 2.10 1.76 1.44 1.19 1.07 1.14 1.36 1.62 1.88 2.07 2.07
 14   1.90 1.55 1.06  .56  .18  .03  .16  .51 1.02 1.52 1.94 2.25 2.39 2.29 2.02 1.67 1.33 1.10 1.02 1.13 1.40 1.70 1.98 2.12
 15   2.06 1.85 1.48  .96  .46  .16  .10  .28  .68 1.16 1.68 2.08 2.39 2.44 2.27 1.96 1.60 1.26 1.04  .98 1.18 1.45 1.74 1.98
 16   2.10 2.02 1.78 1.38  .90  .48  .24  .21  .44  .90 1.40 1.83 2.20 2.43 2.43 2.24 1.88 1.45 1.12  .95  .98 1.19 1.46 1.71
 17   1.90 2.00 1.90 1.65 1.25  .80  .48  .34  .39  .64 1.03 1.50 1.90 2.20 2.36 2.35 2.12 1.74 1.35 1.03  .91  .95 1.16 1.41
 18   1.64 1.85 1.96 1.90 1.64 1.32  .98  .70  .57  .64  .92 1.30 1.67 2.05 2.33 2.42 2.33 2.07 1.69 1.31 1.05  .91  .94 1.13
 19   1.36 1.58 1.78 1.90 1.86 1.68 1.45 1.17  .94  .84  .88 1.14 1.47 1.81 2.12 2.31 2.35 2.22 1.96 1.58 1.22  .95  .80  .81
 20    .98 1.19 1.39 1.59 1.74 1.78 1.70 1.47 1.23 1.04  .95 1.00 1.19 1.46 1.72 1.95 2.10 2.11 1.98 1.73 1.43 1.09  .80  .62
 21    .58  .69  .89 1.12 1.40 1.61 1.70 1.66 1.53 1.35 1.18 1.08 1.08 1.21 1.41 1.63 1.83 1.95 1.98 1.87 1.64 1.33 1.01  .72
 22    .52  .50  .62  .82 1.08 1.35 1.60 1.76 1.77 1.66 1.48 1.28 1.12 1.11 1.23 1.40 1.58 1.74 1.87 1.92 1.84 1.60 1.28  .96
 23    .68  .48  .44  .58  .80 1.09 1.43 1.71 1.85 1.87 1.78 1.61 1.40 1.23 1.17 1.23 1.36 1.51 1.67 1.81 1.88 1.80 1.56 1.22
 24    .84  .56  .36  .31  .49  .77 1.11 1.50 1.77 1.89 1.90 1.79 1.61 1.38 1.20 1.14 1.21 1.36 1.54 1.72 1.84 1.84 1.63 1.30
 25   1.00  .68  .40  .25  .26  .49  .84 1.22 1.54 1.84 1.96 1.94 1.80 1.54 1.30 1.12 1.06 1.14 1.28 1.49 1.68 1.80 1.74 1.48
 26   1.18  .86  .53  .25  .14  .25  .57  .95 1.34 1.68 1.90 1.98 1.92 1.72 1.44 1.20 1.04 1.00 1.10 1.30 1.54 1.74 1.78 1.62
 27   1.38 1.12  .77  .44  .23  .20  .38  .70 1.14 1.55 1.84 2.02 2.02 1.89 1.64 1.34 1.08  .98 1.04 1.22 1.45 1.66 1.78 1.74
 28   1.60 1.34  .98  .58  .34  .24  .30  .58  .93 1.35 1.73 1.95 2.06 1.99 1.78 1.49 1.20 1.04  .99 1.06 1.26 1.50 1.70 1.76
 29   1.66 1.46 1.17  .81  .48  .30  .26  .40  .74 1.14 1.54 1.86 2.04 2.04 1.89 1.63 1.34 1.10  .98  .99 1.16 1.39 1.62 1.76
 30   1.74 1.62 1.38 1.06  .73  .50  .36  .41  .61 1.00 1.39 1.73 1.98 2.08 2.00 1.80 1.52 1.24 1.04  .97 1.04 1.24 1.44 1.63
 ----------------------------------------------------------------------------------------------------------------------------
                                                                                               
 ----------------------------------------------------------------------------------------------------------------------------
 ----------------------------------------------------------------------------------------------------------------------------
                                                          SURVEY OF INDIA
                                                    MARINE GEODESY WING (G&RB)
                                                     HOURLY HEIGHTS IN METRES
  NAME OF PORT:- MARMAGAO                                                                           MONTH JULY      YEAR 2014
 ----------------------------------------------------------------------------------------------------------------------------
 DAYS 0000 0001 0002 0003 0004 0005 0006 0007 0008 0009 0010 0011 0012 0013 0014 0015 0016 0017 0018 0019 0020 0021 0022 0023
 ----------------------------------------------------------------------------------------------------------------------------
  1   1.73 1.70 1.53 1.27  .94  .65  .48  .44  .57  .83 1.24 1.58 1.83 2.00 2.04 1.94 1.68 1.34 1.11  .97  .94 1.04 1.26 1.47
  2   1.64 1.70 1.62 1.40 1.16  .90  .68  .56  .58  .78 1.12 1.44 1.70 1.90 1.99 1.96 1.80 1.50 1.19  .98  .90  .92 1.06 1.28
  3   1.46 1.58 1.63 1.53 1.33 1.09  .86  .70  .66  .74  .98 1.28 1.58 1.80 1.93 1.94 1.84 1.60 1.32 1.04  .85  .80  .91 1.08
  4   1.26 1.42 1.53 1.54 1.43 1.26 1.08  .88  .74  .75  .90 1.13 1.37 1.62 1.78 1.87 1.84 1.68 1.45 1.20  .96  .83  .80  .89
  5   1.04 1.20 1.33 1.42 1.44 1.40 1.26 1.10  .98  .90  .92 1.08 1.29 1.50 1.70 1.84 1.86 1.76 1.56 1.33 1.07  .86  .74  .73
  6    .86 1.02 1.16 1.30 1.41 1.49 1.47 1.35 1.22 1.12 1.06 1.08 1.20 1.35 1.53 1.71 1.82 1.81 1.68 1.48 1.24 1.00  .78  .62
  7    .62  .74  .91 1.08 1.26 1.43 1.53 1.53 1.44 1.33 1.22 1.15 1.15 1.25 1.40 1.57 1.72 1.77 1.74 1.60 1.39 1.13  .85  .62
  8    .51  .49  .58  .78  .99 1.24 1.45 1.57 1.60 1.54 1.42 1.28 1.17 1.16 1.22 1.33 1.45 1.58 1.67 1.67 1.57 1.37 1.06  .74
  9    .48  .34  .31  .45  .70  .98 1.29 1.57 1.74 1.77 1.68 1.52 1.32 1.15 1.12 1.20 1.33 1.46 1.61 1.71 1.71 1.61 1.37  .97
 10    .58  .34  .20  .21  .38  .68 1.00 1.27 1.48 1.58 1.58 1.45 1.25 1.04  .85  .78  .84  .98 1.16 1.34 1.48 1.49 1.34  .97
 11    .60  .29  .05 -.06 -.04  .17  .52  .95 1.34 1.65 1.80 1.76 1.59 1.34 1.00  .77  .72  .79  .98 1.24 1.49 1.66 1.63 1.40
 12   1.04  .61  .16 -.20 -.30 -.20  .14  .61 1.10 1.50 1.84 1.98 1.86 1.58 1.28  .98  .75  .66  .78 1.04 1.33 1.60 1.74 1.72
 13   1.46 1.10  .62  .10 -.20 -.26 -.10  .30  .76 1.30 1.70 1.98 2.01 1.86 1.54 1.15  .80  .55  .52  .67 1.00 1.33 1.60 1.72
 14   1.64 1.42 1.01  .50  .02 -.22 -.27 -.03  .40  .94 1.43 1.81 2.04 2.04 1.82 1.42 1.00  .64  .44  .45  .72 1.04 1.36 1.66
 15   1.80 1.70 1.42 1.00  .55  .14 -.06 -.06  .20  .70 1.19 1.64 1.97 2.16 2.06 1.76 1.36  .93  .56  .38  .44  .72 1.05 1.38
 16   1.64 1.77 1.67 1.39 1.01  .62  .26  .09  .18  .49  .93 1.40 1.79 2.05 2.11 1.96 1.63 1.18  .77  .49  .34  .42  .68 1.01
 17
 18
 19
 20
 21
 22    .68  .60  .62  .80 1.05 1.29 1.54 1.74 1.84 1.84 1.74 1.59 1.44 1.34 1.32 1.37 1.49 1.62 1.73 1.79 1.74 1.62 1.42 1.12
 23    .84  .62  .52  .56  .77 1.03 1.32 1.60 1.81 1.91 1.90 1.79 1.63 1.46 1.31 1.25 1.33 1.45 1.57 1.66 1.71 1.69 1.55 1.32
 24   1.00  .70  .50  .42  .52  .75 1.05 1.37 1.67 1.86 1.93 1.87 1.73 1.53 1.35 1.19 1.13 1.21 1.35 1.51 1.66 1.72 1.66 1.48
 25   1.15  .85  .57  .40  .37  .54  .83 1.16 1.48 1.78 1.94 1.98 1.86 1.65 1.40 1.19 1.08 1.06 1.19 1.38 1.57 1.72 1.73 1.62
 26   1.42 1.09  .74  .48  .35  .44  .69 1.01 1.36 1.68 1.94 2.06 2.00 1.82 1.54 1.28 1.09 1.02 1.10 1.27 1.50 1.71 1.80 1.74
 27   1.56 1.30  .93  .59  .39  .33  .50  .78 1.16 1.54 1.86 2.06 2.10 1.95 1.68 1.41 1.16  .99  .99 1.14 1.37 1.60 1.78 1.86
 28   1.74 1.50 1.18  .83  .56  .42  .46  .66 1.02 1.38 1.76 2.01 2.09 2.02 1.82 1.54 1.24 1.02  .92 1.00 1.21 1.45 1.69 1.82
 29   1.83 1.65 1.36 1.04  .74  .54  .46  .58  .88 1.26 1.64 1.92 2.08 2.08 1.93 1.64 1.33 1.04  .87  .88 1.05 1.29 1.52 1.73
 30   1.84 1.76 1.52 1.22  .93  .67  .54  .58  .79 1.11 1.49 1.84 2.06 2.12 2.02 1.81 1.50 1.20  .95  .85  .94 1.16 1.42 1.69
 31   1.88 1.90 1.75 1.50 1.20  .92  .74  .68  .76 1.00 1.37 1.68 1.94 2.05 2.02 1.86 1.60 1.25  .96  .81  .84 1.01 1.23 1.44
 ----------------------------------------------------------------------------------------------------------------------------
                                                                                               
 ----------------------------------------------------------------------------------------------------------------------------
 ----------------------------------------------------------------------------------------------------------------------------
                                                          SURVEY OF INDIA
                                                    MARINE GEODESY WING (G&RB)
                                                     HOURLY HEIGHTS IN METRES
  NAME OF PORT:- MARMAGAO                                                                           MONTH AUGUST    YEAR 2014
 ----------------------------------------------------------------------------------------------------------------------------
 DAYS 0000 0001 0002 0003 0004 0005 0006 0007 0008 0009 0010 0011 0012 0013 0014 0015 0016 0017 0018 0019 0020 0021 0022 0023
 ----------------------------------------------------------------------------------------------------------------------------
  1   1.66 1.79 1.74 1.55 1.34 1.10  .90  .76  .78  .95 1.19 1.48 1.77 1.99 2.05 1.92 1.69 1.39 1.06  .80  .70  .77  .96 1.19
  2   1.42 1.59 1.67 1.64 1.47 1.25 1.04  .88  .78  .84 1.06 1.33 1.58 1.79 1.91 1.92 1.77 1.51 1.20  .89  .68  .65  .76  .93
  3   1.17 1.36 1.52 1.61 1.58 1.44 1.25 1.09  .98  .94 1.02 1.24 1.48 1.70 1.84 1.88 1.82 1.65 1.40 1.11  .85  .65  .64  .76
  4    .94 1.15 1.36 1.52 1.60 1.60 1.50 1.33 1.16 1.10 1.12 1.20 1.36 1.56 1.73 1.81 1.80 1.72 1.56 1.28 1.00  .77  .61  .60
  5    .72  .88 1.10 1.30 1.46 1.59 1.64 1.59 1.47 1.33 1.24 1.20 1.24 1.38 1.52 1.66 1.74 1.74 1.65 1.48 1.21  .92  .69  .55
  6    .53  .65  .82 1.05 1.28 1.53 1.69 1.76 1.72 1.63 1.51 1.38 1.30 1.32 1.41 1.55 1.68 1.77 1.80 1.73 1.56 1.30  .97  .71
  7    .52  .46  .54  .75 1.00 1.29 1.60 1.80 1.90 1.88 1.77 1.60 1.41 1.30 1.28 1.34 1.46 1.61 1.76 1.83 1.78 1.61 1.32  .98
  8    .63  .43  .35  .42  .64  .96 1.36 1.71 1.93 2.03 2.00 1.84 1.60 1.36 1.19 1.16 1.24 1.40 1.62 1.82 1.92 1.86 1.68 1.38
  9    .96  .59  .32  .22  .34  .64 1.00 1.40 1.82 2.08 2.18 2.08 1.84 1.55 1.24 1.06 1.05 1.16 1.39 1.66 1.89 2.04 2.00 1.80
 10   1.46  .94  .54  .30  .18  .30  .68 1.17 1.60 1.99 2.28 2.30 2.13 1.82 1.40 1.08  .90  .84 1.02 1.34 1.67 1.98 2.13 2.03
 11   1.80 1.44  .88  .44  .20  .15  .36  .78 1.30 1.76 2.18 2.36 2.32 2.10 1.66 1.20  .82  .66  .68  .92 1.30 1.68 2.00 2.12
 12   2.06 1.81 1.42  .84  .38  .18  .20  .45  .94 1.45 1.92 2.30 2.42 2.29 1.94 1.46  .94  .60  .46  .52  .84 1.26 1.64 1.96
 13   2.10 2.04 1.76 1.30  .80  .42  .27  .33  .68 1.20 1.71 2.13 2.35 2.38 2.16 1.78 1.27  .71  .44  .41  .59  .93 1.35 1.72
 14   1.97 2.09 1.97 1.69 1.25  .79  .56  .48  .61  .97 1.48 1.88 2.20 2.38 2.34 2.02 1.57 1.11  .69  .46  .43  .62 1.01 1.40
 15   1.71 1.95 2.06 1.94 1.65 1.26  .91  .72  .70  .87 1.23 1.62 1.95 2.17 2.25 2.12 1.82 1.38  .92  .60  .42  .42  .64  .98
 16   1.30 1.60 1.82 1.89 1.79 1.57 1.27 1.00  .88  .90 1.05 1.35 1.67 1.91 2.04 2.04 1.90 1.62 1.25  .90  .62  .48  .52  .72
 17   1.00 1.29 1.54 1.72 1.78 1.73 1.55 1.34 1.17 1.07 1.07 1.22 1.43 1.65 1.83 1.91 1.87 1.72 1.49 1.19  .88  .66  .55  .55
 18    .72  .94 1.19 1.42 1.59 1.69 1.67 1.56 1.39 1.25 1.16 1.17 1.25 1.39 1.55 1.69 1.75 1.71 1.60 1.39 1.16  .92  .72  .58
 19    .58  .71  .93 1.14 1.34 1.50 1.64 1.70 1.63 1.50 1.38 1.28 1.24 1.26 1.36 1.48 1.59 1.66 1.64 1.53 1.37 1.18  .96  .74
 20    .60  .59  .69  .85 1.05 1.26 1.46 1.62 1.69 1.67 1.57 1.44 1.30 1.20 1.21 1.29 1.41 1.52 1.61 1.62 1.54 1.38 1.16  .94
 21    .74  .58  .54  .66  .88 1.12 1.36 1.60 1.74 1.78 1.73 1.60 1.42 1.24 1.17 1.19 1.27 1.39 1.52 1.61 1.62 1.54 1.40 1.16
 22    .90  .66  .52  .54  .68  .92 1.20 1.50 1.74 1.86 1.85 1.72 1.55 1.37 1.19 1.06 1.08 1.21 1.37 1.52 1.62 1.64 1.52 1.32
 23   1.08  .78  .52  .40  .44  .67  .99 1.33 1.63 1.82 1.88 1.83 1.67 1.40 1.12  .95  .92 1.01 1.17 1.36 1.56 1.67 1.66 1.50
 24   1.26 1.00  .70  .49  .43  .55  .82 1.15 1.49 1.78 1.95 1.95 1.81 1.57 1.30 1.01  .86  .89 1.04 1.26 1.49 1.67 1.78 1.73
 25   1.50 1.23  .91  .62  .46  .48  .66 1.02 1.40 1.70 1.91 1.98 1.91 1.70 1.40 1.04  .84  .77  .87 1.08 1.34 1.60 1.80 1.80
 26   1.64 1.36 1.02  .67  .48  .45  .63  .91 1.29 1.61 1.87 2.01 1.98 1.79 1.50 1.14  .86  .68  .70  .90 1.15 1.44 1.73 1.85
 27   1.80 1.61 1.29  .92  .62  .48  .51  .75 1.10 1.48 1.78 1.97 2.02 1.92 1.66 1.32  .93  .72  .64  .73  .98 1.34 1.62 1.80
 28
 29
 30
 31
 ----------------------------------------------------------------------------------------------------------------------------
                                                                                               
 ----------------------------------------------------------------------------------------------------------------------------
 ----------------------------------------------------------------------------------------------------------------------------
                                                          SURVEY OF INDIA
                                                    MARINE GEODESY WING (G&RB)
                                                     HOURLY HEIGHTS IN METRES
  NAME OF PORT:- MARMAGAO                                                                           MONTH SEPT      YEAR 2014
 ----------------------------------------------------------------------------------------------------------------------------
 DAYS 0000 0001 0002 0003 0004 0005 0006 0007 0008 0009 0010 0011 0012 0013 0014 0015 0016 0017 0018 0019 0020 0021 0022 0023
 ----------------------------------------------------------------------------------------------------------------------------
  1
  2
  3
  4    .74  .90 1.10 1.33 1.56 1.74 1.82 1.81 1.72 1.60 1.48 1.38 1.33 1.36 1.44 1.54 1.65 1.74 1.74 1.66 1.48 1.24  .97  .76
  5    .64  .62  .72  .94 1.22 1.50 1.73 1.88 1.92 1.84 1.68 1.50 1.32 1.22 1.23 1.33 1.46 1.60 1.74 1.80 1.74 1.55 1.30 1.00
  6    .68  .46  .46  .60  .86 1.14 1.47 1.80 2.00 2.04 1.92 1.68 1.42 1.18 1.04 1.02 1.12 1.31 1.55 1.76 1.86 1.78 1.59 1.33
  7   1.00  .61  .38  .36  .52  .81 1.22 1.60 1.94 2.10 2.10 1.90 1.60 1.20  .90  .75  .77  .97 1.24 1.53 1.81 1.97 1.90 1.62
  8   1.22  .77  .50  .34  .31  .46  .83 1.32 1.75 2.08 2.26 2.20 1.90 1.50 1.12  .78  .57  .62  .92 1.30 1.68 1.98 2.00 1.80
  9   1.44  .97  .60  .36  .29  .36  .64 1.05 1.54 1.93 2.20 2.31 2.19 1.78 1.31  .86  .58  .42  .53  .91 1.31 1.74 2.07 2.04
 10   1.74 1.33  .88  .54  .32  .26  .45  .81 1.25 1.74 2.10 2.30 2.30 2.01 1.56 1.04  .56  .30  .27  .53  .93 1.36 1.80 2.08
 11   2.09 1.75 1.33  .90  .59  .41  .41  .60 1.00 1.46 1.90 2.16 2.25 2.14 1.80 1.26  .74  .36  .16  .18  .47  .96 1.38 1.76
 12   2.06 2.10 1.92 1.58 1.10  .77  .60  .59  .78 1.20 1.59 1.90 2.10 2.14 1.92 1.58 1.06  .60  .25  .14  .24  .63 1.06 1.45
 13   1.80 2.02 2.02 1.82 1.50 1.06  .80  .72  .78 1.03 1.34 1.65 1.89 2.04 1.96 1.70 1.36  .94  .55  .30  .22  .34  .68 1.06
 14   1.42 1.68 1.86 1.90 1.74 1.46 1.12  .91  .86  .94 1.12 1.37 1.62 1.82 1.87 1.78 1.54 1.24  .86  .58  .42  .36  .48  .78
 15   1.08 1.38 1.62 1.75 1.74 1.62 1.42 1.20 1.04  .98 1.02 1.20 1.42 1.60 1.70 1.70 1.60 1.41 1.17  .91  .70  .54  .51  .66
 16    .90 1.12 1.33 1.50 1.62 1.66 1.58 1.42 1.26 1.12 1.09 1.13 1.23 1.35 1.44 1.51 1.51 1.44 1.30 1.10  .90  .73  .64  .60
 17    .68  .86 1.06 1.24 1.41 1.55 1.60 1.55 1.44 1.31 1.21 1.15 1.16 1.22 1.31 1.39 1.45 1.48 1.43 1.32 1.17 1.01  .87  .76
 18    .70  .74  .89 1.08 1.27 1.46 1.61 1.68 1.65 1.55 1.42 1.29 1.19 1.13 1.16 1.24 1.33 1.41 1.46 1.46 1.38 1.25 1.10  .95
 19    .80  .74  .78  .90 1.08 1.27 1.49 1.63 1.69 1.66 1.56 1.40 1.24 1.09 1.02 1.04 1.14 1.27 1.40 1.49 1.51 1.43 1.27 1.09
 20    .90  .71  .63  .66  .85 1.08 1.34 1.58 1.71 1.74 1.66 1.50 1.28 1.09  .94  .89  .96 1.10 1.28 1.46 1.56 1.56 1.45 1.29
 21   1.06  .85  .67  .58  .67  .89 1.18 1.45 1.68 1.80 1.78 1.64 1.42 1.18  .95  .80  .81  .94 1.13 1.36 1.58 1.69 1.66 1.52
 22   1.28 1.00  .76  .60  .62  .77 1.02 1.36 1.63 1.81 1.86 1.78 1.56 1.26  .98  .76  .70  .76  .97 1.24 1.52 1.70 1.78 1.72
 23   1.54 1.22  .92  .68  .58  .66  .90 1.22 1.54 1.78 1.88 1.86 1.71 1.42 1.04  .74  .60  .62  .83 1.11 1.42 1.67 1.82 1.80
 24   1.64 1.36 1.02  .70  .56  .58  .74 1.02 1.38 1.68 1.85 1.86 1.75 1.47 1.09  .75  .52  .45  .59  .86 1.20 1.53 1.79 1.88
 25   1.78 1.54 1.20  .86  .63  .56  .67  .90 1.24 1.57 1.80 1.90 1.85 1.63 1.28  .84  .50  .35  .42  .66  .98 1.32 1.67 1.90
 26   1.90 1.73 1.45 1.12  .80  .60  .60  .80 1.13 1.46 1.74 1.92 1.94 1.75 1.42 1.02  .58  .33  .30  .45  .74 1.08 1.44 1.78
 27   1.94 1.88 1.66 1.35 1.02  .76  .63  .72 1.01 1.35 1.64 1.84 1.88 1.77 1.54 1.17  .73  .40  .28  .34  .60  .95 1.33 1.70
 28   1.92 1.99 1.85 1.56 1.26 1.00  .86  .87 1.03 1.27 1.54 1.77 1.92 1.86 1.65 1.35  .93  .56  .33  .29  .45  .75 1.13 1.50
 29   1.78 1.95 1.93 1.74 1.46 1.19 1.00  .92  .99 1.18 1.40 1.62 1.80 1.87 1.79 1.56 1.26  .90  .57  .40  .39  .54  .88 1.22
 30   1.55 1.78 1.91 1.90 1.72 1.49 1.24 1.09 1.05 1.14 1.31 1.52 1.70 1.81 1.82 1.70 1.46 1.16  .86  .61  .44  .45  .67  .97
 ----------------------------------------------------------------------------------------------------------------------------
                                                                                               
 ----------------------------------------------------------------------------------------------------------------------------
 ----------------------------------------------------------------------------------------------------------------------------
                                                          SURVEY OF INDIA
                                                    MARINE GEODESY WING (G&RB)
                                                     HOURLY HEIGHTS IN METRES
  NAME OF PORT:- MARMAGAO                                                                           MONTH OCTOBER   YEAR 2014
 ----------------------------------------------------------------------------------------------------------------------------
 DAYS 0000 0001 0002 0003 0004 0005 0006 0007 0008 0009 0010 0011 0012 0013 0014 0015 0016 0017 0018 0019 0020 0021 0022 0023
 ----------------------------------------------------------------------------------------------------------------------------
  1   1.26 1.51 1.73 1.86 1.87 1.76 1.56 1.36 1.23 1.18 1.23 1.36 1.52 1.68 1.78 1.80 1.66 1.44 1.20  .93  .69  .59  .63  .83
  2   1.06 1.28 1.49 1.67 1.80 1.84 1.78 1.66 1.50 1.36 1.26 1.28 1.40 1.54 1.66 1.74 1.74 1.62 1.46 1.28 1.10  .90  .74  .68
  3    .82 1.06 1.31 1.54 1.72 1.88 1.94 1.90 1.78 1.60 1.42 1.30 1.24 1.26 1.36 1.48 1.60 1.70 1.71 1.62 1.46 1.26 1.02  .82
  4
  5
  6
  7
  8
  9
 10
 11
 12
 13
 14   1.40 1.67 1.85 1.92 1.83 1.62 1.38 1.20 1.06 1.04 1.14 1.31 1.49 1.60 1.64 1.57 1.42 1.21  .97  .73  .56  .54  .64  .85
 15   1.12 1.36 1.57 1.72 1.79 1.72 1.55 1.38 1.23 1.12 1.07 1.14 1.28 1.40 1.49 1.53 1.48 1.34 1.15  .94  .78  .68  .67  .76
 16    .94 1.14 1.34 1.53 1.67 1.72 1.67 1.54 1.38 1.24 1.12 1.07 1.14 1.23 1.31 1.40 1.44 1.42 1.32 1.17 1.00  .85  .76  .73
 17    .82 1.00 1.19 1.36 1.52 1.63 1.68 1.64 1.54 1.40 1.24 1.10 1.01 1.02 1.10 1.20 1.28 1.35 1.37 1.32 1.22 1.11  .98  .88
 18    .83  .87 1.00 1.16 1.34 1.52 1.66 1.72 1.68 1.54 1.37 1.18 1.02  .93  .94 1.03 1.15 1.28 1.41 1.49 1.48 1.40 1.26 1.10
 19    .96  .87  .89 1.02 1.20 1.38 1.57 1.73 1.77 1.72 1.57 1.35 1.14  .96  .87  .90 1.04 1.21 1.37 1.52 1.61 1.60 1.47 1.31
 20   1.14  .95  .85  .88 1.04 1.22 1.43 1.64 1.78 1.79 1.68 1.43 1.14  .88  .70  .66  .76 1.00 1.26 1.49 1.65 1.70 1.65 1.48
 21   1.24 1.03  .88  .83  .94 1.15 1.40 1.64 1.80 1.86 1.78 1.57 1.28  .97  .73  .57  .60  .83 1.11 1.43 1.70 1.85 1.87 1.74
 22   1.52 1.26 1.02  .89  .90 1.06 1.31 1.59 1.82 1.92 1.90 1.74 1.46 1.06  .70  .52  .48  .64  .93 1.31 1.63 1.90 2.00 1.96
 23   1.78 1.50 1.19  .96  .90  .98 1.20 1.49 1.75 1.93 2.00 1.92 1.68 1.30  .94  .61  .38  .30  .44  .74 1.16 1.60 1.98 2.13
 24   2.05 1.74 1.39 1.10  .95  .95 1.13 1.38 1.69 1.92 2.04 2.00 1.83 1.54 1.20  .86  .61  .45  .40  .50  .82 1.30 1.72 2.02
 25   2.16 2.03 1.72 1.36 1.12  .98 1.00 1.22 1.50 1.75 1.96 2.06 1.94 1.62 1.18  .78  .42  .27  .30  .57 1.01 1.49 1.88 2.16
 26   2.27 2.20 1.92 1.57 1.25 1.04 1.00 1.16 1.42 1.66 1.90 2.04 2.00 1.82 1.48 1.04  .60  .36  .31  .44  .76 1.24 1.68 2.02
 27   2.21 2.24 2.12 1.83 1.49 1.21 1.06 1.08 1.28 1.51 1.74 1.93 2.03 1.94 1.72 1.35  .88  .52  .35  .34  .50  .86 1.30 1.72
 28   2.02 2.18 2.20 2.04 1.75 1.44 1.23 1.14 1.17 1.35 1.58 1.78 1.92 1.92 1.80 1.52 1.15  .79  .53  .38  .40  .62  .98 1.38
 29   1.72 1.98 2.12 2.08 1.90 1.64 1.38 1.19 1.11 1.14 1.31 1.50 1.69 1.82 1.82 1.69 1.43 1.11  .80  .56  .45  .50  .74 1.10
 30   1.46 1.74 1.95 2.04 2.02 1.85 1.60 1.36 1.20 1.12 1.15 1.30 1.48 1.64 1.72 1.68 1.56 1.36 1.13  .90  .70  .58  .60  .78
 31   1.10 1.41 1.68 1.90 1.98 1.92 1.76 1.56 1.36 1.19 1.08 1.09 1.20 1.34 1.46 1.56 1.62 1.59 1.46 1.26 1.04  .84  .74  .74
 ----------------------------------------------------------------------------------------------------------------------------
                                                                                               
 ----------------------------------------------------------------------------------------------------------------------------
 ----------------------------------------------------------------------------------------------------------------------------
                                                          SURVEY OF INDIA
                                                    MARINE GEODESY WING (G&RB)
                                                     HOURLY HEIGHTS IN METRES
  NAME OF PORT:- MARMAGAO                                                                           MONTH NOVEMBER  YEAR 2014
 ----------------------------------------------------------------------------------------------------------------------------
 DAYS 0000 0001 0002 0003 0004 0005 0006 0007 0008 0009 0010 0011 0012 0013 0014 0015 0016 0017 0018 0019 0020 0021 0022 0023
 ----------------------------------------------------------------------------------------------------------------------------
  1    .89 1.11 1.39 1.67 1.89 1.97 1.94 1.82 1.62 1.40 1.18 1.02  .97 1.05 1.18 1.34 1.51 1.63 1.67 1.59 1.42 1.20  .99  .87
  2    .87  .98 1.19 1.44 1.73 1.96 2.10 2.08 1.95 1.73 1.45 1.19  .99  .90  .95 1.12 1.35 1.58 1.79 1.86 1.78 1.59 1.39 1.20
  3   1.04  .98 1.04 1.27 1.55 1.82 2.04 2.16 2.14 1.96 1.66 1.30  .97  .75  .68  .77  .99 1.28 1.59 1.83 1.94 1.92 1.77 1.53
  4   1.26 1.05  .97 1.04 1.24 1.52 1.80 2.07 2.19 2.14 1.95 1.62 1.18  .80  .54  .45  .58  .88 1.29 1.65 2.00 2.18 2.16 1.97
  5   1.66 1.33 1.10  .98 1.05 1.30 1.62 1.92 2.14 2.25 2.16 1.88 1.46  .94  .54  .34  .30  .56 1.00 1.42 1.85 2.14 2.26 2.24
  6   2.00 1.66 1.26 1.04  .99 1.12 1.40 1.75 2.03 2.18 2.18 2.00 1.66 1.16  .68  .30  .19  .25  .53  .96 1.46 1.88 2.18 2.34
  7   2.28 1.97 1.60 1.23 1.01  .96 1.10 1.44 1.74 1.98 2.12 2.06 1.84 1.49  .93  .40  .13  .06  .23  .65 1.14 1.60 1.98 2.24
  8   2.31 2.16 1.86 1.42 1.10  .90  .90 1.13 1.44 1.73 1.96 2.06 1.94 1.66 1.24  .70  .36  .17  .15  .37  .84 1.34 1.76 2.10
  9   2.30 2.28 2.08 1.74 1.37 1.08  .98 1.12 1.40 1.68 1.90 2.00 1.99 1.78 1.48 1.06  .64  .36  .24  .28  .60 1.06 1.50 1.87
 10   2.16 2.24 2.13 1.91 1.57 1.25 1.06 1.03 1.18 1.44 1.70 1.86 1.92 1.85 1.66 1.35  .91  .52  .35  .32  .46  .81 1.24 1.65
 11   1.98 2.20 2.22 2.10 1.86 1.54 1.28 1.14 1.12 1.24 1.48 1.71 1.84 1.86 1.72 1.48 1.18  .92  .70  .58  .62  .84 1.20 1.57
 12   1.86 2.07 2.16 2.10 1.90 1.64 1.42 1.23 1.13 1.14 1.27 1.45 1.60 1.68 1.68 1.60 1.40 1.14  .92  .76  .73  .80 1.02 1.38
 13   1.68 1.88 1.99 2.03 1.97 1.78 1.55 1.36 1.22 1.15 1.19 1.33 1.46 1.58 1.66 1.66 1.54 1.34 1.16 1.00  .88  .84  .95 1.20
 14   1.48 1.72 1.88 1.97 1.98 1.89 1.71 1.52 1.34 1.20 1.17 1.21 1.31 1.42 1.52 1.58 1.58 1.52 1.40 1.27 1.14 1.04 1.02 1.11
 15   1.28 1.48 1.68 1.86 1.99 2.02 1.97 1.84 1.68 1.51 1.34 1.24 1.26 1.32 1.40 1.48 1.54 1.57 1.54 1.46 1.36 1.26 1.20 1.20
 16   1.30 1.44 1.60 1.75 1.88 1.97 1.98 1.90 1.72 1.50 1.30 1.18 1.13 1.16 1.24 1.35 1.46 1.55 1.60 1.58 1.49 1.39 1.28 1.21
 17   1.21 1.30 1.43 1.57 1.70 1.83 1.93 1.95 1.86 1.68 1.43 1.18 1.02  .94  .95 1.02 1.16 1.31 1.46 1.60 1.65 1.59 1.46 1.33
 18   1.24 1.22 1.25 1.38 1.53 1.68 1.83 1.93 1.92 1.78 1.56 1.28 1.02  .88  .82  .84  .98 1.25 1.52 1.72 1.84 1.88 1.80 1.66
 19   1.49 1.35 1.28 1.30 1.42 1.60 1.79 1.94 1.99 1.90 1.72 1.48 1.16  .84  .63  .60  .78 1.07 1.40 1.69 1.90 2.04 2.03 1.90
 20   1.70 1.46 1.32 1.28 1.34 1.48 1.68 1.88 2.01 2.04 1.90 1.68 1.36  .98  .66  .54  .58  .82 1.20 1.56 1.86 2.09 2.18 2.10
 21   1.91 1.66 1.44 1.28 1.22 1.34 1.56 1.79 1.98 2.08 2.00 1.80 1.52 1.10  .70  .46  .39  .56  .96 1.38 1.80 2.10 2.28 2.25
 22   2.10 1.87 1.58 1.34 1.21 1.24 1.43 1.70 1.94 2.08 2.12 2.00 1.73 1.36  .86  .50  .33  .38  .64 1.02 1.44 1.79 2.08 2.28
 23   2.34 2.13 1.81 1.50 1.30 1.18 1.24 1.47 1.76 1.96 2.08 2.07 1.88 1.56 1.13  .63  .30  .27  .44  .76 1.14 1.52 1.88 2.22
 24   2.38 2.32 2.08 1.76 1.47 1.25 1.16 1.28 1.54 1.80 2.01 2.10 2.01 1.76 1.40  .86  .46  .20  .22  .49  .93 1.42 1.86 2.20
 25   2.40 2.42 2.22 1.90 1.58 1.30 1.16 1.18 1.40 1.66 1.90 2.04 2.06 1.94 1.67 1.22  .74  .44  .30  .36  .68 1.16 1.60 2.00
 26   2.30 2.38 2.32 2.11 1.76 1.43 1.20 1.10 1.18 1.40 1.64 1.84 1.98 1.97 1.79 1.48 1.10  .74  .49  .36  .44  .74 1.18 1.59
 27   1.98 2.24 2.35 2.26 2.04 1.70 1.40 1.18 1.07 1.13 1.34 1.57 1.76 1.86 1.84 1.68 1.42 1.10  .80  .59  .48  .59  .90 1.29
 28   1.68 1.98 2.21 2.29 2.19 1.94 1.64 1.36 1.16 1.05 1.10 1.26 1.46 1.63 1.75 1.76 1.63 1.40 1.12  .89  .73  .66  .78 1.04
 29   1.40 1.74 2.01 2.20 2.24 2.13 1.89 1.60 1.33 1.13 1.06 1.10 1.25 1.42 1.58 1.70 1.73 1.58 1.32 1.06  .84  .71  .71  .89
 30   1.13 1.47 1.76 2.00 2.15 2.18 2.09 1.87 1.59 1.26  .96  .78  .76  .88 1.08 1.29 1.48 1.62 1.66 1.59 1.44 1.22 1.02  .89
 ----------------------------------------------------------------------------------------------------------------------------
                                                                                               
 ----------------------------------------------------------------------------------------------------------------------------
 ----------------------------------------------------------------------------------------------------------------------------
                                                          SURVEY OF INDIA
                                                    MARINE GEODESY WING (G&RB)
                                                     HOURLY HEIGHTS IN METRES
  NAME OF PORT:- MARMAGAO                                                                           MONTH DECEMBER  YEAR 2014
 ----------------------------------------------------------------------------------------------------------------------------
 DAYS 0000 0001 0002 0003 0004 0005 0006 0007 0008 0009 0010 0011 0012 0013 0014 0015 0016 0017 0018 0019 0020 0021 0022 0023
 ----------------------------------------------------------------------------------------------------------------------------
  1    .95 1.20 1.50 1.74 1.94 2.07 2.10 2.00 1.76 1.46 1.13  .82  .64  .62  .72  .92 1.18 1.44 1.64 1.74 1.73 1.62 1.42 1.20
  2   1.10 1.10 1.24 1.48 1.70 1.88 2.00 2.04 1.92 1.68 1.34  .96  .66  .50  .46  .57  .82 1.16 1.48 1.74 1.86 1.86 1.74 1.54
  3   1.32 1.16 1.12 1.24 1.45 1.68 1.86 1.98 1.98 1.85 1.60 1.20  .80  .55  .40  .37  .51  .82 1.20 1.57 1.88 2.02 2.04 1.88
  4   1.62 1.37 1.20 1.16 1.28 1.47 1.69 1.90 2.02 2.01 1.85 1.52 1.08  .66  .36  .20  .24  .57  .98 1.39 1.81 2.07 2.16 2.10
  5   1.86 1.55 1.30 1.14 1.10 1.24 1.49 1.71 1.90 1.98 1.90 1.72 1.42  .98  .58  .30  .20  .30  .62 1.05 1.48 1.96 2.26 2.28
  6   2.12 1.85 1.56 1.31 1.15 1.10 1.27 1.54 1.77 1.94 2.01 1.86 1.59 1.26  .86  .46  .20  .18  .42  .88 1.30 1.74 2.09 2.30
  7   2.30 2.10 1.80 1.46 1.18 1.08 1.10 1.30 1.58 1.80 1.94 1.93 1.78 1.52 1.14  .73  .36  .20  .28  .59 1.08 1.54 1.91 2.20
  8   2.32 2.26 2.02 1.68 1.36 1.14 1.06 1.14 1.39 1.65 1.84 1.95 1.89 1.67 1.35  .94  .58  .34  .24  .43  .80 1.26 1.68 2.02
  9   2.22 2.26 2.11 1.86 1.55 1.26 1.08 1.04 1.18 1.44 1.66 1.82 1.85 1.75 1.50 1.14  .76  .50  .36  .40  .66 1.00 1.44 1.82
 10   2.12 2.24 2.21 2.02 1.70 1.42 1.22 1.10 1.12 1.33 1.57 1.74 1.84 1.80 1.67 1.42 1.14  .86  .62  .51  .60  .90 1.28 1.64
 11   1.94 2.16 2.20 2.08 1.85 1.58 1.30 1.10 1.02 1.07 1.28 1.50 1.66 1.74 1.71 1.52 1.26  .98  .74  .62  .66  .82 1.10 1.45
 12   1.78 1.99 2.10 2.12 1.98 1.73 1.46 1.24 1.10 1.05 1.14 1.32 1.48 1.59 1.62 1.54 1.37 1.18  .95  .76  .70  .76  .97 1.25
 13   1.56 1.81 1.97 2.05 2.00 1.86 1.62 1.36 1.18 1.10 1.10 1.18 1.32 1.45 1.54 1.56 1.48 1.33 1.17 1.03  .94  .91  .99 1.16
 14   1.45 1.69 1.87 1.96 1.97 1.87 1.72 1.53 1.33 1.13 1.00 1.00 1.09 1.22 1.34 1.44 1.50 1.44 1.31 1.18 1.07 1.01 1.00 1.08
 15   1.28 1.49 1.68 1.84 1.92 1.90 1.80 1.62 1.40 1.20 1.02  .91  .92 1.02 1.15 1.29 1.40 1.47 1.48 1.42 1.34 1.26 1.18 1.14
 16   1.20 1.36 1.56 1.70 1.80 1.84 1.80 1.68 1.48 1.26 1.02  .86  .78  .80  .91 1.06 1.22 1.36 1.50 1.56 1.54 1.47 1.38 1.30
 17   1.24 1.25 1.39 1.56 1.69 1.78 1.82 1.78 1.68 1.46 1.18  .95  .78  .71  .73  .87 1.08 1.33 1.54 1.70 1.80 1.80 1.72 1.56
 18   1.42 1.37 1.38 1.46 1.62 1.78 1.90 1.94 1.86 1.66 1.40 1.12  .84  .66  .58  .66  .88 1.14 1.44 1.72 1.89 1.96 1.94 1.80
 19   1.62 1.48 1.38 1.36 1.48 1.68 1.83 1.94 1.96 1.88 1.66 1.35 1.00  .74  .58  .52  .63  .92 1.30 1.57 1.78 1.94 2.00 1.98
 20   1.88 1.68 1.49 1.36 1.37 1.51 1.76 1.94 2.06 2.06 1.94 1.70 1.34  .95  .59  .42  .42  .70 1.08 1.44 1.86 2.15 2.32 2.34
 21   2.20 1.90 1.62 1.43 1.38 1.42 1.58 1.84 2.04 2.14 2.07 1.86 1.58 1.25  .87  .50  .34  .41  .76 1.14 1.51 1.86 2.15 2.36
 22   2.40 2.30 2.10 1.86 1.62 1.42 1.38 1.49 1.72 1.95 2.13 2.08 1.80 1.40  .90  .44  .22  .22  .40  .79 1.30 1.78 2.18 2.42
 23   2.44 2.26 1.98 1.70 1.37 1.15 1.15 1.33 1.58 1.85 2.04 2.14 2.00 1.67 1.22  .78  .37  .18  .22  .50  .94 1.40 1.87 2.25
 24   2.46 2.40 2.16 1.85 1.53 1.23 1.07 1.12 1.36 1.64 1.90 2.09 2.16 1.98 1.63 1.20  .74  .40  .25  .33  .67 1.12 1.58 2.04
 25   2.40 2.47 2.35 2.05 1.73 1.39 1.12  .99 1.05 1.30 1.60 1.87 2.10 2.14 1.95 1.59 1.12  .73  .45  .34  .54  .89 1.31 1.78
 26   2.14 2.43 2.51 2.36 2.03 1.65 1.29 1.00  .92 1.03 1.28 1.59 1.87 2.08 2.11 1.90 1.52 1.10  .77  .53  .50  .70 1.07 1.48
 27   1.84 2.16 2.40 2.43 2.26 1.87 1.45 1.10  .89  .80  .90 1.15 1.40 1.65 1.85 1.90 1.78 1.53 1.25  .98  .78  .76  .94 1.28
 28   1.61 1.90 2.13 2.30 2.29 2.11 1.73 1.35 1.01  .81  .75  .84 1.06 1.28 1.51 1.70 1.79 1.70 1.50 1.26 1.06  .94  .97 1.12
 29   1.40 1.69 1.93 2.13 2.22 2.14 1.92 1.60 1.24  .92  .70  .64  .73  .92 1.15 1.38 1.58 1.71 1.74 1.64 1.47 1.30 1.18 1.15
 30   1.28 1.52 1.75 1.95 2.10 2.12 2.02 1.82 1.54 1.22  .92  .68  .58  .62  .78 1.02 1.28 1.52 1.74 1.88 1.86 1.72 1.54 1.37
 31   1.28 1.36 1.52 1.72 1.90 2.02 2.07 1.97 1.76 1.50 1.17  .86  .61  .52  .56  .74  .98 1.25 1.56 1.84 2.02 2.00 1.83 1.62
 ----------------------------------------------------------------------------------------------------------------------------
                                                                                               
 ----------------------------------------------------------------------------------------------------------------------------
 ----------------------------------------------------------------------------------------------------------------------------
