                                                          SURVEY OF INDIA
                                                    MARINE GEODESY WING (G&RB)
                                                     HOURLY HEIGHTS IN METRES
  NAME OF PORT:- MARMAGAO                                                                           MONTH JANUARY   YEAR 2011
 ----------------------------------------------------------------------------------------------------------------------------
 DAYS 0000 0001 0002 0003 0004 0005 0006 0007 0008 0009 0010 0011 0012 0013 0014 0015 0016 0017 0018 0019 0020 0021 0022 0023
 ----------------------------------------------------------------------------------------------------------------------------
  1   1.70 1.52 1.48 1.50 1.61 1.72 1.82 1.92 1.91 1.74 1.47 1.13 0.76 0.46 0.33 0.34 0.48 0.80 1.21 1.57 1.86 2.09 2.17 2.10
  2   1.91 1.68 1.49 1.40 1.41 1.52 1.66 1.79 1.93 1.91 1.72 1.48 1.16 0.74 0.43 0.28 0.32 0.54 0.91 1.31 1.73 2.04 2.24 2.28
  3   2.19 1.92 1.67 1.47 1.33 1.35 1.50 1.69 1.84 1.93 1.93 1.75 1.48 1.09 0.69 0.40 0.27 0.35 0.64 1.04 1.47 1.88 2.18 2.32
  4   2.29 2.12 1.84 1.54 1.32 1.19 1.28 1.48 1.68 1.83 1.92 1.84 1.64 1.37 0.93 0.52 0.31 0.23 0.40 0.75 1.22 1.65 1.97 2.23
  5   2.31 2.22 2.00 1.65 1.35 1.17 1.10 1.25 1.48 1.66 1.83 1.91 1.78 1.58 1.28 0.83 0.52 0.35 0.37 0.61 1.02 1.46 1.86 2.14
  6   2.36 2.31 2.15 1.85 1.51 1.25 1.08 1.10 1.29 1.56 1.76 1.88 1.88 1.75 1.52 1.20 0.80 0.48 0.39 0.53 0.83 1.21 1.66 1.99
  7   2.21 2.33 2.19 1.96 1.64 1.30 1.07 1.04 1.11 1.32 1.56 1.75 1.83 1.81 1.63 1.37 0.97 0.72 0.56 0.58 0.74 1.08 1.55 1.87
  8   2.15 2.31 2.29 2.07 1.77 1.44 1.16 1.03 1.03 1.16 1.39 1.61 1.76 1.83 1.70 1.50 1.22 0.91 0.71 0.66 0.73 0.96 1.40 1.75
  9   2.04 2.21 2.28 2.13 1.88 1.53 1.24 1.06 0.97 1.01 1.21 1.42 1.61 1.73 1.73 1.61 1.41 1.13 0.91 0.82 0.83 0.99 1.25 1.57
 10   1.96 2.14 2.21 2.17 1.98 1.67 1.34 1.12 1.00 0.94 1.04 1.21 1.43 1.57 1.63 1.63 1.55 1.36 1.13 1.01 0.97 1.03 1.18 1.46
 11   1.80 1.99 2.12 2.14 1.99 1.77 1.48 1.18 0.98 0.89 0.89 1.01 1.19 1.37 1.50 1.57 1.57 1.48 1.34 1.18 1.11 1.12 1.20 1.36
 12   1.67 1.83 1.96 2.04 1.96 1.80 1.55 1.26 1.05 0.86 0.76 0.81 0.97 1.14 1.29 1.41 1.49 1.55 1.51 1.39 1.27 1.26 1.30 1.36
 13   1.53 1.71 1.85 1.94 1.93 1.83 1.64 1.40 1.16 0.95 0.79 0.73 0.78 0.94 1.10 1.24 1.39 1.51 1.55 1.56 1.51 1.45 1.43 1.45
 14   1.52 1.64 1.76 1.84 1.88 1.84 1.71 1.56 1.33 1.06 0.89 0.76 0.72 0.77 0.88 1.05 1.23 1.44 1.60 1.67 1.71 1.69 1.62 1.57
 15   1.52 1.55 1.65 1.73 1.79 1.82 1.78 1.69 1.51 1.28 1.02 0.80 0.62 0.54 0.58 0.72 0.92 1.18 1.43 1.63 1.77 1.82 1.77 1.69
 16   1.59 1.54 1.53 1.60 1.67 1.75 1.79 1.75 1.65 1.49 1.25 0.98 0.75 0.53 0.46 0.51 0.69 0.97 1.29 1.58 1.81 1.95 1.98 1.91
 17   1.78 1.61 1.52 1.50 1.56 1.65 1.75 1.83 1.81 1.71 1.52 1.25 0.92 0.63 0.43 0.35 0.47 0.73 1.10 1.42 1.79 2.02 2.11 2.10
 18   1.95 1.71 1.50 1.39 1.36 1.43 1.58 1.71 1.83 1.83 1.69 1.49 1.16 0.74 0.42 0.20 0.16 0.38 0.75 1.14 1.54 1.93 2.15 2.21
 19   2.12 1.88 1.58 1.34 1.23 1.22 1.37 1.59 1.78 1.89 1.90 1.78 1.50 1.10 0.62 0.29 0.13 0.15 0.45 0.83 1.30 1.76 2.12 2.35
 20   2.29 2.12 1.79 1.40 1.17 1.09 1.13 1.38 1.65 1.85 2.01 2.00 1.81 1.50 1.03 0.55 0.22 0.12 0.25 0.55 1.04 1.55 1.99 2.30
 21   2.45 2.33 2.05 1.62 1.25 1.03 0.98 1.10 1.38 1.71 1.96 2.10 2.07 1.88 1.48 0.96 0.56 0.29 0.21 0.42 0.82 1.32 1.82 2.19
 22   2.51 2.48 2.25 1.84 1.36 1.02 0.82 0.87 1.11 1.43 1.74 2.03 2.15 2.08 1.85 1.46 0.97 0.59 0.41 0.41 0.66 1.15 1.64 2.06
 23   2.45 2.64 2.49 2.19 1.71 1.20 0.87 0.75 0.83 1.10 1.42 1.74 2.02 2.19 2.11 1.87 1.48 1.04 0.78 0.66 0.69 1.00 1.53 1.93
 24   2.28 2.53 2.59 2.36 2.01 1.45 1.02 0.73 0.64 0.76 1.07 1.40 1.79 2.00 2.11 2.06 1.82 1.48 1.15 0.90 0.83 0.95 1.31 1.70
 25   2.05 2.31 2.50 2.46 2.19 1.75 1.26 0.90 0.71 0.59 0.71 1.05 1.38 1.66 1.89 2.02 2.00 1.83 1.57 1.33 1.17 1.14 1.28 1.56
 26   1.93 2.15 2.33 2.40 2.28 2.03 1.66 1.17 0.87 0.67 0.59 0.75 1.03 1.28 1.54 1.75 1.88 1.95 1.83 1.64 1.46 1.37 1.36 1.45
 27   1.67 1.91 2.09 2.20 2.23 2.09 1.82 1.51 1.13 0.86 0.67 0.56 0.72 0.95 1.18 1.44 1.66 1.82 1.92 1.92 1.79 1.68 1.61 1.55
 28   1.60 1.76 1.91 2.03 2.07 2.05 1.96 1.76 1.46 1.16 0.88 0.68 0.63 0.70 0.86 1.08 1.37 1.60 1.81 1.96 1.99 1.92 1.82 1.69
 29   1.57 1.61 1.67 1.76 1.86 1.90 1.89 1.83 1.68 1.44 1.17 0.86 0.68 0.60 0.66 0.79 1.01 1.29 1.59 1.86 2.01 2.05 2.02 1.89
 30   1.71 1.57 1.50 1.55 1.64 1.75 1.82 1.85 1.82 1.71 1.48 1.17 0.88 0.68 0.55 0.62 0.78 1.04 1.36 1.70 1.98 2.16 2.19 2.10
 31   1.96 1.73 1.55 1.50 1.51 1.56 1.70 1.84 1.91 1.90 1.77 1.54 1.25 0.94 0.68 0.58 0.62 0.83 1.19 1.51 1.88 2.18 2.31 2.27
 ----------------------------------------------------------------------------------------------------------------------------
                                                                                               
 ----------------------------------------------------------------------------------------------------------------------------
 ----------------------------------------------------------------------------------------------------------------------------
                                                          SURVEY OF INDIA
                                                    MARINE GEODESY WING (G&RB)
                                                     HOURLY HEIGHTS IN METRES
  NAME OF PORT:- MARMAGAO                                                                           MONTH FEBRUARY  YEAR 2011
 ----------------------------------------------------------------------------------------------------------------------------
 DAYS 0000 0001 0002 0003 0004 0005 0006 0007 0008 0009 0010 0011 0012 0013 0014 0015 0016 0017 0018 0019 0020 0021 0022 0023
 ----------------------------------------------------------------------------------------------------------------------------
  1   2.15 1.91 1.65 1.45 1.38 1.39 1.50 1.70 1.86 1.97 1.93 1.81 1.60 1.23 0.87 0.68 0.59 0.68 0.95 1.32 1.73 2.07 2.31 2.40
  2   2.33 2.12 1.79 1.52 1.35 1.26 1.35 1.54 1.74 1.93 2.03 1.97 1.81 1.51 1.12 0.82 0.60 0.59 0.81 1.16 1.55 1.94 2.25 2.41
  3   2.43 2.26 1.98 1.62 1.36 1.23 1.25 1.40 1.66 1.88 2.06 2.11 2.02 1.80 1.42 1.03 0.78 0.67 0.76 1.01 1.39 1.85 2.14 2.36
  4   2.50 2.35 2.12 1.74 1.41 1.18 1.12 1.21 1.45 1.74 1.96 2.12 2.09 1.94 1.69 1.31 0.95 0.74 0.77 0.92 1.23 1.66 2.04 2.29
  5   2.46 2.43 2.23 1.88 1.49 1.23 1.10 1.10 1.28 1.57 1.85 2.03 2.13 2.05 1.84 1.47 1.14 0.89 0.82 0.88 1.13 1.51 1.90 2.20
  6   2.40 2.45 2.28 2.00 1.63 1.30 1.06 1.01 1.11 1.33 1.59 1.84 2.04 2.04 1.93 1.69 1.33 1.06 0.92 0.92 1.06 1.35 1.74 2.05
  7   2.30 2.37 2.33 2.10 1.73 1.37 1.09 0.94 0.97 1.12 1.38 1.69 1.91 2.00 1.97 1.80 1.55 1.25 1.06 0.98 1.05 1.27 1.62 1.93
  8   2.16 2.31 2.27 2.10 1.80 1.37 1.06 0.90 0.83 0.90 1.16 1.42 1.67 1.84 1.89 1.83 1.69 1.42 1.19 1.09 1.11 1.22 1.46 1.74
  9   2.01 2.16 2.18 2.04 1.82 1.46 1.13 0.90 0.76 0.76 0.91 1.15 1.42 1.63 1.76 1.78 1.74 1.58 1.40 1.26 1.19 1.27 1.43 1.64
 10   1.94 2.07 2.09 2.02 1.85 1.55 1.24 0.97 0.76 0.71 0.79 0.99 1.20 1.43 1.60 1.71 1.73 1.69 1.58 1.44 1.35 1.35 1.46 1.59
 11   1.82 1.95 2.01 1.99 1.91 1.69 1.39 1.15 0.92 0.80 0.75 0.84 1.03 1.24 1.42 1.58 1.70 1.75 1.75 1.68 1.58 1.53 1.55 1.62
 12   1.77 1.87 1.96 1.99 1.95 1.83 1.62 1.40 1.17 0.95 0.81 0.77 0.88 1.03 1.21 1.39 1.59 1.74 1.83 1.82 1.75 1.69 1.64 1.64
 13   1.67 1.76 1.83 1.87 1.90 1.87 1.75 1.57 1.37 1.16 0.96 0.78 0.74 0.81 0.94 1.11 1.33 1.56 1.77 1.89 1.92 1.87 1.81 1.74
 14   1.65 1.63 1.66 1.71 1.77 1.82 1.81 1.74 1.59 1.39 1.14 0.93 0.75 0.64 0.68 0.87 1.08 1.32 1.60 1.84 1.99 2.06 2.00 1.87
 15   1.68 1.56 1.54 1.56 1.63 1.72 1.80 1.86 1.83 1.69 1.45 1.18 0.91 0.71 0.59 0.65 0.84 1.13 1.48 1.83 2.07 2.22 2.24 2.09
 16   1.91 1.65 1.46 1.43 1.49 1.60 1.74 1.92 2.00 1.94 1.83 1.57 1.18 0.84 0.57 0.47 0.54 0.78 1.18 1.59 1.92 2.22 2.36 2.30
 17   2.05 1.74 1.46 1.26 1.22 1.31 1.48 1.73 1.99 2.10 2.05 1.88 1.57 1.12 0.71 0.46 0.37 0.49 0.83 1.29 1.71 2.13 2.36 2.41
 18   2.24 1.93 1.49 1.16 0.96 0.92 1.13 1.46 1.74 2.00 2.16 2.11 1.91 1.53 1.03 0.62 0.35 0.35 0.58 0.97 1.47 1.94 2.28 2.49
 19   2.44 2.19 1.71 1.23 0.91 0.70 0.75 1.07 1.46 1.79 2.11 2.26 2.18 1.93 1.51 0.98 0.59 0.39 0.46 0.71 1.21 1.72 2.15 2.44
 20   2.54 2.34 1.99 1.41 0.93 0.58 0.42 0.61 0.97 1.38 1.78 2.11 2.25 2.19 1.91 1.44 0.93 0.63 0.50 0.61 0.95 1.47 1.90 2.27
 21   2.48 2.47 2.19 1.73 1.13 0.65 0.32 0.33 0.57 0.97 1.41 1.81 2.16 2.25 2.15 1.86 1.42 0.99 0.78 0.71 0.86 1.24 1.72 2.06
 22   2.39 2.49 2.33 2.02 1.49 0.91 0.47 0.28 0.32 0.54 0.96 1.37 1.74 2.00 2.09 2.02 1.77 1.36 1.03 0.89 0.89 1.08 1.43 1.77
 23   2.06 2.28 2.30 2.09 1.73 1.25 0.73 0.42 0.27 0.29 0.62 0.98 1.32 1.65 1.93 1.99 1.93 1.69 1.39 1.18 1.07 1.06 1.24 1.52
 24   1.80 1.97 2.11 2.13 1.94 1.59 1.09 0.69 0.45 0.33 0.40 0.67 0.98 1.27 1.59 1.80 1.89 1.83 1.67 1.48 1.34 1.26 1.25 1.36
 25   1.61 1.76 1.86 1.90 1.86 1.68 1.42 1.04 0.73 0.53 0.42 0.49 0.68 0.93 1.19 1.42 1.64 1.74 1.76 1.68 1.54 1.43 1.35 1.30
 26   1.36 1.52 1.63 1.69 1.72 1.68 1.53 1.33 1.10 0.85 0.66 0.56 0.56 0.68 0.89 1.15 1.36 1.57 1.74 1.80 1.78 1.70 1.59 1.46
 27   1.37 1.43 1.48 1.55 1.61 1.67 1.66 1.57 1.45 1.26 1.03 0.82 0.67 0.64 0.74 0.91 1.16 1.39 1.61 1.82 1.93 1.92 1.83 1.66
 28   1.48 1.39 1.33 1.35 1.44 1.54 1.64 1.70 1.67 1.55 1.36 1.16 0.90 0.72 0.67 0.75 0.92 1.19 1.48 1.72 1.91 2.04 1.99 1.82
 ----------------------------------------------------------------------------------------------------------------------------
                                                                                               
 ----------------------------------------------------------------------------------------------------------------------------
 ----------------------------------------------------------------------------------------------------------------------------
                                                          SURVEY OF INDIA
                                                    MARINE GEODESY WING (G&RB)
                                                     HOURLY HEIGHTS IN METRES
  NAME OF PORT:- MARMAGAO                                                                           MONTH MARCH     YEAR 2011
 ----------------------------------------------------------------------------------------------------------------------------
 DAYS 0000 0001 0002 0003 0004 0005 0006 0007 0008 0009 0010 0011 0012 0013 0014 0015 0016 0017 0018 0019 0020 0021 0022 0023
 ----------------------------------------------------------------------------------------------------------------------------
  1   1.61 1.42 1.23 1.20 1.23 1.34 1.49 1.61 1.68 1.68 1.58 1.34 1.10 0.85 0.64 0.62 0.77 0.97 1.27 1.61 1.88 2.05 2.10 2.04
  2   1.80 1.52 1.28 1.12 1.11 1.19 1.39 1.58 1.73 1.83 1.83 1.66 1.41 1.12 0.88 0.70 0.72 0.88 1.14 1.51 1.85 2.08 2.18 2.19
  3   2.03 1.73 1.43 1.17 1.08 1.08 1.27 1.50 1.75 1.88 1.95 1.92 1.75 1.43 1.11 0.87 0.76 0.80 1.06 1.39 1.72 2.02 2.24 2.31
  4   2.15 1.90 1.57 1.27 1.04 1.01 1.13 1.34 1.65 1.91 2.07 2.08 1.97 1.71 1.38 1.08 0.88 0.86 0.99 1.27 1.66 1.99 2.23 2.35
  5   2.25 2.03 1.71 1.33 1.05 0.92 0.94 1.17 1.46 1.76 2.01 2.10 2.06 1.90 1.61 1.23 0.95 0.86 0.94 1.17 1.49 1.87 2.14 2.31
  6   2.32 2.13 1.82 1.42 1.11 0.89 0.84 1.02 1.33 1.63 1.91 2.14 2.20 2.09 1.84 1.49 1.17 1.02 1.00 1.14 1.42 1.79 2.11 2.30
  7   2.34 2.23 1.97 1.55 1.17 0.92 0.80 0.84 1.10 1.47 1.75 2.01 2.15 2.13 1.99 1.70 1.33 1.12 1.04 1.09 1.27 1.65 1.97 2.19
  8   2.29 2.26 2.03 1.69 1.26 0.92 0.75 0.74 0.93 1.19 1.50 1.83 2.07 2.12 2.06 1.80 1.52 1.28 1.15 1.12 1.22 1.51 1.84 2.10
  9   2.22 2.23 2.10 1.80 1.40 1.05 0.77 0.68 0.77 0.97 1.29 1.63 1.90 2.03 2.05 1.95 1.73 1.48 1.25 1.17 1.22 1.44 1.69 1.96
 10   2.10 2.17 2.09 1.86 1.55 1.11 0.83 0.69 0.66 0.81 1.05 1.35 1.68 1.88 1.97 1.96 1.83 1.58 1.40 1.30 1.26 1.34 1.58 1.80
 11   2.00 2.09 2.06 1.92 1.70 1.33 0.99 0.80 0.70 0.70 0.90 1.18 1.44 1.69 1.87 1.93 1.92 1.80 1.61 1.46 1.38 1.38 1.49 1.69
 12   1.87 1.99 2.03 1.95 1.77 1.52 1.26 0.99 0.80 0.75 0.79 0.96 1.20 1.42 1.64 1.84 1.93 1.89 1.78 1.65 1.53 1.50 1.56 1.65
 13   1.78 1.91 1.98 1.95 1.86 1.71 1.48 1.22 1.03 0.88 0.84 0.90 1.09 1.28 1.48 1.65 1.81 1.92 1.93 1.86 1.77 1.69 1.63 1.60
 14   1.71 1.79 1.85 1.88 1.90 1.82 1.69 1.53 1.30 1.09 0.94 0.88 0.92 1.04 1.21 1.41 1.64 1.84 1.96 2.02 1.95 1.84 1.74 1.64
 15   1.56 1.58 1.64 1.71 1.78 1.85 1.80 1.71 1.57 1.36 1.13 0.97 0.85 0.84 0.94 1.13 1.40 1.67 1.88 2.03 2.11 2.05 1.92 1.76
 16   1.53 1.47 1.46 1.53 1.64 1.75 1.85 1.92 1.86 1.71 1.46 1.19 0.97 0.80 0.79 0.88 1.11 1.45 1.76 2.01 2.22 2.24 2.13 1.93
 17   1.65 1.37 1.26 1.24 1.31 1.49 1.71 1.87 1.98 1.95 1.80 1.55 1.22 0.89 0.71 0.71 0.81 1.09 1.47 1.83 2.13 2.33 2.33 2.13
 18   1.77 1.43 1.15 0.92 0.93 1.13 1.38 1.68 1.96 2.08 2.06 1.93 1.61 1.17 0.83 0.62 0.62 0.78 1.14 1.59 1.95 2.26 2.42 2.33
 19   1.96 1.58 1.12 0.78 0.63 0.68 0.97 1.37 1.73 2.06 2.22 2.17 2.02 1.66 1.16 0.83 0.65 0.65 0.94 1.38 1.82 2.20 2.47 2.48
 20   2.23 1.86 1.28 0.81 0.49 0.42 0.60 0.97 1.44 1.90 2.21 2.36 2.33 2.08 1.63 1.18 0.86 0.70 0.78 1.14 1.60 2.01 2.31 2.51
 21   2.41 2.11 1.62 0.97 0.51 0.23 0.23 0.51 0.99 1.48 1.91 2.28 2.42 2.35 2.06 1.63 1.16 0.89 0.82 0.95 1.33 1.79 2.12 2.39
 22   2.46 2.31 1.93 1.36 0.74 0.35 0.14 0.21 0.55 1.09 1.55 2.00 2.29 2.39 2.31 2.03 1.60 1.23 1.01 0.97 1.12 1.50 1.88 2.15
 23   2.35 2.36 2.16 1.75 1.20 0.64 0.29 0.15 0.27 0.63 1.11 1.56 1.94 2.22 2.30 2.21 1.95 1.55 1.25 1.10 1.10 1.28 1.63 1.90
 24   2.12 2.24 2.20 1.96 1.54 1.02 0.59 0.35 0.24 0.41 0.77 1.19 1.55 1.88 2.10 2.18 2.07 1.85 1.55 1.31 1.22 1.24 1.37 1.63
 25   1.87 1.98 2.05 1.99 1.77 1.41 0.97 0.70 0.49 0.43 0.56 0.88 1.21 1.52 1.77 1.97 2.00 1.95 1.78 1.56 1.39 1.30 1.28 1.41
 26   1.59 1.70 1.82 1.85 1.75 1.57 1.31 0.99 0.74 0.61 0.58 0.71 0.96 1.21 1.46 1.70 1.87 1.92 1.87 1.74 1.59 1.48 1.38 1.34
 27   1.39 1.49 1.58 1.64 1.67 1.61 1.48 1.30 1.09 0.89 0.76 0.72 0.81 0.96 1.18 1.39 1.61 1.77 1.86 1.88 1.82 1.68 1.53 1.39
 28   1.33 1.30 1.35 1.43 1.51 1.57 1.57 1.49 1.36 1.17 1.01 0.88 0.78 0.82 0.95 1.15 1.34 1.54 1.74 1.86 1.88 1.81 1.68 1.49
 29   1.27 1.18 1.16 1.19 1.28 1.39 1.48 1.53 1.51 1.42 1.25 1.03 0.88 0.79 0.78 0.94 1.13 1.36 1.60 1.80 1.90 1.90 1.83 1.66
 30   1.35 1.15 1.06 1.05 1.09 1.24 1.43 1.57 1.64 1.63 1.53 1.39 1.15 0.95 0.84 0.86 1.01 1.24 1.52 1.73 1.91 2.01 2.01 1.86
 31   1.59 1.28 1.09 0.97 0.97 1.10 1.31 1.50 1.68 1.78 1.76 1.62 1.40 1.18 0.95 0.88 0.91 1.09 1.37 1.65 1.86 2.01 2.03 1.94
 ----------------------------------------------------------------------------------------------------------------------------
                                                                                               
 ----------------------------------------------------------------------------------------------------------------------------
 ----------------------------------------------------------------------------------------------------------------------------
                                                          SURVEY OF INDIA
                                                    MARINE GEODESY WING (G&RB)
                                                     HOURLY HEIGHTS IN METRES
  NAME OF PORT:- MARMAGAO                                                                           MONTH APRIL     YEAR 2011
 ----------------------------------------------------------------------------------------------------------------------------
 DAYS 0000 0001 0002 0003 0004 0005 0006 0007 0008 0009 0010 0011 0012 0013 0014 0015 0016 0017 0018 0019 0020 0021 0022 0023
 ----------------------------------------------------------------------------------------------------------------------------
  1   1.71 1.38 1.05 0.88 0.78 0.87 1.10 1.36 1.59 1.76 1.84 1.78 1.64 1.36 1.07 0.93 0.86 0.97 1.21 1.48 1.75 1.95 2.03 1.94
  2   1.76 1.44 1.06 0.81 0.66 0.67 0.85 1.17 1.46 1.73 1.85 1.87 1.77 1.55 1.24 1.00 0.87 0.89 1.09 1.38 1.64 1.90 2.00 1.99
  3   1.86 1.54 1.11 0.79 0.60 0.56 0.70 0.99 1.32 1.65 1.87 2.00 1.93 1.76 1.47 1.17 0.98 0.91 1.01 1.26 1.56 1.82 2.01 2.05
  4   1.93 1.66 1.31 0.89 0.62 0.53 0.59 0.82 1.17 1.55 1.85 2.05 2.05 1.95 1.73 1.39 1.12 1.01 1.02 1.21 1.47 1.75 1.94 2.09
  5   2.00 1.77 1.43 0.97 0.65 0.47 0.48 0.64 0.95 1.33 1.71 1.99 2.10 2.08 1.87 1.57 1.27 1.06 1.01 1.15 1.36 1.62 1.89 2.05
  6   2.04 1.89 1.58 1.19 0.76 0.52 0.45 0.52 0.76 1.19 1.56 1.87 2.05 2.09 1.99 1.77 1.43 1.19 1.09 1.11 1.27 1.55 1.79 1.99
  7   2.07 1.93 1.69 1.36 0.96 0.61 0.46 0.43 0.60 0.94 1.34 1.71 1.96 2.08 2.09 1.95 1.69 1.36 1.18 1.16 1.20 1.37 1.65 1.84
  8   1.93 1.87 1.73 1.50 1.10 0.74 0.52 0.38 0.40 0.65 1.03 1.37 1.64 1.86 1.98 1.92 1.78 1.52 1.31 1.19 1.17 1.29 1.50 1.70
  9   1.84 1.87 1.77 1.60 1.30 0.96 0.68 0.50 0.45 0.54 0.84 1.16 1.45 1.72 1.88 1.93 1.87 1.72 1.50 1.34 1.25 1.25 1.37 1.56
 10   1.70 1.80 1.81 1.68 1.47 1.21 0.92 0.64 0.51 0.52 0.66 0.88 1.22 1.48 1.67 1.81 1.87 1.78 1.63 1.47 1.36 1.30 1.27 1.36
 11   1.50 1.63 1.72 1.72 1.60 1.45 1.23 0.96 0.74 0.62 0.65 0.77 0.95 1.18 1.46 1.67 1.82 1.87 1.83 1.68 1.54 1.41 1.31 1.30
 12   1.34 1.46 1.57 1.62 1.61 1.54 1.42 1.24 1.01 0.83 0.73 0.68 0.77 0.96 1.20 1.43 1.65 1.84 1.92 1.88 1.76 1.60 1.42 1.30
 13   1.23 1.28 1.39 1.49 1.57 1.62 1.59 1.51 1.40 1.20 1.00 0.84 0.79 0.86 1.05 1.28 1.52 1.75 1.93 2.02 1.96 1.80 1.60 1.40
 14   1.17 1.03 1.12 1.25 1.38 1.54 1.71 1.77 1.70 1.56 1.36 1.10 0.88 0.80 0.88 1.02 1.30 1.56 1.84 2.02 2.13 2.08 1.84 1.49
 15   1.19 0.92 0.82 0.92 1.12 1.36 1.59 1.83 1.95 1.94 1.74 1.50 1.20 0.93 0.82 0.88 1.06 1.36 1.68 1.98 2.20 2.24 2.05 1.75
 16   1.29 0.91 0.65 0.58 0.65 0.86 1.32 1.70 1.99 2.13 2.13 1.93 1.55 1.21 0.95 0.83 0.88 1.13 1.49 1.87 2.12 2.32 2.30 2.06
 17   1.60 1.10 0.64 0.34 0.33 0.53 0.92 1.34 1.78 2.14 2.32 2.26 2.05 1.67 1.33 1.14 1.02 1.15 1.44 1.78 2.14 2.41 2.47 2.34
 18   2.11 1.61 0.99 0.51 0.27 0.33 0.64 1.10 1.60 2.05 2.39 2.58 2.51 2.24 1.83 1.45 1.20 1.10 1.22 1.60 1.96 2.26 2.46 2.48
 19   2.29 1.90 1.28 0.70 0.32 0.16 0.28 0.66 1.12 1.61 2.06 2.37 2.46 2.38 2.10 1.67 1.31 1.05 0.98 1.22 1.60 1.92 2.19 2.34
 20   2.30 2.01 1.57 0.98 0.46 0.12 0.02 0.22 0.70 1.17 1.67 2.14 2.41 2.50 2.39 2.09 1.64 1.34 1.18 1.14 1.36 1.70 1.96 2.18
 21   2.29 2.20 1.90 1.44 0.83 0.43 0.25 0.18 0.38 0.88 1.32 1.76 2.15 2.36 2.47 2.26 1.96 1.57 1.28 1.16 1.19 1.39 1.62 1.86
 22   2.07 2.10 1.98 1.70 1.26 0.79 0.50 0.30 0.32 0.58 0.99 1.40 1.77 2.12 2.34 2.33 2.16 1.88 1.60 1.35 1.26 1.32 1.48 1.66
 23   1.88 1.98 1.99 1.85 1.63 1.23 0.90 0.66 0.52 0.56 0.80 1.16 1.51 1.80 2.06 2.19 2.22 2.06 1.80 1.56 1.42 1.32 1.31 1.44
 24   1.61 1.77 1.86 1.84 1.70 1.50 1.24 1.02 0.84 0.74 0.78 1.00 1.32 1.60 1.86 2.06 2.19 2.18 2.06 1.88 1.70 1.53 1.40 1.40
 25   1.50 1.64 1.74 1.81 1.80 1.70 1.59 1.43 1.24 1.08 0.97 1.03 1.17 1.40 1.65 1.84 2.02 2.13 2.10 1.99 1.84 1.67 1.49 1.39
 26   1.32 1.39 1.47 1.58 1.67 1.71 1.67 1.56 1.44 1.30 1.17 1.10 1.13 1.22 1.44 1.64 1.81 1.97 2.08 2.06 1.98 1.81 1.61 1.42
 27   1.25 1.17 1.23 1.31 1.42 1.54 1.65 1.69 1.63 1.52 1.38 1.26 1.15 1.16 1.24 1.43 1.63 1.81 1.96 2.04 2.03 1.92 1.72 1.48
 28   1.24 1.04 1.04 1.11 1.24 1.38 1.54 1.67 1.74 1.72 1.60 1.43 1.29 1.18 1.17 1.30 1.46 1.65 1.83 1.99 2.06 2.02 1.85 1.61
 29   1.32 1.09 0.94 0.93 1.06 1.24 1.46 1.69 1.83 1.87 1.86 1.73 1.52 1.34 1.25 1.23 1.34 1.54 1.72 1.89 2.03 2.07 1.98 1.73
 30   1.43 1.12 0.87 0.78 0.83 0.98 1.23 1.52 1.75 1.91 1.92 1.86 1.66 1.43 1.26 1.18 1.19 1.32 1.52 1.73 1.91 1.98 1.91 1.73
 ----------------------------------------------------------------------------------------------------------------------------
                                                                                               
 ----------------------------------------------------------------------------------------------------------------------------
 ----------------------------------------------------------------------------------------------------------------------------
                                                          SURVEY OF INDIA
                                                    MARINE GEODESY WING (G&RB)
                                                     HOURLY HEIGHTS IN METRES
  NAME OF PORT:- MARMAGAO                                                                           MONTH MAY       YEAR 2011
 ----------------------------------------------------------------------------------------------------------------------------
 DAYS 0000 0001 0002 0003 0004 0005 0006 0007 0008 0009 0010 0011 0012 0013 0014 0015 0016 0017 0018 0019 0020 0021 0022 0023
 ----------------------------------------------------------------------------------------------------------------------------
  1   1.44 1.11 0.85 0.65 0.56 0.72 1.04 1.37 1.68 1.89 2.00 1.99 1.86 1.62 1.38 1.25 1.20 1.26 1.44 1.66 1.84 1.96 1.96 1.83
  2   1.61 1.22 0.83 0.60 0.49 0.55 0.78 1.11 1.49 1.81 1.99 2.07 1.98 1.80 1.51 1.30 1.21 1.19 1.27 1.50 1.75 1.91 1.99 1.88
  3   1.68 1.34 0.94 0.61 0.43 0.41 0.60 0.90 1.32 1.66 1.98 2.12 2.11 1.97 1.71 1.42 1.21 1.15 1.23 1.37 1.59 1.84 1.96 1.93
  4   1.76 1.48 1.07 0.67 0.42 0.31 0.40 0.66 1.09 1.48 1.79 2.06 2.14 2.06 1.85 1.57 1.29 1.16 1.11 1.24 1.45 1.68 1.90 1.96
  5   1.84 1.61 1.26 0.84 0.51 0.28 0.26 0.47 0.79 1.19 1.61 1.92 2.12 2.16 2.02 1.78 1.46 1.23 1.13 1.19 1.34 1.57 1.78 1.92
  6   1.86 1.68 1.41 0.99 0.58 0.33 0.25 0.30 0.53 0.95 1.31 1.63 1.91 2.07 2.02 1.83 1.54 1.27 1.09 1.06 1.15 1.35 1.55 1.70
  7   1.81 1.70 1.49 1.19 0.76 0.42 0.24 0.22 0.35 0.66 1.03 1.40 1.72 1.96 2.02 1.95 1.69 1.39 1.17 1.08 1.06 1.19 1.38 1.58
  8   1.71 1.73 1.63 1.36 1.04 0.72 0.47 0.31 0.33 0.51 0.86 1.22 1.54 1.82 1.99 1.99 1.90 1.67 1.41 1.21 1.14 1.15 1.27 1.46
  9   1.63 1.71 1.68 1.59 1.37 1.08 0.78 0.56 0.46 0.50 0.72 1.02 1.33 1.62 1.86 2.01 1.99 1.87 1.61 1.37 1.24 1.15 1.15 1.27
 10   1.43 1.56 1.62 1.61 1.51 1.35 1.11 0.84 0.66 0.59 0.65 0.83 1.10 1.39 1.62 1.83 1.97 1.95 1.79 1.56 1.35 1.18 1.10 1.08
 11   1.17 1.32 1.43 1.52 1.55 1.49 1.37 1.15 0.94 0.79 0.70 0.74 0.89 1.14 1.41 1.63 1.83 1.93 1.91 1.75 1.50 1.25 1.03 0.91
 12   0.89 1.01 1.14 1.29 1.43 1.55 1.55 1.45 1.29 1.10 0.93 0.83 0.82 0.95 1.17 1.45 1.70 1.88 1.97 1.95 1.75 1.49 1.21 0.94
 13   0.73 0.72 0.79 0.97 1.21 1.42 1.59 1.64 1.61 1.49 1.26 1.04 0.89 0.89 1.02 1.21 1.49 1.71 1.88 1.97 1.92 1.72 1.38 1.02
 14   0.72 0.48 0.48 0.59 0.84 1.17 1.47 1.72 1.82 1.79 1.68 1.42 1.18 1.01 0.97 1.05 1.28 1.55 1.78 1.96 2.04 1.95 1.70 1.30
 15   0.83 0.46 0.27 0.29 0.46 0.79 1.17 1.55 1.83 1.98 2.01 1.81 1.55 1.30 1.08 0.99 1.13 1.35 1.59 1.88 2.06 2.05 1.88 1.63
 16   1.07 0.59 0.28 0.09 0.13 0.37 0.79 1.26 1.68 1.99 2.21 2.17 1.93 1.63 1.31 1.11 1.02 1.14 1.36 1.60 1.89 2.07 2.05 1.85
 17   1.44 0.92 0.41 0.07-0.05 0.04 0.38 0.88 1.38 1.84 2.12 2.29 2.23 2.02 1.59 1.28 1.11 1.01 1.17 1.45 1.69 1.89 2.04 2.04
 18   1.68 1.33 0.76 0.27 0.04-0.03 0.14 0.53 1.03 1.52 1.96 2.27 2.34 2.25 1.93 1.59 1.28 1.07 1.02 1.21 1.49 1.77 1.98 2.07
 19   1.95 1.67 1.21 0.71 0.28 0.03 0.00 0.26 0.71 1.25 1.69 2.06 2.31 2.35 2.18 1.88 1.49 1.21 1.06 1.06 1.25 1.53 1.78 1.99
 20   2.02 1.84 1.59 1.18 0.66 0.29 0.09 0.11 0.47 0.94 1.36 1.76 2.14 2.29 2.27 2.12 1.78 1.40 1.17 1.07 1.10 1.32 1.55 1.76
 21   1.96 1.91 1.76 1.49 1.09 0.64 0.36 0.27 0.37 0.65 1.11 1.52 1.85 2.10 2.22 2.17 1.99 1.65 1.32 1.13 1.07 1.12 1.29 1.50
 22   1.69 1.81 1.73 1.59 1.33 1.00 0.70 0.49 0.42 0.55 0.87 1.27 1.61 1.85 2.05 2.17 2.09 1.86 1.55 1.28 1.11 1.06 1.15 1.31
 23   1.53 1.66 1.68 1.65 1.53 1.32 1.02 0.79 0.64 0.63 0.79 1.07 1.37 1.63 1.86 2.04 2.05 1.93 1.73 1.47 1.24 1.09 1.02 1.06
 24   1.23 1.36 1.44 1.49 1.51 1.43 1.25 1.07 0.91 0.79 0.84 0.99 1.19 1.46 1.67 1.83 1.93 1.95 1.79 1.62 1.41 1.19 1.02 0.96
 25   1.04 1.14 1.25 1.35 1.45 1.47 1.43 1.33 1.17 1.02 0.96 0.98 1.10 1.27 1.48 1.66 1.80 1.89 1.86 1.74 1.53 1.31 1.09 0.93
 26   0.88 0.93 1.01 1.15 1.29 1.42 1.49 1.47 1.40 1.29 1.18 1.12 1.14 1.23 1.39 1.56 1.72 1.83 1.88 1.81 1.71 1.52 1.25 1.02
 27   0.90 0.81 0.85 0.96 1.11 1.33 1.47 1.55 1.56 1.51 1.39 1.29 1.22 1.19 1.28 1.41 1.57 1.69 1.79 1.83 1.73 1.59 1.33 1.05
 28   0.85 0.69 0.62 0.73 0.92 1.14 1.35 1.53 1.61 1.65 1.60 1.48 1.33 1.22 1.22 1.30 1.43 1.57 1.68 1.77 1.77 1.65 1.46 1.19
 29   0.85 0.66 0.54 0.56 0.68 0.94 1.22 1.47 1.71 1.79 1.77 1.67 1.51 1.35 1.24 1.25 1.35 1.46 1.62 1.73 1.77 1.75 1.61 1.35
 30   0.99 0.70 0.54 0.48 0.51 0.69 1.02 1.35 1.65 1.86 1.93 1.87 1.72 1.54 1.33 1.25 1.26 1.33 1.47 1.62 1.73 1.76 1.65 1.42
 31   1.10 0.75 0.48 0.34 0.28 0.47 0.75 1.12 1.45 1.71 1.91 1.93 1.79 1.60 1.40 1.24 1.16 1.17 1.32 1.51 1.67 1.79 1.77 1.57
 ----------------------------------------------------------------------------------------------------------------------------
                                                                                               
 ----------------------------------------------------------------------------------------------------------------------------
 ----------------------------------------------------------------------------------------------------------------------------
                                                          SURVEY OF INDIA
                                                    MARINE GEODESY WING (G&RB)
                                                     HOURLY HEIGHTS IN METRES
  NAME OF PORT:- MARMAGAO                                                                           MONTH JUNE      YEAR 2011
 ----------------------------------------------------------------------------------------------------------------------------
 DAYS 0000 0001 0002 0003 0004 0005 0006 0007 0008 0009 0010 0011 0012 0013 0014 0015 0016 0017 0018 0019 0020 0021 0022 0023
 ----------------------------------------------------------------------------------------------------------------------------
  1   1.34 0.95 0.57 0.31 0.18 0.29 0.59 0.91 1.31 1.73 1.95 2.05 2.03 1.86 1.59 1.35 1.21 1.17 1.24 1.41 1.62 1.76 1.82 1.73
  2   1.51 1.15 0.76 0.43 0.21 0.18 0.37 0.71 1.11 1.51 1.89 2.11 2.15 2.06 1.83 1.53 1.29 1.19 1.23 1.36 1.57 1.76 1.90 1.85
  3   1.69 1.43 1.05 0.63 0.32 0.19 0.28 0.55 0.95 1.36 1.74 2.05 2.23 2.25 2.05 1.73 1.45 1.27 1.19 1.21 1.43 1.69 1.88 1.95
  4   1.93 1.71 1.39 1.02 0.63 0.39 0.33 0.45 0.73 1.18 1.61 1.95 2.23 2.31 2.19 1.97 1.68 1.39 1.15 1.15 1.29 1.51 1.72 1.88
  5   1.97 1.83 1.58 1.27 0.83 0.50 0.33 0.33 0.49 0.80 1.27 1.70 1.96 2.17 2.21 2.04 1.77 1.47 1.20 1.07 1.09 1.21 1.44 1.65
  6   1.81 1.81 1.71 1.48 1.05 0.73 0.49 0.39 0.43 0.63 1.09 1.44 1.76 2.01 2.17 2.20 1.99 1.64 1.34 1.13 1.01 1.03 1.20 1.40
  7   1.61 1.74 1.74 1.61 1.40 1.07 0.76 0.57 0.49 0.57 0.87 1.19 1.55 1.86 2.12 2.21 2.13 1.86 1.55 1.25 1.06 0.97 1.05 1.19
  8   1.42 1.61 1.74 1.73 1.60 1.41 1.17 0.94 0.77 0.73 0.81 1.08 1.39 1.71 1.99 2.17 2.21 2.07 1.79 1.48 1.19 0.97 0.89 0.96
  9   1.09 1.29 1.49 1.67 1.76 1.68 1.53 1.33 1.11 0.94 0.92 1.05 1.25 1.51 1.79 2.03 2.17 2.13 1.93 1.64 1.31 1.07 0.82 0.75
 10   0.80 1.01 1.21 1.41 1.60 1.75 1.75 1.61 1.44 1.27 1.12 1.07 1.15 1.36 1.60 1.81 1.99 2.13 2.11 1.85 1.57 1.25 0.91 0.65
 11   0.63 0.69 0.89 1.10 1.35 1.62 1.81 1.87 1.77 1.62 1.45 1.29 1.22 1.25 1.39 1.63 1.84 2.00 2.09 2.04 1.85 1.53 1.17 0.83
 12   0.56 0.42 0.55 0.75 1.01 1.34 1.65 1.85 1.98 1.98 1.84 1.62 1.41 1.25 1.29 1.41 1.55 1.75 1.93 2.03 1.97 1.80 1.47 1.07
 13   0.63 0.37 0.27 0.34 0.56 0.89 1.29 1.67 1.95 2.09 2.11 1.92 1.64 1.43 1.27 1.22 1.35 1.53 1.69 1.85 1.96 1.92 1.71 1.35
 14   0.89 0.51 0.15 0.07 0.20 0.47 0.87 1.33 1.74 1.99 2.17 2.11 1.93 1.63 1.35 1.17 1.11 1.19 1.41 1.63 1.81 1.92 1.87 1.62
 15   1.25 0.75 0.35 0.06 0.03 0.15 0.49 0.99 1.41 1.79 2.14 2.23 2.13 1.91 1.55 1.19 1.03 1.04 1.19 1.43 1.65 1.87 1.94 1.84
 16   1.55 1.15 0.63 0.25 0.00 0.02 0.27 0.69 1.15 1.56 1.97 2.26 2.28 2.11 1.83 1.49 1.20 1.05 1.05 1.21 1.47 1.71 1.89 1.95
 17   1.75 1.49 1.15 0.63 0.21 0.11 0.17 0.43 0.89 1.37 1.77 2.10 2.29 2.28 2.12 1.78 1.41 1.13 1.02 1.05 1.27 1.54 1.76 1.87
 18   1.86 1.71 1.42 0.95 0.56 0.31 0.14 0.26 0.59 1.05 1.46 1.83 2.14 2.25 2.17 1.97 1.63 1.27 1.03 0.96 1.05 1.27 1.49 1.69
 19   1.84 1.83 1.64 1.38 0.95 0.61 0.40 0.31 0.48 0.77 1.23 1.61 1.91 2.15 2.23 2.07 1.83 1.52 1.21 0.96 0.92 1.09 1.30 1.51
 20   1.71 1.79 1.77 1.55 1.25 0.89 0.59 0.43 0.50 0.69 1.05 1.43 1.75 2.00 2.15 2.11 1.95 1.66 1.35 1.12 0.93 0.91 1.07 1.27
 21   1.43 1.57 1.63 1.55 1.41 1.19 0.90 0.73 0.67 0.73 0.96 1.27 1.56 1.83 1.99 2.06 1.99 1.78 1.49 1.21 1.01 0.89 0.94 1.09
 22   1.25 1.39 1.51 1.55 1.51 1.37 1.17 0.97 0.86 0.84 0.93 1.17 1.49 1.72 1.91 2.01 2.02 1.88 1.63 1.35 1.09 0.90 0.83 0.90
 23   1.01 1.19 1.30 1.41 1.45 1.43 1.31 1.17 1.03 0.95 0.99 1.10 1.26 1.47 1.66 1.79 1.87 1.77 1.61 1.40 1.15 0.95 0.83 0.75
 24   0.76 0.92 1.07 1.23 1.34 1.42 1.45 1.38 1.27 1.18 1.12 1.10 1.20 1.37 1.53 1.67 1.75 1.76 1.67 1.48 1.25 1.05 0.89 0.77
 25   0.67 0.71 0.82 0.99 1.16 1.31 1.41 1.41 1.37 1.30 1.25 1.20 1.21 1.29 1.43 1.55 1.64 1.71 1.69 1.59 1.42 1.22 0.97 0.81
 26   0.69 0.62 0.67 0.81 0.99 1.23 1.41 1.53 1.57 1.55 1.47 1.41 1.37 1.34 1.35 1.44 1.56 1.67 1.72 1.68 1.54 1.37 1.15 0.91
 27   0.65 0.54 0.51 0.62 0.80 1.02 1.27 1.53 1.68 1.71 1.68 1.59 1.46 1.37 1.38 1.43 1.51 1.60 1.67 1.72 1.68 1.54 1.34 1.05
 28   0.79 0.58 0.43 0.44 0.62 0.86 1.15 1.45 1.69 1.77 1.80 1.74 1.61 1.45 1.29 1.25 1.30 1.39 1.53 1.63 1.67 1.60 1.43 1.21
 29   0.89 0.53 0.37 0.29 0.35 0.57 0.89 1.26 1.56 1.77 1.87 1.89 1.76 1.56 1.39 1.25 1.22 1.29 1.42 1.55 1.69 1.75 1.63 1.41
 30   1.09 0.74 0.40 0.21 0.19 0.34 0.64 1.01 1.37 1.69 1.96 1.99 1.93 1.72 1.47 1.29 1.18 1.16 1.30 1.49 1.66 1.77 1.74 1.56
 ----------------------------------------------------------------------------------------------------------------------------
                                                                                               
 ----------------------------------------------------------------------------------------------------------------------------
 ----------------------------------------------------------------------------------------------------------------------------
                                                          SURVEY OF INDIA
                                                    MARINE GEODESY WING (G&RB)
                                                     HOURLY HEIGHTS IN METRES
  NAME OF PORT:- MARMAGAO                                                                           MONTH JULY      YEAR 2011
 ----------------------------------------------------------------------------------------------------------------------------
 DAYS 0000 0001 0002 0003 0004 0005 0006 0007 0008 0009 0010 0011 0012 0013 0014 0015 0016 0017 0018 0019 0020 0021 0022 0023
 ----------------------------------------------------------------------------------------------------------------------------
  1   1.35 0.93 0.53 0.23 0.11 0.17 0.38 0.77 1.19 1.60 1.90 2.05 2.07 1.93 1.65 1.37 1.18 1.09 1.13 1.29 1.51 1.71 1.82 1.73
  2   1.53 1.22 0.77 0.39 0.17 0.04 0.16 0.51 0.92 1.39 1.78 2.04 2.16 2.10 1.79 1.46 1.19 0.99 0.99 1.12 1.33 1.56 1.75 1.87
  3   1.73 1.52 1.15 0.69 0.35 0.19 0.14 0.33 0.73 1.15 1.59 1.98 2.17 2.21 2.03 1.72 1.39 1.11 0.92 0.95 1.13 1.38 1.63 1.82
  4   1.89 1.76 1.49 1.09 0.69 0.35 0.25 0.29 0.51 0.91 1.42 1.82 2.15 2.29 2.19 1.99 1.63 1.22 0.95 0.83 0.90 1.13 1.41 1.69
  5   1.87 1.89 1.73 1.47 1.07 0.70 0.45 0.35 0.45 0.75 1.22 1.65 1.99 2.22 2.27 2.17 1.89 1.43 1.09 0.89 0.79 0.88 1.13 1.45
  6   1.69 1.85 1.85 1.75 1.52 1.11 0.81 0.63 0.59 0.75 1.07 1.47 1.84 2.14 2.31 2.31 2.11 1.75 1.36 1.00 0.77 0.73 0.87 1.12
  7   1.39 1.63 1.77 1.79 1.71 1.49 1.19 0.97 0.83 0.79 0.96 1.25 1.59 1.89 2.13 2.25 2.19 1.93 1.51 1.15 0.83 0.61 0.61 0.75
  8   1.03 1.28 1.46 1.61 1.68 1.64 1.46 1.25 1.05 0.93 0.95 1.09 1.37 1.65 1.85 1.99 2.01 1.93 1.69 1.31 0.96 0.67 0.49 0.33
  9   0.39 0.75 1.05 1.33 1.54 1.65 1.69 1.59 1.36 1.19 1.13 1.13 1.21 1.43 1.65 1.79 1.91 1.93 1.79 1.57 1.24 0.93 0.63 0.41
 10   0.35 0.55 0.75 1.00 1.27 1.51 1.65 1.73 1.71 1.55 1.39 1.29 1.23 1.29 1.44 1.61 1.73 1.83 1.83 1.70 1.49 1.19 0.81 0.55
 11   0.37 0.31 0.45 0.68 0.93 1.25 1.57 1.75 1.85 1.79 1.67 1.47 1.35 1.29 1.28 1.39 1.53 1.65 1.75 1.79 1.71 1.52 1.17 0.80
 12   0.49 0.25 0.23 0.35 0.56 0.89 1.27 1.61 1.82 1.96 1.95 1.77 1.54 1.37 1.25 1.20 1.29 1.44 1.60 1.71 1.77 1.70 1.49 1.15
 13   0.75 0.38 0.15 0.07 0.25 0.53 0.89 1.27 1.59 1.86 2.01 1.93 1.74 1.49 1.25 1.13 1.08 1.16 1.33 1.51 1.66 1.76 1.71 1.45
 14   1.09 0.70 0.35 0.07 0.07 0.22 0.57 0.97 1.39 1.79 1.99 2.08 2.01 1.79 1.46 1.19 1.04 1.01 1.11 1.30 1.53 1.73 1.81 1.70
 15   1.49 1.15 0.65 0.30 0.11 0.10 0.31 0.69 1.14 1.53 1.87 2.10 2.11 1.96 1.70 1.37 1.11 0.97 0.93 1.05 1.31 1.59 1.79 1.85
 16   1.69 1.45 1.05 0.63 0.31 0.19 0.23 0.49 0.95 1.39 1.74 2.03 2.25 2.15 1.91 1.58 1.29 1.01 0.89 1.05 1.28 1.53 1.74 1.87
 17   1.93 1.73 1.42 0.99 0.61 0.33 0.33 0.55 0.88 1.23 1.58 1.89 2.18 2.21 2.05 1.73 1.38 1.11 0.91 0.87 1.09 1.35 1.59 1.77
 18   1.86 1.83 1.63 1.31 0.87 0.59 0.48 0.51 0.75 1.13 1.49 1.79 2.07 2.21 2.16 1.89 1.58 1.25 0.96 0.83 0.89 1.11 1.35 1.55
 19   1.79 1.79 1.68 1.46 1.15 0.79 0.63 0.60 0.67 0.93 1.33 1.69 1.92 2.11 2.15 2.01 1.69 1.33 1.06 0.84 0.75 0.87 1.11 1.35
 20   1.57 1.73 1.72 1.57 1.36 1.12 0.91 0.77 0.77 0.91 1.25 1.57 1.85 2.02 2.11 2.02 1.83 1.53 1.19 0.89 0.79 0.80 0.93 1.10
 21   1.33 1.51 1.61 1.59 1.46 1.26 1.05 0.89 0.85 0.93 1.09 1.34 1.62 1.83 1.91 1.93 1.79 1.53 1.23 0.96 0.77 0.69 0.73 0.85
 22   1.03 1.27 1.41 1.48 1.49 1.39 1.20 1.07 0.99 0.99 1.09 1.28 1.51 1.69 1.86 1.87 1.81 1.60 1.35 1.10 0.89 0.77 0.73 0.77
 23   0.93 1.13 1.29 1.43 1.49 1.50 1.43 1.33 1.25 1.19 1.23 1.34 1.49 1.65 1.77 1.83 1.83 1.72 1.52 1.28 1.03 0.85 0.73 0.69
 24   0.77 0.92 1.09 1.25 1.37 1.45 1.47 1.45 1.37 1.31 1.27 1.29 1.35 1.47 1.59 1.66 1.70 1.67 1.55 1.36 1.14 0.93 0.74 0.61
 25   0.61 0.69 0.85 1.01 1.18 1.36 1.49 1.57 1.56 1.51 1.43 1.37 1.35 1.39 1.47 1.56 1.63 1.67 1.59 1.47 1.29 1.11 0.89 0.64
 26   0.51 0.51 0.59 0.73 0.98 1.20 1.41 1.57 1.63 1.65 1.59 1.49 1.41 1.37 1.39 1.45 1.51 1.59 1.63 1.59 1.50 1.35 1.13 0.85
 27   0.65 0.51 0.49 0.57 0.73 1.03 1.29 1.53 1.75 1.86 1.83 1.71 1.54 1.43 1.37 1.39 1.45 1.53 1.63 1.69 1.70 1.61 1.40 1.11
 28   0.81 0.55 0.37 0.37 0.55 0.77 1.07 1.39 1.67 1.81 1.89 1.85 1.68 1.47 1.30 1.24 1.21 1.29 1.45 1.61 1.69 1.69 1.59 1.35
 29   0.95 0.68 0.39 0.26 0.29 0.49 0.83 1.19 1.57 1.87 2.00 1.99 1.87 1.65 1.35 1.17 1.11 1.15 1.29 1.47 1.67 1.82 1.77 1.61
 30   1.29 0.93 0.59 0.32 0.16 0.25 0.57 0.95 1.35 1.75 2.01 2.15 2.05 1.83 1.49 1.17 1.03 1.00 1.11 1.29 1.54 1.77 1.93 1.84
 31   1.60 1.29 0.87 0.43 0.19 0.17 0.33 0.67 1.11 1.59 1.95 2.17 2.18 2.03 1.71 1.31 1.03 0.87 0.87 1.04 1.35 1.65 1.87 1.99
 ----------------------------------------------------------------------------------------------------------------------------
                                                                                               
 ----------------------------------------------------------------------------------------------------------------------------
 ----------------------------------------------------------------------------------------------------------------------------
                                                          SURVEY OF INDIA
                                                    MARINE GEODESY WING (G&RB)
                                                     HOURLY HEIGHTS IN METRES
  NAME OF PORT:- MARMAGAO                                                                           MONTH AUGUST    YEAR 2011
 ----------------------------------------------------------------------------------------------------------------------------
 DAYS 0000 0001 0002 0003 0004 0005 0006 0007 0008 0009 0010 0011 0012 0013 0014 0015 0016 0017 0018 0019 0020 0021 0022 0023
 ----------------------------------------------------------------------------------------------------------------------------
  1   1.88 1.64 1.25 0.77 0.41 0.23 0.24 0.49 0.89 1.41 1.83 2.17 2.29 2.21 2.00 1.58 1.09 0.85 0.71 0.77 1.05 1.39 1.75 1.96
  2   2.01 1.89 1.67 1.19 0.72 0.43 0.32 0.41 0.71 1.23 1.64 2.00 2.29 2.30 2.07 1.77 1.33 0.91 0.70 0.61 0.72 1.01 1.35 1.65
  3   1.89 1.93 1.81 1.59 1.18 0.78 0.56 0.50 0.60 0.94 1.41 1.77 2.07 2.25 2.20 1.93 1.53 1.08 0.72 0.55 0.51 0.66 0.98 1.30
  4   1.65 1.82 1.85 1.73 1.50 1.17 0.85 0.69 0.68 0.80 1.18 1.60 1.90 2.14 2.20 2.10 1.80 1.30 0.83 0.53 0.40 0.41 0.61 0.94
  5   1.26 1.60 1.76 1.78 1.66 1.42 1.16 0.92 0.82 0.86 1.00 1.32 1.64 1.96 2.10 2.10 1.90 1.54 1.14 0.76 0.48 0.34 0.38 0.61
  6   0.90 1.28 1.52 1.70 1.78 1.70 1.53 1.31 1.14 1.05 1.12 1.32 1.53 1.74 1.90 2.02 1.98 1.80 1.48 1.11 0.79 0.57 0.44 0.45
  7   0.68 0.93 1.23 1.48 1.66 1.77 1.78 1.72 1.59 1.44 1.31 1.29 1.43 1.59 1.72 1.83 1.89 1.87 1.73 1.45 1.14 0.87 0.65 0.48
  8   0.52 0.70 0.93 1.17 1.41 1.63 1.78 1.84 1.78 1.64 1.52 1.43 1.44 1.47 1.56 1.68 1.78 1.83 1.80 1.69 1.49 1.24 0.95 0.71
  9   0.54 0.54 0.70 0.88 1.13 1.37 1.66 1.85 1.94 1.92 1.78 1.60 1.47 1.40 1.39 1.44 1.54 1.64 1.73 1.75 1.67 1.50 1.24 0.93
 10   0.64 0.47 0.47 0.58 0.80 1.09 1.40 1.69 1.92 2.03 1.97 1.82 1.63 1.42 1.29 1.27 1.34 1.47 1.63 1.77 1.80 1.74 1.62 1.35
 11   0.99 0.66 0.48 0.44 0.57 0.81 1.17 1.51 1.81 2.03 2.10 2.01 1.80 1.51 1.28 1.14 1.11 1.21 1.43 1.70 1.86 1.84 1.70 1.47
 12   1.07 0.72 0.45 0.35 0.37 0.56 0.84 1.25 1.58 1.89 2.08 2.10 1.98 1.70 1.34 1.10 0.98 1.00 1.15 1.40 1.66 1.84 1.85 1.77
 13   1.57 1.08 0.67 0.45 0.36 0.41 0.66 1.03 1.43 1.73 2.00 2.11 2.06 1.86 1.49 1.14 0.92 0.83 0.89 1.10 1.38 1.62 1.83 1.86
 14   1.67 1.43 1.07 0.69 0.45 0.38 0.47 0.77 1.23 1.61 1.89 2.10 2.11 1.99 1.66 1.33 1.10 0.89 0.79 0.90 1.14 1.46 1.71 1.90
 15   1.87 1.64 1.33 0.95 0.62 0.43 0.46 0.70 1.07 1.46 1.82 2.06 2.18 2.14 1.81 1.45 1.13 0.90 0.80 0.80 1.01 1.27 1.57 1.78
 16   1.86 1.80 1.54 1.22 0.91 0.66 0.59 0.68 0.95 1.33 1.68 1.98 2.16 2.14 1.95 1.63 1.25 0.93 0.71 0.72 0.81 1.12 1.41 1.68
 17   1.85 1.82 1.73 1.45 1.12 0.87 0.71 0.75 0.91 1.21 1.60 1.87 2.06 2.09 1.99 1.71 1.39 1.01 0.74 0.65 0.73 0.91 1.23 1.50
 18   1.70 1.84 1.77 1.61 1.35 1.05 0.87 0.85 0.97 1.18 1.49 1.77 1.97 2.07 2.02 1.83 1.55 1.16 0.85 0.68 0.63 0.75 1.01 1.29
 19   1.54 1.71 1.75 1.66 1.47 1.23 1.05 0.93 0.93 1.11 1.35 1.57 1.79 1.93 1.93 1.83 1.59 1.24 0.93 0.72 0.61 0.62 0.83 1.09
 20   1.34 1.55 1.67 1.71 1.60 1.40 1.22 1.11 1.04 1.09 1.28 1.50 1.71 1.87 1.91 1.83 1.67 1.41 1.11 0.85 0.69 0.66 0.75 0.95
 21   1.15 1.36 1.51 1.60 1.63 1.55 1.41 1.27 1.21 1.21 1.28 1.41 1.59 1.76 1.84 1.80 1.70 1.51 1.25 0.98 0.78 0.67 0.65 0.76
 22   0.95 1.13 1.33 1.47 1.58 1.61 1.53 1.43 1.36 1.30 1.31 1.39 1.50 1.62 1.72 1.75 1.70 1.58 1.40 1.16 0.93 0.74 0.63 0.63
 23   0.75 0.87 1.09 1.31 1.49 1.63 1.68 1.61 1.50 1.39 1.30 1.27 1.30 1.41 1.53 1.63 1.70 1.69 1.60 1.43 1.19 0.94 0.72 0.58
 24   0.52 0.65 0.81 1.04 1.29 1.52 1.68 1.75 1.70 1.57 1.43 1.30 1.23 1.23 1.32 1.44 1.56 1.66 1.69 1.62 1.47 1.23 0.95 0.70
 25   0.52 0.44 0.56 0.74 1.00 1.27 1.54 1.74 1.83 1.78 1.64 1.47 1.30 1.19 1.15 1.23 1.35 1.48 1.62 1.68 1.64 1.50 1.26 0.96
 26   0.68 0.47 0.37 0.47 0.68 0.94 1.25 1.56 1.81 1.91 1.87 1.71 1.51 1.30 1.15 1.08 1.14 1.26 1.41 1.58 1.68 1.66 1.54 1.30
 27   0.97 0.67 0.42 0.35 0.46 0.71 1.05 1.45 1.77 1.99 2.03 1.96 1.71 1.38 1.12 0.96 0.94 1.04 1.25 1.50 1.69 1.82 1.78 1.63
 28   1.34 0.92 0.61 0.37 0.30 0.53 0.86 1.23 1.62 1.93 2.15 2.11 1.93 1.61 1.20 0.93 0.78 0.80 1.01 1.33 1.62 1.80 1.89 1.85
 29   1.70 1.36 0.91 0.58 0.35 0.39 0.66 1.06 1.47 1.86 2.19 2.33 2.19 1.87 1.47 0.99 0.69 0.54 0.73 1.02 1.39 1.74 2.03 2.18
 30   2.05 1.77 1.30 0.84 0.50 0.35 0.49 0.80 1.29 1.73 2.11 2.35 2.34 2.11 1.71 1.19 0.78 0.48 0.43 0.67 1.11 1.50 1.89 2.21
 31   2.23 2.09 1.83 1.31 0.83 0.61 0.60 0.77 1.17 1.64 2.06 2.34 2.48 2.39 2.04 1.49 0.97 0.57 0.36 0.43 0.71 1.15 1.57 1.94
 ----------------------------------------------------------------------------------------------------------------------------
                                                                                               
 ----------------------------------------------------------------------------------------------------------------------------
 ----------------------------------------------------------------------------------------------------------------------------
                                                          SURVEY OF INDIA
                                                    MARINE GEODESY WING (G&RB)
                                                     HOURLY HEIGHTS IN METRES
  NAME OF PORT:- MARMAGAO                                                                           MONTH SEPT      YEAR 2011
 ----------------------------------------------------------------------------------------------------------------------------
 DAYS 0000 0001 0002 0003 0004 0005 0006 0007 0008 0009 0010 0011 0012 0013 0014 0015 0016 0017 0018 0019 0020 0021 0022 0023
 ----------------------------------------------------------------------------------------------------------------------------
  1   2.18 2.24 2.04 1.76 1.29 0.92 0.70 0.76 0.96 1.35 1.79 2.11 2.31 2.36 2.19 1.76 1.20 0.69 0.34 0.25 0.33 0.67 1.15 1.59
  2   1.94 2.16 2.19 2.06 1.72 1.31 1.05 0.92 0.97 1.21 1.61 1.93 2.19 2.32 2.24 2.01 1.59 1.09 0.68 0.39 0.32 0.45 0.81 1.27
  3   1.66 1.90 2.12 2.18 2.00 1.72 1.46 1.23 1.15 1.19 1.40 1.69 1.95 2.13 2.19 2.09 1.83 1.41 1.01 0.66 0.44 0.39 0.54 0.86
  4   1.26 1.61 1.86 2.04 2.12 1.97 1.72 1.48 1.27 1.18 1.22 1.45 1.66 1.86 1.94 1.94 1.85 1.59 1.27 0.93 0.65 0.49 0.43 0.60
  5   0.91 1.24 1.56 1.78 1.98 2.05 1.94 1.72 1.50 1.32 1.21 1.23 1.40 1.57 1.69 1.78 1.80 1.71 1.58 1.36 1.05 0.79 0.60 0.52
  6   0.81 1.00 1.24 1.50 1.71 1.90 1.98 1.91 1.73 1.52 1.36 1.24 1.24 1.34 1.46 1.56 1.67 1.71 1.67 1.58 1.42 1.17 0.93 0.71
  7   0.68 0.81 1.01 1.25 1.49 1.71 1.85 1.92 1.88 1.74 1.55 1.40 1.29 1.25 1.29 1.35 1.45 1.56 1.67 1.73 1.66 1.51 1.28 1.04
  8   0.82 0.71 0.73 0.85 1.03 1.29 1.59 1.81 1.98 2.00 1.88 1.71 1.49 1.27 1.15 1.14 1.24 1.35 1.49 1.65 1.77 1.75 1.59 1.33
  9   1.03 0.77 0.63 0.64 0.81 1.04 1.36 1.65 1.87 2.05 2.00 1.85 1.61 1.31 1.07 0.97 0.99 1.09 1.27 1.49 1.67 1.80 1.77 1.59
 10   1.29 0.97 0.71 0.61 0.64 0.81 1.15 1.49 1.76 1.99 2.03 1.98 1.80 1.51 1.20 0.92 0.88 0.94 1.13 1.39 1.63 1.79 1.85 1.75
 11   1.50 1.22 0.93 0.72 0.69 0.78 1.01 1.36 1.65 1.88 2.03 1.99 1.86 1.60 1.24 0.96 0.82 0.86 0.97 1.24 1.53 1.77 1.91 1.91
 12   1.74 1.45 1.14 0.88 0.73 0.78 0.93 1.23 1.58 1.82 2.01 2.07 1.97 1.75 1.41 0.99 0.73 0.70 0.80 1.01 1.35 1.65 1.91 2.03
 13   1.97 1.73 1.39 1.07 0.84 0.75 0.87 1.07 1.45 1.79 1.99 2.11 2.06 1.85 1.53 1.13 0.79 0.63 0.65 0.87 1.18 1.47 1.74 1.94
 14   1.98 1.87 1.60 1.27 0.99 0.83 0.83 1.02 1.31 1.61 1.89 2.05 2.06 1.92 1.63 1.21 0.81 0.61 0.52 0.61 0.89 1.25 1.59 1.83
 15   1.97 1.94 1.77 1.47 1.15 0.90 0.81 0.92 1.18 1.46 1.72 1.96 2.00 1.90 1.69 1.33 0.91 0.61 0.44 0.46 0.65 0.97 1.39 1.65
 16   1.84 1.94 1.84 1.62 1.32 1.03 0.90 0.90 1.03 1.30 1.62 1.80 1.92 1.90 1.72 1.42 1.02 0.64 0.49 0.43 0.52 0.78 1.16 1.44
 17   1.72 1.84 1.80 1.69 1.44 1.14 1.00 0.96 1.02 1.23 1.48 1.69 1.82 1.85 1.74 1.52 1.18 0.84 0.56 0.44 0.48 0.68 0.98 1.28
 18   1.47 1.61 1.76 1.76 1.65 1.45 1.22 1.09 1.06 1.17 1.38 1.60 1.74 1.78 1.74 1.58 1.32 1.04 0.76 0.52 0.45 0.53 0.79 1.10
 19   1.36 1.58 1.73 1.76 1.72 1.62 1.45 1.29 1.18 1.17 1.30 1.48 1.62 1.72 1.74 1.64 1.46 1.22 0.96 0.74 0.63 0.57 0.66 0.89
 20   1.15 1.38 1.54 1.66 1.72 1.69 1.60 1.48 1.38 1.29 1.27 1.38 1.50 1.62 1.66 1.62 1.53 1.36 1.16 0.96 0.78 0.66 0.64 0.74
 21   0.90 1.11 1.31 1.48 1.62 1.69 1.66 1.60 1.49 1.37 1.30 1.31 1.38 1.46 1.52 1.58 1.58 1.50 1.38 1.24 1.07 0.90 0.78 0.74
 22   0.80 0.96 1.13 1.30 1.48 1.64 1.74 1.74 1.68 1.58 1.46 1.36 1.30 1.33 1.38 1.45 1.53 1.57 1.54 1.46 1.34 1.18 0.99 0.84
 23   0.74 0.78 0.88 1.06 1.30 1.52 1.74 1.86 1.88 1.79 1.63 1.46 1.30 1.20 1.20 1.27 1.38 1.54 1.65 1.72 1.64 1.50 1.32 1.08
 24   0.82 0.70 0.70 0.84 1.06 1.34 1.66 1.89 1.98 1.98 1.84 1.58 1.36 1.16 1.02 1.00 1.15 1.36 1.56 1.76 1.84 1.78 1.62 1.40
 25   1.06 0.76 0.59 0.66 0.82 1.06 1.46 1.82 2.02 2.12 2.04 1.80 1.46 1.12 0.88 0.75 0.80 1.01 1.32 1.62 1.86 1.96 1.94 1.77
 26   1.40 1.00 0.74 0.55 0.60 0.86 1.22 1.56 1.92 2.16 2.16 2.00 1.70 1.26 0.84 0.56 0.48 0.66 0.96 1.34 1.74 2.00 2.12 2.10
 27   1.84 1.42 0.97 0.68 0.58 0.70 0.99 1.40 1.82 2.14 2.28 2.22 1.98 1.54 0.98 0.56 0.32 0.33 0.58 1.00 1.44 1.84 2.20 2.30
 28   2.14 1.83 1.40 0.90 0.68 0.62 0.75 1.12 1.58 1.92 2.18 2.26 2.10 1.76 1.18 0.55 0.16 0.02 0.10 0.46 0.96 1.44 1.88 2.22
 29   2.24 2.04 1.70 1.20 0.84 0.62 0.63 0.86 1.25 1.64 1.96 2.19 2.22 1.95 1.46 0.83 0.29-0.03-0.11 0.06 0.47 0.99 1.48 1.90
 30   2.15 2.21 2.02 1.66 1.18 0.86 0.73 0.78 1.02 1.41 1.71 1.98 2.11 2.03 1.73 1.26 0.63 0.18-0.04-0.12 0.14 0.60 1.06 1.52
 ----------------------------------------------------------------------------------------------------------------------------
                                                                                               
 ----------------------------------------------------------------------------------------------------------------------------
 ----------------------------------------------------------------------------------------------------------------------------
                                                          SURVEY OF INDIA
                                                    MARINE GEODESY WING (G&RB)
                                                     HOURLY HEIGHTS IN METRES
  NAME OF PORT:- MARMAGAO                                                                           MONTH OCTOBER   YEAR 2011
 ----------------------------------------------------------------------------------------------------------------------------
 DAYS 0000 0001 0002 0003 0004 0005 0006 0007 0008 0009 0010 0011 0012 0013 0014 0015 0016 0017 0018 0019 0020 0021 0022 0023
 ----------------------------------------------------------------------------------------------------------------------------
  1   1.92 2.11 2.12 1.92 1.53 1.15 0.91 0.80 0.88 1.16 1.42 1.70 1.90 1.98 1.84 1.53 1.08 0.53 0.19 0.03 0.02 0.28 0.71 1.12
  2   1.55 1.88 2.03 1.99 1.82 1.47 1.19 1.01 0.93 1.00 1.25 1.48 1.68 1.80 1.83 1.69 1.44 1.03 0.60 0.36 0.21 0.25 0.51 0.85
  3   1.22 1.52 1.80 1.94 1.91 1.76 1.51 1.29 1.11 1.04 1.09 1.25 1.46 1.60 1.68 1.72 1.60 1.36 1.04 0.77 0.58 0.46 0.48 0.69
  4   0.97 1.25 1.50 1.73 1.84 1.83 1.73 1.55 1.36 1.23 1.17 1.18 1.28 1.38 1.48 1.55 1.55 1.49 1.34 1.13 0.90 0.72 0.64 0.64
  5   0.74 0.95 1.18 1.43 1.64 1.77 1.81 1.74 1.60 1.44 1.27 1.16 1.11 1.13 1.21 1.33 1.43 1.51 1.52 1.41 1.23 1.07 0.90 0.78
  6   0.76 0.86 1.01 1.21 1.42 1.61 1.75 1.85 1.80 1.64 1.44 1.26 1.12 1.02 1.02 1.08 1.19 1.32 1.43 1.50 1.46 1.33 1.17 0.99
  7   0.79 0.75 0.83 0.96 1.13 1.36 1.59 1.77 1.83 1.76 1.62 1.38 1.15 0.95 0.84 0.83 0.95 1.12 1.33 1.47 1.56 1.55 1.47 1.27
  8   1.02 0.84 0.77 0.87 1.01 1.22 1.49 1.72 1.86 1.85 1.74 1.54 1.26 0.97 0.77 0.69 0.75 0.92 1.17 1.42 1.58 1.67 1.65 1.47
  9   1.21 0.96 0.79 0.75 0.86 1.06 1.33 1.58 1.80 1.88 1.81 1.66 1.36 1.04 0.79 0.63 0.62 0.82 1.06 1.32 1.57 1.71 1.73 1.65
 10   1.44 1.16 0.94 0.81 0.82 0.98 1.22 1.47 1.68 1.87 1.87 1.74 1.53 1.19 0.83 0.61 0.49 0.55 0.89 1.20 1.48 1.72 1.84 1.79
 11   1.65 1.40 1.11 0.92 0.83 0.90 1.11 1.38 1.62 1.78 1.86 1.80 1.63 1.35 0.92 0.55 0.43 0.43 0.58 0.96 1.33 1.63 1.88 1.97
 12   1.85 1.65 1.36 1.06 0.89 0.85 0.97 1.24 1.53 1.75 1.87 1.86 1.71 1.42 1.00 0.62 0.39 0.36 0.46 0.73 1.04 1.40 1.74 1.94
 13   2.01 1.87 1.58 1.28 1.05 0.99 1.09 1.28 1.50 1.75 1.91 1.95 1.84 1.60 1.23 0.79 0.50 0.37 0.42 0.63 0.95 1.33 1.75 1.97
 14   2.07 2.00 1.77 1.50 1.18 0.99 1.00 1.17 1.42 1.68 1.87 1.99 1.93 1.75 1.42 0.94 0.59 0.44 0.39 0.50 0.80 1.22 1.59 1.91
 15   2.09 2.08 1.93 1.68 1.39 1.16 1.07 1.12 1.31 1.52 1.74 1.94 1.99 1.86 1.60 1.22 0.80 0.53 0.39 0.39 0.63 0.99 1.35 1.70
 16   1.97 2.05 2.00 1.83 1.54 1.26 1.14 1.15 1.26 1.44 1.67 1.86 1.96 1.92 1.70 1.41 0.97 0.65 0.49 0.44 0.53 0.83 1.16 1.49
 17   1.74 2.01 2.04 1.93 1.69 1.48 1.29 1.21 1.24 1.37 1.58 1.78 1.89 1.91 1.79 1.61 1.32 0.97 0.72 0.58 0.64 0.78 1.02 1.35
 18   1.67 1.88 2.02 2.01 1.90 1.69 1.49 1.37 1.32 1.32 1.45 1.60 1.75 1.81 1.80 1.66 1.47 1.17 0.93 0.76 0.66 0.67 0.87 1.13
 19   1.43 1.65 1.85 1.95 1.95 1.85 1.66 1.50 1.39 1.35 1.40 1.50 1.63 1.72 1.75 1.72 1.63 1.46 1.24 1.03 0.87 0.84 0.89 1.01
 20   1.23 1.49 1.72 1.86 1.97 1.95 1.87 1.72 1.57 1.43 1.37 1.40 1.49 1.59 1.68 1.75 1.78 1.72 1.58 1.36 1.12 0.94 0.86 0.90
 21   1.02 1.24 1.52 1.78 1.92 2.02 1.99 1.87 1.68 1.48 1.27 1.17 1.18 1.30 1.44 1.59 1.75 1.84 1.82 1.70 1.48 1.22 1.02 0.89
 22   0.92 1.04 1.26 1.56 1.84 1.98 2.07 2.03 1.86 1.64 1.36 1.11 0.98 1.00 1.12 1.31 1.53 1.75 1.90 1.92 1.82 1.60 1.32 1.10
 23   0.92 0.93 1.05 1.28 1.60 1.90 2.05 2.12 2.06 1.86 1.60 1.24 0.95 0.79 0.82 0.94 1.18 1.47 1.75 1.96 2.02 1.94 1.72 1.41
 24   1.18 0.95 0.94 1.07 1.30 1.64 1.95 2.12 2.18 2.10 1.85 1.56 1.13 0.79 0.60 0.61 0.76 1.05 1.41 1.75 2.01 2.11 2.05 1.83
 25   1.46 1.17 0.93 0.91 1.04 1.32 1.67 2.00 2.18 2.23 2.14 1.85 1.39 0.93 0.55 0.39 0.42 0.66 1.08 1.53 1.90 2.21 2.30 2.25
 26   1.86 1.47 1.18 0.97 0.97 1.16 1.46 1.79 2.08 2.23 2.22 2.04 1.68 1.08 0.63 0.30 0.19 0.33 0.66 1.14 1.64 2.04 2.33 2.40
 27   2.20 1.90 1.48 1.20 1.02 1.04 1.27 1.61 1.91 2.16 2.28 2.20 1.94 1.50 0.78 0.33 0.04-0.01 0.24 0.66 1.20 1.74 2.18 2.45
 28   2.51 2.28 1.94 1.50 1.21 1.06 1.10 1.38 1.76 2.03 2.23 2.33 2.19 1.84 1.32 0.74 0.30 0.08 0.10 0.40 0.87 1.43 1.92 2.32
 29   2.57 2.57 2.34 1.93 1.52 1.27 1.18 1.21 1.52 1.81 2.06 2.28 2.29 2.09 1.74 1.26 0.66 0.35 0.15 0.20 0.48 1.02 1.49 1.91
 30   2.34 2.53 2.43 2.15 1.84 1.45 1.22 1.15 1.26 1.51 1.82 2.01 2.15 2.13 1.92 1.60 1.11 0.68 0.40 0.28 0.36 0.72 1.13 1.56
 31   2.00 2.27 2.38 2.29 2.05 1.69 1.39 1.21 1.16 1.29 1.51 1.73 1.92 1.98 1.89 1.71 1.44 1.06 0.73 0.48 0.41 0.59 0.90 1.27
 ----------------------------------------------------------------------------------------------------------------------------
                                                                                               
 ----------------------------------------------------------------------------------------------------------------------------
 ----------------------------------------------------------------------------------------------------------------------------
                                                          SURVEY OF INDIA
                                                    MARINE GEODESY WING (G&RB)
                                                     HOURLY HEIGHTS IN METRES
  NAME OF PORT:- MARMAGAO                                                                           MONTH NOVEMBER  YEAR 2011
 ----------------------------------------------------------------------------------------------------------------------------
 DAYS 0000 0001 0002 0003 0004 0005 0006 0007 0008 0009 0010 0011 0012 0013 0014 0015 0016 0017 0018 0019 0020 0021 0022 0023
 ----------------------------------------------------------------------------------------------------------------------------
  1   1.66 1.97 2.21 2.31 2.22 1.99 1.70 1.47 1.32 1.22 1.29 1.47 1.65 1.80 1.88 1.87 1.71 1.46 1.16 0.91 0.78 0.73 0.86 1.11
  2   1.45 1.72 1.97 2.17 2.21 2.10 1.92 1.69 1.47 1.29 1.24 1.27 1.38 1.52 1.63 1.67 1.68 1.62 1.50 1.26 1.06 0.94 0.87 0.96
  3   1.20 1.49 1.73 1.96 2.12 2.16 2.06 1.90 1.68 1.44 1.26 1.19 1.18 1.26 1.38 1.50 1.60 1.68 1.67 1.55 1.40 1.26 1.13 1.05
  4   1.12 1.29 1.51 1.73 1.94 2.06 2.10 2.03 1.86 1.63 1.39 1.22 1.11 1.07 1.11 1.23 1.37 1.51 1.65 1.69 1.65 1.55 1.44 1.30
  5   1.21 1.25 1.38 1.54 1.72 1.87 1.99 2.04 2.00 1.83 1.58 1.34 1.13 0.98 0.94 1.03 1.17 1.40 1.63 1.79 1.86 1.81 1.71 1.55
  6   1.39 1.30 1.33 1.43 1.58 1.78 1.93 2.01 2.03 1.93 1.72 1.47 1.19 0.98 0.88 0.89 1.02 1.23 1.48 1.68 1.85 1.92 1.87 1.75
  7   1.55 1.37 1.27 1.28 1.41 1.59 1.76 1.92 2.01 1.96 1.78 1.53 1.20 0.94 0.76 0.74 0.84 1.05 1.30 1.54 1.72 1.88 1.95 1.85
  8   1.67 1.46 1.27 1.18 1.24 1.40 1.59 1.77 1.90 1.91 1.83 1.62 1.32 1.00 0.74 0.59 0.56 0.76 1.10 1.41 1.70 1.94 2.05 2.04
  9   1.88 1.63 1.39 1.25 1.21 1.31 1.50 1.69 1.87 1.97 1.90 1.73 1.49 1.10 0.76 0.55 0.50 0.59 0.87 1.24 1.59 1.89 2.11 2.17
 10   2.05 1.83 1.59 1.39 1.25 1.23 1.39 1.64 1.81 1.95 1.97 1.85 1.62 1.30 0.97 0.63 0.49 0.52 0.72 1.06 1.46 1.84 2.09 2.22
 11   2.17 2.02 1.72 1.44 1.27 1.21 1.34 1.54 1.75 1.91 1.97 1.90 1.68 1.37 1.02 0.70 0.48 0.43 0.54 0.75 1.17 1.62 1.95 2.17
 12   2.21 2.11 1.86 1.59 1.36 1.25 1.24 1.39 1.61 1.81 1.95 1.97 1.83 1.57 1.20 0.81 0.55 0.42 0.47 0.65 1.02 1.47 1.86 2.12
 13   2.31 2.27 2.09 1.81 1.52 1.31 1.27 1.31 1.49 1.69 1.89 1.99 1.91 1.73 1.44 1.03 0.67 0.45 0.42 0.51 0.79 1.22 1.61 1.93
 14   2.20 2.26 2.15 1.94 1.60 1.35 1.23 1.25 1.34 1.56 1.73 1.86 1.88 1.76 1.55 1.22 0.85 0.63 0.55 0.53 0.66 0.99 1.38 1.73
 15   2.01 2.19 2.19 2.05 1.83 1.53 1.32 1.25 1.27 1.43 1.61 1.75 1.85 1.83 1.66 1.44 1.09 0.77 0.59 0.51 0.57 0.80 1.15 1.50
 16   1.85 2.04 2.17 2.12 1.93 1.65 1.41 1.27 1.21 1.28 1.44 1.59 1.73 1.82 1.77 1.63 1.37 1.04 0.81 0.67 0.63 0.71 0.96 1.29
 17   1.69 1.95 2.12 2.16 2.07 1.86 1.62 1.40 1.25 1.19 1.27 1.42 1.58 1.73 1.79 1.74 1.60 1.36 1.14 0.93 0.83 0.83 0.94 1.16
 18   1.47 1.74 1.98 2.15 2.17 2.06 1.86 1.63 1.39 1.25 1.19 1.26 1.38 1.51 1.63 1.70 1.70 1.61 1.46 1.26 1.10 1.00 0.99 1.09
 19   1.29 1.57 1.81 2.01 2.14 2.15 2.02 1.79 1.56 1.32 1.13 1.03 1.09 1.22 1.36 1.51 1.65 1.73 1.69 1.55 1.39 1.23 1.12 1.07
 20   1.15 1.35 1.56 1.82 2.01 2.12 2.10 1.99 1.77 1.47 1.19 1.01 0.90 0.93 1.05 1.22 1.44 1.64 1.78 1.81 1.76 1.67 1.56 1.45
 21   1.33 1.29 1.43 1.65 1.84 2.02 2.15 2.16 2.01 1.73 1.38 1.08 0.85 0.75 0.76 0.94 1.20 1.50 1.79 1.96 2.02 2.00 1.84 1.62
 22   1.40 1.28 1.31 1.46 1.70 1.92 2.10 2.22 2.19 1.98 1.66 1.24 0.89 0.61 0.51 0.58 0.82 1.20 1.58 1.90 2.14 2.22 2.14 1.96
 23   1.66 1.44 1.31 1.32 1.48 1.72 1.96 2.14 2.24 2.13 1.92 1.56 1.04 0.65 0.36 0.27 0.40 0.71 1.19 1.65 2.02 2.33 2.45 2.34
 24   2.07 1.72 1.49 1.34 1.32 1.49 1.74 2.00 2.18 2.27 2.15 1.89 1.48 0.91 0.50 0.20 0.11 0.34 0.77 1.26 1.72 2.17 2.46 2.53
 25   2.37 2.06 1.68 1.42 1.29 1.29 1.47 1.76 2.00 2.19 2.25 2.09 1.80 1.31 0.73 0.32 0.10 0.08 0.36 0.85 1.38 1.84 2.28 2.56
 26   2.55 2.39 2.01 1.62 1.37 1.25 1.28 1.51 1.79 2.02 2.24 2.21 2.03 1.72 1.17 0.59 0.26 0.05 0.15 0.47 1.01 1.55 1.98 2.37
 27   2.60 2.55 2.29 1.91 1.55 1.29 1.17 1.28 1.57 1.86 2.11 2.20 2.17 2.00 1.63 1.11 0.60 0.34 0.24 0.33 0.72 1.25 1.78 2.20
 28   2.54 2.68 2.60 2.36 1.96 1.63 1.42 1.39 1.51 1.79 2.06 2.26 2.40 2.34 2.13 1.81 1.27 0.86 0.68 0.55 0.74 1.10 1.61 1.99
 29   2.30 2.62 2.69 2.52 2.24 1.84 1.54 1.36 1.32 1.41 1.65 1.85 2.02 2.10 2.00 1.80 1.49 1.09 0.80 0.63 0.59 0.81 1.16 1.56
 30   1.91 2.19 2.38 2.38 2.22 1.93 1.57 1.32 1.20 1.15 1.26 1.49 1.67 1.78 1.83 1.77 1.60 1.38 1.08 0.86 0.74 0.78 0.99 1.33
 ----------------------------------------------------------------------------------------------------------------------------
                                                                                               
 ----------------------------------------------------------------------------------------------------------------------------
 ----------------------------------------------------------------------------------------------------------------------------
                                                          SURVEY OF INDIA
                                                    MARINE GEODESY WING (G&RB)
                                                     HOURLY HEIGHTS IN METRES
  NAME OF PORT:- MARMAGAO                                                                           MONTH DECEMBER  YEAR 2011
 ----------------------------------------------------------------------------------------------------------------------------
 DAYS 0000 0001 0002 0003 0004 0005 0006 0007 0008 0009 0010 0011 0012 0013 0014 0015 0016 0017 0018 0019 0020 0021 0022 0023
 ----------------------------------------------------------------------------------------------------------------------------
  1   1.69 1.96 2.18 2.30 2.22 2.07 1.81 1.54 1.30 1.15 1.14 1.23 1.41 1.56 1.68 1.74 1.72 1.62 1.41 1.20 1.06 1.00 1.10 1.27
  2   1.54 1.81 2.01 2.17 2.24 2.17 1.96 1.73 1.48 1.26 1.10 1.07 1.18 1.31 1.43 1.56 1.63 1.67 1.65 1.55 1.40 1.30 1.28 1.32
  3   1.45 1.68 1.88 2.03 2.11 2.14 2.03 1.87 1.64 1.38 1.18 1.05 1.00 1.06 1.18 1.31 1.47 1.59 1.66 1.64 1.58 1.50 1.43 1.36
  4   1.39 1.51 1.69 1.85 1.93 2.00 2.00 1.90 1.74 1.49 1.26 1.05 0.90 0.89 0.95 1.08 1.24 1.43 1.60 1.69 1.70 1.68 1.60 1.51
  5   1.46 1.46 1.53 1.66 1.80 1.90 1.97 1.96 1.82 1.65 1.39 1.13 0.93 0.81 0.80 0.89 1.08 1.29 1.54 1.75 1.92 2.00 1.92 1.78
  6   1.51 1.45 1.44 1.52 1.67 1.80 1.89 1.92 1.87 1.70 1.50 1.22 0.94 0.76 0.67 0.76 0.92 1.16 1.42 1.69 1.90 2.04 2.06 1.95
  7   1.62 1.51 1.44 1.43 1.52 1.68 1.80 1.88 1.88 1.78 1.58 1.36 1.04 0.76 0.58 0.53 0.72 0.95 1.24 1.55 1.82 2.05 2.16 2.12
  8   1.80 1.63 1.51 1.44 1.42 1.51 1.68 1.80 1.86 1.84 1.69 1.47 1.21 0.86 0.57 0.40 0.39 0.66 0.98 1.32 1.68 1.98 2.20 2.28
  9   2.17 2.00 1.76 1.54 1.36 1.40 1.56 1.73 1.86 1.89 1.85 1.68 1.38 1.05 0.72 0.48 0.40 0.53 0.80 1.17 1.55 1.89 2.14 2.29
 10   2.22 2.07 1.82 1.58 1.38 1.34 1.47 1.65 1.81 1.94 1.94 1.82 1.58 1.25 0.85 0.57 0.40 0.42 0.61 0.96 1.39 1.78 2.08 2.29
 11   2.31 2.17 1.93 1.64 1.43 1.34 1.43 1.59 1.76 1.89 1.95 1.94 1.75 1.47 1.07 0.67 0.45 0.36 0.45 0.73 1.15 1.55 1.92 2.22
 12   2.38 2.27 2.05 1.77 1.50 1.32 1.36 1.51 1.72 1.86 1.96 2.01 1.89 1.68 1.34 0.95 0.57 0.30 0.26 0.44 0.77 1.21 1.71 2.11
 13   2.35 2.34 2.26 1.96 1.61 1.36 1.26 1.24 1.38 1.62 1.81 1.92 1.96 1.82 1.59 1.17 0.79 0.53 0.45 0.47 0.70 1.12 1.59 1.95
 14   2.23 2.35 2.33 2.11 1.77 1.47 1.28 1.21 1.24 1.45 1.64 1.77 1.88 1.82 1.64 1.38 1.02 0.71 0.52 0.46 0.68 0.99 1.35 1.62
 15   1.90 2.13 2.27 2.20 1.94 1.62 1.33 1.16 1.13 1.21 1.41 1.62 1.80 1.86 1.80 1.64 1.40 1.04 0.78 0.64 0.62 0.81 1.08 1.31
 16   1.62 1.95 2.17 2.32 2.13 1.82 1.49 1.24 1.12 1.08 1.18 1.41 1.58 1.71 1.78 1.74 1.59 1.33 1.07 0.85 0.76 0.80 0.97 1.28
 17   1.64 1.95 2.14 2.20 2.11 1.94 1.67 1.33 1.08 0.92 0.92 1.05 1.24 1.44 1.57 1.69 1.76 1.72 1.52 1.22 0.94 0.74 0.86 1.12
 18   1.48 1.75 1.94 2.12 2.14 2.02 1.79 1.51 1.16 0.91 0.76 0.76 0.89 1.12 1.30 1.45 1.59 1.65 1.63 1.50 1.23 0.99 0.88 1.02
 19   1.30 1.54 1.78 1.95 2.08 2.09 1.95 1.73 1.38 1.07 0.82 0.68 0.65 0.80 0.99 1.20 1.44 1.63 1.75 1.76 1.66 1.53 1.40 1.33
 20   1.35 1.42 1.59 1.78 1.95 2.05 2.04 1.90 1.65 1.26 0.90 0.67 0.49 0.47 0.60 0.81 1.13 1.45 1.70 1.82 1.88 1.82 1.69 1.53
 21   1.44 1.40 1.48 1.62 1.80 1.94 2.06 2.04 1.88 1.62 1.27 0.86 0.58 0.37 0.38 0.53 0.80 1.15 1.54 1.87 2.06 2.16 2.08 1.89
 22   1.67 1.49 1.44 1.46 1.58 1.77 1.92 2.05 2.04 1.88 1.60 1.24 0.89 0.54 0.36 0.34 0.55 0.89 1.28 1.61 1.85 2.07 2.23 2.21
 23   2.00 1.71 1.44 1.33 1.46 1.66 1.84 1.99 2.08 2.06 1.89 1.62 1.17 0.68 0.37 0.16 0.16 0.40 0.78 1.27 1.73 2.06 2.30 2.31
 24   2.22 1.94 1.58 1.29 1.18 1.32 1.62 1.91 2.06 2.12 2.02 1.83 1.53 1.05 0.57 0.21 0.10 0.15 0.40 0.81 1.33 1.88 2.24 2.46
 25   2.42 2.22 1.90 1.53 1.27 1.20 1.26 1.47 1.75 1.97 2.12 2.10 1.83 1.50 1.03 0.61 0.24 0.16 0.32 0.67 1.11 1.68 2.06 2.37
 26   2.53 2.46 2.18 1.77 1.40 1.16 1.07 1.22 1.47 1.71 1.94 2.05 2.01 1.82 1.42 0.96 0.50 0.25 0.24 0.53 0.93 1.37 1.86 2.24
 27   2.46 2.52 2.35 2.01 1.55 1.24 1.01 0.96 1.15 1.41 1.63 1.87 1.95 1.88 1.67 1.28 0.81 0.52 0.32 0.31 0.59 1.01 1.48 1.86
 28   2.24 2.43 2.37 2.16 1.78 1.39 1.06 0.90 0.92 1.08 1.36 1.61 1.76 1.82 1.72 1.51 1.13 0.82 0.52 0.42 0.54 0.78 1.21 1.67
 29   2.01 2.24 2.34 2.23 1.97 1.57 1.21 0.96 0.84 0.90 1.10 1.34 1.53 1.67 1.70 1.59 1.40 1.08 0.83 0.69 0.64 0.77 1.08 1.46
 30   1.82 2.03 2.17 2.20 2.01 1.75 1.35 1.03 0.87 0.83 0.90 1.10 1.29 1.47 1.56 1.57 1.50 1.31 1.08 0.92 0.84 0.84 0.98 1.30
 31   1.63 1.86 2.03 2.10 2.01 1.82 1.55 1.22 0.96 0.84 0.79 0.88 1.07 1.27 1.41 1.50 1.54 1.45 1.28 1.11 1.00 0.94 0.93 1.06
 ----------------------------------------------------------------------------------------------------------------------------
                                                                                               
 ----------------------------------------------------------------------------------------------------------------------------
 ----------------------------------------------------------------------------------------------------------------------------
