                                                          SURVEY OF INDIA
                                                    MARINE GEODESY WING (G&RB)
                                                     HOURLY HEIGHTS IN METRES
  NAME OF PORT:- VISHAKHAPATNAM                                                                     MONTH JANUARY   YEAR 2011
 ----------------------------------------------------------------------------------------------------------------------------
 DAYS 0000 0001 0002 0003 0004 0005 0006 0007 0008 0009 0010 0011 0012 0013 0014 0015 0016 0017 0018 0019 0020 0021 0022 0023
 ----------------------------------------------------------------------------------------------------------------------------
  1   0.47 0.52 0.63 0.81 0.95 1.06 1.09 0.98 0.80 0.61 0.42 0.25 0.21 0.28 0.46 0.70 0.99 1.22 1.35 1.36 1.28 1.07 0.85 0.60
  2   0.41 0.34 0.40 0.57 0.76 0.94 1.08 1.09 1.00 0.82 0.57 0.33 0.18 0.13 0.23 0.44 0.73 1.06 1.30 1.42 1.43 1.29 1.07 0.79
  3   0.50 0.33 0.30 0.43 0.60 0.85 1.07 1.17 1.18 1.04 0.80 0.54 0.31 0.16 0.14 0.29 0.55 0.89 1.22 1.47 1.56 1.51 1.32 1.03
  4   0.66 0.43 0.27 0.30 0.44 0.69 0.94 1.15 1.23 1.17 0.97 0.70 0.42 0.20 0.09 0.13 0.30 0.62 0.99 1.30 1.53 1.59 1.51 1.23
  5   0.90 0.57 0.33 0.23 0.27 0.47 0.73 0.97 1.16 1.25 1.17 0.97 0.69 0.43 0.19 0.12 0.20 0.43 0.76 1.14 1.40 1.56 1.53 1.35
  6   1.05 0.70 0.40 0.22 0.17 0.32 0.54 0.83 1.07 1.22 1.20 1.04 0.79 0.53 0.28 0.13 0.13 0.28 0.56 0.90 1.20 1.46 1.53 1.47
  7   1.21 0.89 0.57 0.30 0.17 0.21 0.39 0.66 0.95 1.17 1.27 1.20 1.03 0.74 0.47 0.25 0.18 0.25 0.46 0.75 1.08 1.37 1.51 1.51
  8   1.32 1.05 0.72 0.45 0.25 0.25 0.40 0.60 0.87 1.10 1.26 1.27 1.15 0.93 0.65 0.42 0.27 0.29 0.44 0.67 0.99 1.28 1.47 1.51
  9   1.39 1.17 0.85 0.56 0.36 0.29 0.36 0.52 0.78 1.04 1.24 1.29 1.24 1.07 0.85 0.63 0.46 0.39 0.45 0.62 0.88 1.13 1.35 1.45
 10   1.46 1.30 1.08 0.81 0.58 0.44 0.44 0.54 0.72 0.96 1.17 1.32 1.34 1.25 1.08 0.89 0.72 0.60 0.58 0.67 0.84 1.06 1.26 1.44
 11   1.52 1.41 1.22 0.99 0.77 0.60 0.53 0.58 0.71 0.92 1.14 1.30 1.39 1.38 1.26 1.09 0.93 0.80 0.74 0.78 0.89 1.06 1.23 1.38
 12   1.45 1.39 1.24 1.04 0.85 0.68 0.59 0.58 0.68 0.82 1.01 1.17 1.29 1.34 1.30 1.20 1.07 0.94 0.84 0.82 0.85 0.94 1.09 1.24
 13   1.35 1.36 1.28 1.15 0.99 0.83 0.71 0.63 0.64 0.73 0.86 0.99 1.13 1.25 1.29 1.27 1.20 1.11 1.00 0.91 0.86 0.87 0.92 0.99
 14   1.10 1.16 1.17 1.14 1.06 0.92 0.80 0.69 0.63 0.63 0.69 0.78 0.92 1.04 1.14 1.21 1.24 1.21 1.13 1.03 0.94 0.86 0.83 0.84
 15   0.93 1.00 1.05 1.07 1.06 1.00 0.90 0.79 0.68 0.61 0.57 0.60 0.70 0.84 0.98 1.12 1.25 1.30 1.26 1.18 1.07 0.94 0.82 0.74
 16   0.76 0.80 0.89 0.97 1.05 1.07 1.03 0.93 0.81 0.68 0.56 0.48 0.51 0.64 0.80 1.01 1.19 1.35 1.42 1.40 1.28 1.10 0.91 0.76
 17   0.65 0.66 0.74 0.85 0.99 1.12 1.18 1.12 1.01 0.85 0.65 0.48 0.40 0.44 0.56 0.77 1.05 1.28 1.46 1.56 1.50 1.34 1.10 0.85
 18   0.62 0.54 0.55 0.65 0.82 1.05 1.19 1.25 1.19 1.05 0.79 0.55 0.36 0.28 0.34 0.52 0.82 1.15 1.40 1.60 1.62 1.49 1.27 0.97
 19   0.69 0.48 0.41 0.48 0.68 0.92 1.18 1.34 1.39 1.29 1.06 0.80 0.47 0.30 0.25 0.37 0.62 0.97 1.30 1.60 1.73 1.72 1.51 1.21
 20
 21
 22
 23
 24
 25
 26   1.37 1.35 1.20 0.96 0.71 0.46 0.30 0.26 0.35 0.53 0.78 1.00 1.19 1.32 1.30 1.17 1.00 0.83 0.70 0.63 0.61 0.69 0.82 0.99
 27   1.14 1.20 1.18 1.07 0.90 0.71 0.54 0.43 0.40 0.47 0.61 0.79 0.96 1.13 1.24 1.27 1.24 1.12 0.98 0.85 0.77 0.72 0.74 0.81
 28   0.94 1.05 1.12 1.14 1.10 0.98 0.84 0.70 0.60 0.54 0.56 0.63 0.76 0.92 1.07 1.20 1.27 1.25 1.14 1.03 0.92 0.83 0.74 0.73
 29   0.77 0.83 0.91 0.99 1.03 1.01 0.95 0.84 0.74 0.65 0.57 0.55 0.62 0.75 0.91 1.07 1.23 1.32 1.31 1.23 1.10 0.97 0.84 0.73
 30   0.69 0.70 0.78 0.88 0.99 1.07 1.09 1.04 0.93 0.81 0.67 0.55 0.50 0.55 0.68 0.88 1.10 1.29 1.39 1.40 1.32 1.17 0.99 0.81
 31   0.65 0.60 0.62 0.71 0.86 1.04 1.15 1.16 1.11 0.96 0.79 0.60 0.48 0.42 0.52 0.69 0.90 1.16 1.38 1.50 1.49 1.36 1.15 0.90
 ----------------------------------------------------------------------------------------------------------------------------
                                                                                               
 ----------------------------------------------------------------------------------------------------------------------------
 ----------------------------------------------------------------------------------------------------------------------------
                                                          SURVEY OF INDIA
                                                    MARINE GEODESY WING (G&RB)
                                                     HOURLY HEIGHTS IN METRES
  NAME OF PORT:- VISHAKHAPATNAM                                                                     MONTH FEBRUARY  YEAR 2011
 ----------------------------------------------------------------------------------------------------------------------------
 DAYS 0000 0001 0002 0003 0004 0005 0006 0007 0008 0009 0010 0011 0012 0013 0014 0015 0016 0017 0018 0019 0020 0021 0022 0023
 ----------------------------------------------------------------------------------------------------------------------------
  1   0.68 0.50 0.44 0.51 0.68 0.88 1.08 1.20 1.23 1.12 0.93 0.68 0.48 0.35 0.32 0.47 0.70 0.99 1.29 1.48 1.57 1.51 1.32 1.03
  2   0.73 0.49 0.38 0.40 0.55 0.79 1.02 1.21 1.30 1.25 1.10 0.83 0.58 0.34 0.27 0.30 0.52 0.83 1.15 1.42 1.57 1.60 1.43 1.17
  3   0.82 0.55 0.36 0.34 0.42 0.65 0.92 1.17 1.32 1.33 1.21 0.97 0.71 0.45 0.29 0.26 0.44 0.70 1.03 1.34 1.57 1.64 1.54 1.31
  4   0.95 0.63 0.38 0.28 0.32 0.50 0.78 1.06 1.28 1.37 1.31 1.10 0.83 0.55 0.34 0.28 0.31 0.53 0.85 1.17 1.46 1.58 1.55 1.38
  5   1.05 0.73 0.42 0.27 0.27 0.40 0.66 0.97 1.21 1.38 1.38 1.25 0.99 0.70 0.44 0.28 0.30 0.42 0.70 1.01 1.30 1.50 1.53 1.42
  6   1.13 0.82 0.50 0.30 0.23 0.32 0.55 0.85 1.15 1.35 1.41 1.32 1.11 0.84 0.56 0.33 0.27 0.36 0.58 0.87 1.19 1.42 1.52 1.47
  7   1.27 0.96 0.64 0.39 0.27 0.29 0.47 0.74 1.02 1.27 1.41 1.38 1.24 1.03 0.76 0.52 0.38 0.40 0.51 0.76 1.03 1.28 1.43 1.44
  8   1.32 1.06 0.77 0.48 0.29 0.26 0.36 0.58 0.85 1.13 1.30 1.38 1.33 1.16 0.91 0.69 0.49 0.44 0.48 0.66 0.90 1.14 1.30 1.36
  9   1.30 1.13 0.88 0.63 0.40 0.29 0.32 0.46 0.70 0.96 1.16 1.30 1.31 1.20 1.01 0.80 0.59 0.48 0.46 0.56 0.73 0.94 1.12 1.24
 10   1.27 1.16 0.97 0.73 0.50 0.30 0.27 0.31 0.48 0.70 0.91 1.08 1.16 1.14 1.05 0.88 0.73 0.59 0.52 0.52 0.62 0.77 0.93 1.04
 11   1.10 1.06 0.95 0.79 0.60 0.41 0.29 0.28 0.37 0.53 0.71 0.89 1.02 1.08 1.07 1.00 0.88 0.76 0.66 0.61 0.62 0.68 0.79 0.90
 12   0.98 1.01 0.99 0.88 0.74 0.60 0.48 0.40 0.38 0.45 0.57 0.70 0.84 0.96 1.03 1.02 0.98 0.91 0.83 0.76 0.70 0.65 0.67 0.72
 13   0.81 0.86 0.90 0.88 0.82 0.73 0.62 0.53 0.45 0.40 0.44 0.52 0.63 0.75 0.88 0.98 1.05 1.06 1.02 0.93 0.83 0.73 0.64 0.59
 14   0.60 0.67 0.74 0.80 0.84 0.84 0.78 0.70 0.59 0.48 0.39 0.35 0.41 0.53 0.70 0.86 1.02 1.12 1.18 1.12 0.99 0.83 0.66 0.51
 15   0.44 0.45 0.53 0.65 0.78 0.87 0.90 0.86 0.75 0.59 0.42 0.28 0.25 0.31 0.45 0.68 0.91 1.14 1.26 1.32 1.22 1.03 0.78 0.53
 16   0.30 0.24 0.29 0.44 0.66 0.87 1.04 1.08 1.01 0.83 0.61 0.35 0.18 0.12 0.21 0.40 0.70 1.00 1.28 1.40 1.40 1.25 0.99 0.67
 17   0.32 0.17 0.13 0.25 0.50 0.80 1.07 1.24 1.25 1.12 0.86 0.53 0.25 0.05 0.03 0.17 0.48 0.84 1.23 1.48 1.60 1.51 1.26 0.89
 18   0.48 0.16 0.00 0.03 0.25 0.55 0.94 1.24 1.39 1.35 1.15 0.80 0.44 0.13-0.01 0.03 0.27 0.62 1.06 1.43 1.65 1.66 1.49 1.15
 19   0.68 0.25-0.02-0.12 0.02 0.33 0.75 1.17 1.45 1.54 1.45 1.16 0.80 0.38 0.10 0.02 0.09 0.36 0.80 1.23 1.54 1.70 1.64 1.36
 20   0.92 0.47 0.10-0.12-0.10 0.08 0.44 0.92 1.30 1.57 1.61 1.43 1.10 0.70 0.32 0.10 0.06 0.20 0.50 0.97 1.35 1.60 1.69 1.57
 21   1.18 0.78 0.32 0.02-0.13-0.05 0.22 0.59 1.04 1.38 1.56 1.56 1.38 1.00 0.65 0.30 0.12 0.13 0.30 0.68 1.05 1.39 1.59 1.60
 22   1.40 1.07 0.69 0.30 0.10 0.01 0.13 0.38 0.80 1.16 1.42 1.58 1.54 1.30 0.99 0.64 0.41 0.26 0.32 0.50 0.82 1.14 1.40 1.52
 23   1.45 1.25 0.93 0.62 0.30 0.15 0.12 0.26 0.50 0.84 1.17 1.40 1.46 1.39 1.19 0.94 0.65 0.45 0.36 0.42 0.58 0.84 1.06 1.25
 24   1.32 1.25 1.07 0.82 0.56 0.33 0.22 0.24 0.40 0.62 0.86 1.12 1.26 1.32 1.26 1.07 0.84 0.63 0.51 0.46 0.52 0.64 0.80 0.98
 25   1.09 1.14 1.08 0.95 0.75 0.56 0.40 0.32 0.34 0.43 0.62 0.80 0.98 1.11 1.19 1.16 1.03 0.87 0.74 0.62 0.55 0.56 0.65 0.75
 26   0.84 0.92 0.97 0.94 0.84 0.70 0.58 0.49 0.41 0.41 0.48 0.60 0.73 0.87 1.01 1.10 1.12 1.06 0.93 0.82 0.71 0.63 0.58 0.58
 27   0.64 0.71 0.78 0.85 0.89 0.87 0.76 0.66 0.57 0.49 0.43 0.43 0.52 0.64 0.80 0.96 1.07 1.14 1.12 1.03 0.90 0.76 0.63 0.54
 28   0.50 0.54 0.62 0.73 0.82 0.90 0.92 0.88 0.76 0.64 0.52 0.44 0.42 0.50 0.64 0.82 1.00 1.18 1.26 1.24 1.11 0.96 0.78 0.60
 ----------------------------------------------------------------------------------------------------------------------------
                                                                                               
 ----------------------------------------------------------------------------------------------------------------------------
 ----------------------------------------------------------------------------------------------------------------------------
                                                          SURVEY OF INDIA
                                                    MARINE GEODESY WING (G&RB)
                                                     HOURLY HEIGHTS IN METRES
  NAME OF PORT:- VISHAKHAPATNAM                                                                     MONTH MARCH     YEAR 2011
 ----------------------------------------------------------------------------------------------------------------------------
 DAYS 0000 0001 0002 0003 0004 0005 0006 0007 0008 0009 0010 0011 0012 0013 0014 0015 0016 0017 0018 0019 0020 0021 0022 0023
 ----------------------------------------------------------------------------------------------------------------------------
  1   0.48 0.44 0.49 0.64 0.81 0.96 1.05 1.05 0.98 0.84 0.65 0.49 0.38 0.38 0.49 0.66 0.90 1.15 1.32 1.40 1.35 1.19 0.97 0.71
  2   0.49 0.40 0.39 0.47 0.67 0.86 1.04 1.14 1.12 1.00 0.80 0.58 0.38 0.30 0.33 0.49 0.71 1.00 1.26 1.40 1.41 1.27 1.04 0.76
  3   0.49 0.29 0.24 0.33 0.55 0.80 1.04 1.21 1.27 1.17 0.96 0.69 0.44 0.26 0.23 0.34 0.53 0.81 1.12 1.34 1.44 1.38 1.17 0.89
  4   0.56 0.32 0.20 0.22 0.37 0.66 0.93 1.18 1.30 1.28 1.10 0.83 0.52 0.28 0.16 0.20 0.40 0.69 1.00 1.29 1.44 1.44 1.27 0.98
  5   0.61 0.34 0.16 0.11 0.25 0.51 0.83 1.13 1.31 1.36 1.24 0.99 0.71 0.44 0.21 0.15 0.26 0.50 0.83 1.16 1.37 1.46 1.38 1.15
  6   0.78 0.46 0.25 0.17 0.22 0.42 0.71 0.99 1.23 1.33 1.29 1.13 0.85 0.55 0.33 0.19 0.23 0.39 0.69 0.99 1.25 1.39 1.37 1.19
  7   0.87 0.57 0.31 0.17 0.19 0.33 0.59 0.90 1.15 1.32 1.35 1.23 1.03 0.71 0.40 0.22 0.18 0.30 0.52 0.88 1.16 1.35 1.40 1.29
  8   1.01 0.66 0.36 0.16 0.09 0.20 0.43 0.76 1.09 1.31 1.41 1.36 1.17 0.87 0.58 0.35 0.23 0.26 0.45 0.71 1.00 1.23 1.34 1.31
  9   1.10 0.81 0.51 0.25 0.13 0.16 0.32 0.60 0.92 1.21 1.36 1.40 1.29 1.06 0.78 0.53 0.36 0.31 0.41 0.61 0.87 1.09 1.24 1.26
 10   1.15 0.93 0.66 0.39 0.21 0.16 0.26 0.45 0.73 1.01 1.21 1.31 1.26 1.11 0.90 0.67 0.46 0.37 0.38 0.50 0.69 0.91 1.07 1.16
 11   1.12 0.97 0.77 0.51 0.31 0.23 0.23 0.36 0.59 0.81 1.03 1.17 1.23 1.17 1.01 0.81 0.61 0.47 0.42 0.47 0.59 0.74 0.93 1.04
 12   1.07 1.01 0.87 0.69 0.48 0.34 0.26 0.31 0.43 0.61 0.81 0.98 1.09 1.12 1.07 0.94 0.78 0.64 0.53 0.47 0.52 0.62 0.74 0.86
 13   0.96 0.97 0.93 0.79 0.64 0.51 0.39 0.35 0.41 0.51 0.63 0.79 0.94 1.04 1.09 1.06 0.97 0.86 0.75 0.65 0.59 0.57 0.63 0.73
 14   0.84 0.89 0.91 0.87 0.80 0.71 0.60 0.51 0.47 0.47 0.53 0.64 0.78 0.92 1.03 1.10 1.09 1.04 0.95 0.83 0.71 0.62 0.57 0.55
 15   0.62 0.70 0.79 0.87 0.89 0.87 0.80 0.71 0.60 0.51 0.46 0.47 0.55 0.71 0.87 1.03 1.13 1.19 1.15 1.05 0.89 0.73 0.56 0.45
 16   0.43 0.50 0.63 0.81 0.93 1.02 1.05 0.97 0.83 0.68 0.51 0.41 0.41 0.49 0.68 0.91 1.12 1.29 1.38 1.32 1.17 0.94 0.69 0.46
 17   0.33 0.32 0.44 0.65 0.90 1.12 1.25 1.25 1.14 0.95 0.69 0.49 0.33 0.33 0.47 0.70 1.00 1.28 1.48 1.54 1.44 1.20 0.89 0.57
 18   0.26 0.15 0.21 0.41 0.71 1.03 1.31 1.46 1.41 1.23 0.95 0.63 0.38 0.23 0.25 0.45 0.76 1.11 1.42 1.61 1.62 1.44 1.12 0.73
 19   0.31 0.08 0.00 0.14 0.42 0.83 1.24 1.51 1.62 1.53 1.26 0.89 0.53 0.25 0.13 0.21 0.44 0.79 1.19 1.50 1.69 1.65 1.44 1.05
 20   0.55 0.18-0.04-0.05 0.14 0.51 0.96 1.38 1.66 1.73 1.57 1.25 0.84 0.45 0.16 0.06 0.18 0.47 0.89 1.29 1.59 1.69 1.58 1.29
 21   0.81 0.37 0.02-0.13-0.07 0.20 0.63 1.09 1.47 1.69 1.68 1.46 1.10 0.68 0.31 0.10 0.07 0.26 0.57 0.97 1.32 1.56 1.61 1.44
 22   1.03 0.61 0.21-0.06-0.14 0.00 0.33 0.78 1.19 1.54 1.67 1.61 1.31 0.92 0.55 0.25 0.11 0.16 0.38 0.71 1.07 1.36 1.48 1.45
 23   1.21 0.87 0.48 0.19 0.03 0.05 0.23 0.57 0.97 1.31 1.53 1.59 1.45 1.17 0.85 0.53 0.30 0.21 0.29 0.51 0.81 1.11 1.30 1.37
 24   1.27 1.05 0.74 0.43 0.22 0.13 0.20 0.38 0.74 1.05 1.30 1.46 1.47 1.32 1.10 0.81 0.59 0.44 0.39 0.50 0.68 0.94 1.13 1.27
 25   1.24 1.11 0.92 0.69 0.44 0.33 0.29 0.37 0.57 0.85 1.08 1.27 1.37 1.32 1.21 1.03 0.82 0.65 0.51 0.45 0.51 0.62 0.80 0.94
 26   1.03 1.04 0.97 0.84 0.67 0.52 0.42 0.38 0.41 0.57 0.77 0.95 1.10 1.19 1.19 1.13 1.01 0.86 0.72 0.63 0.59 0.59 0.65 0.74
 27   0.81 0.88 0.91 0.86 0.76 0.66 0.57 0.51 0.48 0.51 0.61 0.73 0.87 0.98 1.06 1.10 1.07 0.99 0.89 0.79 0.69 0.63 0.59 0.58
 28   0.65 0.69 0.75 0.79 0.80 0.79 0.74 0.67 0.59 0.55 0.53 0.57 0.64 0.73 0.84 0.94 1.01 1.02 0.96 0.86 0.73 0.62 0.52 0.47
 29   0.48 0.52 0.61 0.71 0.81 0.86 0.86 0.79 0.68 0.57 0.48 0.42 0.43 0.51 0.66 0.81 0.95 1.03 1.05 1.00 0.89 0.74 0.58 0.45
 30   0.35 0.37 0.47 0.61 0.75 0.88 0.95 0.91 0.83 0.69 0.55 0.43 0.36 0.37 0.51 0.67 0.87 1.07 1.20 1.21 1.12 0.97 0.77 0.55
 31   0.36 0.31 0.36 0.51 0.69 0.89 1.04 1.11 1.07 0.94 0.75 0.54 0.37 0.28 0.35 0.50 0.75 0.95 1.13 1.23 1.19 1.01 0.79 0.57
 ----------------------------------------------------------------------------------------------------------------------------
                                                                                               
 ----------------------------------------------------------------------------------------------------------------------------
 ----------------------------------------------------------------------------------------------------------------------------
                                                          SURVEY OF INDIA
                                                    MARINE GEODESY WING (G&RB)
                                                     HOURLY HEIGHTS IN METRES
  NAME OF PORT:- VISHAKHAPATNAM                                                                     MONTH APRIL     YEAR 2011
 ----------------------------------------------------------------------------------------------------------------------------
 DAYS 0000 0001 0002 0003 0004 0005 0006 0007 0008 0009 0010 0011 0012 0013 0014 0015 0016 0017 0018 0019 0020 0021 0022 0023
 ----------------------------------------------------------------------------------------------------------------------------
  1   0.34 0.21 0.22 0.37 0.59 0.86 1.06 1.20 1.20 1.09 0.87 0.64 0.41 0.29 0.25 0.39 0.60 0.89 1.11 1.27 1.27 1.16 0.91 0.66
  2   0.33 0.18 0.15 0.27 0.50 0.79 1.09 1.28 1.35 1.26 1.05 0.79 0.49 0.31 0.23 0.31 0.50 0.79 1.07 1.28 1.36 1.30 1.10 0.82
  3   0.49 0.26 0.17 0.21 0.40 0.68 1.01 1.27 1.42 1.39 1.20 0.94 0.65 0.38 0.22 0.22 0.38 0.62 0.94 1.17 1.35 1.34 1.19 0.95
  4   0.57 0.29 0.13 0.11 0.26 0.53 0.88 1.19 1.39 1.43 1.35 1.08 0.80 0.49 0.25 0.19 0.28 0.49 0.79 1.08 1.28 1.36 1.26 1.04
  5   0.69 0.38 0.15 0.03 0.13 0.35 0.70 1.05 1.29 1.43 1.40 1.21 0.94 0.59 0.34 0.20 0.19 0.34 0.61 0.91 1.17 1.30 1.26 1.09
  6   0.82 0.48 0.19 0.06 0.07 0.26 0.57 0.93 1.21 1.39 1.44 1.33 1.09 0.81 0.51 0.31 0.23 0.33 0.55 0.81 1.11 1.26 1.30 1.21
  7   0.96 0.67 0.38 0.17 0.11 0.21 0.44 0.76 1.05 1.31 1.42 1.39 1.21 0.96 0.68 0.44 0.31 0.30 0.44 0.68 0.93 1.13 1.22 1.21
  8   1.03 0.78 0.50 0.27 0.14 0.13 0.31 0.57 0.88 1.13 1.30 1.36 1.29 1.06 0.82 0.58 0.38 0.30 0.34 0.49 0.74 0.95 1.10 1.16
  9   1.08 0.87 0.64 0.41 0.23 0.17 0.24 0.43 0.67 0.93 1.13 1.26 1.27 1.15 0.96 0.75 0.54 0.40 0.36 0.41 0.61 0.80 0.95 1.03
 10   1.05 0.94 0.76 0.58 0.38 0.25 0.25 0.33 0.50 0.71 0.91 1.08 1.17 1.17 1.09 0.92 0.75 0.59 0.49 0.45 0.50 0.63 0.75 0.89
 11   0.97 0.98 0.91 0.77 0.62 0.47 0.37 0.36 0.43 0.57 0.73 0.91 1.06 1.12 1.11 1.03 0.90 0.77 0.64 0.55 0.53 0.58 0.65 0.73
 12   0.79 0.89 0.93 0.88 0.77 0.66 0.57 0.49 0.47 0.53 0.63 0.76 0.91 1.04 1.15 1.17 1.13 1.03 0.90 0.77 0.64 0.54 0.51 0.54
 13   0.64 0.73 0.84 0.93 0.95 0.91 0.83 0.73 0.63 0.55 0.51 0.57 0.69 0.86 1.01 1.13 1.22 1.21 1.11 0.96 0.78 0.61 0.46 0.33
 14   0.38 0.53 0.71 0.90 1.04 1.13 1.12 1.02 0.86 0.70 0.53 0.44 0.45 0.59 0.76 0.97 1.16 1.29 1.29 1.18 0.99 0.75 0.51 0.32
 15   0.21 0.28 0.49 0.75 1.03 1.23 1.33 1.29 1.11 0.89 0.66 0.43 0.33 0.37 0.51 0.77 1.05 1.31 1.45 1.40 1.21 0.94 0.62 0.33
 16   0.14 0.07 0.21 0.49 0.85 1.19 1.45 1.51 1.44 1.20 0.91 0.56 0.33 0.25 0.30 0.53 0.83 1.17 1.43 1.54 1.47 1.24 0.90 0.50
 17   0.16-0.03-0.01 0.21 0.56 0.99 1.35 1.61 1.64 1.50 1.20 0.83 0.48 0.26 0.18 0.33 0.60 0.95 1.29 1.53 1.61 1.47 1.19 0.79
 18   0.34 0.02-0.10 0.03 0.30 0.73 1.20 1.55 1.76 1.75 1.52 1.16 0.75 0.42 0.19 0.13 0.34 0.66 1.06 1.38 1.56 1.58 1.38 1.04
 19   0.58 0.22-0.02-0.04 0.15 0.47 0.93 1.33 1.64 1.75 1.65 1.38 1.02 0.61 0.30 0.15 0.16 0.40 0.74 1.12 1.38 1.54 1.47 1.24
 20   0.85 0.47 0.15 0.02 0.05 0.28 0.65 1.06 1.40 1.64 1.70 1.56 1.27 0.95 0.57 0.34 0.21 0.28 0.52 0.84 1.16 1.39 1.48 1.38
 21   1.13 0.80 0.47 0.23 0.12 0.19 0.45 0.79 1.17 1.46 1.64 1.64 1.48 1.16 0.83 0.53 0.34 0.28 0.39 0.62 0.89 1.13 1.29 1.30
 22   1.18 0.93 0.68 0.43 0.26 0.20 0.33 0.57 0.87 1.17 1.39 1.48 1.43 1.26 1.00 0.74 0.52 0.38 0.37 0.49 0.69 0.90 1.07 1.18
 23   1.16 1.03 0.86 0.63 0.44 0.35 0.35 0.46 0.71 0.96 1.20 1.35 1.43 1.39 1.23 1.00 0.79 0.62 0.52 0.50 0.60 0.74 0.89 1.01
 24   1.11 1.06 0.96 0.84 0.70 0.56 0.50 0.50 0.61 0.80 0.99 1.16 1.28 1.35 1.30 1.18 1.02 0.86 0.70 0.60 0.58 0.62 0.74 0.85
 25   0.96 1.00 1.01 0.97 0.87 0.76 0.68 0.65 0.67 0.73 0.84 0.96 1.09 1.21 1.27 1.23 1.14 1.02 0.88 0.74 0.66 0.62 0.64 0.70
 26   0.77 0.86 0.94 0.96 0.94 0.89 0.82 0.75 0.69 0.68 0.72 0.79 0.90 1.02 1.10 1.15 1.17 1.12 1.01 0.89 0.78 0.68 0.63 0.62
 27   0.68 0.75 0.84 0.94 1.03 1.07 1.04 0.97 0.87 0.80 0.77 0.76 0.81 0.92 1.04 1.17 1.24 1.26 1.19 1.07 0.95 0.80 0.67 0.58
 28   0.60 0.67 0.80 0.95 1.08 1.18 1.20 1.15 1.05 0.92 0.81 0.74 0.73 0.80 0.90 1.04 1.18 1.28 1.29 1.20 1.05 0.86 0.69 0.57
 29   0.52 0.57 0.68 0.88 1.06 1.20 1.29 1.29 1.19 1.05 0.87 0.71 0.62 0.63 0.74 0.90 1.07 1.21 1.30 1.29 1.18 1.00 0.81 0.63
 30   0.48 0.46 0.57 0.77 0.97 1.18 1.34 1.40 1.33 1.19 0.98 0.77 0.62 0.55 0.60 0.76 0.95 1.14 1.30 1.34 1.27 1.11 0.87 0.67
 ----------------------------------------------------------------------------------------------------------------------------
                                                                                               
 ----------------------------------------------------------------------------------------------------------------------------
 ----------------------------------------------------------------------------------------------------------------------------
                                                          SURVEY OF INDIA
                                                    MARINE GEODESY WING (G&RB)
                                                     HOURLY HEIGHTS IN METRES
  NAME OF PORT:- VISHAKHAPATNAM                                                                     MONTH MAY       YEAR 2011
 ----------------------------------------------------------------------------------------------------------------------------
 DAYS 0000 0001 0002 0003 0004 0005 0006 0007 0008 0009 0010 0011 0012 0013 0014 0015 0016 0017 0018 0019 0020 0021 0022 0023
 ----------------------------------------------------------------------------------------------------------------------------
  1   0.43 0.35 0.43 0.59 0.86 1.13 1.32 1.47 1.47 1.34 1.10 0.88 0.67 0.54 0.51 0.64 0.84 1.05 1.26 1.38 1.40 1.26 1.04 0.77
  2   0.51 0.37 0.33 0.49 0.74 1.02 1.33 1.50 1.56 1.50 1.28 1.01 0.70 0.50 0.44 0.49 0.69 0.91 1.16 1.32 1.37 1.29 1.06 0.78
  3   0.48 0.28 0.20 0.34 0.56 0.88 1.20 1.44 1.56 1.53 1.36 1.13 0.80 0.56 0.38 0.39 0.52 0.75 1.01 1.25 1.35 1.34 1.16 0.91
  4   0.58 0.32 0.19 0.22 0.39 0.68 1.01 1.32 1.51 1.55 1.44 1.20 0.92 0.64 0.41 0.32 0.38 0.57 0.82 1.10 1.28 1.35 1.28 1.02
  5   0.75 0.44 0.22 0.14 0.26 0.49 0.81 1.15 1.43 1.56 1.55 1.36 1.11 0.84 0.54 0.39 0.38 0.50 0.73 0.99 1.22 1.38 1.36 1.18
  6   0.92 0.60 0.34 0.21 0.25 0.42 0.67 1.02 1.32 1.53 1.62 1.52 1.34 1.05 0.76 0.54 0.39 0.42 0.58 0.83 1.07 1.25 1.34 1.28
  7   1.06 0.80 0.54 0.33 0.26 0.32 0.51 0.80 1.13 1.37 1.55 1.58 1.47 1.24 0.97 0.70 0.52 0.45 0.51 0.68 0.91 1.14 1.27 1.28
  8   1.16 0.97 0.70 0.50 0.36 0.31 0.44 0.62 0.92 1.18 1.40 1.51 1.49 1.37 1.15 0.92 0.69 0.54 0.48 0.56 0.74 0.94 1.15 1.30
  9   1.24 1.10 0.91 0.72 0.55 0.44 0.42 0.54 0.74 0.97 1.21 1.39 1.50 1.47 1.30 1.10 0.90 0.70 0.56 0.52 0.60 0.79 0.96 1.10
 10   1.16 1.17 1.07 0.94 0.76 0.61 0.51 0.52 0.60 0.78 0.99 1.18 1.33 1.42 1.38 1.26 1.07 0.86 0.69 0.55 0.51 0.56 0.68 0.83
 11   0.98 1.08 1.10 1.06 0.95 0.80 0.68 0.58 0.52 0.60 0.72 0.88 1.07 1.20 1.28 1.28 1.17 0.99 0.82 0.64 0.51 0.42 0.46 0.58
 12   0.76 0.90 1.04 1.09 1.07 0.99 0.86 0.72 0.61 0.52 0.57 0.66 0.82 0.98 1.15 1.25 1.26 1.14 0.99 0.79 0.58 0.42 0.33 0.38
 13   0.54 0.72 0.92 1.10 1.23 1.25 1.13 0.97 0.78 0.62 0.52 0.51 0.61 0.79 0.99 1.18 1.29 1.31 1.20 1.00 0.78 0.54 0.34 0.23
 14   0.26 0.46 0.71 1.00 1.23 1.40 1.43 1.30 1.08 0.84 0.61 0.45 0.43 0.55 0.72 0.94 1.18 1.31 1.34 1.22 0.99 0.70 0.43 0.22
 15   0.12 0.17 0.39 0.71 1.03 1.32 1.48 1.49 1.32 1.08 0.77 0.50 0.35 0.30 0.45 0.69 0.97 1.21 1.38 1.40 1.24 0.98 0.68 0.34
 16   0.08 0.01 0.13 0.40 0.76 1.13 1.46 1.60 1.60 1.38 1.05 0.73 0.44 0.29 0.27 0.43 0.70 0.99 1.27 1.43 1.38 1.20 0.94 0.60
 17   0.24 0.05 0.04 0.21 0.53 0.94 1.30 1.60 1.69 1.62 1.35 1.02 0.66 0.36 0.24 0.27 0.49 0.78 1.10 1.35 1.47 1.42 1.17 0.83
 18   0.48 0.17 0.02 0.10 0.30 0.68 1.08 1.45 1.67 1.71 1.56 1.26 0.89 0.57 0.32 0.22 0.34 0.57 0.87 1.18 1.38 1.46 1.35 1.09
 19   0.70 0.39 0.15 0.06 0.17 0.41 0.79 1.20 1.48 1.65 1.66 1.44 1.13 0.80 0.50 0.29 0.24 0.34 0.59 0.86 1.12 1.30 1.35 1.16
 20   0.86 0.60 0.34 0.14 0.10 0.26 0.52 0.89 1.22 1.43 1.56 1.57 1.38 1.10 0.78 0.52 0.39 0.37 0.52 0.75 1.03 1.26 1.39 1.36
 21   1.17 0.92 0.68 0.45 0.33 0.37 0.52 0.76 1.10 1.36 1.56 1.62 1.52 1.35 1.05 0.78 0.56 0.44 0.44 0.60 0.79 1.00 1.16 1.24
 22   1.17 0.99 0.79 0.58 0.41 0.32 0.38 0.55 0.80 1.06 1.27 1.41 1.44 1.33 1.16 0.89 0.66 0.49 0.38 0.44 0.57 0.77 0.96 1.09
 23   1.13 1.08 0.94 0.78 0.62 0.50 0.48 0.54 0.69 0.88 1.10 1.27 1.38 1.35 1.21 0.99 0.80 0.60 0.46 0.43 0.47 0.59 0.77 0.90
 24   1.00 1.01 0.96 0.87 0.75 0.62 0.55 0.52 0.57 0.70 0.87 1.03 1.16 1.24 1.22 1.11 0.97 0.82 0.67 0.53 0.49 0.53 0.62 0.75
 25   0.88 0.96 0.99 0.96 0.88 0.77 0.67 0.61 0.59 0.62 0.71 0.84 1.02 1.14 1.20 1.17 1.08 0.95 0.79 0.67 0.57 0.55 0.58 0.69
 26   0.80 0.92 1.00 1.06 1.03 0.97 0.89 0.80 0.71 0.67 0.69 0.76 0.86 0.99 1.08 1.15 1.13 1.07 0.96 0.83 0.70 0.59 0.53 0.55
 27   0.66 0.77 0.89 0.99 1.08 1.12 1.09 0.99 0.88 0.78 0.72 0.71 0.77 0.88 0.99 1.09 1.15 1.13 1.07 0.94 0.80 0.64 0.49 0.41
 28
 29
 30
 31
 ----------------------------------------------------------------------------------------------------------------------------
                                                                                               
 ----------------------------------------------------------------------------------------------------------------------------
 ----------------------------------------------------------------------------------------------------------------------------
                                                          SURVEY OF INDIA
                                                    MARINE GEODESY WING (G&RB)
                                                     HOURLY HEIGHTS IN METRES
  NAME OF PORT:- VISHAKHAPATNAM                                                                     MONTH JUNE      YEAR 2011
 ----------------------------------------------------------------------------------------------------------------------------
 DAYS 0000 0001 0002 0003 0004 0005 0006 0007 0008 0009 0010 0011 0012 0013 0014 0015 0016 0017 0018 0019 0020 0021 0022 0023
 ----------------------------------------------------------------------------------------------------------------------------
  1
  2
  3   0.65 0.39 0.20 0.18 0.34 0.59 0.92 1.24 1.50 1.62 1.56 1.39 1.09 0.78 0.56 0.40 0.39 0.50 0.77 1.03 1.24 1.32 1.31 1.13
  4   0.85 0.51 0.30 0.20 0.24 0.43 0.73 1.06 1.39 1.60 1.64 1.55 1.32 1.01 0.72 0.50 0.41 0.45 0.63 0.87 1.10 1.29 1.36 1.25
  5   1.00 0.72 0.45 0.28 0.23 0.34 0.57 0.87 1.19 1.46 1.58 1.56 1.40 1.14 0.84 0.58 0.42 0.36 0.47 0.67 0.94 1.15 1.29 1.31
  6   1.14 0.92 0.63 0.42 0.30 0.29 0.44 0.69 0.99 1.30 1.51 1.58 1.53 1.34 1.06 0.78 0.54 0.40 0.38 0.47 0.71 0.95 1.18 1.28
  7   1.25 1.10 0.91 0.68 0.50 0.42 0.45 0.61 0.87 1.14 1.37 1.53 1.57 1.47 1.29 1.02 0.76 0.55 0.43 0.41 0.52 0.73 0.95 1.16
  8   1.25 1.25 1.16 1.02 0.82 0.64 0.54 0.56 0.69 0.88 1.13 1.33 1.46 1.51 1.43 1.24 1.00 0.76 0.56 0.46 0.45 0.57 0.76 0.95
  9   1.14 1.23 1.26 1.18 1.01 0.85 0.69 0.61 0.59 0.69 0.84 1.05 1.26 1.39 1.42 1.33 1.17 0.96 0.74 0.56 0.44 0.42 0.53 0.70
 10   0.90 1.09 1.23 1.29 1.23 1.10 0.95 0.77 0.67 0.63 0.70 0.83 1.00 1.17 1.30 1.35 1.29 1.14 0.94 0.71 0.51 0.39 0.35 0.44
 11   0.62 0.84 1.05 1.20 1.32 1.29 1.17 1.00 0.83 0.69 0.60 0.63 0.76 0.92 1.09 1.22 1.31 1.28 1.13 0.92 0.69 0.47 0.34 0.31
 12   0.38 0.57 0.82 1.08 1.26 1.39 1.40 1.26 1.07 0.85 0.65 0.56 0.55 0.63 0.79 0.98 1.16 1.26 1.25 1.11 0.89 0.67 0.46 0.32
 13   0.25 0.36 0.58 0.88 1.17 1.43 1.54 1.52 1.36 1.14 0.87 0.65 0.52 0.48 0.62 0.80 1.05 1.24 1.36 1.35 1.22 0.99 0.71 0.44
 14   0.25 0.19 0.36 0.62 0.96 1.27 1.54 1.69 1.60 1.42 1.12 0.85 0.59 0.41 0.40 0.55 0.77 1.02 1.23 1.35 1.34 1.15 0.89 0.59
 15   0.33 0.19 0.19 0.38 0.69 1.03 1.37 1.60 1.69 1.59 1.35 1.05 0.70 0.44 0.31 0.35 0.54 0.79 1.04 1.23 1.32 1.24 1.05 0.74
 16   0.46 0.22 0.10 0.17 0.40 0.74 1.08 1.42 1.60 1.65 1.49 1.27 0.93 0.63 0.42 0.34 0.42 0.63 0.90 1.16 1.32 1.38 1.28 1.06
 17   0.75 0.46 0.26 0.19 0.31 0.55 0.93 1.30 1.56 1.69 1.66 1.50 1.19 0.87 0.56 0.39 0.31 0.40 0.64 0.91 1.13 1.27 1.30 1.15
 18   0.88 0.58 0.34 0.19 0.20 0.36 0.63 0.97 1.28 1.50 1.58 1.48 1.24 0.94 0.61 0.34 0.24 0.23 0.39 0.60 0.86 1.07 1.18 1.13
 19   0.96 0.68 0.42 0.24 0.15 0.18 0.38 0.69 1.01 1.27 1.42 1.48 1.34 1.10 0.80 0.53 0.31 0.26 0.31 0.49 0.74 0.97 1.14 1.23
 20   1.14 0.95 0.72 0.52 0.39 0.36 0.46 0.70 0.96 1.24 1.46 1.57 1.53 1.33 1.07 0.80 0.58 0.43 0.40 0.52 0.72 0.94 1.15 1.27
 21   1.30 1.12 0.92 0.74 0.59 0.50 0.51 0.65 0.85 1.09 1.32 1.46 1.49 1.39 1.23 1.00 0.77 0.59 0.49 0.51 0.63 0.80 1.02 1.16
 22   1.24 1.21 1.10 0.95 0.79 0.68 0.61 0.65 0.77 0.94 1.14 1.30 1.41 1.39 1.29 1.10 0.90 0.72 0.60 0.54 0.57 0.69 0.86 1.02
 23   1.15 1.19 1.18 1.07 0.93 0.79 0.69 0.66 0.71 0.81 0.99 1.14 1.27 1.31 1.28 1.18 1.01 0.81 0.66 0.55 0.55 0.61 0.73 0.88
 24   1.04 1.13 1.17 1.16 1.08 0.98 0.87 0.79 0.75 0.78 0.86 0.99 1.11 1.21 1.24 1.22 1.09 0.94 0.80 0.68 0.59 0.55 0.63 0.73
 25   0.88 0.98 1.07 1.13 1.14 1.09 1.01 0.91 0.84 0.81 0.81 0.87 0.98 1.07 1.15 1.19 1.15 1.07 0.95 0.82 0.69 0.61 0.59 0.64
 26   0.74 0.87 1.01 1.15 1.23 1.25 1.19 1.11 0.99 0.88 0.81 0.78 0.84 0.92 1.02 1.09 1.14 1.14 1.07 0.93 0.80 0.68 0.59 0.55
 27   0.60 0.73 0.89 1.04 1.20 1.30 1.32 1.25 1.12 0.98 0.83 0.73 0.67 0.69 0.79 0.92 1.03 1.07 1.07 1.01 0.87 0.72 0.57 0.45
 28   0.43 0.50 0.66 0.85 1.07 1.25 1.35 1.34 1.24 1.08 0.88 0.72 0.60 0.56 0.65 0.78 0.91 1.04 1.14 1.12 1.01 0.85 0.67 0.49
 29   0.36 0.36 0.48 0.67 0.92 1.17 1.34 1.42 1.39 1.24 1.04 0.83 0.65 0.53 0.54 0.64 0.81 0.98 1.14 1.20 1.15 1.02 0.80 0.59
 30   0.38 0.30 0.32 0.50 0.75 1.04 1.30 1.48 1.52 1.43 1.25 0.99 0.74 0.55 0.46 0.49 0.65 0.86 1.06 1.23 1.26 1.19 0.99 0.76
 ----------------------------------------------------------------------------------------------------------------------------
                                                                                               
 ----------------------------------------------------------------------------------------------------------------------------
 ----------------------------------------------------------------------------------------------------------------------------
                                                          SURVEY OF INDIA
                                                    MARINE GEODESY WING (G&RB)
                                                     HOURLY HEIGHTS IN METRES
  NAME OF PORT:- VISHAKHAPATNAM                                                                     MONTH JULY      YEAR 2011
 ----------------------------------------------------------------------------------------------------------------------------
 DAYS 0000 0001 0002 0003 0004 0005 0006 0007 0008 0009 0010 0011 0012 0013 0014 0015 0016 0017 0018 0019 0020 0021 0022 0023
 ----------------------------------------------------------------------------------------------------------------------------
  1   0.48 0.29 0.22 0.33 0.56 0.85 1.19 1.46 1.59 1.58 1.44 1.17 0.86 0.61 0.41 0.35 0.47 0.68 0.93 1.14 1.28 1.28 1.12 0.87
  2   0.60 0.33 0.18 0.23 0.36 0.66 1.02 1.34 1.56 1.63 1.52 1.30 0.99 0.64 0.41 0.28 0.32 0.46 0.76 1.03 1.24 1.34 1.27 1.06
  3   0.78 0.46 0.24 0.17 0.28 0.47 0.82 1.18 1.49 1.65 1.64 1.50 1.19 0.85 0.55 0.32 0.21 0.32 0.57 0.85 1.13 1.30 1.37 1.25
  4   1.00 0.68 0.40 0.22 0.21 0.35 0.64 0.95 1.30 1.55 1.68 1.61 1.39 1.06 0.73 0.44 0.25 0.25 0.39 0.68 0.98 1.23 1.40 1.42
  5   1.26 0.98 0.70 0.47 0.34 0.36 0.52 0.82 1.15 1.45 1.66 1.71 1.61 1.40 1.08 0.74 0.45 0.33 0.35 0.53 0.79 1.06 1.32 1.45
  6   1.43 1.27 1.03 0.75 0.55 0.44 0.48 0.65 0.92 1.20 1.47 1.64 1.65 1.51 1.26 0.94 0.62 0.41 0.32 0.39 0.55 0.84 1.08 1.31
  7   1.44 1.38 1.25 1.02 0.78 0.60 0.53 0.57 0.71 0.94 1.20 1.40 1.53 1.49 1.35 1.12 0.86 0.58 0.41 0.34 0.40 0.59 0.81 1.06
  8   1.24 1.34 1.32 1.20 1.01 0.82 0.65 0.57 0.61 0.75 0.93 1.14 1.29 1.37 1.34 1.21 0.99 0.75 0.56 0.39 0.35 0.43 0.61 0.83
  9   1.00 1.21 1.33 1.32 1.21 1.04 0.87 0.73 0.65 0.66 0.75 0.89 1.04 1.18 1.27 1.26 1.16 0.98 0.79 0.60 0.46 0.40 0.44 0.57
 10   0.76 0.99 1.16 1.30 1.34 1.28 1.12 0.96 0.80 0.68 0.63 0.68 0.77 0.92 1.06 1.17 1.20 1.15 1.02 0.86 0.67 0.50 0.40 0.40
 11   0.52 0.72 0.94 1.12 1.29 1.37 1.37 1.23 1.06 0.88 0.72 0.65 0.62 0.70 0.85 1.03 1.16 1.22 1.21 1.09 0.92 0.74 0.56 0.39
 12   0.39 0.51 0.72 0.99 1.21 1.41 1.50 1.46 1.32 1.11 0.89 0.69 0.56 0.56 0.64 0.79 1.00 1.15 1.25 1.27 1.17 0.98 0.76 0.63
 13   0.39 0.37 0.50 0.73 1.04 1.31 1.53 1.63 1.56 1.42 1.16 0.91 0.67 0.54 0.53 0.65 0.83 1.07 1.25 1.37 1.35 1.19 0.94 0.68
 14   0.46 0.32 0.34 0.51 0.79 1.10 1.41 1.61 1.68 1.57 1.35 1.07 0.78 0.57 0.45 0.48 0.63 0.85 1.11 1.30 1.38 1.31 1.10 0.82
 15   0.52 0.33 0.24 0.32 0.53 0.86 1.20 1.48 1.66 1.66 1.52 1.25 0.91 0.63 0.46 0.35 0.43 0.63 0.90 1.16 1.32 1.36 1.24 0.99
 16   0.68 0.39 0.23 0.23 0.38 0.65 1.00 1.34 1.59 1.67 1.58 1.36 1.02 0.70 0.45 0.30 0.33 0.52 0.77 1.04 1.28 1.39 1.34 1.15
 17   0.86 0.56 0.33 0.25 0.32 0.50 0.78 1.11 1.39 1.54 1.56 1.50 1.25 0.92 0.62 0.41 0.32 0.40 0.60 0.86 1.12 1.31 1.37 1.27
 18   1.06 0.78 0.52 0.34 0.30 0.40 0.62 0.92 1.22 1.44 1.50 1.44 1.22 1.00 0.78 0.55 0.37 0.33 0.47 0.69 0.96 1.20 1.34 1.35
 19   1.20 0.97 0.70 0.47 0.34 0.34 0.49 0.73 1.05 1.32 1.49 1.49 1.39 1.19 0.92 0.65 0.38 0.30 0.41 0.57 0.81 1.07 1.25 1.33
 20   1.24 1.06 0.82 0.60 0.44 0.39 0.49 0.67 0.92 1.18 1.38 1.45 1.40 1.22 0.95 0.69 0.47 0.33 0.34 0.46 0.65 0.90 1.11 1.25
 21   1.25 1.14 0.94 0.73 0.55 0.44 0.44 0.55 0.73 0.94 1.15 1.29 1.32 1.22 1.03 0.73 0.51 0.35 0.29 0.34 0.48 0.68 0.90 1.06
 22   1.15 1.09 1.00 0.83 0.65 0.50 0.46 0.50 0.62 0.80 0.97 1.13 1.21 1.19 1.05 0.85 0.64 0.45 0.35 0.34 0.40 0.54 0.73 0.93
 23   1.05 1.09 1.06 0.96 0.81 0.65 0.54 0.53 0.57 0.68 0.81 0.95 1.06 1.10 1.04 0.94 0.78 0.61 0.49 0.39 0.39 0.46 0.60 0.78
 24   0.92 1.01 1.07 1.05 0.97 0.88 0.79 0.71 0.67 0.70 0.76 0.87 0.97 1.05 1.08 1.05 0.95 0.82 0.70 0.60 0.54 0.56 0.63 0.75
 25   0.87 1.01 1.12 1.19 1.20 1.17 1.08 0.97 0.87 0.82 0.81 0.85 0.93 1.00 1.06 1.09 1.08 1.00 0.89 0.78 0.68 0.60 0.58 0.61
 26   0.72 0.86 1.00 1.14 1.23 1.25 1.23 1.14 1.02 0.91 0.81 0.77 0.78 0.83 0.91 1.00 1.06 1.10 1.05 0.97 0.84 0.70 0.57 0.53
 27   0.57 0.69 0.84 1.02 1.19 1.33 1.37 1.33 1.20 1.05 0.89 0.76 0.68 0.66 0.75 0.86 1.00 1.10 1.16 1.11 0.99 0.83 0.66 0.51
 28   0.43 0.45 0.58 0.79 1.03 1.27 1.43 1.49 1.40 1.25 1.06 0.84 0.67 0.59 0.59 0.69 0.88 1.06 1.19 1.25 1.18 1.02 0.81 0.59
 29   0.44 0.37 0.45 0.64 0.93 1.20 1.46 1.60 1.62 1.47 1.25 0.97 0.74 0.57 0.49 0.58 0.77 1.03 1.27 1.41 1.47 1.35 1.10 0.83
 30   0.54 0.37 0.35 0.50 0.75 1.10 1.44 1.68 1.77 1.70 1.52 1.22 0.91 0.62 0.48 0.49 0.64 0.89 1.20 1.41 1.53 1.50 1.34 1.05
 31   0.94 0.63 0.39 0.35 0.59 0.90 1.30 1.64 1.86 1.87 1.72 1.44 1.04 0.70 0.43 0.33 0.43 0.67 1.00 1.31 1.55 1.65 1.58 1.35
 ----------------------------------------------------------------------------------------------------------------------------
                                                                                               
 ----------------------------------------------------------------------------------------------------------------------------
 ----------------------------------------------------------------------------------------------------------------------------
                                                          SURVEY OF INDIA
                                                    MARINE GEODESY WING (G&RB)
                                                     HOURLY HEIGHTS IN METRES
  NAME OF PORT:- VISHAKHAPATNAM                                                                     MONTH AUGUST    YEAR 2011
 ----------------------------------------------------------------------------------------------------------------------------
 DAYS 0000 0001 0002 0003 0004 0005 0006 0007 0008 0009 0010 0011 0012 0013 0014 0015 0016 0017 0018 0019 0020 0021 0022 0023
 ----------------------------------------------------------------------------------------------------------------------------
  1   0.96 0.63 0.39 0.32 0.44 0.72 1.10 1.50 1.80 1.94 1.88 1.66 1.32 0.91 0.57 0.37 0.30 0.46 0.78 1.16 1.49 1.70 1.74 1.58
  2   1.21 0.88 0.54 0.35 0.35 0.56 0.88 1.29 1.70 1.89 1.95 1.82 1.56 1.16 0.77 0.46 0.29 0.30 0.52 0.88 1.25 1.54 1.71 1.69
  3   1.48 1.14 0.78 0.54 0.38 0.42 0.59 0.90 1.26 1.60 1.79 1.82 1.62 1.30 0.93 0.58 0.32 0.23 0.34 0.58 0.90 1.24 1.48 1.60
  4   1.52 1.30 1.00 0.70 0.48 0.38 0.46 0.66 0.96 1.26 1.52 1.64 1.60 1.39 1.08 0.73 0.46 0.24 0.20 0.34 0.58 0.88 1.20 1.40
  5   1.48 1.40 1.18 0.93 0.67 0.50 0.42 0.52 0.70 0.96 1.20 1.36 1.45 1.36 1.18 0.90 0.62 0.39 0.26 0.28 0.42 0.63 0.90 1.16
  6   1.31 1.35 1.26 1.09 0.87 0.67 0.52 0.46 0.54 0.70 0.89 1.06 1.20 1.24 1.16 1.01 0.79 0.56 0.37 0.28 0.31 0.42 0.61 0.82
  7   1.02 1.16 1.21 1.16 1.03 0.86 0.70 0.58 0.52 0.58 0.68 0.81 0.93 1.04 1.11 1.08 0.98 0.81 0.64 0.51 0.40 0.38 0.46 0.62
  8   0.80 0.98 1.12 1.20 1.20 1.12 1.00 0.86 0.73 0.62 0.60 0.65 0.74 0.83 0.92 1.00 1.02 0.96 0.84 0.69 0.56 0.46 0.40 0.43
  9   0.54 0.68 0.85 1.02 1.16 1.23 1.18 1.06 0.92 0.77 0.64 0.56 0.55 0.60 0.70 0.83 0.94 1.00 0.96 0.88 0.76 0.60 0.47 0.38
 10   0.36 0.45 0.60 0.80 1.01 1.20 1.30 1.27 1.16 1.00 0.78 0.60 0.48 0.46 0.52 0.64 0.80 0.97 1.06 1.07 0.98 0.83 0.62 0.46
 11   0.30 0.28 0.40 0.60 0.86 1.10 1.31 1.40 1.34 1.18 0.97 0.74 0.52 0.39 0.39 0.48 0.66 0.88 1.06 1.16 1.16 1.02 0.82 0.60
 12   0.36 0.24 0.26 0.43 0.70 0.98 1.27 1.43 1.49 1.40 1.18 0.90 0.64 0.41 0.32 0.37 0.54 0.80 1.04 1.22 1.30 1.23 1.04 0.78
 13   0.50 0.28 0.20 0.30 0.51 0.83 1.16 1.41 1.54 1.50 1.33 1.06 0.74 0.45 0.28 0.26 0.38 0.60 0.88 1.11 1.25 1.26 1.12 0.86
 14   0.54 0.30 0.15 0.14 0.30 0.58 0.90 1.20 1.40 1.46 1.36 1.13 0.80 0.48 0.24 0.14 0.21 0.39 0.68 0.96 1.19 1.26 1.20 0.99
 15   0.69 0.38 0.20 0.11 0.20 0.43 0.76 1.08 1.34 1.46 1.42 1.24 0.93 0.61 0.34 0.18 0.18 0.33 0.59 0.88 1.16 1.30 1.32 1.17
 16   0.90 0.63 0.36 0.24 0.25 0.40 0.69 0.98 1.30 1.46 1.50 1.36 1.11 0.81 0.52 0.30 0.22 0.28 0.47 0.77 1.06 1.30 1.42 1.34
 17   1.10 0.82 0.55 0.34 0.24 0.30 0.50 0.80 1.10 1.33 1.44 1.40 1.23 0.95 0.64 0.39 0.25 0.27 0.39 0.64 0.93 1.15 1.32 1.32
 18   1.18 0.93 0.67 0.46 0.32 0.32 0.42 0.62 0.91 1.16 1.32 1.34 1.24 1.02 0.73 0.48 0.30 0.24 0.33 0.50 0.80 1.06 1.23 1.34
 19   1.24 1.08 0.84 0.62 0.43 0.38 0.43 0.56 0.79 1.00 1.20 1.30 1.24 1.08 0.86 0.62 0.42 0.33 0.36 0.45 0.64 0.86 1.08 1.22
 20   1.24 1.17 0.98 0.78 0.61 0.52 0.50 0.58 0.72 0.90 1.07 1.18 1.22 1.13 0.96 0.76 0.57 0.42 0.36 0.42 0.58 0.78 0.96 1.12
 21   1.20 1.17 1.06 0.92 0.78 0.66 0.58 0.60 0.70 0.83 0.97 1.09 1.16 1.11 1.01 0.86 0.70 0.56 0.46 0.46 0.53 0.66 0.81 0.98
 22   1.12 1.17 1.13 1.03 0.92 0.81 0.72 0.66 0.68 0.76 0.86 0.96 1.04 1.07 1.04 0.92 0.79 0.66 0.55 0.50 0.52 0.58 0.70 0.84
 23   0.97 1.06 1.12 1.10 1.05 0.95 0.86 0.78 0.73 0.72 0.75 0.80 0.87 0.94 0.98 0.95 0.88 0.80 0.70 0.60 0.53 0.52 0.57 0.64
 24   0.72 0.84 0.96 1.04 1.08 1.07 1.01 0.92 0.82 0.72 0.64 0.64 0.70 0.76 0.83 0.88 0.92 0.90 0.84 0.76 0.66 0.55 0.48 0.49
 25   0.57 0.66 0.81 0.96 1.09 1.16 1.17 1.11 1.00 0.86 0.69 0.58 0.54 0.59 0.68 0.77 0.88 0.98 1.00 0.94 0.82 0.66 0.50 0.39
 26   0.37 0.44 0.59 0.80 1.02 1.18 1.30 1.30 1.19 1.00 0.78 0.60 0.44 0.40 0.47 0.60 0.80 1.01 1.12 1.14 1.06 0.88 0.66 0.44
 27   0.28 0.27 0.39 0.62 0.92 1.18 1.39 1.50 1.38 1.14 0.86 0.62 0.40 0.25 0.24 0.38 0.62 0.92 1.14 1.28 1.28 1.12 0.85 0.54
 28   0.28 0.14 0.16 0.35 0.64 0.99 1.30 1.50 1.54 1.42 1.15 0.80 0.47 0.22 0.10 0.16 0.42 0.77 1.08 1.35 1.46 1.38 1.14 0.82
 29   0.42 0.16 0.05 0.15 0.40 0.77 1.16 1.50 1.66 1.64 1.42 1.06 0.64 0.30 0.07 0.04 0.20 0.54 0.94 1.28 1.52 1.58 1.44 1.14
 30   0.74 0.38 0.17 0.13 0.28 0.60 1.00 1.40 1.67 1.75 1.64 1.32 0.93 0.50 0.18 0.00 0.10 0.36 0.76 1.18 1.52 1.67 1.64 1.42
 31   1.04 0.63 0.33 0.18 0.22 0.42 0.80 1.24 1.57 1.76 1.74 1.54 1.15 0.74 0.34 0.08 0.02 0.15 0.46 0.89 1.29 1.56 1.68 1.60
 ----------------------------------------------------------------------------------------------------------------------------
                                                                                               
 ----------------------------------------------------------------------------------------------------------------------------
 ----------------------------------------------------------------------------------------------------------------------------
                                                          SURVEY OF INDIA
                                                    MARINE GEODESY WING (G&RB)
                                                     HOURLY HEIGHTS IN METRES
  NAME OF PORT:- VISHAKHAPATNAM                                                                     MONTH SEPT      YEAR 2011
 ----------------------------------------------------------------------------------------------------------------------------
 DAYS 0000 0001 0002 0003 0004 0005 0006 0007 0008 0009 0010 0011 0012 0013 0014 0015 0016 0017 0018 0019 0020 0021 0022 0023
 ----------------------------------------------------------------------------------------------------------------------------
  1   1.34 0.97 0.60 0.32 0.22 0.28 0.54 0.92 1.24 1.52 1.66 1.58 1.36 0.92 0.58 0.24 0.05 0.06 0.26 0.56 1.00 1.36 1.57 1.62
  2   1.48 1.18 0.83 0.52 0.28 0.21 0.34 0.57 0.88 1.18 1.38 1.45 1.34 1.10 0.78 0.44 0.20 0.09 0.15 0.38 0.76 1.14 1.40 1.57
  3   1.57 1.33 1.01 0.70 0.48 0.34 0.30 0.42 0.62 0.88 1.12 1.28 1.32 1.18 0.94 0.68 0.42 0.24 0.16 0.24 0.44 0.72 1.00 1.24
  4   1.33 1.33 1.18 0.98 0.74 0.56 0.45 0.44 0.54 0.70 0.90 1.06 1.17 1.18 1.07 0.88 0.66 0.49 0.36 0.31 0.40 0.52 0.73 0.96
  5   1.16 1.25 1.28 1.19 1.03 0.86 0.71 0.58 0.55 0.60 0.70 0.84 0.98 1.10 1.13 1.08 0.95 0.80 0.65 0.52 0.46 0.48 0.60 0.74
  6   0.92 1.07 1.17 1.22 1.20 1.12 0.98 0.85 0.72 0.66 0.66 0.70 0.79 0.88 0.96 1.01 1.00 0.94 0.84 0.71 0.60 0.53 0.52 0.56
  7   0.64 0.80 0.96 1.08 1.14 1.16 1.10 1.00 0.90 0.78 0.66 0.58 0.55 0.62 0.73 0.84 0.93 1.00 0.98 0.87 0.76 0.62 0.50 0.43
  8   0.44 0.55 0.69 0.88 1.06 1.20 1.29 1.25 1.07 0.89 0.71 0.53 0.44 0.44 0.55 0.70 0.86 0.99 1.06 1.02 0.92 0.75 0.55 0.40
  9   0.38 0.41 0.56 0.76 0.98 1.16 1.28 1.31 1.21 0.98 0.76 0.56 0.40 0.30 0.32 0.46 0.66 0.88 1.04 1.14 1.08 0.96 0.74 0.50
 10   0.34 0.31 0.38 0.58 0.83 1.08 1.27 1.35 1.33 1.16 0.93 0.70 0.44 0.28 0.25 0.34 0.56 0.80 1.06 1.22 1.26 1.17 0.97 0.71
 11   0.44 0.26 0.24 0.34 0.60 0.90 1.19 1.38 1.42 1.35 1.11 0.84 0.54 0.34 0.24 0.30 0.50 0.77 1.10 1.34 1.43 1.38 1.18 0.90
 12   0.57 0.32 0.24 0.28 0.48 0.78 1.12 1.38 1.51 1.48 1.29 1.03 0.70 0.46 0.30 0.28 0.44 0.70 1.02 1.32 1.50 1.51 1.36 1.12
 13   0.74 0.48 0.30 0.26 0.43 0.69 1.06 1.36 1.54 1.60 1.44 1.18 0.86 0.54 0.32 0.24 0.30 0.56 0.88 1.22 1.48 1.58 1.50 1.30
 14   0.92 0.60 0.38 0.30 0.37 0.55 0.88 1.20 1.44 1.57 1.50 1.28 0.96 0.64 0.37 0.23 0.24 0.46 0.76 1.10 1.40 1.56 1.54 1.38
 15   1.06 0.72 0.45 0.28 0.28 0.42 0.69 1.00 1.27 1.45 1.46 1.28 1.03 0.69 0.40 0.23 0.18 0.30 0.57 0.86 1.20 1.39 1.48 1.36
 16   1.12 0.80 0.52 0.31 0.22 0.29 0.50 0.78 1.06 1.28 1.34 1.26 1.05 0.79 0.47 0.26 0.15 0.20 0.40 0.66 0.99 1.24 1.38 1.37
 17   1.21 0.93 0.64 0.40 0.26 0.23 0.36 0.60 0.86 1.10 1.22 1.22 1.11 0.88 0.60 0.37 0.19 0.16 0.26 0.47 0.72 1.00 1.20 1.28
 18   1.21 1.04 0.81 0.58 0.39 0.30 0.33 0.49 0.69 0.90 1.08 1.16 1.10 0.97 0.73 0.50 0.30 0.20 0.24 0.36 0.59 0.82 1.04 1.18
 19   1.23 1.14 0.98 0.80 0.60 0.47 0.44 0.49 0.64 0.82 0.98 1.10 1.12 1.06 0.90 0.70 0.50 0.38 0.34 0.41 0.57 0.76 0.96 1.14
 20   1.22 1.22 1.10 0.95 0.78 0.65 0.58 0.55 0.64 0.76 0.88 1.00 1.08 1.07 0.98 0.84 0.68 0.53 0.43 0.40 0.49 0.64 0.80 0.97
 21   1.08 1.15 1.16 1.07 0.95 0.82 0.72 0.63 0.60 0.65 0.73 0.82 0.91 0.98 0.98 0.93 0.83 0.72 0.61 0.53 0.49 0.53 0.62 0.74
 22   0.92 1.04 1.12 1.14 1.12 1.04 0.94 0.82 0.72 0.66 0.65 0.68 0.75 0.84 0.92 0.96 0.98 0.93 0.84 0.73 0.62 0.55 0.51 0.55
 23   0.68 0.84 0.97 1.10 1.18 1.21 1.15 1.04 0.90 0.74 0.63 0.57 0.59 0.68 0.80 0.94 1.06 1.10 1.08 0.98 0.82 0.66 0.52 0.46
 24   0.46 0.58 0.77 0.96 1.16 1.30 1.30 1.21 1.02 0.80 0.56 0.40 0.34 0.37 0.52 0.72 0.94 1.12 1.22 1.16 1.01 0.80 0.57 0.37
 25   0.25 0.28 0.47 0.70 1.00 1.24 1.38 1.36 1.21 0.96 0.66 0.36 0.19 0.12 0.24 0.46 0.77 1.06 1.28 1.34 1.27 1.04 0.76 0.45
 26   0.20 0.14 0.23 0.44 0.78 1.10 1.38 1.48 1.40 1.16 0.83 0.46 0.15-0.02-0.01 0.18 0.50 0.88 1.25 1.47 1.50 1.36 1.06 0.70
 27   0.32 0.08 0.06 0.18 0.48 0.88 1.25 1.49 1.57 1.43 1.14 0.72 0.32 0.02-0.09-0.03 0.27 0.66 1.10 1.44 1.64 1.60 1.38 1.00
 28   0.58 0.22 0.04 0.03 0.25 0.60 1.02 1.38 1.58 1.58 1.38 0.98 0.56 0.18-0.08-0.14 0.03 0.38 0.83 1.25 1.57 1.68 1.58 1.30
 29   0.86 0.44 0.12-0.02 0.05 0.30 0.70 1.12 1.42 1.55 1.48 1.22 0.82 0.41 0.07-0.14-0.13 0.10 0.50 0.93 1.36 1.62 1.66 1.51
 30
 ----------------------------------------------------------------------------------------------------------------------------
                                                                                               
 ----------------------------------------------------------------------------------------------------------------------------
 ----------------------------------------------------------------------------------------------------------------------------
                                                          SURVEY OF INDIA
                                                    MARINE GEODESY WING (G&RB)
                                                     HOURLY HEIGHTS IN METRES
  NAME OF PORT:- VISHAKHAPATNAM                                                                     MONTH OCTOBER   YEAR 2011
 ----------------------------------------------------------------------------------------------------------------------------
 DAYS 0000 0001 0002 0003 0004 0005 0006 0007 0008 0009 0010 0011 0012 0013 0014 0015 0016 0017 0018 0019 0020 0021 0022 0023
 ----------------------------------------------------------------------------------------------------------------------------
  1
  2
  3
  4
  5
  6
  7
  8
  9
 10
 11
 12
 13
 14
 15
 16
 17
 18
 19
 20
 21
 22
 23
 24
 25
 26
 27
 28
 29
 30
 31
 ----------------------------------------------------------------------------------------------------------------------------
                                                          SURVEY OF INDIA
                                                    MARINE GEODESY WING (G&RB)
                                                     HOURLY HEIGHTS IN METRES
  NAME OF PORT:- VISHAKHAPATNAM                                                                     MONTH NOVEMBER  YEAR 2011
 ----------------------------------------------------------------------------------------------------------------------------
 DAYS 0000 0001 0002 0003 0004 0005 0006 0007 0008 0009 0010 0011 0012 0013 0014 0015 0016 0017 0018 0019 0020 0021 0022 0023
 ----------------------------------------------------------------------------------------------------------------------------
  1
  2   1.48 1.48 1.39 1.25 1.10 0.92 0.79 0.71 0.72 0.82 0.94 1.06 1.16 1.21 1.19 1.12 1.02 0.93 0.84 0.78 0.82 0.92 1.06 1.19
  3   1.34 1.42 1.44 1.38 1.24 1.09 0.96 0.84 0.77 0.78 0.83 0.92 1.02 1.10 1.15 1.17 1.13 1.04 0.95 0.87 0.81 0.79 0.86 0.96
  4   1.05 1.18 1.26 1.30 1.25 1.16 1.04 0.92 0.81 0.71 0.68 0.73 0.81 0.91 1.01 1.10 1.16 1.17 1.10 1.00 0.90 0.82 0.78 0.80
  5   0.88 0.98 1.10 1.19 1.24 1.22 1.14 1.00 0.86 0.74 0.62 0.58 0.64 0.73 0.87 1.01 1.13 1.18 1.16 1.07 0.96 0.84 0.72 0.64
  6   0.64 0.74 0.86 0.99 1.10 1.17 1.15 1.05 0.90 0.73 0.58 0.46 0.44 0.53 0.67 0.84 1.03 1.18 1.25 1.20 1.08 0.92 0.75 0.60
  7   0.51 0.54 0.64 0.80 0.98 1.11 1.17 1.12 0.99 0.80 0.60 0.44 0.35 0.36 0.50 0.71 0.94 1.16 1.29 1.31 1.22 1.05 0.83 0.64
  8   0.46 0.42 0.50 0.65 0.86 1.03 1.16 1.17 1.08 0.90 0.68 0.46 0.33 0.27 0.36 0.55 0.82 1.10 1.30 1.40 1.35 1.18 0.97 0.73
  9   0.51 0.41 0.43 0.55 0.78 1.00 1.18 1.26 1.22 1.07 0.80 0.56 0.36 0.26 0.28 0.46 0.72 1.04 1.34 1.50 1.51 1.38 1.16 0.86
 10   0.60 0.45 0.40 0.50 0.70 0.96 1.18 1.33 1.35 1.22 0.98 0.74 0.50 0.33 0.27 0.37 0.61 0.93 1.25 1.50 1.61 1.56 1.38 1.11
 11   0.75 0.52 0.38 0.38 0.53 0.77 1.06 1.26 1.37 1.31 1.12 0.84 0.52 0.30 0.23 0.28 0.48 0.80 1.12 1.40 1.57 1.58 1.44 1.16
 12   0.85 0.57 0.40 0.34 0.44 0.65 0.94 1.18 1.34 1.34 1.18 0.94 0.66 0.40 0.23 0.20 0.34 0.60 0.94 1.28 1.52 1.62 1.52 1.32
 13   0.97 0.69 0.44 0.33 0.34 0.48 0.76 1.01 1.23 1.31 1.25 1.06 0.80 0.56 0.34 0.24 0.26 0.40 0.70 1.02 1.34 1.52 1.58 1.44
 14   1.20 0.88 0.60 0.42 0.32 0.38 0.58 0.80 1.07 1.22 1.28 1.20 0.99 0.72 0.44 0.25 0.22 0.32 0.55 0.89 1.20 1.44 1.54 1.50
 15   1.30 1.05 0.76 0.55 0.40 0.40 0.52 0.73 0.98 1.16 1.26 1.22 1.09 0.85 0.60 0.42 0.34 0.36 0.48 0.72 1.00 1.28 1.46 1.54
 16   1.45 1.27 1.00 0.76 0.58 0.48 0.48 0.58 0.80 1.00 1.16 1.24 1.19 1.04 0.85 0.64 0.48 0.42 0.47 0.63 0.85 1.09 1.30 1.41
 17   1.44 1.32 1.13 0.92 0.72 0.56 0.51 0.54 0.67 0.84 1.02 1.12 1.16 1.12 1.00 0.84 0.68 0.58 0.54 0.59 0.72 0.92 1.12 1.28
 18   1.40 1.37 1.29 1.10 0.91 0.73 0.61 0.56 0.58 0.70 0.86 0.99 1.12 1.17 1.14 1.06 0.92 0.80 0.68 0.64 0.68 0.78 0.94 1.12
 19   1.27 1.38 1.40 1.30 1.16 0.98 0.78 0.66 0.58 0.58 0.66 0.80 0.96 1.08 1.18 1.23 1.17 1.07 0.96 0.85 0.78 0.76 0.82 0.93
 20   1.10 1.23 1.34 1.37 1.32 1.20 1.00 0.81 0.64 0.55 0.51 0.58 0.71 0.89 1.09 1.26 1.35 1.34 1.24 1.09 0.92 0.78 0.70 0.74
 21   0.84 1.00 1.16 1.30 1.36 1.32 1.19 0.99 0.77 0.59 0.45 0.41 0.50 0.69 0.94 1.24 1.47 1.57 1.54 1.40 1.20 0.97 0.80 0.68
 22   0.70 0.84 1.02 1.25 1.42 1.52 1.47 1.33 1.07 0.80 0.54 0.40 0.37 0.52 0.72 1.04 1.36 1.60 1.70 1.66 1.47 1.21 0.94 0.70
 23   0.56 0.58 0.72 1.00 1.24 1.45 1.56 1.50 1.30 1.04 0.70 0.44 0.27 0.28 0.46 0.76 1.16 1.48 1.74 1.80 1.72 1.46 1.16 0.84
 24   0.58 0.48 0.53 0.74 1.02 1.33 1.54 1.61 1.49 1.28 0.91 0.58 0.29 0.20 0.27 0.52 0.90 1.32 1.68 1.88 1.91 1.76 1.44 1.08
 25   0.72 0.50 0.40 0.50 0.75 1.10 1.38 1.60 1.64 1.52 1.24 0.86 0.52 0.27 0.18 0.32 0.60 0.99 1.39 1.73 1.90 1.89 1.71 1.37
 26   1.00 0.68 0.48 0.41 0.53 0.79 1.12 1.40 1.58 1.60 1.46 1.17 0.84 0.51 0.30 0.24 0.38 0.66 1.08 1.46 1.78 1.92 1.88 1.66
 27   1.30 0.93 0.63 0.45 0.42 0.56 0.83 1.14 1.43 1.56 1.57 1.39 1.11 0.78 0.50 0.32 0.34 0.50 0.82 1.18 1.54 1.76 1.87 1.78
 28   1.51 1.18 0.86 0.57 0.44 0.42 0.60 0.88 1.16 1.38 1.50 1.45 1.30 1.02 0.74 0.52 0.39 0.46 0.68 0.94 1.28 1.54 1.71 1.73
 29   1.59 1.34 1.03 0.74 0.54 0.46 0.52 0.72 0.96 1.19 1.35 1.39 1.34 1.14 0.90 0.68 0.52 0.46 0.56 0.76 1.04 1.30 1.55 1.65
 30   1.62 1.48 1.23 0.96 0.70 0.56 0.50 0.58 0.76 0.96 1.14 1.26 1.30 1.23 1.08 0.90 0.72 0.63 0.62 0.70 0.87 1.09 1.29 1.47
 ----------------------------------------------------------------------------------------------------------------------------
                                                                                               
 ----------------------------------------------------------------------------------------------------------------------------
 ----------------------------------------------------------------------------------------------------------------------------
                                                          SURVEY OF INDIA
                                                    MARINE GEODESY WING (G&RB)
                                                     HOURLY HEIGHTS IN METRES
  NAME OF PORT:- VISHAKHAPATNAM                                                                     MONTH DECEMBER  YEAR 2011
 ----------------------------------------------------------------------------------------------------------------------------
 DAYS 0000 0001 0002 0003 0004 0005 0006 0007 0008 0009 0010 0011 0012 0013 0014 0015 0016 0017 0018 0019 0020 0021 0022 0023
 ----------------------------------------------------------------------------------------------------------------------------
  1   1.55 1.51 1.36 1.13 0.89 0.71 0.58 0.54 0.63 0.80 0.97 1.11 1.21 1.25 1.17 1.03 0.90 0.81 0.74 0.74 0.82 0.96 1.13 1.28
  2   1.40 1.46 1.40 1.29 1.10 0.92 0.78 0.66 0.62 0.71 0.82 0.95 1.09 1.18 1.23 1.20 1.12 1.01 0.92 0.86 0.85 0.88 1.00 1.12
  3   1.26 1.32 1.35 1.32 1.20 1.06 0.93 0.80 0.74 0.72 0.76 0.86 0.98 1.11 1.18 1.22 1.21 1.16 1.08 0.98 0.90 0.86 0.88 0.94
  4   1.05 1.14 1.22 1.26 1.22 1.14 1.02 0.88 0.78 0.70 0.69 0.72 0.83 0.95 1.09 1.19 1.25 1.23 1.17 1.08 0.98 0.90 0.84 0.83
  5   0.89 0.99 1.08 1.16 1.20 1.19 1.09 0.96 0.83 0.70 0.63 0.60 0.65 0.76 0.95 1.10 1.22 1.29 1.28 1.18 1.06 0.91 0.80 0.74
  6   0.74 0.81 0.94 1.05 1.14 1.18 1.16 1.06 0.90 0.76 0.61 0.52 0.52 0.61 0.78 0.97 1.18 1.32 1.38 1.34 1.20 1.03 0.87 0.73
  7   0.64 0.65 0.74 0.88 1.02 1.12 1.17 1.10 1.00 0.81 0.61 0.47 0.42 0.44 0.59 0.79 1.04 1.28 1.40 1.43 1.36 1.18 0.99 0.78
  8   0.62 0.58 0.63 0.76 0.96 1.12 1.24 1.24 1.14 0.99 0.77 0.58 0.46 0.43 0.52 0.72 0.98 1.28 1.46 1.56 1.54 1.38 1.16 0.93
  9   0.71 0.58 0.56 0.67 0.84 1.05 1.24 1.30 1.26 1.13 0.89 0.67 0.47 0.38 0.40 0.58 0.84 1.16 1.42 1.60 1.62 1.54 1.34 1.12
 10   0.80 0.59 0.52 0.56 0.72 0.98 1.20 1.35 1.38 1.29 1.06 0.82 0.55 0.38 0.31 0.43 0.66 0.98 1.30 1.55 1.68 1.66 1.51 1.24
 11   0.90 0.62 0.50 0.46 0.58 0.79 1.04 1.26 1.38 1.36 1.20 0.95 0.66 0.42 0.30 0.32 0.51 0.80 1.12 1.42 1.64 1.70 1.60 1.36
 12   1.08 0.72 0.50 0.39 0.43 0.61 0.86 1.14 1.34 1.40 1.32 1.11 0.82 0.55 0.36 0.28 0.36 0.58 0.88 1.26 1.54 1.69 1.68 1.53
 13   1.28 0.92 0.65 0.48 0.43 0.50 0.73 1.00 1.24 1.40 1.41 1.28 1.06 0.75 0.48 0.32 0.32 0.46 0.72 1.06 1.38 1.60 1.72 1.64
 14   1.44 1.16 0.84 0.60 0.48 0.47 0.60 0.86 1.10 1.34 1.41 1.38 1.20 0.96 0.68 0.48 0.38 0.46 0.61 0.90 1.22 1.50 1.66 1.70
 15   1.58 1.35 1.05 0.76 0.54 0.46 0.50 0.68 0.92 1.16 1.34 1.40 1.36 1.20 0.94 0.72 0.54 0.48 0.56 0.76 1.05 1.32 1.54 1.66
 16   1.64 1.49 1.24 0.94 0.69 0.52 0.46 0.52 0.74 0.96 1.18 1.34 1.38 1.33 1.16 0.94 0.74 0.62 0.58 0.68 0.86 1.12 1.36 1.50
 17   1.58 1.52 1.35 1.10 0.86 0.64 0.51 0.49 0.58 0.78 0.99 1.18 1.31 1.35 1.30 1.14 0.94 0.79 0.68 0.66 0.74 0.90 1.10 1.30
 18   1.42 1.47 1.41 1.26 1.04 0.81 0.62 0.50 0.48 0.56 0.70 0.91 1.12 1.28 1.34 1.30 1.20 1.06 0.90 0.80 0.76 0.82 0.90 1.06
 19
 20
 21
 22
 23
 24
 25
 26
 27
 28
 29
 30
 31
 ----------------------------------------------------------------------------------------------------------------------------
                                                                                               
 ----------------------------------------------------------------------------------------------------------------------------
 ----------------------------------------------------------------------------------------------------------------------------
