                                                          SURVEY OF INDIA
                                                    MARINE GEODESY WING (G&RB)
                                                     HOURLY HEIGHTS IN METRES
  NAME OF PORT:- NANCOWERY                                                                          MONTH JANUARY   YEAR 2010
 ----------------------------------------------------------------------------------------------------------------------------
 DAYS 0000 0001 0002 0003 0004 0005 0006 0007 0008 0009 0010 0011 0012 0013 0014 0015 0016 0017 0018 0019 0020 0021 0022 0023
 ----------------------------------------------------------------------------------------------------------------------------
  1   1.38 1.14 0.89 0.68 0.52 0.49 0.66 0.95 1.23 1.43 1.51 1.44 1.26 1.02 0.77 0.55 0.43 0.49 0.67 0.93 1.23 1.48 1.69 1.77
  2   1.64 1.40 1.16 0.94 0.73 0.55 0.51 0.73 1.04 1.33 1.53 1.58 1.45 1.25 0.99 0.76 0.58 0.47 0.55 0.77 1.08 1.37 1.62 1.80
  3   1.78 1.55 1.28 1.02 0.77 0.55 0.41 0.50 0.76 1.05 1.35 1.57 1.57 1.40 1.18 0.92 0.68 0.49 0.44 0.60 0.86 1.19 1.51 1.79
  4   1.87 1.70 1.43 1.15 0.87 0.64 0.45 0.37 0.55 0.86 1.15 1.39 1.59 1.53 1.35 1.14 0.90 0.69 0.53 0.53 0.69 0.97 1.27 1.56
  5   1.76 1.75 1.55 1.29 1.08 0.88 0.68 0.53 0.48 0.67 0.96 1.25 1.50 1.59 1.49 1.32 1.12 0.90 0.71 0.59 0.63 0.81 1.03 1.28
  6   1.52 1.64 1.55 1.37 1.15 0.90 0.67 0.49 0.42 0.56 0.79 1.07 1.33 1.52 1.54 1.42 1.23 1.02 0.82 0.66 0.63 0.73 0.90 1.12
  7   1.33 1.49 1.51 1.38 1.20 0.98 0.76 0.58 0.47 0.56 0.72 0.93 1.16 1.34 1.45 1.43 1.30 1.14 0.99 0.83 0.72 0.71 0.78 0.92
  8   1.06 1.22 1.32 1.29 1.20 1.05 0.89 0.73 0.62 0.57 0.64 0.79 0.96 1.14 1.29 1.40 1.39 1.29 1.16 1.02 0.89 0.77 0.73 0.77
  9   0.87 0.99 1.10 1.19 1.20 1.13 1.03 0.90 0.79 0.69 0.67 0.72 0.81 0.95 1.11 1.24 1.35 1.38 1.32 1.22 1.09 0.95 0.82 0.75
 10   0.73 0.79 0.88 0.99 1.08 1.13 1.12 1.07 0.97 0.87 0.77 0.71 0.71 0.77 0.87 1.01 1.15 1.27 1.35 1.33 1.25 1.13 0.98 0.82
 11   0.69 0.63 0.65 0.74 0.85 0.98 1.09 1.15 1.10 0.98 0.87 0.76 0.67 0.65 0.70 0.81 0.97 1.14 1.30 1.39 1.37 1.27 1.13 0.96
 12   0.79 0.67 0.59 0.61 0.71 0.86 1.02 1.15 1.19 1.12 0.99 0.85 0.71 0.60 0.55 0.62 0.75 0.93 1.14 1.33 1.46 1.43 1.33 1.16
 13   1.02 0.86 0.74 0.65 0.61 0.71 0.89 1.09 1.23 1.22 1.09 0.94 0.79 0.65 0.55 0.53 0.64 0.80 1.02 1.24 1.41 1.48 1.39 1.24
 14   1.05 0.88 0.72 0.62 0.58 0.62 0.78 0.98 1.16 1.26 1.19 1.06 0.89 0.73 0.59 0.50 0.51 0.66 0.86 1.10 1.33 1.49 1.50 1.35
 15   1.15 0.94 0.75 0.58 0.50 0.52 0.64 0.85 1.07 1.22 1.29 1.19 1.02 0.84 0.67 0.53 0.45 0.49 0.67 0.91 1.18 1.42 1.57 1.51
 16   1.31 1.06 0.83 0.62 0.45 0.37 0.46 0.65 0.92 1.16 1.32 1.32 1.17 0.97 0.74 0.54 0.39 0.40 0.55 0.75 1.03 1.31 1.55 1.58
 17   1.43 1.19 0.92 0.69 0.49 0.37 0.37 0.52 0.74 0.97 1.18 1.32 1.27 1.12 0.91 0.69 0.50 0.40 0.47 0.64 0.87 1.16 1.45 1.59
 18   1.52 1.31 1.04 0.77 0.51 0.32 0.28 0.44 0.66 0.88 1.10 1.29 1.30 1.20 1.02 0.81 0.62 0.49 0.47 0.58 0.78 1.02 1.26 1.46
 19   1.50 1.37 1.14 0.88 0.64 0.46 0.36 0.42 0.60 0.84 1.08 1.26 1.36 1.28 1.13 0.92 0.71 0.54 0.48 0.54 0.69 0.92 1.16 1.36
 20   1.46 1.40 1.22 0.98 0.72 0.52 0.40 0.40 0.54 0.76 1.02 1.25 1.44 1.44 1.27 1.06 0.82 0.61 0.47 0.48 0.60 0.80 1.05 1.30
 21   1.47 1.47 1.31 1.07 0.82 0.55 0.39 0.34 0.45 0.67 0.92 1.19 1.41 1.48 1.35 1.16 0.96 0.76 0.60 0.51 0.55 0.70 0.91 1.16
 22   1.36 1.44 1.34 1.14 0.91 0.65 0.48 0.37 0.40 0.56 0.79 1.06 1.26 1.40 1.40 1.28 1.10 0.92 0.75 0.64 0.60 0.68 0.81 1.00
 23   1.18 1.30 1.30 1.15 0.96 0.78 0.60 0.49 0.48 0.58 0.75 0.96 1.18 1.34 1.39 1.33 1.20 1.04 0.88 0.74 0.68 0.70 0.80 0.92
 24   1.09 1.20 1.23 1.17 1.04 0.91 0.76 0.64 0.57 0.60 0.71 0.85 1.03 1.19 1.30 1.33 1.28 1.18 1.06 0.94 0.84 0.77 0.77 0.82
 25   0.92 1.03 1.11 1.13 1.09 1.01 0.92 0.80 0.71 0.68 0.76 0.87 1.02 1.18 1.28 1.34 1.30 1.23 1.12 1.00 0.91 0.83 0.77 0.75
 26   0.80 0.88 0.97 1.04 1.08 1.06 0.98 0.88 0.78 0.70 0.64 0.60 0.61 0.72 0.85 1.00 1.18 1.35 1.40 1.36 1.25 1.12 0.97 0.82
 27   0.69 0.62 0.64 0.74 0.88 1.03 1.15 1.18 1.13 1.04 0.91 0.77 0.66 0.61 0.67 0.78 0.95 1.16 1.35 1.50 1.51 1.39 1.23 1.04
 28   0.84 0.66 0.53 0.49 0.61 0.79 0.99 1.17 1.27 1.24 1.11 0.95 0.77 0.62 0.52 0.55 0.71 0.95 1.22 1.48 1.67 1.65 1.49 1.26
 29   0.99 0.71 0.51 0.38 0.38 0.54 0.79 1.08 1.33 1.45 1.37 1.19 0.99 0.78 0.58 0.45 0.46 0.64 0.93 1.27 1.59 1.79 1.77 1.57
 30   1.26 0.95 0.65 0.40 0.25 0.31 0.53 0.86 1.20 1.48 1.57 1.41 1.18 0.91 0.66 0.46 0.34 0.43 0.64 0.98 1.37 1.72 1.91 1.81
 31   1.52 1.20 0.84 0.52 0.25 0.15 0.20 0.59 0.97 1.35 1.63 1.65 1.48 1.22 0.91 0.61 0.37 0.29 0.43 0.73 1.11 1.50 1.82 1.92
 ----------------------------------------------------------------------------------------------------------------------------
                                                                                               
 ----------------------------------------------------------------------------------------------------------------------------
 ----------------------------------------------------------------------------------------------------------------------------
                                                          SURVEY OF INDIA
                                                    MARINE GEODESY WING (G&RB)
                                                     HOURLY HEIGHTS IN METRES
  NAME OF PORT:- NANCOWERY                                                                          MONTH FEBRUARY  YEAR 2010
 ----------------------------------------------------------------------------------------------------------------------------
 DAYS 0000 0001 0002 0003 0004 0005 0006 0007 0008 0009 0010 0011 0012 0013 0014 0015 0016 0017 0018 0019 0020 0021 0022 0023
 ----------------------------------------------------------------------------------------------------------------------------
  1
  2
  3
  4
  5
  6
  7
  8
  9
 10
 11   0.88 0.66 0.51 0.45 0.52 0.66 0.85 1.05 1.18 1.20 1.10 0.95 0.80 0.64 0.54 0.54 0.64 0.82 1.04 1.32 1.47 1.52 1.41 1.23
 12   1.02 0.79 0.59 0.46 0.42 0.54 0.72 0.95 1.17 1.25 1.25 1.10 0.91 0.72 0.55 0.47 0.51 0.66 0.87 1.14 1.39 1.54 1.52 1.36
 13   1.12 0.84 0.58 0.39 0.33 0.42 0.61 0.84 1.09 1.30 1.36 1.25 1.07 0.86 0.66 0.51 0.45 0.55 0.75 1.03 1.31 1.56 1.64 1.50
 14   1.29 1.00 0.76 0.55 0.40 0.40 0.55 0.80 1.09 1.36 1.49 1.41 1.23 1.00 0.75 0.54 0.42 0.47 0.64 0.88 1.17 1.45 1.61 1.59
 15   1.40 1.11 0.84 0.59 0.40 0.31 0.42 0.65 0.93 1.25 1.47 1.48 1.37 1.14 0.88 0.64 0.45 0.37 0.47 0.67 0.94 1.23 1.47 1.59
 16   1.45 1.22 0.92 0.63 0.40 0.27 0.35 0.55 0.84 1.16 1.42 1.58 1.48 1.26 0.99 0.71 0.47 0.35 0.42 0.58 0.85 1.15 1.43 1.60
 17   1.53 1.34 1.05 0.80 0.55 0.38 0.34 0.47 0.71 0.98 1.24 1.44 1.52 1.37 1.14 0.90 0.67 0.49 0.42 0.51 0.71 0.97 1.23 1.43
 18   1.50 1.37 1.16 0.91 0.67 0.48 0.36 0.42 0.61 0.90 1.21 1.47 1.56 1.44 1.24 0.99 0.74 0.53 0.41 0.45 0.63 0.86 1.13 1.38
 19   1.49 1.39 1.19 0.96 0.72 0.54 0.41 0.38 0.52 0.77 1.06 1.33 1.51 1.46 1.28 1.07 0.84 0.63 0.48 0.45 0.56 0.75 1.01 1.26
 20   1.40 1.35 1.19 0.97 0.73 0.52 0.38 0.37 0.49 0.69 0.95 1.22 1.42 1.46 1.33 1.14 0.93 0.72 0.60 0.53 0.52 0.63 0.80 1.00
 21   1.20 1.28 1.24 1.10 0.92 0.74 0.58 0.47 0.50 0.62 0.80 1.01 1.22 1.36 1.36 1.25 1.10 0.92 0.76 0.65 0.58 0.60 0.70 0.85
 22   1.00 1.13 1.17 1.12 1.01 0.88 0.74 0.63 0.56 0.62 0.75 0.90 1.07 1.23 1.30 1.27 1.17 1.05 0.91 0.79 0.69 0.64 0.68 0.77
 23   0.89 0.99 1.06 1.06 1.01 0.92 0.83 0.74 0.68 0.65 0.69 0.77 0.89 1.03 1.15 1.23 1.24 1.19 1.11 1.02 0.93 0.82 0.73 0.66
 24   0.68 0.70 0.78 0.88 0.98 1.02 0.97 0.91 0.83 0.76 0.69 0.67 0.70 0.77 0.89 1.03 1.17 1.27 1.30 1.25 1.16 1.02 0.86 0.71
 25   0.58 0.55 0.60 0.72 0.88 1.02 1.13 1.15 1.08 0.96 0.82 0.67 0.58 0.57 0.65 0.79 0.98 1.19 1.37 1.48 1.45 1.32 1.13 0.92
 26   0.73 0.59 0.49 0.49 0.59 0.80 1.05 1.26 1.34 1.23 1.06 0.87 0.67 0.53 0.47 0.56 0.73 0.99 1.28 1.53 1.65 1.55 1.37 1.14
 27   0.88 0.64 0.44 0.33 0.40 0.61 0.90 1.18 1.39 1.43 1.28 1.08 0.85 0.64 0.48 0.41 0.51 0.72 1.05 1.36 1.63 1.74 1.61 1.39
 28   1.16 0.98 0.79 0.62 0.50 0.49 0.69 0.99 1.29 1.51 1.54 1.36 1.10 0.87 0.66 0.50 0.41 0.50 0.75 1.10 1.45 1.72 1.75 1.57
 ----------------------------------------------------------------------------------------------------------------------------
                                                                                               
 ----------------------------------------------------------------------------------------------------------------------------
 ----------------------------------------------------------------------------------------------------------------------------
                                                          SURVEY OF INDIA
                                                    MARINE GEODESY WING (G&RB)
                                                     HOURLY HEIGHTS IN METRES
  NAME OF PORT:- NANCOWERY                                                                          MONTH MARCH     YEAR 2010
 ----------------------------------------------------------------------------------------------------------------------------
 DAYS 0000 0001 0002 0003 0004 0005 0006 0007 0008 0009 0010 0011 0012 0013 0014 0015 0016 0017 0018 0019 0020 0021 0022 0023
 ----------------------------------------------------------------------------------------------------------------------------
  1
  2
  3
  4
  5
  6
  7   1.11 1.19 1.14 1.02 0.86 0.72 0.60 0.51 0.52 0.62 0.79 0.99 1.16 1.29 1.30 1.20 1.05 0.90 0.75 0.64 0.60 0.64 0.72 0.80
  8   0.92 1.00 1.03 0.96 0.87 0.76 0.67 0.62 0.62 0.68 0.77 0.89 1.02 1.13 1.18 1.17 1.10 1.00 0.91 0.83 0.76 0.72 0.71 0.74
  9   0.76 0.84 0.88 0.88 0.87 0.83 0.79 0.76 0.74 0.73 0.74 0.79 0.85 0.92 0.99 1.05 1.08 1.08 1.04 1.00 0.92 0.84 0.75 0.66
 10   0.63 0.62 0.66 0.73 0.81 0.88 0.92 0.92 0.88 0.82 0.76 0.72 0.70 0.74 0.81 0.90 1.00 1.10 1.16 1.15 1.08 0.97 0.84 0.70
 11   0.58 0.51 0.51 0.58 0.71 0.85 0.98 1.07 1.05 0.96 0.86 0.75 0.65 0.60 0.64 0.73 0.87 1.05 1.22 1.30 1.28 1.16 1.00 0.80
 12   0.62 0.47 0.39 0.44 0.57 0.76 0.98 1.14 1.19 1.15 1.03 0.87 0.70 0.56 0.48 0.53 0.67 0.87 1.11 1.32 1.41 1.36 1.19 0.97
 13   0.75 0.56 0.41 0.34 0.43 0.62 0.86 1.10 1.28 1.30 1.17 1.00 0.80 0.63 0.48 0.42 0.50 0.67 0.91 1.18 1.40 1.48 1.39 1.23
 14   0.98 0.75 0.51 0.34 0.34 0.44 0.66 0.91 1.15 1.34 1.32 1.15 0.94 0.71 0.49 0.38 0.40 0.57 0.83 1.12 1.40 1.55 1.47 1.30
 15   1.07 0.82 0.60 0.42 0.32 0.40 0.63 0.94 1.24 1.50 1.51 1.34 1.08 0.81 0.58 0.40 0.32 0.44 0.68 1.00 1.32 1.56 1.57 1.40
 16   1.15 0.88 0.60 0.40 0.27 0.35 0.57 0.86 1.20 1.48 1.60 1.47 1.22 0.92 0.60 0.36 0.22 0.31 0.51 0.80 1.14 1.40 1.58 1.50
 17   1.28 1.01 0.74 0.50 0.34 0.28 0.44 0.71 1.06 1.40 1.58 1.56 1.37 1.09 0.81 0.54 0.33 0.27 0.40 0.65 0.99 1.29 1.52 1.52
 18   1.30 1.02 0.77 0.48 0.31 0.22 0.36 0.58 0.94 1.24 1.46 1.59 1.50 1.26 0.97 0.70 0.46 0.31 0.33 0.53 0.82 1.14 1.40 1.53
 19   1.40 1.20 0.97 0.74 0.55 0.40 0.34 0.50 0.79 1.14 1.44 1.65 1.61 1.36 1.11 0.83 0.60 0.42 0.37 0.45 0.67 0.96 1.22 1.40
 20   1.41 1.25 1.04 0.81 0.60 0.46 0.42 0.48 0.68 0.97 1.27 1.48 1.62 1.46 1.23 0.96 0.70 0.50 0.39 0.44 0.58 0.82 1.10 1.30
 21   1.41 1.29 1.10 0.88 0.66 0.47 0.37 0.44 0.62 0.86 1.16 1.41 1.56 1.51 1.36 1.16 0.97 0.79 0.66 0.58 0.60 0.76 0.97 1.15
 22   1.32 1.30 1.14 0.96 0.75 0.58 0.46 0.46 0.58 0.80 1.06 1.29 1.46 1.48 1.37 1.19 1.00 0.82 0.66 0.57 0.58 0.69 0.84 1.02
 23   1.18 1.20 1.16 1.08 0.96 0.78 0.64 0.58 0.62 0.74 0.89 1.08 1.25 1.36 1.35 1.26 1.14 0.98 0.83 0.70 0.64 0.65 0.71 0.82
 24   0.92 1.02 1.06 1.05 0.98 0.90 0.81 0.74 0.70 0.68 0.74 0.84 0.96 1.10 1.22 1.28 1.27 1.22 1.12 0.99 0.87 0.75 0.66 0.64
 25   0.69 0.78 0.89 0.98 1.06 1.08 1.05 0.98 0.90 0.82 0.76 0.75 0.78 0.86 0.98 1.11 1.24 1.32 1.33 1.26 1.14 0.97 0.81 0.66
 26   0.56 0.54 0.62 0.76 0.94 1.10 1.22 1.24 1.17 1.00 0.85 0.75 0.74 0.82 0.97 1.16 1.38 1.55 1.60 1.51 1.34 1.13 0.91 0.69
 27
 28
 29
 30
 31
 ----------------------------------------------------------------------------------------------------------------------------
                                                                                               
 ----------------------------------------------------------------------------------------------------------------------------
 ----------------------------------------------------------------------------------------------------------------------------
                                                          SURVEY OF INDIA
                                                    MARINE GEODESY WING (G&RB)
                                                     HOURLY HEIGHTS IN METRES
  NAME OF PORT:- NANCOWERY                                                                          MONTH APRIL     YEAR 2010
 ----------------------------------------------------------------------------------------------------------------------------
 DAYS 0000 0001 0002 0003 0004 0005 0006 0007 0008 0009 0010 0011 0012 0013 0014 0015 0016 0017 0018 0019 0020 0021 0022 0023
 ----------------------------------------------------------------------------------------------------------------------------
  1   1.41 1.15 0.85 0.53 0.27 0.19 0.33 0.59 0.94 1.35 1.69 1.79 1.63 1.36 1.02 0.70 0.42 0.26 0.26 0.46 0.72 1.03 1.36 1.55
  2   1.49 1.30 1.06 0.78 0.54 0.36 0.34 0.52 0.81 1.11 1.46 1.69 1.71 1.49 1.22 0.89 0.61 0.37 0.27 0.37 0.57 0.85 1.14 1.38
  3   1.47 1.30 1.09 0.84 0.61 0.43 0.35 0.46 0.67 0.98 1.29 1.55 1.64 1.50 1.29 1.01 0.77 0.51 0.36 0.39 0.53 0.73 0.97 1.22
  4   1.34 1.29 1.17 0.98 0.78 0.59 0.47 0.50 0.65 0.87 1.12 1.34 1.51 1.47 1.34 1.13 0.92 0.71 0.54 0.47 0.53 0.67 0.85 1.06
  5   1.21 1.23 1.16 1.02 0.87 0.71 0.59 0.58 0.63 0.81 1.01 1.21 1.38 1.41 1.35 1.23 1.08 0.93 0.77 0.65 0.61 0.67 0.77 0.91
  6   1.04 1.10 1.08 1.00 0.89 0.79 0.71 0.68 0.70 0.77 0.91 1.04 1.17 1.26 1.28 1.21 1.12 1.00 0.89 0.79 0.72 0.70 0.73 0.81
  7   0.89 0.95 0.99 0.99 0.96 0.92 0.86 0.81 0.79 0.81 0.85 0.91 0.99 1.07 1.14 1.17 1.15 1.10 1.02 0.94 0.85 0.78 0.74 0.72
  8   0.74 0.79 0.88 0.95 1.01 1.04 1.03 0.99 0.95 0.90 0.85 0.83 0.84 0.88 0.96 1.07 1.15 1.20 1.20 1.14 1.06 0.94 0.83 0.73
  9   0.65 0.68 0.73 0.83 0.96 1.07 1.15 1.17 1.13 1.04 0.91 0.79 0.74 0.75 0.80 0.93 1.06 1.19 1.29 1.30 1.23 1.10 0.95 0.80
 10   0.65 0.56 0.59 0.71 0.88 1.06 1.23 1.31 1.29 1.17 1.02 0.85 0.71 0.64 0.65 0.74 0.90 1.10 1.29 1.41 1.39 1.27 1.09 0.88
 11   0.69 0.53 0.49 0.57 0.73 0.94 1.17 1.36 1.42 1.33 1.16 0.97 0.78 0.62 0.55 0.60 0.75 0.96 1.19 1.41 1.47 1.38 1.23 1.03
 12   0.82 0.61 0.47 0.47 0.61 0.83 1.11 1.38 1.53 1.51 1.34 1.12 0.92 0.72 0.58 0.54 0.64 0.81 1.04 1.27 1.44 1.50 1.35 1.15
 13   0.94 0.70 0.55 0.43 0.48 0.67 0.92 1.22 1.47 1.60 1.51 1.31 1.08 0.84 0.61 0.44 0.43 0.57 0.79 1.06 1.32 1.49 1.46 1.30
 14   1.08 0.87 0.67 0.51 0.45 0.58 0.82 1.11 1.39 1.60 1.65 1.50 1.28 1.02 0.76 0.54 0.41 0.46 0.67 0.93 1.21 1.36 1.46 1.39
 15   1.20 0.95 0.79 0.64 0.53 0.50 0.68 0.94 1.19 1.47 1.64 1.61 1.41 1.17 0.91 0.65 0.46 0.39 0.49 0.70 0.96 1.22 1.42 1.45
 16   1.31 1.07 0.81 0.59 0.42 0.38 0.53 0.76 1.06 1.32 1.56 1.67 1.56 1.33 1.07 0.80 0.59 0.44 0.42 0.56 0.79 1.06 1.30 1.45
 17   1.43 1.20 0.97 0.75 0.54 0.40 0.43 0.64 0.88 1.16 1.44 1.62 1.60 1.42 1.17 0.89 0.62 0.44 0.38 0.47 0.68 0.94 1.18 1.37
 18   1.42 1.26 1.07 0.84 0.62 0.45 0.40 0.54 0.75 1.01 1.29 1.53 1.62 1.50 1.30 1.05 0.83 0.63 0.48 0.45 0.57 0.76 0.98 1.19
 19   1.34 1.30 1.17 0.95 0.75 0.58 0.47 0.51 0.66 0.87 1.13 1.39 1.56 1.56 1.40 1.20 0.97 0.77 0.58 0.48 0.52 0.66 0.86 1.07
 20   1.24 1.30 1.20 1.07 0.87 0.71 0.58 0.54 0.62 0.77 0.98 1.22 1.41 1.51 1.45 1.31 1.12 0.92 0.74 0.60 0.55 0.61 0.75 0.93
 21   1.10 1.27 1.25 1.14 1.01 0.86 0.73 0.66 0.65 0.74 0.87 1.04 1.22 1.38 1.45 1.38 1.27 1.12 0.97 0.81 0.69 0.62 0.65 0.75
 22   0.89 1.01 1.12 1.17 1.12 1.04 0.95 0.84 0.77 0.75 0.79 0.88 1.01 1.14 1.26 1.34 1.35 1.27 1.14 1.00 0.86 0.74 0.63 0.62
 23   0.70 0.81 0.97 1.09 1.19 1.22 1.18 1.09 0.98 0.89 0.79 0.73 0.80 0.93 1.08 1.22 1.37 1.41 1.35 1.23 1.10 0.94 0.79 0.64
 24   0.53 0.62 0.78 0.96 1.14 1.30 1.37 1.29 1.18 1.03 0.89 0.77 0.69 0.69 0.81 1.01 1.21 1.39 1.50 1.44 1.28 1.10 0.92 0.75
 25   0.56 0.45 0.53 0.71 0.94 1.20 1.41 1.50 1.43 1.27 1.06 0.84 0.64 0.52 0.55 0.69 0.90 1.17 1.42 1.56 1.53 1.35 1.13 0.91
 26   0.69 0.49 0.40 0.50 0.67 0.94 1.24 1.48 1.60 1.46 1.24 1.00 0.75 0.54 0.41 0.48 0.66 0.93 1.23 1.48 1.55 1.42 1.19 0.92
 27   0.64 0.41 0.29 0.34 0.53 0.83 1.17 1.49 1.69 1.64 1.44 1.19 0.91 0.63 0.42 0.31 0.41 0.64 0.96 1.28 1.50 1.53 1.35 1.10
 28   0.80 0.54 0.33 0.25 0.36 0.58 0.89 1.25 1.57 1.69 1.70 1.52 1.26 0.94 0.63 0.38 0.24 0.33 0.53 0.81 1.15 1.42 1.53 1.38
 29   1.14 0.86 0.60 0.38 0.25 0.34 0.53 0.82 1.17 1.48 1.68 1.64 1.42 1.17 0.90 0.63 0.41 0.29 0.38 0.59 0.89 1.19 1.41 1.45
 30   1.27 1.04 0.77 0.52 0.35 0.31 0.46 0.70 1.03 1.36 1.62 1.70 1.56 1.33 1.06 0.80 0.59 0.40 0.36 0.45 0.71 0.98 1.24 1.39
 ----------------------------------------------------------------------------------------------------------------------------
                                                                                               
 ----------------------------------------------------------------------------------------------------------------------------
 ----------------------------------------------------------------------------------------------------------------------------
                                                          SURVEY OF INDIA
                                                    MARINE GEODESY WING (G&RB)
                                                     HOURLY HEIGHTS IN METRES
  NAME OF PORT:- NANCOWERY                                                                          MONTH MAY       YEAR 2010
 ----------------------------------------------------------------------------------------------------------------------------
 DAYS 0000 0001 0002 0003 0004 0005 0006 0007 0008 0009 0010 0011 0012 0013 0014 0015 0016 0017 0018 0019 0020 0021 0022 0023
 ----------------------------------------------------------------------------------------------------------------------------
  1   1.36 1.18 0.96 0.74 0.55 0.42 0.44 0.63 0.94 1.27 1.56 1.72 1.65 1.46 1.20 0.94 0.67 0.46 0.36 0.42 0.63 0.92 1.22 1.42
  2   1.40 1.27 1.07 0.85 0.64 0.48 0.46 0.58 0.82 1.10 1.42 1.61 1.68 1.56 1.35 1.10 0.87 0.64 0.48 0.47 0.59 0.80 1.09 1.30
  3   1.41 1.31 1.16 0.98 0.80 0.65 0.56 0.61 0.76 0.96 1.22 1.46 1.62 1.60 1.47 1.26 1.03 0.80 0.63 0.54 0.58 0.73 0.95 1.16
  4   1.30 1.34 1.26 1.10 0.94 0.78 0.66 0.65 0.74 0.88 1.09 1.30 1.44 1.54 1.49 1.35 1.17 0.98 0.80 0.66 0.64 0.70 0.85 1.02
  5   1.16 1.25 1.25 1.16 1.04 0.90 0.80 0.74 0.76 0.90 1.04 1.20 1.35 1.44 1.47 1.38 1.24 1.10 0.95 0.82 0.74 0.72 0.80 0.92
  6   1.02 1.16 1.22 1.18 1.12 1.04 0.97 0.89 0.84 0.87 0.95 1.06 1.18 1.28 1.34 1.32 1.26 1.16 1.04 0.92 0.84 0.78 0.77 0.83
  7   0.90 1.02 1.14 1.20 1.22 1.17 1.10 1.04 0.97 0.94 0.93 0.98 1.05 1.14 1.25 1.33 1.36 1.33 1.26 1.17 1.07 0.96 0.88 0.83
  8   0.82 0.89 1.01 1.14 1.24 1.30 1.29 1.24 1.15 1.06 0.98 0.92 0.91 0.96 1.06 1.17 1.28 1.34 1.33 1.28 1.18 1.04 0.92 0.82
  9   0.74 0.75 0.85 0.98 1.15 1.28 1.39 1.40 1.32 1.22 1.12 1.01 0.92 0.86 0.86 0.97 1.12 1.26 1.36 1.37 1.29 1.18 1.04 0.90
 10   0.78 0.70 0.72 0.83 1.00 1.20 1.38 1.48 1.46 1.38 1.25 1.11 0.97 0.85 0.77 0.80 0.94 1.13 1.30 1.42 1.44 1.32 1.18 1.00
 11   0.84 0.69 0.62 0.70 0.85 1.05 1.28 1.48 1.60 1.52 1.36 1.15 0.92 0.74 0.62 0.64 0.76 0.94 1.16 1.38 1.50 1.44 1.29 1.08
 12   0.86 0.65 0.52 0.56 0.70 0.90 1.16 1.40 1.61 1.68 1.54 1.33 1.08 0.82 0.62 0.52 0.59 0.76 1.00 1.24 1.44 1.51 1.39 1.20
 13   0.96 0.72 0.54 0.47 0.57 0.76 1.03 1.32 1.58 1.75 1.69 1.50 1.26 1.00 0.76 0.57 0.49 0.60 0.82 1.09 1.35 1.52 1.52 1.39
 14   1.18 0.95 0.74 0.57 0.52 0.64 0.87 1.15 1.43 1.67 1.78 1.65 1.42 1.15 0.86 0.60 0.44 0.46 0.63 0.87 1.14 1.38 1.52 1.48
 15   1.32 1.10 0.86 0.64 0.50 0.54 0.70 0.94 1.21 1.47 1.67 1.75 1.60 1.36 1.10 0.84 0.61 0.48 0.54 0.74 1.00 1.26 1.46 1.54
 16   1.40 1.21 0.99 0.76 0.57 0.49 0.58 0.78 1.04 1.30 1.54 1.72 1.72 1.52 1.28 1.02 0.78 0.58 0.50 0.60 0.84 1.10 1.33 1.50
 17   1.48 1.32 1.14 0.92 0.70 0.56 0.54 0.68 0.93 1.27 1.54 1.75 1.74 1.57 1.34 1.08 0.82 0.60 0.46 0.52 0.72 0.98 1.24 1.44
 18   1.46 1.35 1.17 0.96 0.76 0.60 0.54 0.67 0.88 1.15 1.40 1.62 1.77 1.68 1.52 1.30 1.04 0.82 0.64 0.55 0.62 0.78 1.02 1.24
 19   1.40 1.44 1.34 1.17 0.97 0.80 0.66 0.65 0.78 0.94 1.14 1.40 1.62 1.74 1.66 1.50 1.30 1.09 0.88 0.69 0.60 0.65 0.82 1.02
 20   1.21 1.38 1.40 1.32 1.20 1.03 0.88 0.76 0.75 0.86 1.02 1.22 1.42 1.61 1.69 1.59 1.44 1.26 1.06 0.89 0.74 0.65 0.70 0.84
 21   1.01 1.20 1.34 1.41 1.35 1.24 1.11 1.00 0.90 0.84 0.88 1.00 1.17 1.34 1.48 1.54 1.48 1.34 1.18 1.02 0.86 0.72 0.63 0.67
 22   0.80 0.97 1.16 1.32 1.43 1.40 1.32 1.19 1.06 0.93 0.84 0.85 0.94 1.07 1.24 1.40 1.53 1.52 1.42 1.29 1.14 0.98 0.84 0.74
 23   0.72 0.83 0.99 1.19 1.38 1.52 1.55 1.45 1.30 1.14 0.98 0.86 0.81 0.87 0.99 1.16 1.34 1.47 1.50 1.42 1.27 1.10 0.92 0.75
 24   0.64 0.63 0.76 0.93 1.16 1.40 1.59 1.64 1.54 1.40 1.20 0.98 0.80 0.70 0.74 0.86 1.04 1.24 1.42 1.52 1.44 1.30 1.12 0.94
 25   0.76 0.62 0.65 0.78 0.99 1.24 1.49 1.69 1.73 1.60 1.37 1.14 0.92 0.74 0.61 0.65 0.80 1.02 1.26 1.44 1.52 1.44 1.26 1.05
 26   0.82 0.63 0.52 0.60 0.76 0.99 1.26 1.50 1.70 1.70 1.55 1.32 1.06 0.79 0.57 0.49 0.59 0.79 1.05 1.29 1.48 1.53 1.42 1.23
 27   1.01 0.79 0.61 0.55 0.66 0.85 1.10 1.37 1.61 1.76 1.71 1.54 1.31 1.05 0.81 0.61 0.52 0.63 0.85 1.10 1.33 1.49 1.51 1.38
 28   1.20 0.98 0.77 0.62 0.60 0.74 0.96 1.24 1.52 1.75 1.82 1.70 1.51 1.25 1.00 0.78 0.60 0.58 0.72 0.96 1.25 1.48 1.61 1.54
 29   1.38 1.14 0.92 0.74 0.60 0.68 0.86 1.11 1.40 1.66 1.82 1.83 1.68 1.43 1.16 0.89 0.66 0.54 0.60 0.79 1.05 1.30 1.50 1.54
 30   1.42 1.22 1.00 0.78 0.62 0.58 0.72 0.92 1.20 1.48 1.73 1.85 1.75 1.54 1.27 1.00 0.75 0.59 0.58 0.74 0.95 1.20 1.40 1.56
 31   1.50 1.32 1.12 0.94 0.76 0.64 0.68 0.86 1.07 1.33 1.56 1.76 1.79 1.66 1.46 1.23 1.01 0.80 0.65 0.68 0.83 1.04 1.25 1.42
 ----------------------------------------------------------------------------------------------------------------------------
                                                                                               
 ----------------------------------------------------------------------------------------------------------------------------
 ----------------------------------------------------------------------------------------------------------------------------
                                                          SURVEY OF INDIA
                                                    MARINE GEODESY WING (G&RB)
                                                     HOURLY HEIGHTS IN METRES
  NAME OF PORT:- NANCOWERY                                                                          MONTH JUNE      YEAR 2010
 ----------------------------------------------------------------------------------------------------------------------------
 DAYS 0000 0001 0002 0003 0004 0005 0006 0007 0008 0009 0010 0011 0012 0013 0014 0015 0016 0017 0018 0019 0020 0021 0022 0023
 ----------------------------------------------------------------------------------------------------------------------------
  1   1.51 1.41 1.26 1.08 0.90 0.73 0.70 0.79 1.00 1.23 1.48 1.70 1.79 1.72 1.54 1.32 1.08 0.85 0.68 0.61 0.73 0.92 1.14 1.35
  2   1.46 1.44 1.30 1.14 0.96 0.80 0.70 0.76 0.90 1.08 1.30 1.50 1.66 1.67 1.54 1.35 1.15 0.96 0.76 0.65 0.69 0.82 1.02 1.20
  3   1.38 1.46 1.40 1.28 1.15 1.00 0.87 0.80 0.84 0.98 1.16 1.34 1.51 1.62 1.58 1.44 1.27 1.09 0.92 0.78 0.70 0.76 0.91 1.10
  4   1.26 1.40 1.43 1.36 1.23 1.10 0.97 0.87 0.88 0.96 1.10 1.26 1.42 1.54 1.56 1.48 1.35 1.18 1.03 0.89 0.79 0.79 0.88 1.04
  5   1.17 1.30 1.41 1.43 1.36 1.27 1.16 1.06 0.98 0.96 1.05 1.14 1.26 1.38 1.48 1.48 1.42 1.30 1.16 1.04 0.90 0.82 0.82 0.90
  6   1.03 1.18 1.34 1.44 1.45 1.38 1.30 1.18 1.08 1.00 0.96 1.00 1.09 1.19 1.30 1.38 1.40 1.36 1.25 1.12 1.00 0.90 0.82 0.80
  7   0.90 1.02 1.16 1.28 1.40 1.46 1.42 1.34 1.22 1.08 0.97 0.90 0.92 0.99 1.11 1.22 1.32 1.37 1.33 1.24 1.12 0.98 0.85 0.76
  8   0.72 0.83 0.99 1.16 1.33 1.46 1.52 1.50 1.42 1.28 1.12 0.97 0.84 0.83 0.89 1.02 1.17 1.30 1.38 1.38 1.30 1.15 1.00 0.87
  9   0.82 0.74 0.82 0.98 1.16 1.34 1.50 1.59 1.56 1.44 1.26 1.10 0.91 0.78 0.74 0.80 0.96 1.14 1.28 1.38 1.36 1.25 1.10 0.94
 10   0.76 0.66 0.66 0.78 0.96 1.17 1.36 1.55 1.64 1.58 1.40 1.21 1.03 0.85 0.72 0.66 0.75 0.91 1.12 1.31 1.44 1.40 1.27 1.10
 11   0.94 0.79 0.68 0.64 0.74 0.95 1.18 1.40 1.59 1.68 1.60 1.46 1.28 1.10 0.92 0.76 0.68 0.74 0.90 1.11 1.29 1.40 1.40 1.26
 12   1.08 0.89 0.72 0.62 0.60 0.72 0.90 1.10 1.30 1.46 1.56 1.55 1.37 1.19 1.02 0.86 0.70 0.64 0.74 0.90 1.05 1.18 1.26 1.29
 13   1.22 1.08 0.85 0.70 0.61 0.63 0.79 1.02 1.25 1.48 1.65 1.70 1.58 1.39 1.20 1.00 0.85 0.72 0.69 0.86 1.06 1.24 1.40 1.46
 14   1.38 1.20 1.01 0.82 0.68 0.60 0.66 0.86 1.14 1.40 1.62 1.76 1.71 1.52 1.30 1.05 0.80 0.63 0.54 0.64 0.87 1.15 1.38 1.54
 15   1.48 1.34 1.14 0.92 0.72 0.56 0.53 0.70 0.99 1.30 1.60 1.82 1.84 1.68 1.42 1.14 0.86 0.61 0.45 0.47 0.68 0.98 1.24 1.44
 16   1.54 1.44 1.25 1.06 0.87 0.70 0.59 0.63 0.83 1.16 1.46 1.73 1.87 1.78 1.58 1.32 1.04 0.80 0.60 0.50 0.57 0.78 1.06 1.32
 17   1.52 1.55 1.44 1.26 1.06 0.83 0.68 0.62 0.74 0.96 1.23 1.50 1.71 1.77 1.64 1.44 1.18 0.94 0.70 0.54 0.48 0.64 0.88 1.16
 18   1.40 1.54 1.52 1.40 1.21 1.00 0.80 0.68 0.69 0.82 1.01 1.27 1.52 1.68 1.68 1.56 1.37 1.16 0.95 0.76 0.62 0.58 0.73 0.96
 19   1.20 1.40 1.54 1.53 1.40 1.22 1.04 0.86 0.76 0.78 0.90 1.08 1.30 1.50 1.62 1.58 1.45 1.27 1.07 0.86 0.69 0.60 0.69 0.85
 20   1.04 1.24 1.42 1.54 1.51 1.40 1.26 1.09 0.93 0.82 0.81 0.90 1.06 1.23 1.40 1.50 1.48 1.37 1.22 1.05 0.90 0.76 0.66 0.65
 21   0.80 1.01 1.22 1.40 1.54 1.55 1.46 1.32 1.17 1.00 0.86 0.82 0.86 0.97 1.12 1.27 1.40 1.42 1.36 1.24 1.08 0.92 0.79 0.71
 22   0.70 0.85 1.03 1.22 1.42 1.58 1.62 1.52 1.38 1.20 1.03 0.86 0.77 0.77 0.88 1.04 1.20 1.33 1.41 1.38 1.26 1.11 0.95 0.78
 23   0.68 0.67 0.78 0.96 1.17 1.38 1.56 1.65 1.58 1.44 1.28 1.10 0.88 0.72 0.68 0.80 0.96 1.12 1.28 1.40 1.39 1.28 1.13 0.96
 24   0.78 0.66 0.67 0.78 0.95 1.17 1.40 1.60 1.71 1.62 1.45 1.26 1.09 0.91 0.72 0.63 0.72 0.89 1.09 1.30 1.45 1.42 1.28 1.10
 25   0.90 0.71 0.59 0.64 0.78 0.98 1.22 1.47 1.68 1.72 1.58 1.36 1.11 0.87 0.65 0.51 0.54 0.71 0.94 1.17 1.39 1.49 1.39 1.23
 26   1.03 0.82 0.64 0.56 0.64 0.81 1.06 1.33 1.56 1.71 1.69 1.53 1.30 1.06 0.82 0.62 0.53 0.61 0.82 1.06 1.28 1.44 1.46 1.33
 27   1.15 0.94 0.74 0.61 0.60 0.73 0.94 1.20 1.44 1.64 1.74 1.66 1.48 1.24 1.00 0.76 0.59 0.55 0.68 0.93 1.18 1.39 1.49 1.43
 28   1.27 1.07 0.86 0.66 0.58 0.64 0.82 1.07 1.34 1.55 1.72 1.76 1.63 1.42 1.18 0.94 0.70 0.55 0.57 0.75 1.04 1.30 1.50 1.53
 29   1.40 1.21 0.99 0.77 0.59 0.56 0.68 0.91 1.20 1.48 1.73 1.82 1.69 1.47 1.20 0.94 0.71 0.53 0.52 0.69 0.94 1.21 1.46 1.57
 30   1.48 1.38 1.20 1.00 0.79 0.64 0.61 0.75 0.98 1.30 1.59 1.78 1.77 1.59 1.36 1.13 0.92 0.70 0.53 0.54 0.74 0.99 1.26 1.47
 ----------------------------------------------------------------------------------------------------------------------------
                                                                                               
 ----------------------------------------------------------------------------------------------------------------------------
 ----------------------------------------------------------------------------------------------------------------------------
                                                          SURVEY OF INDIA
                                                    MARINE GEODESY WING (G&RB)
                                                     HOURLY HEIGHTS IN METRES
  NAME OF PORT:- NANCOWERY                                                                          MONTH JULY      YEAR 2010
 ----------------------------------------------------------------------------------------------------------------------------
 DAYS 0000 0001 0002 0003 0004 0005 0006 0007 0008 0009 0010 0011 0012 0013 0014 0015 0016 0017 0018 0019 0020 0021 0022 0023
 ----------------------------------------------------------------------------------------------------------------------------
  1
  2
  3
  4
  5
  6
  7
  8
  9
 10
 11
 12
 13
 14
 15
 16
 17
 18
 19
 20
 21
 22
 23
 24
 25
 26
 27
 28
 29
 30
 31
 ----------------------------------------------------------------------------------------------------------------------------
                                                          SURVEY OF INDIA
                                                    MARINE GEODESY WING (G&RB)
                                                     HOURLY HEIGHTS IN METRES
  NAME OF PORT:- NANCOWERY                                                                          MONTH AUGUST    YEAR 2010
 ----------------------------------------------------------------------------------------------------------------------------
 DAYS 0000 0001 0002 0003 0004 0005 0006 0007 0008 0009 0010 0011 0012 0013 0014 0015 0016 0017 0018 0019 0020 0021 0022 0023
 ----------------------------------------------------------------------------------------------------------------------------
  1
  2
  3
  4
  5
  6
  7
  8
  9
 10
 11
 12
 13
 14
 15
 16
 17
 18
 19
 20
 21
 22
 23
 24
 25
 26
 27
 28
 29
 30
 31
 ----------------------------------------------------------------------------------------------------------------------------
                                                          SURVEY OF INDIA
                                                    MARINE GEODESY WING (G&RB)
                                                     HOURLY HEIGHTS IN METRES
  NAME OF PORT:- NANCOWERY                                                                          MONTH SEPT      YEAR 2010
 ----------------------------------------------------------------------------------------------------------------------------
 DAYS 0000 0001 0002 0003 0004 0005 0006 0007 0008 0009 0010 0011 0012 0013 0014 0015 0016 0017 0018 0019 0020 0021 0022 0023
 ----------------------------------------------------------------------------------------------------------------------------
  1
  2
  3
  4
  5
  6
  7
  8
  9
 10
 11
 12
 13
 14
 15
 16
 17
 18
 19
 20
 21
 22
 23
 24
 25
 26
 27
 28
 29
 30
 ----------------------------------------------------------------------------------------------------------------------------
                                                          SURVEY OF INDIA
                                                    MARINE GEODESY WING (G&RB)
                                                     HOURLY HEIGHTS IN METRES
  NAME OF PORT:- NANCOWERY                                                                          MONTH OCTOBER   YEAR 2010
 ----------------------------------------------------------------------------------------------------------------------------
 DAYS 0000 0001 0002 0003 0004 0005 0006 0007 0008 0009 0010 0011 0012 0013 0014 0015 0016 0017 0018 0019 0020 0021 0022 0023
 ----------------------------------------------------------------------------------------------------------------------------
  1
  2
  3
  4
  5
  6
  7
  8
  9
 10
 11
 12
 13
 14
 15
 16
 17
 18
 19
 20
 21
 22
 23
 24
 25
 26
 27
 28
 29
 30
 31
 ----------------------------------------------------------------------------------------------------------------------------
                                                          SURVEY OF INDIA
                                                    MARINE GEODESY WING (G&RB)
                                                     HOURLY HEIGHTS IN METRES
  NAME OF PORT:- NANCOWERY                                                                          MONTH NOVEMBER  YEAR 2010
 ----------------------------------------------------------------------------------------------------------------------------
 DAYS 0000 0001 0002 0003 0004 0005 0006 0007 0008 0009 0010 0011 0012 0013 0014 0015 0016 0017 0018 0019 0020 0021 0022 0023
 ----------------------------------------------------------------------------------------------------------------------------
  1
  2
  3
  4
  5
  6
  7
  8
  9
 10
 11
 12
 13
 14
 15
 16
 17
 18
 19
 20
 21
 22
 23
 24
 25
 26
 27
 28
 29
 30
 ----------------------------------------------------------------------------------------------------------------------------
                                                          SURVEY OF INDIA
                                                    MARINE GEODESY WING (G&RB)
                                                     HOURLY HEIGHTS IN METRES
  NAME OF PORT:- NANCOWERY                                                                          MONTH DECEMBER  YEAR 2010
 ----------------------------------------------------------------------------------------------------------------------------
 DAYS 0000 0001 0002 0003 0004 0005 0006 0007 0008 0009 0010 0011 0012 0013 0014 0015 0016 0017 0018 0019 0020 0021 0022 0023
 ----------------------------------------------------------------------------------------------------------------------------
  1
  2
  3
  4
  5
  6
  7
  8
  9
 10
 11
 12
 13
 14
 15
 16
 17
 18
 19
 20
 21
 22
 23
 24
 25
 26
 27
 28
 29
 30
 31
 ----------------------------------------------------------------------------------------------------------------------------
