                                                          SURVEY OF INDIA
                                                    MARINE GEODESY WING (G&RB)
                                                     HOURLY HEIGHTS IN METRES
  NAME OF PORT:- NANCOWRY                                                                           MONTH JANUARY   YEAR 2016
 ----------------------------------------------------------------------------------------------------------------------------
 DAYS 0000 0001 0002 0003 0004 0005 0006 0007 0008 0009 0010 0011 0012 0013 0014 0015 0016 0017 0018 0019 0020 0021 0022 0023
 ----------------------------------------------------------------------------------------------------------------------------
  1
  2
  3
  4
  5
  6
  7
  8
  9
 10
 11
 12
 13
 14
 15
 16
 17
 18
 19
 20
 21
 22
 23
 24
 25
 26
 27
 28
 29
 30
 31
 ----------------------------------------------------------------------------------------------------------------------------
                                                          SURVEY OF INDIA
                                                    MARINE GEODESY WING (G&RB)
                                                     HOURLY HEIGHTS IN METRES
  NAME OF PORT:- NANCOWRY                                                                           MONTH FEBRUARY  YEAR 2016
 ----------------------------------------------------------------------------------------------------------------------------
 DAYS 0000 0001 0002 0003 0004 0005 0006 0007 0008 0009 0010 0011 0012 0013 0014 0015 0016 0017 0018 0019 0020 0021 0022 0023
 ----------------------------------------------------------------------------------------------------------------------------
  1
  2
  3
  4
  5
  6
  7
  8
  9
 10
 11
 12
 13
 14
 15
 16
 17
 18
 19
 20
 21
 22
 23   0.80 0.43 0.18 0.06 0.05 0.16 0.45 0.89 1.27 1.45 1.43 1.20 0.86 0.55 0.25 0.10 0.08 0.20 0.55 1.16 1.46 1.52 1.45 1.24
 24   0.95 0.61 0.29 0.10 0.04 0.10 0.32 0.77 1.18 1.40 1.44 1.34 1.02 0.68 0.37 0.13 0.06 0.13 0.39 0.78 1.24 1.48 1.51 1.40
 25   1.14 0.76 0.42 0.15 0.02 0.01 0.16 0.58 1.03 1.38 1.47 1.41 1.14 0.85 0.54 0.26 0.10 0.09 0.26 0.58 0.98 1.38 1.57 1.56
 26   1.30 0.95 0.61 0.28 0.09 0.03 0.14 0.43 0.85 1.22 1.40 1.42 1.30 1.02 0.68 0.38 0.16 0.09 0.17 0.43 0.79 1.18 1.42 1.47
 27   1.38 1.06 0.71 0.36 0.12 0.04 0.08 0.29 0.67 1.08 1.36 1.41 1.32 1.00 0.68 0.36 0.19 0.16 0.23 0.46 0.76 1.10 1.33 1.37
 28   1.28 1.00 0.70 0.40 0.19 0.13 0.18 0.40 0.70 1.06 1.33 1.43 1.41 1.24 1.00 0.72 0.47 0.30 0.25 0.30 0.50 0.77 1.08 1.28
 29   1.31 1.22 1.00 0.74 0.48 0.30 0.23 0.28 0.48 0.74 1.05 1.28 1.36 1.31 1.14 0.92 0.69 0.50 0.38 0.37 0.48 0.68 0.91 1.12
 ----------------------------------------------------------------------------------------------------------------------------
                                                                                              
 ----------------------------------------------------------------------------------------------------------------------------
 ----------------------------------------------------------------------------------------------------------------------------
                                                          SURVEY OF INDIA
                                                    MARINE GEODESY WING (G&RB)
                                                     HOURLY HEIGHTS IN METRES
  NAME OF PORT:- NANCOWRY                                                                           MONTH MARCH     YEAR 2016
 ----------------------------------------------------------------------------------------------------------------------------
 DAYS 0000 0001 0002 0003 0004 0005 0006 0007 0008 0009 0010 0011 0012 0013 0014 0015 0016 0017 0018 0019 0020 0021 0022 0023
 ----------------------------------------------------------------------------------------------------------------------------
  1   1.23 1.22 1.08 0.84 0.61 0.43 0.34 0.34 0.44 0.62 0.88 1.12 1.26 1.28 1.21 1.04 0.84 0.67 0.54 0.48 0.50 0.60 0.76 0.93
  2   1.05 1.08 1.04 0.92 0.75 0.60 0.48 0.44 0.48 0.58 0.73 0.92 1.07 1.14 1.14 1.06 0.92 0.76 0.64 0.56 0.54 0.59 0.68 0.79
  3   0.90 0.98 1.00 0.95 0.86 0.76 0.66 0.59 0.55 0.56 0.62 0.75 0.89 1.01 1.10 1.14 1.13 1.06 0.96 0.85 0.74 0.66 0.62 0.62
  4   0.67 0.76 0.86 0.93 0.96 0.94 0.88 0.81 0.72 0.64 0.58 0.57 0.62 0.73 0.88 1.03 1.14 1.18 1.15 1.04 0.90 0.74 0.58 0.47
  5   0.44 0.48 0.60 0.76 0.92 1.03 1.06 1.02 0.91 0.76 0.61 0.50 0.46 0.50 0.66 0.87 1.08 1.26 1.34 1.32 1.18 0.95 0.72 0.48
  6   0.33 0.29 0.34 0.53 0.78 1.04 1.22 1.27 1.20 1.00 0.76 0.56 0.39 0.33 0.37 0.57 0.88 1.22 1.45 1.52 1.46 1.26 0.93 0.62
  7   0.36 0.21 0.18 0.28 0.55 0.92 1.28 1.43 1.42 1.26 0.98 0.66 0.38 0.23 0.20 0.30 0.58 0.98 1.42 1.63 1.66 1.55 1.24 0.88
  8   0.48 0.18 0.03 0.05 0.26 0.60 1.09 1.48 1.61 1.56 1.32 0.98 0.63 0.30 0.12 0.10 0.25 0.62 1.14 1.57 1.74 1.72 1.50 1.13
  9   0.70 0.28 0.00-0.07 0.03 0.34 0.82 1.34 1.64 1.70 1.59 1.25 0.84 0.47 0.12-0.03 0.00 0.26 0.69 1.28 1.70 1.80 1.72 1.44
 10   0.98 0.53 0.14-0.12-0.14 0.06 0.45 1.04 1.50 1.70 1.68 1.46 1.12 0.70 0.33 0.04-0.06 0.03 0.37 0.93 1.48 1.72 1.74 1.58
 11   1.24 0.80 0.35 0.00-0.16-0.14 0.14 0.62 1.25 1.66 1.76 1.68 1.36 1.00 0.56 0.20-0.03-0.08 0.06 0.48 1.04 1.52 1.70 1.64
 12   1.40 1.05 0.64 0.24-0.04-0.12 0.02 0.33 0.85 1.37 1.67 1.68 1.46 1.12 0.72 0.35 0.05-0.04 0.06 0.33 0.76 1.27 1.52 1.55
 13   1.42 1.14 0.76 0.42 0.14 0.01 0.06 0.30 0.68 1.22 1.53 1.60 1.52 1.28 0.96 0.62 0.30 0.10 0.06 0.18 0.44 0.88 1.23 1.39
 14   1.38 1.20 0.92 0.64 0.38 0.20 0.16 0.26 0.49 0.88 1.23 1.40 1.43 1.34 1.10 0.83 0.56 0.36 0.24 0.24 0.38 0.65 0.94 1.17
 15   1.24 1.20 1.06 0.84 0.62 0.44 0.32 0.31 0.42 0.66 0.94 1.18 1.31 1.33 1.24 1.06 0.85 0.64 0.49 0.41 0.42 0.50 0.65 0.84
 16   1.02 1.09 1.06 0.95 0.82 0.68 0.56 0.48 0.48 0.55 0.70 0.88 1.04 1.14 1.17 1.13 1.02 0.86 0.70 0.56 0.47 0.44 0.47 0.56
 17   0.70 0.84 0.93 0.95 0.92 0.84 0.75 0.66 0.60 0.58 0.59 0.66 0.79 0.93 1.04 1.10 1.11 1.06 0.96 0.82 0.68 0.56 0.48 0.45
 18   0.49 0.60 0.74 0.87 0.96 0.99 0.96 0.88 0.76 0.64 0.56 0.53 0.56 0.66 0.82 0.99 1.12 1.18 1.18 1.09 0.92 0.74 0.56 0.42
 19   0.36 0.38 0.50 0.70 0.90 1.05 1.10 1.08 0.98 0.80 0.59 0.44 0.40 0.45 0.62 0.86 1.10 1.28 1.34 1.30 1.12 0.88 0.62 0.40
 20   0.26 0.23 0.32 0.54 0.81 1.08 1.22 1.24 1.13 0.92 0.71 0.51 0.36 0.33 0.40 0.60 0.88 1.16 1.33 1.40 1.37 1.22 0.95 0.67
 21   0.36 0.20 0.16 0.25 0.47 0.80 1.14 1.33 1.36 1.24 0.98 0.70 0.46 0.28 0.22 0.30 0.50 0.84 1.17 1.40 1.45 1.37 1.10 0.77
 22   0.46 0.22 0.10 0.12 0.30 0.66 1.06 1.36 1.44 1.38 1.18 0.90 0.56 0.30 0.15 0.15 0.30 0.60 1.01 1.36 1.52 1.51 1.30 0.96
 23   0.60 0.32 0.10 0.04 0.12 0.43 0.88 1.28 1.45 1.44 1.30 1.02 0.68 0.38 0.16 0.09 0.15 0.42 0.77 1.16 1.45 1.51 1.42 1.10
 24   0.70 0.36 0.10 0.00 0.06 0.28 0.65 1.10 1.46 1.54 1.46 1.21 0.84 0.50 0.21 0.06 0.06 0.22 0.53 0.93 1.32 1.48 1.46 1.25
 25
 26
 27
 28
 29
 30
 31
 ----------------------------------------------------------------------------------------------------------------------------
                                                                                              
 ----------------------------------------------------------------------------------------------------------------------------
 ----------------------------------------------------------------------------------------------------------------------------
                                                          SURVEY OF INDIA
                                                    MARINE GEODESY WING (G&RB)
                                                     HOURLY HEIGHTS IN METRES
  NAME OF PORT:- NANCOWRY                                                                           MONTH APRIL     YEAR 2016
 ----------------------------------------------------------------------------------------------------------------------------
 DAYS 0000 0001 0002 0003 0004 0005 0006 0007 0008 0009 0010 0011 0012 0013 0014 0015 0016 0017 0018 0019 0020 0021 0022 0023
 ----------------------------------------------------------------------------------------------------------------------------
  1
  2
  3
  4
  5
  6
  7
  8
  9
 10
 11
 12
 13
 14
 15
 16
 17
 18
 19
 20
 21
 22
 23
 24
 25
 26
 27
 28
 29
 30
 ----------------------------------------------------------------------------------------------------------------------------
                                                          SURVEY OF INDIA
                                                    MARINE GEODESY WING (G&RB)
                                                     HOURLY HEIGHTS IN METRES
  NAME OF PORT:- NANCOWRY                                                                           MONTH MAY       YEAR 2016
 ----------------------------------------------------------------------------------------------------------------------------
 DAYS 0000 0001 0002 0003 0004 0005 0006 0007 0008 0009 0010 0011 0012 0013 0014 0015 0016 0017 0018 0019 0020 0021 0022 0023
 ----------------------------------------------------------------------------------------------------------------------------
  1
  2
  3
  4
  5
  6
  7
  8
  9
 10
 11
 12
 13
 14
 15
 16
 17
 18
 19
 20
 21
 22
 23
 24
 25
 26
 27
 28
 29
 30
 31
 ----------------------------------------------------------------------------------------------------------------------------
                                                          SURVEY OF INDIA
                                                    MARINE GEODESY WING (G&RB)
                                                     HOURLY HEIGHTS IN METRES
  NAME OF PORT:- NANCOWRY                                                                           MONTH JUNE      YEAR 2016
 ----------------------------------------------------------------------------------------------------------------------------
 DAYS 0000 0001 0002 0003 0004 0005 0006 0007 0008 0009 0010 0011 0012 0013 0014 0015 0016 0017 0018 0019 0020 0021 0022 0023
 ----------------------------------------------------------------------------------------------------------------------------
  1
  2
  3
  4
  5
  6
  7
  8
  9
 10
 11
 12
 13
 14
 15
 16
 17
 18
 19
 20
 21
 22
 23
 24
 25
 26
 27
 28
 29
 30
 ----------------------------------------------------------------------------------------------------------------------------
                                                          SURVEY OF INDIA
                                                    MARINE GEODESY WING (G&RB)
                                                     HOURLY HEIGHTS IN METRES
  NAME OF PORT:- NANCOWRY                                                                           MONTH JULY      YEAR 2016
 ----------------------------------------------------------------------------------------------------------------------------
 DAYS 0000 0001 0002 0003 0004 0005 0006 0007 0008 0009 0010 0011 0012 0013 0014 0015 0016 0017 0018 0019 0020 0021 0022 0023
 ----------------------------------------------------------------------------------------------------------------------------
  1
  2
  3
  4
  5
  6
  7
  8
  9
 10
 11
 12
 13
 14
 15
 16
 17
 18
 19
 20
 21
 22
 23
 24
 25
 26
 27
 28
 29
 30
 31
 ----------------------------------------------------------------------------------------------------------------------------
                                                          SURVEY OF INDIA
                                                    MARINE GEODESY WING (G&RB)
                                                     HOURLY HEIGHTS IN METRES
  NAME OF PORT:- NANCOWRY                                                                           MONTH AUGUST    YEAR 2016
 ----------------------------------------------------------------------------------------------------------------------------
 DAYS 0000 0001 0002 0003 0004 0005 0006 0007 0008 0009 0010 0011 0012 0013 0014 0015 0016 0017 0018 0019 0020 0021 0022 0023
 ----------------------------------------------------------------------------------------------------------------------------
  1
  2
  3
  4
  5   1.19 0.95 0.63 0.38 0.29 0.35 0.64 1.06 1.49 1.80 1.88 1.78 1.50 1.14 0.73 0.43 0.23 0.21 0.37 0.75 1.16 1.48 1.63 1.60
  6   1.38 1.10 0.78 0.50 0.33 0.32 0.49 0.86 1.26 1.56 1.74 1.75 1.60 1.25 0.72 0.40 0.23 0.20 0.30 0.55 0.94 1.29 1.52 1.56
  7   1.47 1.27 1.02 0.72 0.48 0.38 0.42 0.65 1.02 1.36 1.61 1.69 1.61 1.36 1.07 0.76 0.46 0.31 0.31 0.48 0.80 1.14 1.40 1.52
  8   1.50 1.36 1.13 0.86 0.62 0.48 0.45 0.58 0.86 1.16 1.44 1.58 1.59 1.45 1.20 0.92 0.66 0.44 0.38 0.46 0.70 0.98 1.26 1.43
  9   1.48 1.43 1.28 1.04 0.80 0.62 0.57 0.62 0.77 1.02 1.28 1.44 1.48 1.42 1.26 1.04 0.82 0.60 0.47 0.46 0.58 0.82 1.08 1.26
 10   1.36 1.37 1.30 1.14 0.94 0.76 0.64 0.63 0.72 0.88 1.07 1.24 1.33 1.34 1.28 1.13 0.92 0.70 0.57 0.52 0.56 0.71 0.91 1.10
 11   1.24 1.31 1.31 1.25 1.11 0.94 0.80 0.71 0.69 0.75 0.88 1.02 1.14 1.20 1.21 1.17 1.06 0.89 0.74 0.65 0.62 0.66 0.76 0.90
 12   1.05 1.18 1.26 1.28 1.23 1.11 0.96 0.84 0.76 0.73 0.76 0.84 0.93 1.02 1.10 1.14 1.11 1.01 0.90 0.80 0.72 0.68 0.69 0.74
 13   0.84 0.98 1.12 1.22 1.26 1.24 1.15 1.03 0.91 0.79 0.70 0.66 0.70 0.80 0.92 1.03 1.09 1.10 1.05 0.95 0.84 0.72 0.62 0.58
 14   0.60 0.70 0.86 1.06 1.23 1.33 1.34 1.27 1.11 0.92 0.75 0.63 0.57 0.58 0.67 0.82 1.00 1.14 1.19 1.15 1.02 0.86 0.71 0.58
 15   0.53 0.56 0.68 0.88 1.14 1.34 1.46 1.48 1.38 1.15 0.86 0.64 0.48 0.43 0.48 0.66 0.90 1.15 1.28 1.30 1.22 1.03 0.82 0.63
 16   0.47 0.42 0.47 0.67 0.98 1.29 1.50 1.59 1.56 1.40 1.13 0.80 0.54 0.38 0.32 0.40 0.66 0.98 1.29 1.43 1.42 1.28 1.04 0.77
 17   0.54 0.36 0.31 0.42 0.70 1.08 1.43 1.66 1.72 1.63 1.34 1.00 0.64 0.33 0.19 0.20 0.40 0.76 1.17 1.47 1.56 1.50 1.26 0.96
 18   0.68 0.40 0.22 0.21 0.38 0.78 1.26 1.65 1.82 1.81 1.60 1.26 0.87 0.47 0.19 0.10 0.16 0.45 0.92 1.38 1.61 1.64 1.52 1.24
 19   0.92 0.56 0.28 0.16 0.20 0.50 0.96 1.44 1.74 1.82 1.76 1.52 1.13 0.70 0.30 0.10 0.06 0.20 0.62 1.10 1.52 1.71 1.69 1.50
 20   1.18 0.80 0.42 0.20 0.13 0.25 0.62 1.15 1.62 1.86 1.88 1.72 1.37 0.94 0.52 0.20 0.04 0.06 0.32 0.80 1.32 1.66 1.74 1.66
 21   1.40 1.08 0.67 0.33 0.14 0.13 0.34 0.78 1.30 1.68 1.82 1.79 1.58 1.23 0.78 0.40 0.13 0.06 0.17 0.54 1.00 1.44 1.70 1.74
 22   1.62 1.36 0.98 0.60 0.32 0.20 0.24 0.52 0.98 1.42 1.68 1.74 1.66 1.40 1.08 0.70 0.35 0.16 0.17 0.38 0.74 1.20 1.55 1.68
 23   1.66 1.52 1.24 0.90 0.57 0.35 0.31 0.40 0.70 1.10 1.43 1.62 1.64 1.52 1.28 0.96 0.62 0.38 0.28 0.32 0.54 0.90 1.28 1.50
 24   1.56 1.53 1.40 1.14 0.84 0.56 0.39 0.37 0.47 0.76 1.08 1.35 1.47 1.46 1.33 1.08 0.82 0.56 0.40 0.36 0.44 0.68 0.98 1.26
 25   1.42 1.48 1.44 1.32 1.10 0.84 0.64 0.52 0.50 0.59 0.80 1.04 1.22 1.30 1.29 1.18 1.00 0.80 0.64 0.52 0.50 0.57 0.74 0.98
 26   1.18 1.30 1.36 1.34 1.24 1.08 0.90 0.70 0.56 0.51 0.56 0.70 0.89 1.04 1.13 1.16 1.12 1.02 0.88 0.72 0.60 0.56 0.58 0.68
 27   0.84 1.00 1.14 1.23 1.26 1.23 1.13 0.94 0.76 0.62 0.55 0.54 0.60 0.74 0.90 1.04 1.12 1.14 1.09 0.96 0.82 0.70 0.60 0.55
 28   0.58 0.70 0.88 1.09 1.26 1.34 1.33 1.23 1.04 0.84 0.66 0.50 0.44 0.47 0.60 0.80 1.01 1.16 1.22 1.19 1.09 0.92 0.72 0.56
 29   0.48 0.50 0.64 0.88 1.11 1.30 1.40 1.42 1.36 1.16 0.89 0.62 0.40 0.33 0.38 0.56 0.84 1.11 1.30 1.35 1.30 1.11 0.88 0.64
 30   0.45 0.35 0.38 0.56 0.86 1.19 1.44 1.54 1.52 1.36 1.10 0.76 0.48 0.28 0.22 0.32 0.58 0.92 1.22 1.38 1.40 1.28 1.06 0.78
 31   0.52 0.32 0.27 0.37 0.64 1.00 1.38 1.62 1.68 1.60 1.36 1.02 0.63 0.31 0.17 0.18 0.36 0.76 1.16 1.46 1.56 1.52 1.32 1.04
 ----------------------------------------------------------------------------------------------------------------------------
                                                                                              
 ----------------------------------------------------------------------------------------------------------------------------
 ----------------------------------------------------------------------------------------------------------------------------
                                                          SURVEY OF INDIA
                                                    MARINE GEODESY WING (G&RB)
                                                     HOURLY HEIGHTS IN METRES
  NAME OF PORT:- NANCOWRY                                                                           MONTH SEPT      YEAR 2016
 ----------------------------------------------------------------------------------------------------------------------------
 DAYS 0000 0001 0002 0003 0004 0005 0006 0007 0008 0009 0010 0011 0012 0013 0014 0015 0016 0017 0018 0019 0020 0021 0022 0023
 ----------------------------------------------------------------------------------------------------------------------------
  1   0.73 0.45 0.26 0.26 0.41 0.77 1.21 1.58 1.76 1.75 1.54 1.22 0.86 0.46 0.20 0.09 0.16 0.46 0.91 1.33 1.58 1.58 1.43 1.17
  2   0.90 0.60 0.34 0.22 0.28 0.53 0.94 1.38 1.68 1.76 1.64 1.38 1.04 0.64 0.34 0.14 0.12 0.36 0.72 1.14 1.45 1.60 1.56 1.35
  3   1.06 0.74 0.43 0.24 0.22 0.40 0.74 1.19 1.54 1.72 1.70 1.50 1.18 0.84 0.48 0.24 0.14 0.24 0.53 0.98 1.38 1.60 1.64 1.50
  4   1.24 0.89 0.59 0.33 0.21 0.28 0.54 0.92 1.36 1.62 1.71 1.59 1.35 1.00 0.65 0.34 0.22 0.24 0.44 0.74 1.19 1.53 1.70 1.64
  5   1.44 1.18 0.90 0.57 0.36 0.31 0.44 0.74 1.18 1.50 1.68 1.67 1.50 1.24 0.91 0.62 0.38 0.30 0.35 0.64 1.02 1.40 1.61 1.67
  6   1.56 1.34 1.04 0.75 0.54 0.42 0.44 0.65 0.98 1.34 1.56 1.62 1.54 1.34 1.02 0.74 0.50 0.39 0.42 0.58 0.89 1.24 1.50 1.62
  7   1.60 1.40 1.16 0.90 0.64 0.49 0.48 0.60 0.82 1.14 1.38 1.50 1.50 1.38 1.16 0.88 0.64 0.50 0.48 0.57 0.79 1.08 1.34 1.51
  8   1.54 1.47 1.30 1.07 0.86 0.68 0.59 0.62 0.76 0.96 1.20 1.36 1.40 1.34 1.20 1.02 0.82 0.66 0.58 0.60 0.72 0.93 1.16 1.34
  9   1.44 1.46 1.39 1.22 1.02 0.83 0.71 0.68 0.72 0.84 1.00 1.16 1.24 1.24 1.19 1.08 0.94 0.81 0.71 0.68 0.72 0.84 1.00 1.16
 10   1.28 1.34 1.32 1.24 1.13 1.00 0.88 0.80 0.78 0.82 0.90 1.01 1.11 1.17 1.18 1.15 1.08 0.99 0.89 0.80 0.76 0.78 0.85 0.96
 11   1.08 1.20 1.28 1.29 1.25 1.17 1.06 0.94 0.84 0.78 0.77 0.80 0.88 0.98 1.07 1.12 1.14 1.12 1.06 0.98 0.88 0.80 0.77 0.80
 12   0.88 1.00 1.14 1.26 1.34 1.36 1.33 1.23 1.08 0.92 0.80 0.73 0.72 0.78 0.91 1.06 1.20 1.29 1.29 1.22 1.08 0.92 0.79 0.72
 13   0.70 0.74 0.88 1.10 1.31 1.46 1.50 1.44 1.30 1.10 0.88 0.66 0.52 0.52 0.64 0.84 1.05 1.27 1.38 1.39 1.28 1.09 0.86 0.65
 14   0.54 0.52 0.60 0.84 1.15 1.44 1.62 1.64 1.54 1.32 1.04 0.73 0.50 0.38 0.41 0.58 0.86 1.21 1.49 1.58 1.54 1.35 1.10 0.80
 15   0.54 0.40 0.40 0.55 0.90 1.30 1.62 1.78 1.76 1.59 1.31 0.94 0.60 0.34 0.24 0.30 0.61 1.02 1.44 1.69 1.72 1.60 1.36 1.04
 16   0.69 0.41 0.27 0.32 0.60 1.04 1.52 1.82 1.91 1.82 1.58 1.21 0.79 0.40 0.18 0.16 0.35 0.78 1.29 1.69 1.88 1.86 1.66 1.32
 17   0.92 0.58 0.30 0.21 0.33 0.67 1.16 1.66 1.96 2.00 1.84 1.51 1.06 0.62 0.27 0.12 0.16 0.50 0.97 1.52 1.92 2.00 1.91 1.62
 18   1.22 0.80 0.43 0.20 0.17 0.37 0.79 1.34 1.81 2.00 1.98 1.72 1.34 0.86 0.44 0.14 0.07 0.18 0.60 1.10 1.61 1.97 2.00 1.85
 19   1.50 1.08 0.66 0.31 0.16 0.20 0.45 0.90 1.46 1.88 1.95 1.84 1.52 1.12 0.69 0.32 0.12 0.11 0.33 0.78 1.27 1.70 1.92 1.90
 20   1.66 1.32 0.94 0.54 0.27 0.16 0.24 0.58 1.04 1.49 1.79 1.82 1.64 1.30 0.92 0.55 0.25 0.14 0.20 0.47 0.92 1.42 1.80 1.90
 21   1.81 1.52 1.17 0.79 0.44 0.24 0.21 0.36 0.66 1.08 1.46 1.65 1.64 1.42 1.12 0.80 0.50 0.30 0.23 0.36 0.69 1.04 1.44 1.69
 22   1.70 1.56 1.31 1.00 0.68 0.43 0.29 0.30 0.46 0.80 1.14 1.41 1.49 1.43 1.23 1.00 0.75 0.54 0.40 0.40 0.55 0.80 1.10 1.39
 23   1.53 1.54 1.43 1.24 1.00 0.75 0.56 0.45 0.48 0.64 0.87 1.12 1.30 1.35 1.30 1.14 0.96 0.78 0.64 0.56 0.58 0.72 0.92 1.12
 24   1.30 1.40 1.41 1.34 1.20 1.01 0.84 0.70 0.60 0.58 0.65 0.80 0.98 1.10 1.15 1.15 1.09 1.00 0.89 0.79 0.71 0.68 0.72 0.84
 25   1.00 1.15 1.27 1.33 1.32 1.24 1.12 0.96 0.80 0.68 0.61 0.61 0.68 0.82 0.97 1.09 1.16 1.18 1.15 1.05 0.92 0.80 0.72 0.70
 26   0.74 0.86 1.01 1.18 1.32 1.38 1.36 1.24 1.04 0.82 0.64 0.54 0.53 0.61 0.77 0.96 1.14 1.26 1.30 1.24 1.10 0.92 0.72 0.59
 27   0.54 0.59 0.74 0.96 1.22 1.40 1.46 1.42 1.29 1.07 0.80 0.56 0.42 0.40 0.52 0.76 1.06 1.32 1.45 1.46 1.36 1.14 0.89 0.66
 28   0.50 0.44 0.51 0.73 1.04 1.36 1.58 1.61 1.52 1.32 1.04 0.73 0.48 0.34 0.34 0.50 0.80 1.14 1.46 1.56 1.53 1.36 1.10 0.81
 29   0.58 0.42 0.40 0.54 0.81 1.18 1.54 1.70 1.69 1.52 1.26 0.93 0.60 0.35 0.24 0.28 0.54 0.93 1.34 1.60 1.68 1.58 1.31 1.00
 30   0.70 0.47 0.32 0.34 0.52 0.87 1.29 1.63 1.74 1.67 1.42 1.10 0.76 0.46 0.27 0.25 0.39 0.72 1.18 1.58 1.72 1.68 1.46 1.16
 ----------------------------------------------------------------------------------------------------------------------------
                                                                                              
 ----------------------------------------------------------------------------------------------------------------------------
 ----------------------------------------------------------------------------------------------------------------------------
                                                          SURVEY OF INDIA
                                                    MARINE GEODESY WING (G&RB)
                                                     HOURLY HEIGHTS IN METRES
  NAME OF PORT:- NANCOWRY                                                                           MONTH OCTOBER   YEAR 2016
 ----------------------------------------------------------------------------------------------------------------------------
 DAYS 0000 0001 0002 0003 0004 0005 0006 0007 0008 0009 0010 0011 0012 0013 0014 0015 0016 0017 0018 0019 0020 0021 0022 0023
 ----------------------------------------------------------------------------------------------------------------------------
  1   0.84 0.54 0.32 0.23 0.33 0.62 1.00 1.44 1.72 1.74 1.56 1.26 0.92 0.57 0.29 0.18 0.23 0.49 0.94 1.39 1.68 1.70 1.58 1.32
  2   0.93 0.60 0.30 0.14 0.16 0.36 0.74 1.21 1.54 1.66 1.56 1.30 0.97 0.63 0.29 0.12 0.10 0.28 0.66 1.16 1.56 1.70 1.62 1.40
  3   1.08 0.75 0.44 0.20 0.13 0.26 0.56 0.99 1.40 1.60 1.58 1.38 1.08 0.73 0.41 0.18 0.10 0.22 0.52 0.95 1.38 1.62 1.65 1.53
  4   1.26 0.90 0.56 0.28 0.14 0.16 0.37 0.75 1.19 1.46 1.54 1.44 1.22 0.90 0.58 0.30 0.18 0.20 0.42 0.82 1.22 1.50 1.58 1.53
  5   1.36 1.06 0.70 0.40 0.20 0.18 0.32 0.62 1.02 1.32 1.48 1.47 1.30 1.03 0.72 0.44 0.24 0.19 0.32 0.66 1.00 1.34 1.52 1.53
  6   1.40 1.19 0.90 0.60 0.38 0.27 0.29 0.50 0.85 1.14 1.32 1.35 1.26 1.07 0.82 0.57 0.38 0.30 0.33 0.54 0.84 1.14 1.36 1.45
  7   1.40 1.25 1.03 0.75 0.51 0.35 0.31 0.40 0.64 0.92 1.15 1.26 1.26 1.14 0.94 0.73 0.54 0.42 0.40 0.51 0.71 0.96 1.18 1.33
  8   1.36 1.28 1.11 0.90 0.68 0.51 0.42 0.44 0.58 0.78 0.97 1.12 1.17 1.14 1.03 0.88 0.72 0.58 0.50 0.51 0.62 0.80 0.98 1.15
  9   1.24 1.23 1.16 1.04 0.88 0.71 0.60 0.55 0.58 0.68 0.82 0.96 1.07 1.11 1.09 1.00 0.89 0.78 0.68 0.62 0.63 0.70 0.82 0.95
 10   1.08 1.18 1.22 1.19 1.11 0.98 0.84 0.70 0.61 0.59 0.62 0.72 0.84 0.96 1.04 1.06 1.04 0.98 0.90 0.82 0.74 0.68 0.68 0.75
 11   0.86 0.98 1.10 1.17 1.18 1.14 1.05 0.91 0.77 0.64 0.57 0.56 0.62 0.74 0.90 1.05 1.15 1.19 1.16 1.06 0.90 0.75 0.64 0.59
 12   0.62 0.74 0.92 1.13 1.30 1.37 1.35 1.22 1.02 0.81 0.60 0.46 0.41 0.48 0.66 0.90 1.15 1.33 1.38 1.32 1.15 0.92 0.68 0.50
 13   0.42 0.46 0.62 0.88 1.16 1.39 1.49 1.46 1.28 1.02 0.72 0.46 0.28 0.25 0.36 0.62 0.96 1.30 1.50 1.52 1.41 1.16 0.83 0.56
 14   0.36 0.26 0.32 0.58 0.92 1.31 1.57 1.65 1.56 1.30 0.94 0.58 0.28 0.11 0.12 0.32 0.70 1.15 1.51 1.68 1.67 1.46 1.14 0.74
 15   0.42 0.18 0.12 0.22 0.54 1.01 1.46 1.70 1.72 1.56 1.24 0.84 0.43 0.14 0.00 0.07 0.38 0.84 1.34 1.71 1.83 1.76 1.48 1.06
 16   0.62 0.28 0.06 0.04 0.24 0.66 1.16 1.58 1.78 1.74 1.50 1.14 0.70 0.32 0.05 0.00 0.12 0.52 1.06 1.58 1.88 1.90 1.72 1.38
 17   0.96 0.51 0.16-0.02 0.01 0.27 0.75 1.28 1.66 1.79 1.69 1.43 1.02 0.57 0.21 0.00 0.01 0.27 0.70 1.28 1.76 1.94 1.88 1.65
 18   1.28 0.82 0.40 0.10-0.01 0.04 0.40 0.90 1.43 1.70 1.72 1.55 1.24 0.84 0.43 0.12 0.00 0.08 0.44 0.92 1.46 1.80 1.87 1.77
 19   1.50 1.10 0.67 0.30 0.05-0.01 0.16 0.54 1.08 1.50 1.66 1.62 1.43 1.10 0.73 0.41 0.18 0.10 0.26 0.64 1.10 1.55 1.79 1.80
 20   1.64 1.35 0.96 0.60 0.32 0.12 0.11 0.32 0.70 1.12 1.44 1.49 1.42 1.22 0.95 0.68 0.42 0.26 0.26 0.44 0.78 1.18 1.48 1.63
 21   1.62 1.44 1.18 0.86 0.57 0.32 0.23 0.27 0.52 0.83 1.14 1.30 1.32 1.24 1.05 0.83 0.62 0.45 0.38 0.42 0.60 0.88 1.16 1.38
 22   1.46 1.42 1.26 1.02 0.79 0.59 0.42 0.36 0.40 0.58 0.84 1.06 1.16 1.18 1.12 1.00 0.84 0.70 0.59 0.53 0.56 0.68 0.88 1.08
 23   1.23 1.30 1.28 1.20 1.06 0.88 0.70 0.54 0.45 0.46 0.58 0.74 0.89 1.00 1.06 1.08 1.04 0.95 0.83 0.72 0.64 0.63 0.68 0.80
 24   0.95 1.08 1.17 1.20 1.18 1.09 0.94 0.78 0.63 0.54 0.51 0.54 0.63 0.77 0.93 1.04 1.08 1.08 1.04 0.94 0.81 0.70 0.66 0.67
 25   0.74 0.86 1.01 1.15 1.21 1.22 1.16 1.02 0.84 0.64 0.49 0.43 0.45 0.56 0.74 0.93 1.11 1.20 1.21 1.14 1.00 0.82 0.65 0.54
 26   0.53 0.60 0.76 0.96 1.16 1.28 1.30 1.22 1.06 0.85 0.62 0.46 0.38 0.40 0.55 0.76 1.01 1.22 1.33 1.32 1.20 1.00 0.76 0.54
 27   0.40 0.38 0.48 0.72 0.97 1.21 1.36 1.37 1.26 1.04 0.78 0.51 0.32 0.28 0.34 0.55 0.84 1.14 1.36 1.44 1.37 1.18 0.90 0.62
 28   0.42 0.32 0.34 0.50 0.80 1.12 1.34 1.41 1.34 1.16 0.91 0.62 0.36 0.22 0.23 0.40 0.70 1.06 1.38 1.54 1.54 1.36 1.10 0.78
 29   0.48 0.28 0.22 0.32 0.56 0.90 1.25 1.47 1.48 1.33 1.08 0.77 0.46 0.24 0.16 0.24 0.50 0.86 1.28 1.56 1.62 1.53 1.25 0.93
 30   0.60 0.30 0.17 0.20 0.40 0.74 1.10 1.41 1.51 1.46 1.24 0.93 0.59 0.32 0.16 0.16 0.36 0.74 1.14 1.53 1.68 1.66 1.46 1.10
 31   0.76 0.44 0.22 0.15 0.25 0.55 0.94 1.30 1.51 1.52 1.38 1.09 0.76 0.46 0.22 0.14 0.23 0.50 0.92 1.34 1.63 1.68 1.58 1.28
 ----------------------------------------------------------------------------------------------------------------------------
                                                                                               
 ----------------------------------------------------------------------------------------------------------------------------
 ----------------------------------------------------------------------------------------------------------------------------
                                                          SURVEY OF INDIA
                                                    MARINE GEODESY WING (G&RB)
                                                     HOURLY HEIGHTS IN METRES
  NAME OF PORT:- NANCOWRY                                                                           MONTH NOVEMBER  YEAR 2016
 ----------------------------------------------------------------------------------------------------------------------------
 DAYS 0000 0001 0002 0003 0004 0005 0006 0007 0008 0009 0010 0011 0012 0013 0014 0015 0016 0017 0018 0019 0020 0021 0022 0023
 ----------------------------------------------------------------------------------------------------------------------------
  1   0.96 0.60 0.32 0.14 0.14 0.32 0.69 1.12 1.41 1.54 1.51 1.28 0.98 0.64 0.34 0.18 0.18 0.34 0.70 1.12 1.51 1.68 1.67 1.49
  2   1.18 0.80 0.48 0.22 0.13 0.22 0.54 0.94 1.30 1.48 1.51 1.38 1.12 0.78 0.48 0.25 0.17 0.26 0.58 1.00 1.42 1.64 1.70 1.59
  3   1.32 0.98 0.64 0.38 0.22 0.21 0.40 0.78 1.15 1.38 1.48 1.40 1.18 0.90 0.61 0.38 0.26 0.27 0.48 0.86 1.24 1.53 1.66 1.63
  4   1.42 1.13 0.80 0.52 0.31 0.23 0.31 0.56 0.90 1.20 1.36 1.38 1.28 1.05 0.78 0.55 0.40 0.35 0.42 0.68 1.02 1.34 1.54 1.58
  5   1.48 1.25 0.98 0.68 0.44 0.32 0.32 0.46 0.74 1.04 1.26 1.35 1.33 1.17 0.94 0.70 0.52 0.42 0.43 0.56 0.82 1.12 1.36 1.50
  6   1.49 1.34 1.12 0.88 0.63 0.46 0.38 0.42 0.58 0.83 1.06 1.22 1.28 1.22 1.07 0.88 0.68 0.54 0.48 0.51 0.64 0.86 1.10 1.30
  7   1.39 1.37 1.23 1.04 0.84 0.65 0.50 0.44 0.48 0.62 0.80 0.98 1.10 1.14 1.10 0.98 0.84 0.72 0.63 0.59 0.62 0.72 0.88 1.06
  8   1.20 1.26 1.25 1.16 1.01 0.84 0.67 0.54 0.49 0.51 0.61 0.76 0.92 1.05 1.12 1.11 1.05 0.95 0.83 0.73 0.67 0.65 0.69 0.80
  9   0.96 1.11 1.20 1.22 1.17 1.06 0.90 0.72 0.56 0.46 0.44 0.50 0.63 0.80 0.98 1.13 1.18 1.16 1.07 0.92 0.76 0.62 0.56 0.57
 10   0.65 0.82 1.01 1.18 1.27 1.28 1.19 1.02 0.80 0.59 0.45 0.40 0.43 0.57 0.80 1.06 1.28 1.36 1.34 1.22 1.03 0.80 0.60 0.48
 11   0.48 0.58 0.74 0.92 1.11 1.25 1.30 1.26 1.06 0.78 0.50 0.32 0.25 0.31 0.52 0.84 1.20 1.46 1.55 1.51 1.34 1.06 0.75 0.48
 12   0.31 0.29 0.41 0.68 1.05 1.38 1.62 1.62 1.40 1.10 0.75 0.44 0.22 0.14 0.22 0.48 0.86 1.28 1.58 1.68 1.60 1.34 1.00 0.64
 13   0.34 0.15 0.14 0.30 0.62 1.08 1.44 1.61 1.58 1.38 1.06 0.66 0.31 0.09 0.04 0.18 0.52 1.00 1.46 1.75 1.79 1.65 1.33 0.92
 14   0.52 0.22 0.04 0.05 0.30 0.70 1.24 1.60 1.70 1.62 1.32 0.92 0.53 0.18-0.01 0.00 0.23 0.68 1.26 1.74 1.91 1.88 1.62 1.24
 15   0.80 0.38 0.07-0.07 0.01 0.35 0.85 1.37 1.66 1.69 1.54 1.24 0.85 0.44 0.12-0.02 0.03 0.36 0.87 1.45 1.83 1.94 1.83 1.56
 16   1.12 0.68 0.25-0.02-0.06 0.07 0.46 0.97 1.43 1.64 1.65 1.48 1.16 0.78 0.40 0.14 0.04 0.16 0.56 1.08 1.58 1.83 1.89 1.75
 17   1.44 1.04 0.60 0.21 0.00-0.03 0.16 0.56 1.06 1.42 1.56 1.55 1.38 1.05 0.67 0.38 0.20 0.17 0.32 0.68 1.17 1.58 1.77 1.76
 18   1.58 1.30 0.94 0.54 0.25 0.08 0.09 0.30 0.68 1.12 1.41 1.50 1.44 1.22 0.94 0.67 0.43 0.28 0.30 0.50 0.82 1.22 1.56 1.68
 19   1.64 1.44 1.16 0.84 0.55 0.32 0.22 0.25 0.44 0.76 1.10 1.31 1.34 1.24 1.06 0.85 0.63 0.47 0.41 0.46 0.64 0.92 1.23 1.48
 20   1.54 1.48 1.29 1.04 0.76 0.53 0.37 0.30 0.35 0.56 0.84 1.10 1.22 1.23 1.14 1.00 0.84 0.70 0.60 0.57 0.62 0.78 0.98 1.20
 21   1.34 1.39 1.34 1.18 0.98 0.77 0.60 0.48 0.43 0.48 0.64 0.84 1.02 1.15 1.18 1.13 1.02 0.90 0.79 0.70 0.66 0.70 0.80 0.94
 22   1.09 1.21 1.26 1.23 1.13 0.98 0.81 0.66 0.54 0.49 0.52 0.63 0.78 0.94 1.07 1.14 1.14 1.08 0.98 0.86 0.74 0.66 0.64 0.68
 23   0.78 0.94 1.10 1.18 1.18 1.12 1.00 0.86 0.70 0.56 0.48 0.49 0.58 0.74 0.93 1.10 1.21 1.23 1.17 1.06 0.93 0.80 0.68 0.60
 24   0.61 0.72 0.89 1.06 1.20 1.24 1.20 1.06 0.87 0.68 0.52 0.43 0.44 0.54 0.74 0.96 1.19 1.32 1.35 1.28 1.12 0.92 0.74 0.60
 25   0.54 0.56 0.68 0.88 1.10 1.26 1.30 1.24 1.08 0.88 0.65 0.48 0.40 0.42 0.58 0.84 1.10 1.32 1.45 1.45 1.32 1.10 0.86 0.62
 26   0.46 0.41 0.46 0.66 0.93 1.16 1.31 1.34 1.24 1.04 0.78 0.54 0.37 0.32 0.38 0.58 0.90 1.22 1.44 1.52 1.46 1.26 0.98 0.69
 27   0.46 0.33 0.31 0.44 0.71 1.02 1.28 1.40 1.38 1.20 0.96 0.68 0.44 0.31 0.29 0.42 0.72 1.08 1.39 1.54 1.55 1.42 1.17 0.86
 28   0.58 0.35 0.26 0.28 0.50 0.84 1.16 1.39 1.42 1.32 1.08 0.82 0.54 0.32 0.23 0.27 0.52 0.88 1.26 1.55 1.63 1.56 1.32 1.00
 29   0.70 0.41 0.22 0.18 0.32 0.64 1.02 1.33 1.45 1.42 1.22 0.96 0.68 0.43 0.27 0.25 0.38 0.69 1.10 1.48 1.66 1.65 1.48 1.20
 30   0.86 0.52 0.26 0.16 0.20 0.41 0.79 1.18 1.40 1.43 1.32 1.08 0.80 0.52 0.30 0.21 0.26 0.50 0.88 1.30 1.57 1.65 1.60 1.36
 ----------------------------------------------------------------------------------------------------------------------------
                                                                                              
 ----------------------------------------------------------------------------------------------------------------------------
 ----------------------------------------------------------------------------------------------------------------------------
                                                          SURVEY OF INDIA
                                                    MARINE GEODESY WING (G&RB)
                                                     HOURLY HEIGHTS IN METRES
  NAME OF PORT:- NANCOWRY                                                                           MONTH DECEMBER  YEAR 2016
 ----------------------------------------------------------------------------------------------------------------------------
 DAYS 0000 0001 0002 0003 0004 0005 0006 0007 0008 0009 0010 0011 0012 0013 0014 0015 0016 0017 0018 0019 0020 0021 0022 0023
 ----------------------------------------------------------------------------------------------------------------------------
  1   1.06 0.70 0.38 0.17 0.12 0.22 0.54 0.94 1.28 1.41 1.38 1.20 0.94 0.66 0.40 0.24 0.21 0.36 0.67 1.08 1.47 1.65 1.66 1.52
  2   1.27 0.93 0.56 0.28 0.15 0.19 0.41 0.78 1.17 1.39 1.45 1.36 1.14 0.86 0.59 0.37 0.27 0.32 0.55 0.92 1.31 1.58 1.66 1.59
  3   1.38 1.08 0.73 0.44 0.23 0.17 0.27 0.54 0.92 1.24 1.39 1.38 1.23 0.98 0.72 0.48 0.32 0.29 0.42 0.73 1.08 1.42 1.59 1.60
  4   1.47 1.23 0.92 0.62 0.36 0.24 0.26 0.44 0.75 1.05 1.28 1.35 1.30 1.13 0.90 0.66 0.48 0.39 0.42 0.58 0.88 1.20 1.45 1.58
  5   1.57 1.39 1.12 0.82 0.58 0.40 0.34 0.40 0.60 0.87 1.16 1.35 1.36 1.25 1.06 0.86 0.67 0.54 0.50 0.57 0.78 1.03 1.30 1.50
  6   1.54 1.46 1.27 1.02 0.77 0.58 0.46 0.42 0.51 0.70 0.96 1.17 1.29 1.28 1.19 1.04 0.86 0.69 0.59 0.57 0.66 0.84 1.06 1.24
  7   1.34 1.36 1.29 1.15 0.95 0.74 0.55 0.44 0.44 0.54 0.70 0.90 1.08 1.20 1.24 1.19 1.08 0.93 0.78 0.68 0.64 0.68 0.79 0.95
  8   1.14 1.26 1.32 1.30 1.19 1.02 0.83 0.64 0.52 0.48 0.54 0.68 0.88 1.08 1.24 1.32 1.31 1.21 1.06 0.89 0.75 0.66 0.64 0.70
  9   0.84 1.04 1.22 1.32 1.32 1.24 1.08 0.85 0.64 0.50 0.44 0.48 0.64 0.88 1.12 1.33 1.43 1.44 1.36 1.17 0.96 0.75 0.60 0.54
 10   0.59 0.74 0.96 1.18 1.33 1.37 1.30 1.13 0.90 0.65 0.46 0.38 0.41 0.57 0.82 1.12 1.39 1.53 1.54 1.43 1.20 0.94 0.66 0.44
 11   0.34 0.39 0.58 0.88 1.18 1.38 1.44 1.36 1.17 0.90 0.61 0.37 0.25 0.28 0.48 0.80 1.18 1.52 1.69 1.69 1.53 1.25 0.91 0.58
 12   0.36 0.25 0.27 0.48 0.82 1.20 1.44 1.50 1.40 1.16 0.86 0.54 0.29 0.16 0.18 0.40 0.80 1.24 1.60 1.76 1.72 1.52 1.19 0.80
 13   0.44 0.17 0.06 0.12 0.41 0.82 1.22 1.46 1.50 1.37 1.12 0.78 0.46 0.21 0.09 0.16 0.44 0.88 1.34 1.69 1.84 1.74 1.48 1.08
 14   0.70 0.30 0.04-0.06 0.06 0.40 0.88 1.28 1.50 1.51 1.34 1.04 0.70 0.36 0.13 0.04 0.17 0.47 0.95 1.44 1.74 1.84 1.70 1.37
 15   0.98 0.55 0.18-0.08-0.13 0.10 0.48 0.96 1.36 1.54 1.50 1.30 0.99 0.64 0.33 0.14 0.10 0.24 0.60 1.10 1.56 1.82 1.84 1.66
 16   1.28 0.92 0.50 0.18 0.04 0.04 0.22 0.61 1.08 1.42 1.55 1.46 1.22 0.90 0.59 0.32 0.18 0.20 0.40 0.78 1.29 1.66 1.80 1.76
 17   1.52 1.18 0.78 0.39 0.13 0.04 0.09 0.37 0.75 1.18 1.43 1.49 1.38 1.14 0.84 0.53 0.33 0.24 0.29 0.54 0.97 1.36 1.64 1.74
 18   1.63 1.38 1.04 0.69 0.35 0.16 0.11 0.24 0.54 0.91 1.24 1.40 1.40 1.26 1.02 0.78 0.54 0.37 0.32 0.42 0.67 1.02 1.36 1.54
 19   1.56 1.46 1.22 0.92 0.62 0.38 0.22 0.22 0.38 0.64 0.98 1.25 1.34 1.31 1.18 0.98 0.77 0.58 0.48 0.48 0.60 0.82 1.10 1.34
 20   1.47 1.48 1.34 1.12 0.84 0.58 0.40 0.32 0.34 0.50 0.76 1.04 1.22 1.29 1.26 1.14 0.98 0.80 0.66 0.58 0.60 0.70 0.86 1.06
 21   1.23 1.30 1.28 1.16 0.98 0.76 0.59 0.48 0.44 0.48 0.62 0.84 1.05 1.18 1.22 1.18 1.07 0.92 0.79 0.68 0.62 0.62 0.70 0.84
 22   1.00 1.12 1.18 1.17 1.09 0.95 0.79 0.64 0.53 0.50 0.54 0.68 0.86 1.02 1.15 1.21 1.20 1.13 1.02 0.90 0.78 0.70 0.69 0.74
 23   0.85 0.97 1.07 1.12 1.12 1.07 0.96 0.81 0.68 0.58 0.54 0.55 0.64 0.80 0.99 1.16 1.24 1.25 1.20 1.09 0.95 0.82 0.70 0.62
 24   0.62 0.71 0.84 0.99 1.10 1.13 1.09 0.98 0.82 0.66 0.53 0.46 0.48 0.58 0.76 0.96 1.16 1.28 1.30 1.24 1.08 0.89 0.70 0.56
 25   0.49 0.50 0.59 0.76 0.96 1.12 1.17 1.12 0.98 0.80 0.62 0.48 0.40 0.41 0.53 0.75 1.02 1.26 1.37 1.36 1.25 1.05 0.82 0.58
 26   0.42 0.36 0.40 0.54 0.76 1.01 1.16 1.20 1.12 0.94 0.72 0.52 0.38 0.33 0.38 0.58 0.88 1.18 1.41 1.50 1.45 1.24 0.98 0.70
 27   0.46 0.30 0.27 0.36 0.56 0.84 1.12 1.27 1.26 1.12 0.90 0.66 0.45 0.32 0.30 0.42 0.68 1.00 1.32 1.52 1.54 1.42 1.16 0.86
 28   0.58 0.34 0.22 0.24 0.41 0.69 1.03 1.28 1.38 1.30 1.09 0.84 0.58 0.37 0.28 0.31 0.50 0.83 1.22 1.50 1.61 1.58 1.36 1.06
 29   0.72 0.43 0.22 0.15 0.22 0.49 0.84 1.19 1.36 1.35 1.21 0.98 0.70 0.42 0.25 0.19 0.29 0.58 0.99 1.42 1.66 1.70 1.58 1.28
 30   0.96 0.61 0.30 0.12 0.11 0.30 0.66 1.03 1.30 1.39 1.33 1.14 0.86 0.56 0.31 0.19 0.22 0.41 0.76 1.22 1.57 1.70 1.67 1.47
 31   1.16 0.78 0.43 0.16 0.08 0.14 0.42 0.84 1.20 1.40 1.44 1.32 1.07 0.78 0.47 0.25 0.18 0.28 0.56 0.98 1.40 1.64 1.70 1.60
 ----------------------------------------------------------------------------------------------------------------------------
                                                                                              
 ----------------------------------------------------------------------------------------------------------------------------
 ----------------------------------------------------------------------------------------------------------------------------
