                                                          SURVEY OF INDIA
                                                    MARINE GEODESY WING (G&RB)
                                                     HOURLY HEIGHTS IN METRES
  NAME OF PORT:- CHENNAI                                                                            MONTH JANUARY   YEAR 2010
 ----------------------------------------------------------------------------------------------------------------------------
 DAYS 0000 0001 0002 0003 0004 0005 0006 0007 0008 0009 0010 0011 0012 0013 0014 0015 0016 0017 0018 0019 0020 0021 0022 0023
 ----------------------------------------------------------------------------------------------------------------------------
  1   0.62 0.43 0.30 0.30 0.42 0.62 0.82 1.00 1.08 1.04 0.89 0.67 0.43 0.22 0.12 0.14 0.30 0.56 0.85 1.12 1.31 1.38 1.30 1.08
  2   0.80 0.56 0.34 0.21 0.24 0.38 0.58 0.82 1.00 1.09 1.03 0.88 0.63 0.38 0.20 0.12 0.18 0.36 0.61 0.90 1.16 1.32 1.33 1.21
  3   0.94 0.68 0.42 0.23 0.16 0.22 0.40 0.64 0.87 1.04 1.08 1.02 0.82 0.58 0.36 0.20 0.15 0.25 0.41 0.70 0.98 1.18 1.30 1.28
  4   1.14 0.88 0.60 0.36 0.22 0.16 0.25 0.42 0.66 0.88 1.01 1.06 1.00 0.81 0.60 0.40 0.28 0.25 0.34 0.52 0.78 1.02 1.18 1.26
  5   1.23 1.04 0.80 0.54 0.33 0.20 0.18 0.28 0.46 0.68 0.88 1.00 1.04 0.96 0.79 0.60 0.43 0.34 0.31 0.38 0.57 0.78 0.97 1.09
  6   1.14 1.07 0.92 0.70 0.48 0.30 0.22 0.22 0.33 0.50 0.69 0.86 0.97 0.99 0.93 0.76 0.61 0.47 0.38 0.38 0.45 0.60 0.77 0.94
  7   1.03 1.07 0.99 0.84 0.65 0.47 0.35 0.26 0.27 0.39 0.53 0.68 0.83 0.92 0.94 0.88 0.77 0.66 0.54 0.47 0.46 0.52 0.62 0.72
  8   0.84 0.92 0.92 0.84 0.73 0.60 0.46 0.36 0.31 0.32 0.42 0.55 0.68 0.81 0.90 0.93 0.90 0.82 0.72 0.62 0.55 0.54 0.56 0.64
  9   0.70 0.82 0.88 0.89 0.82 0.74 0.63 0.51 0.41 0.39 0.38 0.44 0.54 0.66 0.78 0.88 0.92 0.91 0.84 0.76 0.67 0.61 0.56 0.57
 10   0.60 0.67 0.73 0.78 0.80 0.78 0.72 0.63 0.55 0.46 0.41 0.40 0.46 0.54 0.66 0.78 0.88 0.93 0.93 0.88 0.80 0.69 0.60 0.54
 11   0.52 0.57 0.63 0.68 0.74 0.78 0.77 0.71 0.63 0.54 0.44 0.36 0.36 0.41 0.50 0.62 0.77 0.88 0.94 0.94 0.87 0.77 0.65 0.54
 12   0.46 0.46 0.47 0.52 0.62 0.71 0.76 0.75 0.70 0.59 0.46 0.36 0.28 0.28 0.34 0.48 0.65 0.81 0.93 0.99 0.98 0.88 0.75 0.60
 13   0.46 0.38 0.38 0.42 0.52 0.63 0.73 0.78 0.76 0.68 0.54 0.39 0.28 0.23 0.26 0.36 0.53 0.73 0.91 1.02 1.07 1.00 0.86 0.69
 14   0.51 0.36 0.30 0.32 0.40 0.54 0.67 0.76 0.79 0.75 0.64 0.47 0.32 0.21 0.20 0.28 0.42 0.60 0.81 0.97 1.06 1.05 0.95 0.77
 15   0.58 0.42 0.32 0.28 0.34 0.48 0.63 0.77 0.86 0.86 0.76 0.62 0.42 0.28 0.21 0.22 0.34 0.51 0.74 0.98 1.08 1.13 1.06 0.91
 16   0.74 0.53 0.37 0.28 0.31 0.40 0.56 0.73 0.85 0.91 0.86 0.72 0.55 0.37 0.24 0.20 0.27 0.42 0.62 0.85 1.04 1.13 1.11 1.00
 17   0.79 0.59 0.41 0.28 0.25 0.34 0.48 0.65 0.82 0.91 0.91 0.79 0.60 0.40 0.25 0.18 0.24 0.42 0.67 0.89 1.04 1.11 1.06 0.92
 18   0.70 0.50 0.32 0.22 0.24 0.34 0.52 0.71 0.85 0.94 0.94 0.88 0.72 0.54 0.37 0.25 0.22 0.27 0.43 0.64 0.86 1.04 1.12 1.09
 19   0.97 0.77 0.57 0.40 0.26 0.26 0.35 0.52 0.69 0.86 0.95 0.98 0.87 0.71 0.53 0.38 0.29 0.33 0.42 0.57 0.81 0.99 1.10 1.12
 20   1.02 0.89 0.68 0.46 0.30 0.25 0.29 0.44 0.60 0.78 0.94 0.98 0.96 0.84 0.67 0.50 0.39 0.34 0.38 0.51 0.69 0.88 1.01 1.09
 21   1.04 0.94 0.76 0.55 0.38 0.30 0.28 0.36 0.51 0.70 0.88 0.96 0.97 0.90 0.75 0.60 0.47 0.38 0.38 0.44 0.57 0.75 0.89 1.00
 22   1.03 0.98 0.83 0.64 0.47 0.34 0.28 0.29 0.40 0.56 0.70 0.86 0.93 0.94 0.86 0.74 0.60 0.51 0.46 0.47 0.54 0.67 0.78 0.91
 23   0.96 0.94 0.87 0.71 0.55 0.42 0.33 0.29 0.33 0.47 0.62 0.76 0.88 0.94 0.94 0.86 0.76 0.66 0.57 0.53 0.54 0.62 0.71 0.81
 24   0.90 0.92 0.90 0.82 0.70 0.57 0.47 0.38 0.37 0.42 0.52 0.64 0.76 0.85 0.90 0.92 0.90 0.80 0.70 0.64 0.60 0.60 0.62 0.70
 25   0.76 0.83 0.84 0.82 0.76 0.66 0.56 0.48 0.40 0.38 0.40 0.51 0.63 0.75 0.85 0.92 0.96 0.93 0.87 0.79 0.71 0.64 0.61 0.61
 26   0.64 0.72 0.78 0.81 0.80 0.76 0.68 0.58 0.46 0.38 0.35 0.36 0.41 0.52 0.66 0.78 0.91 0.96 0.96 0.91 0.82 0.70 0.61 0.52
 27   0.49 0.54 0.60 0.68 0.76 0.82 0.81 0.73 0.64 0.50 0.37 0.29 0.25 0.32 0.45 0.62 0.80 0.95 1.04 1.04 0.97 0.83 0.67 0.52
 28   0.37 0.37 0.42 0.50 0.64 0.77 0.85 0.84 0.75 0.62 0.45 0.29 0.19 0.17 0.26 0.43 0.65 0.88 1.05 1.13 1.11 1.00 0.81 0.58
 29   0.38 0.28 0.26 0.32 0.48 0.68 0.85 0.94 0.93 0.81 0.60 0.42 0.21 0.10 0.09 0.22 0.45 0.71 0.98 1.18 1.26 1.18 1.01 0.77
 30   0.47 0.26 0.15 0.16 0.29 0.50 0.73 0.92 1.01 0.98 0.82 0.62 0.36 0.16 0.07 0.12 0.29 0.57 0.85 1.11 1.27 1.30 1.17 0.93
 31   0.60 0.36 0.15 0.07 0.12 0.30 0.56 0.81 0.99 1.08 1.00 0.84 0.58 0.32 0.12 0.07 0.15 0.35 0.61 0.90 1.14 1.28 1.26 1.10
 ----------------------------------------------------------------------------------------------------------------------------
                                                                                               
 ----------------------------------------------------------------------------------------------------------------------------
 ----------------------------------------------------------------------------------------------------------------------------
                                                          SURVEY OF INDIA
                                                    MARINE GEODESY WING (G&RB)
                                                     HOURLY HEIGHTS IN METRES
  NAME OF PORT:- CHENNAI                                                                            MONTH FEBRUARY  YEAR 2010
 ----------------------------------------------------------------------------------------------------------------------------
 DAYS 0000 0001 0002 0003 0004 0005 0006 0007 0008 0009 0010 0011 0012 0013 0014 0015 0016 0017 0018 0019 0020 0021 0022 0023
 ----------------------------------------------------------------------------------------------------------------------------
  1   0.81 0.50 0.22 0.05-0.02 0.11 0.32 0.59 0.84 1.03 1.07 0.95 0.77 0.50 0.27 0.10 0.10 0.21 0.42 0.71 0.97 1.17 1.25 1.18
  2   0.97 0.69 0.39 0.15 0.03 0.04 0.18 0.42 0.68 0.96 1.06 1.06 0.92 0.69 0.47 0.28 0.17 0.19 0.31 0.54 0.80 1.00 1.17 1.14
  3   1.00 0.81 0.50 0.27 0.08 0.03 0.11 0.28 0.51 0.72 0.94 1.02 1.00 0.87 0.68 0.48 0.31 0.24 0.27 0.39 0.60 0.82 0.98 1.07
  4   1.06 0.95 0.75 0.49 0.29 0.17 0.13 0.21 0.39 0.60 0.77 0.93 1.01 0.97 0.85 0.67 0.52 0.39 0.32 0.33 0.46 0.63 0.78 0.90
  5   0.95 0.93 0.80 0.63 0.45 0.30 0.21 0.19 0.27 0.42 0.57 0.72 0.84 0.88 0.84 0.75 0.64 0.50 0.40 0.35 0.36 0.46 0.57 0.68
  6   0.75 0.81 0.77 0.67 0.53 0.39 0.29 0.24 0.24 0.29 0.43 0.57 0.68 0.78 0.81 0.80 0.73 0.65 0.55 0.47 0.42 0.44 0.51 0.57
  7   0.67 0.72 0.73 0.69 0.62 0.52 0.41 0.33 0.30 0.30 0.36 0.45 0.56 0.66 0.75 0.80 0.80 0.76 0.69 0.62 0.56 0.52 0.51 0.52
  8   0.56 0.61 0.63 0.64 0.63 0.59 0.53 0.46 0.40 0.38 0.37 0.40 0.46 0.54 0.63 0.71 0.78 0.81 0.81 0.77 0.69 0.62 0.56 0.52
  9   0.48 0.51 0.54 0.58 0.61 0.63 0.61 0.56 0.50 0.44 0.39 0.35 0.36 0.41 0.51 0.61 0.71 0.81 0.88 0.88 0.82 0.72 0.63 0.52
 10   0.44 0.41 0.43 0.48 0.55 0.62 0.67 0.67 0.60 0.52 0.42 0.33 0.28 0.29 0.35 0.47 0.60 0.75 0.87 0.92 0.89 0.80 0.69 0.54
 11   0.38 0.33 0.32 0.35 0.43 0.55 0.64 0.70 0.67 0.60 0.49 0.35 0.25 0.22 0.25 0.34 0.50 0.67 0.81 0.92 0.95 0.89 0.77 0.59
 12   0.41 0.29 0.25 0.28 0.34 0.47 0.61 0.70 0.75 0.70 0.56 0.41 0.26 0.18 0.18 0.25 0.40 0.61 0.81 0.95 1.01 0.96 0.83 0.65
 13   0.42 0.27 0.18 0.19 0.30 0.44 0.61 0.75 0.82 0.80 0.68 0.50 0.34 0.21 0.14 0.17 0.30 0.50 0.73 0.90 1.01 1.04 0.94 0.76
 14   0.52 0.34 0.21 0.16 0.21 0.38 0.55 0.73 0.85 0.88 0.78 0.61 0.42 0.26 0.16 0.13 0.24 0.41 0.64 0.87 1.01 1.08 1.00 0.85
 15   0.61 0.37 0.20 0.12 0.17 0.29 0.49 0.70 0.84 0.94 0.87 0.74 0.53 0.34 0.20 0.12 0.17 0.32 0.52 0.75 0.93 1.04 1.04 0.88
 16   0.68 0.43 0.25 0.15 0.13 0.24 0.43 0.64 0.82 0.92 0.94 0.83 0.64 0.43 0.26 0.15 0.14 0.26 0.45 0.65 0.88 1.03 1.05 0.96
 17   0.76 0.53 0.32 0.16 0.11 0.17 0.35 0.56 0.77 0.91 0.96 0.91 0.77 0.57 0.38 0.23 0.18 0.22 0.36 0.57 0.78 0.94 1.02 0.99
 18   0.83 0.61 0.39 0.22 0.10 0.12 0.24 0.42 0.63 0.82 0.92 0.94 0.84 0.70 0.52 0.36 0.26 0.24 0.30 0.44 0.62 0.79 0.90 0.94
 19   0.87 0.70 0.50 0.32 0.20 0.12 0.18 0.32 0.48 0.66 0.82 0.90 0.88 0.77 0.63 0.48 0.34 0.28 0.30 0.38 0.52 0.68 0.80 0.86
 20   0.85 0.75 0.58 0.40 0.26 0.18 0.16 0.24 0.38 0.54 0.70 0.82 0.89 0.83 0.71 0.56 0.43 0.33 0.30 0.35 0.47 0.60 0.74 0.81
 21   0.83 0.76 0.63 0.46 0.30 0.20 0.15 0.18 0.30 0.44 0.59 0.73 0.82 0.83 0.79 0.69 0.57 0.47 0.40 0.38 0.41 0.50 0.61 0.69
 22   0.74 0.76 0.69 0.59 0.45 0.34 0.25 0.22 0.25 0.35 0.49 0.61 0.72 0.80 0.82 0.77 0.70 0.62 0.54 0.48 0.47 0.49 0.56 0.62
 23   0.67 0.71 0.71 0.66 0.56 0.46 0.38 0.31 0.28 0.30 0.37 0.46 0.56 0.66 0.76 0.81 0.80 0.76 0.69 0.62 0.57 0.52 0.49 0.50
 24   0.54 0.60 0.65 0.67 0.65 0.61 0.53 0.45 0.37 0.30 0.28 0.32 0.39 0.50 0.62 0.73 0.82 0.86 0.83 0.76 0.66 0.56 0.45 0.38
 25   0.36 0.40 0.48 0.57 0.64 0.68 0.68 0.61 0.52 0.40 0.30 0.22 0.23 0.32 0.45 0.60 0.77 0.90 0.96 0.95 0.86 0.72 0.55 0.41
 26   0.29 0.27 0.34 0.45 0.60 0.73 0.82 0.81 0.74 0.59 0.41 0.28 0.18 0.17 0.27 0.44 0.64 0.84 0.99 1.07 1.01 0.88 0.69 0.46
 27   0.25 0.14 0.16 0.26 0.43 0.63 0.80 0.89 0.88 0.77 0.57 0.36 0.21 0.10 0.12 0.25 0.47 0.72 0.96 1.13 1.16 1.06 0.86 0.60
 28   0.30 0.13 0.04 0.09 0.27 0.48 0.74 0.94 1.02 0.95 0.82 0.59 0.35 0.14 0.06 0.09 0.26 0.52 0.81 1.04 1.18 1.18 1.03 0.78
 ----------------------------------------------------------------------------------------------------------------------------
                                                                                               
 ----------------------------------------------------------------------------------------------------------------------------
 ----------------------------------------------------------------------------------------------------------------------------
                                                          SURVEY OF INDIA
                                                    MARINE GEODESY WING (G&RB)
                                                     HOURLY HEIGHTS IN METRES
  NAME OF PORT:- CHENNAI                                                                            MONTH MARCH     YEAR 2010
 ----------------------------------------------------------------------------------------------------------------------------
 DAYS 0000 0001 0002 0003 0004 0005 0006 0007 0008 0009 0010 0011 0012 0013 0014 0015 0016 0017 0018 0019 0020 0021 0022 0023
 ----------------------------------------------------------------------------------------------------------------------------
  1   0.44 0.18-0.01-0.05 0.04 0.26 0.54 0.82 1.00 1.11 1.01 0.81 0.56 0.32 0.14 0.06 0.14 0.34 0.60 0.88 1.11 1.20 1.16 0.96
  2   0.64 0.34 0.08-0.06-0.06 0.08 0.34 0.64 0.92 1.08 1.11 0.96 0.74 0.46 0.25 0.12 0.10 0.24 0.45 0.75 0.98 1.14 1.16 1.00
  3   0.75 0.46 0.17-0.02-0.08 0.00 0.20 0.50 0.77 0.97 1.10 1.06 0.88 0.64 0.40 0.19 0.10 0.14 0.28 0.50 0.74 0.95 1.06 1.00
  4   0.82 0.57 0.32 0.12-0.02-0.04 0.09 0.31 0.56 0.78 0.94 1.06 0.95 0.80 0.54 0.34 0.20 0.16 0.24 0.39 0.60 0.78 0.94 0.98
  5   0.90 0.70 0.50 0.28 0.12 0.05 0.08 0.22 0.44 0.63 0.81 0.91 0.96 0.86 0.68 0.52 0.35 0.25 0.22 0.30 0.44 0.61 0.75 0.84
  6   0.84 0.75 0.58 0.40 0.24 0.13 0.10 0.14 0.30 0.48 0.65 0.78 0.86 0.85 0.72 0.60 0.46 0.34 0.28 0.27 0.33 0.44 0.56 0.65
  7   0.70 0.68 0.58 0.44 0.32 0.22 0.14 0.14 0.22 0.34 0.48 0.60 0.68 0.75 0.74 0.66 0.56 0.46 0.38 0.35 0.34 0.38 0.44 0.50
  8   0.56 0.59 0.56 0.50 0.41 0.33 0.26 0.22 0.22 0.26 0.35 0.44 0.54 0.64 0.69 0.69 0.64 0.57 0.50 0.45 0.40 0.38 0.38 0.42
  9   0.45 0.47 0.48 0.46 0.44 0.40 0.36 0.31 0.28 0.26 0.28 0.34 0.40 0.48 0.56 0.60 0.62 0.62 0.58 0.52 0.46 0.41 0.37 0.35
 10   0.34 0.37 0.40 0.43 0.45 0.46 0.44 0.40 0.36 0.32 0.30 0.28 0.32 0.38 0.47 0.56 0.63 0.67 0.69 0.66 0.60 0.51 0.42 0.37
 11   0.32 0.30 0.33 0.40 0.47 0.52 0.54 0.54 0.50 0.42 0.34 0.30 0.28 0.30 0.37 0.48 0.58 0.68 0.76 0.76 0.70 0.62 0.50 0.38
 12   0.26 0.24 0.25 0.32 0.42 0.52 0.62 0.65 0.62 0.54 0.42 0.31 0.23 0.21 0.26 0.38 0.52 0.66 0.78 0.83 0.82 0.72 0.58 0.42
 13   0.26 0.19 0.18 0.26 0.36 0.51 0.64 0.71 0.71 0.64 0.52 0.39 0.24 0.18 0.19 0.26 0.42 0.60 0.76 0.86 0.90 0.82 0.68 0.50
 14   0.31 0.20 0.15 0.19 0.32 0.50 0.68 0.78 0.83 0.76 0.64 0.47 0.30 0.18 0.16 0.22 0.36 0.54 0.74 0.88 0.94 0.90 0.76 0.56
 15   0.32 0.15 0.10 0.12 0.24 0.44 0.64 0.80 0.89 0.86 0.74 0.56 0.36 0.20 0.12 0.12 0.24 0.42 0.65 0.82 0.94 0.94 0.82 0.62
 16   0.38 0.19 0.06 0.06 0.18 0.36 0.56 0.78 0.89 0.92 0.82 0.66 0.43 0.20 0.10 0.08 0.16 0.32 0.54 0.75 0.88 0.94 0.86 0.68
 17   0.40 0.20 0.03-0.05 0.02 0.20 0.42 0.65 0.84 0.90 0.87 0.74 0.52 0.32 0.16 0.08 0.11 0.23 0.43 0.65 0.82 0.88 0.88 0.76
 18   0.50 0.26 0.06-0.03-0.02 0.12 0.32 0.57 0.79 0.92 0.96 0.86 0.66 0.46 0.26 0.14 0.12 0.20 0.36 0.58 0.78 0.91 0.94 0.84
 19   0.62 0.40 0.20 0.04 0.01 0.10 0.26 0.50 0.74 0.90 1.00 0.96 0.82 0.62 0.40 0.25 0.18 0.19 0.30 0.49 0.68 0.82 0.92 0.90
 20   0.72 0.52 0.34 0.16 0.08 0.10 0.22 0.42 0.66 0.84 0.98 1.00 0.93 0.78 0.59 0.42 0.31 0.28 0.32 0.45 0.64 0.80 0.90 0.94
 21   0.84 0.70 0.48 0.32 0.18 0.14 0.18 0.32 0.54 0.72 0.90 0.98 0.98 0.90 0.75 0.60 0.45 0.38 0.36 0.42 0.55 0.68 0.81 0.88
 22   0.88 0.78 0.62 0.44 0.32 0.25 0.23 0.29 0.42 0.60 0.76 0.87 0.94 0.92 0.84 0.72 0.58 0.46 0.42 0.40 0.44 0.54 0.66 0.72
 23   0.78 0.76 0.66 0.55 0.42 0.32 0.26 0.25 0.30 0.40 0.56 0.69 0.80 0.86 0.87 0.80 0.70 0.60 0.52 0.44 0.42 0.46 0.50 0.58
 24   0.64 0.66 0.67 0.62 0.54 0.46 0.38 0.32 0.30 0.32 0.40 0.51 0.62 0.72 0.80 0.84 0.80 0.74 0.66 0.58 0.50 0.46 0.42 0.43
 25   0.46 0.54 0.60 0.62 0.62 0.60 0.53 0.45 0.37 0.32 0.30 0.36 0.44 0.56 0.68 0.78 0.86 0.88 0.82 0.73 0.62 0.50 0.40 0.32
 26   0.30 0.38 0.48 0.58 0.66 0.70 0.70 0.62 0.53 0.42 0.32 0.27 0.31 0.41 0.55 0.70 0.84 0.94 0.96 0.88 0.74 0.58 0.40 0.24
 27   0.14 0.14 0.26 0.42 0.59 0.74 0.82 0.80 0.70 0.56 0.40 0.26 0.21 0.23 0.33 0.50 0.70 0.87 0.99 1.00 0.88 0.72 0.49 0.26
 28   0.06 0.02 0.10 0.26 0.48 0.68 0.86 0.95 0.92 0.78 0.57 0.35 0.20 0.13 0.18 0.34 0.56 0.78 0.98 1.08 1.04 0.88 0.65 0.38
 29   0.12-0.03-0.02 0.10 0.30 0.60 0.84 1.00 1.08 0.93 0.73 0.52 0.29 0.13 0.10 0.18 0.37 0.63 0.88 1.04 1.12 1.02 0.82 0.54
 30   0.22 0.00-0.11-0.06 0.11 0.39 0.68 0.92 1.10 1.08 0.95 0.72 0.46 0.23 0.09 0.10 0.22 0.46 0.72 0.94 1.07 1.06 0.92 0.69
 31   0.36 0.10-0.07-0.12 0.00 0.23 0.50 0.78 1.01 1.10 1.06 0.86 0.61 0.34 0.14 0.04 0.09 0.22 0.45 0.70 0.90 0.98 0.95 0.78
 ----------------------------------------------------------------------------------------------------------------------------
                                                                                               
 ----------------------------------------------------------------------------------------------------------------------------
 ----------------------------------------------------------------------------------------------------------------------------
                                                          SURVEY OF INDIA
                                                    MARINE GEODESY WING (G&RB)
                                                     HOURLY HEIGHTS IN METRES
  NAME OF PORT:- CHENNAI                                                                            MONTH APRIL     YEAR 2010
 ----------------------------------------------------------------------------------------------------------------------------
 DAYS 0000 0001 0002 0003 0004 0005 0006 0007 0008 0009 0010 0011 0012 0013 0014 0015 0016 0017 0018 0019 0020 0021 0022 0023
 ----------------------------------------------------------------------------------------------------------------------------
  1   0.52 0.25 0.05-0.08-0.06 0.07 0.31 0.60 0.85 1.00 1.04 0.93 0.73 0.48 0.27 0.10 0.06 0.14 0.29 0.52 0.74 0.88 0.91 0.83
  2   0.63 0.38 0.16 0.00-0.05 0.02 0.18 0.43 0.69 0.87 0.96 0.97 0.83 0.62 0.41 0.21 0.13 0.12 0.20 0.35 0.55 0.69 0.79 0.77
  3   0.66 0.49 0.27 0.09 0.00-0.01 0.10 0.29 0.50 0.70 0.84 0.88 0.84 0.72 0.54 0.37 0.23 0.16 0.18 0.28 0.42 0.57 0.68 0.73
  4   0.69 0.55 0.38 0.23 0.12 0.07 0.10 0.20 0.34 0.50 0.66 0.76 0.80 0.78 0.66 0.52 0.36 0.26 0.21 0.23 0.32 0.42 0.53 0.60
  5   0.60 0.55 0.46 0.34 0.23 0.15 0.12 0.15 0.26 0.39 0.52 0.64 0.72 0.74 0.69 0.61 0.50 0.40 0.32 0.28 0.30 0.34 0.41 0.48
  6   0.52 0.53 0.48 0.42 0.34 0.26 0.21 0.22 0.25 0.32 0.42 0.52 0.61 0.67 0.68 0.64 0.57 0.49 0.40 0.33 0.30 0.30 0.33 0.36
  7   0.42 0.46 0.46 0.43 0.40 0.36 0.32 0.29 0.27 0.29 0.36 0.43 0.50 0.56 0.63 0.66 0.64 0.59 0.53 0.46 0.41 0.36 0.32 0.30
  8   0.34 0.40 0.46 0.51 0.53 0.51 0.47 0.43 0.38 0.34 0.33 0.34 0.40 0.49 0.58 0.64 0.68 0.70 0.66 0.58 0.50 0.42 0.36 0.31
  9   0.30 0.33 0.39 0.47 0.54 0.58 0.59 0.54 0.50 0.44 0.37 0.32 0.36 0.42 0.50 0.60 0.70 0.76 0.76 0.71 0.62 0.52 0.40 0.29
 10   0.26 0.28 0.36 0.47 0.57 0.66 0.70 0.69 0.63 0.53 0.44 0.37 0.34 0.35 0.44 0.55 0.66 0.77 0.82 0.82 0.73 0.60 0.46 0.32
 11   0.19 0.18 0.25 0.37 0.50 0.63 0.74 0.78 0.73 0.63 0.50 0.39 0.30 0.29 0.34 0.44 0.59 0.74 0.81 0.83 0.80 0.66 0.50 0.32
 12   0.17 0.11 0.16 0.28 0.44 0.62 0.79 0.87 0.85 0.75 0.61 0.44 0.30 0.20 0.20 0.30 0.45 0.63 0.77 0.85 0.84 0.73 0.56 0.38
 13   0.16 0.04 0.06 0.15 0.32 0.54 0.73 0.86 0.90 0.83 0.66 0.48 0.30 0.16 0.13 0.18 0.33 0.52 0.71 0.84 0.86 0.80 0.64 0.42
 14   0.16 0.01-0.01 0.07 0.23 0.45 0.69 0.87 0.95 0.92 0.78 0.58 0.39 0.20 0.09 0.11 0.22 0.40 0.62 0.76 0.84 0.84 0.70 0.49
 15   0.23 0.06-0.05-0.03 0.10 0.31 0.57 0.80 0.96 1.01 0.91 0.72 0.52 0.30 0.16 0.12 0.18 0.33 0.53 0.73 0.86 0.88 0.79 0.63
 16   0.37 0.15 0.01-0.04 0.06 0.23 0.47 0.72 0.93 1.02 0.99 0.84 0.65 0.43 0.24 0.14 0.14 0.24 0.42 0.63 0.79 0.87 0.85 0.72
 17   0.50 0.28 0.10 0.00 0.03 0.17 0.39 0.64 0.86 1.00 1.04 0.97 0.81 0.59 0.38 0.23 0.17 0.23 0.34 0.51 0.70 0.84 0.88 0.81
 18   0.62 0.42 0.22 0.08 0.03 0.08 0.22 0.45 0.67 0.86 0.98 1.01 0.91 0.75 0.55 0.38 0.27 0.23 0.29 0.43 0.59 0.75 0.83 0.84
 19   0.74 0.58 0.40 0.24 0.14 0.12 0.19 0.35 0.57 0.78 0.93 1.00 0.99 0.89 0.71 0.54 0.40 0.31 0.29 0.36 0.46 0.60 0.73 0.80
 20   0.81 0.70 0.53 0.38 0.26 0.18 0.18 0.26 0.42 0.60 0.77 0.90 0.98 0.94 0.84 0.70 0.55 0.43 0.35 0.34 0.39 0.49 0.60 0.70
 21   0.78 0.75 0.66 0.53 0.41 0.29 0.23 0.25 0.33 0.45 0.59 0.73 0.85 0.91 0.90 0.80 0.68 0.56 0.43 0.34 0.30 0.30 0.37 0.48
 22   0.58 0.64 0.68 0.65 0.56 0.46 0.39 0.33 0.31 0.35 0.45 0.57 0.70 0.81 0.88 0.88 0.83 0.73 0.60 0.48 0.38 0.31 0.30 0.35
 23   0.46 0.55 0.65 0.71 0.72 0.67 0.59 0.49 0.41 0.36 0.35 0.43 0.54 0.67 0.78 0.86 0.90 0.86 0.76 0.63 0.45 0.32 0.24 0.20
 24   0.23 0.35 0.50 0.63 0.74 0.78 0.76 0.65 0.55 0.43 0.34 0.31 0.35 0.47 0.60 0.74 0.86 0.93 0.91 0.80 0.61 0.43 0.28 0.17
 25   0.12 0.19 0.33 0.52 0.70 0.85 0.90 0.87 0.75 0.59 0.43 0.31 0.26 0.33 0.45 0.60 0.81 0.94 0.98 0.94 0.79 0.60 0.37 0.18
 26   0.05 0.07 0.18 0.39 0.62 0.84 0.98 1.04 0.95 0.79 0.61 0.43 0.29 0.24 0.31 0.45 0.64 0.84 0.96 0.99 0.90 0.72 0.49 0.26
 27   0.08 0.03 0.07 0.22 0.47 0.75 0.98 1.10 1.13 1.00 0.80 0.58 0.36 0.24 0.22 0.32 0.49 0.70 0.88 1.00 1.00 0.88 0.68 0.43
 28   0.18 0.04 0.02 0.13 0.34 0.61 0.88 1.07 1.17 1.13 0.95 0.73 0.49 0.30 0.20 0.21 0.35 0.54 0.75 0.92 1.00 0.98 0.80 0.58
 29   0.32 0.11 0.03 0.05 0.19 0.43 0.71 0.96 1.11 1.16 1.08 0.89 0.64 0.42 0.25 0.18 0.22 0.37 0.58 0.77 0.92 0.97 0.90 0.70
 30   0.47 0.23 0.10 0.03 0.10 0.27 0.52 0.78 1.00 1.12 1.09 0.98 0.79 0.56 0.37 0.24 0.22 0.30 0.46 0.65 0.80 0.91 0.93 0.83
 ----------------------------------------------------------------------------------------------------------------------------
                                                                                               
 ----------------------------------------------------------------------------------------------------------------------------
 ----------------------------------------------------------------------------------------------------------------------------
                                                          SURVEY OF INDIA
                                                    MARINE GEODESY WING (G&RB)
                                                     HOURLY HEIGHTS IN METRES
  NAME OF PORT:- CHENNAI                                                                            MONTH MAY       YEAR 2010
 ----------------------------------------------------------------------------------------------------------------------------
 DAYS 0000 0001 0002 0003 0004 0005 0006 0007 0008 0009 0010 0011 0012 0013 0014 0015 0016 0017 0018 0019 0020 0021 0022 0023
 ----------------------------------------------------------------------------------------------------------------------------
  1   0.62 0.40 0.23 0.11 0.10 0.20 0.40 0.62 0.84 1.02 1.10 1.08 0.96 0.75 0.53 0.37 0.28 0.29 0.39 0.55 0.72 0.84 0.90 0.86
  2   0.70 0.54 0.37 0.22 0.16 0.21 0.36 0.56 0.77 0.95 1.07 1.10 1.04 0.89 0.70 0.55 0.41 0.36 0.39 0.51 0.64 0.76 0.85 0.86
  3   0.77 0.66 0.51 0.36 0.28 0.27 0.34 0.47 0.66 0.84 0.98 1.05 1.05 0.98 0.86 0.69 0.54 0.43 0.40 0.46 0.53 0.65 0.76 0.83
  4   0.83 0.77 0.64 0.50 0.40 0.34 0.36 0.44 0.57 0.72 0.86 0.97 1.02 1.02 0.93 0.82 0.70 0.58 0.50 0.50 0.54 0.60 0.68 0.76
  5   0.78 0.78 0.72 0.65 0.57 0.49 0.46 0.48 0.52 0.64 0.78 0.90 0.99 1.03 1.00 0.94 0.81 0.69 0.59 0.54 0.50 0.52 0.59 0.66
  6   0.72 0.75 0.77 0.74 0.68 0.63 0.59 0.57 0.58 0.62 0.70 0.80 0.88 0.94 0.98 0.94 0.88 0.78 0.70 0.62 0.56 0.54 0.54 0.59
  7   0.66 0.72 0.78 0.81 0.79 0.75 0.70 0.66 0.63 0.60 0.62 0.70 0.79 0.88 0.95 0.98 0.97 0.93 0.82 0.70 0.62 0.55 0.51 0.52
  8   0.55 0.63 0.73 0.82 0.86 0.86 0.82 0.77 0.70 0.65 0.62 0.62 0.67 0.75 0.83 0.89 0.94 0.94 0.88 0.78 0.67 0.56 0.48 0.45
  9   0.46 0.54 0.65 0.77 0.86 0.94 0.94 0.89 0.80 0.71 0.63 0.57 0.58 0.64 0.73 0.81 0.89 0.95 0.93 0.85 0.73 0.60 0.49 0.40
 10   0.39 0.47 0.57 0.70 0.86 0.96 1.00 0.98 0.90 0.80 0.69 0.57 0.52 0.54 0.62 0.74 0.85 0.92 0.98 0.96 0.85 0.72 0.56 0.45
 11   0.36 0.38 0.48 0.63 0.80 0.95 1.05 1.08 1.02 0.92 0.76 0.63 0.52 0.46 0.52 0.63 0.76 0.89 0.99 1.00 0.94 0.80 0.62 0.44
 12   0.29 0.28 0.34 0.46 0.64 0.85 1.01 1.11 1.12 1.01 0.84 0.68 0.54 0.44 0.42 0.48 0.62 0.78 0.92 0.98 0.98 0.85 0.68 0.49
 13   0.31 0.20 0.21 0.32 0.52 0.74 0.96 1.10 1.16 1.08 0.93 0.74 0.57 0.41 0.36 0.40 0.50 0.67 0.85 0.96 0.98 0.92 0.76 0.56
 14   0.33 0.19 0.16 0.24 0.40 0.62 0.86 1.07 1.17 1.15 1.05 0.85 0.65 0.48 0.36 0.35 0.42 0.56 0.74 0.88 0.98 0.97 0.86 0.68
 15   0.44 0.26 0.16 0.15 0.28 0.45 0.71 0.94 1.12 1.19 1.13 1.00 0.78 0.59 0.40 0.32 0.34 0.46 0.64 0.82 0.96 1.00 0.94 0.79
 16   0.58 0.36 0.19 0.13 0.18 0.35 0.59 0.84 1.06 1.20 1.21 1.11 0.95 0.73 0.51 0.38 0.34 0.36 0.50 0.67 0.83 0.93 0.96 0.88
 17   0.70 0.48 0.31 0.21 0.20 0.28 0.45 0.68 0.92 1.11 1.20 1.20 1.07 0.90 0.70 0.52 0.38 0.34 0.39 0.54 0.70 0.85 0.94 0.94
 18   0.83 0.67 0.50 0.36 0.28 0.27 0.36 0.56 0.78 1.00 1.14 1.22 1.20 1.08 0.90 0.71 0.55 0.45 0.42 0.50 0.63 0.77 0.90 1.01
 19   0.99 0.90 0.76 0.63 0.51 0.42 0.44 0.52 0.70 0.90 1.08 1.23 1.30 1.25 1.12 0.95 0.78 0.63 0.55 0.51 0.57 0.69 0.83 0.94
 20   1.00 1.02 0.96 0.86 0.74 0.65 0.59 0.60 0.69 0.83 0.96 1.10 1.20 1.28 1.24 1.12 0.97 0.82 0.68 0.57 0.55 0.59 0.68 0.80
 21   0.91 0.98 1.02 0.97 0.86 0.74 0.63 0.58 0.57 0.62 0.74 0.88 1.02 1.10 1.15 1.10 0.97 0.82 0.66 0.51 0.42 0.38 0.43 0.55
 22   0.65 0.82 0.93 0.98 0.93 0.86 0.75 0.64 0.58 0.54 0.56 0.64 0.78 0.92 1.02 1.07 1.05 0.96 0.80 0.65 0.50 0.38 0.34 0.38
 23   0.47 0.63 0.79 0.94 1.01 1.01 0.92 0.79 0.68 0.58 0.52 0.51 0.62 0.74 0.88 1.00 1.05 1.04 0.95 0.79 0.60 0.44 0.31 0.26
 24   0.32 0.48 0.66 0.86 1.02 1.11 1.10 1.02 0.87 0.73 0.57 0.50 0.50 0.57 0.70 0.84 0.96 1.03 1.02 0.92 0.77 0.57 0.40 0.31
 25   0.28 0.35 0.49 0.70 0.91 1.07 1.17 1.16 1.06 0.88 0.70 0.56 0.46 0.47 0.56 0.70 0.87 1.00 1.06 1.02 0.91 0.75 0.55 0.38
 26   0.26 0.26 0.39 0.58 0.82 1.04 1.20 1.25 1.20 1.07 0.87 0.67 0.54 0.46 0.48 0.59 0.75 0.90 1.02 1.08 1.04 0.92 0.74 0.53
 27   0.36 0.28 0.34 0.46 0.66 0.90 1.11 1.25 1.27 1.18 1.02 0.83 0.62 0.48 0.42 0.46 0.60 0.77 0.92 1.05 1.08 1.01 0.86 0.66
 28   0.43 0.30 0.27 0.34 0.49 0.72 0.95 1.16 1.27 1.25 1.15 0.95 0.74 0.54 0.42 0.36 0.42 0.58 0.76 0.92 1.01 1.01 0.92 0.76
 29   0.52 0.34 0.23 0.24 0.32 0.50 0.73 0.97 1.14 1.22 1.15 1.02 0.85 0.63 0.46 0.36 0.34 0.43 0.58 0.77 0.90 0.96 0.93 0.80
 30   0.62 0.40 0.27 0.23 0.25 0.36 0.57 0.82 1.00 1.16 1.19 1.12 0.96 0.77 0.60 0.46 0.40 0.41 0.52 0.70 0.84 0.96 1.00 0.95
 31   0.79 0.58 0.45 0.35 0.35 0.44 0.57 0.78 0.98 1.14 1.24 1.23 1.11 0.92 0.74 0.58 0.46 0.43 0.51 0.63 0.76 0.88 0.97 1.00
 ----------------------------------------------------------------------------------------------------------------------------
                                                                                               
 ----------------------------------------------------------------------------------------------------------------------------
 ----------------------------------------------------------------------------------------------------------------------------
                                                          SURVEY OF INDIA
                                                    MARINE GEODESY WING (G&RB)
                                                     HOURLY HEIGHTS IN METRES
  NAME OF PORT:- CHENNAI                                                                            MONTH JUNE      YEAR 2010
 ----------------------------------------------------------------------------------------------------------------------------
 DAYS 0000 0001 0002 0003 0004 0005 0006 0007 0008 0009 0010 0011 0012 0013 0014 0015 0016 0017 0018 0019 0020 0021 0022 0023
 ----------------------------------------------------------------------------------------------------------------------------
  1   0.88 0.74 0.58 0.45 0.38 0.40 0.52 0.69 0.86 1.03 1.17 1.23 1.18 1.06 0.89 0.72 0.59 0.50 0.49 0.58 0.70 0.82 0.92 0.96
  2   0.94 0.84 0.72 0.58 0.48 0.44 0.47 0.59 0.74 0.91 1.06 1.16 1.16 1.08 0.94 0.78 0.63 0.51 0.44 0.48 0.57 0.69 0.82 0.89
  3   0.92 0.90 0.80 0.69 0.58 0.51 0.48 0.53 0.62 0.75 0.91 1.02 1.09 1.07 0.99 0.87 0.73 0.60 0.50 0.48 0.48 0.57 0.67 0.77
  4   0.82 0.86 0.84 0.76 0.67 0.60 0.56 0.56 0.62 0.70 0.82 0.94 1.02 1.05 1.01 0.91 0.80 0.68 0.58 0.53 0.51 0.53 0.60 0.71
  5   0.82 0.86 0.87 0.83 0.78 0.71 0.64 0.59 0.60 0.64 0.72 0.84 0.94 1.01 1.04 0.98 0.88 0.77 0.68 0.60 0.56 0.54 0.56 0.65
  6   0.75 0.83 0.90 0.94 0.93 0.86 0.78 0.73 0.69 0.66 0.67 0.73 0.82 0.90 0.95 0.97 0.93 0.83 0.73 0.62 0.52 0.47 0.48 0.53
  7   0.60 0.70 0.82 0.90 0.93 0.91 0.86 0.80 0.72 0.66 0.60 0.62 0.70 0.78 0.86 0.91 0.94 0.91 0.82 0.71 0.60 0.50 0.44 0.43
  8   0.49 0.60 0.74 0.87 0.96 1.00 0.98 0.92 0.83 0.73 0.65 0.62 0.64 0.70 0.78 0.85 0.92 0.94 0.92 0.84 0.72 0.60 0.50 0.42
  9   0.42 0.54 0.67 0.82 0.97 1.10 1.16 1.13 1.03 0.91 0.76 0.64 0.56 0.57 0.63 0.74 0.84 0.92 0.96 0.92 0.82 0.70 0.56 0.44
 10   0.37 0.39 0.52 0.70 0.88 1.06 1.19 1.23 1.18 1.07 0.90 0.75 0.62 0.58 0.60 0.70 0.84 0.95 1.04 1.05 0.98 0.84 0.67 0.51
 11   0.34 0.32 0.41 0.56 0.77 0.98 1.15 1.26 1.26 1.15 0.98 0.82 0.64 0.53 0.50 0.58 0.70 0.85 0.99 1.06 1.05 0.93 0.78 0.60
 12   0.40 0.32 0.32 0.44 0.64 0.88 1.10 1.28 1.38 1.32 1.18 0.98 0.77 0.57 0.50 0.48 0.58 0.74 0.91 1.06 1.12 1.08 0.94 0.74
 13   0.50 0.34 0.27 0.32 0.46 0.66 0.90 1.13 1.30 1.33 1.26 1.07 0.87 0.65 0.48 0.41 0.44 0.56 0.74 0.90 1.05 1.11 1.02 0.85
 14   0.60 0.41 0.25 0.19 0.27 0.44 0.67 0.94 1.15 1.28 1.29 1.17 0.98 0.75 0.54 0.38 0.36 0.42 0.56 0.74 0.92 1.04 1.07 0.96
 15   0.76 0.55 0.37 0.24 0.22 0.33 0.51 0.76 0.99 1.18 1.30 1.26 1.13 0.91 0.67 0.46 0.30 0.28 0.37 0.54 0.73 0.88 0.99 1.01
 16   0.87 0.71 0.50 0.34 0.27 0.26 0.39 0.60 0.84 1.05 1.20 1.26 1.19 1.03 0.80 0.57 0.37 0.26 0.25 0.35 0.52 0.68 0.82 0.83
 17   0.90 0.81 0.67 0.48 0.33 0.26 0.28 0.43 0.62 0.83 1.00 1.14 1.19 1.11 0.94 0.72 0.50 0.34 0.25 0.23 0.34 0.49 0.67 0.81
 18   0.92 0.92 0.81 0.66 0.51 0.38 0.34 0.37 0.49 0.65 0.82 0.99 1.09 1.11 0.99 0.85 0.64 0.43 0.26 0.20 0.22 0.31 0.47 0.63
 19   0.78 0.87 0.88 0.80 0.66 0.53 0.42 0.37 0.46 0.58 0.74 0.88 0.96 0.98 0.90 0.74 0.56 0.40 0.27 0.20 0.18 0.20 0.30 0.44
 20   0.60 0.75 0.85 0.88 0.80 0.68 0.57 0.48 0.40 0.38 0.44 0.57 0.72 0.85 0.91 0.90 0.83 0.71 0.55 0.41 0.26 0.20 0.21 0.31
 21   0.46 0.61 0.77 0.86 0.90 0.85 0.76 0.66 0.55 0.47 0.43 0.48 0.54 0.66 0.77 0.85 0.86 0.80 0.68 0.53 0.41 0.30 0.24 0.24
 22   0.34 0.49 0.65 0.80 0.92 0.98 0.95 0.85 0.72 0.60 0.52 0.47 0.51 0.58 0.69 0.78 0.86 0.88 0.84 0.74 0.60 0.44 0.34 0.27
 23   0.26 0.38 0.54 0.70 0.86 0.97 1.02 0.98 0.88 0.74 0.60 0.48 0.42 0.45 0.54 0.64 0.73 0.82 0.86 0.81 0.70 0.57 0.41 0.27
 24   0.18 0.25 0.37 0.52 0.70 0.87 1.02 1.04 0.98 0.86 0.70 0.52 0.40 0.31 0.35 0.43 0.57 0.70 0.80 0.84 0.79 0.67 0.52 0.37
 25   0.20 0.18 0.26 0.39 0.60 0.80 0.97 1.11 1.14 1.04 0.88 0.68 0.50 0.38 0.32 0.37 0.48 0.60 0.73 0.82 0.86 0.78 0.63 0.46
 26   0.31 0.21 0.20 0.29 0.46 0.67 0.87 1.02 1.10 1.10 0.98 0.81 0.62 0.45 0.36 0.34 0.40 0.54 0.68 0.82 0.89 0.88 0.78 0.61
 27   0.41 0.26 0.18 0.22 0.34 0.53 0.75 0.97 1.13 1.19 1.11 0.97 0.78 0.58 0.43 0.35 0.34 0.44 0.58 0.74 0.86 0.91 0.86 0.75
 28   0.56 0.35 0.24 0.21 0.30 0.45 0.65 0.86 1.06 1.15 1.14 1.02 0.85 0.62 0.44 0.33 0.30 0.37 0.52 0.68 0.84 0.92 0.90 0.82
 29   0.64 0.45 0.30 0.22 0.22 0.36 0.53 0.76 0.96 1.10 1.13 1.10 0.94 0.76 0.56 0.42 0.33 0.32 0.42 0.60 0.76 0.86 0.90 0.90
 30   0.75 0.56 0.44 0.33 0.29 0.32 0.46 0.68 0.87 1.06 1.18 1.16 1.03 0.87 0.65 0.48 0.34 0.31 0.37 0.49 0.66 0.80 0.88 0.90
 ----------------------------------------------------------------------------------------------------------------------------
                                                                                               
 ----------------------------------------------------------------------------------------------------------------------------
 ----------------------------------------------------------------------------------------------------------------------------
                                                          SURVEY OF INDIA
                                                    MARINE GEODESY WING (G&RB)
                                                     HOURLY HEIGHTS IN METRES
  NAME OF PORT:- CHENNAI                                                                            MONTH JULY      YEAR 2010
 ----------------------------------------------------------------------------------------------------------------------------
 DAYS 0000 0001 0002 0003 0004 0005 0006 0007 0008 0009 0010 0011 0012 0013 0014 0015 0016 0017 0018 0019 0020 0021 0022 0023
 ----------------------------------------------------------------------------------------------------------------------------
  1   0.81 0.70 0.54 0.41 0.32 0.31 0.40 0.55 0.74 0.91 1.03 1.09 1.06 0.93 0.74 0.58 0.43 0.33 0.34 0.43 0.57 0.70 0.82 0.89
  2   0.89 0.79 0.66 0.52 0.41 0.35 0.37 0.48 0.63 0.79 0.95 1.03 1.06 1.01 0.86 0.65 0.48 0.36 0.33 0.36 0.46 0.60 0.74 0.85
  3   0.90 0.87 0.77 0.66 0.54 0.45 0.42 0.47 0.56 0.70 0.84 0.95 1.00 0.98 0.90 0.75 0.59 0.45 0.38 0.36 0.41 0.51 0.66 0.78
  4   0.86 0.90 0.85 0.77 0.65 0.55 0.49 0.48 0.51 0.61 0.75 0.87 0.96 0.98 0.92 0.81 0.67 0.52 0.41 0.34 0.33 0.42 0.54 0.68
  5   0.80 0.88 0.91 0.88 0.79 0.70 0.60 0.55 0.53 0.58 0.65 0.74 0.84 0.91 0.92 0.87 0.73 0.60 0.49 0.38 0.32 0.35 0.42 0.55
  6   0.68 0.79 0.87 0.89 0.87 0.80 0.71 0.65 0.60 0.56 0.60 0.66 0.74 0.81 0.87 0.88 0.84 0.75 0.63 0.52 0.43 0.37 0.37 0.44
  7   0.56 0.69 0.82 0.91 0.97 0.94 0.87 0.79 0.70 0.61 0.57 0.58 0.62 0.70 0.77 0.82 0.85 0.82 0.73 0.61 0.51 0.41 0.36 0.35
  8   0.42 0.52 0.66 0.80 0.91 0.98 0.97 0.90 0.78 0.66 0.55 0.49 0.49 0.53 0.62 0.70 0.79 0.83 0.80 0.73 0.62 0.49 0.37 0.29
  9   0.28 0.35 0.47 0.63 0.79 0.94 1.00 0.99 0.89 0.75 0.61 0.49 0.42 0.41 0.47 0.56 0.67 0.77 0.83 0.82 0.73 0.59 0.45 0.30
 10   0.10 0.17 0.26 0.43 0.62 0.81 0.97 1.06 1.04 0.90 0.73 0.56 0.40 0.31 0.29 0.38 0.52 0.66 0.78 0.85 0.82 0.70 0.51 0.32
 11   0.14 0.07 0.11 0.23 0.44 0.66 0.90 1.06 1.13 1.05 0.89 0.68 0.47 0.33 0.21 0.23 0.33 0.49 0.68 0.80 0.86 0.80 0.66 0.47
 12   0.22 0.07 0.03 0.10 0.26 0.50 0.76 0.99 1.13 1.17 1.04 0.83 0.59 0.36 0.19 0.13 0.18 0.34 0.51 0.70 0.85 0.88 0.77 0.59
 13   0.35 0.15-0.02-0.07 0.06 0.27 0.53 0.80 1.03 1.15 1.11 0.96 0.71 0.45 0.21 0.05 0.01 0.11 0.29 0.52 0.72 0.88 0.91 0.82
 14   0.63 0.36 0.16 0.06 0.05 0.15 0.37 0.65 0.90 1.09 1.18 1.12 0.94 0.68 0.41 0.17 0.03 0.00 0.10 0.31 0.54 0.74 0.87 0.93
 15   0.78 0.60 0.37 0.18 0.08 0.07 0.19 0.40 0.64 0.90 1.06 1.12 1.04 0.83 0.57 0.32 0.10 0.02 0.02 0.16 0.36 0.60 0.78 0.90
 16   0.90 0.77 0.59 0.40 0.24 0.14 0.18 0.29 0.50 0.74 0.94 1.09 1.07 0.94 0.74 0.49 0.28 0.10 0.03 0.10 0.26 0.46 0.67 0.83
 17   0.91 0.88 0.75 0.59 0.44 0.31 0.26 0.29 0.44 0.60 0.78 0.95 1.04 1.01 0.88 0.68 0.48 0.29 0.16 0.11 0.18 0.32 0.51 0.70
 18   0.86 0.92 0.88 0.76 0.63 0.50 0.40 0.36 0.40 0.50 0.65 0.83 0.95 0.99 0.92 0.80 0.66 0.49 0.34 0.25 0.24 0.30 0.44 0.58
 19   0.74 0.87 0.95 0.92 0.84 0.70 0.59 0.50 0.46 0.47 0.56 0.68 0.79 0.87 0.91 0.88 0.79 0.66 0.53 0.40 0.33 0.30 0.37 0.50
 20   0.64 0.77 0.89 0.95 0.95 0.88 0.78 0.70 0.61 0.56 0.53 0.55 0.64 0.74 0.81 0.83 0.81 0.73 0.64 0.53 0.42 0.34 0.32 0.35
 21   0.46 0.58 0.72 0.85 0.93 0.93 0.88 0.80 0.70 0.61 0.55 0.51 0.52 0.57 0.63 0.69 0.74 0.78 0.74 0.64 0.55 0.47 0.41 0.37
 22   0.40 0.48 0.61 0.75 0.88 0.96 0.99 0.95 0.86 0.73 0.61 0.51 0.46 0.46 0.52 0.60 0.69 0.78 0.81 0.78 0.69 0.58 0.47 0.37
 23   0.31 0.34 0.44 0.58 0.73 0.87 0.97 1.00 0.94 0.82 0.70 0.59 0.48 0.42 0.45 0.54 0.64 0.74 0.81 0.85 0.80 0.71 0.57 0.43
 24   0.33 0.29 0.33 0.44 0.62 0.78 0.94 1.06 1.07 0.97 0.80 0.64 0.49 0.38 0.32 0.38 0.48 0.62 0.74 0.81 0.84 0.76 0.60 0.44
 25   0.27 0.19 0.20 0.30 0.48 0.68 0.88 1.03 1.10 1.05 0.92 0.73 0.55 0.40 0.31 0.31 0.40 0.54 0.68 0.81 0.88 0.85 0.73 0.57
 26   0.36 0.22 0.19 0.22 0.38 0.57 0.78 0.96 1.07 1.08 0.97 0.81 0.60 0.39 0.26 0.23 0.30 0.41 0.58 0.75 0.86 0.89 0.80 0.66
 27   0.43 0.26 0.16 0.17 0.26 0.42 0.66 0.89 1.03 1.10 1.05 0.89 0.68 0.47 0.30 0.21 0.20 0.31 0.48 0.64 0.77 0.86 0.87 0.75
 28   0.53 0.36 0.22 0.16 0.21 0.32 0.52 0.74 0.90 1.02 1.00 0.92 0.75 0.51 0.33 0.19 0.13 0.18 0.37 0.55 0.73 0.85 0.88 0.81
 29   0.64 0.44 0.29 0.18 0.17 0.24 0.42 0.64 0.86 1.01 1.07 1.02 0.89 0.69 0.48 0.30 0.23 0.22 0.34 0.51 0.67 0.83 0.94 0.91
 30   0.77 0.60 0.43 0.32 0.23 0.26 0.38 0.58 0.80 0.96 1.04 1.05 0.94 0.79 0.58 0.39 0.26 0.20 0.28 0.42 0.62 0.82 0.96 1.00
 31   0.91 0.77 0.62 0.50 0.39 0.36 0.42 0.58 0.76 0.93 1.07 1.12 1.06 0.93 0.75 0.54 0.39 0.33 0.36 0.47 0.62 0.78 0.91 1.03
 ----------------------------------------------------------------------------------------------------------------------------
                                                                                               
 ----------------------------------------------------------------------------------------------------------------------------
 ----------------------------------------------------------------------------------------------------------------------------
                                                          SURVEY OF INDIA
                                                    MARINE GEODESY WING (G&RB)
                                                     HOURLY HEIGHTS IN METRES
  NAME OF PORT:- CHENNAI                                                                            MONTH AUGUST    YEAR 2010
 ----------------------------------------------------------------------------------------------------------------------------
 DAYS 0000 0001 0002 0003 0004 0005 0006 0007 0008 0009 0010 0011 0012 0013 0014 0015 0016 0017 0018 0019 0020 0021 0022 0023
 ----------------------------------------------------------------------------------------------------------------------------
  1   1.03 0.94 0.78 0.64 0.50 0.44 0.46 0.54 0.68 0.86 1.00 1.08 1.07 1.00 0.83 0.65 0.49 0.38 0.34 0.40 0.53 0.70 0.85 0.99
  2   1.03 0.99 0.89 0.74 0.61 0.51 0.47 0.50 0.61 0.75 0.87 0.95 1.02 0.97 0.87 0.70 0.56 0.44 0.37 0.36 0.44 0.58 0.72 0.84
  3   0.93 0.97 0.92 0.84 0.71 0.62 0.55 0.52 0.56 0.64 0.75 0.86 0.92 0.92 0.87 0.76 0.63 0.50 0.43 0.38 0.41 0.50 0.61 0.73
  4   0.82 0.92 0.98 0.93 0.83 0.74 0.66 0.60 0.56 0.59 0.65 0.73 0.79 0.84 0.84 0.80 0.72 0.61 0.51 0.43 0.38 0.39 0.46 0.55
  5   0.67 0.77 0.87 0.93 0.92 0.88 0.79 0.71 0.63 0.61 0.62 0.67 0.73 0.79 0.83 0.85 0.83 0.77 0.67 0.58 0.51 0.46 0.45 0.49
  6   0.56 0.68 0.80 0.90 0.98 1.00 0.99 0.90 0.80 0.70 0.62 0.56 0.56 0.62 0.69 0.76 0.82 0.84 0.79 0.72 0.62 0.50 0.41 0.37
  7   0.38 0.49 0.62 0.76 0.90 1.01 1.05 1.02 0.93 0.80 0.66 0.55 0.48 0.47 0.52 0.64 0.76 0.86 0.88 0.86 0.78 0.64 0.50 0.36
  8   0.24 0.28 0.40 0.58 0.78 0.96 1.11 1.15 1.07 0.95 0.76 0.56 0.41 0.34 0.36 0.46 0.59 0.74 0.88 0.96 0.92 0.79 0.61 0.44
  9   0.28 0.18 0.24 0.38 0.58 0.80 1.03 1.16 1.20 1.10 0.90 0.68 0.48 0.32 0.25 0.30 0.45 0.64 0.87 1.01 1.06 1.00 0.83 0.60
 10   0.34 0.17 0.13 0.25 0.41 0.67 0.96 1.17 1.29 1.28 1.13 0.89 0.63 0.38 0.22 0.18 0.28 0.47 0.73 0.96 1.13 1.17 1.08 0.89
 11   0.60 0.40 0.26 0.24 0.34 0.56 0.83 1.10 1.29 1.40 1.31 1.11 0.86 0.58 0.31 0.22 0.23 0.40 0.64 0.91 1.15 1.29 1.27 1.12
 12   0.89 0.59 0.39 0.29 0.34 0.51 0.74 1.05 1.30 1.45 1.44 1.31 1.08 0.79 0.49 0.30 0.21 0.26 0.44 0.70 0.98 1.18 1.30 1.26
 13   1.09 0.82 0.60 0.42 0.35 0.41 0.58 0.82 1.09 1.30 1.39 1.38 1.21 0.98 0.69 0.44 0.28 0.22 0.31 0.53 0.78 1.01 1.19 1.27
 14   1.18 1.00 0.79 0.58 0.42 0.36 0.46 0.61 0.86 1.07 1.23 1.34 1.26 1.09 0.85 0.60 0.42 0.29 0.29 0.41 0.60 0.83 1.02 1.17
 15   1.21 1.13 0.97 0.78 0.62 0.50 0.46 0.54 0.70 0.86 1.00 1.12 1.18 1.08 0.91 0.72 0.53 0.40 0.31 0.33 0.46 0.65 0.84 1.00
 16   1.11 1.12 1.03 0.90 0.73 0.60 0.53 0.51 0.58 0.69 0.82 0.95 1.05 1.07 0.98 0.84 0.68 0.55 0.44 0.37 0.40 0.52 0.66 0.79
 17   0.92 1.00 1.02 0.95 0.84 0.72 0.64 0.58 0.56 0.58 0.67 0.77 0.85 0.92 0.92 0.86 0.78 0.67 0.55 0.48 0.42 0.45 0.54 0.64
 18   0.77 0.87 0.93 0.96 0.90 0.82 0.74 0.65 0.58 0.54 0.56 0.61 0.68 0.75 0.79 0.79 0.75 0.70 0.63 0.55 0.49 0.46 0.47 0.50
 19   0.56 0.65 0.74 0.82 0.87 0.86 0.83 0.77 0.71 0.65 0.60 0.59 0.60 0.64 0.70 0.74 0.76 0.76 0.73 0.67 0.60 0.55 0.51 0.50
 20   0.52 0.59 0.68 0.76 0.85 0.91 0.92 0.89 0.82 0.74 0.66 0.58 0.53 0.52 0.57 0.64 0.72 0.78 0.80 0.75 0.68 0.61 0.53 0.46
 21   0.42 0.47 0.55 0.68 0.80 0.91 1.00 1.03 0.97 0.87 0.76 0.65 0.56 0.50 0.52 0.59 0.68 0.76 0.84 0.88 0.85 0.76 0.64 0.54
 22   0.46 0.42 0.49 0.60 0.76 0.93 1.06 1.14 1.12 1.03 0.89 0.73 0.58 0.49 0.48 0.54 0.64 0.76 0.88 0.96 1.00 0.94 0.81 0.67
 23   0.51 0.44 0.44 0.54 0.70 0.88 1.07 1.22 1.24 1.17 1.06 0.89 0.70 0.56 0.48 0.50 0.59 0.75 0.94 1.06 1.14 1.10 0.99 0.83
 24   0.64 0.51 0.46 0.51 0.64 0.82 1.02 1.20 1.32 1.29 1.17 0.95 0.75 0.58 0.49 0.49 0.57 0.74 0.92 1.08 1.19 1.17 1.06 0.92
 25   0.67 0.53 0.42 0.44 0.56 0.74 0.96 1.16 1.28 1.27 1.18 1.02 0.81 0.60 0.43 0.38 0.46 0.62 0.81 1.01 1.14 1.20 1.14 0.97
 26   0.76 0.59 0.47 0.42 0.48 0.65 0.87 1.07 1.23 1.30 1.25 1.11 0.89 0.68 0.48 0.38 0.40 0.53 0.73 0.93 1.10 1.21 1.20 1.09
 27   0.89 0.68 0.50 0.42 0.43 0.54 0.73 0.94 1.14 1.25 1.23 1.14 0.95 0.73 0.51 0.39 0.36 0.44 0.61 0.84 1.05 1.18 1.23 1.14
 28   0.96 0.75 0.56 0.39 0.36 0.42 0.59 0.80 1.02 1.17 1.20 1.16 0.99 0.79 0.55 0.39 0.31 0.36 0.50 0.70 0.92 1.08 1.17 1.15
 29   1.01 0.84 0.65 0.50 0.40 0.40 0.53 0.71 0.92 1.08 1.16 1.14 1.05 0.85 0.64 0.45 0.33 0.31 0.41 0.58 0.79 0.97 1.09 1.13
 30   1.05 0.88 0.71 0.57 0.46 0.42 0.47 0.58 0.75 0.91 1.02 1.06 0.99 0.86 0.69 0.49 0.34 0.29 0.35 0.44 0.59 0.78 0.95 1.02
 31   1.01 0.89 0.76 0.60 0.46 0.38 0.39 0.47 0.60 0.75 0.88 0.94 0.92 0.86 0.72 0.57 0.42 0.32 0.28 0.34 0.49 0.65 0.80 0.93
 ----------------------------------------------------------------------------------------------------------------------------
                                                                                               
 ----------------------------------------------------------------------------------------------------------------------------
 ----------------------------------------------------------------------------------------------------------------------------
                                                          SURVEY OF INDIA
                                                    MARINE GEODESY WING (G&RB)
                                                     HOURLY HEIGHTS IN METRES
  NAME OF PORT:- CHENNAI                                                                            MONTH SEPT      YEAR 2010
 ----------------------------------------------------------------------------------------------------------------------------
 DAYS 0000 0001 0002 0003 0004 0005 0006 0007 0008 0009 0010 0011 0012 0013 0014 0015 0016 0017 0018 0019 0020 0021 0022 0023
 ----------------------------------------------------------------------------------------------------------------------------
  1   0.97 0.93 0.85 0.73 0.60 0.51 0.46 0.47 0.55 0.65 0.77 0.85 0.89 0.87 0.77 0.63 0.50 0.38 0.33 0.32 0.38 0.50 0.64 0.75
  2   0.86 0.91 0.89 0.81 0.71 0.61 0.54 0.49 0.51 0.58 0.65 0.73 0.79 0.83 0.81 0.73 0.63 0.54 0.46 0.41 0.41 0.47 0.56 0.64
  3   0.75 0.84 0.89 0.90 0.88 0.82 0.74 0.67 0.63 0.61 0.64 0.69 0.74 0.78 0.81 0.81 0.77 0.72 0.65 0.58 0.53 0.50 0.49 0.53
  4   0.59 0.70 0.81 0.90 0.95 0.95 0.90 0.84 0.76 0.68 0.61 0.59 0.61 0.66 0.72 0.78 0.85 0.87 0.85 0.79 0.70 0.60 0.52 0.47
  5   0.49 0.60 0.73 0.87 0.99 1.08 1.12 1.07 0.96 0.81 0.66 0.54 0.49 0.51 0.59 0.72 0.86 0.97 1.03 1.02 0.91 0.77 0.59 0.46
  6   0.41 0.45 0.58 0.77 0.97 1.16 1.27 1.26 1.18 1.02 0.82 0.60 0.47 0.40 0.45 0.57 0.79 1.00 1.14 1.18 1.13 0.99 0.78 0.57
  7   0.40 0.34 0.41 0.58 0.79 1.05 1.26 1.34 1.31 1.15 0.90 0.67 0.40 0.28 0.26 0.35 0.53 0.80 1.01 1.19 1.22 1.12 0.92 0.67
  8   0.42 0.25 0.24 0.35 0.56 0.84 1.10 1.28 1.35 1.26 1.05 0.77 0.47 0.24 0.13 0.17 0.33 0.60 0.89 1.13 1.27 1.26 1.10 0.87
  9   0.55 0.30 0.19 0.22 0.37 0.61 0.90 1.17 1.32 1.34 1.20 0.96 0.65 0.36 0.14 0.08 0.17 0.39 0.67 0.99 1.20 1.31 1.28 1.08
 10   0.83 0.50 0.26 0.20 0.25 0.46 0.70 0.97 1.20 1.34 1.30 1.13 0.86 0.55 0.29 0.13 0.11 0.25 0.50 0.80 1.07 1.25 1.31 1.23
 11   1.03 0.70 0.46 0.29 0.23 0.31 0.49 0.75 0.99 1.18 1.25 1.17 0.99 0.75 0.47 0.25 0.16 0.22 0.37 0.61 0.86 1.10 1.24 1.26
 12   1.13 0.89 0.65 0.46 0.34 0.30 0.40 0.60 0.81 1.00 1.13 1.16 1.07 0.87 0.65 0.44 0.30 0.26 0.31 0.47 0.70 0.91 1.10 1.20
 13   1.16 1.04 0.84 0.66 0.50 0.41 0.40 0.48 0.66 0.82 0.98 1.06 1.05 0.95 0.79 0.62 0.47 0.35 0.33 0.40 0.56 0.74 0.92 1.05
 14   1.09 1.07 0.96 0.81 0.64 0.54 0.49 0.50 0.60 0.70 0.81 0.92 0.98 0.96 0.87 0.74 0.62 0.51 0.45 0.44 0.52 0.63 0.79 0.92
 15   1.01 1.05 1.04 0.95 0.83 0.72 0.64 0.58 0.57 0.62 0.72 0.81 0.87 0.90 0.88 0.83 0.73 0.64 0.57 0.50 0.49 0.57 0.65 0.76
 16   0.85 0.94 0.99 0.98 0.93 0.86 0.79 0.71 0.66 0.65 0.66 0.70 0.75 0.79 0.83 0.86 0.84 0.80 0.74 0.68 0.63 0.62 0.64 0.67
 17   0.74 0.84 0.92 0.97 1.00 0.99 0.94 0.86 0.78 0.71 0.64 0.64 0.67 0.71 0.77 0.83 0.88 0.88 0.85 0.79 0.72 0.65 0.60 0.57
 18   0.63 0.72 0.81 0.90 0.98 1.05 1.03 0.97 0.89 0.80 0.71 0.63 0.60 0.62 0.68 0.77 0.86 0.93 0.96 0.93 0.85 0.75 0.66 0.56
 19   0.53 0.58 0.68 0.80 0.92 1.02 1.08 1.06 0.99 0.88 0.74 0.61 0.53 0.49 0.56 0.66 0.79 0.89 0.98 0.99 0.94 0.84 0.71 0.59
 20   0.47 0.50 0.57 0.70 0.84 0.99 1.11 1.16 1.10 0.98 0.82 0.66 0.50 0.43 0.45 0.55 0.69 0.86 1.00 1.07 1.06 0.97 0.82 0.64
 21   0.50 0.43 0.44 0.53 0.72 0.90 1.06 1.18 1.17 1.08 0.90 0.70 0.53 0.39 0.40 0.48 0.64 0.83 1.01 1.10 1.13 1.07 0.94 0.74
 22   0.53 0.43 0.39 0.47 0.63 0.82 1.03 1.17 1.23 1.15 1.01 0.82 0.63 0.48 0.39 0.43 0.59 0.78 0.98 1.16 1.24 1.21 1.07 0.87
 23   0.65 0.50 0.42 0.42 0.55 0.76 0.96 1.14 1.23 1.20 1.07 0.85 0.66 0.47 0.38 0.41 0.52 0.71 0.93 1.13 1.24 1.26 1.15 0.95
 24   0.73 0.53 0.40 0.39 0.47 0.66 0.87 1.07 1.19 1.21 1.12 0.95 0.71 0.51 0.35 0.33 0.41 0.58 0.80 1.02 1.17 1.25 1.18 1.02
 25   0.77 0.57 0.39 0.33 0.38 0.52 0.73 0.94 1.10 1.17 1.14 0.98 0.77 0.55 0.37 0.27 0.32 0.45 0.66 0.89 1.09 1.21 1.21 1.10
 26   0.91 0.68 0.50 0.38 0.35 0.45 0.62 0.80 0.98 1.09 1.07 0.99 0.81 0.58 0.39 0.32 0.29 0.37 0.57 0.78 1.00 1.16 1.22 1.17
 27   1.00 0.79 0.61 0.46 0.40 0.40 0.54 0.72 0.89 1.03 1.10 1.06 0.93 0.73 0.53 0.37 0.31 0.34 0.44 0.65 0.87 1.05 1.15 1.15
 28   1.06 0.89 0.71 0.55 0.45 0.41 0.48 0.63 0.79 0.92 1.02 1.01 0.93 0.79 0.61 0.44 0.33 0.31 0.37 0.53 0.72 0.92 1.05 1.13
 29   1.12 1.01 0.84 0.68 0.55 0.49 0.50 0.58 0.70 0.82 0.92 0.99 0.97 0.89 0.74 0.59 0.45 0.37 0.37 0.44 0.58 0.75 0.91 1.02
 30   1.07 1.04 0.95 0.79 0.66 0.56 0.49 0.51 0.59 0.69 0.81 0.89 0.92 0.91 0.84 0.72 0.59 0.48 0.43 0.42 0.48 0.61 0.76 0.89
 ----------------------------------------------------------------------------------------------------------------------------
                                                                                               
 ----------------------------------------------------------------------------------------------------------------------------
 ----------------------------------------------------------------------------------------------------------------------------
                                                          SURVEY OF INDIA
                                                    MARINE GEODESY WING (G&RB)
                                                     HOURLY HEIGHTS IN METRES
  NAME OF PORT:- CHENNAI                                                                            MONTH OCTOBER   YEAR 2010
 ----------------------------------------------------------------------------------------------------------------------------
 DAYS 0000 0001 0002 0003 0004 0005 0006 0007 0008 0009 0010 0011 0012 0013 0014 0015 0016 0017 0018 0019 0020 0021 0022 0023
 ----------------------------------------------------------------------------------------------------------------------------
  1   1.00 1.05 1.03 0.94 0.84 0.73 0.63 0.58 0.58 0.63 0.70 0.78 0.84 0.86 0.85 0.78 0.69 0.59 0.50 0.46 0.45 0.50 0.58 0.70
  2   0.82 0.91 0.97 0.98 0.94 0.85 0.73 0.63 0.57 0.53 0.53 0.59 0.66 0.74 0.83 0.88 0.86 0.78 0.70 0.61 0.53 0.49 0.50 0.57
  3   0.63 0.80 0.91 0.99 1.02 0.99 0.91 0.80 0.67 0.59 0.52 0.49 0.55 0.64 0.75 0.84 0.91 0.92 0.88 0.79 0.67 0.57 0.50 0.48
  4   0.51 0.67 0.80 0.95 1.07 1.12 1.09 1.00 0.85 0.67 0.51 0.42 0.40 0.47 0.59 0.76 0.93 1.04 1.08 1.02 0.90 0.76 0.59 0.47
  5   0.42 0.51 0.67 0.86 1.04 1.18 1.26 1.19 1.04 0.83 0.62 0.47 0.36 0.32 0.44 0.63 0.79 0.96 1.10 1.13 1.07 0.89 0.69 0.48
  6   0.28 0.25 0.35 0.53 0.74 0.97 1.15 1.18 1.10 0.92 0.68 0.40 0.19 0.10 0.12 0.29 0.54 0.81 1.09 1.22 1.23 1.09 0.89 0.64
  7   0.36 0.26 0.23 0.37 0.57 0.84 1.08 1.25 1.26 1.17 0.99 0.73 0.46 0.27 0.27 0.39 0.62 0.90 1.20 1.41 1.51 1.46 1.25 1.02
  8   0.70 0.53 0.46 0.50 0.66 0.93 1.17 1.40 1.47 1.40 1.20 0.95 0.64 0.38 0.26 0.28 0.44 0.71 1.03 1.29 1.48 1.51 1.43 1.21
  9   0.91 0.65 0.45 0.43 0.51 0.72 0.97 1.22 1.39 1.43 1.32 1.13 0.85 0.58 0.37 0.32 0.40 0.57 0.83 1.13 1.34 1.49 1.47 1.32
 10   1.09 0.79 0.59 0.46 0.45 0.56 0.75 0.98 1.19 1.33 1.32 1.22 1.01 0.77 0.56 0.43 0.40 0.50 0.69 0.92 1.18 1.36 1.46 1.41
 11   1.25 1.02 0.80 0.62 0.54 0.56 0.69 0.89 1.07 1.24 1.32 1.31 1.17 0.97 0.78 0.61 0.52 0.51 0.63 0.84 1.05 1.25 1.37 1.43
 12   1.36 1.19 0.99 0.80 0.67 0.61 0.65 0.80 0.96 1.10 1.22 1.25 1.19 1.06 0.92 0.79 0.68 0.64 0.68 0.77 0.95 1.11 1.26 1.35
 13   1.40 1.34 1.21 1.07 0.93 0.82 0.77 0.80 0.91 1.01 1.11 1.20 1.21 1.17 1.09 0.99 0.88 0.78 0.74 0.78 0.85 0.99 1.13 1.25
 14   1.35 1.36 1.28 1.19 1.07 0.97 0.89 0.85 0.85 0.90 0.97 1.05 1.10 1.12 1.10 1.05 0.98 0.89 0.84 0.80 0.82 0.89 0.99 1.08
 15   1.19 1.24 1.25 1.23 1.17 1.07 0.99 0.93 0.87 0.85 0.87 0.92 0.99 1.04 1.07 1.07 1.04 0.98 0.92 0.88 0.86 0.87 0.94 1.01
 16   1.08 1.15 1.19 1.20 1.18 1.12 1.05 0.98 0.91 0.87 0.86 0.88 0.92 0.98 1.04 1.08 1.11 1.12 1.08 1.02 0.96 0.93 0.91 0.92
 17   0.97 1.04 1.11 1.17 1.21 1.22 1.17 1.10 1.02 0.94 0.86 0.81 0.82 0.88 0.96 1.04 1.11 1.14 1.14 1.10 1.04 0.97 0.90 0.84
 18   0.86 0.92 0.99 1.07 1.16 1.22 1.22 1.18 1.10 1.02 0.93 0.84 0.80 0.82 0.89 0.99 1.08 1.17 1.22 1.21 1.14 1.05 0.95 0.87
 19   0.82 0.84 0.91 1.01 1.11 1.21 1.27 1.25 1.16 1.02 0.88 0.77 0.70 0.69 0.78 0.92 1.07 1.20 1.28 1.28 1.22 1.13 1.00 0.87
 20   0.74 0.75 0.79 0.89 1.03 1.16 1.25 1.28 1.22 1.06 0.91 0.77 0.65 0.64 0.69 0.82 0.99 1.15 1.30 1.38 1.36 1.25 1.09 0.93
 21   0.78 0.71 0.74 0.82 0.95 1.10 1.21 1.27 1.26 1.16 0.99 0.77 0.64 0.55 0.56 0.66 0.84 1.04 1.23 1.34 1.35 1.27 1.11 0.91
 22   0.70 0.62 0.57 0.64 0.79 0.96 1.13 1.24 1.24 1.17 1.00 0.81 0.64 0.48 0.44 0.52 0.70 0.90 1.12 1.28 1.35 1.30 1.17 0.97
 23   0.76 0.57 0.50 0.55 0.66 0.84 1.02 1.18 1.26 1.22 1.09 0.90 0.68 0.51 0.42 0.47 0.62 0.80 1.06 1.25 1.39 1.40 1.30 1.11
 24   0.88 0.65 0.52 0.49 0.57 0.73 0.92 1.10 1.23 1.25 1.15 0.98 0.75 0.56 0.45 0.41 0.51 0.71 0.93 1.16 1.33 1.44 1.39 1.25
 25   1.00 0.79 0.61 0.52 0.53 0.64 0.82 1.00 1.17 1.25 1.20 1.08 0.89 0.68 0.52 0.44 0.50 0.65 0.86 1.09 1.31 1.45 1.47 1.38
 26   1.18 0.95 0.76 0.62 0.57 0.63 0.79 0.96 1.11 1.25 1.29 1.21 1.05 0.85 0.67 0.55 0.50 0.59 0.78 0.98 1.22 1.39 1.49 1.46
 27   1.34 1.14 0.95 0.78 0.69 0.70 0.78 0.96 1.15 1.29 1.34 1.34 1.20 1.04 0.84 0.69 0.60 0.63 0.74 0.90 1.11 1.31 1.45 1.49
 28   1.41 1.27 1.10 0.92 0.79 0.74 0.77 0.87 1.02 1.16 1.26 1.30 1.26 1.13 0.98 0.81 0.71 0.66 0.68 0.83 0.99 1.18 1.35 1.49
 29   1.50 1.41 1.25 1.10 0.95 0.83 0.78 0.81 0.90 1.02 1.15 1.23 1.26 1.19 1.09 0.96 0.84 0.75 0.71 0.75 0.88 1.04 1.20 1.34
 30   1.45 1.44 1.35 1.23 1.09 0.98 0.87 0.82 0.85 0.93 1.04 1.14 1.21 1.24 1.21 1.13 1.03 0.93 0.84 0.79 0.82 0.91 1.05 1.18
 31   1.30 1.39 1.41 1.35 1.26 1.14 1.02 0.89 0.82 0.80 0.85 0.94 1.04 1.13 1.19 1.23 1.18 1.12 1.04 0.94 0.86 0.84 0.87 0.96
 ----------------------------------------------------------------------------------------------------------------------------
                                                                                               
 ----------------------------------------------------------------------------------------------------------------------------
 ----------------------------------------------------------------------------------------------------------------------------
                                                          SURVEY OF INDIA
                                                    MARINE GEODESY WING (G&RB)
                                                     HOURLY HEIGHTS IN METRES
  NAME OF PORT:- CHENNAI                                                                            MONTH NOVEMBER  YEAR 2010
 ----------------------------------------------------------------------------------------------------------------------------
 DAYS 0000 0001 0002 0003 0004 0005 0006 0007 0008 0009 0010 0011 0012 0013 0014 0015 0016 0017 0018 0019 0020 0021 0022 0023
 ----------------------------------------------------------------------------------------------------------------------------
  1   1.08 1.20 1.29 1.35 1.33 1.26 1.14 1.02 0.89 0.79 0.73 0.76 0.84 0.94 1.05 1.16 1.23 1.24 1.19 1.08 0.96 0.86 0.80 0.83
  2   0.90 1.02 1.16 1.27 1.35 1.34 1.25 1.13 0.96 0.80 0.68 0.62 0.66 0.76 0.92 1.09 1.25 1.34 1.35 1.27 1.13 0.96 0.83 0.72
  3   0.73 0.84 0.98 1.14 1.28 1.38 1.38 1.27 1.10 0.91 0.72 0.56 0.52 0.60 0.76 0.96 1.18 1.35 1.44 1.41 1.29 1.10 0.90 0.74
  4   0.66 0.69 0.81 1.00 1.18 1.34 1.42 1.38 1.23 1.00 0.76 0.56 0.45 0.44 0.57 0.79 1.07 1.33 1.52 1.64 1.57 1.41 1.16 0.94
  5   0.73 0.66 0.71 0.83 1.06 1.27 1.42 1.52 1.43 1.24 1.01 0.77 0.55 0.44 0.47 0.64 0.89 1.18 1.43 1.59 1.64 1.54 1.34 1.08
  6   0.84 0.67 0.60 0.68 0.84 1.06 1.29 1.44 1.49 1.40 1.21 0.97 0.72 0.54 0.49 0.55 0.74 1.06 1.37 1.58 1.70 1.70 1.55 1.37
  7   1.05 0.80 0.65 0.64 0.76 0.95 1.18 1.38 1.53 1.55 1.45 1.26 1.04 0.83 0.69 0.68 0.84 1.04 1.31 1.60 1.80 1.85 1.77 1.57
  8   1.29 0.99 0.79 0.63 0.62 0.74 0.92 1.12 1.27 1.36 1.30 1.14 0.91 0.67 0.51 0.42 0.48 0.62 0.84 1.12 1.34 1.49 1.53 1.44
  9   1.17 1.00 0.78 0.62 0.57 0.62 0.76 0.95 1.13 1.27 1.29 1.21 1.04 0.84 0.65 0.49 0.44 0.51 0.67 0.88 1.12 1.28 1.38 1.37
 10   1.18 1.04 0.82 0.65 0.53 0.50 0.57 0.70 0.87 1.03 1.12 1.11 1.03 0.90 0.74 0.60 0.53 0.53 0.61 0.78 0.99 1.17 1.29 1.35
 11   1.31 1.18 1.02 0.87 0.73 0.63 0.62 0.70 0.83 0.94 1.03 1.08 1.03 0.94 0.81 0.68 0.59 0.54 0.57 0.65 0.77 0.95 1.09 1.12
 12   1.21 1.15 1.08 0.95 0.81 0.71 0.65 0.65 0.72 0.82 0.92 0.99 1.04 1.02 0.96 0.89 0.79 0.72 0.70 0.73 0.79 0.90 1.00 1.10
 13   1.17 1.16 1.12 1.03 0.91 0.82 0.75 0.69 0.68 0.74 0.81 0.87 0.93 0.96 0.94 0.91 0.87 0.81 0.76 0.74 0.75 0.81 0.87 0.95
 14   1.02 1.10 1.11 1.08 1.02 0.93 0.82 0.73 0.66 0.66 0.70 0.77 0.83 0.89 0.94 0.96 0.94 0.90 0.85 0.80 0.78 0.76 0.76 0.78
 15   0.87 0.93 0.98 0.99 0.97 0.93 0.86 0.77 0.69 0.62 0.60 0.62 0.68 0.77 0.88 0.97 1.03 1.03 1.00 0.93 0.87 0.80 0.75 0.75
 16   0.83 0.90 0.96 1.02 1.08 1.09 1.02 0.91 0.82 0.72 0.66 0.65 0.67 0.76 0.86 0.96 1.05 1.11 1.12 1.08 1.01 0.92 0.84 0.77
 17   0.78 0.84 0.91 0.99 1.04 1.08 1.07 1.00 0.88 0.77 0.66 0.60 0.58 0.64 0.74 0.86 1.00 1.09 1.12 1.11 1.04 0.95 0.85 0.76
 18   0.68 0.71 0.78 0.87 0.96 1.04 1.08 1.05 0.97 0.84 0.70 0.60 0.53 0.56 0.66 0.81 0.99 1.15 1.23 1.26 1.19 1.07 0.92 0.78
 19   0.67 0.65 0.71 0.80 0.93 1.06 1.14 1.14 1.06 0.92 0.76 0.62 0.53 0.50 0.59 0.74 0.92 1.11 1.27 1.34 1.31 1.18 1.03 0.85
 20   0.70 0.63 0.64 0.75 0.87 1.03 1.16 1.20 1.15 1.05 0.87 0.68 0.50 0.45 0.50 0.63 0.83 1.05 1.25 1.38 1.39 1.30 1.14 0.92
 21   0.73 0.59 0.59 0.63 0.75 0.90 1.07 1.18 1.17 1.07 0.91 0.70 0.52 0.42 0.42 0.52 0.70 0.94 1.17 1.35 1.42 1.39 1.26 1.06
 22   0.83 0.67 0.56 0.57 0.66 0.82 0.98 1.12 1.18 1.15 1.00 0.82 0.60 0.45 0.36 0.40 0.55 0.77 1.03 1.25 1.39 1.42 1.36 1.17
 23   0.95 0.76 0.60 0.54 0.58 0.70 0.89 1.05 1.16 1.20 1.12 0.96 0.73 0.52 0.39 0.38 0.45 0.64 0.88 1.13 1.33 1.42 1.40 1.27
 24   1.04 0.82 0.63 0.51 0.48 0.59 0.74 0.93 1.09 1.17 1.15 1.04 0.86 0.65 0.48 0.38 0.40 0.53 0.72 0.97 1.20 1.36 1.42 1.37
 25   1.19 0.97 0.76 0.60 0.52 0.53 0.65 0.81 0.99 1.14 1.18 1.13 1.00 0.82 0.63 0.48 0.42 0.46 0.59 0.79 1.02 1.23 1.37 1.40
 26   1.33 1.14 0.93 0.74 0.60 0.53 0.58 0.70 0.85 1.01 1.11 1.15 1.11 0.97 0.81 0.66 0.55 0.50 0.56 0.70 0.89 1.10 1.26 1.37
 27   1.39 1.30 1.12 0.93 0.75 0.62 0.54 0.57 0.66 0.80 0.94 1.05 1.10 1.06 0.95 0.80 0.67 0.58 0.56 0.62 0.71 0.88 1.06 1.19
 28   1.29 1.28 1.18 1.04 0.85 0.67 0.56 0.52 0.55 0.64 0.77 0.90 1.01 1.06 1.05 0.99 0.88 0.76 0.66 0.61 0.63 0.71 0.83 0.99
 29   1.12 1.21 1.22 1.12 0.99 0.84 0.70 0.57 0.50 0.50 0.58 0.70 0.83 0.94 1.04 1.06 1.01 0.92 0.82 0.72 0.64 0.62 0.70 0.78
 30   0.90 1.05 1.13 1.15 1.09 0.99 0.85 0.68 0.54 0.48 0.47 0.54 0.66 0.81 0.95 1.08 1.14 1.11 1.04 0.93 0.82 0.73 0.68 0.69
 ----------------------------------------------------------------------------------------------------------------------------
                                                                                               
 ----------------------------------------------------------------------------------------------------------------------------
 ----------------------------------------------------------------------------------------------------------------------------
                                                          SURVEY OF INDIA
                                                    MARINE GEODESY WING (G&RB)
                                                     HOURLY HEIGHTS IN METRES
  NAME OF PORT:- CHENNAI                                                                            MONTH DECEMBER  YEAR 2010
 ----------------------------------------------------------------------------------------------------------------------------
 DAYS 0000 0001 0002 0003 0004 0005 0006 0007 0008 0009 0010 0011 0012 0013 0014 0015 0016 0017 0018 0019 0020 0021 0022 0023
 ----------------------------------------------------------------------------------------------------------------------------
  1   0.78 0.91 1.03 1.11 1.15 1.11 1.01 0.85 0.70 0.55 0.47 0.45 0.51 0.66 0.85 1.02 1.15 1.25 1.24 1.15 1.01 0.84 0.72 0.65
  2   0.66 0.73 0.85 0.99 1.10 1.18 1.16 1.05 0.89 0.70 0.56 0.45 0.42 0.50 0.68 0.88 1.09 1.25 1.34 1.34 1.23 1.06 0.87 0.72
  3   0.64 0.62 0.72 0.85 1.00 1.15 1.23 1.19 1.07 0.89 0.70 0.51 0.41 0.40 0.53 0.71 0.96 1.19 1.35 1.42 1.38 1.23 1.02 0.82
  4   0.66 0.58 0.62 0.73 0.92 1.12 1.26 1.29 1.23 1.09 0.88 0.66 0.48 0.42 0.49 0.64 0.88 1.14 1.35 1.50 1.54 1.43 1.23 1.00
  5   0.80 0.66 0.60 0.67 0.82 1.02 1.20 1.31 1.33 1.22 1.04 0.80 0.61 0.48 0.44 0.52 0.72 0.96 1.22 1.44 1.55 1.50 1.38 1.17
  6   0.94 0.72 0.62 0.56 0.67 0.84 1.02 1.19 1.28 1.24 1.11 0.90 0.70 0.50 0.41 0.40 0.54 0.72 1.00 1.26 1.45 1.51 1.47 1.30
  7   1.05 0.85 0.67 0.56 0.57 0.68 0.85 1.04 1.19 1.28 1.24 1.08 0.87 0.66 0.51 0.44 0.48 0.63 0.85 1.08 1.30 1.42 1.43 1.35
  8   1.13 0.94 0.73 0.58 0.52 0.57 0.70 0.87 1.03 1.15 1.17 1.09 0.93 0.73 0.56 0.46 0.42 0.51 0.69 0.90 1.12 1.29 1.37 1.35
  9   1.17 0.99 0.80 0.60 0.48 0.45 0.54 0.67 0.85 1.00 1.08 1.07 0.98 0.82 0.65 0.50 0.43 0.44 0.55 0.71 0.93 1.12 1.25 1.28
 10   1.20 1.07 0.90 0.70 0.54 0.48 0.51 0.62 0.78 0.94 1.04 1.07 1.02 0.90 0.75 0.60 0.49 0.47 0.53 0.66 0.84 1.01 1.17 1.23
 11   1.22 1.09 0.94 0.75 0.57 0.48 0.46 0.50 0.62 0.75 0.87 0.96 0.97 0.92 0.81 0.70 0.59 0.51 0.50 0.58 0.70 0.86 1.00 1.11
 12   1.15 1.12 0.99 0.83 0.67 0.55 0.47 0.47 0.54 0.66 0.78 0.87 0.95 0.96 0.90 0.79 0.70 0.62 0.57 0.58 0.67 0.78 0.91 1.03
 13   1.11 1.12 1.08 0.95 0.81 0.69 0.58 0.52 0.53 0.62 0.72 0.82 0.91 0.97 0.96 0.92 0.84 0.76 0.70 0.68 0.70 0.77 0.85 0.95
 14   1.03 1.09 1.08 1.00 0.90 0.78 0.67 0.58 0.56 0.59 0.67 0.77 0.87 0.96 0.99 0.99 0.94 0.89 0.83 0.78 0.74 0.73 0.77 0.83
 15   0.90 0.99 1.01 0.98 0.92 0.82 0.72 0.64 0.59 0.56 0.58 0.66 0.76 0.87 0.96 1.01 1.04 1.02 0.97 0.90 0.84 0.80 0.78 0.82
 16   0.83 0.91 0.96 0.98 0.97 0.91 0.83 0.73 0.63 0.57 0.56 0.58 0.65 0.76 0.89 1.00 1.08 1.10 1.08 1.03 0.95 0.88 0.82 0.79
 17   0.80 0.84 0.91 0.97 1.01 1.02 0.97 0.89 0.79 0.70 0.62 0.58 0.61 0.68 0.81 0.96 1.08 1.16 1.20 1.16 1.08 0.99 0.89 0.79
 18   0.75 0.77 0.82 0.89 0.97 1.03 1.03 0.97 0.88 0.77 0.64 0.55 0.53 0.58 0.69 0.87 1.03 1.17 1.26 1.28 1.23 1.09 0.94 0.79
 19   0.70 0.65 0.68 0.76 0.87 0.99 1.05 1.03 0.96 0.84 0.67 0.55 0.45 0.45 0.52 0.68 0.87 1.07 1.21 1.30 1.28 1.19 1.03 0.87
 20   0.70 0.62 0.61 0.65 0.76 0.90 1.03 1.09 1.07 0.99 0.80 0.61 0.46 0.39 0.42 0.54 0.73 0.95 1.16 1.30 1.36 1.30 1.15 0.94
 21   0.75 0.58 0.50 0.50 0.62 0.79 0.95 1.09 1.13 1.07 0.94 0.74 0.54 0.39 0.34 0.40 0.59 0.82 1.04 1.26 1.38 1.39 1.23 1.07
 22   0.83 0.65 0.50 0.45 0.52 0.67 0.86 1.02 1.14 1.15 1.05 0.85 0.63 0.43 0.30 0.30 0.41 0.59 0.86 1.11 1.31 1.40 1.34 1.20
 23   0.97 0.72 0.52 0.41 0.40 0.52 0.70 0.90 1.07 1.16 1.11 0.98 0.78 0.56 0.37 0.28 0.33 0.48 0.71 0.97 1.20 1.35 1.39 1.30
 24   1.12 0.87 0.64 0.46 0.36 0.40 0.54 0.73 0.94 1.09 1.16 1.09 0.95 0.76 0.56 0.40 0.36 0.42 0.57 0.81 1.09 1.29 1.41 1.39
 25   1.26 1.07 0.81 0.58 0.43 0.38 0.44 0.58 0.80 0.99 1.12 1.17 1.09 0.96 0.77 0.58 0.46 0.43 0.50 0.65 0.88 1.11 1.27 1.38
 26   1.33 1.20 0.99 0.75 0.54 0.41 0.36 0.43 0.59 0.78 0.96 1.07 1.10 1.05 0.92 0.76 0.60 0.50 0.48 0.57 0.71 0.93 1.10 1.25
 27   1.31 1.27 1.12 0.91 0.69 0.52 0.41 0.38 0.47 0.64 0.80 0.97 1.08 1.12 1.08 0.97 0.82 0.69 0.60 0.57 0.64 0.77 0.92 1.08
 28   1.21 1.26 1.20 1.07 0.89 0.70 0.53 0.44 0.41 0.49 0.64 0.80 0.96 1.09 1.14 1.12 1.02 0.89 0.77 0.69 0.65 0.70 0.80 0.94
 29   1.08 1.15 1.20 1.15 1.03 0.88 0.70 0.56 0.47 0.45 0.53 0.65 0.81 0.96 1.09 1.17 1.17 1.08 0.96 0.85 0.76 0.70 0.70 0.75
 30   0.85 0.98 1.07 1.11 1.08 1.01 0.87 0.71 0.58 0.51 0.50 0.55 0.66 0.82 0.98 1.12 1.21 1.22 1.17 1.05 0.91 0.80 0.73 0.70
 31   0.71 0.82 0.92 1.00 1.06 1.05 0.99 0.87 0.71 0.57 0.49 0.44 0.49 0.63 0.78 0.96 1.12 1.22 1.25 1.17 1.04 0.91 0.77 0.65
 ----------------------------------------------------------------------------------------------------------------------------
                                                                                               
 ----------------------------------------------------------------------------------------------------------------------------
 ----------------------------------------------------------------------------------------------------------------------------
