                                                          SURVEY OF INDIA
                                                    MARINE GEODESY WING (G&RB)
                                                     HOURLY HEIGHTS IN METRES
  NAME OF PORT:- GARDEN REACH                                                                       MONTH JANUARY   YEAR 2010
 ----------------------------------------------------------------------------------------------------------------------------
 DAYS 0000 0001 0002 0003 0004 0005 0006 0007 0008 0009 0010 0011 0012 0013 0014 0015 0016 0017 0018 0019 0020 0021 0022 0023
 ----------------------------------------------------------------------------------------------------------------------------
  1   4.72 5.13 5.11 4.53 3.92 3.43 3.00 2.60 2.25 1.95 1.71 2.20 3.77 4.42 4.73 4.50 3.96 3.46 3.06 2.69 2.33 2.00 1.72 1.56
  2   4.29 5.08 5.40 5.12 4.50 3.84 3.32 2.86 2.45 2.08 1.78 1.53 2.56 4.04 4.69 4.87 4.44 3.88 3.36 2.94 2.54 2.18 1.87 1.60
  3   3.22 4.58 5.22 5.40 4.95 4.30 3.66 3.17 2.71 2.32 1.97 1.68 1.44 3.36 4.44 4.96 4.94 4.38 3.80 3.28 2.84 2.44 2.08 1.78
  4   1.51 3.68 4.74 5.27 5.30 4.74 4.10 3.53 3.06 2.63 2.26 1.94 1.67 1.46 3.51 4.44 4.88 4.87 4.28 3.70 3.24 2.81 2.43 2.08
  5   1.77 1.70 3.87 4.69 5.12 5.03 4.44 3.85 3.38 2.95 2.56 2.20 1.91 1.66 1.68 3.54 4.26 4.64 4.55 3.99 3.48 3.08 2.68 2.34
  6   2.02 1.78 2.48 3.70 4.37 4.72 4.58 4.02 3.53 3.14 2.78 2.42 2.10 1.84 1.63 2.56 3.59 4.18 4.48 4.28 3.76 3.32 2.93 2.58
  7   2.25 1.97 1.78 2.70 3.52 4.09 4.38 4.21 3.71 3.32 2.94 2.59 2.28 2.00 1.78 1.68 2.82 3.52 4.02 4.26 4.04 3.58 3.18 2.86
  8   2.50 2.21 1.99 1.90 2.82 3.48 3.94 4.16 3.92 3.52 3.16 2.84 2.51 2.22 1.98 1.78 2.02 2.90 3.48 3.94 4.16 3.98 3.57 3.22
  9   2.88 2.58 2.32 2.11 2.04 2.73 3.30 3.72 3.97 3.82 3.46 3.12 2.82 2.52 2.24 2.00 1.83 2.13 2.84 3.38 3.84 4.10 4.04 3.66
 10   3.30 2.99 2.70 2.44 2.22 2.09 2.50 3.07 3.49 3.78 3.80 3.51 3.20 2.92 2.62 2.35 2.10 1.93 1.94 2.64 3.22 3.72 4.09 4.20
 11   3.86 3.50 3.18 2.89 2.60 2.33 2.12 2.08 2.72 3.24 3.64 3.84 3.66 3.36 3.05 2.74 2.46 2.20 1.98 1.86 2.50 3.24 3.84 4.23
 12   4.32 3.94 3.57 3.21 2.90 2.60 2.34 2.12 2.00 2.68 3.27 3.70 3.94 3.82 3.48 3.11 2.81 2.51 2.22 1.98 1.80 2.38 3.33 4.02
 13   4.44 4.46 4.02 3.58 3.22 2.88 2.56 2.28 2.04 1.92 2.77 3.41 3.84 4.08 3.88 3.48 3.12 2.80 2.48 2.20 1.94 1.76 2.66 3.71
 14   4.38 4.66 4.52 4.00 3.54 3.16 2.80 2.48 2.18 1.94 1.92 3.04 3.66 4.06 4.20 3.82 3.42 3.06 2.72 2.42 2.12 1.88 1.72 3.21
 15   4.24 4.74 4.84 4.42 3.90 3.42 3.04 2.68 2.34 2.04 1.82 2.16 3.33 3.94 4.30 4.26 3.78 3.36 2.98 2.64 2.32 2.01 1.77 2.34
 16   4.00 4.72 4.98 4.78 4.20 3.66 3.22 2.84 2.48 2.16 1.90 1.75 3.06 3.86 4.34 4.49 4.10 3.62 3.20 2.86 2.52 2.20 1.94 1.74
 17   3.52 4.40 4.90 5.00 4.54 3.98 3.48 3.07 2.68 2.34 2.04 1.80 2.22 3.58 4.20 4.56 4.39 3.87 3.41 3.04 2.68 2.35 2.04 1.80
 18   2.45 3.96 4.68 5.00 4.82 4.23 3.68 3.26 2.86 2.48 2.16 1.90 1.72 3.18 4.02 4.50 4.60 4.15 3.66 3.24 2.88 2.52 2.22 1.96
 19   1.82 3.63 4.44 4.90 4.94 4.43 3.90 3.43 3.03 2.67 2.34 2.07 1.84 2.50 3.70 4.34 4.62 4.41 3.88 3.43 3.06 2.70 2.38 2.10
 20   1.86 2.85 3.92 4.57 4.84 4.62 4.07 3.59 3.20 2.83 2.48 2.18 1.92 1.74 3.11 3.90 4.36 4.47 4.02 3.58 3.16 2.81 2.48 2.19
 21   1.92 2.00 3.30 4.01 4.47 4.54 4.10 3.63 3.23 2.88 2.53 2.22 1.96 1.75 2.52 3.50 4.10 4.40 4.21 3.72 3.32 2.96 2.63 2.33
 22   2.04 1.86 2.73 3.56 4.12 4.41 4.27 3.79 3.36 3.02 2.68 2.37 2.11 1.88 1.88 3.04 3.69 4.14 4.26 3.88 3.48 3.10 2.78 2.48
 23   2.20 1.98 2.22 3.12 3.68 4.08 4.18 3.80 3.43 3.08 2.78 2.46 2.19 1.96 1.76 2.40 3.20 3.72 4.06 4.08 3.70 3.34 3.00 2.70
 24   2.40 2.16 2.00 2.52 3.20 3.66 3.98 3.98 3.60 3.26 2.94 2.64 2.34 2.09 1.88 1.90 2.74 3.30 3.72 3.98 3.96 3.60 3.26 2.96
 25   2.66 2.40 2.18 2.08 2.58 3.10 3.52 3.80 3.80 3.50 3.20 2.91 2.60 2.34 2.08 1.88 1.91 2.60 3.13 3.56 3.88 3.96 3.68 3.40
 26   3.12 2.85 2.60 2.36 2.16 2.08 2.58 3.08 3.48 3.72 3.68 3.36 3.06 2.78 2.48 2.21 1.98 1.81 2.00 2.70 3.24 3.70 4.02 4.10
 27   3.79 3.45 3.15 2.85 2.56 2.30 2.08 1.96 2.58 3.16 3.58 3.82 3.72 3.38 3.06 2.76 2.46 2.16 1.92 1.72 2.10 3.01 3.72 4.20
 28   4.44 4.17 3.73 3.34 3.00 2.68 2.38 2.11 1.89 2.20 3.10 3.67 4.03 4.06 3.64 3.28 2.92 2.60 2.29 2.00 1.76 1.69 3.24 4.20
 29   4.76 4.86 4.46 3.92 3.42 3.03 2.66 2.32 2.02 1.79 2.09 3.46 4.10 4.46 4.39 3.88 3.42 3.02 2.66 2.30 1.99 1.72 1.54 3.90
 30   4.88 5.30 5.25 4.64 3.98 3.42 2.96 2.50 2.12 1.80 1.54 2.53 4.04 4.70 4.95 4.61 4.02 3.46 3.00 2.58 2.19 1.86 1.58 2.84
 31   4.66 5.42 5.64 5.26 4.53 3.82 3.25 2.70 2.26 1.86 1.54 1.27 3.60 4.68 5.20 5.20 4.67 3.96 3.36 2.82 2.32 1.92 1.58 1.30
 ----------------------------------------------------------------------------------------------------------------------------
                                                                                               
 ----------------------------------------------------------------------------------------------------------------------------
 ----------------------------------------------------------------------------------------------------------------------------
                                                          SURVEY OF INDIA
                                                    MARINE GEODESY WING (G&RB)
                                                     HOURLY HEIGHTS IN METRES
  NAME OF PORT:- GARDEN REACH                                                                       MONTH FEBRUARY  YEAR 2010
 ----------------------------------------------------------------------------------------------------------------------------
 DAYS 0000 0001 0002 0003 0004 0005 0006 0007 0008 0009 0010 0011 0012 0013 0014 0015 0016 0017 0018 0019 0020 0021 0022 0023
 ----------------------------------------------------------------------------------------------------------------------------
  1   3.94 5.02 5.64 5.67 5.09 4.30 3.61 3.02 2.50 2.05 1.67 1.36 1.11 4.14 5.00 5.44 5.28 4.56 3.81 3.22 2.66 2.18 1.77 1.46
  2   1.16 4.45 5.22 5.74 5.53 4.79 4.03 3.41 2.83 2.32 1.90 1.55 1.26 2.80 4.45 5.20 5.44 4.98 4.28 3.59 3.02 2.50 2.06 1.69
  3   1.37 2.00 4.47 5.16 5.45 5.07 4.36 3.69 3.12 2.60 2.18 1.80 1.49 1.23 3.56 4.53 5.07 5.14 4.59 3.91 3.32 2.82 2.36 1.97
  4   1.62 1.39 3.39 4.35 4.87 5.00 4.50 3.88 3.33 2.85 2.41 2.05 1.73 1.47 1.55 3.55 4.31 4.76 4.75 4.16 3.57 3.09 2.65 2.25
  5   1.90 1.65 2.16 3.46 4.11 4.54 4.54 4.00 3.48 3.04 2.63 2.24 1.91 1.65 1.46 2.64 3.56 4.12 4.40 4.21 3.68 3.21 2.79 2.41
  6   2.05 1.79 1.64 2.65 3.40 3.90 4.16 4.00 3.54 3.11 2.72 2.39 2.06 1.80 1.58 1.62 2.68 3.25 3.82 4.05 3.91 3.48 3.07 2.71
  7   2.34 2.05 1.84 1.87 2.63 3.19 3.57 3.76 3.59 3.27 2.93 2.59 2.28 2.01 1.77 1.61 2.00 2.69 3.20 3.59 3.81 3.74 3.42 3.10
  8   2.75 2.45 2.19 2.01 1.93 2.27 2.74 3.09 3.35 3.41 3.21 2.96 2.68 2.40 2.13 1.91 1.75 1.84 2.38 2.84 3.26 3.60 3.79 3.68
  9   3.34 3.05 2.75 2.46 2.19 1.98 1.87 2.15 2.68 3.07 3.35 3.45 3.28 3.01 2.73 2.45 2.15 1.91 1.73 1.76 2.49 3.08 3.61 3.95
 10   4.00 3.66 3.32 2.97 2.64 2.33 2.04 1.82 1.73 2.46 3.04 3.48 3.72 3.64 3.30 2.97 2.64 2.32 2.01 1.77 1.60 2.21 3.16 3.80
 11   4.19 4.23 3.81 3.40 3.00 2.65 2.30 1.99 1.73 1.64 2.60 3.25 3.68 3.90 3.71 3.31 2.94 2.59 2.24 1.93 1.67 1.49 2.51 3.60
 12   4.24 4.49 4.29 3.79 3.32 2.91 2.53 2.16 1.84 1.60 1.69 2.97 3.63 4.04 4.13 3.71 3.29 2.88 2.51 2.14 1.82 1.57 1.49 3.25
 13   4.20 4.66 4.69 4.17 3.65 3.16 2.73 2.32 1.95 1.65 1.42 2.60 3.65 4.21 4.45 4.18 3.65 3.18 2.77 2.38 2.01 1.69 1.46 2.72
 14   4.10 4.75 4.95 4.63 4.04 3.45 3.00 2.56 2.16 1.81 1.55 1.74 3.54 4.24 4.61 4.56 4.00 3.47 3.02 2.60 2.21 1.87 1.57 1.40
 15   3.86 4.66 5.08 4.96 4.34 3.70 3.19 2.72 2.28 1.91 1.59 1.37 2.96 4.00 4.56 4.73 4.33 3.75 3.22 2.79 2.38 2.00 1.69 1.45
 16   3.21 4.33 4.91 5.04 4.58 3.97 3.40 2.92 2.47 2.07 1.75 1.48 2.00 3.87 4.56 4.91 4.68 4.05 3.47 3.01 2.56 2.17 1.83 1.57
 17   2.51 4.08 4.77 5.08 4.81 4.16 3.56 3.08 2.61 2.21 1.88 1.59 1.40 3.48 4.35 4.85 4.87 4.33 3.72 3.21 2.77 2.36 2.00 1.69
 18   1.46 3.36 4.28 4.80 4.90 4.38 3.78 3.25 2.80 2.39 2.01 1.69 1.44 2.16 3.69 4.40 4.73 4.51 3.91 3.35 2.90 2.49 2.10 1.80
 19   1.54 2.53 3.78 4.47 4.75 4.50 3.91 3.37 2.92 2.52 2.13 1.81 1.55 1.41 3.32 4.10 4.60 4.62 4.11 3.56 3.09 2.70 2.32 1.99
 20   1.70 1.77 3.27 3.98 4.41 4.48 4.00 3.49 3.04 2.66 2.29 1.96 1.69 1.49 2.57 3.57 4.16 4.45 4.28 3.74 3.27 2.88 2.50 2.17
 21   1.86 1.67 2.58 3.40 3.93 4.22 4.11 3.61 3.17 2.80 2.45 2.11 1.84 1.61 1.80 2.96 3.61 4.07 4.20 3.90 3.44 3.03 2.68 2.36
 22   2.04 1.83 1.95 2.82 3.38 3.78 3.95 3.71 3.31 2.95 2.61 2.32 2.00 1.75 1.57 2.18 2.96 3.49 3.85 3.96 3.66 3.29 2.91 2.62
 23   2.31 2.06 1.91 2.19 2.79 3.24 3.55 3.68 3.48 3.17 2.86 2.55 2.26 1.99 1.76 1.64 2.25 2.86 3.31 3.63 3.80 3.69 3.37 3.07
 24   2.78 2.51 2.27 2.07 1.95 2.15 2.69 3.11 3.42 3.60 3.47 3.18 2.89 2.62 2.34 2.07 1.86 1.74 2.26 2.87 3.37 3.75 4.01 3.99
 25   3.66 3.33 3.04 2.73 2.43 2.15 1.93 1.88 2.70 3.24 3.58 3.76 3.59 3.22 2.89 2.57 2.25 1.95 1.69 1.51 2.20 3.13 3.80 4.18
 26   4.32 3.95 3.52 3.09 2.75 2.39 2.07 1.79 1.57 2.24 3.29 3.88 4.18 4.10 3.60 3.17 2.79 2.42 2.07 1.77 1.51 1.92 3.60 4.43
 27   4.87 4.81 4.27 3.69 3.20 2.76 2.33 1.96 1.64 1.39 2.81 3.97 4.60 4.79 4.43 3.86 3.32 2.88 2.45 2.07 1.74 1.47 2.70 4.36
 28   5.15 5.39 5.07 4.39 3.72 3.17 2.66 2.23 1.84 1.53 1.25 3.71 4.75 5.23 5.26 4.65 3.96 3.35 2.81 2.34 1.93 1.60 1.31 3.85
 ----------------------------------------------------------------------------------------------------------------------------
                                                                                               
 ----------------------------------------------------------------------------------------------------------------------------
 ----------------------------------------------------------------------------------------------------------------------------
                                                          SURVEY OF INDIA
                                                    MARINE GEODESY WING (G&RB)
                                                     HOURLY HEIGHTS IN METRES
  NAME OF PORT:- GARDEN REACH                                                                       MONTH MARCH     YEAR 2010
 ----------------------------------------------------------------------------------------------------------------------------
 DAYS 0000 0001 0002 0003 0004 0005 0006 0007 0008 0009 0010 0011 0012 0013 0014 0015 0016 0017 0018 0019 0020 0021 0022 0023
 ----------------------------------------------------------------------------------------------------------------------------
  1   4.96 5.61 5.65 5.02 4.25 3.56 2.96 2.45 2.00 1.64 1.32 1.06 4.44 5.27 5.64 5.36 4.59 3.83 3.20 2.63 2.14 1.74 1.42 1.12
  2   4.45 5.38 5.80 5.54 4.78 3.98 3.34 2.74 2.24 1.83 1.48 1.16 3.68 4.88 5.56 5.72 5.18 4.40 3.66 3.08 2.51 2.04 1.65 1.33
  3   3.29 4.85 5.84 5.74 5.28 4.47 3.72 3.12 2.56 2.09 1.72 1.39 1.09 4.28 5.13 5.67 5.56 4.80 4.02 3.40 2.81 2.32 1.89 1.54
  4   1.23 3.96 4.84 5.42 5.44 4.78 4.05 3.42 2.87 2.38 1.97 1.62 1.32 3.04 4.55 5.21 5.34 5.04 4.32 3.66 3.12 2.60 2.18 1.80
  5   1.54 2.31 4.07 4.72 5.07 4.85 4.24 3.60 3.07 2.59 2.16 1.78 1.48 1.26 3.54 4.44 4.93 5.02 4.52 3.87 3.30 2.84 2.40 2.04
  6   1.72 1.53 3.40 4.18 4.60 4.72 4.26 3.70 3.16 2.73 2.31 1.95 1.64 1.40 2.34 3.48 4.13 4.50 4.46 3.92 3.36 2.90 2.50 2.14
  7   1.82 1.61 2.32 3.30 3.88 4.20 4.18 3.70 3.20 2.80 2.40 2.06 1.76 1.52 1.66 2.86 3.55 4.04 4.27 4.10 3.60 3.14 2.76 2.41
  8   2.08 1.84 1.78 2.68 3.29 3.67 3.87 3.67 3.29 2.91 2.55 2.22 1.93 1.70 1.60 2.27 2.87 3.34 3.67 3.83 3.71 3.36 3.00 2.68
  9   2.34 2.09 1.92 2.00 2.50 2.91 3.19 3.35 3.28 3.04 2.80 2.51 2.24 2.00 1.84 1.81 2.10 2.50 2.86 3.20 3.48 3.60 3.52 3.28
 10   2.95 2.68 2.41 2.17 1.97 1.85 1.96 2.43 2.80 3.12 3.27 3.18 2.96 2.70 2.44 2.17 1.92 1.72 1.64 2.08 2.72 3.25 3.68 3.85
 11   3.68 3.30 2.96 2.64 2.32 2.04 1.80 1.63 1.96 2.66 3.16 3.51 3.64 3.40 3.04 2.71 2.40 2.07 1.78 1.56 1.66 2.69 3.46 3.95
 12   4.18 3.98 3.50 3.08 2.72 2.36 2.02 1.76 1.56 2.00 2.88 3.48 3.84 3.89 3.52 3.10 2.72 2.36 2.02 1.73 1.49 1.71 3.10 3.85
 13   4.36 4.41 4.00 3.50 3.02 2.64 2.26 1.92 1.62 1.40 2.47 3.48 4.01 4.27 4.08 3.56 3.08 2.69 2.30 1.96 1.67 1.46 2.74 3.90
 14   4.58 4.80 4.52 3.93 3.38 2.92 2.50 2.11 1.78 1.50 1.80 3.52 4.26 4.64 4.60 4.04 3.49 3.00 2.60 2.20 1.86 1.58 1.50 3.60
 15   4.45 4.93 4.83 4.22 3.62 3.14 2.68 2.25 1.89 1.58 1.35 3.25 4.25 4.90 4.92 4.52 3.92 3.34 2.86 2.44 2.03 1.70 1.45 3.16
 16   4.40 4.98 5.11 4.70 4.04 3.42 2.92 2.45 2.04 1.68 1.38 2.60 4.16 4.84 5.12 4.86 4.20 3.56 3.04 2.56 2.14 1.76 1.47 1.24
 17   3.96 4.94 5.11 4.84 4.24 3.58 3.05 2.56 2.14 1.78 1.46 1.19 3.52 4.50 5.01 5.04 4.46 3.80 3.20 2.72 2.28 1.90 1.58 1.32
 18   3.32 4.36 4.67 4.74 4.39 3.72 3.16 2.68 2.24 1.87 1.54 1.23 3.00 4.28 4.92 5.15 4.76 4.07 3.40 2.84 2.41 2.00 1.66 1.38
 19   2.49 4.07 4.77 5.01 4.69 4.00 3.39 2.87 2.41 2.01 1.68 1.38 1.15 3.81 4.61 5.05 5.00 4.36 3.66 3.13 2.66 2.24 1.88 1.87
 20   1.31 3.40 4.21 4.73 4.77 4.21 3.59 3.06 2.61 2.21 1.86 1.57 1.80 2.93 4.00 4.67 4.89 4.57 3.92 3.34 2.86 2.45 2.07 1.76
 21   1.50 2.56 3.65 4.29 4.61 4.42 3.82 3.28 2.83 2.43 2.06 1.75 1.49 1.52 3.41 4.17 4.67 4.73 4.26 3.68 3.17 2.77 2.37 2.05
 22   1.76 1.67 3.21 3.92 4.34 4.46 4.03 3.50 3.05 2.66 2.31 1.99 1.71 1.51 2.79 3.67 4.21 4.50 4.41 3.90 3.41 2.97 2.61 2.29
 23   2.03 1.85 2.66 3.42 3.89 4.16 4.16 3.73 3.26 2.88 2.53 2.20 1.91 1.67 1.93 3.01 3.59 4.03 4.26 4.17 3.73 3.30 2.93 2.61
 24   2.34 2.13 2.15 2.89 3.37 3.73 3.95 3.91 3.60 3.24 2.93 2.62 2.33 2.09 1.93 2.08 2.85 3.36 3.76 4.03 4.11 3.85 3.47 3.15
 25   2.84 2.58 2.35 2.17 2.15 2.67 3.12 3.49 3.72 3.79 3.55 3.23 2.93 2.65 2.39 2.15 1.95 2.15 2.88 3.48 3.87 4.13 4.23 3.95
 26   3.56 3.23 2.94 2.65 2.37 2.13 1.96 2.38 3.13 3.65 4.00 4.11 3.83 3.43 3.06 2.75 2.43 2.12 1.88 2.13 3.36 4.03 4.41 4.49
 27   4.20 3.71 3.27 2.93 2.61 2.27 2.00 1.77 1.90 3.21 3.93 4.45 4.60 4.37 3.83 3.40 3.00 2.61 2.23 1.93 1.67 3.38 4.48 5.05
 28   5.16 4.77 4.15 3.61 3.15 2.72 2.31 1.97 1.68 1.70 4.19 5.09 5.55 5.41 4.77 4.09 3.49 2.97 2.53 2.14 1.80 1.53 4.29 5.21
 29   5.80 5.69 5.05 4.31 3.67 3.13 2.64 2.21 1.85 1.55 3.25 4.79 5.49 5.79 5.41 4.67 3.93 3.36 2.82 2.36 1.97 1.65 2.81 4.82
 30   5.65 5.93 5.63 4.90 4.13 3.53 2.96 2.50 2.08 1.75 1.45 4.37 5.45 6.05 5.97 5.33 4.47 3.77 3.17 2.67 2.24 1.87 1.54 4.27
 31   5.41 6.08 6.13 5.49 4.66 3.92 3.32 2.78 2.33 1.95 1.61 3.08 5.05 5.85 6.23 5.85 5.09 4.26 3.64 3.06 2.59 2.16 1.81 1.52
 ----------------------------------------------------------------------------------------------------------------------------
                                                                                               
 ----------------------------------------------------------------------------------------------------------------------------
 ----------------------------------------------------------------------------------------------------------------------------
                                                          SURVEY OF INDIA
                                                    MARINE GEODESY WING (G&RB)
                                                     HOURLY HEIGHTS IN METRES
  NAME OF PORT:- GARDEN REACH                                                                       MONTH APRIL     YEAR 2010
 ----------------------------------------------------------------------------------------------------------------------------
 DAYS 0000 0001 0002 0003 0004 0005 0006 0007 0008 0009 0010 0011 0012 0013 0014 0015 0016 0017 0018 0019 0020 0021 0022 0023
 ----------------------------------------------------------------------------------------------------------------------------
  1   4.72 5.53 5.94 5.69 4.97 4.17 3.55 3.01 2.53 2.12 1.77 1.47 4.01 5.17 5.87 5.93 5.39 4.48 3.78 3.20 2.70 2.25 1.89 2.57
  2   3.80 4.99 5.63 5.78 5.18 4.44 3.77 3.20 2.70 2.28 1.92 1.61 2.80 4.68 5.48 5.87 5.57 4.83 4.08 3.52 2.99 2.57 2.13 1.83
  3   1.54 4.21 4.93 5.37 5.29 4.65 3.96 3.41 2.93 2.51 2.13 1.79 1.53 3.69 4.67 5.25 5.45 5.00 4.32 3.69 3.21 2.77 2.39 2.05
  4   1.77 3.01 4.08 4.69 5.00 4.77 4.17 3.60 3.16 2.74 2.37 2.04 1.76 2.33 3.77 4.45 4.91 4.97 4.46 3.89 3.37 2.94 2.55 2.21
  5   1.93 1.79 3.21 3.93 4.37 4.54 4.21 3.69 3.23 2.84 2.46 2.14 1.87 1.68 2.68 3.54 4.08 4.43 4.44 3.98 3.48 3.04 2.65 2.32
  6   2.07 1.86 2.33 3.20 3.74 4.08 4.12 3.77 3.36 2.94 2.60 2.28 2.00 1.80 2.08 2.91 3.45 3.87 4.08 4.04 3.67 3.28 2.92 2.60
  7   2.35 2.14 2.08 2.60 3.12 3.48 3.68 3.68 3.40 3.10 2.80 2.54 2.29 2.08 1.99 2.28 2.74 3.17 3.52 3.77 3.89 3.69 3.36 3.04
  8   2.78 2.53 2.31 2.14 2.14 2.51 2.88 3.19 3.44 3.56 3.46 3.21 2.92 2.68 2.43 2.20 2.04 2.17 2.74 3.23 3.67 3.96 4.05 3.84
  9   3.48 3.16 2.88 2.61 2.35 2.17 2.09 2.48 3.04 3.45 3.76 3.88 3.73 3.38 3.02 2.71 2.40 2.11 1.90 1.97 2.87 3.51 3.98 4.22
 10   4.12 3.72 3.32 2.94 2.62 2.30 2.02 1.84 2.44 3.24 3.80 4.16 4.27 4.00 3.54 3.13 2.77 2.41 2.10 1.86 2.04 3.33 4.10 4.58
 11   4.71 4.44 3.91 3.41 3.01 2.60 2.22 1.91 1.70 2.88 3.84 4.40 4.63 4.49 3.97 3.46 3.04 2.64 2.27 1.95 1.70 2.57 3.89 4.61
 12   4.92 4.75 4.20 3.64 3.17 2.76 2.36 2.00 1.69 1.60 3.74 4.56 5.00 5.00 4.51 3.90 3.37 2.92 2.49 2.10 1.80 1.57 3.62 4.52
 13   5.04 5.06 4.58 3.96 3.44 2.96 2.53 2.14 1.81 1.54 3.47 4.55 5.14 5.31 4.96 4.32 3.69 3.20 2.72 2.30 1.95 1.65 2.96 4.34
 14   5.12 5.38 5.08 4.40 3.76 3.25 2.77 2.36 1.99 1.66 2.56 4.36 5.11 5.50 5.32 4.68 4.00 3.44 2.95 2.51 2.13 1.79 1.51 3.83
 15   4.86 5.30 5.26 4.66 4.00 3.43 2.94 2.50 2.11 1.75 1.48 3.56 4.71 5.35 5.56 5.09 4.40 3.74 3.24 2.75 2.34 1.97 1.66 2.54
 16   4.32 4.99 5.30 5.04 4.35 3.70 3.20 2.72 2.32 1.96 1.64 1.40 4.25 5.08 5.57 5.45 4.80 4.10 3.53 3.04 2.60 2.23 1.89 1.63
 17   3.75 4.64 5.12 5.21 4.68 4.04 3.49 3.02 2.59 2.23 1.89 1.62 3.84 4.87 5.52 5.69 5.36 4.67 4.00 3.49 3.00 2.60 2.26 1.95
 18   3.50 4.64 5.32 5.56 5.23 4.56 3.92 3.42 2.96 2.54 2.16 1.86 2.36 4.43 5.22 5.67 5.52 4.92 4.24 3.66 3.18 2.75 2.38 2.08
 19   1.88 3.95 4.75 5.24 5.31 4.80 4.18 3.64 3.19 2.76 2.39 2.03 1.79 3.96 4.87 5.43 5.59 5.24 4.60 4.00 3.53 3.10 2.71 2.40
 20   2.16 3.23 4.12 4.67 4.95 4.80 4.24 3.75 3.32 2.89 2.51 2.19 1.90 1.77 3.74 4.46 4.99 5.12 4.82 4.26 3.72 3.30 2.91 2.58
 21   2.30 2.19 3.14 3.93 4.40 4.65 4.60 4.15 3.72 3.32 2.93 2.58 2.27 2.03 2.17 3.41 4.12 4.64 4.85 4.70 4.22 3.75 3.36 3.00
 22   2.68 2.43 2.29 2.58 3.44 3.91 4.25 4.36 4.08 3.69 3.32 2.99 2.67 2.39 2.15 2.12 3.04 3.82 4.34 4.60 4.56 4.19 3.76 3.38
 23   3.05 2.76 2.50 2.28 2.27 3.01 3.60 4.03 4.29 4.33 4.04 3.64 3.29 2.97 2.64 2.36 2.14 2.34 3.39 4.04 4.51 4.69 4.51 4.05
 24   3.60 3.26 2.92 2.60 2.33 2.14 2.22 3.24 3.87 4.32 4.54 4.44 3.99 3.58 3.24 2.87 2.53 2.22 1.99 2.79 3.91 4.60 4.92 4.86
 25   4.35 3.87 3.48 3.08 2.71 2.36 2.07 1.92 3.36 4.23 4.84 5.04 4.85 4.31 3.76 3.32 2.90 2.49 2.13 1.86 2.59 4.10 4.88 5.24
 26   5.12 4.59 4.03 3.52 3.07 2.64 2.27 1.95 1.68 3.54 4.71 5.35 5.48 5.14 4.47 3.87 3.35 2.88 2.47 2.11 1.83 3.26 4.61 5.27
 27   5.43 5.02 4.34 3.72 3.23 2.75 2.35 2.01 1.68 1.43 4.35 5.25 5.81 5.80 5.15 4.38 3.74 3.19 2.71 2.28 1.94 1.61 3.76 4.84
 28   5.44 5.48 4.94 4.23 3.63 3.11 2.64 2.25 1.91 1.61 2.95 4.56 5.41 5.74 5.50 4.82 4.10 3.50 2.98 2.52 2.12 1.80 2.28 4.04
 29   4.90 5.32 5.17 4.59 3.92 3.36 2.86 2.42 2.05 1.73 2.12 3.45 4.77 5.57 5.66 5.20 4.48 3.82 3.26 2.77 2.34 1.96 1.66 2.95
 30   4.28 4.96 5.20 4.86 4.24 3.59 3.09 2.61 2.20 1.85 1.55 2.63 3.95 4.98 5.74 5.60 4.91 4.14 3.53 3.01 2.56 2.16 1.80 1.52
 ----------------------------------------------------------------------------------------------------------------------------
                                                                                               
 ----------------------------------------------------------------------------------------------------------------------------
 ----------------------------------------------------------------------------------------------------------------------------
                                                          SURVEY OF INDIA
                                                    MARINE GEODESY WING (G&RB)
                                                     HOURLY HEIGHTS IN METRES
  NAME OF PORT:- GARDEN REACH                                                                       MONTH MAY       YEAR 2010
 ----------------------------------------------------------------------------------------------------------------------------
 DAYS 0000 0001 0002 0003 0004 0005 0006 0007 0008 0009 0010 0011 0012 0013 0014 0015 0016 0017 0018 0019 0020 0021 0022 0023
 ----------------------------------------------------------------------------------------------------------------------------
  1   3.62 4.60 5.08 5.12 4.60 3.94 3.35 2.86 2.42 2.02 1.70 1.42 3.20 4.50 5.25 5.52 5.16 4.48 3.79 3.25 2.79 2.38 2.00 1.70
  2   2.16 3.88 4.58 4.98 4.90 4.26 3.68 3.15 2.72 2.32 1.96 1.65 1.44 3.60 4.48 5.02 5.12 4.68 4.00 3.43 3.02 2.60 2.20 1.88
  3   1.65 2.68 3.60 4.12 4.43 4.26 3.72 3.21 2.80 2.41 2.08 1.78 1.56 2.72 3.76 4.40 4.79 4.79 4.26 3.70 3.20 2.80 2.42 2.10
  4   1.80 1.88 3.07 3.60 4.08 4.28 4.02 3.50 3.06 2.68 2.30 1.98 1.73 2.08 3.40 4.04 4.52 4.64 4.29 3.80 3.32 2.92 2.56 2.27
  5   2.01 1.92 2.76 3.45 3.89 4.16 4.09 3.66 3.24 2.88 2.53 2.24 2.00 1.86 2.66 3.42 3.98 4.36 4.48 4.17 3.74 3.28 2.92 2.60
  6   2.26 2.01 1.82 2.40 3.12 3.76 4.00 4.09 3.73 3.32 2.93 2.60 2.28 2.05 2.08 2.80 3.35 3.78 4.10 4.25 4.02 3.65 3.25 2.91
  7   2.52 2.26 2.06 2.05 2.70 3.26 3.64 3.88 3.89 3.60 3.28 3.00 2.72 2.48 2.28 2.20 2.52 3.14 3.60 4.00 4.20 4.20 3.83 3.44
  8   3.07 2.72 2.38 2.14 2.09 2.48 3.12 3.49 3.78 3.96 3.86 3.59 3.34 3.09 2.81 2.55 2.33 2.16 2.40 3.11 3.68 4.11 4.28 4.08
  9   3.63 3.25 2.92 2.61 2.36 2.16 2.15 2.94 3.56 3.99 4.29 4.36 4.04 3.66 3.30 2.97 2.64 2.33 2.11 2.32 3.29 3.94 4.36 4.45
 10   4.12 3.72 3.34 3.03 2.69 2.36 2.12 2.00 2.97 3.80 4.36 4.64 4.59 4.12 3.68 3.29 2.92 2.56 2.23 1.99 2.46 3.61 4.21 4.60
 11   4.61 4.17 3.70 3.30 2.93 2.56 2.21 1.95 2.00 3.47 4.21 4.70 4.88 4.64 4.10 3.62 3.22 2.84 2.52 2.16 1.93 2.98 4.01 4.60
 12   4.85 4.65 4.13 3.65 3.25 2.84 2.44 2.09 1.81 2.84 4.20 5.04 5.39 5.28 4.69 4.08 3.56 3.10 2.65 2.28 1.93 1.73 3.76 4.60
 13   5.04 5.05 4.56 3.96 3.48 3.03 2.60 2.23 1.92 1.65 3.68 4.74 5.34 5.48 5.12 4.48 3.88 3.37 2.89 2.48 2.12 1.84 2.60 4.16
 14   4.93 5.24 5.08 4.46 3.88 3.38 2.92 2.50 2.14 1.84 1.83 4.28 5.16 5.65 5.54 4.99 4.34 3.76 3.28 2.80 2.44 2.10 1.80 3.60
 15   4.68 5.14 5.08 4.47 3.85 3.35 2.90 2.50 2.14 1.81 1.56 3.28 4.64 5.40 5.69 5.29 4.60 3.92 3.40 2.92 2.52 2.17 1.96 1.67
 16   4.21 4.92 5.25 5.09 4.49 3.86 3.40 2.92 2.48 2.11 1.80 1.54 3.92 4.92 5.52 5.60 5.08 4.40 3.79 3.29 2.84 2.44 2.09 1.80
 17   3.30 4.32 4.86 5.10 4.80 4.20 3.60 3.19 2.74 2.36 2.00 1.74 2.20 4.10 4.90 5.36 5.32 4.73 4.12 3.57 3.12 2.70 2.34 2.04
 18   1.77 3.16 4.07 4.59 4.84 4.56 3.99 3.45 3.04 2.64 2.30 2.00 1.76 2.83 4.00 4.74 5.10 4.99 4.44 3.85 3.36 2.93 2.55 2.23
 19   1.96 1.79 3.29 4.05 4.50 4.68 4.28 3.74 3.29 2.89 2.54 2.22 1.98 1.84 3.40 4.26 4.86 5.09 4.87 4.28 3.74 3.30 2.88 2.52
 20   2.20 1.96 2.32 3.64 4.30 4.72 4.79 4.36 3.84 3.39 3.00 2.65 2.34 2.08 2.48 3.76 4.44 4.92 5.05 4.70 4.19 3.72 3.30 2.92
 21   2.56 2.28 2.07 2.48 3.52 4.08 4.50 4.60 4.21 3.74 3.33 2.99 2.65 2.34 2.12 2.20 3.32 4.04 4.54 4.72 4.44 3.92 3.48 3.11
 22   2.69 2.40 2.15 1.96 2.44 3.32 3.96 4.35 4.56 4.40 3.91 3.48 3.12 2.76 2.45 2.20 2.05 2.96 3.82 4.38 4.72 4.65 4.13 3.66
 23   3.25 2.89 2.56 2.27 2.05 1.93 2.84 3.73 4.32 4.68 4.65 4.17 3.68 3.28 2.95 2.60 2.32 2.10 2.52 3.60 4.27 4.69 4.79 4.40
 24   3.85 3.41 3.05 2.68 2.37 2.09 1.89 2.69 3.82 4.61 5.01 5.01 4.49 3.94 3.47 3.08 2.73 2.36 2.13 2.16 3.48 4.25 4.77 4.89
 25   4.49 3.97 3.51 3.13 2.75 2.41 2.13 1.91 3.19 4.28 5.09 5.41 5.25 4.66 4.07 3.59 3.17 2.77 2.43 2.17 2.49 4.01 4.81 5.23
 26   5.23 4.70 4.11 3.62 3.19 2.75 2.41 2.09 1.89 3.59 4.73 5.45 5.61 5.41 4.75 4.10 3.59 3.10 2.68 2.31 2.02 2.49 4.25 4.97
 27   5.23 4.97 4.35 3.79 3.35 2.93 2.55 2.21 1.89 2.17 4.17 5.18 5.70 5.72 5.16 4.47 3.87 3.33 2.88 2.48 2.14 1.89 3.17 4.48
 28   5.29 5.48 5.13 4.49 3.89 3.41 2.97 2.57 2.20 1.85 3.05 4.57 5.41 5.81 5.61 4.96 4.29 3.73 3.22 2.77 2.39 2.08 1.81 3.57
 29   4.77 5.30 5.36 4.82 4.19 3.62 3.16 2.71 2.33 2.02 1.77 3.66 4.86 5.55 5.77 5.41 4.71 4.05 3.49 3.04 2.63 2.30 2.00 1.89
 30   4.12 4.88 5.29 5.17 4.57 3.94 3.44 2.98 2.58 2.25 1.96 1.78 4.17 5.17 5.71 5.73 5.17 4.47 3.87 3.37 2.93 2.55 2.23 1.97
 31   3.29 4.37 4.95 5.21 5.01 4.41 3.87 3.41 2.99 2.60 2.28 2.03 3.41 4.61 5.36 5.65 5.49 4.86 4.23 3.73 3.27 2.83 2.48 2.20
 ----------------------------------------------------------------------------------------------------------------------------
                                                                                               
 ----------------------------------------------------------------------------------------------------------------------------
 ----------------------------------------------------------------------------------------------------------------------------
                                                          SURVEY OF INDIA
                                                    MARINE GEODESY WING (G&RB)
                                                     HOURLY HEIGHTS IN METRES
  NAME OF PORT:- GARDEN REACH                                                                       MONTH JUNE      YEAR 2010
 ----------------------------------------------------------------------------------------------------------------------------
 DAYS 0000 0001 0002 0003 0004 0005 0006 0007 0008 0009 0010 0011 0012 0013 0014 0015 0016 0017 0018 0019 0020 0021 0022 0023
 ----------------------------------------------------------------------------------------------------------------------------
  1   2.21 3.84 4.53 4.97 5.01 4.53 4.00 3.53 3.11 2.75 2.43 2.15 2.09 3.93 4.81 5.33 5.48 5.11 4.50 3.96 3.51 3.09 2.72 2.41
  2   2.12 3.17 4.08 4.61 4.89 4.73 4.21 3.74 3.35 2.96 2.62 2.34 2.16 3.22 4.20 4.84 5.19 5.17 4.69 4.20 3.73 3.36 2.96 2.62
  3   2.35 2.32 3.58 4.24 4.67 4.83 4.52 4.05 3.61 3.25 2.89 2.59 2.34 2.35 3.54 4.27 4.75 4.98 4.86 4.41 3.96 3.57 3.20 2.86
  4   2.54 2.32 2.61 3.58 4.12 4.53 4.63 4.31 3.90 3.56 3.21 2.87 2.59 2.42 2.92 3.68 4.21 4.61 4.77 4.54 4.11 3.70 3.34 2.98
  5   2.65 2.38 2.18 3.02 3.71 4.15 4.43 4.47 4.13 3.78 3.45 3.14 2.86 2.64 2.60 3.13 3.73 4.25 4.59 4.72 4.45 4.04 3.65 3.33
  6   2.97 2.65 2.40 2.35 3.08 3.66 4.11 4.38 4.41 4.12 3.74 3.43 3.15 2.88 2.64 2.52 2.80 3.44 3.96 4.35 4.53 4.38 3.98 3.63
  7   3.30 2.93 2.63 2.38 2.28 2.81 3.55 4.05 4.38 4.49 4.23 3.89 3.57 3.28 2.98 2.71 2.50 2.45 3.15 3.77 4.25 4.50 4.47 4.05
  8   3.67 3.34 3.01 2.69 2.43 2.25 2.74 3.55 4.08 4.47 4.65 4.53 4.13 3.78 3.45 3.12 2.81 2.54 2.37 2.93 3.76 4.25 4.57 4.58
  9   4.14 3.71 3.37 3.02 2.68 2.37 2.14 2.37 3.65 4.29 4.71 4.89 4.69 4.25 3.81 3.45 3.08 2.73 2.44 2.26 3.00 3.87 4.40 4.66
 10   4.54 4.06 3.66 3.29 2.92 2.57 2.27 2.04 2.32 3.64 4.43 4.93 5.09 4.79 4.23 3.75 3.35 2.98 2.62 2.34 2.13 2.95 3.96 4.60
 11   4.90 4.72 4.20 3.73 3.35 2.97 2.58 2.27 2.03 2.65 4.25 5.04 5.50 5.44 4.84 4.21 3.72 3.29 2.84 2.49 2.20 2.01 3.65 4.61
 12   5.13 5.20 4.69 4.13 3.64 3.21 2.80 2.44 2.12 1.89 3.61 4.88 5.62 5.83 5.51 4.88 4.20 3.64 3.16 2.75 2.41 2.12 2.01 4.04
 13   4.96 5.39 5.28 4.69 4.08 3.58 3.12 2.71 2.36 2.08 1.88 4.37 5.36 5.90 5.91 5.34 4.62 3.99 3.47 3.01 2.61 2.28 1.99 2.96
 14   4.59 5.39 5.61 5.29 4.65 4.02 3.52 3.04 2.61 2.27 1.95 2.65 4.78 5.65 6.11 5.94 5.22 4.48 3.87 3.34 2.89 2.53 2.18 1.91
 15   3.72 4.88 5.48 5.62 5.16 4.49 3.89 3.37 2.90 2.51 2.16 1.85 3.61 4.92 5.64 5.88 5.53 4.86 4.20 3.65 3.15 2.73 2.37 2.06
 16   1.85 4.12 4.97 5.49 5.49 4.91 4.28 3.73 3.26 2.83 2.44 2.11 1.84 3.97 5.00 5.62 5.75 5.33 4.66 4.05 3.54 3.08 2.68 2.33
 17   2.01 2.17 4.03 4.77 5.18 5.15 4.60 4.01 3.53 3.09 2.68 2.31 2.01 1.80 3.93 4.90 5.43 5.41 4.92 4.29 3.73 3.26 2.83 2.48
 18   2.16 1.91 2.72 3.93 4.77 5.18 5.14 4.56 3.99 3.53 3.10 2.71 2.37 2.12 2.72 4.09 4.84 5.29 5.24 4.69 4.12 3.64 3.21 2.84
 19   2.49 2.21 2.01 2.98 4.05 4.69 5.00 4.93 4.37 3.87 3.44 3.05 2.71 2.41 2.18 2.75 3.86 4.52 4.93 5.04 4.64 4.17 3.71 3.30
 20   2.89 2.55 2.27 2.07 2.97 3.85 4.43 4.80 4.85 4.43 3.98 3.58 3.22 2.88 2.58 2.35 2.57 3.70 4.34 4.74 4.88 4.59 4.11 3.68
 21   3.29 2.91 2.59 2.32 2.15 2.89 3.69 4.23 4.61 4.71 4.39 3.93 3.54 3.19 2.85 2.53 2.28 2.16 3.16 3.85 4.33 4.55 4.40 3.97
 22   3.57 3.21 2.85 2.53 2.26 2.07 2.53 3.44 4.07 4.55 4.78 4.65 4.18 3.78 3.40 3.03 2.70 2.40 2.25 2.88 3.77 4.27 4.59 4.53
 23   4.05 3.62 3.27 2.89 2.50 2.18 1.95 2.24 3.40 4.13 4.67 4.96 4.80 4.28 3.84 3.46 3.07 2.70 2.39 2.17 2.47 3.54 4.20 4.64
 24   4.66 4.14 3.73 3.34 2.96 2.63 2.31 2.07 2.00 3.37 4.31 4.93 5.14 4.90 4.33 3.83 3.40 3.00 2.66 2.36 2.15 2.56 3.84 4.48
 25   4.85 4.72 4.21 3.76 3.37 2.96 2.62 2.32 2.08 2.33 4.03 4.93 5.45 5.44 4.89 4.28 3.74 3.29 2.86 2.52 2.25 2.15 3.37 4.33
 26   4.93 5.12 4.82 4.26 3.80 3.37 2.99 2.64 2.32 2.10 3.29 4.58 5.37 5.68 5.47 4.88 4.27 3.77 3.30 2.87 2.52 2.24 2.12 3.93
 27   4.66 5.16 5.25 4.83 4.31 3.82 3.39 3.00 2.63 2.35 2.12 3.93 5.08 5.69 5.88 5.52 4.83 4.20 3.69 3.22 2.82 2.47 2.20 3.13
 28   4.37 5.03 5.36 5.23 4.65 4.11 3.66 3.23 2.85 2.52 2.22 2.93 4.52 5.33 5.78 5.69 5.13 4.49 3.96 3.48 3.05 2.68 2.35 2.13
 29   3.88 4.76 5.26 5.40 5.02 4.44 3.92 3.44 3.03 2.65 2.32 2.05 3.70 4.76 5.43 5.71 5.42 4.77 4.20 3.76 3.33 2.90 2.52 2.24
 30   2.30 3.89 4.58 5.00 5.06 4.54 4.03 3.56 3.13 2.75 2.44 2.17 2.31 3.83 4.68 5.18 5.31 4.85 4.30 3.88 3.48 3.08 2.67 2.35
 ----------------------------------------------------------------------------------------------------------------------------
                                                                                               
 ----------------------------------------------------------------------------------------------------------------------------
 ----------------------------------------------------------------------------------------------------------------------------
                                                          SURVEY OF INDIA
                                                    MARINE GEODESY WING (G&RB)
                                                     HOURLY HEIGHTS IN METRES
  NAME OF PORT:- GARDEN REACH                                                                       MONTH JULY      YEAR 2010
 ----------------------------------------------------------------------------------------------------------------------------
 DAYS 0000 0001 0002 0003 0004 0005 0006 0007 0008 0009 0010 0011 0012 0013 0014 0015 0016 0017 0018 0019 0020 0021 0022 0023
 ----------------------------------------------------------------------------------------------------------------------------
  1   2.16 3.40 4.35 4.92 5.16 4.86 4.30 3.80 3.38 3.00 2.65 2.36 2.12 3.32 4.30 4.96 5.28 5.08 4.50 3.99 3.56 3.14 2.76 2.48
  2   2.26 2.84 4.00 4.68 5.06 5.06 4.52 4.00 3.58 3.16 2.80 2.52 2.30 2.96 4.08 4.80 5.23 5.30 4.82 4.28 3.82 3.40 3.02 2.69
  3   2.43 2.28 3.40 4.28 4.84 5.09 4.83 4.32 3.84 3.44 3.05 2.73 2.47 2.38 3.49 4.26 4.79 5.08 4.87 4.36 3.89 3.49 3.10 2.76
  4   2.49 2.28 2.88 3.84 4.47 4.87 4.87 4.39 3.96 3.56 3.19 2.84 2.56 2.36 2.61 3.54 4.22 4.64 4.81 4.54 4.07 3.67 3.29 2.92
  5   2.60 2.34 2.21 3.04 3.76 4.26 4.58 4.58 4.16 3.78 3.42 3.08 2.74 2.51 2.34 2.76 3.52 4.06 4.50 4.62 4.30 3.90 3.52 3.19
  6   2.80 2.52 2.31 2.28 3.12 3.72 4.18 4.46 4.44 4.09 3.75 3.44 3.16 2.88 2.66 2.52 2.80 3.46 4.00 4.42 4.60 4.40 4.00 3.66
  7   3.30 2.96 2.67 2.44 2.35 3.02 3.62 4.12 4.46 4.54 4.29 3.94 3.64 3.36 3.10 2.84 2.65 2.60 3.16 3.76 4.17 4.43 4.36 3.96
  8   3.60 3.28 2.95 2.65 2.40 2.25 2.62 3.38 3.93 4.38 4.65 4.65 4.26 3.90 3.58 3.27 2.94 2.68 2.45 2.62 3.48 4.05 4.45 4.56
  9   4.18 3.80 3.48 3.16 2.84 2.54 2.30 2.22 3.22 3.96 4.50 4.82 4.84 4.44 4.00 3.63 3.29 2.94 2.66 2.43 2.45 3.32 4.00 4.48
 10   4.65 4.28 3.94 3.56 3.20 2.81 2.46 2.18 1.96 2.98 4.12 4.80 5.14 5.12 4.60 4.08 3.63 3.23 2.82 2.50 2.20 2.00 3.56 4.40
 11   4.88 4.96 4.56 4.06 3.62 3.20 2.80 2.42 2.08 1.81 3.53 4.76 5.40 5.53 5.16 4.52 3.89 3.39 2.90 2.50 2.16 1.85 1.64 3.92
 12   4.76 5.15 4.99 4.40 3.81 3.35 2.90 2.46 2.12 1.81 1.56 4.00 5.13 5.76 5.80 5.24 4.51 3.85 3.29 2.80 2.38 2.04 1.74 1.68
 13   4.36 5.20 5.50 5.21 4.56 3.91 3.37 2.90 2.44 2.08 1.76 1.52 4.68 5.58 6.05 5.84 5.12 4.36 3.74 3.14 2.66 2.26 1.91 1.62
 14   3.52 4.93 5.60 5.78 5.28 4.56 3.88 3.32 2.78 2.36 2.00 1.68 3.38 5.12 5.92 6.13 5.70 4.92 4.16 3.56 3.00 2.55 2.16 1.84
 15   1.57 4.32 5.32 5.82 5.78 5.10 4.36 3.74 3.16 2.68 2.28 1.93 1.66 4.29 5.48 6.10 6.10 5.46 4.67 4.00 3.40 2.90 2.48 2.13
 16   1.83 2.68 4.64 5.44 5.84 5.60 4.88 4.18 3.60 3.07 2.64 2.26 1.96 1.88 4.56 5.47 5.82 5.78 5.12 4.41 3.82 3.30 2.84 2.46
 17   2.13 1.88 3.50 4.76 5.40 5.66 5.28 4.60 3.98 3.46 3.00 2.60 2.28 2.02 3.07 4.51 5.20 5.58 5.40 4.78 4.16 3.64 3.16 2.74
 18   2.38 2.10 1.92 3.72 4.67 5.24 5.40 5.01 4.40 3.88 3.40 2.96 2.60 2.31 2.12 3.40 4.34 4.92 5.20 4.96 4.44 3.94 3.46 3.01
 19   2.62 2.32 2.08 2.44 3.76 4.46 4.93 5.06 4.70 4.23 3.75 3.32 2.93 2.62 2.36 2.32 3.36 4.10 4.62 4.86 4.67 4.23 3.78 3.35
 20   2.92 2.59 2.32 2.12 2.60 3.52 4.12 4.60 4.79 4.59 4.16 3.76 3.34 3.00 2.68 2.46 2.44 3.18 3.82 4.28 4.56 4.52 4.13 3.76
 21   3.37 3.00 2.68 2.42 2.23 2.52 3.32 3.90 4.38 4.65 4.65 4.30 3.92 3.58 3.20 2.89 2.64 2.47 2.86 3.36 3.93 4.35 4.54 4.38
 22   3.95 3.58 3.24 2.86 2.56 2.34 2.28 3.05 3.85 4.45 4.84 4.92 4.60 4.16 3.76 3.36 3.00 2.68 2.44 2.38 3.20 3.94 4.45 4.70
 23   4.54 4.14 3.76 3.38 3.00 2.67 2.40 2.24 2.76 3.92 4.84 5.32 5.26 4.74 4.21 3.72 3.26 2.84 2.50 2.22 2.09 3.34 4.18 4.70
 24   4.91 4.68 4.26 3.73 3.32 2.89 2.53 2.22 1.96 2.76 4.18 5.12 5.47 5.36 4.80 4.20 3.67 3.19 2.78 2.42 2.14 2.10 3.82 4.71
 25   5.22 5.21 4.74 4.18 3.66 3.20 2.80 2.46 2.20 2.16 4.00 5.10 5.75 5.94 5.58 4.89 4.20 3.64 3.15 2.74 2.40 2.13 3.04 4.49
 26   5.32 5.60 5.36 4.74 4.13 3.61 3.12 2.72 2.36 2.08 2.52 4.68 5.64 6.09 5.96 5.28 4.52 3.94 3.40 2.94 2.54 2.21 1.94 4.00
 27   5.08 5.61 5.65 5.12 4.46 3.88 3.38 2.96 2.56 2.20 1.91 4.08 5.27 6.00 6.16 5.70 4.94 4.24 3.68 3.16 2.72 2.37 2.07 2.96
 28   4.60 5.40 5.80 5.58 4.92 4.24 3.72 3.20 2.78 2.42 2.12 1.90 4.64 5.58 6.09 5.96 5.32 4.58 3.98 3.46 2.98 2.60 2.28 2.04
 29   3.96 5.02 5.64 5.78 5.28 4.61 4.02 3.50 3.04 2.64 2.32 2.07 3.68 4.98 5.76 6.04 5.66 4.96 4.31 3.76 3.25 2.84 2.48 2.20
 30   2.88 4.54 5.36 5.78 5.64 4.98 4.36 3.84 3.32 2.88 2.52 2.20 2.52 4.44 5.30 5.79 5.75 5.16 4.48 3.92 3.46 3.01 2.64 2.32
 31   2.10 4.16 5.07 5.68 5.78 5.30 4.65 4.09 3.58 3.12 2.73 2.40 2.15 3.80 4.80 5.44 5.62 5.23 4.63 4.08 3.60 3.14 2.76 2.47
 ----------------------------------------------------------------------------------------------------------------------------
                                                                                               
 ----------------------------------------------------------------------------------------------------------------------------
 ----------------------------------------------------------------------------------------------------------------------------
                                                          SURVEY OF INDIA
                                                    MARINE GEODESY WING (G&RB)
                                                     HOURLY HEIGHTS IN METRES
  NAME OF PORT:- GARDEN REACH                                                                       MONTH AUGUST    YEAR 2010
 ----------------------------------------------------------------------------------------------------------------------------
 DAYS 0000 0001 0002 0003 0004 0005 0006 0007 0008 0009 0010 0011 0012 0013 0014 0015 0016 0017 0018 0019 0020 0021 0022 0023
 ----------------------------------------------------------------------------------------------------------------------------
  1   2.21 3.36 4.50 5.22 5.58 5.36 4.80 4.25 3.76 3.30 2.96 2.64 2.44 2.92 4.13 4.90 5.34 5.28 4.86 4.33 3.84 3.40 2.99 2.68
  2   2.44 2.66 3.71 4.59 5.15 5.34 5.01 4.50 4.02 3.58 3.18 2.80 2.54 2.49 3.70 4.46 5.01 5.23 4.94 4.48 4.03 3.61 3.20 2.84
  3   2.61 2.40 3.12 4.06 4.68 5.08 5.09 4.66 4.21 3.80 3.40 3.06 2.79 2.61 3.00 3.81 4.40 4.84 5.00 4.68 4.28 3.87 3.48 3.12
  4   2.84 2.61 2.60 3.46 4.12 4.62 4.87 4.75 4.37 4.00 3.63 3.28 2.99 2.78 2.73 3.11 3.77 4.22 4.58 4.72 4.49 4.16 3.80 3.42
  5   3.08 2.79 2.58 2.60 3.27 3.83 4.27 4.55 4.64 4.42 4.13 3.83 3.56 3.29 3.09 2.93 2.94 3.39 3.89 4.33 4.60 4.68 4.37 4.06
  6   3.75 3.40 3.11 2.89 2.79 3.11 3.77 4.28 4.68 4.90 4.85 4.55 4.24 3.94 3.63 3.32 3.02 2.84 2.82 3.54 4.20 4.63 4.78 4.62
  7   4.24 3.88 3.52 3.15 2.86 2.62 2.49 3.15 4.00 4.61 5.03 5.13 4.94 4.52 4.15 3.74 3.36 3.02 2.72 2.52 2.91 3.99 4.60 4.95
  8   4.89 4.46 4.04 3.64 3.23 2.85 2.53 2.28 2.34 3.88 4.76 5.34 5.48 5.17 4.62 4.10 3.63 3.22 2.83 2.50 2.20 2.58 4.19 4.94
  9   5.36 5.24 4.69 4.16 3.69 3.24 2.83 2.48 2.16 1.96 4.34 5.34 5.91 5.95 5.35 4.67 4.06 3.53 3.08 2.69 2.34 2.05 3.04 4.73
 10   5.60 5.86 5.50 4.82 4.18 3.65 3.16 2.75 2.38 2.07 1.82 5.01 5.96 6.40 6.13 5.35 4.57 3.95 3.35 2.88 2.48 2.14 1.84 4.12
 11   5.41 6.07 6.15 5.56 4.79 4.11 3.52 3.00 2.53 2.22 1.90 3.90 5.48 6.34 6.56 6.06 5.20 4.41 3.76 3.16 2.68 2.28 1.94 1.66
 12   4.88 5.81 6.32 6.16 5.40 4.57 3.90 3.28 2.77 2.36 2.01 1.71 4.64 5.80 6.50 6.50 5.82 4.93 4.18 3.53 2.98 2.53 2.14 1.82
 13   3.20 5.22 6.09 6.36 6.04 5.22 4.42 3.77 3.19 2.70 2.29 1.96 1.67 5.05 5.89 6.33 6.13 5.34 4.53 3.89 3.30 2.80 2.40 2.05
 14   1.77 4.26 5.42 6.11 6.28 5.66 4.85 4.18 3.54 3.03 2.59 2.20 1.88 3.80 5.13 5.89 6.13 5.62 4.88 4.18 3.58 3.07 2.63 2.26
 15   1.96 1.73 4.60 5.54 6.07 5.91 5.32 4.55 3.91 3.37 2.91 2.55 2.20 1.96 4.27 5.12 5.63 5.58 4.98 4.35 3.80 3.31 2.85 2.49
 16   2.19 1.92 3.49 4.70 5.38 5.58 5.25 4.64 4.05 3.56 3.08 2.68 2.36 2.13 3.07 4.20 4.87 5.25 5.15 4.65 4.12 3.64 3.17 2.78
 17   2.47 2.21 2.32 3.78 4.55 5.08 5.23 4.88 4.38 3.89 3.44 3.05 2.73 2.47 2.33 3.28 4.06 4.58 4.84 4.73 4.33 3.90 3.45 3.06
 18   2.72 2.45 2.28 2.80 3.62 4.24 4.66 4.84 4.67 4.27 3.87 3.46 3.11 2.81 2.60 2.53 3.05 3.68 4.11 4.40 4.42 4.16 3.83 3.46
 19   3.10 2.80 2.58 2.45 2.58 3.25 3.78 4.20 4.47 4.53 4.32 4.02 3.72 3.38 3.10 2.84 2.67 2.65 2.90 3.46 3.88 4.20 4.30 4.08
 20   3.77 3.45 3.12 2.82 2.60 2.45 2.56 3.22 3.84 4.36 4.69 4.76 4.46 4.11 3.79 3.40 3.02 2.70 2.49 2.38 3.04 3.77 4.28 4.50
 21   4.47 4.10 3.75 3.39 3.03 2.71 2.46 2.29 2.88 3.82 4.51 4.96 5.09 4.76 4.33 3.89 3.47 3.06 2.72 2.45 2.28 3.27 4.08 4.59
 22   4.90 4.75 4.34 3.92 3.52 3.11 2.74 2.44 2.22 3.09 4.23 4.93 5.30 5.26 4.75 4.26 3.79 3.34 2.92 2.57 2.28 2.12 3.52 4.38
 23   4.94 5.12 4.82 4.32 3.85 3.40 2.98 2.61 2.30 2.07 3.59 4.71 5.36 5.60 5.28 4.68 4.11 3.62 3.13 2.73 2.39 2.11 2.77 4.24
 24   5.00 5.36 5.22 4.65 4.11 3.61 3.14 2.75 2.40 2.12 2.20 4.40 5.30 5.77 5.62 5.07 4.42 3.86 3.35 2.90 2.53 2.21 1.97 4.04
 25   5.06 5.60 5.62 5.07 4.44 3.88 3.37 2.92 2.55 2.23 1.96 4.03 5.19 5.77 5.89 5.40 4.72 4.10 3.56 3.09 2.68 2.34 2.05 3.31
 26   4.84 5.62 5.86 5.43 4.77 4.13 3.60 3.10 2.69 2.35 2.06 3.14 4.94 5.75 6.09 5.74 5.02 4.34 3.78 3.24 2.81 2.46 2.14 1.93
 27   4.72 5.63 6.00 5.72 5.06 4.38 3.82 3.30 2.86 2.51 2.20 1.96 4.59 5.48 6.01 5.90 5.25 4.57 4.00 3.47 3.02 2.64 2.32 2.07
 28   4.12 5.23 5.82 5.91 5.38 4.71 4.11 3.57 3.10 2.72 2.40 2.14 3.90 5.12 5.80 6.00 5.54 4.87 4.26 3.74 3.25 2.82 2.48 2.20
 29   3.40 4.92 5.70 6.00 5.70 5.04 4.40 3.87 3.36 2.94 2.62 2.32 2.24 4.54 5.34 5.86 5.73 5.14 4.52 3.97 3.45 3.00 2.65 2.37
 30   2.14 4.23 5.20 5.78 5.82 5.26 4.63 4.08 3.55 3.09 2.72 2.44 2.24 3.91 4.88 5.48 5.65 5.22 4.69 4.12 3.63 3.18 2.81 2.52
 31   2.30 3.56 4.70 5.42 5.74 5.52 4.94 4.37 3.85 3.38 2.98 2.66 2.45 3.10 4.35 5.03 5.42 5.30 4.80 4.27 3.78 3.34 2.95 2.65
 ----------------------------------------------------------------------------------------------------------------------------
                                                                                               
 ----------------------------------------------------------------------------------------------------------------------------
 ----------------------------------------------------------------------------------------------------------------------------
                                                          SURVEY OF INDIA
                                                    MARINE GEODESY WING (G&RB)
                                                     HOURLY HEIGHTS IN METRES
  NAME OF PORT:- GARDEN REACH                                                                       MONTH SEPT      YEAR 2010
 ----------------------------------------------------------------------------------------------------------------------------
 DAYS 0000 0001 0002 0003 0004 0005 0006 0007 0008 0009 0010 0011 0012 0013 0014 0015 0016 0017 0018 0019 0020 0021 0022 0023
 ----------------------------------------------------------------------------------------------------------------------------
  1   2.40 2.75 4.14 4.86 5.36 5.46 5.04 4.54 4.04 3.58 3.18 2.86 2.69 2.56 3.66 4.38 4.92 5.14 4.91 4.46 4.02 3.58 3.16 2.84
  2   2.58 2.42 3.22 4.12 4.72 5.10 5.10 4.74 4.30 3.88 3.46 3.14 2.90 2.76 2.96 3.70 4.26 4.62 4.82 4.62 4.27 3.90 3.51 3.17
  3   2.86 2.66 2.59 3.22 3.91 4.40 4.74 4.86 4.61 4.26 3.90 3.54 3.24 3.03 2.91 2.90 3.17 3.66 4.07 4.37 4.49 4.32 4.02 3.72
  4   3.40 3.10 2.86 2.70 2.67 3.14 3.79 4.23 4.60 4.78 4.70 4.38 4.06 3.74 3.42 3.14 2.86 2.71 2.74 3.42 4.02 4.45 4.70 4.63
  5   4.24 3.89 3.53 3.17 2.85 2.60 2.53 3.36 4.20 4.82 5.16 5.22 4.82 4.42 4.00 3.58 3.20 2.85 2.58 2.41 3.26 4.22 4.83 5.14
  6   5.04 4.58 4.12 3.67 3.24 2.85 2.54 2.27 2.76 4.38 5.25 5.76 5.74 5.18 4.58 4.06 3.55 3.12 2.74 2.42 2.17 3.56 4.86 5.62
  7   5.84 5.50 4.85 4.23 3.70 3.23 2.82 2.48 2.19 3.36 5.04 5.96 6.34 6.06 5.36 4.62 4.02 3.47 3.04 2.67 2.36 2.10 4.36 5.62
  8   6.35 6.38 5.70 4.91 4.26 3.66 3.17 2.77 2.42 2.14 4.38 5.74 6.51 6.66 6.10 5.26 4.51 3.90 3.35 2.92 2.54 2.22 1.96 5.14
  9   6.18 6.70 6.48 5.67 4.82 4.14 3.54 3.06 2.66 2.30 2.02 4.98 6.06 6.73 6.70 5.94 5.06 4.34 3.70 3.18 2.74 2.37 2.06 3.54
 10   5.62 6.46 6.83 6.36 5.48 4.64 3.96 3.36 2.88 2.48 2.14 1.86 5.36 6.26 6.76 6.38 5.56 4.72 4.06 3.45 2.94 2.54 2.20 1.90
 11   4.78 5.96 6.64 6.66 5.96 5.07 4.34 3.70 3.16 2.71 2.34 2.04 4.06 5.52 6.34 6.48 5.94 5.11 4.36 3.72 3.17 2.74 2.36 2.06
 12   3.78 5.14 5.98 6.48 6.18 5.41 4.62 3.96 3.38 2.90 2.50 2.17 1.90 4.56 5.54 6.11 6.05 5.34 4.58 3.96 3.40 2.92 2.54 2.22
 13   1.98 4.10 5.26 5.93 6.10 5.57 4.84 4.18 3.62 3.14 2.72 2.38 2.12 3.06 4.63 5.39 5.72 5.45 4.82 4.19 3.66 3.16 2.76 2.43
 14   2.16 2.56 4.26 5.06 5.58 5.58 5.07 4.48 3.92 3.42 2.98 2.64 2.36 2.18 3.54 4.47 5.04 5.23 4.89 4.40 3.86 3.39 2.96 2.64
 15   2.38 2.26 3.38 4.28 4.86 5.18 5.10 4.65 4.14 3.67 3.26 2.90 2.62 2.44 2.78 3.74 4.36 4.80 4.87 4.54 4.14 3.70 3.30 2.96
 16   2.70 2.55 2.80 3.60 4.18 4.68 4.92 4.84 4.50 4.10 3.68 3.30 3.02 2.82 2.78 3.12 3.66 4.14 4.39 4.46 4.26 3.94 3.60 3.30
 17   3.06 2.90 2.86 2.98 3.35 3.74 4.10 4.44 4.58 4.54 4.28 3.96 3.66 3.38 3.14 2.94 2.86 2.96 3.40 3.90 4.27 4.45 4.44 4.20
 18   3.94 3.64 3.38 3.12 2.92 2.84 3.08 3.70 4.22 4.60 4.82 4.74 4.42 4.12 3.77 3.46 3.18 2.94 2.82 3.00 3.76 4.28 4.70 4.85
 19   4.58 4.24 3.87 3.47 3.12 2.84 2.65 2.76 3.66 4.40 4.92 5.22 5.00 4.58 4.14 3.72 3.33 2.98 2.72 2.54 2.98 3.90 4.54 4.94
 20   4.99 4.62 4.21 3.77 3.35 2.96 2.67 2.41 2.42 3.75 4.56 5.15 5.31 5.03 4.56 4.06 3.59 3.14 2.78 2.51 2.29 3.11 4.18 4.85
 21   5.23 5.11 4.67 4.17 3.69 3.25 2.87 2.55 2.31 2.77 4.27 5.07 5.51 5.43 4.92 4.39 3.90 3.39 2.96 2.61 2.31 2.12 4.06 4.92
 22   5.47 5.50 5.03 4.49 3.97 3.47 3.04 2.69 2.39 2.17 3.88 4.97 5.57 5.71 5.27 4.71 4.13 3.60 3.12 2.72 2.41 2.13 3.40 4.77
 23   5.39 5.75 5.40 4.82 4.23 3.69 3.20 2.80 2.48 2.19 2.11 4.60 5.45 5.89 5.66 5.04 4.40 3.85 3.35 2.91 2.57 2.27 2.04 4.47
 24   5.38 5.92 5.80 5.19 4.57 3.99 3.47 3.04 2.68 2.36 2.11 3.97 5.17 5.77 5.91 5.37 4.73 4.12 3.58 3.11 2.72 2.40 2.13 4.04
 25   5.29 5.92 6.07 5.56 4.88 4.23 3.68 3.20 2.80 2.48 2.20 3.20 4.94 5.68 6.03 5.68 5.00 4.35 3.79 3.29 2.86 2.53 2.23 2.01
 26   4.85 5.73 6.18 5.91 5.27 4.55 3.98 3.46 3.02 2.67 2.37 2.14 4.27 5.27 5.83 5.84 5.27 4.63 4.04 3.51 3.05 2.68 2.38 2.14
 27   4.11 5.26 5.91 6.03 5.57 4.91 4.29 3.76 3.27 2.88 2.57 2.30 3.00 4.68 5.43 5.78 5.48 4.92 4.32 3.79 3.27 2.87 2.55 2.28
 28   2.67 4.66 5.37 5.81 5.66 5.09 4.48 3.96 3.44 3.03 2.70 2.42 2.21 3.83 4.75 5.26 5.35 4.92 4.38 3.84 3.34 2.92 2.59 2.31
 29   2.11 3.63 4.70 5.34 5.58 5.24 4.71 4.15 3.63 3.18 2.81 2.51 2.28 2.82 4.09 4.77 5.15 5.03 4.55 4.06 3.55 3.11 2.75 2.46
 30   2.23 2.59 4.01 4.72 5.23 5.29 4.85 4.35 3.85 3.38 2.99 2.67 2.42 2.30 3.37 4.19 4.71 4.94 4.69 4.24 3.77 3.33 2.95 2.66
 ----------------------------------------------------------------------------------------------------------------------------
                                                                                               
 ----------------------------------------------------------------------------------------------------------------------------
 ----------------------------------------------------------------------------------------------------------------------------
                                                          SURVEY OF INDIA
                                                    MARINE GEODESY WING (G&RB)
                                                     HOURLY HEIGHTS IN METRES
  NAME OF PORT:- GARDEN REACH                                                                       MONTH OCTOBER   YEAR 2010
 ----------------------------------------------------------------------------------------------------------------------------
 DAYS 0000 0001 0002 0003 0004 0005 0006 0007 0008 0009 0010 0011 0012 0013 0014 0015 0016 0017 0018 0019 0020 0021 0022 0023
 ----------------------------------------------------------------------------------------------------------------------------
  1   2.43 2.31 3.27 4.09 4.65 5.01 4.97 4.55 4.12 3.68 3.29 2.96 2.71 2.52 2.70 3.50 4.08 4.51 4.67 4.43 4.07 3.67 3.31 2.99
  2   2.72 2.54 2.53 3.19 3.85 4.35 4.68 4.75 4.43 4.09 3.72 3.37 3.08 2.85 2.67 2.63 2.91 3.51 3.95 4.28 4.39 4.18 3.88 3.56
  3   3.24 2.95 2.71 2.55 2.56 3.13 3.77 4.23 4.57 4.64 4.36 4.03 3.67 3.34 3.02 2.75 2.53 2.39 2.61 3.37 3.95 4.37 4.61 4.43
  4   4.07 3.71 3.33 2.97 2.67 2.41 2.31 3.19 4.03 4.59 4.91 4.88 4.48 4.07 3.67 3.27 2.89 2.59 2.31 2.12 3.11 4.15 4.79 5.08
  5   4.92 4.44 3.98 3.54 3.11 2.75 2.44 2.20 2.99 4.27 4.99 5.36 5.24 4.72 4.27 3.79 3.36 2.97 2.63 2.32 2.07 3.59 4.80 5.50
  6   5.68 5.21 4.61 4.03 3.55 3.12 2.73 2.39 2.12 3.99 5.29 6.03 6.19 5.67 4.93 4.23 3.67 3.19 2.79 2.44 2.15 1.93 4.99 6.00
  7   6.51 6.17 5.39 4.59 3.98 3.42 2.97 2.59 2.27 2.01 4.87 5.95 6.57 6.45 5.71 4.89 4.23 3.65 3.17 2.77 2.43 2.13 4.38 5.79
  8   6.71 6.91 6.27 5.31 4.55 3.91 3.37 2.93 2.57 2.27 3.79 5.59 6.55 6.84 6.32 5.43 4.65 3.99 3.43 3.00 2.63 2.31 2.03 5.23
  9   6.27 6.78 6.79 5.95 5.04 4.33 3.68 3.19 2.77 2.43 2.13 4.55 5.83 6.63 6.71 6.04 5.16 4.40 3.79 3.27 2.83 2.45 2.15 3.77
 10   5.67 6.65 6.96 6.50 5.60 4.75 4.04 3.49 3.03 2.65 2.32 2.05 4.83 5.83 6.40 6.29 5.58 4.77 4.12 3.55 3.07 2.68 2.35 2.08
 11   4.59 5.79 6.48 6.56 5.92 5.09 4.38 3.79 3.28 2.88 2.54 2.25 3.47 4.97 5.83 6.18 5.82 5.12 4.40 3.84 3.32 2.88 2.54 2.24
 12   3.67 4.83 5.73 6.23 6.07 5.40 4.67 4.07 3.55 3.11 2.73 2.43 2.21 3.87 4.96 5.56 5.69 5.19 4.59 4.00 3.50 3.07 2.70 2.41
 13   2.21 3.49 4.66 5.39 5.68 5.48 4.89 4.30 3.79 3.34 2.95 2.65 2.41 2.72 3.99 4.75 5.24 5.24 4.76 4.26 3.76 3.31 2.92 2.63
 14   2.39 2.67 3.80 4.55 5.09 5.31 5.06 4.57 4.09 3.65 3.24 2.91 2.66 2.51 3.27 4.04 4.63 4.92 4.85 4.43 4.03 3.63 3.25 2.95
 15   2.75 2.76 3.35 3.99 4.51 4.90 5.00 4.81 4.46 4.08 3.67 3.34 3.08 3.01 3.41 3.93 4.35 4.59 4.76 4.59 4.33 4.09 3.79 3.51
 16   3.28 3.12 3.12 3.45 3.99 4.43 4.76 4.93 4.79 4.51 4.20 3.87 3.55 3.31 3.09 3.03 3.19 3.65 4.10 4.42 4.59 4.55 4.29 4.01
 17   3.70 3.41 3.17 2.99 2.92 3.19 3.79 4.25 4.63 4.81 4.67 4.33 4.02 3.71 3.35 3.05 2.81 2.71 2.95 3.67 4.17 4.56 4.75 4.58
 18   4.22 3.89 3.55 3.21 2.91 2.69 2.63 3.33 4.05 4.59 4.89 4.83 4.41 4.05 3.67 3.31 2.95 2.67 2.45 2.57 3.53 4.19 4.73 4.95
 19   4.73 4.29 3.90 3.52 3.15 2.81 2.55 2.38 3.21 4.06 4.61 4.97 4.92 4.46 4.01 3.60 3.21 2.83 2.51 2.27 2.41 3.74 4.51 5.04
 20   5.20 4.77 4.30 3.83 3.43 3.03 2.69 2.41 2.27 3.55 4.43 5.03 5.23 4.90 4.39 3.90 3.47 3.06 2.70 2.39 2.15 3.19 4.46 5.19
 21   5.54 5.32 4.73 4.15 3.69 3.25 2.86 2.53 2.26 2.89 4.31 5.02 5.47 5.36 4.78 4.20 3.73 3.27 2.87 2.53 2.24 2.19 4.35 5.26
 22   5.83 5.73 5.11 4.47 3.93 3.43 3.02 2.68 2.38 2.17 3.95 5.00 5.59 5.72 5.24 4.60 4.03 3.53 3.09 2.72 2.40 2.14 2.91 5.12
 23   5.84 6.03 5.61 4.88 4.25 3.72 3.25 2.87 2.51 2.23 3.15 4.63 5.47 5.84 5.60 4.96 4.35 3.81 3.32 2.93 2.57 2.27 2.07 4.65
 24   5.68 6.16 6.01 5.31 4.59 4.00 3.48 3.06 2.71 2.39 2.13 3.87 4.99 5.60 5.75 5.27 4.61 4.01 3.52 3.07 2.69 2.36 2.09 3.92
 25   5.24 5.96 6.13 5.66 4.90 4.25 3.69 3.23 2.84 2.51 2.23 2.39 4.57 5.35 5.79 5.55 4.89 4.25 3.73 3.25 2.84 2.48 2.20 1.99
 26   4.67 5.59 6.05 5.87 5.19 4.48 3.92 3.41 2.99 2.65 2.35 2.11 3.71 4.80 5.44 5.64 5.15 4.52 3.95 3.47 3.03 2.67 2.34 2.08
 27   3.68 4.95 5.64 5.88 5.51 4.83 4.19 3.68 3.23 2.85 2.52 2.26 2.39 4.11 4.92 5.39 5.30 4.71 4.15 3.67 3.23 2.83 2.51 2.24
 28   2.27 4.15 4.95 5.49 5.53 4.99 4.40 3.89 3.45 3.07 2.74 2.47 2.25 3.12 4.15 4.79 5.11 4.91 4.37 3.89 3.47 3.07 2.71 2.43
 29   2.21 3.19 4.24 4.93 5.29 5.22 4.68 4.16 3.72 3.26 2.90 2.60 2.36 2.24 3.30 4.04 4.56 4.80 4.54 4.09 3.65 3.27 2.89 2.59
 30   2.33 2.21 3.14 3.99 4.54 4.87 4.80 4.33 3.92 3.52 3.16 2.84 2.56 2.36 2.32 3.18 3.80 4.25 4.51 4.38 4.00 3.63 3.27 2.95
 31   2.65 2.41 2.36 3.04 3.72 4.24 4.60 4.72 4.38 4.00 3.64 3.29 2.96 2.69 2.47 2.32 2.76 3.49 4.00 4.36 4.52 4.28 3.92 3.57
 ----------------------------------------------------------------------------------------------------------------------------
                                                                                               
 ----------------------------------------------------------------------------------------------------------------------------
 ----------------------------------------------------------------------------------------------------------------------------
                                                          SURVEY OF INDIA
                                                    MARINE GEODESY WING (G&RB)
                                                     HOURLY HEIGHTS IN METRES
  NAME OF PORT:- GARDEN REACH                                                                       MONTH NOVEMBER  YEAR 2010
 ----------------------------------------------------------------------------------------------------------------------------
 DAYS 0000 0001 0002 0003 0004 0005 0006 0007 0008 0009 0010 0011 0012 0013 0014 0015 0016 0017 0018 0019 0020 0021 0022 0023
 ----------------------------------------------------------------------------------------------------------------------------
  1   3.21 2.90 2.65 2.44 2.45 3.20 3.77 4.23 4.53 4.55 4.14 3.76 3.41 3.08 2.76 2.48 2.26 2.12 2.63 3.38 3.92 4.29 4.40 4.08
  2   3.72 3.37 3.04 2.72 2.44 2.23 2.34 3.33 4.02 4.50 4.71 4.42 3.97 3.58 3.23 2.87 2.54 2.27 2.04 2.29 3.56 4.37 4.90 5.00
  3   4.57 4.07 3.63 3.24 2.87 2.55 2.28 2.12 3.32 4.22 4.79 5.00 4.72 4.20 3.75 3.35 2.95 2.60 2.29 2.04 2.08 3.97 4.91 5.40
  4   5.39 4.77 4.17 3.67 3.23 2.82 2.48 2.18 1.97 3.57 4.51 5.11 5.22 4.78 4.22 3.71 3.31 2.92 2.58 2.29 2.03 2.38 4.54 5.40
  5   5.84 5.55 4.86 4.16 3.62 3.12 2.71 2.36 2.11 1.90 2.95 4.93 5.44 5.40 4.78 4.16 3.64 3.16 2.73 2.39 2.08 1.82 3.90 5.20
  6   5.89 6.03 5.46 4.69 4.01 3.46 2.96 2.56 2.22 1.93 2.65 4.44 5.26 5.65 5.38 4.72 4.08 3.55 3.16 2.81 2.45 2.12 1.84 4.46
  7   5.56 6.12 5.98 5.24 4.48 3.84 3.30 2.84 2.46 2.12 1.87 3.60 4.86 5.55 5.70 5.12 4.54 4.04 3.58 3.07 2.66 2.31 2.00 3.68
  8   5.36 6.08 6.24 5.64 4.96 4.30 3.70 3.18 2.70 2.24 1.94 1.76 4.47 5.31 5.76 5.47 4.80 4.12 3.60 3.18 2.80 2.42 2.07 1.76
  9   4.35 5.32 5.86 5.79 5.15 4.43 3.84 3.33 2.88 2.51 2.19 1.93 3.06 4.37 5.10 5.40 5.05 4.42 3.83 3.36 2.92 2.54 2.22 1.97
 10   3.12 4.53 5.28 5.63 5.40 4.75 4.12 3.62 3.15 2.77 2.44 2.17 1.96 3.34 4.30 4.85 5.05 4.66 4.10 3.60 3.17 2.75 2.40 2.13
 11   1.95 3.46 4.39 4.98 5.22 4.95 4.38 3.86 3.42 3.01 2.67 2.36 2.07 2.24 3.52 4.17 4.58 4.60 4.15 3.69 3.28 2.89 2.54 2.26
 12   2.06 2.56 3.58 4.22 4.66 4.73 4.41 3.95 3.53 3.17 2.81 2.51 2.25 2.07 2.70 3.53 4.05 4.37 4.32 3.90 3.52 3.15 2.80 2.51
 13   2.26 2.16 3.01 3.69 4.18 4.51 4.54 4.15 3.75 3.39 3.06 2.73 2.45 2.23 2.26 3.12 3.68 4.07 4.26 4.05 3.72 3.38 3.06 2.77
 14   2.53 2.37 2.54 3.21 3.70 4.12 4.37 4.35 4.01 3.68 3.37 3.05 2.75 2.50 2.32 2.43 3.12 3.57 3.93 4.12 4.04 3.76 3.48 3.20
 15   2.93 2.72 2.58 2.55 2.87 3.37 3.78 4.11 4.26 4.09 3.77 3.47 3.16 2.84 2.56 2.34 2.25 2.68 3.29 3.74 4.10 4.27 4.11 3.80
 16   3.50 3.20 2.93 2.68 2.50 2.50 3.07 3.61 4.04 4.30 4.26 3.90 3.56 3.26 2.93 2.64 2.38 2.22 2.42 3.20 3.74 4.19 4.42 4.34
 17   3.96 3.62 3.32 3.01 2.72 2.49 2.56 2.89 3.59 4.04 4.36 4.32 3.93 3.58 3.26 2.92 2.60 2.33 2.12 2.35 3.30 3.93 4.46 4.65
 18   4.46 4.04 3.66 3.32 2.98 2.67 2.41 2.23 2.90 3.72 4.23 4.54 4.50 4.08 3.68 3.34 2.98 2.66 2.37 2.14 2.38 3.59 4.37 4.86
 19   4.98 4.58 4.13 3.69 3.34 2.96 2.63 2.36 2.17 3.14 4.02 4.52 4.74 4.50 4.01 3.59 3.22 2.86 2.52 2.28 2.01 2.98 4.21 4.93
 20   5.26 5.10 4.53 4.00 3.56 3.16 2.78 2.46 2.21 2.18 3.73 4.45 4.90 4.94 4.45 3.96 3.54 3.14 2.75 2.42 2.14 1.94 3.86 4.89
 21   5.46 5.51 4.98 4.37 3.82 3.37 2.93 2.57 2.26 2.00 2.75 4.07 4.72 5.02 4.79 4.23 3.74 3.32 2.89 2.53 2.22 1.95 2.84 4.58
 22   5.40 5.70 5.41 4.74 4.10 3.59 3.12 2.72 2.39 2.10 1.90 3.55 4.52 4.99 5.10 4.62 4.05 3.57 3.14 2.74 2.39 2.10 1.86 3.71
 23   4.94 5.53 5.67 5.14 4.49 3.90 3.41 2.95 2.59 2.28 2.03 2.14 3.95 4.70 5.15 5.03 4.45 3.91 3.44 3.02 2.62 2.30 1.99 1.82
 24   4.26 5.16 5.62 5.50 4.90 4.25 3.72 3.25 2.84 2.49 2.19 1.96 3.03 4.23 4.90 5.14 4.80 4.24 3.72 3.28 2.87 2.50 2.18 1.93
 25   3.22 4.59 5.30 5.58 5.26 4.62 4.01 3.53 3.08 2.70 2.37 2.12 1.94 3.46 4.36 4.87 4.98 4.52 4.00 3.54 3.12 2.74 2.39 2.11
 26   1.94 3.74 4.64 5.19 5.33 4.89 4.33 3.80 3.37 2.96 2.60 2.31 2.08 2.24 3.66 4.38 4.81 4.79 4.28 3.80 3.38 2.99 2.64 2.34
 27   2.10 2.54 3.86 4.62 5.08 5.11 4.62 4.12 3.65 3.26 2.89 2.57 2.30 2.07 2.66 3.73 4.35 4.70 4.62 4.11 3.67 3.29 2.92 2.60
 28   2.31 2.14 2.98 3.86 4.49 4.86 4.82 4.36 3.90 3.52 3.15 2.81 2.52 2.26 2.08 2.79 3.65 4.20 4.53 4.50 4.05 3.66 3.29 2.94
 29   2.65 2.39 2.23 2.94 3.74 4.30 4.66 4.69 4.26 3.85 3.48 3.13 2.79 2.52 2.26 2.08 2.60 3.42 3.95 4.34 4.45 4.13 3.74 3.38
 30   3.07 2.76 2.51 2.32 2.55 3.40 3.97 4.41 4.58 4.35 3.93 3.56 3.22 2.88 2.58 2.32 2.10 2.19 3.18 3.80 4.29 4.52 4.36 3.94
 ----------------------------------------------------------------------------------------------------------------------------
                                                                                               
 ----------------------------------------------------------------------------------------------------------------------------
 ----------------------------------------------------------------------------------------------------------------------------
                                                          SURVEY OF INDIA
                                                    MARINE GEODESY WING (G&RB)
                                                     HOURLY HEIGHTS IN METRES
  NAME OF PORT:- GARDEN REACH                                                                       MONTH DECEMBER  YEAR 2010
 ----------------------------------------------------------------------------------------------------------------------------
 DAYS 0000 0001 0002 0003 0004 0005 0006 0007 0008 0009 0010 0011 0012 0013 0014 0015 0016 0017 0018 0019 0020 0021 0022 0023
 ----------------------------------------------------------------------------------------------------------------------------
  1   3.59 3.26 2.94 2.66 2.42 2.30 2.98 3.66 4.16 4.43 4.36 3.93 3.56 3.22 2.90 2.60 2.32 2.10 2.01 2.96 3.78 4.34 4.68 4.62
  2   4.16 3.74 3.38 3.05 2.73 2.44 2.22 2.40 3.40 3.98 4.38 4.50 4.08 3.70 3.34 2.98 2.66 2.36 2.10 1.93 2.82 3.96 4.66 5.00
  3   4.90 4.34 3.86 3.46 3.09 2.74 2.44 2.22 2.26 3.14 4.12 4.54 4.62 4.22 3.78 3.38 3.04 2.70 2.38 2.12 1.92 3.10 4.34 5.02
  4   5.28 4.97 4.40 3.84 3.42 3.02 2.64 2.34 2.09 2.12 3.62 4.34 4.74 4.76 4.26 3.82 3.42 3.04 2.69 2.38 2.11 1.90 3.62 4.72
  5   5.34 5.44 4.92 4.32 3.76 3.31 2.89 2.53 2.22 1.98 2.50 3.90 4.56 4.92 4.76 4.22 3.72 3.33 2.93 2.58 2.26 2.00 1.92 4.18
  6   5.18 5.59 5.45 4.81 4.18 3.63 3.18 2.76 2.41 2.12 1.90 3.27 4.33 4.86 4.98 4.54 4.02 3.54 3.13 2.74 2.39 2.09 1.84 2.82
  7   4.50 5.27 5.51 5.14 4.53 3.90 3.42 2.98 2.62 2.29 2.03 1.88 3.58 4.44 4.92 4.82 4.36 3.86 3.42 3.02 2.66 2.34 2.13 2.46
  8   3.38 4.69 5.25 5.28 4.84 4.28 3.73 3.29 2.90 2.56 2.26 2.05 2.48 3.89 4.59 4.91 4.66 4.18 3.70 3.30 2.92 2.58 2.30 2.17
  9   3.06 3.95 4.88 5.23 5.04 4.55 4.03 3.56 3.16 2.81 2.50 2.24 2.06 3.30 4.20 4.74 4.91 4.50 4.00 3.56 3.19 2.82 2.51 2.26
 10   2.22 3.68 4.52 5.06 5.21 4.80 4.26 3.78 3.39 3.02 2.70 2.42 2.22 2.78 3.83 4.44 4.82 4.70 4.19 3.75 3.38 3.02 2.70 2.42
 11   2.21 3.19 4.05 4.69 5.04 4.97 4.46 4.00 3.60 3.24 2.89 2.61 2.37 2.25 3.29 4.04 4.52 4.73 4.45 4.01 3.60 3.25 2.91 2.63
 12   2.39 2.60 3.56 4.21 4.69 4.91 4.69 4.21 3.81 3.45 3.11 2.79 2.53 2.33 2.73 3.63 4.20 4.58 4.65 4.25 3.85 3.49 3.16 2.85
 13   2.59 2.45 3.07 3.77 4.26 4.63 4.69 4.31 3.93 3.58 3.23 2.90 2.62 2.39 2.22 2.77 3.52 3.99 4.34 4.39 4.03 3.68 3.35 3.05
 14   2.75 2.55 2.50 3.05 3.60 4.05 4.37 4.46 4.15 3.80 3.48 3.15 2.83 2.57 2.35 2.32 3.01 3.59 4.01 4.27 4.25 3.93 3.61 3.33
 15   3.03 2.79 2.60 2.54 2.86 3.39 3.80 4.09 4.17 3.92 3.63 3.33 3.03 2.73 2.48 2.27 2.21 2.73 3.30 3.73 4.05 4.17 3.96 3.67
 16   3.38 3.11 2.84 2.61 2.44 2.44 2.93 3.43 3.80 4.03 3.95 3.65 3.36 3.07 2.77 2.50 2.29 2.17 2.59 3.21 3.69 4.08 4.28 4.19
 17   3.81 3.51 3.22 2.92 2.66 2.44 2.33 2.75 3.35 3.77 4.08 4.12 3.79 3.48 3.19 2.87 2.55 2.31 2.12 2.31 3.16 3.77 4.28 4.55
 18   4.41 3.99 3.64 3.33 3.01 2.71 2.45 2.27 2.63 3.40 3.89 4.23 4.24 3.86 3.52 3.21 2.89 2.58 2.32 2.11 2.25 3.29 4.05 4.57
 19   4.77 4.49 4.04 3.64 3.32 2.97 2.65 2.39 2.19 2.69 3.57 4.09 4.41 4.36 3.92 3.54 3.21 2.87 2.56 2.29 2.06 2.39 3.67 4.45
 20   4.93 4.97 4.49 4.01 3.59 3.25 2.89 2.57 2.30 2.12 2.91 3.78 4.28 4.53 4.32 3.87 3.47 3.13 2.79 2.47 2.20 1.97 2.81 4.17
 21   4.93 5.22 5.05 4.46 3.92 3.49 3.09 2.73 2.41 2.16 2.01 3.32 4.16 4.64 4.77 4.35 3.87 3.44 3.08 2.72 2.37 2.09 1.87 3.61
 22   4.77 5.33 5.48 5.04 4.41 3.81 3.37 2.93 2.56 2.25 2.00 2.37 3.96 4.64 5.01 4.87 4.29 3.77 3.37 2.97 2.59 2.26 1.97 1.89
 23   4.37 5.21 5.65 5.49 4.85 4.21 3.65 3.20 2.76 2.41 2.12 1.89 3.13 4.33 4.97 5.16 4.76 4.19 3.65 3.22 2.81 2.47 2.16 1.89
 24   3.61 4.81 5.45 5.65 5.27 4.61 3.99 3.49 3.04 2.64 2.30 2.01 1.84 3.73 4.69 5.16 5.18 4.63 4.05 3.56 3.13 2.73 2.37 2.09
 25   1.89 4.09 5.00 5.52 5.56 4.99 4.36 3.80 3.36 2.92 2.54 2.23 1.98 1.97 3.89 4.67 5.09 5.01 4.41 3.89 3.44 3.03 2.65 2.33
 26   2.06 2.41 4.01 4.81 5.26 5.21 4.64 4.09 3.61 3.21 2.81 2.47 2.18 1.95 2.57 3.89 4.55 4.89 4.77 4.21 3.73 3.31 2.93 2.58
 27   2.29 2.17 2.93 3.97 4.61 4.97 4.86 4.33 3.85 3.45 3.05 2.69 2.39 2.13 1.93 2.85 3.85 4.43 4.71 4.55 4.05 3.61 3.23 2.87
 28   2.53 2.30 2.15 3.09 3.89 4.43 4.73 4.61 4.13 3.69 3.32 2.96 2.63 2.35 2.11 1.97 3.01 3.75 4.26 4.55 4.41 3.97 3.55 3.21
 29   2.87 2.57 2.34 2.21 3.01 3.69 4.18 4.48 4.41 3.97 3.59 3.24 2.89 2.58 2.31 2.09 2.07 2.93 3.61 4.12 4.45 4.45 4.03 3.65
 30   3.32 2.98 2.69 2.45 2.29 2.69 3.41 3.90 4.26 4.33 3.97 3.61 3.28 2.94 2.62 2.35 2.13 2.01 2.72 3.44 3.97 4.37 4.50 4.20
 31   3.81 3.46 3.15 2.81 2.56 2.32 2.28 3.03 3.60 4.03 4.25 4.07 3.69 3.37 3.05 2.73 2.43 2.20 2.07 2.37 3.28 3.95 4.44 4.65
 ----------------------------------------------------------------------------------------------------------------------------
                                                                                               
 ----------------------------------------------------------------------------------------------------------------------------
 ----------------------------------------------------------------------------------------------------------------------------
