                                                          SURVEY OF INDIA
                                                    MARINE GEODESY WING (G&RB)
                                                     HOURLY HEIGHTS IN METRES
  NAME OF PORT:- HALDIA                                                                             MONTH JANUARY   YEAR 2008
 ----------------------------------------------------------------------------------------------------------------------------
 DAYS 0000 0001 0002 0003 0004 0005 0006 0007 0008 0009 0010 0011 0012 0013 0014 0015 0016 0017 0018 0019 0020 0021 0022 0023
 ----------------------------------------------------------------------------------------------------------------------------
  1   2.65 3.25 3.82 4.21 4.36 4.14 3.62 3.08 2.55 2.08 1.75 1.61 1.97 2.68 3.27 3.84 4.19 4.33 4.05 3.55 3.06 2.59 2.24 2.06
  2   2.26 2.75 3.22 3.65 3.97 4.08 3.92 3.47 3.02 2.55 2.13 1.84 1.78 2.17 2.74 3.32 3.81 4.17 4.28 4.08 3.67 3.24 2.83 2.46
  3   2.19 2.15 2.44 2.89 3.39 3.76 3.96 3.86 3.50 3.07 2.61 2.18 1.86 1.74 2.05 2.60 3.17 3.78 4.19 4.38 4.24 3.84 3.34 2.87
  4   2.44 2.12 1.97 2.18 2.68 3.21 3.67 3.95 4.01 3.72 3.27 2.80 2.35 1.94 1.67 1.73 2.36 3.04 3.76 4.32 4.61 4.56 4.07 3.50
  5   2.97 2.48 2.09 1.85 1.98 2.60 3.20 3.77 4.09 4.17 3.87 3.33 2.77 2.29 1.87 1.55 1.60 2.40 3.20 4.04 4.59 4.87 4.72 4.14
  6   3.46 2.86 2.33 1.91 1.64 1.80 2.63 3.39 4.04 4.36 4.39 3.95 3.30 2.69 2.16 1.73 1.43 1.48 2.50 3.48 4.41 4.94 5.07 4.68
  7   3.94 3.24 2.61 2.10 1.65 1.43 1.79 2.79 3.61 4.24 4.55 4.42 3.80 3.11 2.47 1.93 1.49 1.21 1.55 2.73 3.87 4.79 5.19 5.11
  8   4.51 3.73 3.01 2.37 1.84 1.46 1.33 2.08 3.09 3.99 4.57 4.75 4.36 3.63 2.92 2.29 1.71 1.28 1.04 1.78 3.16 4.39 5.22 5.44
  9   5.10 4.29 3.50 2.78 2.09 1.57 1.21 1.22 2.34 3.45 4.38 4.83 4.80 4.16 3.39 2.64 2.00 1.46 1.06 1.03 2.46 3.84 5.01 5.47
 10   5.41 4.77 3.91 3.15 2.40 1.79 1.30 1.03 1.59 2.94 4.10 4.78 5.07 4.69 3.85 3.05 2.36 1.74 1.24 0.94 1.74 3.27 4.55 5.39
 11   5.62 5.25 4.44 3.58 2.79 2.11 1.56 1.15 1.05 2.26 3.59 4.57 5.12 5.09 4.42 3.57 2.79 2.13 1.55 1.12 0.99 2.48 3.79 4.96
 12   5.49 5.48 4.89 4.01 3.19 2.47 1.86 1.35 1.03 1.39 2.81 3.99 4.80 5.10 4.85 4.03 3.22 2.54 1.94 1.45 1.13 1.59 2.99 4.15
 13   5.09 5.41 5.20 4.47 3.62 2.90 2.22 1.67 1.25 1.03 1.76 3.08 4.15 4.82 4.99 4.55 3.76 2.99 2.35 1.83 1.42 1.25 2.11 3.31
 14   4.31 4.94 5.16 4.81 4.02 3.18 2.60 2.02 1.54 1.21 1.24 2.43 3.50 4.37 4.82 4.80 4.18 3.44 2.77 2.21 1.76 1.46 1.63 2.69
 15   3.58 4.31 4.76 4.85 4.37 3.65 2.96 2.34 1.83 1.43 1.16 1.63 2.73 3.58 4.26 4.57 4.54 3.97 3.30 2.69 2.17 1.78 1.57 1.97
 16   2.82 3.52 4.11 4.47 4.52 4.05 3.39 2.77 2.23 1.76 1.43 1.40 2.25 3.09 3.78 4.27 4.51 4.33 3.82 3.24 2.71 2.26 1.92 1.77
 17   2.09 2.71 3.32 3.85 4.21 4.27 3.90 3.35 2.77 2.26 1.82 1.52 1.44 2.07 2.81 3.49 4.03 4.37 4.37 3.99 3.47 2.97 2.51 2.16
 18   1.93 1.95 2.41 2.95 3.53 3.95 4.12 3.96 3.47 2.93 2.43 1.97 1.64 1.47 1.87 2.55 3.23 3.83 4.26 4.46 4.34 3.89 3.36 2.85
 19   2.38 2.02 1.66 1.81 2.48 3.13 3.71 4.08 4.20 3.88 3.37 2.83 2.34 1.92 1.60 1.51 2.11 2.96 3.73 4.44 4.70 4.75 4.37 3.73
 20   3.14 2.58 2.12 1.75 1.55 2.08 2.94 3.69 4.19 4.43 4.28 3.69 3.07 2.50 1.98 1.57 1.31 1.62 2.76 3.73 4.57 5.03 5.06 4.60
 21   3.88 3.17 2.53 1.99 1.54 1.28 1.70 2.83 3.75 4.44 4.68 4.41 3.71 2.99 2.35 1.76 1.28 0.96 1.33 2.70 3.96 4.93 5.34 5.20
 22   4.55 3.75 2.98 2.28 1.68 1.25 1.04 1.66 2.93 4.01 4.76 4.95 4.57 3.77 2.96 2.27 1.65 1.15 0.86 1.56 3.15 4.51 5.41 5.62
 23   5.25 4.39 3.54 2.75 2.04 1.46 1.04 0.91 2.00 3.32 4.43 4.98 5.01 4.39 3.50 2.72 2.05 1.43 0.97 0.77 2.02 3.56 4.85 5.52
 24   5.55 5.00 4.10 3.27 2.49 1.80 1.25 0.88 0.98 2.35 3.75 4.80 5.18 4.96 4.10 3.21 2.47 1.78 1.23 0.85 1.13 2.85 4.20 5.21
 25   5.53 5.26 4.45 3.57 2.79 2.08 1.49 1.00 0.78 1.65 3.14 4.35 5.05 5.15 4.57 3.70 2.88 2.17 1.56 1.07 0.84 1.80 3.33 4.56
 26   5.26 5.37 4.91 4.04 3.20 2.50 1.88 1.38 1.02 1.09 2.35 3.65 4.65 5.09 4.94 4.19 3.29 2.54 1.95 1.42 1.03 1.23 2.81 3.99
 27   4.94 5.28 5.12 4.39 3.54 2.79 2.13 1.59 1.19 1.02 1.80 3.05 4.10 4.77 4.97 4.56 3.73 2.96 2.33 1.79 1.39 1.22 2.19 3.31
 28   4.27 4.77 4.92 4.52 3.77 3.04 2.42 1.88 1.47 1.17 1.40 2.55 3.45 4.25 4.60 4.54 3.95 3.25 2.63 2.08 1.66 1.39 1.68 2.72
 29   3.58 4.27 4.60 4.55 3.99 3.32 2.70 2.14 1.71 1.39 1.30 2.21 3.07 3.86 4.34 4.52 4.22 3.59 3.01 2.48 2.01 1.69 1.69 2.45
 30   3.20 3.85 4.27 4.42 4.14 3.61 3.07 2.52 2.08 1.74 1.56 1.93 2.76 3.49 4.02 4.34 4.34 3.90 3.37 2.84 2.36 2.01 1.83 2.04
 31   2.65 3.22 3.55 3.87 3.86 3.54 3.08 2.61 2.17 1.82 1.63 1.78 2.33 2.90 3.40 3.75 3.85 3.78 3.53 3.17 2.79 2.43 2.18 2.18
 ----------------------------------------------------------------------------------------------------------------------------
                                                                                               
 ----------------------------------------------------------------------------------------------------------------------------
 ----------------------------------------------------------------------------------------------------------------------------
                                                          SURVEY OF INDIA
                                                    MARINE GEODESY WING (G&RB)
                                                     HOURLY HEIGHTS IN METRES
  NAME OF PORT:- HALDIA                                                                             MONTH FEBRUARY  YEAR 2008
 ----------------------------------------------------------------------------------------------------------------------------
 DAYS 0000 0001 0002 0003 0004 0005 0006 0007 0008 0009 0010 0011 0012 0013 0014 0015 0016 0017 0018 0019 0020 0021 0022 0023
 ----------------------------------------------------------------------------------------------------------------------------
  1   2.45 2.75 3.11 3.41 3.58 3.58 3.38 3.05 2.67 2.29 2.05 1.92 2.01 2.38 2.77 3.17 3.54 3.80 3.85 3.70 3.44 3.12 2.79 2.54
  2   2.39 2.36 2.48 2.74 3.04 3.28 3.46 3.49 3.30 3.02 2.71 2.40 2.16 2.04 2.15 2.42 2.83 3.29 3.70 4.02 4.11 3.95 3.59 3.15
  3   2.71 2.32 2.01 1.93 2.17 2.62 3.08 3.48 3.73 3.74 3.46 3.04 2.62 2.21 1.84 1.61 1.80 2.42 3.14 3.84 4.33 4.54 4.36 3.81
  4   3.20 2.67 2.18 1.82 1.63 1.86 2.52 3.18 3.73 4.04 4.12 3.74 3.20 2.66 2.17 1.74 1.45 1.49 2.41 3.30 4.20 4.73 4.87 4.53
  5   3.85 3.14 2.54 2.04 1.63 1.44 1.85 2.75 3.52 4.12 4.41 4.29 3.68 3.02 2.42 1.89 1.45 1.16 1.47 2.63 3.78 4.72 5.15 5.05
  6   4.40 3.60 2.88 2.24 1.69 1.30 1.18 2.04 3.12 3.99 4.57 4.68 4.21 3.45 2.74 2.11 1.57 1.12 0.92 1.88 3.29 4.48 5.21 5.35
  7   4.88 4.03 3.21 2.48 1.80 1.29 0.93 1.14 2.48 3.67 4.57 4.95 4.84 4.09 3.30 2.54 1.87 1.28 0.86 0.81 2.48 3.97 5.15 5.58
  8   5.39 4.61 3.70 2.89 2.07 1.45 0.93 0.68 1.68 3.19 4.43 5.13 5.24 4.68 3.77 2.92 2.17 1.53 0.97 0.65 1.49 3.26 4.63 5.48
  9   5.64 5.11 4.14 3.27 2.44 1.71 1.14 0.67 0.63 2.39 3.87 4.96 5.37 5.21 4.36 3.45 2.62 1.87 1.24 0.75 0.48 2.14 3.84 5.16
 10   5.66 5.52 4.71 3.75 2.86 2.09 1.41 0.82 0.46 1.12 2.95 4.28 5.16 5.34 4.89 3.90 3.04 2.26 1.59 1.04 0.66 1.22 3.10 4.52
 11   5.46 5.61 5.10 4.15 3.23 2.41 1.68 1.00 0.54 0.35 2.15 3.65 4.88 5.41 5.27 4.43 3.51 2.70 1.98 1.39 0.94 0.80 2.32 3.73
 12   4.88 5.38 5.28 4.53 3.62 2.84 2.13 1.47 0.96 0.66 1.37 2.95 4.18 5.00 5.22 4.87 4.04 3.23 2.51 1.87 1.39 1.07 1.47 2.80
 13   3.85 4.66 4.95 4.77 4.00 3.25 2.56 1.92 1.39 0.99 0.87 2.09 3.19 4.12 4.69 4.78 4.33 3.60 2.89 2.31 1.84 1.50 1.39 2.23
 14   3.16 3.90 4.44 4.60 4.25 3.58 2.90 2.30 1.79 1.39 1.15 1.53 2.55 3.37 4.03 4.41 4.46 4.02 3.40 2.80 2.30 1.92 1.67 1.80
 15   2.50 3.14 3.72 4.07 4.18 3.90 3.39 2.80 2.26 1.84 1.53 1.43 1.99 2.68 3.31 3.83 4.17 4.25 3.96 3.50 3.04 2.61 2.28 2.06
 16   2.02 2.31 2.74 3.19 3.57 3.80 3.79 3.47 3.03 2.61 2.19 1.83 1.62 1.80 2.31 2.83 3.37 3.84 4.12 4.23 4.02 3.60 3.16 2.76
 17   2.34 2.03 1.85 1.96 2.41 2.99 3.50 3.87 3.98 3.74 3.27 2.78 2.34 1.92 1.66 1.65 2.18 2.88 3.60 4.14 4.53 4.56 4.20 3.64
 18   3.05 2.52 2.08 1.74 1.55 1.89 2.71 3.40 3.99 4.28 4.20 3.66 3.05 2.47 1.91 1.52 1.28 1.65 2.76 3.77 4.57 4.95 4.93 4.39
 19   3.68 3.01 2.40 1.87 1.45 1.22 1.74 2.88 3.81 4.50 4.74 4.51 3.81 3.08 2.43 1.85 1.35 1.07 1.55 3.04 4.31 5.14 5.44 5.17
 20   4.45 3.61 2.78 2.08 1.46 1.02 0.84 1.93 3.39 4.50 5.05 5.09 4.57 3.67 2.88 2.18 1.54 0.97 0.76 2.05 3.63 4.93 5.63 5.63
 21   4.95 4.00 3.06 2.29 1.59 1.01 0.61 0.70 2.64 4.08 5.17 5.42 5.03 4.09 3.16 2.32 1.58 0.97 0.54 0.62 2.85 4.35 5.51 5.46
 22   5.47 4.49 3.51 2.65 1.85 1.20 0.67 0.36 1.56 3.43 4.88 5.57 5.52 4.75 3.73 2.82 1.99 1.30 0.76 0.41 1.78 3.60 5.10 5.79
 23   5.71 4.97 3.97 3.05 2.21 1.49 0.93 0.49 0.59 2.79 4.32 5.37 5.64 5.24 4.32 3.36 2.52 1.80 1.19 0.73 0.77 2.71 4.20 5.26
 24   5.57 5.32 4.49 3.57 2.74 2.01 1.41 0.89 0.64 1.91 3.50 4.76 5.38 5.42 4.78 3.85 2.99 2.23 1.61 1.11 0.86 1.96 3.52 4.66
 25   5.30 5.35 4.80 3.92 3.11 2.39 1.76 1.23 0.88 1.25 2.90 4.14 5.04 5.30 5.01 4.18 3.35 2.60 1.93 1.41 1.07 1.37 2.88 4.01
 26   4.81 5.08 4.85 4.09 3.26 2.55 1.95 1.42 1.04 1.01 2.40 3.54 4.45 4.93 4.89 4.30 3.52 2.77 2.16 1.64 1.29 1.23 2.38 3.45
 27   4.30 4.74 4.75 4.19 3.41 2.74 2.15 1.63 1.27 1.04 1.85 2.94 3.85 4.47 4.71 4.45 3.78 3.07 2.47 1.94 1.57 1.40 2.11 3.04
 28   3.81 4.30 4.50 4.21 3.55 2.92 2.37 1.87 1.47 1.27 1.74 2.63 3.46 4.13 4.47 4.48 4.03 3.40 2.84 2.32 1.91 1.68 1.99 2.75
 29   3.39 3.90 4.15 4.11 3.68 3.18 2.68 2.19 1.82 1.59 1.80 2.45 3.09 3.68 4.08 4.23 4.05 3.64 3.19 2.77 2.40 2.18 2.25 2.62
 ----------------------------------------------------------------------------------------------------------------------------
                                                                                               
 ----------------------------------------------------------------------------------------------------------------------------
 ----------------------------------------------------------------------------------------------------------------------------
                                                          SURVEY OF INDIA
                                                    MARINE GEODESY WING (G&RB)
                                                     HOURLY HEIGHTS IN METRES
  NAME OF PORT:- HALDIA                                                                             MONTH MARCH     YEAR 2008
 ----------------------------------------------------------------------------------------------------------------------------
 DAYS 0000 0001 0002 0003 0004 0005 0006 0007 0008 0009 0010 0011 0012 0013 0014 0015 0016 0017 0018 0019 0020 0021 0022 0023
 ----------------------------------------------------------------------------------------------------------------------------
  1   3.05 3.42 3.68 3.75 3.62 3.34 3.00 2.65 2.33 2.13 2.12 2.37 2.80 3.17 3.51 3.72 3.80 3.76 3.60 3.38 3.12 2.88 2.74 2.65
  2   2.66 2.80 2.97 3.12 3.25 3.36 3.35 3.27 3.12 2.94 2.74 2.55 2.45 2.44 2.58 2.87 3.24 3.63 3.95 4.10 4.00 3.74 3.38 3.00
  3   2.66 2.37 2.17 2.23 2.50 2.90 3.35 3.66 3.82 3.74 3.45 3.03 2.61 2.27 1.99 1.87 2.18 2.85 3.53 4.16 4.54 4.57 4.23 3.70
  4   3.15 2.64 2.20 1.87 1.74 2.17 2.92 3.59 4.08 4.32 4.20 3.68 3.05 2.55 2.08 1.72 1.55 2.14 3.09 4.10 4.66 4.96 4.85 4.27
  5   3.60 2.94 2.37 1.93 1.56 1.58 2.44 3.39 4.13 4.55 4.62 4.20 3.50 2.82 2.20 1.66 1.25 1.12 2.15 3.48 4.53 5.15 5.28 4.87
  6   4.05 3.25 2.50 1.87 1.34 0.98 1.20 2.65 3.90 4.79 5.10 4.88 4.10 3.30 2.55 1.84 1.25 0.85 0.97 2.84 4.32 5.42 5.77 5.45
  7   4.58 3.64 2.74 1.97 1.30 0.73 0.45 1.67 3.48 4.89 5.58 5.52 4.80 3.84 2.93 2.15 1.45 0.86 0.50 1.55 3.50 5.05 5.85 5.95
  8   5.20 4.15 3.23 2.36 1.60 0.94 0.46 0.35 2.59 4.28 5.54 5.86 5.49 4.57 3.54 2.64 1.83 1.14 0.62 0.38 2.40 4.15 5.56 6.04
  9   5.81 4.87 3.83 2.89 2.00 1.30 0.70 0.32 1.13 3.30 4.85 5.75 5.84 5.20 4.17 3.17 2.30 1.54 0.93 0.53 0.80 3.03 4.60 5.65
 10   5.88 5.34 4.34 3.37 2.44 1.64 0.99 0.47 0.18 2.11 3.87 5.35 5.80 5.60 4.72 3.71 2.75 1.92 1.27 0.75 0.53 2.01 3.66 4.98
 11   5.58 5.50 4.78 3.80 2.86 2.07 1.41 0.83 0.42 1.00 3.10 4.56 5.53 5.72 5.22 4.25 3.33 2.50 1.79 1.21 0.78 0.91 2.82 4.22
 12   5.20 5.44 5.10 4.24 3.32 2.56 1.87 1.28 0.80 0.60 2.30 3.73 4.91 5.35 5.28 4.60 3.75 2.93 2.22 1.67 1.24 1.03 2.05 3.33
 13   4.04 4.87 4.94 4.41 3.63 2.90 2.23 1.64 1.20 0.90 1.50 2.95 4.00 4.69 5.01 4.83 4.15 3.44 2.78 2.20 1.74 1.46 1.61 2.62
 14   3.50 4.15 4.54 4.52 4.05 3.39 2.74 2.18 1.68 1.34 1.29 2.20 3.05 3.80 4.30 4.54 4.36 3.84 3.25 2.72 2.24 1.91 1.80 2.18
 15   2.80 3.32 3.80 4.09 4.14 3.80 3.32 2.83 2.39 2.00 1.76 1.85 2.40 2.99 3.54 3.98 4.22 4.23 3.95 3.55 3.16 2.80 2.50 2.31
 16   2.29 2.46 2.76 3.14 3.45 3.68 3.74 3.58 3.25 2.91 2.58 2.30 2.10 2.24 2.57 3.00 3.52 3.97 4.28 4.37 4.17 3.77 3.33 2.92
 17   2.51 2.20 2.00 2.10 2.57 3.13 3.65 4.00 4.11 3.90 3.49 3.00 2.53 2.11 1.83 1.77 2.42 3.22 3.95 4.50 4.79 4.74 4.31 3.70
 18   3.10 2.54 2.07 1.70 1.54 2.09 3.00 3.81 4.34 4.57 4.42 3.80 3.20 2.60 2.11 1.74 1.49 2.10 3.18 4.13 4.80 5.13 4.98 4.40
 19   3.70 3.05 2.38 1.84 1.45 1.42 2.28 3.47 4.37 4.94 5.04 4.62 3.87 3.14 2.46 1.85 1.43 1.27 2.34 3.68 4.83 5.45 5.51 5.04
 20   4.20 3.34 2.57 1.91 1.37 0.95 1.10 2.79 4.00 4.94 5.31 5.13 4.44 3.59 2.80 2.10 1.50 1.07 1.15 2.80 4.10 4.98 5.34 5.19
 21   4.42 3.60 2.80 2.13 1.59 1.15 0.96 2.05 3.49 4.63 5.34 5.45 4.95 4.03 3.16 2.43 1.76 1.21 0.91 1.55 3.40 4.70 5.54 5.64
 22   5.02 4.21 3.34 2.53 1.79 1.16 0.70 0.70 2.70 4.27 5.37 5.67 5.34 4.47 3.57 2.71 1.95 1.30 0.84 0.80 2.80 4.25 5.30 5.63
 23   5.30 4.50 3.63 2.81 2.02 1.35 0.81 0.53 1.82 3.49 4.86 5.50 5.48 4.80 3.88 3.00 2.22 1.54 0.99 0.69 1.68 3.34 4.58 5.32
 24   5.40 4.85 3.93 3.08 2.35 1.68 1.12 0.70 0.88 2.71 4.18 5.22 5.52 5.25 4.38 3.44 2.69 2.00 1.44 1.11 1.12 2.71 3.99 4.93
 25   5.27 5.05 4.25 3.44 2.68 2.00 1.48 1.01 0.85 2.22 3.65 4.80 5.35 5.37 4.74 3.84 3.00 2.30 1.70 1.27 1.07 2.28 3.57 4.54
 26   5.04 5.05 4.47 3.68 2.95 2.31 1.74 1.28 1.04 1.85 3.27 4.30 5.01 5.21 4.84 4.05 3.30 2.63 2.04 1.60 1.35 1.90 3.17 4.17
 27   4.80 5.01 4.71 4.00 3.25 2.60 2.04 1.55 1.24 1.50 2.87 3.94 4.66 5.00 4.94 4.31 3.58 2.94 2.35 1.87 1.57 1.73 2.80 3.70
 28   4.35 4.68 4.60 4.03 3.36 2.74 2.20 1.75 1.46 1.50 2.54 3.42 4.18 4.63 4.78 4.50 3.87 3.25 2.71 2.28 2.00 1.99 2.73 3.39
 29   3.93 4.31 4.44 4.13 3.60 3.04 2.54 2.12 1.81 1.74 2.28 3.00 3.65 4.10 4.40 4.37 4.05 3.59 3.14 2.73 2.43 2.24 2.38 2.83
 30   3.30 3.67 3.85 3.94 3.74 3.37 3.03 2.71 2.43 2.23 2.26 2.60 3.05 3.52 3.87 4.07 4.10 3.93 3.69 3.41 3.11 2.85 2.71 2.72
 31   2.91 3.19 3.48 3.54 3.53 3.46 3.32 3.13 2.94 2.77 2.68 2.60 2.67 2.90 3.15 3.42 3.71 3.92 4.02 3.98 3.78 3.46 3.05 2.71
 ----------------------------------------------------------------------------------------------------------------------------
                                                                                               
 ----------------------------------------------------------------------------------------------------------------------------
 ----------------------------------------------------------------------------------------------------------------------------
                                                          SURVEY OF INDIA
                                                    MARINE GEODESY WING (G&RB)
                                                     HOURLY HEIGHTS IN METRES
  NAME OF PORT:- HALDIA                                                                             MONTH APRIL     YEAR 2008
 ----------------------------------------------------------------------------------------------------------------------------
 DAYS 0000 0001 0002 0003 0004 0005 0006 0007 0008 0009 0010 0011 0012 0013 0014 0015 0016 0017 0018 0019 0020 0021 0022 0023
 ----------------------------------------------------------------------------------------------------------------------------
  1   2.39 2.18 2.19 2.56 2.96 3.34 3.64 3.82 3.80 3.63 3.30 2.92 2.57 2.15 1.84 2.10 2.93 3.53 4.07 4.37 4.42 4.15 3.67 3.18
  2   2.70 2.30 1.98 1.83 2.14 2.82 3.50 4.03 4.37 4.40 4.01 3.47 2.92 2.45 2.04 1.76 1.90 2.82 3.70 4.40 4.85 4.90 4.50 3.88
  3   3.25 2.65 2.10 1.70 1.51 2.00 2.99 3.88 4.55 4.87 4.75 4.17 3.47 2.82 2.25 1.76 1.48 1.87 3.15 4.27 5.10 5.43 5.22 4.51
  4   3.70 2.88 2.15 1.59 1.13 0.95 1.88 3.32 4.52 5.23 5.27 4.73 3.88 3.12 2.41 1.77 1.30 1.06 2.02 3.50 4.76 5.50 5.57 5.02
  5   4.10 3.29 2.54 1.90 1.32 0.87 0.81 2.45 4.15 5.36 5.68 5.43 4.58 3.63 2.77 2.00 1.37 0.90 0.87 2.49 3.80 5.01 5.73 5.64
  6   4.85 3.86 2.94 2.11 1.36 0.75 0.35 1.20 3.50 5.08 5.95 6.04 5.36 4.30 3.35 2.42 1.65 1.00 0.59 1.02 3.20 4.69 5.73 5.94
  7   5.43 4.42 3.45 2.55 1.74 1.06 0.53 0.41 2.80 4.49 5.79 6.20 5.95 4.97 3.95 2.97 2.10 1.37 0.84 0.58 2.10 3.92 5.37 5.92
  8   5.82 4.96 3.92 2.99 2.13 1.42 0.83 0.43 1.23 3.44 5.08 6.00 6.15 5.57 4.55 3.57 2.68 1.90 1.28 0.86 1.00 2.87 4.33 5.39
  9   5.69 5.37 4.46 3.56 2.71 2.00 1.40 0.88 0.66 2.39 3.93 5.26 5.80 5.73 5.06 4.07 3.21 2.42 1.80 1.31 1.02 1.83 3.33 4.44
 10   5.11 5.28 4.78 3.97 3.13 2.42 1.84 1.32 0.93 1.36 3.00 4.20 5.08 5.41 5.22 4.47 3.63 2.87 2.24 1.73 1.39 1.40 2.53 3.57
 11   4.40 4.82 4.86 4.30 3.55 2.87 2.27 1.73 1.34 1.21 2.20 3.30 4.23 4.77 5.02 4.80 4.13 3.44 2.82 2.28 1.85 1.83 1.96 2.84
 12   3.62 4.20 4.47 4.40 3.92 3.35 2.77 2.23 1.84 1.56 1.86 2.72 3.51 4.12 4.55 4.68 4.45 3.92 3.42 2.90 2.47 2.16 2.02 2.28
 13   2.86 3.45 3.89 4.12 4.09 3.78 3.38 2.94 2.54 2.21 2.00 2.17 2.69 3.25 3.75 4.14 4.35 4.31 3.98 3.61 3.18 2.83 2.52 2.20
 14   2.00 2.17 2.84 3.38 3.79 4.02 4.02 3.77 3.50 3.17 2.82 2.41 2.19 2.30 2.73 3.30 3.82 4.20 4.40 4.37 4.08 3.68 3.22 2.82
 15   2.40 2.08 1.94 2.23 2.87 3.47 3.94 4.25 4.34 4.07 3.60 3.12 2.70 2.32 2.05 2.21 2.93 3.68 4.32 4.68 4.73 4.35 3.77 3.23
 16   2.75 2.34 1.98 1.73 2.00 2.85 3.66 4.33 4.70 4.73 4.28 3.72 3.09 2.51 2.03 1.74 1.85 2.78 3.80 4.55 4.94 5.00 4.62 3.91
 17   3.21 2.58 2.01 1.58 1.36 1.82 3.05 4.10 4.84 5.10 4.93 4.27 3.54 2.84 2.23 1.72 1.39 1.76 3.10 4.13 4.89 5.23 5.12 4.47
 18   3.71 2.98 2.29 1.72 1.31 1.20 2.38 3.67 4.73 5.35 5.37 4.83 4.03 3.25 2.48 1.89 1.40 1.14 2.07 3.49 4.52 5.15 5.28 4.84
 19   3.98 3.26 2.56 1.92 1.41 1.07 1.28 2.89 4.13 5.12 5.47 5.26 4.48 3.61 2.83 2.14 1.60 1.19 1.26 2.64 3.90 4.85 5.31 5.21
 20   4.50 3.69 2.91 2.21 1.62 1.15 0.89 1.93 3.49 4.75 5.48 5.56 4.98 4.06 3.20 2.49 1.84 1.32 1.05 1.83 3.34 4.40 5.14 5.32
 21   4.87 4.00 3.22 2.50 1.84 1.31 0.94 1.20 2.93 4.29 5.26 5.58 5.33 4.50 3.60 2.80 2.09 1.50 1.10 1.22 2.64 3.90 4.83 5.22
 22   5.11 4.36 3.52 2.77 2.10 1.53 1.10 0.94 2.33 3.79 4.90 5.46 5.45 4.80 3.90 3.10 2.37 1.76 1.31 1.12 2.17 3.50 4.49 5.07
 23   5.17 4.64 3.80 3.05 2.33 1.73 1.27 0.96 1.72 3.21 4.40 5.19 5.43 5.12 4.27 3.47 2.74 2.10 1.57 1.28 1.60 2.94 3.98 4.71
 24   5.04 4.85 4.12 3.37 2.66 2.05 1.54 1.17 1.30 2.70 3.88 4.83 5.25 5.24 4.62 3.84 3.10 2.43 1.89 1.54 1.45 2.39 3.50 4.35
 25   4.82 4.89 4.39 3.65 2.98 2.37 1.83 1.44 1.28 2.25 3.40 4.29 4.88 5.11 4.83 4.13 3.47 2.80 2.24 1.83 1.63 2.13 3.15 3.97
 26   4.46 4.70 4.52 3.92 3.26 2.65 2.13 1.70 1.49 2.04 3.03 3.94 4.54 4.89 4.96 4.47 3.82 3.14 2.67 2.21 1.92 2.14 2.90 3.67
 27   4.21 4.50 4.51 4.15 3.65 3.11 2.59 2.15 1.85 1.95 2.69 3.45 4.09 4.54 4.78 4.67 4.24 3.73 3.23 2.75 2.39 2.24 2.54 3.11
 28   3.71 4.15 4.38 4.32 4.00 3.55 3.10 2.72 2.41 2.24 2.43 3.01 3.54 4.05 4.43 4.58 4.46 4.06 3.63 3.21 2.85 2.57 2.45 2.60
 29   3.00 3.46 3.82 4.04 4.09 3.91 3.60 3.24 2.90 2.62 2.42 2.47 2.81 3.27 3.77 4.18 4.45 4.53 4.30 3.87 3.47 3.06 2.69 2.42
 30   2.33 2.54 3.01 3.47 3.91 4.18 4.24 4.06 3.76 3.38 3.00 2.66 2.40 2.35 2.80 3.39 4.01 4.50 4.78 4.72 4.28 3.71 3.17 2.66
 ----------------------------------------------------------------------------------------------------------------------------
                                                                                               
 ----------------------------------------------------------------------------------------------------------------------------
 ----------------------------------------------------------------------------------------------------------------------------
                                                          SURVEY OF INDIA
                                                    MARINE GEODESY WING (G&RB)
                                                     HOURLY HEIGHTS IN METRES
  NAME OF PORT:- HALDIA                                                                             MONTH MAY       YEAR 2008
 ----------------------------------------------------------------------------------------------------------------------------
 DAYS 0000 0001 0002 0003 0004 0005 0006 0007 0008 0009 0010 0011 0012 0013 0014 0015 0016 0017 0018 0019 0020 0021 0022 0023
 ----------------------------------------------------------------------------------------------------------------------------
  1   2.28 2.06 2.15 2.66 3.34 3.96 4.44 4.73 4.66 4.21 3.65 3.08 2.55 2.16 1.93 2.23 3.11 4.03 4.73 5.16 5.12 4.59 3.90 3.24
  2   2.60 2.14 1.84 1.80 2.49 3.51 4.40 5.00 5.24 5.08 4.39 3.71 3.10 2.52 2.07 1.77 2.06 3.30 4.43 5.29 5.49 5.07 4.32 3.71
  3   3.00 2.33 1.75 1.33 1.23 2.41 3.80 5.02 5.72 5.76 5.23 4.36 3.55 2.79 2.12 1.60 1.28 1.98 3.55 4.88 5.66 5.69 4.94 4.11
  4   3.35 2.61 1.92 1.33 0.92 1.09 2.92 4.50 5.80 6.27 6.07 5.20 4.24 3.29 2.50 1.80 1.28 1.07 2.26 4.02 5.34 5.91 5.60 4.70
  5   3.86 3.08 2.32 1.62 1.06 0.68 1.55 3.52 5.15 6.17 6.38 5.88 4.91 3.88 2.90 2.10 1.46 0.96 0.90 2.75 4.43 5.69 6.06 5.57
  6   4.62 3.70 2.80 2.02 1.34 0.78 0.44 1.85 3.90 5.58 6.44 6.44 5.54 4.50 3.50 2.56 1.83 1.21 0.84 1.20 3.33 4.88 5.91 6.06
  7   5.30 4.30 3.38 2.49 1.73 1.08 0.60 0.47 2.73 4.53 5.86 6.36 6.22 5.32 4.30 3.30 2.52 1.82 1.28 1.03 1.90 3.61 4.94 5.70
  8   5.78 5.15 4.22 3.37 2.59 1.89 1.32 0.87 1.32 3.29 4.73 5.77 6.09 5.80 4.93 4.02 3.18 2.46 1.88 1.47 1.36 2.47 3.57 4.44
  9   5.20 5.31 4.84 3.94 3.13 2.44 1.84 1.32 1.02 2.02 3.50 4.75 5.49 5.74 5.42 4.58 3.79 3.06 2.44 1.99 1.67 1.76 2.84 3.76
 10   4.67 5.13 5.15 4.51 3.78 3.07 2.44 1.97 1.65 1.71 2.80 3.83 4.61 5.16 5.36 5.02 4.33 3.66 3.01 2.51 2.09 1.84 2.12 2.77
 11   3.64 4.38 4.73 4.77 4.26 3.58 2.96 2.45 2.08 1.87 2.24 3.09 3.84 4.49 4.93 5.06 4.75 4.14 3.54 3.02 2.55 2.16 1.93 1.88
 12   2.95 3.38 4.02 4.48 4.48 4.20 3.67 3.10 2.66 2.29 2.08 2.24 2.72 3.47 4.15 4.64 4.86 4.68 4.17 3.62 3.07 2.56 2.24 2.01
 13   2.10 2.60 3.11 3.68 4.17 4.43 4.42 4.01 3.43 2.90 2.49 2.24 2.27 2.66 3.31 3.89 4.39 4.68 4.68 4.27 3.74 3.20 2.73 2.34
 14   2.04 1.97 2.37 3.03 3.71 4.22 4.53 4.51 4.25 3.70 3.18 2.70 2.31 2.06 2.24 2.95 3.70 4.30 4.70 4.78 4.42 3.86 3.27 2.70
 15   2.24 1.92 1.76 2.16 2.94 3.77 4.40 4.81 4.88 4.46 3.82 3.19 2.64 2.16 1.87 1.97 2.85 3.68 4.37 4.76 4.90 4.44 3.64 3.05
 16   2.57 2.12 1.72 1.57 2.07 2.94 3.84 4.58 4.96 4.95 4.40 3.72 3.03 2.46 1.97 1.73 1.86 2.90 3.81 4.50 4.89 4.86 4.30 3.60
 17   2.94 2.40 1.89 1.56 1.53 2.32 3.42 4.38 5.06 5.27 4.99 4.25 3.50 2.80 2.22 1.81 1.58 2.30 3.36 4.16 4.60 4.87 4.64 4.06
 18   3.30 2.63 2.04 1.60 1.32 1.62 3.04 4.21 5.20 5.58 5.47 4.82 4.03 3.32 2.65 2.09 1.70 1.74 2.77 3.80 4.67 5.06 4.90 4.25
 19   3.50 2.86 2.33 1.85 1.34 1.41 2.38 3.67 4.84 5.53 5.58 5.16 4.37 3.60 2.84 2.22 1.78 1.53 2.20 3.27 4.32 4.85 5.00 4.50
 20   3.97 3.30 2.67 2.03 1.59 1.28 1.40 2.65 4.04 5.18 5.70 5.66 5.03 4.22 3.41 2.68 2.06 1.63 1.49 2.44 3.64 4.43 4.87 5.07
 21   4.77 3.94 3.20 2.50 2.03 1.67 1.41 1.99 3.34 4.39 5.04 5.46 5.35 4.73 3.90 3.06 2.33 1.73 1.34 1.40 2.80 3.97 4.80 5.17
 22   5.10 4.37 3.60 2.86 2.23 1.60 1.25 1.28 2.65 3.95 4.96 5.56 5.59 5.04 4.19 3.40 2.70 2.07 1.66 1.52 2.35 3.55 4.41 4.85
 23   4.95 4.46 3.66 3.02 2.43 1.91 1.56 1.39 2.30 3.51 4.60 5.27 5.41 5.13 4.47 3.74 3.00 2.33 1.83 1.56 1.70 2.84 3.80 4.54
 24   4.92 4.85 4.21 3.55 2.91 2.35 1.86 1.55 1.60 2.79 3.81 4.66 5.15 5.23 4.79 4.05 3.38 2.73 2.21 1.82 1.64 2.24 3.23 4.05
 25   4.58 4.82 4.58 3.90 3.22 2.63 2.11 1.71 1.50 2.05 3.16 4.04 4.60 4.94 5.00 4.47 3.77 3.08 2.46 2.00 1.72 1.69 2.62 3.45
 26   4.14 4.56 4.66 4.20 3.58 2.99 2.42 1.98 1.66 1.72 2.66 3.51 4.25 4.74 4.94 4.73 4.15 3.53 2.93 2.41 2.00 1.77 1.99 2.86
 27   3.64 4.18 4.50 4.47 4.04 3.47 2.90 2.43 2.05 1.85 2.18 2.87 3.63 4.21 4.62 4.80 4.53 3.99 3.41 2.87 2.42 2.04 1.95 2.09
 28   2.18 3.50 4.14 4.43 4.42 4.04 3.50 3.02 2.58 2.26 2.12 2.28 2.94 3.63 4.18 4.56 4.74 4.57 4.08 3.53 3.01 2.53 2.11 1.86
 29   2.15 2.85 3.55 4.05 4.38 4.45 4.19 3.75 3.29 2.89 2.53 2.31 2.30 2.78 3.45 4.06 4.53 4.74 4.61 4.17 3.65 3.10 2.54 2.05
 30   1.73 1.70 2.45 3.29 4.03 4.48 4.65 4.56 4.12 3.56 3.03 2.53 2.14 1.94 2.30 3.12 3.89 4.46 4.82 4.76 4.23 3.61 2.95 2.39
 31   1.91 1.59 1.54 2.33 3.29 4.16 4.75 5.04 4.92 4.34 3.66 3.05 2.49 2.06 1.82 2.05 2.98 3.80 4.46 4.83 4.86 4.42 3.74 3.07
 ----------------------------------------------------------------------------------------------------------------------------
                                                                                               
 ----------------------------------------------------------------------------------------------------------------------------
 ----------------------------------------------------------------------------------------------------------------------------
                                                          SURVEY OF INDIA
                                                    MARINE GEODESY WING (G&RB)
                                                     HOURLY HEIGHTS IN METRES
  NAME OF PORT:- HALDIA                                                                             MONTH JUNE      YEAR 2008
 ----------------------------------------------------------------------------------------------------------------------------
 DAYS 0000 0001 0002 0003 0004 0005 0006 0007 0008 0009 0010 0011 0012 0013 0014 0015 0016 0017 0018 0019 0020 0021 0022 0023
 ----------------------------------------------------------------------------------------------------------------------------
  1   2.46 1.95 1.57 1.43 2.25 3.37 4.35 5.03 5.29 5.09 4.48 3.76 3.05 2.42 1.90 1.56 1.64 2.75 3.85 4.70 5.13 5.13 4.54 3.81
  2   3.09 2.39 1.79 1.39 1.24 2.20 3.49 4.64 5.49 5.69 5.37 4.59 3.75 3.00 2.29 1.75 1.38 1.51 2.91 4.09 4.89 5.30 5.06 4.29
  3   3.44 2.67 2.01 1.44 0.97 0.85 2.25 3.73 5.01 5.75 5.79 5.25 4.36 3.49 2.72 2.05 1.51 1.15 1.39 2.89 4.17 5.06 5.35 4.89
  4   4.04 3.29 2.59 1.96 1.39 0.93 0.81 2.29 3.84 5.21 5.86 5.81 5.18 4.27 3.41 2.57 1.87 1.32 0.99 1.58 3.26 4.49 5.31 5.49
  5   5.09 4.22 3.39 2.59 1.86 1.24 0.79 1.03 2.95 4.39 5.57 6.02 5.79 4.85 3.83 2.97 2.36 1.76 1.28 1.11 2.29 3.76 4.70 5.26
  6   5.40 4.93 4.03 3.21 2.42 1.64 1.18 0.80 1.30 3.15 4.56 5.59 5.87 5.57 4.74 3.84 3.05 2.33 1.75 1.30 1.11 2.09 3.49 4.43
  7   4.99 5.13 4.62 3.81 3.01 2.33 1.75 1.27 0.97 1.90 3.45 4.69 5.54 5.65 5.26 4.44 3.62 2.89 2.26 1.81 1.46 1.38 2.37 3.52
  8   4.39 4.89 4.96 4.40 3.62 2.89 2.30 1.81 1.43 1.31 2.49 3.59 4.71 5.19 5.33 4.91 4.13 3.40 2.76 2.25 1.83 1.56 1.75 2.79
  9   3.72 4.46 4.85 4.87 4.29 3.52 2.89 2.31 1.86 1.58 1.93 2.99 3.94 4.69 5.12 5.16 4.59 3.87 3.22 2.64 2.16 1.81 1.66 2.14
 10   3.11 3.92 4.50 4.80 4.65 4.00 3.41 2.79 2.30 1.94 1.82 2.33 3.19 3.98 4.61 4.98 4.97 4.46 3.81 3.21 2.67 2.21 1.89 1.87
 11   2.48 3.23 3.94 4.39 4.65 4.55 4.05 3.51 3.00 2.57 2.26 2.11 2.50 3.26 3.95 4.53 4.85 4.81 4.29 3.70 3.14 2.61 2.21 1.96
 12   2.03 2.62 3.29 3.86 4.30 4.57 4.56 4.15 3.63 3.16 2.71 2.35 2.21 2.53 3.09 3.78 4.29 4.65 4.67 4.23 3.68 3.12 2.64 2.26
 13   1.99 2.03 2.53 3.26 3.92 4.40 4.68 4.64 4.23 3.74 3.19 2.72 2.36 2.14 2.35 2.97 3.61 4.20 4.57 4.66 4.30 3.75 3.21 2.70
 14   2.30 2.02 1.94 2.41 3.12 3.89 4.44 4.79 4.77 4.32 3.74 3.14 2.61 2.15 1.89 2.16 2.92 3.69 4.29 4.66 4.77 4.31 3.62 2.99
 15   2.46 2.04 1.77 1.83 2.46 3.19 3.95 4.53 4.95 4.95 4.46 3.78 3.07 2.51 2.08 1.89 2.13 2.96 3.79 4.45 4.77 4.70 4.14 3.52
 16   2.89 2.29 1.82 1.55 1.58 2.48 3.49 4.42 5.04 5.31 5.03 4.28 3.55 2.93 2.33 1.87 1.69 1.93 2.76 3.74 4.25 4.61 4.59 4.11
 17   3.59 3.01 2.59 2.15 1.78 1.80 2.61 3.81 4.59 5.16 5.36 5.08 4.47 3.84 3.10 2.50 2.09 1.84 1.97 3.01 4.01 4.59 4.87 4.73
 18   4.19 3.58 2.94 2.37 1.86 1.44 1.63 2.99 4.31 5.29 5.67 5.51 4.83 4.09 3.29 2.56 1.89 1.44 1.44 2.69 3.90 4.68 5.03 5.01
 19   4.41 3.67 2.92 2.22 1.64 1.19 0.93 2.09 3.70 4.92 5.57 5.71 5.21 4.34 3.53 2.71 2.09 1.55 1.22 1.73 3.13 4.25 4.99 5.23
 20   4.93 4.15 3.41 2.65 2.01 1.52 1.15 1.31 3.00 4.43 5.49 5.86 5.63 4.81 3.96 3.04 2.32 1.76 1.35 1.33 2.61 3.88 4.83 5.31
 21   5.34 4.70 3.87 3.08 2.36 1.78 1.31 1.00 2.08 3.60 4.93 5.69 5.84 5.34 4.44 3.58 2.75 2.12 1.64 1.36 1.91 3.20 4.20 5.03
 22   5.34 5.06 4.26 3.53 2.73 2.08 1.60 1.20 1.46 3.10 4.40 5.32 5.72 5.60 4.89 4.07 3.28 2.50 1.92 1.47 1.28 2.25 3.50 4.50
 23   5.13 5.26 4.83 4.05 3.26 2.54 1.94 1.48 1.22 2.02 3.50 4.68 5.41 5.61 5.32 4.54 3.73 2.90 2.27 1.73 1.35 1.46 2.76 3.86
 24   4.74 5.16 5.17 4.54 3.73 2.97 2.32 1.76 1.39 1.43 2.80 3.92 4.90 5.44 5.52 4.96 4.16 3.35 2.65 2.07 1.62 1.37 2.00 3.16
 25   4.20 4.90 5.18 4.96 4.17 3.41 2.69 2.10 1.68 1.46 2.10 3.18 4.18 4.97 5.36 5.26 4.57 3.81 3.08 2.43 1.93 1.60 1.60 2.43
 26   3.43 4.32 4.88 5.08 4.72 4.03 3.32 2.65 2.16 1.83 1.77 2.48 3.38 4.24 4.87 5.16 4.93 4.30 3.61 2.91 2.27 1.80 1.48 1.57
 27   2.55 3.50 4.35 4.82 4.95 4.59 4.01 3.37 2.70 2.24 1.93 1.94 2.50 3.33 4.13 4.70 5.00 4.84 4.26 3.60 2.86 2.25 1.77 1.46
 28   1.63 2.65 3.54 4.30 4.83 4.99 4.72 4.19 3.60 3.02 2.50 2.15 2.02 2.45 3.20 3.96 4.57 4.94 4.93 4.37 3.73 3.08 2.48 2.00
 29   1.68 1.61 2.44 3.35 4.23 4.78 5.04 4.93 4.45 3.90 3.32 2.76 2.28 1.96 1.90 2.60 3.53 4.33 4.81 4.92 4.51 3.87 3.20 2.55
 30   2.00 1.63 1.39 1.95 3.05 4.00 4.70 5.14 5.23 4.80 4.12 3.46 2.79 2.25 1.84 1.60 2.10 3.20 4.10 4.74 5.03 4.68 4.05 3.35
 ----------------------------------------------------------------------------------------------------------------------------
                                                                                               
 ----------------------------------------------------------------------------------------------------------------------------
 ----------------------------------------------------------------------------------------------------------------------------
                                                          SURVEY OF INDIA
                                                    MARINE GEODESY WING (G&RB)
                                                     HOURLY HEIGHTS IN METRES
  NAME OF PORT:- HALDIA                                                                             MONTH JULY      YEAR 2008
 ----------------------------------------------------------------------------------------------------------------------------
 DAYS 0000 0001 0002 0003 0004 0005 0006 0007 0008 0009 0010 0011 0012 0013 0014 0015 0016 0017 0018 0019 0020 0021 0022 0023
 ----------------------------------------------------------------------------------------------------------------------------
  1   2.69 2.11 1.63 1.31 1.52 2.80 3.93 4.92 5.54 5.61 5.19 4.40 3.64 2.90 2.24 1.73 1.46 1.85 3.27 4.28 4.96 5.24 4.99 4.26
  2   3.49 2.72 2.07 1.52 1.07 1.02 2.58 3.96 5.09 5.72 5.72 5.19 4.32 3.46 2.63 1.98 1.46 1.10 1.53 3.01 4.31 5.23 5.46 5.18
  3   4.37 3.47 2.63 1.97 1.38 0.89 0.85 2.67 4.27 5.52 6.10 5.98 5.21 4.29 3.32 2.49 1.81 1.29 0.97 1.68 3.28 4.63 5.33 5.46
  4   5.09 4.22 3.33 2.53 1.83 1.22 0.74 0.84 3.00 4.63 5.85 6.22 5.91 5.03 4.10 3.14 2.31 1.60 1.06 0.76 1.98 3.54 4.85 5.63
  5   5.68 5.07 4.16 3.23 2.39 1.69 1.08 0.61 1.32 3.40 4.91 5.94 6.20 5.63 4.66 3.70 2.76 1.96 1.37 0.94 0.86 2.47 3.93 5.09
  6   5.62 5.48 4.71 3.78 2.86 2.06 1.42 0.86 0.57 2.24 4.03 5.37 6.02 6.02 5.30 4.30 3.32 2.45 1.75 1.22 0.85 1.27 2.98 4.26
  7   5.20 5.56 5.29 4.49 3.57 2.67 1.98 1.37 0.93 1.10 2.96 4.34 5.30 5.73 5.52 4.75 3.87 2.97 2.20 1.61 1.14 0.95 2.08 3.36
  8   4.43 5.13 5.26 4.78 3.98 3.13 2.36 1.73 1.29 1.02 1.99 3.40 4.48 5.22 5.44 5.13 4.36 3.63 2.82 2.13 1.60 1.23 1.36 2.68
  9   3.80 4.75 5.17 5.19 4.60 3.86 3.11 2.45 1.93 1.61 1.83 2.97 3.93 4.84 5.24 5.22 4.63 3.91 3.20 2.56 2.04 1.68 1.58 2.37
 10   3.35 4.23 4.80 5.04 4.82 4.19 3.54 2.91 2.37 2.01 1.90 2.43 3.25 4.01 4.62 4.94 4.82 4.26 3.69 3.10 2.54 2.08 1.82 1.97
 11   2.69 3.48 4.20 4.66 4.83 4.62 4.12 3.57 3.01 2.55 2.25 2.22 2.69 3.28 3.87 4.33 4.53 4.43 3.98 3.48 2.95 2.48 2.10 1.95
 12   2.33 2.91 3.53 4.12 4.49 4.57 4.31 3.91 3.48 3.01 2.66 2.42 2.35 2.67 3.16 3.64 4.06 4.28 4.22 3.92 3.46 2.96 2.56 2.29
 13   2.20 2.34 2.80 3.29 3.80 4.18 4.40 4.36 4.12 3.75 3.30 2.83 2.47 2.25 2.36 2.81 3.35 3.74 3.96 4.07 3.91 3.54 3.10 2.67
 14   2.32 2.10 2.14 2.50 3.00 3.56 4.11 4.49 4.61 4.38 3.95 3.45 2.90 2.45 2.10 2.03 2.53 3.16 3.80 4.21 4.40 4.24 3.87 3.35
 15   2.80 2.30 1.91 1.67 1.83 2.60 3.41 4.20 4.74 4.96 4.70 4.11 3.48 2.87 2.37 1.95 1.74 2.22 3.03 3.80 4.35 4.62 4.45 4.00
 16   3.35 2.66 2.12 1.67 1.44 1.74 2.84 3.80 4.59 5.03 5.12 4.61 3.99 3.35 2.69 2.13 1.70 1.53 2.23 3.29 4.07 4.55 4.70 4.41
 17   3.79 3.10 2.47 1.92 1.46 1.24 1.75 3.00 4.26 5.03 5.33 5.17 4.54 3.78 3.00 2.36 1.81 1.44 1.44 2.66 3.73 4.54 4.93 4.90
 18   4.32 3.56 2.83 2.22 1.61 1.16 1.00 2.30 3.78 4.94 5.57 5.60 5.04 4.21 3.34 2.58 1.92 1.43 1.19 2.00 3.37 4.42 5.06 5.25
 19
 20
 21
 22
 23
 24
 25
 26
 27
 28
 29
 30
 31
 ----------------------------------------------------------------------------------------------------------------------------
                                                                                               
 ----------------------------------------------------------------------------------------------------------------------------
 ----------------------------------------------------------------------------------------------------------------------------
                                                          SURVEY OF INDIA
                                                    MARINE GEODESY WING (G&RB)
                                                     HOURLY HEIGHTS IN METRES
  NAME OF PORT:- HALDIA                                                                             MONTH AUGUST    YEAR 2008
 ----------------------------------------------------------------------------------------------------------------------------
 DAYS 0000 0001 0002 0003 0004 0005 0006 0007 0008 0009 0010 0011 0012 0013 0014 0015 0016 0017 0018 0019 0020 0021 0022 0023
 ----------------------------------------------------------------------------------------------------------------------------
  1   4.40 3.35 2.65 2.02 1.56 1.19 1.73 3.23 4.95 6.07 6.47 6.21 5.23 4.27 3.30 2.50 1.86 1.40 1.24 2.31 3.95 5.34 5.83 5.83
  2   5.05 4.25 3.45 2.62 1.85 1.32 0.99 2.20 3.98 5.58 6.45 6.66 6.00 4.90 3.90 2.95 2.20 1.61 1.24 1.52 3.20 4.68 5.77 6.24
  3   6.10 5.13 4.12 3.16 2.35 1.67 1.28 1.08 2.95 4.61 5.97 6.57 6.54 5.47 4.52 3.56 2.72 2.05 1.51 1.30 2.18 3.76 5.09 5.96
  4   6.19 5.79 4.83 3.82 2.92 2.13 1.62 1.35 2.00 3.73 5.14 6.12 6.51 6.17 5.12 4.13 3.21 2.49 1.88 1.42 1.38 2.81 4.29 5.51
  5   6.13 6.18 5.50 4.58 3.57 2.71 2.10 1.58 1.42 2.83 4.36 5.56 6.22 6.21 5.52 4.62 3.69 2.85 2.19 1.65 1.36 2.10 3.60 4.88
  6   5.73 5.99 5.68 4.84 3.98 3.10 2.39 1.80 1.46 1.89 3.46 4.65 5.55 5.87 5.63 4.90 4.08 3.21 2.49 1.92 1.52 1.56 2.86 4.05
  7   5.04 5.55 5.58 5.02 4.26 3.43 2.70 2.15 1.75 1.68 2.78 3.90 4.84 5.36 5.46 5.00 4.27 3.44 2.78 2.21 1.80 1.60 2.36 3.52
  8   4.50 5.18 5.46 5.19 4.56 3.84 3.12 2.53 2.15 1.98 2.53 3.46 4.27 4.89 5.22 5.12 4.51 3.90 3.31 2.79 2.40 2.21 2.46 3.23
  9   4.01 4.61 5.00 5.07 4.75 4.20 3.65 3.13 2.75 2.53 2.79 3.37 4.02 4.51 4.82 4.93 4.71 4.26 3.76 3.28 2.93 2.73 2.85 3.19
 10   3.70 4.17 4.56 4.81 4.90 4.71 4.35 3.94 3.61 3.34 3.22 3.42 3.74 4.15 4.47 4.71 4.72 4.46 4.15 3.85 3.48 3.17 3.02 3.23
 11   3.52 3.84 4.11 4.40 4.60 4.66 4.56 4.41 4.17 3.89 3.60 3.36 3.21 3.23 3.48 3.79 4.10 4.30 4.34 4.21 3.97 3.71 3.41 3.14
 12   3.01 3.02 3.21 3.51 3.88 4.21 4.47 4.65 4.64 4.40 4.04 3.63 3.20 2.85 2.66 2.78 3.19 3.70 4.09 4.33 4.35 4.18 3.87 3.48
 13   3.07 2.72 2.50 2.45 2.82 3.48 4.15 4.73 5.06 4.99 4.62 4.04 3.48 2.94 2.49 2.20 2.36 2.95 3.65 4.24 4.66 4.77 4.39 3.88
 14   3.32 2.74 2.33 2.01 1.93 2.61 3.51 4.44 5.21 5.45 5.19 4.65 3.99 3.29 2.69 2.19 1.88 2.10 3.00 3.92 4.62 5.02 5.05 4.54
 15   3.89 3.29 2.65 2.15 1.76 1.71 2.64 3.85 4.95 5.64 5.83 5.34 4.56 3.75 3.00 2.37 1.86 1.56 2.16 3.36 4.45 5.17 5.49 5.28
 16   4.51 3.78 3.06 2.43 1.85 1.47 1.61 3.12 4.49 5.57 6.01 5.86 5.04 4.13 3.28 2.54 1.91 1.45 1.48 2.83 4.20 5.27 5.78 5.73
 17   5.09 4.20 3.36 2.58 1.88 1.35 1.08 2.25 3.87 5.31 6.10 6.18 5.59 4.66 3.73 2.83 2.10 1.46 1.03 1.50 3.31 4.70 5.64 5.92
 18   5.59 4.70 3.83 2.97 2.14 1.49 1.00 0.89 2.91 4.51 5.76 6.21 6.03 5.16 4.19 3.20 2.31 1.59 0.97 0.63 2.04 3.76 5.16 5.90
 19   5.93 5.20 4.26 3.32 2.50 1.76 1.18 0.76 1.59 3.64 5.19 6.13 6.21 5.56 4.49 3.48 2.58 1.83 1.17 0.71 0.73 3.12 4.65 5.79
 20   6.13 5.72 4.72 3.78 2.78 2.00 1.35 0.85 0.62 2.58 4.22 5.53 6.05 5.90 5.06 4.06 3.04 2.24 1.52 0.97 0.64 2.09 3.77 5.18
 21   5.94 5.95 5.34 4.39 3.39 2.55 1.84 1.26 0.88 1.57 3.39 4.87 5.74 5.94 5.48 4.53 3.60 2.69 1.98 1.35 0.93 1.04 2.96 4.36
 22   5.43 5.86 5.70 4.92 4.00 3.12 2.40 1.77 1.34 1.26 2.67 3.92 5.05 5.61 5.57 4.90 4.04 3.17 2.44 1.81 1.34 1.13 2.23 3.58
 23   4.73 5.43 5.67 5.34 4.53 3.70 2.96 2.32 1.86 1.58 2.10 3.23 4.18 4.99 5.34 5.19 4.54 3.80 3.10 2.50 1.96 1.59 1.67 2.76
 24   3.80 4.69 5.20 5.31 4.92 4.24 3.59 2.98 2.49 2.13 2.00 2.51 3.34 4.12 4.72 5.03 4.86 4.27 3.69 3.09 2.55 2.12 1.89 2.10
 25   2.96 3.72 4.39 4.80 4.95 4.69 4.20 3.73 3.25 2.84 2.59 2.48 2.73 3.20 3.75 4.21 4.53 4.56 4.23 3.78 3.33 2.84 2.51 2.31
 26   2.35 2.80 3.38 3.97 4.44 4.69 4.71 4.49 4.15 3.71 3.27 2.89 2.59 2.45 2.62 3.11 3.65 4.10 4.40 4.44 4.18 3.77 3.33 2.87
 27   2.48 2.23 2.20 2.64 3.38 4.01 4.52 4.86 4.93 4.63 4.16 3.61 3.06 2.56 2.16 1.92 2.20 3.16 3.93 4.52 4.82 4.70 4.20 3.63
 28   3.04 2.48 2.00 1.65 1.73 2.72 3.79 4.70 5.28 5.35 5.02 4.33 3.62 2.90 2.25 1.74 1.40 1.68 3.11 4.21 5.00 5.27 5.05 4.43
 29   3.70 3.00 2.30 1.70 1.30 1.26 2.66 4.05 5.10 5.64 5.65 5.14 4.31 3.46 2.62 1.90 1.33 0.92 1.46 3.16 4.47 5.29 5.55 5.16
 30   4.36 3.50 2.70 1.99 1.36 0.94 0.90 2.91 4.40 5.51 5.95 5.90 4.96 4.00 3.10 2.30 1.61 1.06 0.79 1.96 3.62 4.98 5.65 5.66
 31   5.10 4.20 3.28 2.48 1.74 1.14 0.73 1.35 3.41 4.91 5.84 5.98 5.50 4.50 3.55 2.67 1.91 1.28 0.78 0.74 2.73 4.36 5.54 5.96
 ----------------------------------------------------------------------------------------------------------------------------
                                                                                               
 ----------------------------------------------------------------------------------------------------------------------------
 ----------------------------------------------------------------------------------------------------------------------------
                                                          SURVEY OF INDIA
                                                    MARINE GEODESY WING (G&RB)
                                                     HOURLY HEIGHTS IN METRES
  NAME OF PORT:- HALDIA                                                                             MONTH SEPT      YEAR 2008
 ----------------------------------------------------------------------------------------------------------------------------
 DAYS 0000 0001 0002 0003 0004 0005 0006 0007 0008 0009 0010 0011 0012 0013 0014 0015 0016 0017 0018 0019 0020 0021 0022 0023
 ----------------------------------------------------------------------------------------------------------------------------
  1   5.75 4.86 3.86 2.99 2.16 1.45 0.91 0.64 2.43 4.24 5.65 6.16 5.96 5.08 4.04 3.14 2.29 1.57 0.98 0.63 1.74 3.68 5.18 6.00
  2   6.00 5.38 4.43 3.49 2.60 1.84 1.20 0.76 1.30 3.46 4.96 5.88 5.98 5.43 4.44 3.45 2.60 1.85 1.26 0.83 0.96 3.01 4.57 5.64
  3   6.04 5.73 4.82 3.90 2.96 2.20 1.53 1.01 0.85 2.65 4.28 5.44 5.88 5.64 4.80 3.90 3.00 2.23 1.60 1.13 0.91 2.27 3.88 5.07
  4   5.78 5.76 5.16 4.26 3.37 2.56 1.90 1.34 1.03 1.96 3.53 4.73 5.43 5.52 5.04 4.15 3.33 2.54 1.94 1.45 1.16 1.82 3.36 4.53
  5   5.30 5.58 5.27 4.53 3.70 2.94 2.27 1.73 1.37 1.60 3.00 4.04 4.82 5.16 5.05 4.30 3.56 2.84 2.23 1.73 1.37 1.50 2.10 3.90
  6   4.58 5.06 5.14 4.73 4.00 3.33 2.65 2.08 1.70 1.56 2.43 3.40 4.25 4.77 4.93 4.57 3.90 3.25 2.64 2.15 1.76 1.63 2.30 3.25
  7   4.05 4.63 4.89 4.76 4.18 3.60 3.00 2.48 2.10 1.94 2.35 3.09 3.74 4.23 4.53 4.45 4.04 3.53 2.98 2.49 2.14 1.96 2.22 2.85
  8   3.50 4.09 4.47 4.57 4.33 3.90 3.45 2.97 2.63 2.42 2.55 3.00 3.40 3.84 4.08 4.13 3.97 3.69 3.34 2.98 2.68 2.52 2.54 2.76
  9   3.11 3.55 3.87 4.13 4.22 4.14 3.94 3.64 3.35 3.10 2.93 2.88 2.94 3.08 3.35 3.58 3.78 3.88 3.83 3.65 3.46 3.26 3.06 2.94
 10   2.87 2.95 3.10 3.39 3.72 4.00 4.18 4.27 4.16 3.88 3.59 3.29 2.96 2.74 2.70 2.91 3.24 3.67 4.03 4.23 4.22 4.00 3.63 3.25
 11   2.86 2.57 2.44 2.60 3.05 3.65 4.22 4.65 4.83 4.65 4.20 3.66 3.12 2.70 2.44 2.34 2.62 3.25 3.90 4.44 4.76 4.73 4.30 3.73
 12   3.20 2.69 2.28 2.04 2.23 3.03 3.84 4.68 5.23 5.33 4.96 4.23 3.52 2.88 2.33 1.97 1.83 2.42 3.45 4.35 5.02 5.24 4.97 4.28
 13   3.58 2.90 2.33 1.88 1.61 2.03 3.16 4.35 5.25 5.63 5.50 4.77 3.95 3.18 2.49 1.94 1.55 1.47 2.63 3.90 4.97 5.53 5.54 4.94
 14   4.12 3.35 2.60 2.02 1.53 1.27 2.10 3.60 4.94 5.77 5.93 5.44 4.50 3.63 2.78 2.06 1.50 1.11 1.60 3.26 4.62 5.63 5.94 5.62
 15   4.74 3.86 3.00 2.21 1.60 1.13 1.05 2.65 4.23 5.60 6.25 6.13 5.22 4.22 3.30 2.46 1.83 1.33 1.25 2.82 4.37 5.70 6.39 6.41
 16   5.56 4.50 3.55 2.75 2.13 1.65 1.41 2.53 4.14 5.65 6.56 6.83 6.06 4.97 4.04 3.15 2.49 2.14 1.96 2.77 4.14 5.65 6.57 6.86
 17   6.60 5.42 4.40 3.48 2.68 2.06 1.67 2.03 3.90 5.40 6.50 6.93 6.46 5.37 4.39 3.33 2.47 1.77 1.27 1.26 3.10 4.85 6.14 6.68
 18   6.65 5.77 4.76 3.76 2.88 2.13 1.54 1.18 2.16 4.06 5.63 6.43 6.46 5.70 4.74 3.74 2.83 2.05 1.44 1.06 1.70 3.70 5.33 6.23
 19   6.49 6.00 5.04 4.10 3.20 2.40 1.79 1.27 1.17 2.77 4.36 5.57 6.10 5.90 5.04 4.10 3.23 2.43 1.79 1.24 1.00 2.41 4.00 5.30
 20   5.94 6.00 5.36 4.54 3.70 2.89 2.25 1.73 1.37 1.95 3.36 4.54 5.30 5.58 5.27 4.50 3.75 2.97 2.32 1.80 1.38 1.62 3.00 4.14
 21   5.15 5.57 5.54 4.87 4.16 3.42 2.76 2.24 1.85 1.74 2.64 3.60 4.43 4.96 5.07 4.66 4.02 3.36 2.74 2.24 1.85 1.65 2.25 3.30
 22   4.17 4.75 5.07 5.01 4.50 3.91 3.34 2.82 2.39 2.14 2.25 2.90 3.56 4.14 4.53 4.63 4.34 3.86 3.38 2.84 2.44 2.14 2.04 2.50
 23   3.16 3.80 4.30 4.60 4.64 4.30 3.90 3.47 3.04 2.72 2.50 2.46 2.76 3.15 3.60 3.96 4.17 4.23 4.02 3.66 3.26 2.86 2.55 2.39
 24   2.52 2.87 3.30 3.80 4.24 4.50 4.55 4.36 4.02 3.64 3.25 2.84 2.56 2.38 2.49 2.94 3.53 4.05 4.46 4.61 4.42 3.98 3.47 2.96
 25   2.55 2.26 2.18 2.70 3.40 4.13 4.66 4.96 4.94 4.53 3.97 3.44 2.90 2.45 2.08 1.93 2.37 3.30 4.07 4.66 4.94 4.83 4.26 3.63
 26   3.00 2.45 2.02 1.71 1.80 2.75 3.83 4.74 5.25 5.32 4.80 4.03 3.30 2.67 2.06 1.56 1.26 1.80 3.15 4.27 5.12 5.37 5.12 4.38
 27   3.62 2.90 2.23 1.70 1.33 1.60 3.03 4.25 5.23 5.64 5.48 4.72 3.94 3.13 2.40 1.70 1.15 0.88 2.10 3.70 4.98 5.65 5.72 5.09
 28   4.24 3.37 2.60 1.96 1.40 1.06 1.80 3.47 4.85 5.70 5.85 5.36 4.50 3.62 2.78 2.05 1.39 0.92 0.90 2.77 4.38 5.57 6.03 5.80
 29   4.87 3.97 3.08 2.30 1.63 1.12 0.87 2.50 4.16 5.47 6.04 5.89 5.04 4.10 3.15 2.35 1.63 1.04 0.67 1.86 3.79 5.34 6.06 6.13
 30   5.37 4.41 3.45 2.62 1.84 1.23 0.79 1.27 3.32 4.90 5.90 6.03 5.41 4.44 3.46 2.57 1.80 1.16 0.69 1.00 3.18 4.90 6.00 6.28
 ----------------------------------------------------------------------------------------------------------------------------
                                                                                               
 ----------------------------------------------------------------------------------------------------------------------------
 ----------------------------------------------------------------------------------------------------------------------------
                                                          SURVEY OF INDIA
                                                    MARINE GEODESY WING (G&RB)
                                                     HOURLY HEIGHTS IN METRES
  NAME OF PORT:- HALDIA                                                                             MONTH OCTOBER   YEAR 2008
 ----------------------------------------------------------------------------------------------------------------------------
 DAYS 0000 0001 0002 0003 0004 0005 0006 0007 0008 0009 0010 0011 0012 0013 0014 0015 0016 0017 0018 0019 0020 0021 0022 0023
 ----------------------------------------------------------------------------------------------------------------------------
  1   5.78 4.76 3.76 2.87 2.04 1.41 0.95 0.81 2.70 4.27 5.47 5.94 5.72 4.78 3.84 2.86 2.09 1.43 0.94 0.71 2.45 4.20 5.54 6.11
  2   6.02 5.19 4.20 3.30 2.46 1.79 1.23 0.91 1.89 3.59 4.95 5.72 5.74 5.07 4.15 3.28 2.48 1.80 1.25 0.91 1.73 3.36 4.75 5.60
  3   5.82 5.43 4.60 3.73 2.89 2.24 1.70 1.29 1.42 2.90 4.11 5.07 5.47 5.31 4.50 3.67 2.88 2.13 1.68 1.27 1.34 2.80 4.00 4.99
  4   5.51 5.52 4.92 4.15 3.33 2.63 2.05 1.59 1.36 2.27 3.46 4.45 5.07 5.21 4.75 3.96 3.24 2.56 2.03 1.59 1.38 2.24 3.45 4.42
  5   5.07 5.31 5.06 4.39 3.69 3.03 2.46 1.99 1.69 2.07 3.10 3.91 4.57 4.85 4.68 4.09 3.47 2.86 2.31 1.89 1.65 2.00 2.96 3.75
  6   4.46 4.89 4.94 4.54 3.96 3.41 2.84 2.31 1.96 1.93 2.56 3.36 4.05 4.45 4.55 4.22 3.77 3.26 2.72 2.26 1.96 2.01 2.61 3.31
  7   3.94 4.42 4.66 4.53 4.13 3.67 3.16 2.72 2.37 2.27 2.59 3.06 3.58 3.95 4.17 4.12 3.79 3.43 3.04 2.68 2.44 2.38 2.62 3.00
  8   3.47 3.84 4.13 4.25 4.14 3.88 3.57 3.24 2.92 2.72 2.65 2.76 2.98 3.27 3.52 3.71 3.78 3.76 3.59 3.37 3.11 2.88 2.73 2.68
  9   2.77 3.00 3.33 3.66 3.93 4.10 4.09 3.91 3.64 3.33 3.00 2.72 2.53 2.47 2.63 2.95 3.35 3.71 3.94 4.00 3.85 3.52 3.17 2.83
 10   2.51 2.29 2.31 2.67 3.18 3.78 4.26 4.51 4.45 4.05 3.54 3.00 2.50 2.11 1.87 1.95 2.56 3.27 3.91 4.37 4.54 4.28 3.80 3.26
 11   2.71 2.23 1.86 1.71 2.25 3.12 4.01 4.63 4.92 4.73 4.12 3.47 2.80 2.24 1.79 1.47 1.62 2.60 3.54 4.40 4.94 5.00 4.55 3.87
 12   3.17 2.54 2.01 1.61 1.43 2.14 3.26 4.34 5.03 5.25 4.90 4.12 3.37 2.76 2.01 1.49 1.16 1.52 2.88 4.10 5.05 5.43 5.23 4.48
 13   3.67 2.90 2.21 1.64 1.23 1.13 2.48 3.83 4.97 5.52 5.50 4.80 3.87 3.02 2.27 1.62 1.05 0.78 1.90 3.54 4.96 5.74 5.85 5.25
 14   4.28 3.39 2.56 1.86 1.27 0.87 1.25 3.09 4.56 5.57 5.81 5.37 4.39 3.44 2.56 1.81 1.16 0.66 0.60 2.80 4.54 5.84 6.22 5.88
 15   4.94 3.90 2.97 2.13 1.41 0.89 0.61 1.96 3.79 5.25 5.92 5.83 5.00 3.93 2.94 2.09 1.37 0.79 0.47 1.64 3.69 5.38 6.24 6.29
 16   5.51 4.47 3.47 2.57 1.77 1.15 0.72 0.80 2.79 4.41 5.53 5.87 5.51 4.53 3.50 2.57 1.77 1.10 0.61 0.44 2.52 4.26 5.65 6.19
 17   6.00 5.11 4.09 3.13 2.28 1.60 1.03 0.69 1.51 3.32 4.73 5.58 5.67 5.10 4.07 3.11 2.29 1.59 1.00 0.62 1.33 3.21 4.75 5.72
 18   6.01 5.61 4.66 3.71 2.82 2.07 1.47 1.03 0.96 2.50 3.87 5.02 5.48 5.37 4.55 3.65 2.78 2.05 1.45 0.94 0.75 2.32 3.80 5.04
 19   5.68 5.67 5.02 4.20 3.31 2.54 1.95 1.44 1.13 1.62 3.00 4.04 4.84 5.18 4.90 4.12 3.35 2.57 1.94 1.46 1.12 1.41 2.85 3.90
 20   4.79 5.26 5.23 4.66 3.89 3.17 2.53 2.01 1.63 1.51 2.23 3.15 4.00 4.58 4.83 4.54 3.88 3.20 2.54 2.03 1.67 1.51 2.16 3.10
 21   3.94 4.59 4.96 4.95 4.41 3.85 3.27 2.69 2.24 1.96 1.99 2.58 3.21 3.83 4.25 4.45 4.29 3.83 3.31 2.82 2.39 2.09 2.04 2.50
 22   3.10 3.73 4.28 4.64 4.72 4.44 3.98 3.46 2.97 2.56 2.24 2.12 2.28 2.73 3.23 3.74 4.12 4.27 4.12 3.76 3.31 2.87 2.48 2.22
 23   2.22 2.63 3.17 3.77 4.22 4.52 4.53 4.20 3.74 3.26 2.77 2.36 2.11 2.07 2.42 2.83 3.42 3.98 4.42 4.57 4.26 3.79 3.28 2.75
 24   2.32 2.03 1.99 2.59 3.35 4.01 4.50 4.74 4.59 4.04 3.48 2.90 2.39 2.00 1.74 1.75 2.52 3.31 4.07 4.66 4.91 4.70 4.11 3.51
 25   2.90 2.38 2.01 1.85 2.36 3.27 4.13 4.77 5.07 4.91 4.24 3.51 2.88 2.30 1.84 1.43 1.47 2.42 3.49 4.44 5.07 5.21 4.80 4.05
 26   3.31 2.62 2.11 1.74 1.54 2.04 3.07 4.09 4.94 5.28 5.00 4.24 3.42 2.67 2.07 1.59 1.25 1.43 2.69 3.97 5.05 5.57 5.38 4.57
 27   3.68 2.81 2.13 1.67 1.28 1.86 2.63 3.55 4.76 5.43 5.47 4.89 4.00 3.18 2.47 1.86 1.37 1.16 2.17 3.68 4.95 5.72 5.85 5.36
 28   4.46 3.60 2.81 2.14 1.59 1.24 1.70 3.26 4.49 5.38 5.61 5.20 4.40 3.58 2.78 2.07 1.49 1.04 1.21 3.05 4.66 5.78 6.12 5.80
 29   4.86 3.96 3.08 2.31 1.69 1.34 1.14 2.52 4.00 5.19 5.67 5.58 4.83 3.91 3.05 2.30 1.72 1.22 1.00 2.29 3.92 5.21 5.88 5.90
 30   5.24 4.36 3.47 2.68 2.03 1.49 1.16 1.71 3.20 4.40 5.17 5.44 5.09 4.24 3.40 2.61 2.01 1.49 1.11 1.52 3.21 4.51 5.50 5.96
 31   5.57 4.71 3.87 3.06 2.34 1.77 1.34 1.24 2.50 3.70 4.70 5.20 5.21 4.57 3.76 2.97 2.30 1.77 1.31 1.12 2.39 3.69 4.87 5.49
 ----------------------------------------------------------------------------------------------------------------------------
                                                                                               
 ----------------------------------------------------------------------------------------------------------------------------
 ----------------------------------------------------------------------------------------------------------------------------
                                                          SURVEY OF INDIA
                                                    MARINE GEODESY WING (G&RB)
                                                     HOURLY HEIGHTS IN METRES
  NAME OF PORT:- HALDIA                                                                             MONTH NOVEMBER  YEAR 2008
 ----------------------------------------------------------------------------------------------------------------------------
 DAYS 0000 0001 0002 0003 0004 0005 0006 0007 0008 0009 0010 0011 0012 0013 0014 0015 0016 0017 0018 0019 0020 0021 0022 0023
 ----------------------------------------------------------------------------------------------------------------------------
  1   5.60 5.10 4.28 3.50 2.76 2.14 1.68 1.36 1.80 3.16 4.25 4.96 5.19 4.85 4.04 3.28 2.59 2.00 1.53 1.24 1.83 3.17 4.30 5.02
  2   5.39 5.23 4.51 3.78 3.04 2.40 1.94 1.57 1.54 2.58 3.55 4.43 4.93 4.97 4.40 3.65 2.93 2.31 1.83 1.48 1.49 2.69 3.72 4.65
  3   5.16 5.29 4.88 4.14 3.42 2.78 2.22 1.81 1.63 2.17 3.22 4.05 4.64 4.87 4.57 3.92 3.27 2.65 2.13 1.78 1.64 2.36 3.32 4.15
  4   4.75 5.08 4.98 4.42 3.78 3.20 2.61 2.18 1.90 1.99 2.82 3.60 4.24 4.63 4.64 4.18 3.58 3.00 2.47 2.05 1.84 2.11 2.88 3.66
  5   4.28 4.72 4.87 4.64 4.12 3.58 3.06 2.57 2.22 2.10 2.48 3.12 3.70 4.16 4.38 4.29 3.91 3.47 3.00 2.59 2.31 2.23 2.61 3.17
  6   3.78 4.27 4.61 4.69 4.40 3.99 3.52 3.07 2.66 2.36 2.28 2.62 3.09 3.58 3.94 4.20 4.23 4.00 3.63 3.26 2.91 2.63 2.53 2.76
  7   3.12 3.56 3.96 4.30 4.48 4.42 4.10 3.70 3.28 2.83 2.52 2.34 2.40 2.81 3.28 3.75 4.11 4.31 4.25 3.96 3.60 3.22 2.88 2.61
  8   2.50 2.61 3.04 3.52 4.04 4.45 4.62 4.44 4.00 3.48 2.97 2.52 2.16 2.04 2.30 2.91 3.56 4.10 4.51 4.66 4.47 4.00 3.48 2.98
  9   2.53 2.19 2.08 2.50 3.23 3.93 4.48 4.77 4.67 4.14 3.55 2.96 2.40 2.00 1.74 1.82 2.72 3.57 4.36 4.87 5.00 4.63 4.10 3.48
 10   2.86 2.33 1.96 1.76 2.22 3.23 4.10 4.80 5.07 4.87 4.18 3.50 2.82 2.24 1.76 1.43 1.62 2.87 3.98 4.83 5.28 5.20 4.60 3.93
 11   3.27 2.62 2.07 1.62 1.42 2.18 3.46 4.50 5.14 5.26 4.80 4.04 3.26 2.56 1.92 1.43 1.11 1.66 3.13 4.32 5.21 5.62 5.20 4.40
 12   3.70 3.01 2.36 1.81 1.35 1.20 2.34 3.79 4.83 5.41 5.42 4.74 3.84 3.00 2.26 1.62 1.07 0.82 2.00 3.67 4.87 5.67 5.78 5.06
 13   4.21 3.47 2.80 2.12 1.53 1.12 1.23 2.82 4.27 5.20 5.60 5.41 4.54 3.60 2.77 2.02 1.42 0.96 0.77 2.37 4.13 5.57 6.16 6.07
 14   5.30 4.31 3.39 2.59 1.89 1.31 0.96 1.46 3.12 4.50 5.40 5.63 5.26 4.28 3.38 2.55 1.87 1.29 0.86 1.21 3.13 4.76 5.92 6.22
 15   5.85 4.91 4.01 3.14 2.38 1.74 1.26 1.03 2.16 3.71 5.02 5.63 5.57 4.86 3.93 3.05 2.29 1.69 1.15 0.87 2.14 3.81 5.28 6.02
 16   6.06 5.50 4.60 3.72 2.90 2.22 1.70 1.31 1.30 2.56 3.90 4.95 5.40 5.32 4.57 3.72 2.95 2.28 1.73 1.30 1.19 2.49 3.80 4.98
 17   5.62 5.71 5.22 4.40 3.60 2.90 2.28 1.82 1.50 1.66 2.86 3.87 4.68 5.10 4.98 4.26 3.50 2.78 2.19 1.72 1.44 1.62 2.93 3.94
 18   4.80 5.28 5.31 4.80 4.10 3.40 2.76 2.22 1.82 1.61 1.99 3.03 3.89 4.52 4.82 4.67 4.07 3.40 2.75 2.20 1.82 1.62 2.07 3.09
 19   3.92 4.57 5.00 5.02 4.57 3.96 3.32 2.70 2.23 1.88 1.74 2.16 3.00 3.69 4.22 4.52 4.45 3.99 3.44 2.88 2.39 2.04 1.87 2.30
 20   3.04 3.72 4.31 4.68 4.77 4.43 3.90 3.33 2.78 2.31 1.98 1.86 2.18 2.85 3.50 4.00 4.34 4.40 4.10 3.65 3.18 2.73 2.38 2.18
 21   2.33 2.83 3.46 4.00 4.42 4.62 4.42 3.96 3.45 2.92 2.46 2.10 1.90 2.00 2.57 3.22 3.80 4.26 4.48 4.38 3.98 3.50 3.00 2.56
 22   2.22 2.08 2.45 3.06 3.70 4.22 4.52 4.51 4.08 3.50 2.96 2.43 2.04 1.75 1.65 2.25 3.01 3.75 4.31 4.65 4.61 4.15 3.57 3.00
 23   2.51 2.15 1.95 2.16 2.86 3.52 4.13 4.52 4.54 4.12 3.52 2.95 2.42 2.00 1.73 1.66 2.31 3.16 4.00 4.62 4.94 4.83 4.25 3.60
 24   2.99 2.43 2.03 1.80 1.97 2.80 3.51 4.17 4.52 4.53 4.04 3.41 2.80 2.25 1.83 1.53 1.55 2.49 3.41 4.30 4.90 5.08 4.65 4.05
 25   3.36 2.71 2.18 1.78 1.58 2.01 2.98 3.81 4.38 4.57 4.52 3.89 3.22 2.60 2.07 1.65 1.38 1.60 2.79 3.80 4.75 5.23 5.19 4.62
 26   3.86 3.13 2.48 1.99 1.62 1.50 2.27 3.26 4.09 4.61 4.78 4.39 3.68 3.00 2.38 1.86 1.45 1.23 2.00 3.18 4.36 5.10 5.35 5.05
 27   4.27 3.50 2.80 2.20 1.73 1.41 1.52 2.65 3.64 4.37 4.78 4.72 4.12 3.38 2.68 2.10 1.62 1.25 1.22 2.48 3.77 4.87 5.40 5.36
 28   4.80 3.95 3.18 2.50 1.94 1.53 1.33 2.02 3.20 4.12 4.70 4.87 4.51 3.76 3.03 2.37 1.83 1.40 1.13 1.83 3.20 4.41 5.21 5.45
 29   5.12 4.33 3.52 2.85 2.20 1.70 1.35 1.45 2.60 3.63 4.46 4.86 4.80 4.09 3.32 2.63 2.05 1.58 1.23 1.38 2.77 3.96 4.81 5.37
 30   5.30 4.65 3.90 3.15 2.49 1.96 1.54 1.36 2.14 3.24 4.16 4.72 4.90 4.48 3.73 3.00 2.40 1.76 1.46 1.25 2.17 3.33 4.44 5.17
 ----------------------------------------------------------------------------------------------------------------------------
                                                                                               
 ----------------------------------------------------------------------------------------------------------------------------
 ----------------------------------------------------------------------------------------------------------------------------
                                                          SURVEY OF INDIA
                                                    MARINE GEODESY WING (G&RB)
                                                     HOURLY HEIGHTS IN METRES
  NAME OF PORT:- HALDIA                                                                             MONTH DECEMBER  YEAR 2008
 ----------------------------------------------------------------------------------------------------------------------------
 DAYS 0000 0001 0002 0003 0004 0005 0006 0007 0008 0009 0010 0011 0012 0013 0014 0015 0016 0017 0018 0019 0020 0021 0022 0023
 ----------------------------------------------------------------------------------------------------------------------------
  1   5.35 5.03 4.27 3.57 2.90 2.31 1.85 1.55 1.67 2.75 3.67 4.45 4.85 4.76 4.13 3.41 2.76 2.20 1.75 1.45 1.70 2.78 3.91 4.76
  2   5.23 5.20 4.66 3.95 3.25 2.63 2.15 1.78 1.62 2.28 3.25 4.05 4.60 4.83 4.50 3.80 3.15 2.55 2.05 1.70 1.55 2.40 3.40 4.28
  3   4.90 5.15 4.94 4.31 3.65 3.00 2.46 2.02 1.73 1.77 2.68 3.50 4.27 4.60 4.65 4.20 3.54 2.95 2.40 1.97 1.72 1.91 2.83 3.67
  4   4.36 4.81 4.95 4.62 4.00 3.40 2.80 2.30 1.93 1.73 2.05 2.90 3.60 4.17 4.48 4.40 3.90 3.33 2.78 2.30 1.95 1.85 2.31 3.07
  5   3.76 4.33 4.70 4.71 4.30 3.73 3.16 2.61 2.19 1.88 1.81 2.36 3.05 3.70 4.13 4.36 4.20 3.77 3.22 2.77 2.35 2.10 2.13 2.60
  6   3.20 3.79 4.27 4.58 4.58 4.20 3.66 3.11 2.60 2.16 1.86 1.85 2.44 3.10 3.70 4.10 4.32 4.24 3.87 3.41 2.98 2.58 2.30 2.22
  7   2.52 3.00 3.55 4.06 4.42 4.52 4.20 3.70 3.17 2.65 2.22 1.91 1.81 2.25 2.90 3.55 4.05 4.42 4.50 4.20 3.76 3.30 2.86 2.46
  8   2.20 2.24 2.71 3.30 3.90 4.36 4.57 4.40 3.87 3.30 2.76 2.27 1.93 1.75 2.05 2.80 3.52 4.16 4.62 4.77 4.57 4.03 3.50 2.95
  9   2.48 2.16 2.02 2.38 3.12 3.82 4.40 4.66 4.57 4.00 3.42 2.82 2.30 1.90 1.65 1.76 2.65 3.55 4.40 4.96 5.15 4.90 4.26 3.60
 10   3.00 2.47 2.08 1.86 2.13 3.11 3.89 4.56 4.87 4.78 4.18 3.50 2.87 2.31 1.84 1.53 1.60 2.72 3.78 4.76 5.43 5.54 5.12 4.38
 11   3.62 2.95 2.35 1.93 1.69 1.94 3.05 4.02 4.76 5.10 4.95 4.25 3.51 2.82 2.22 1.70 1.35 1.45 2.77 4.02 5.19 5.73 5.72 5.13
 12   4.32 3.50 2.77 2.16 1.72 1.43 1.80 3.07 4.20 4.99 5.30 5.01 4.22 3.45 2.72 2.05 1.51 1.13 1.35 2.83 4.28 5.47 5.92 5.77
 13   5.00 4.15 3.32 2.57 1.98 1.50 1.23 1.85 3.23 4.42 5.21 5.41 5.00 4.11 3.30 2.53 1.90 1.33 0.95 1.47 3.14 4.68 5.74 6.02
 14   5.70 4.83 3.96 3.13 2.40 1.80 1.35 1.14 2.04 3.40 4.60 5.30 5.36 4.81 3.92 3.10 2.37 1.75 1.23 0.93 1.80 3.50 4.87 5.69
 15   5.85 5.40 4.50 3.68 2.88 2.10 1.68 1.26 1.15 2.28 3.59 4.67 5.24 5.20 4.54 3.70 2.88 2.20 1.65 1.22 1.08 2.36 3.77 4.93
 16   5.58 5.65 5.08 4.28 3.47 2.73 2.13 1.66 1.32 1.35 2.59 3.74 4.62 5.05 4.84 4.20 3.44 2.70 2.12 1.65 1.33 1.56 2.88 3.99
 17   4.91 5.36 5.30 4.66 3.90 3.18 2.53 2.00 1.60 1.35 1.65 2.82 3.75 4.50 4.84 4.66 3.98 3.26 2.60 2.10 1.70 1.47 1.98 3.05
 18   4.00 4.70 5.06 4.96 4.38 3.70 3.01 2.45 1.99 1.65 1.48 2.08 3.01 3.82 4.41 4.66 4.42 3.82 3.18 2.60 2.12 1.82 1.76 2.50
 19   3.30 4.04 4.57 4.84 4.64 4.06 3.45 2.88 2.34 1.95 1.68 1.74 2.50 3.26 3.95 4.41 4.57 4.30 3.75 3.20 2.68 2.25 2.00 2.10
 20   2.72 3.35 4.00 4.40 4.61 4.38 3.87 3.32 2.76 2.30 1.95 1.77 1.96 2.61 3.28 3.88 4.28 4.45 4.26 3.78 3.28 2.82 2.45 2.20
 21   2.27 2.70 3.22 3.75 4.15 4.36 4.22 3.78 3.28 2.78 2.35 2.04 1.88 2.04 2.55 3.15 3.72 4.17 4.42 4.32 3.88 3.41 2.96 2.55
 22   2.28 2.22 2.50 2.96 3.48 3.90 4.15 4.14 3.81 3.35 2.88 2.45 2.10 1.89 2.00 2.50 3.09 3.70 4.19 4.49 4.46 4.09 3.55 3.04
 23   2.58 2.23 2.00 2.12 2.66 3.20 3.70 4.05 4.13 3.86 3.40 2.95 2.48 2.10 1.81 1.81 2.34 3.02 3.76 4.34 4.69 4.65 4.20 3.64
 24   3.05 2.54 2.17 1.94 2.00 2.70 3.29 3.82 4.17 4.26 3.97 3.48 2.95 2.43 2.01 1.70 1.63 2.30 3.12 3.92 4.57 4.88 4.72 4.15
 25   3.50 2.91 2.39 2.01 1.79 1.98 2.71 3.40 3.94 4.27 4.30 3.91 3.30 2.73 2.22 1.81 1.54 1.56 2.53 3.40 4.30 4.88 5.04 4.69
 26   4.00 3.33 2.70 2.18 1.81 1.62 2.03 2.92 3.68 4.20 4.51 4.37 3.79 3.15 2.55 2.01 1.62 1.35 1.72 2.84 3.90 4.75 5.19 5.06
 27   4.47 3.74 3.04 2.43 1.94 1.60 1.54 2.32 3.21 3.95 4.47 4.60 4.20 3.50 2.86 2.28 1.77 1.40 1.24 2.07 3.29 4.40 5.10 5.28
 28   4.90 4.15 3.39 2.72 2.13 1.70 1.44 1.61 2.65 3.54 4.29 4.65 4.57 3.95 3.23 2.56 2.01 1.56 1.27 1.37 2.66 3.80 4.81 5.27
 29   5.20 4.57 3.80 3.05 2.40 1.87 1.48 1.28 2.00 3.00 3.94 4.55 4.76 4.40 3.68 2.95 2.32 1.79 1.38 1.15 1.93 3.21 4.38 5.08
 30   5.27 4.90 4.15 3.40 2.68 2.10 1.64 1.32 1.43 2.50 3.52 4.32 4.75 4.69 4.02 3.29 2.60 2.03 1.56 1.24 1.30 2.60 3.74 4.72
 31   5.21 5.14 4.53 3.79 3.04 2.40 1.89 1.47 1.26 1.85 3.00 3.94 4.57 4.79 4.44 3.68 2.97 2.35 1.83 1.43 1.20 2.06 3.23 4.25
 ----------------------------------------------------------------------------------------------------------------------------
                                                                                               
 ----------------------------------------------------------------------------------------------------------------------------
 ----------------------------------------------------------------------------------------------------------------------------
