                                                          SURVEY OF INDIA
                                                    MARINE GEODESY WING (G&RB)
                                                     HOURLY HEIGHTS IN METRES
  NAME OF PORT:- HALDIA                                                                             MONTH JANUARY   YEAR 2013
 ----------------------------------------------------------------------------------------------------------------------------
 DAYS 0000 0001 0002 0003 0004 0005 0006 0007 0008 0009 0010 0011 0012 0013 0014 0015 0016 0017 0018 0019 0020 0021 0022 0023
 ----------------------------------------------------------------------------------------------------------------------------
  1   5.27 5.23 4.60 3.84 3.05 2.36 1.82 1.37 1.14 1.67 2.90 3.85 4.65 4.90 4.58 3.81 3.05 2.40 1.83 1.41 1.15 1.80 3.11 4.19
  2   4.93 5.19 4.92 4.15 3.40 2.71 2.12 1.61 1.26 1.20 2.32 3.40 4.31 4.79 4.82 4.20 3.45 2.75 2.16 1.70 1.34 1.31 2.60 3.55
  3   4.49 4.97 5.05 4.54 3.80 3.09 2.44 1.93 1.50 1.24 1.57 2.77 3.67 4.33 4.65 4.53 3.90 3.20 2.54 2.01 1.61 1.37 1.76 2.90
  4   3.67 4.40 4.76 4.71 4.13 3.45 2.79 2.20 1.76 1.40 1.24 1.93 2.93 3.75 4.29 4.53 4.38 3.73 3.08 2.50 2.03 1.69 1.55 2.21
  5   3.07 3.78 4.29 4.56 4.42 3.85 3.20 2.60 2.10 1.71 1.43 1.49 2.38 3.15 3.81 4.27 4.47 4.25 3.68 3.10 2.57 2.12 1.82 1.75
  6   2.30 3.04 3.67 4.14 4.39 4.26 3.80 3.21 2.66 2.13 1.77 1.52 1.60 2.30 3.00 3.63 4.11 4.36 4.30 3.86 3.32 2.80 2.35 2.01
  7   1.89 2.20 2.83 3.45 3.96 4.28 4.30 3.92 3.37 2.80 2.30 1.91 1.63 1.56 2.02 2.77 3.46 4.02 4.43 4.53 4.25 3.70 3.15 2.61
  8   2.20 1.88 1.76 2.22 2.91 3.59 4.02 4.21 4.05 3.53 2.93 2.41 1.93 1.57 1.38 1.59 2.44 3.27 4.03 4.56 4.78 4.57 3.93 3.32
  9   2.70 2.20 1.80 1.57 1.75 2.68 3.43 4.05 4.40 4.39 3.90 3.25 2.63 2.10 1.67 1.33 1.16 2.10 3.20 4.25 4.99 5.21 4.91 4.19
 10   3.48 2.80 2.17 1.70 1.37 1.39 2.50 3.45 4.23 4.72 4.76 4.16 3.44 2.77 2.15 1.61 1.17 0.99 2.00 3.35 4.68 5.41 5.54 5.10
 11   4.27 3.44 2.70 2.01 1.47 1.14 1.20 2.50 3.69 4.62 5.05 5.00 4.30 3.48 2.74 2.05 1.48 0.99 0.76 2.00 3.65 5.15 5.80 5.75
 12   5.15 4.24 3.39 2.54 1.84 1.27 0.89 0.93 2.50 3.90 4.92 5.28 5.04 4.21 3.35 2.57 1.87 1.25 0.82 0.72 2.50 4.10 5.49 5.84
 13   5.66 4.84 3.94 3.05 2.25 1.57 1.05 0.71 1.30 3.05 4.35 5.24 5.40 4.90 4.00 3.15 2.36 1.66 1.11 0.73 1.00 3.05 4.45 5.57
 14   5.84 5.44 4.55 3.65 2.80 2.04 1.43 0.94 0.71 1.87 3.45 4.74 5.34 5.30 4.60 3.74 2.90 2.17 1.55 1.08 0.84 2.00 3.57 4.85
 15   5.57 5.64 5.05 4.17 3.32 2.53 1.88 1.34 0.96 1.10 2.67 3.96 4.90 5.26 4.99 4.17 3.37 2.62 1.98 1.48 1.14 1.37 2.86 4.00
 16   4.91 5.35 5.17 4.44 3.65 2.88 2.24 1.70 1.29 1.07 1.90 3.20 4.22 4.86 5.02 4.55 3.77 3.03 2.37 1.87 1.48 1.33 2.24 3.27
 17   4.20 4.76 5.01 4.73 4.00 3.27 2.60 2.04 1.60 1.30 1.40 2.65 3.59 4.36 4.74 4.72 4.13 3.40 2.76 2.20 1.80 1.54 1.77 2.80
 18   3.56 4.23 4.64 4.70 4.25 3.60 2.94 2.34 1.86 1.52 1.39 2.10 3.10 3.84 4.32 4.55 4.34 3.75 3.14 2.60 2.16 1.88 1.80 2.43
 19   3.13 3.74 4.20 4.44 4.30 3.82 3.24 2.70 2.18 1.80 1.55 1.75 2.60 3.30 3.90 4.24 4.32 4.01 3.51 3.01 2.56 2.23 2.09 2.30
 20   2.74 3.20 3.65 3.95 4.06 3.93 3.55 3.06 2.59 2.16 1.83 1.70 2.00 2.61 3.15 3.66 3.97 4.10 3.94 3.54 3.11 2.77 2.47 2.33
 21   2.40 2.65 2.96 3.32 3.62 3.77 3.76 3.48 3.09 2.68 2.27 1.97 1.93 2.16 2.57 3.07 3.50 3.84 4.04 3.97 3.72 3.38 3.04 2.74
 22   2.46 2.33 2.33 2.57 2.94 3.30 3.61 3.75 3.66 3.31 2.93 2.50 2.15 1.94 1.92 2.18 2.64 3.18 3.72 4.11 4.29 4.21 3.83 3.39
 23   2.93 2.47 2.13 1.92 1.99 2.49 3.00 3.49 3.83 3.88 3.64 3.17 2.66 2.24 1.86 1.63 1.82 2.50 3.20 3.89 4.39 4.62 4.46 3.90
 24   3.35 2.78 2.29 1.91 1.66 1.83 2.56 3.22 3.82 4.15 4.16 3.75 3.20 2.64 2.15 1.77 1.49 1.60 2.55 3.39 4.20 4.73 4.86 4.50
 25   3.85 3.20 2.60 2.08 1.68 1.50 1.84 2.82 3.60 4.15 4.45 4.31 3.71 3.04 2.44 1.93 1.51 1.26 1.65 2.81 3.86 4.67 5.04 4.92
 26   4.30 3.56 2.86 2.25 1.74 1.37 1.25 2.06 3.10 3.98 4.44 4.58 4.14 3.41 2.71 2.10 1.56 1.15 1.03 2.20 3.45 4.55 5.14 5.18
 27   4.63 3.90 3.10 2.42 1.82 1.35 1.06 1.33 2.68 3.70 4.43 4.76 4.56 3.83 3.06 2.39 1.80 1.30 0.97 1.23 2.82 3.98 4.95 5.32
 28   5.10 4.34 3.52 2.76 2.07 1.54 1.12 0.93 1.90 3.12 4.15 4.76 4.89 4.35 3.55 2.76 2.11 1.52 1.07 0.84 1.85 3.30 4.52 5.22
 29   5.33 4.80 3.96 3.17 2.40 1.75 1.24 0.87 0.97 2.45 3.70 4.63 5.04 4.88 4.14 3.30 2.53 1.84 1.33 0.94 1.04 2.67 3.94 4.95
 30   5.36 5.20 4.41 3.60 2.80 2.11 1.50 1.04 0.81 1.63 3.05 4.20 4.93 5.05 4.55 3.70 2.93 2.20 1.61 1.14 0.86 1.75 3.20 4.41
 31   5.14 5.27 4.78 3.95 3.16 2.44 1.80 1.25 0.88 0.90 2.35 3.65 4.60 5.03 4.90 4.20 3.39 2.63 2.00 1.49 1.13 1.21 2.63 3.74
 ----------------------------------------------------------------------------------------------------------------------------
                                                                                               
 ----------------------------------------------------------------------------------------------------------------------------
 ----------------------------------------------------------------------------------------------------------------------------
                                                          SURVEY OF INDIA
                                                    MARINE GEODESY WING (G&RB)
                                                     HOURLY HEIGHTS IN METRES
  NAME OF PORT:- HALDIA                                                                             MONTH FEBRUARY  YEAR 2013
 ----------------------------------------------------------------------------------------------------------------------------
 DAYS 0000 0001 0002 0003 0004 0005 0006 0007 0008 0009 0010 0011 0012 0013 0014 0015 0016 0017 0018 0019 0020 0021 0022 0023
 ----------------------------------------------------------------------------------------------------------------------------
  1   4.64 5.04 4.97 4.30 3.50 2.76 2.14 1.60 1.17 0.95 1.73 3.00 4.04 4.70 4.94 4.60 3.84 3.07 2.40 1.87 1.44 1.21 1.84 3.11
  2   4.04 4.66 4.89 4.60 3.87 3.15 2.50 1.95 1.52 1.22 1.23 2.39 3.35 4.20 4.67 4.76 4.27 3.55 2.89 2.30 1.84 1.51 1.45 2.48
  3   3.35 4.05 4.52 4.66 4.26 3.62 2.97 2.39 1.92 1.54 1.33 1.70 2.74 3.52 4.16 4.52 4.54 4.05 3.43 2.80 2.29 1.90 1.66 1.86
  4   2.70 3.37 3.96 4.30 4.36 3.96 3.40 2.82 2.30 1.88 1.57 1.44 1.90 2.75 3.43 4.00 4.34 4.40 4.04 3.49 2.94 2.46 2.08 1.86
  5   1.97 2.49 3.07 3.63 3.99 4.13 3.93 3.42 2.90 2.40 2.00 1.68 1.57 1.89 2.53 3.13 3.72 4.15 4.38 4.27 3.83 3.30 2.76 2.35
  6   1.98 1.78 1.90 2.52 3.12 3.64 3.97 4.09 3.83 3.35 2.84 2.35 1.95 1.64 1.51 1.92 2.70 3.46 4.10 4.53 4.65 4.32 3.72 3.10
  7   2.60 2.14 1.79 1.58 1.89 2.74 3.44 4.02 4.33 4.33 3.83 3.21 2.64 2.10 1.65 1.34 1.29 2.30 3.29 4.20 4.83 5.02 4.71 4.00
  8   3.30 2.66 2.10 1.64 1.34 1.40 2.48 3.37 4.08 4.47 4.50 3.96 3.24 2.57 2.00 1.53 1.15 0.97 2.00 3.30 4.54 5.22 5.32 4.85
  9   4.05 3.24 2.50 1.86 1.33 0.99 1.06 2.42 3.52 4.40 4.80 4.73 4.03 3.26 2.54 1.90 1.37 0.95 0.82 2.29 3.71 5.00 5.53 5.47
 10   4.75 3.91 3.04 2.28 1.63 1.08 0.77 1.20 2.76 3.99 4.84 5.09 4.80 3.98 3.14 2.38 1.72 1.15 0.77 0.82 2.70 4.20 5.38 5.74
 11   5.45 4.60 3.68 2.80 2.00 1.35 0.87 0.60 1.65 3.30 4.50 5.20 5.24 4.60 3.70 2.87 2.15 1.50 0.99 0.66 1.50 3.30 4.72 5.64
 12   5.66 5.05 4.15 3.27 2.44 1.74 1.14 0.70 0.63 2.35 3.83 4.91 5.33 5.14 4.30 3.45 2.62 1.90 1.30 0.86 0.68 2.25 3.80 5.06
 13   5.53 5.42 4.61 3.76 2.87 2.10 1.47 0.96 0.65 1.40 3.07 4.25 5.04 5.18 4.70 3.87 3.06 2.32 1.70 1.21 0.93 1.45 3.00 4.20
 14   5.00 5.25 4.90 4.09 3.26 2.51 1.87 1.32 0.94 0.87 2.33 3.55 4.54 4.98 4.92 4.20 3.44 2.67 2.05 1.53 1.15 1.08 2.40 3.56
 15   4.45 4.91 4.95 4.34 3.55 2.84 2.20 1.65 1.25 1.04 1.90 3.13 4.08 4.68 4.86 4.45 3.73 3.00 2.38 1.84 1.45 1.27 1.93 3.10
 16   3.94 4.49 4.74 4.50 3.78 3.08 2.45 1.91 1.47 1.21 1.43 2.63 3.46 4.16 4.52 4.54 4.01 3.32 2.69 2.14 1.75 1.51 1.67 2.69
 17   3.47 4.10 4.40 4.36 3.92 3.32 2.70 2.14 1.73 1.46 1.42 2.23 2.98 3.57 4.03 4.25 4.06 3.47 2.95 2.47 2.07 1.81 1.87 2.47
 18   3.12 3.66 4.06 4.17 3.96 3.50 3.00 2.46 2.02 1.75 1.67 2.16 2.77 3.35 3.80 4.05 4.08 3.81 3.36 2.90 2.53 2.24 2.15 2.36
 19   2.76 3.13 3.49 3.73 3.77 3.60 3.27 2.88 2.49 2.17 1.94 1.95 2.30 2.74 3.17 3.57 3.82 3.87 3.76 3.46 3.12 2.80 2.56 2.43
 20   2.41 2.53 2.77 3.01 3.26 3.41 3.48 3.43 3.17 2.86 2.55 2.26 2.08 2.10 2.37 2.70 3.10 3.50 3.81 3.93 3.86 3.59 3.20 2.82
 21   2.48 2.20 2.07 2.16 2.50 2.93 3.30 3.58 3.67 3.51 3.17 2.73 2.29 1.94 1.68 1.72 2.22 2.85 3.46 3.99 4.25 4.24 3.88 3.36
 22   2.84 2.35 1.92 1.62 1.57 2.10 2.76 3.39 3.82 3.99 3.85 3.35 2.77 2.29 1.86 1.52 1.37 2.00 2.83 3.60 4.20 4.51 4.46 3.97
 23   3.35 2.75 2.21 1.76 1.42 1.33 2.03 2.93 3.66 4.12 4.27 3.95 3.31 2.66 2.13 1.67 1.30 1.16 2.00 3.04 3.99 4.55 4.77 4.50
 24   3.80 3.10 2.47 1.94 1.44 1.13 1.20 2.37 3.32 4.10 4.54 4.52 3.92 3.20 2.50 1.90 1.41 1.04 1.00 2.36 3.50 4.50 5.00 5.04
 25   4.50 3.66 2.90 2.20 1.58 1.08 0.80 1.32 2.80 3.88 4.62 4.82 4.47 3.70 2.94 2.23 1.60 1.10 0.78 1.40 3.05 4.16 5.01 5.25
 26   4.87 4.00 3.18 2.42 1.75 1.19 0.74 0.60 2.09 3.45 4.54 5.01 4.90 4.20 3.37 2.55 1.87 1.26 0.81 0.63 2.14 3.62 4.80 5.36
 27   5.30 4.55 3.68 2.84 2.07 1.40 0.87 0.52 1.10 2.95 4.24 5.12 5.33 4.86 3.98 3.08 2.27 1.56 1.00 0.63 1.06 2.96 4.20 5.23
 28   5.44 5.04 4.14 3.27 2.48 1.76 1.14 0.67 0.47 2.07 3.50 4.90 5.42 5.30 4.50 3.61 2.72 1.95 1.33 0.80 0.56 2.00 3.60 4.79
 ----------------------------------------------------------------------------------------------------------------------------
                                                                                               
 ----------------------------------------------------------------------------------------------------------------------------
 ----------------------------------------------------------------------------------------------------------------------------
                                                          SURVEY OF INDIA
                                                    MARINE GEODESY WING (G&RB)
                                                     HOURLY HEIGHTS IN METRES
  NAME OF PORT:- HALDIA                                                                             MONTH MARCH     YEAR 2013
 ----------------------------------------------------------------------------------------------------------------------------
 DAYS 0000 0001 0002 0003 0004 0005 0006 0007 0008 0009 0010 0011 0012 0013 0014 0015 0016 0017 0018 0019 0020 0021 0022 0023
 ----------------------------------------------------------------------------------------------------------------------------
  1   5.41 5.33 4.57 3.70 2.83 2.07 1.39 0.84 0.44 0.70 2.70 4.00 5.04 5.27 4.94 4.05 3.21 2.43 1.77 1.22 0.82 0.93 2.66 3.98
  2   4.99 5.29 5.00 4.17 3.33 2.56 1.89 1.29 0.80 0.51 1.60 3.25 4.40 5.07 5.12 4.50 3.65 2.86 2.19 1.63 1.16 0.93 1.83 3.20
  3   4.20 4.80 4.92 4.40 3.60 2.87 2.24 1.67 1.20 0.89 1.10 2.60 3.60 4.42 4.86 4.80 4.12 3.37 2.67 2.09 1.63 1.29 1.27 2.50
  4   3.45 4.16 4.56 4.58 3.97 3.26 2.65 2.10 1.62 1.27 1.11 1.92 2.99 3.82 4.46 4.66 4.51 3.90 3.20 2.60 2.08 1.70 1.45 1.80
  5   2.80 3.50 4.04 4.32 4.26 3.76 3.17 2.60 2.09 1.67 1.40 1.39 2.20 3.00 3.68 4.16 4.43 4.33 3.83 3.26 2.70 2.25 1.90 1.74
  6   2.00 2.63 3.23 3.73 4.04 4.08 3.77 3.30 2.80 2.30 1.92 1.63 1.56 2.05 2.70 3.32 3.88 4.26 4.38 4.15 3.67 3.13 2.65 2.24
  7   1.90 1.73 1.90 2.53 3.15 3.66 3.97 4.06 3.76 3.30 2.78 2.28 1.89 1.61 1.50 2.00 2.80 3.56 4.15 4.52 4.56 4.12 3.50 2.90
  8   2.38 1.94 1.60 1.44 1.94 2.78 3.50 4.03 4.33 4.27 3.75 3.12 2.54 2.05 1.62 1.31 1.35 2.53 3.50 4.36 4.85 4.93 4.46 3.70
  9   3.03 2.38 1.80 1.39 1.16 1.56 2.84 3.76 4.44 4.76 4.63 3.95 3.22 2.56 1.96 1.47 1.07 1.05 2.57 3.73 4.79 5.26 5.21 4.52
 10   3.75 3.00 2.28 1.67 1.18 0.87 1.49 3.03 4.13 4.90 5.10 4.70 3.90 3.20 2.48 1.85 1.31 0.94 1.15 2.97 4.25 5.28 5.56 5.20
 11   4.40 3.57 2.77 2.05 1.44 0.95 0.70 1.90 3.60 4.80 5.36 5.34 4.67 3.84 3.02 2.30 1.66 1.11 0.81 1.60 3.44 4.87 5.64 5.64
 12   5.00 4.16 3.30 2.50 1.77 1.16 0.76 0.80 2.84 4.30 5.32 5.57 5.31 4.44 3.56 2.73 1.97 1.36 0.87 0.70 2.42 4.00 5.19 5.58
 13   5.40 4.59 3.70 2.86 2.10 1.45 0.94 0.61 1.75 3.54 4.85 5.52 5.50 4.87 3.94 3.07 2.30 1.67 1.14 0.83 1.50 3.30 4.56 5.42
 14   5.56 5.01 4.13 3.28 2.51 1.83 1.27 0.84 0.85 2.66 4.07 5.11 5.49 5.33 4.55 3.66 2.81 2.13 1.56 1.11 0.95 2.26 3.68 4.76
 15   5.20 5.18 4.58 3.75 2.93 2.21 1.60 1.09 0.82 1.71 3.41 4.51 5.19 5.26 4.64 3.85 3.04 2.37 1.78 1.33 1.04 1.65 3.08 4.12
 16   4.80 5.03 4.71 3.92 3.15 2.45 1.87 1.39 1.04 1.14 2.67 3.78 4.68 5.06 4.95 4.21 3.45 2.71 2.13 1.68 1.35 1.50 2.76 3.61
 17   4.34 4.73 4.69 4.07 3.34 2.65 2.10 1.63 1.29 1.24 2.43 3.40 4.25 4.68 4.79 4.29 3.54 2.83 2.23 1.78 1.37 1.26 2.06 3.13
 18   3.89 4.32 4.49 4.18 3.51 2.88 2.29 1.81 1.51 1.39 2.15 3.08 3.83 4.36 4.59 4.47 3.93 3.33 2.75 2.26 1.93 1.77 2.18 3.00
 19   3.63 4.10 4.35 4.27 3.85 3.28 2.73 2.26 1.87 1.66 1.93 2.69 3.36 3.89 4.20 4.29 4.03 3.54 3.02 2.55 2.18 1.97 2.05 2.61
 20   3.18 3.62 3.88 3.95 3.75 3.39 2.95 2.51 2.15 1.89 1.93 2.36 2.88 3.38 3.74 3.96 4.00 3.80 3.48 3.16 2.81 2.52 2.35 2.35
 21   2.56 2.87 3.17 3.39 3.54 3.55 3.43 3.14 2.82 2.52 2.30 2.23 2.31 2.63 2.95 3.29 3.61 3.85 3.93 3.83 3.54 3.20 2.84 2.56
 22   2.34 2.25 2.39 2.69 3.04 3.36 3.60 3.74 3.68 3.40 3.08 2.74 2.40 2.16 2.11 2.44 2.96 3.48 3.90 4.16 4.18 3.88 3.46 3.04
 23   2.60 2.21 1.90 1.76 2.15 2.83 3.40 3.89 4.12 4.07 3.66 3.15 2.68 2.24 1.88 1.65 1.94 2.81 3.54 4.11 4.48 4.54 4.17 3.60
 24   3.01 2.50 2.03 1.67 1.52 2.04 2.95 3.76 4.24 4.54 4.40 3.81 3.18 2.61 2.09 1.67 1.41 1.88 2.98 3.83 4.51 4.85 4.77 4.18
 25   3.51 2.85 2.20 1.69 1.32 1.21 2.11 3.31 4.23 4.83 4.96 4.51 3.77 3.03 2.37 1.80 1.34 1.09 2.06 3.35 4.40 5.06 5.20 4.80
 26   4.00 3.21 2.49 1.88 1.30 0.95 1.11 2.77 4.01 4.93 5.28 5.09 4.30 3.46 2.66 2.00 1.42 1.00 1.01 2.65 3.93 5.03 5.47 5.34
 27   4.54 3.71 2.91 2.14 1.49 0.94 0.58 1.64 3.46 4.86 5.60 5.58 4.92 4.00 3.09 2.27 1.59 1.00 0.66 1.50 3.32 4.75 5.60 5.68
 28   5.14 4.23 3.31 2.45 1.69 1.06 0.60 0.33 2.41 4.13 5.51 5.93 5.57 4.74 3.74 2.84 1.99 1.26 0.74 0.45 2.25 3.97 5.28 5.75
 29   5.55 4.60 3.69 2.81 1.99 1.26 0.70 0.26 1.38 3.24 4.78 5.88 5.90 5.26 4.31 3.31 2.41 1.61 0.97 0.55 0.88 3.10 4.40 5.45
 30   5.66 5.21 4.28 3.37 2.55 1.79 1.14 0.64 0.36 2.26 3.87 5.17 5.68 5.61 4.88 3.96 3.04 2.24 1.55 1.04 0.71 1.76 3.44 4.61
 31   5.33 5.37 4.76 3.93 3.09 2.34 1.62 1.08 0.66 0.87 2.88 4.11 5.17 5.48 5.25 4.41 3.56 2.75 2.07 1.50 1.06 0.98 2.41 3.61
 ----------------------------------------------------------------------------------------------------------------------------
                                                                                               
 ----------------------------------------------------------------------------------------------------------------------------
 ----------------------------------------------------------------------------------------------------------------------------
                                                          SURVEY OF INDIA
                                                    MARINE GEODESY WING (G&RB)
                                                     HOURLY HEIGHTS IN METRES
  NAME OF PORT:- HALDIA                                                                             MONTH APRIL     YEAR 2013
 ----------------------------------------------------------------------------------------------------------------------------
 DAYS 0000 0001 0002 0003 0004 0005 0006 0007 0008 0009 0010 0011 0012 0013 0014 0015 0016 0017 0018 0019 0020 0021 0022 0023
 ----------------------------------------------------------------------------------------------------------------------------
  1   4.55 5.00 4.99 4.27 3.50 2.75 2.10 1.51 1.06 0.78 1.78 3.11 4.19 4.91 5.17 4.88 4.11 3.39 2.69 2.09 1.62 1.34 1.57 2.77
  2   3.74 4.38 4.69 4.63 4.00 3.28 2.61 2.01 1.55 1.21 1.21 2.45 3.34 4.13 4.64 4.82 4.55 3.91 3.26 2.62 2.11 1.73 1.53 1.99
  3   2.97 3.65 4.14 4.38 4.27 3.77 3.16 2.54 2.02 1.64 1.38 1.71 2.60 3.31 3.91 4.35 4.54 4.38 3.91 3.36 2.86 2.39 2.04 1.85
  4   2.01 2.68 3.28 3.76 4.04 4.10 3.84 3.37 2.91 2.41 1.96 1.66 1.66 2.31 2.91 3.56 4.08 4.43 4.49 4.16 3.64 3.14 2.64 2.24
  5   1.95 1.80 2.11 2.69 3.31 3.76 4.03 4.04 3.72 3.30 2.77 2.28 1.91 1.63 1.58 2.22 3.02 3.77 4.33 4.62 4.50 4.01 3.44 2.86
  6   2.34 1.93 1.67 1.63 2.31 3.08 3.75 4.17 4.37 4.21 3.69 3.05 2.48 1.98 1.56 1.32 1.64 2.81 3.71 4.37 4.75 4.72 4.26 3.58
  7   2.94 2.34 1.84 1.44 1.29 2.08 3.16 4.01 4.55 4.77 4.55 3.88 3.16 2.51 1.95 1.51 1.19 1.49 2.96 3.95 4.75 5.05 4.91 4.26
  8   3.53 2.83 2.16 1.59 1.15 1.04 2.26 3.56 4.51 5.03 5.08 4.56 3.81 3.10 2.41 1.82 1.31 1.00 1.81 3.31 4.42 5.13 5.27 4.91
  9   4.07 3.30 2.53 1.84 1.25 0.84 0.95 2.71 4.09 5.06 5.40 5.18 4.44 3.61 2.82 2.13 1.51 1.05 0.91 2.44 3.81 4.89 5.35 5.28
 10   4.58 3.78 2.95 2.19 1.51 0.97 0.68 1.89 3.55 4.81 5.47 5.50 4.90 4.06 3.21 2.44 1.78 1.22 0.86 1.44 3.16 4.36 5.27 5.46
 11   5.04 4.24 3.38 2.60 1.81 1.23 0.76 0.77 2.86 4.21 5.31 5.64 5.30 4.51 3.66 2.81 2.08 1.46 0.95 0.76 2.21 3.77 4.71 5.24
 12   5.13 4.46 3.64 2.81 2.09 1.49 0.98 0.63 1.96 3.60 4.91 5.52 5.51 4.88 4.00 3.17 2.43 1.79 1.26 0.96 1.76 3.35 4.41 5.15
 13   5.27 4.83 4.00 3.20 2.46 1.80 1.26 0.84 1.26 3.06 4.29 5.17 5.45 5.20 4.41 3.61 2.85 2.15 1.62 1.25 1.48 2.84 3.89 4.65
 14   5.04 4.97 4.26 3.53 2.75 2.07 1.52 1.01 0.71 1.73 3.45 4.70 5.34 5.34 4.75 3.92 3.14 2.45 1.85 1.40 1.18 2.06 3.24 4.17
 15   4.74 4.93 4.53 3.77 3.00 2.30 1.77 1.32 1.16 2.05 3.03 3.95 4.68 5.12 4.90 4.24 3.49 2.80 2.22 1.83 1.57 1.80 2.85 3.67
 16   4.33 4.69 4.65 4.12 3.42 2.80 2.25 1.77 1.47 1.60 2.75 3.70 4.34 4.76 4.87 4.55 3.90 3.30 2.70 2.12 1.64 1.35 2.00 3.20
 17   4.00 4.44 4.60 4.34 3.77 3.07 2.50 2.05 1.75 1.63 2.50 3.30 4.05 4.57 4.84 4.69 4.15 3.56 3.04 2.53 2.14 1.83 2.00 2.65
 18   3.33 3.87 4.24 4.31 4.04 3.45 2.90 2.44 2.11 1.93 2.10 2.79 3.50 4.02 4.41 4.61 4.46 3.93 3.43 2.98 2.65 2.43 2.34 2.54
 19   2.85 3.30 3.76 4.06 4.06 3.88 3.47 3.00 2.52 2.23 2.10 2.24 2.74 3.21 3.64 4.02 4.21 4.20 3.96 3.58 3.10 2.64 2.27 2.00
 20   1.88 2.15 2.66 3.20 3.64 3.99 4.09 3.94 3.64 3.22 2.80 2.40 2.12 2.22 2.67 3.17 3.60 4.00 4.31 4.26 3.91 3.44 2.97 2.53
 21   2.20 1.94 1.95 2.44 3.05 3.64 4.07 4.34 4.28 3.84 3.27 2.82 2.37 2.01 1.82 2.07 2.77 3.54 4.10 4.53 4.65 4.50 3.90 3.02
 22   2.37 1.95 1.65 1.49 1.87 2.75 3.52 4.14 4.53 4.56 4.10 3.42 2.80 2.29 1.86 1.58 1.65 2.70 3.50 4.25 4.70 4.81 4.40 3.70
 23   3.05 2.45 1.94 1.50 1.28 1.79 2.97 3.97 4.70 4.99 4.84 4.15 3.40 2.74 2.14 1.66 1.35 1.55 2.90 3.90 4.71 5.06 4.97 4.35
 24   3.58 2.87 2.21 1.63 1.17 0.95 1.88 3.36 4.56 5.30 5.43 4.96 4.12 3.30 2.58 1.95 1.41 1.12 1.75 3.22 4.40 5.17 5.41 5.00
 25   4.20 3.42 2.64 1.95 1.37 0.93 0.87 2.54 4.12 5.37 5.84 5.66 4.85 3.95 3.06 2.30 1.60 1.06 0.86 2.25 3.80 5.04 5.60 5.55
 26   4.85 4.00 3.11 2.36 1.64 1.06 0.65 1.30 3.48 5.00 5.98 6.04 5.46 4.50 3.60 2.72 1.94 1.28 0.82 1.00 3.14 4.57 5.61 5.84
 27   5.46 4.55 3.61 2.73 1.90 1.25 0.73 0.49 2.53 4.30 5.72 6.23 5.97 5.10 4.17 3.25 2.36 1.60 1.03 0.72 1.95 3.77 5.20 5.85
 28   5.83 5.13 4.17 3.31 2.40 1.63 1.03 0.58 0.80 3.30 4.80 5.93 6.17 5.79 4.85 3.90 2.95 2.10 1.44 0.90 0.70 2.36 3.90 5.15
 29   5.64 5.54 4.76 3.86 3.00 2.24 1.55 1.00 0.71 1.98 3.68 5.00 5.75 5.83 5.35 4.48 3.60 2.80 2.06 1.46 1.04 1.25 2.97 4.14
 30   5.05 5.34 5.13 4.42 3.58 2.83 2.17 1.58 1.14 1.10 2.65 3.87 4.97 5.47 5.54 5.00 4.20 3.40 2.70 2.12 1.64 1.35 2.00 3.20
 ----------------------------------------------------------------------------------------------------------------------------
                                                                                               
 ----------------------------------------------------------------------------------------------------------------------------
 ----------------------------------------------------------------------------------------------------------------------------
                                                          SURVEY OF INDIA
                                                    MARINE GEODESY WING (G&RB)
                                                     HOURLY HEIGHTS IN METRES
  NAME OF PORT:- HALDIA                                                                             MONTH MAY       YEAR 2013
 ----------------------------------------------------------------------------------------------------------------------------
 DAYS 0000 0001 0002 0003 0004 0005 0006 0007 0008 0009 0010 0011 0012 0013 0014 0015 0016 0017 0018 0019 0020 0021 0022 0023
 ----------------------------------------------------------------------------------------------------------------------------
  1   4.16 4.82 5.09 4.90 4.20 3.50 2.82 2.20 1.73 1.43 1.73 2.95 3.88 4.65 5.10 5.18 4.76 4.05 3.36 2.72 2.17 1.79 1.64 2.25
  2   3.23 4.07 4.61 4.82 4.65 4.10 3.47 2.89 2.40 2.02 1.83 2.33 3.20 4.00 4.62 5.04 5.08 4.70 4.14 3.50 2.93 2.40 2.05 1.87
  3   2.20 2.90 3.59 4.08 4.36 4.34 4.00 3.62 3.16 2.72 2.30 2.30 2.63 3.13 3.80 4.32 4.74 4.87 4.76 4.30 3.75 3.21 2.68 2.30
  4   1.95 2.22 2.90 3.60 4.20 4.53 4.62 4.38 4.03 3.53 3.00 2.50 2.15 1.96 2.24 3.10 3.95 4.57 4.92 4.95 4.55 3.99 3.44 2.86
  5   2.35 2.06 1.98 2.53 3.40 4.05 4.50 4.72 4.67 4.31 3.80 3.31 2.80 2.35 2.11 2.20 2.95 3.80 4.50 4.90 5.00 4.50 3.90 3.31
  6   2.75 2.30 1.95 1.87 2.30 3.32 4.10 4.70 5.02 4.97 4.47 3.77 3.16 2.56 2.10 1.77 1.90 3.03 4.08 4.87 5.22 5.16 4.63 3.90
  7   3.22 2.50 1.94 1.56 1.35 2.20 3.44 4.36 5.04 5.43 5.13 4.36 3.64 2.92 2.30 1.74 1.39 1.80 3.16 4.20 4.99 5.24 5.10 4.43
  8   3.70 3.00 2.30 1.77 1.43 1.48 2.70 3.95 4.96 5.48 5.57 5.10 4.28 3.47 2.74 2.10 1.59 1.36 2.23 3.56 4.61 5.30 5.44 5.04
  9   4.30 3.53 2.74 2.10 1.53 1.27 1.60 3.20 4.40 5.40 5.73 5.45 4.65 3.86 3.10 2.40 1.83 1.42 1.60 3.00 4.19 5.10 5.50 5.44
 10   4.77 3.96 3.14 2.40 1.76 1.28 1.09 2.40 3.94 5.10 5.77 5.77 5.15 4.35 3.49 2.72 2.10 1.53 1.25 2.00 3.50 4.56 5.40 5.55
 11   5.17 4.30 3.50 2.75 2.07 1.50 1.12 1.60 3.28 4.50 5.53 5.84 5.67 4.72 3.88 3.09 2.35 1.80 1.42 1.57 2.92 4.15 5.03 5.44
 12   5.34 4.58 3.74 2.96 2.30 1.72 1.30 1.18 2.67 4.10 5.30 5.81 5.74 4.97 4.14 3.36 2.64 2.02 1.57 1.42 2.36 3.56 4.43 5.04
 13   5.15 4.67 3.98 3.24 2.58 2.00 1.54 1.23 1.73 3.30 4.53 5.45 5.68 5.39 4.55 3.74 3.00 2.34 1.85 1.54 1.72 2.91 3.92 4.76
 14   5.21 5.12 4.45 3.69 2.94 2.32 1.82 1.40 1.35 2.65 3.85 4.90 5.45 5.51 4.91 4.16 3.40 2.74 2.17 1.76 1.61 2.40 3.35 4.23
 15   4.89 5.14 4.85 4.15 3.39 2.70 2.16 1.72 1.50 2.16 3.35 4.40 5.15 5.44 5.20 4.54 3.79 3.06 2.46 2.03 1.80 2.05 2.97 3.80
 16   4.40 4.81 4.93 4.53 3.80 3.09 2.49 2.03 1.80 2.00 2.90 3.77 4.55 5.10 5.23 4.82 4.15 3.47 2.86 2.34 2.00 1.90 2.50 3.33
 17   4.00 4.64 5.01 4.86 4.30 3.67 3.02 2.50 2.13 2.02 2.55 3.35 4.17 4.74 5.05 5.09 4.71 4.17 3.60 3.06 2.50 2.20 1.97 2.33
 18   3.10 3.90 4.43 4.78 4.67 4.30 3.78 3.23 2.80 2.47 2.33 2.74 3.48 4.10 4.64 4.91 4.88 4.49 3.94 3.43 2.95 2.60 2.38 2.37
 19   2.70 3.28 3.82 4.30 4.60 4.56 4.26 3.84 3.47 3.06 2.68 2.57 2.84 3.35 3.87 4.37 4.72 4.87 4.69 4.25 3.76 3.26 2.77 2.40
 20   2.17 2.23 2.84 3.55 4.25 4.73 4.87 4.75 4.28 3.73 3.20 2.70 2.40 2.34 2.86 3.63 4.30 4.83 5.01 4.87 4.34 3.75 3.17 2.70
 21   2.30 2.01 2.10 2.85 3.67 4.44 4.98 5.18 5.00 4.44 3.80 3.22 2.70 2.30 2.06 2.40 3.30 4.27 4.85 5.12 4.95 4.36 3.73 3.10
 22   2.40 1.87 1.70 1.81 2.50 3.65 4.55 5.28 5.54 5.37 4.64 3.87 3.19 2.54 2.05 1.79 2.20 3.40 4.45 5.20 5.47 5.30 4.59 3.86
 23   3.17 2.45 1.94 1.57 1.39 2.45 3.80 5.15 5.90 6.03 5.55 4.72 3.80 3.00 2.30 1.76 1.42 1.90 3.40 4.60 5.50 5.70 5.42 4.62
 24   3.78 2.98 2.29 1.72 1.24 1.10 2.70 4.34 5.80 6.36 6.29 5.48 4.55 3.65 2.78 2.06 1.52 1.26 2.10 3.73 5.08 5.90 5.97 5.30
 25   4.42 3.60 2.72 2.09 1.47 1.01 0.95 3.03 4.77 6.17 6.59 6.26 5.20 4.27 3.31 2.50 1.76 1.20 0.95 2.25 4.00 5.45 6.14 6.09
 26   5.30 4.30 3.40 2.53 1.77 1.19 0.76 1.25 3.65 5.40 6.46 6.78 6.12 5.00 3.96 3.03 2.24 1.60 1.14 1.20 3.00 4.46 5.87 6.25
 27   5.99 5.01 4.00 3.13 2.29 1.63 1.12 0.88 2.10 4.05 5.75 6.60 6.66 5.83 4.77 3.75 2.85 2.05 1.45 1.09 1.50 3.20 4.65 5.80
 28   6.16 5.72 4.78 3.85 2.93 2.18 1.59 1.10 1.05 2.97 4.43 5.88 6.36 6.25 5.40 4.40 3.42 2.60 1.93 1.43 1.13 1.77 3.30 4.63
 29   5.63 5.86 5.37 4.47 3.55 2.79 2.14 1.56 1.20 1.40 2.95 4.20 5.27 5.80 5.70 5.00 4.15 3.25 2.52 1.90 1.42 1.12 1.44 2.90
 30   4.09 5.02 5.45 5.33 4.64 3.93 3.28 2.63 2.33 2.32 3.16 4.20 5.22 5.80 6.00 5.84 5.18 4.37 3.63 2.90 2.33 1.85 1.73 2.65
 31   3.79 4.90 5.53 5.52 5.06 4.40 3.67 3.10 2.63 2.25 2.26 3.15 4.03 4.90 5.42 5.60 5.25 4.68 4.00 3.34 2.72 2.29 2.02 2.19
 ----------------------------------------------------------------------------------------------------------------------------
                                                                                               
 ----------------------------------------------------------------------------------------------------------------------------
 ----------------------------------------------------------------------------------------------------------------------------
                                                          SURVEY OF INDIA
                                                    MARINE GEODESY WING (G&RB)
                                                     HOURLY HEIGHTS IN METRES
  NAME OF PORT:- HALDIA                                                                             MONTH JUNE      YEAR 2013
 ----------------------------------------------------------------------------------------------------------------------------
 DAYS 0000 0001 0002 0003 0004 0005 0006 0007 0008 0009 0010 0011 0012 0013 0014 0015 0016 0017 0018 0019 0020 0021 0022 0023
 ----------------------------------------------------------------------------------------------------------------------------
  1   3.05 3.90 4.62 5.08 5.15 4.70 4.10 3.54 3.00 2.57 2.29 2.30 2.90 3.68 4.45 5.00 5.22 5.03 4.45 3.85 3.25 2.73 2.28 2.05
  2   2.20 2.92 3.70 4.29 4.73 4.88 4.63 4.15 3.67 3.20 2.75 2.42 2.33 2.67 3.26 3.95 4.55 4.89 4.89 4.46 3.90 3.34 2.80 2.34
  3   2.05 2.06 2.69 3.40 4.10 4.62 4.88 4.80 4.34 3.80 3.28 2.77 2.36 2.13 2.25 2.90 3.65 4.30 4.76 4.92 4.57 4.00 3.38 2.84
  4   2.38 2.02 1.91 2.40 3.24 3.99 4.57 5.00 5.04 4.60 4.00 3.40 2.85 2.39 2.05 1.96 2.65 3.53 4.25 4.78 4.96 4.68 4.05 3.40
  5   2.80 2.31 1.94 1.77 2.24 3.23 4.10 4.76 5.17 5.20 4.67 4.00 3.36 2.79 2.28 1.94 1.89 2.80 3.69 4.50 5.00 5.13 4.70 4.04
  6   3.37 2.74 2.22 1.84 1.66 2.30 3.44 4.46 5.15 5.48 5.30 4.60 3.84 3.16 2.57 2.10 1.77 2.10 3.20 4.17 4.90 5.24 5.16 4.50
  7   3.80 3.14 2.53 2.04 1.70 1.77 2.90 3.97 5.00 5.53 5.61 5.14 4.35 3.60 2.93 2.31 1.88 1.65 2.25 3.40 4.35 5.04 5.29 5.07
  8   4.37 3.64 2.93 2.35 1.89 1.57 1.93 3.25 4.45 5.35 5.71 5.64 4.90 4.10 3.36 2.70 2.13 1.73 1.64 2.78 3.80 4.80 5.30 5.35
  9   4.87 4.12 3.35 2.63 2.04 1.55 1.34 2.40 3.80 4.97 5.67 5.75 5.35 4.57 3.77 3.00 2.37 1.87 1.53 1.96 3.25 4.25 5.00 5.33
 10   5.20 4.50 3.70 2.99 2.34 1.81 1.40 1.50 3.15 4.30 5.32 5.62 5.44 4.78 4.00 3.22 2.53 1.96 1.55 1.40 2.60 3.70 4.70 5.31
 11   5.37 4.82 4.00 3.20 2.50 1.90 1.43 1.16 2.30 3.75 4.90 5.70 5.76 5.26 4.40 3.60 2.90 2.34 1.78 1.48 1.92 3.13 4.14 5.00
 12   5.32 5.16 4.40 3.60 2.88 2.26 1.75 1.40 1.75 3.18 4.35 5.30 5.72 5.58 4.87 4.07 3.31 2.70 2.24 1.93 1.84 2.66 3.68 4.60
 13   5.20 5.39 5.05 4.25 3.50 2.81 2.29 1.90 1.84 2.90 3.95 5.05 5.73 5.86 5.44 4.68 3.90 3.22 2.60 2.20 2.00 2.35 3.32 4.22
 14   5.06 5.45 5.36 4.65 3.90 3.23 2.62 2.19 1.92 2.23 3.35 4.45 5.35 5.70 5.54 4.87 4.20 3.47 2.87 2.39 2.07 2.05 2.85 3.70
 15   4.55 5.02 5.26 4.87 4.22 3.53 2.91 2.42 2.00 1.89 2.70 3.76 4.60 5.17 5.39 5.13 4.50 3.83 3.17 2.60 2.20 1.97 2.12 2.92
 16   3.80 4.50 4.99 5.08 4.66 4.02 3.41 2.80 2.37 2.08 2.23 3.00 3.83 4.53 5.00 5.14 4.84 4.23 3.60 3.03 2.50 2.13 1.90 2.14
 17   3.00 3.80 4.46 4.84 4.91 4.55 4.00 3.43 2.90 2.47 2.20 2.29 2.97 3.67 4.30 4.76 4.92 4.72 4.17 3.60 3.06 2.57 2.19 1.95
 18   2.14 2.89 3.64 4.25 4.72 4.88 4.67 4.16 3.60 3.06 2.60 2.26 2.14 2.68 3.40 4.06 4.56 4.86 4.77 4.30 3.70 3.13 2.63 2.24
 19   1.95 1.86 2.50 3.27 4.05 4.60 4.92 4.87 4.44 3.90 3.30 2.70 2.23 2.03 2.20 3.02 3.78 4.43 4.82 4.85 4.37 3.75 3.13 2.59
 20   2.13 1.78 1.66 2.30 3.25 4.14 4.81 5.20 5.21 4.70 4.00 3.30 2.70 2.19 1.84 1.83 2.76 3.73 4.50 4.90 5.02 4.65 3.94 3.26
 21   2.65 2.14 1.75 1.46 1.70 2.95 4.10 5.13 5.63 5.60 4.97 4.19 3.37 2.70 2.10 1.66 1.51 2.60 3.70 4.66 5.25 5.34 4.84 4.10
 22   3.35 2.64 2.04 1.55 1.17 1.35 3.00 4.40 5.55 5.97 5.78 4.97 4.08 3.20 2.45 1.85 1.40 1.27 2.60 3.80 5.00 5.57 5.63 5.03
 23   4.20 3.33 2.60 1.98 1.43 1.07 1.50 3.30 4.87 6.12 6.43 6.02 5.00 4.06 3.18 2.45 1.83 1.37 1.36 2.91 4.30 5.50 6.00 5.85
 24   5.00 4.14 3.26 2.50 1.86 1.36 1.08 2.04 3.90 5.60 6.50 6.73 6.01 5.04 4.06 3.17 2.41 1.83 1.47 1.65 3.18 4.60 5.85 6.24
 25   6.00 5.10 4.17 3.27 2.50 1.84 1.33 1.09 2.73 4.55 6.20 6.83 6.73 5.81 4.82 3.81 2.91 2.17 1.65 1.37 2.35 3.87 5.30 6.21
 26   6.39 5.80 4.89 3.96 3.07 2.30 1.67 1.20 1.34 3.40 4.85 6.17 6.62 6.30 5.52 4.60 3.60 2.73 1.97 1.43 1.13 2.25 3.80 5.11
 27   5.90 5.98 5.47 4.63 3.80 3.03 2.23 1.60 1.19 1.80 3.50 4.90 5.93 6.13 5.73 4.94 4.05 3.20 2.45 1.83 1.36 1.28 2.70 3.94
 28   5.07 5.67 5.68 5.06 4.23 3.40 2.70 2.10 1.60 1.41 2.59 3.85 4.94 5.56 5.68 5.25 4.56 3.77 3.04 2.36 1.80 1.42 1.46 2.95
 29   4.00 4.80 5.29 5.24 4.64 3.94 3.20 2.56 2.06 1.70 1.73 2.90 3.83 4.60 5.07 5.14 4.77 4.15 3.47 2.77 2.19 1.77 1.54 2.08
 30   3.27 4.14 4.73 4.98 4.80 4.29 3.67 3.06 2.53 2.11 1.86 2.13 2.95 3.75 4.43 4.84 4.87 4.50 3.89 3.27 2.64 2.16 1.82 1.70
 ----------------------------------------------------------------------------------------------------------------------------
                                                                                               
 ----------------------------------------------------------------------------------------------------------------------------
 ----------------------------------------------------------------------------------------------------------------------------
                                                          SURVEY OF INDIA
                                                    MARINE GEODESY WING (G&RB)
                                                     HOURLY HEIGHTS IN METRES
  NAME OF PORT:- HALDIA                                                                             MONTH JULY      YEAR 2013
 ----------------------------------------------------------------------------------------------------------------------------
 DAYS 0000 0001 0002 0003 0004 0005 0006 0007 0008 0009 0010 0011 0012 0013 0014 0015 0016 0017 0018 0019 0020 0021 0022 0023
 ----------------------------------------------------------------------------------------------------------------------------
  1   2.50 3.37 4.14 4.62 4.85 4.60 4.12 3.61 3.13 2.65 2.30 2.24 2.59 3.20 3.76 4.26 4.60 4.64 4.37 3.85 3.30 2.74 2.32 2.06
  2   2.13 2.77 3.53 4.04 4.42 4.68 4.65 4.34 3.92 3.45 2.98 2.64 2.51 2.56 3.06 3.64 4.12 4.48 4.63 4.40 3.94 3.47 2.93 2.47
  3   2.20 2.14 2.59 3.24 3.82 4.30 4.64 4.67 4.40 4.00 3.55 3.05 2.66 2.47 2.42 2.72 3.22 3.84 4.30 4.57 4.50 4.09 3.55 3.06
  4   2.57 2.16 2.04 2.28 2.94 3.64 4.23 4.70 4.92 4.75 4.23 3.60 3.03 2.54 2.17 2.03 2.44 3.25 3.97 4.44 4.68 4.54 4.08 3.50
  5   2.94 2.44 2.04 1.82 2.12 2.95 3.76 4.50 4.98 5.09 4.76 4.16 3.47 2.87 2.34 1.97 1.80 2.40 3.30 4.13 4.64 4.89 4.67 4.10
  6   3.43 2.80 2.30 1.92 1.71 2.06 3.10 4.05 4.83 5.23 5.23 4.67 4.00 3.34 2.74 2.25 1.90 1.78 2.60 3.52 4.32 4.88 5.05 4.71
  7   4.00 3.33 2.70 2.21 1.81 1.60 2.16 3.34 4.36 5.12 5.44 5.29 4.55 3.83 3.16 2.56 2.11 1.80 1.89 2.94 3.90 4.65 5.11 5.13
  8   4.52 3.77 3.07 2.47 1.97 1.64 1.60 2.74 3.87 4.95 5.54 5.61 5.09 4.27 3.53 2.85 2.25 1.84 1.65 2.20 3.33 4.27 4.99 5.26
  9   5.03 4.26 3.52 2.84 2.25 1.80 1.59 1.95 3.35 4.55 5.44 5.78 5.57 4.80 3.99 3.15 2.53 2.01 1.66 1.65 2.85 3.92 4.82 5.37
 10   5.40 4.74 3.90 3.20 2.55 2.02 1.60 1.56 2.90 4.06 5.25 5.85 5.87 5.25 4.40 3.60 2.88 2.30 1.88 1.66 2.37 3.62 4.69 5.47
 11   5.70 5.26 4.43 3.59 2.85 2.23 1.76 1.52 2.30 3.74 5.03 5.90 6.13 5.70 4.87 4.03 3.32 2.65 2.17 1.91 2.17 3.30 4.40 5.46
 12   5.94 5.82 5.09 4.22 3.41 2.66 2.13 1.73 1.88 3.25 4.59 5.62 6.13 6.00 5.23 4.39 3.54 2.81 2.23 1.81 1.66 2.59 3.75 4.99
 13   5.75 5.83 5.29 4.49 3.66 2.94 2.37 1.82 1.53 2.29 3.64 4.79 5.54 5.77 5.40 4.64 3.83 3.02 2.38 1.89 1.50 1.60 2.86 3.92
 14   4.91 5.46 5.46 4.86 4.04 3.25 2.57 2.02 1.62 1.53 2.89 3.88 4.89 5.52 5.58 5.06 4.29 3.55 2.85 2.29 1.85 1.54 1.89 3.15
 15   4.11 4.93 5.32 5.20 4.56 3.79 3.08 2.47 2.00 1.71 2.09 3.26 4.19 4.92 5.34 5.24 4.64 3.89 3.23 2.62 2.17 1.81 1.71 2.52
 16   3.49 4.31 4.94 5.20 4.93 4.31 3.68 3.01 2.49 2.13 2.01 2.64 3.49 4.32 4.93 5.24 5.13 4.53 3.86 3.24 2.66 2.24 1.95 2.00
 17   2.79 3.59 4.38 4.89 5.10 4.89 4.32 3.73 3.14 2.63 2.28 2.19 2.66 3.42 4.12 4.65 5.01 4.89 4.39 3.79 3.19 2.65 2.22 1.91
 18   1.94 2.63 3.42 4.21 4.79 5.12 4.99 4.47 3.89 3.32 2.74 2.33 2.12 2.37 3.04 3.76 4.44 4.88 4.98 4.64 4.03 3.44 2.89 2.40
 19   2.04 1.86 2.19 3.00 3.88 4.64 5.21 5.35 5.03 4.45 3.76 3.13 2.55 2.19 1.99 2.34 3.29 4.13 4.81 5.14 5.06 4.49 3.83 3.19
 20   2.56 2.09 1.73 1.71 2.54 3.54 4.64 5.42 5.70 5.48 4.76 4.03 3.29 2.62 2.15 1.87 2.09 3.17 4.14 4.99 5.45 5.37 4.77 4.00
 21   3.24 2.55 2.01 1.58 1.37 2.18 3.59 4.89 5.97 6.18 5.73 4.85 3.95 3.14 2.44 1.89 1.52 1.69 3.02 4.21 5.31 5.82 5.67 4.94
 22   4.09 3.27 2.53 1.90 1.39 1.14 2.03 3.75 5.44 6.34 6.49 5.79 4.83 3.94 3.09 2.39 1.77 1.42 1.76 3.20 4.57 5.80 6.19 5.95
 23   5.07 4.13 3.26 2.50 1.84 1.35 1.11 2.39 4.23 6.03 6.79 6.79 5.89 4.79 3.76 2.84 2.09 1.46 1.06 1.44 3.39 4.96 6.12 6.41
 24   5.91 4.91 3.92 3.01 2.19 1.49 0.99 0.89 3.03 4.79 6.29 6.82 6.51 5.45 4.39 3.39 2.52 1.81 1.25 0.96 2.07 3.89 5.34 6.23
 25   6.29 5.52 4.56 3.55 2.66 1.92 1.29 0.85 1.30 3.49 5.09 6.22 6.53 5.89 4.89 3.89 2.95 2.13 1.49 1.05 0.86 2.52 4.09 5.48
 26   5.96 5.89 5.11 4.19 3.29 2.45 1.82 1.29 0.95 2.32 4.09 5.49 6.12 6.16 5.53 4.69 3.79 2.92 2.19 1.66 1.28 1.58 3.19 4.55
 27   5.56 5.88 5.57 4.86 3.97 3.14 2.34 1.80 1.37 1.44 2.99 4.19 5.25 5.69 5.58 4.94 4.11 3.31 2.56 1.99 1.49 1.25 2.19 3.59
 28   4.69 5.39 5.50 5.03 4.31 3.59 2.89 2.29 1.81 1.54 2.24 3.54 4.49 5.11 5.35 5.06 4.30 3.59 2.90 2.29 1.82 1.47 1.75 2.94
 29   3.95 4.74 5.08 4.93 4.39 3.75 3.16 2.52 2.08 1.79 1.79 2.69 3.60 4.30 4.72 4.83 4.49 3.92 3.34 2.72 2.18 1.83 1.68 2.06
 30   2.98 3.77 4.38 4.65 4.56 4.19 3.63 3.09 2.59 2.24 2.12 2.39 3.10 3.79 4.36 4.79 4.74 4.41 3.88 3.29 2.74 2.29 2.06 2.24
 31   2.99 3.66 4.26 4.63 4.73 4.47 4.10 3.64 3.22 2.91 2.76 2.74 2.95 3.29 3.66 4.02 4.30 4.35 4.14 3.81 3.35 2.92 2.58 2.43
 ----------------------------------------------------------------------------------------------------------------------------
                                                                                               
 ----------------------------------------------------------------------------------------------------------------------------
 ----------------------------------------------------------------------------------------------------------------------------
                                                          SURVEY OF INDIA
                                                    MARINE GEODESY WING (G&RB)
                                                     HOURLY HEIGHTS IN METRES
  NAME OF PORT:- HALDIA                                                                             MONTH AUGUST    YEAR 2013
 ----------------------------------------------------------------------------------------------------------------------------
 DAYS 0000 0001 0002 0003 0004 0005 0006 0007 0008 0009 0010 0011 0012 0013 0014 0015 0016 0017 0018 0019 0020 0021 0022 0023
 ----------------------------------------------------------------------------------------------------------------------------
  1   2.32 2.78 3.34 3.92 4.34 4.58 4.54 4.32 3.92 3.49 3.12 2.83 2.73 2.78 3.07 3.39 3.75 4.10 4.33 4.27 4.03 3.68 3.30 2.92
  2   2.55 2.41 2.57 3.02 3.59 4.04 4.42 4.61 4.54 4.21 3.76 3.33 2.90 2.55 2.34 2.42 2.92 3.52 4.09 4.48 4.60 4.31 3.83 3.33
  3   2.85 2.43 2.16 2.13 2.59 3.29 3.98 4.56 4.92 4.91 4.44 3.86 3.25 2.71 2.25 1.96 2.05 2.69 3.54 4.25 4.72 4.85 4.41 3.79
  4   3.17 2.62 2.19 1.86 1.82 2.57 3.45 4.34 4.96 5.26 5.08 4.43 3.76 3.10 2.50 2.05 1.77 2.02 3.05 3.92 4.63 5.04 4.99 4.39
  5   3.70 3.02 2.44 1.99 1.63 1.72 2.88 3.92 4.92 5.48 5.54 4.95 4.19 3.48 2.79 2.20 1.72 1.71 2.45 3.52 4.47 5.17 5.42 5.00
  6   4.28 3.53 2.83 2.29 1.82 1.75 2.52 3.68 4.78 5.70 5.99 5.61 4.76 3.95 3.23 2.56 1.99 1.63 1.83 3.11 4.22 5.21 5.69 5.60
  7   4.91 4.10 3.35 2.60 1.97 1.53 1.44 2.69 4.17 5.47 6.09 6.04 5.37 4.48 3.67 2.85 2.17 1.63 1.33 2.16 3.47 4.68 5.58 5.83
  8   5.48 4.62 3.79 2.99 2.30 1.65 1.19 1.60 3.38 4.78 5.79 6.15 5.79 4.95 4.11 3.26 2.51 1.84 1.35 1.19 2.62 4.04 5.33 5.87
  9   5.79 5.06 4.26 3.40 2.58 1.95 1.39 1.08 2.28 3.95 5.36 5.98 5.94 5.29 4.41 3.53 2.75 2.02 1.49 1.15 1.66 3.25 4.54 5.59
 10   5.85 5.45 4.51 3.69 2.90 2.22 1.63 1.21 1.46 3.23 4.59 5.59 5.94 5.65 4.78 3.86 3.08 2.37 1.76 1.27 1.14 2.50 3.81 5.02
 11   5.70 5.71 5.01 4.12 3.30 2.57 1.93 1.41 1.19 2.33 3.82 5.03 5.71 5.81 5.14 4.25 3.41 2.67 1.97 1.49 1.17 1.62 3.13 4.37
 12   5.38 5.73 5.42 4.57 3.69 2.94 2.28 1.74 1.37 1.69 3.22 4.38 5.35 5.73 5.52 4.72 3.89 3.11 2.45 1.89 1.46 1.36 2.50 3.70
 13   4.79 5.44 5.57 5.03 4.21 3.48 2.79 2.24 1.79 1.58 2.49 3.63 4.56 5.29 5.51 5.09 4.38 3.62 2.96 2.39 1.93 1.61 1.80 2.99
 14   3.99 4.82 5.32 5.28 4.71 4.02 3.35 2.74 2.30 1.95 2.00 3.00 3.83 4.59 5.07 5.19 4.77 4.12 3.48 2.89 2.41 2.03 1.85 2.27
 15   3.25 4.07 4.72 5.13 5.07 4.59 4.00 3.44 2.89 2.51 2.27 2.39 3.07 3.73 4.34 4.79 4.92 4.69 4.17 3.63 3.09 2.63 2.29 2.10
 16   2.33 3.13 3.81 4.41 4.85 5.04 4.84 4.32 3.79 3.28 2.76 2.44 2.29 2.66 3.29 3.91 4.46 4.76 4.69 4.43 3.92 3.41 2.89 2.49
 17   2.22 2.16 2.66 3.42 4.19 4.82 5.19 5.18 4.76 4.15 3.54 2.98 2.49 2.16 2.12 2.67 3.48 4.27 4.79 5.05 4.84 4.32 3.75 3.08
 18   2.54 2.11 1.82 1.94 2.93 3.81 4.71 5.37 5.54 5.20 4.51 3.76 3.11 2.47 1.96 1.69 2.04 3.23 4.17 5.02 5.35 5.24 4.70 3.93
 19   3.26 2.59 1.99 1.57 1.40 2.37 3.69 4.99 5.83 6.01 5.64 4.79 4.00 3.17 2.47 1.88 1.47 1.56 3.02 4.31 5.39 5.93 5.87 5.09
 20   4.19 3.34 2.57 1.89 1.42 1.29 2.79 4.29 5.82 6.56 6.66 5.89 4.95 3.99 3.06 2.26 1.61 1.18 1.63 3.61 5.09 6.13 6.43 6.11
 21   5.14 4.21 3.23 2.39 1.65 1.08 0.82 2.91 4.61 6.19 6.69 6.49 5.45 4.46 3.49 2.56 1.75 1.11 0.75 1.91 3.81 5.59 6.43 6.50
 22   5.77 4.69 3.65 2.72 1.89 1.29 0.82 1.27 3.49 5.35 6.51 6.87 6.13 5.01 3.95 2.96 2.09 1.39 0.91 0.81 2.79 4.45 6.02 6.56
 23   6.36 5.27 4.22 3.22 2.26 1.65 1.12 0.83 2.32 4.16 5.85 6.58 6.55 5.67 4.61 3.55 2.66 1.86 1.29 0.92 1.49 3.46 5.08 6.19
 24   6.46 5.85 4.79 3.82 2.89 2.16 1.51 1.08 1.11 3.10 4.64 5.89 6.29 5.99 5.06 4.13 3.20 2.39 1.69 1.20 1.06 2.60 4.15 5.49
 25   6.13 6.03 5.20 4.30 3.36 2.60 1.94 1.47 1.24 2.34 3.79 5.01 5.78 5.89 5.36 4.56 3.71 2.89 2.28 1.69 1.29 1.63 3.21 4.40
 26   5.34 5.82 5.55 4.76 3.93 3.16 2.49 1.88 1.48 1.69 3.04 4.09 4.93 5.43 5.36 4.75 4.02 3.29 2.57 2.00 1.60 1.52 2.74 3.83
 27   4.84 5.41 5.45 4.94 4.22 3.51 2.88 2.38 2.05 2.04 2.69 3.59 4.32 4.84 5.06 4.74 4.15 3.53 2.92 2.36 1.92 1.77 2.28 3.19
 28   4.01 4.66 5.04 5.07 4.56 3.93 3.36 2.83 2.49 2.26 2.59 3.39 3.93 4.37 4.65 4.65 4.35 3.92 3.44 2.92 2.56 2.25 2.29 2.93
 29   3.64 4.21 4.61 4.74 4.54 4.15 3.73 3.32 2.97 2.76 2.76 3.02 3.40 3.78 4.08 4.28 4.33 4.17 3.83 3.44 3.03 2.70 2.51 2.59
 30   3.04 3.49 3.91 4.19 4.36 4.30 4.04 3.78 3.51 3.29 3.09 2.98 2.96 3.04 3.25 3.51 3.76 3.93 3.96 3.84 3.62 3.32 3.00 2.69
 31   2.65 2.77 3.09 3.49 3.87 4.14 4.29 4.27 4.05 3.76 3.42 3.09 2.82 2.63 2.55 2.77 3.11 3.59 3.98 4.19 4.23 4.04 3.59 3.18
 ----------------------------------------------------------------------------------------------------------------------------
                                                                                               
 ----------------------------------------------------------------------------------------------------------------------------
 ----------------------------------------------------------------------------------------------------------------------------
                                                          SURVEY OF INDIA
                                                    MARINE GEODESY WING (G&RB)
                                                     HOURLY HEIGHTS IN METRES
  NAME OF PORT:- HALDIA                                                                             MONTH SEPT      YEAR 2013
 ----------------------------------------------------------------------------------------------------------------------------
 DAYS 0000 0001 0002 0003 0004 0005 0006 0007 0008 0009 0010 0011 0012 0013 0014 0015 0016 0017 0018 0019 0020 0021 0022 0023
 ----------------------------------------------------------------------------------------------------------------------------
  1   2.78 2.47 2.29 2.35 2.85 3.47 4.03 4.43 4.59 4.45 4.04 3.55 2.99 2.50 2.15 1.98 2.28 3.01 3.75 4.30 4.59 4.55 4.15 3.59
  2   3.04 2.56 2.15 1.90 2.02 2.79 3.69 4.48 4.99 5.19 4.72 4.05 3.36 2.74 2.21 1.81 1.56 1.99 3.12 4.09 4.72 5.05 4.79 4.16
  3   3.52 2.86 2.29 1.88 1.62 1.99 3.12 4.15 4.99 5.41 5.29 4.64 3.92 3.25 2.58 2.00 1.56 1.49 2.66 3.74 4.72 5.26 5.22 4.66
  4   3.89 3.22 2.55 1.97 1.51 1.31 2.14 3.68 4.89 5.55 5.64 5.22 4.40 3.56 2.82 2.15 1.56 1.16 1.35 3.06 4.34 5.32 5.68 5.39
  5   4.56 3.73 2.93 2.23 1.60 1.19 1.12 2.95 4.32 5.49 5.92 5.69 4.82 3.92 3.09 2.32 1.66 1.12 0.83 2.19 3.82 5.25 5.99 5.93
  6   5.22 4.23 3.29 2.47 1.72 1.18 0.82 1.49 3.59 5.13 6.09 6.15 5.45 4.45 3.49 2.60 1.85 1.22 0.83 0.99 3.12 4.67 5.90 6.24
  7   5.89 4.78 3.76 2.83 2.08 1.40 0.94 0.71 2.77 4.45 5.83 6.31 5.89 4.89 3.92 2.98 2.14 1.47 0.97 0.72 2.35 4.11 5.62 6.26
  8   6.16 5.29 4.23 3.29 2.46 1.73 1.16 0.82 1.82 3.76 5.32 6.12 6.08 5.29 4.31 3.36 2.49 1.76 1.16 0.76 1.10 3.22 4.79 5.99
  9   6.26 5.75 4.72 3.77 2.88 2.13 1.48 1.04 0.97 2.80 4.25 5.42 5.93 5.69 4.84 3.85 2.99 2.22 1.55 1.06 0.79 2.08 3.71 5.09
 10   5.89 5.91 5.25 4.33 3.44 2.61 1.96 1.40 1.07 1.60 3.35 4.57 5.43 5.66 5.22 4.36 3.50 2.72 2.07 1.50 1.10 1.12 2.81 4.02
 11   5.10 5.60 5.50 4.80 3.97 3.20 2.50 1.94 1.49 1.22 2.32 3.50 4.50 5.12 5.25 4.74 3.98 3.26 2.56 2.01 1.53 1.26 1.81 3.04
 12   4.06 4.83 5.23 5.10 4.48 3.73 3.03 2.44 1.97 1.59 1.66 2.73 3.60 4.35 4.82 4.91 4.44 3.77 3.10 2.51 2.06 1.67 1.55 2.24
 13   3.06 3.91 4.55 4.93 4.83 4.31 3.70 3.07 2.52 2.12 1.86 2.06 2.67 3.43 4.03 4.46 4.57 4.27 3.77 3.23 2.73 2.31 2.00 1.90
 14   2.33 3.02 3.78 4.35 4.71 4.77 4.44 3.91 3.38 2.84 2.40 2.14 2.11 2.48 3.06 3.75 4.19 4.53 4.52 4.17 3.73 3.22 2.71 2.35
 15   2.10 2.14 2.66 3.36 4.10 4.67 5.00 4.96 4.50 3.87 3.31 2.77 2.30 2.01 1.97 2.53 3.26 4.03 4.66 4.94 4.84 4.33 3.72 3.10
 16   2.53 2.10 1.78 1.75 2.73 3.70 4.62 5.29 5.44 5.06 4.35 3.54 2.83 2.14 1.76 1.50 1.92 3.14 4.20 5.04 5.41 5.30 4.62 3.87
 17   3.14 2.50 1.94 1.53 1.38 2.47 3.72 5.00 5.73 5.80 5.32 4.40 3.50 2.73 2.07 1.53 1.21 1.50 3.27 4.60 5.60 5.92 5.60 4.75
 18   3.87 3.02 2.32 1.71 1.26 1.09 2.50 4.11 5.60 6.20 6.08 5.30 4.30 3.35 2.50 1.84 1.30 0.90 1.84 3.59 5.11 6.02 6.12 5.57
 19   4.59 3.67 2.77 2.05 1.42 0.93 1.00 3.20 4.80 6.13 6.52 6.12 5.08 4.07 3.07 2.21 1.53 1.00 0.75 2.90 4.63 6.00 6.46 6.20
 20   5.26 4.24 3.30 2.50 1.80 1.29 1.00 2.28 4.10 5.70 6.46 6.51 5.73 4.66 3.63 2.70 1.94 1.31 0.92 1.41 3.54 5.15 6.25 6.46
 21   5.86 4.90 3.93 3.05 2.21 1.59 1.13 1.03 3.02 4.60 5.96 6.43 6.04 5.07 4.10 3.10 2.31 1.64 1.13 0.90 2.65 4.23 5.76 6.33
 22   6.22 5.33 4.33 3.40 2.53 1.87 1.32 1.03 1.90 3.64 5.10 6.04 6.10 5.40 4.50 3.55 2.69 2.00 1.43 1.04 1.44 3.30 4.75 5.85
 23   6.12 5.69 4.79 3.90 3.03 2.32 1.74 1.28 1.17 2.80 4.13 5.30 5.80 5.60 4.81 3.93 3.10 2.36 1.77 1.29 1.12 2.65 3.95 5.11
 24   5.75 5.74 5.05 4.22 3.45 2.70 2.13 1.62 1.34 2.10 3.38 4.50 5.20 5.43 5.00 4.23 3.48 2.76 2.19 1.67 1.36 1.92 3.20 4.30
 25   5.15 5.49 5.21 4.54 3.80 3.11 2.50 2.00 1.66 1.70 2.93 3.80 4.57 5.01 5.02 4.47 3.80 3.15 2.54 2.10 1.75 1.74 2.73 3.60
 26   4.41 4.93 5.07 4.67 4.03 3.40 2.80 2.30 1.97 1.90 2.55 3.34 4.00 4.50 4.69 4.47 3.96 3.40 2.83 2.35 2.00 1.87 2.30 3.11
 27   3.90 4.41 4.72 4.63 4.23 3.73 3.23 2.74 2.38 2.21 2.43 2.94 3.50 3.96 4.30 4.44 4.26 3.87 3.44 3.00 2.56 2.25 2.22 2.61
 28   3.20 3.80 4.20 4.42 4.37 4.05 3.70 3.33 2.99 2.73 2.66 2.74 3.07 3.40 3.75 4.03 4.17 4.14 3.92 3.62 3.30 2.98 2.78 2.73
 29   2.94 3.26 3.61 3.96 4.27 4.42 4.35 4.12 3.80 3.43 3.10 2.85 2.74 2.76 3.03 3.40 3.83 4.25 4.46 4.45 4.24 3.80 3.41 3.03
 30   2.80 2.73 2.98 3.40 3.89 4.37 4.73 4.73 4.47 4.11 3.70 3.23 2.82 2.54 2.42 2.50 3.13 3.74 4.34 4.73 4.82 4.53 4.07 3.54
 ----------------------------------------------------------------------------------------------------------------------------
                                                                                               
 ----------------------------------------------------------------------------------------------------------------------------
 ----------------------------------------------------------------------------------------------------------------------------
                                                          SURVEY OF INDIA
                                                    MARINE GEODESY WING (G&RB)
                                                     HOURLY HEIGHTS IN METRES
  NAME OF PORT:- HALDIA                                                                             MONTH OCTOBER   YEAR 2013
 ----------------------------------------------------------------------------------------------------------------------------
 DAYS 0000 0001 0002 0003 0004 0005 0006 0007 0008 0009 0010 0011 0012 0013 0014 0015 0016 0017 0018 0019 0020 0021 0022 0023
 ----------------------------------------------------------------------------------------------------------------------------
  1   3.02 2.62 2.36 2.41 3.00 3.77 4.50 5.00 5.16 4.90 4.37 3.80 3.18 2.73 2.34 2.16 2.49 3.26 4.16 4.80 5.22 5.19 4.68 4.08
  2   3.40 2.85 2.42 2.12 2.11 2.90 3.82 4.71 5.30 5.44 5.02 4.33 3.68 3.04 2.50 2.03 1.83 2.20 3.38 4.36 5.20 5.55 5.33 4.60
  3   3.86 3.13 2.51 2.00 1.63 1.70 2.92 4.09 5.09 5.60 5.56 4.90 4.10 3.32 2.62 1.99 1.50 1.29 2.30 3.69 4.97 5.70 5.83 5.40
  4   4.50 3.67 2.92 2.31 1.70 1.36 1.86 3.37 4.65 5.63 5.90 5.40 4.52 3.74 2.98 2.28 1.68 1.23 1.18 2.98 4.41 5.63 6.10 5.94
  5   5.10 4.23 3.33 2.54 1.90 1.28 0.97 2.10 3.90 5.30 5.96 5.92 5.11 4.20 3.33 2.50 1.70 1.16 0.81 1.89 3.80 5.43 6.23 6.21
  6   5.54 4.55 3.57 2.72 1.93 1.31 0.90 1.10 3.30 4.88 5.90 6.14 5.65 4.72 3.80 2.90 2.13 1.38 0.92 0.67 2.80 4.50 5.96 6.40
  7   6.13 5.15 4.22 3.23 2.46 1.70 1.12 0.82 1.90 3.82 5.40 6.07 6.00 5.23 4.30 3.39 2.54 1.77 1.18 0.80 1.30 3.40 5.10 6.10
  8   6.29 5.72 4.70 3.80 2.97 2.22 1.57 1.12 0.98 2.72 4.24 5.50 5.86 5.54 4.67 3.83 2.97 2.24 1.60 1.14 0.92 2.45 3.92 5.33
  9   5.96 5.92 5.25 4.30 3.46 2.70 2.03 1.48 1.17 1.71 3.25 4.60 5.49 5.68 5.15 4.29 3.50 2.72 2.10 1.56 1.24 1.56 3.08 4.30
 10   5.33 5.76 5.54 4.78 3.92 3.20 2.58 1.98 1.54 1.41 2.55 3.66 4.70 5.26 5.24 4.67 3.90 3.16 2.50 1.97 1.53 1.35 2.26 3.43
 11   4.52 5.27 5.52 5.17 4.45 3.72 3.00 2.38 1.83 1.51 1.84 2.97 3.95 4.70 5.12 5.03 4.50 3.83 3.17 2.63 2.26 2.06 2.41 3.12
 12   3.92 4.73 5.32 5.50 5.22 4.67 4.04 3.44 2.96 2.68 2.69 2.93 3.63 4.27 4.87 5.18 5.25 5.00 4.50 4.00 3.57 3.20 2.90 3.01
 13   3.46 3.90 4.57 5.20 5.57 5.57 5.26 4.82 4.28 3.80 3.37 3.20 3.19 3.54 4.04 4.56 5.05 5.39 5.24 4.89 4.42 3.93 3.50 3.18
 14   3.00 2.98 3.40 4.04 4.73 5.27 5.50 5.30 4.80 4.24 3.69 3.12 2.66 2.42 2.46 3.14 3.91 4.65 5.07 5.14 4.83 4.34 3.80 3.22
 15   2.71 2.28 2.04 2.26 3.30 4.26 4.94 5.32 5.24 4.68 4.03 3.36 2.73 2.16 1.72 1.52 2.18 3.32 4.42 5.12 5.42 5.17 4.51 3.80
 16   3.10 2.48 1.92 1.55 1.50 2.70 3.87 4.89 5.42 5.42 4.87 4.02 3.22 2.52 1.90 1.40 1.13 1.90 3.38 4.63 5.45 5.67 5.30 4.50
 17   3.70 2.93 2.20 1.56 1.14 1.10 2.72 4.20 5.29 5.73 5.55 4.80 3.87 3.10 2.30 1.61 1.11 0.88 2.22 3.80 5.19 5.83 5.82 5.20
 18   4.24 3.40 2.60 1.92 1.35 1.00 1.44 3.28 4.67 5.60 5.80 5.32 4.35 3.52 2.70 1.95 1.28 0.85 0.80 2.90 4.43 5.72 6.12 5.75
 19   4.84 3.90 3.07 2.30 1.60 1.10 0.85 2.22 3.80 5.13 5.77 5.73 4.96 4.02 3.07 2.31 1.61 1.06 0.76 2.09 3.80 5.33 6.01 5.99
 20   5.28 4.35 3.42 2.66 1.94 1.36 0.97 1.42 3.27 4.65 5.63 5.87 5.41 4.41 3.54 2.75 2.05 1.41 0.96 1.10 3.09 4.50 5.73 6.09
 21   5.80 4.90 4.00 3.18 2.38 1.71 1.28 1.01 2.24 3.79 5.00 5.65 5.76 5.10 4.18 3.30 2.58 1.90 1.40 1.07 1.99 3.61 5.01 5.84
 22   5.92 5.34 4.40 3.55 2.80 2.17 1.58 1.23 1.69 3.20 4.40 5.17 5.54 5.30 4.43 3.60 2.82 2.22 1.63 1.29 1.59 3.05 4.32 5.30
 23   5.70 5.46 4.65 3.85 3.13 2.50 1.95 1.58 1.56 2.70 3.73 4.58 5.18 5.34 4.72 3.92 3.22 2.60 2.03 1.60 1.50 2.60 3.81 4.79
 24   5.35 5.46 4.96 4.25 3.54 2.90 2.33 1.87 1.60 2.10 3.17 3.99 4.70 5.06 4.88 4.26 3.56 2.92 2.36 1.90 1.64 2.08 3.27 4.20
 25   4.85 5.16 4.97 4.42 3.75 3.17 2.68 2.23 1.93 2.06 2.82 3.62 4.30 4.72 4.73 4.33 3.78 3.23 2.73 2.33 2.10 2.27 2.95 3.74
 26   4.40 4.86 5.01 4.76 4.31 3.85 3.38 2.95 2.57 2.34 2.55 3.20 3.73 4.17 4.26 4.10 3.73 3.33 2.91 2.52 2.27 2.23 2.55 3.09
 27   3.64 4.12 4.41 4.42 4.12 3.73 3.32 2.96 2.66 2.43 2.39 2.64 3.06 3.45 3.82 4.10 4.14 3.94 3.63 3.27 2.93 2.68 2.53 2.73
 28   3.08 3.44 3.88 4.16 4.29 4.17 3.87 3.50 3.12 2.78 2.54 2.43 2.53 2.78 3.16 3.58 3.94 4.16 4.13 3.90 3.58 3.20 2.87 2.63
 29   2.50 2.62 2.97 3.43 3.89 4.24 4.38 4.22 3.83 3.43 2.99 2.59 2.25 2.12 2.24 2.73 3.31 3.90 4.35 4.51 4.34 3.90 3.42 2.94
 30   2.50 2.16 2.04 2.50 3.15 3.83 4.39 4.67 4.52 4.05 3.53 3.00 2.50 2.10 1.80 1.76 2.40 3.24 4.10 4.70 4.93 4.66 4.05 3.44
 31   2.86 2.33 1.93 1.76 2.20 3.13 3.95 4.59 4.92 4.77 4.17 3.52 2.90 2.38 1.87 1.50 1.43 2.40 3.52 4.51 5.16 5.28 4.81 4.10
 ----------------------------------------------------------------------------------------------------------------------------
                                                                                               
 ----------------------------------------------------------------------------------------------------------------------------
 ----------------------------------------------------------------------------------------------------------------------------
                                                          SURVEY OF INDIA
                                                    MARINE GEODESY WING (G&RB)
                                                     HOURLY HEIGHTS IN METRES
  NAME OF PORT:- HALDIA                                                                             MONTH NOVEMBER  YEAR 2013
 ----------------------------------------------------------------------------------------------------------------------------
 DAYS 0000 0001 0002 0003 0004 0005 0006 0007 0008 0009 0010 0011 0012 0013 0014 0015 0016 0017 0018 0019 0020 0021 0022 0023
 ----------------------------------------------------------------------------------------------------------------------------
  1   3.33 2.70 2.10 1.63 1.44 2.12 3.32 4.32 4.96 5.22 4.87 4.12 3.37 2.70 2.08 1.54 1.17 1.40 2.94 4.18 5.20 5.68 5.53 4.72
  2   3.85 3.10 2.40 1.80 1.33 1.24 2.45 3.70 4.70 5.40 5.46 4.79 3.90 3.10 2.35 1.70 1.18 0.86 1.70 3.60 5.05 5.90 5.97 5.39
  3   4.43 3.55 2.76 2.03 1.42 1.00 1.20 2.93 4.40 5.40 5.70 5.39 4.50 3.60 2.77 2.03 1.36 0.86 0.64 2.45 4.24 5.65 6.22 6.03
  4   5.08 4.11 3.20 2.40 1.62 1.07 0.76 1.70 3.53 4.87 5.70 5.77 5.03 4.10 3.16 2.35 1.63 1.04 0.63 1.02 3.30 5.00 6.10 6.32
  5   5.73 4.62 3.72 2.81 2.01 1.31 0.86 0.67 2.33 3.93 5.25 5.77 5.60 4.74 3.73 2.85 2.10 1.40 0.89 0.60 1.90 3.69 5.37 6.10
  6   6.09 5.40 4.40 3.43 2.58 1.86 1.29 0.87 1.12 2.90 4.22 5.25 5.59 5.24 4.28 3.39 2.57 1.88 1.29 0.87 0.86 2.76 4.18 5.39
  7   5.88 5.70 4.90 3.96 3.10 2.34 1.71 1.20 0.97 1.88 3.26 4.44 5.20 5.33 4.88 4.00 3.20 2.44 1.84 1.32 1.00 1.53 3.04 4.30
  8   5.20 5.58 5.36 4.55 3.73 2.98 2.30 1.73 1.30 1.16 2.20 3.32 4.38 4.96 5.08 4.57 3.79 3.03 2.37 1.83 1.42 1.23 2.11 3.20
  9   4.24 4.94 5.26 5.00 4.30 3.54 2.88 2.22 1.71 1.40 1.42 2.46 3.35 4.16 4.62 4.73 4.26 3.60 2.94 2.37 1.88 1.55 1.47 2.33
 10   3.13 3.93 4.60 4.92 4.77 4.20 3.52 2.85 2.27 1.80 1.49 1.50 2.35 3.10 3.80 4.26 4.46 4.20 3.67 3.11 2.60 2.17 1.86 1.77
 11   2.30 2.90 3.60 4.18 4.55 4.56 4.14 3.57 2.96 2.40 1.96 1.63 1.59 2.22 2.84 3.50 4.03 4.36 4.34 4.00 3.50 3.00 2.57 2.13
 12   1.88 1.90 2.49 3.13 3.83 4.33 4.57 4.36 3.80 3.22 2.67 2.15 1.78 1.60 1.85 2.60 3.30 4.00 4.47 4.64 4.38 3.85 3.30 2.76
 13   2.26 1.90 1.72 2.05 2.91 3.73 4.38 4.74 4.68 4.13 3.50 2.85 2.30 1.88 1.58 1.56 2.48 3.32 4.19 4.76 4.97 4.72 4.10 3.45
 14   2.81 2.27 1.85 1.60 1.77 2.83 3.67 4.45 4.84 4.77 4.15 3.44 2.80 2.22 1.73 1.40 1.36 2.50 3.53 4.43 5.09 5.24 4.85 4.10
 15   3.36 2.70 2.10 1.63 1.37 1.74 2.87 3.94 4.69 5.00 4.80 4.07 3.34 2.63 2.01 1.54 1.21 1.53 2.93 4.09 5.10 5.53 5.40 4.69
 16   3.82 3.06 2.36 1.77 1.36 1.20 2.05 3.30 4.36 4.97 5.16 4.67 3.88 3.13 2.42 1.81 1.32 1.07 1.86 3.26 4.57 5.42 5.64 5.23
 17   4.41 3.56 2.80 2.14 1.57 1.20 1.27 2.59 3.77 4.78 5.24 5.13 4.41 3.61 2.80 2.14 1.56 1.14 1.07 2.52 3.79 5.10 5.65 5.59
 18   4.90 4.06 3.25 2.50 1.91 1.42 1.16 1.72 3.03 4.10 4.93 5.21 4.85 4.03 3.23 2.50 1.92 1.40 1.07 1.60 3.18 4.50 5.43 5.72
 19   5.41 4.58 3.72 2.97 2.25 1.70 1.30 1.20 2.40 3.53 4.60 5.13 5.16 4.50 3.63 2.86 2.20 1.67 1.23 1.15 2.50 3.80 5.00 5.59
 20   5.58 4.93 4.07 3.30 2.58 2.00 1.50 1.21 1.76 3.10 4.20 4.93 5.22 4.80 4.00 3.22 2.50 1.93 1.43 1.15 1.90 3.32 4.57 5.33
 21   5.53 5.16 4.34 3.58 2.85 2.24 1.74 1.40 1.40 2.60 3.65 4.60 5.10 5.00 4.30 3.57 2.82 2.23 1.73 1.36 1.40 2.80 3.90 4.80
 22   5.29 5.30 4.72 3.99 3.23 2.60 2.10 1.63 1.44 2.02 3.10 3.93 4.57 4.86 4.60 3.92 3.22 2.57 2.03 1.63 1.44 2.20 3.27 4.18
 23   4.81 5.10 4.90 4.26 3.55 2.92 2.37 1.92 1.63 1.70 2.60 3.45 4.17 4.63 4.72 4.27 3.60 2.96 2.39 1.95 1.67 1.83 2.79 3.60
 24   4.33 4.77 4.89 4.52 3.92 3.30 2.71 2.25 1.89 1.72 2.10 2.92 3.60 4.17 4.45 4.37 3.89 3.38 2.78 2.30 1.97 1.83 2.34 3.07
 25   3.79 4.32 4.65 4.57 4.13 3.59 3.02 2.52 2.13 1.85 1.87 2.43 3.04 3.65 4.07 4.26 4.13 3.72 3.22 2.74 2.36 2.10 2.06 2.59
 26   3.10 3.67 4.12 4.37 4.32 3.95 3.49 3.00 2.54 2.17 1.96 2.00 2.52 3.05 3.62 4.00 4.20 4.16 3.81 3.38 3.00 2.63 2.31 2.24
 27   2.50 2.92 3.42 3.90 4.23 4.29 4.06 3.65 3.17 2.72 2.31 2.04 1.92 2.22 2.73 3.31 3.83 4.24 4.36 4.16 3.75 3.28 2.82 2.46
 28   2.17 2.14 2.58 3.13 3.73 4.18 4.42 4.32 3.87 3.35 2.82 2.35 1.98 1.76 1.91 2.65 3.33 4.10 4.60 4.80 4.57 4.00 3.42 2.90
 29   2.44 2.10 1.93 2.32 3.13 3.83 4.43 4.73 4.62 4.11 3.50 2.93 2.43 2.00 1.67 1.67 2.53 3.40 4.33 4.97 5.21 4.92 4.30 3.61
 30   2.96 2.42 1.98 1.70 1.94 2.93 3.79 4.49 4.82 4.73 4.16 3.50 2.84 2.26 1.73 1.34 1.26 2.33 3.50 4.67 5.36 5.47 5.00 4.23
 ----------------------------------------------------------------------------------------------------------------------------
                                                                                               
 ----------------------------------------------------------------------------------------------------------------------------
 ----------------------------------------------------------------------------------------------------------------------------
                                                          SURVEY OF INDIA
                                                    MARINE GEODESY WING (G&RB)
                                                     HOURLY HEIGHTS IN METRES
  NAME OF PORT:- HALDIA                                                                             MONTH DECEMBER  YEAR 2013
 ----------------------------------------------------------------------------------------------------------------------------
 DAYS 0000 0001 0002 0003 0004 0005 0006 0007 0008 0009 0010 0011 0012 0013 0014 0015 0016 0017 0018 0019 0020 0021 0022 0023
 ----------------------------------------------------------------------------------------------------------------------------
  1   3.43 2.70 2.04 1.53 1.25 1.70 2.99 4.09 4.85 5.13 4.83 4.13 3.31 2.61 2.00 1.42 1.03 0.97 2.56 4.05 5.34 5.79 5.63 4.90
  2   4.05 3.20 2.41 1.80 1.26 0.99 1.50 3.10 4.29 5.10 5.26 4.85 4.00 3.20 2.45 1.76 1.17 0.76 0.80 2.90 4.44 5.74 6.02 5.66
  3   4.73 3.80 2.90 2.14 1.50 0.97 0.73 1.74 3.50 4.76 5.38 5.38 4.70 3.82 2.95 2.20 1.50 0.93 0.56 1.10 3.35 5.00 6.03 6.09
  4   5.50 4.54 3.56 2.70 1.95 1.29 0.80 0.61 2.20 3.79 5.00 5.52 5.35 4.55 3.67 2.80 2.03 1.37 0.85 0.57 1.75 3.73 5.32 6.03
  5   6.00 5.24 4.31 3.38 2.53 1.81 1.21 0.81 0.81 2.61 4.13 5.19 5.51 5.18 4.31 3.41 2.57 1.87 1.29 0.84 0.69 2.61 4.21 5.54
  6   5.98 5.74 4.91 4.01 3.13 2.36 1.71 1.17 0.84 1.24 2.95 4.24 5.14 5.33 4.88 4.08 3.27 2.51 1.88 1.34 0.96 1.17 2.94 4.24
  7   5.26 5.64 5.38 4.61 3.81 3.01 2.31 1.74 1.31 1.03 1.63 3.07 4.24 4.94 5.12 4.67 3.88 3.12 2.44 1.88 1.45 1.27 1.74 3.08
  8   4.24 5.01 5.28 5.03 4.33 3.60 2.84 2.22 1.71 1.32 1.18 2.06 3.26 4.21 4.73 4.83 4.35 3.66 3.01 2.41 1.94 1.60 1.45 2.24
  9   3.28 4.12 4.78 5.01 4.75 4.11 3.35 2.71 2.13 1.71 1.40 1.47 2.51 3.40 4.17 4.56 4.64 4.23 3.61 2.99 2.45 2.01 1.73 1.73
 10   2.56 3.31 4.06 4.56 4.78 4.53 3.91 3.24 2.63 2.13 1.74 1.50 1.80 2.71 3.44 4.08 4.44 4.54 4.16 3.63 3.11 2.61 2.23 1.99
 11   1.94 2.45 3.19 3.84 4.41 4.64 4.44 3.90 3.31 2.70 2.18 1.81 1.55 1.84 2.64 3.34 3.94 4.38 4.54 4.34 3.89 3.36 2.88 2.43
 12   2.11 1.92 2.16 2.81 3.49 4.05 4.41 4.44 4.02 3.48 2.91 2.40 2.01 1.71 1.65 2.28 3.01 3.68 4.23 4.58 4.58 4.18 3.61 3.06
 13   2.55 2.14 1.86 1.79 2.44 3.21 3.87 4.32 4.45 4.14 3.59 3.01 2.51 2.04 1.70 1.54 2.01 2.91 3.73 4.38 4.77 4.77 4.33 3.70
 14   3.07 2.53 2.09 1.74 1.61 2.31 3.14 3.94 4.41 4.55 4.21 3.53 2.91 2.38 1.90 1.55 1.39 2.11 3.11 4.01 4.66 4.94 4.75 4.13
 15   3.45 2.81 2.24 1.81 1.50 1.51 2.50 3.31 4.10 4.50 4.54 4.04 3.39 2.75 2.18 1.71 1.36 1.25 2.20 3.33 4.40 5.02 5.17 4.74
 16   4.03 3.29 2.61 2.08 1.61 1.35 1.58 2.71 3.64 4.36 4.71 4.55 3.90 3.24 2.58 2.03 1.55 1.21 1.35 2.73 3.95 4.84 5.27 5.17
 17   4.51 3.75 3.03 2.41 1.87 1.47 1.29 2.04 3.16 4.10 4.71 4.87 4.39 3.69 2.96 2.34 1.81 1.35 1.14 1.93 3.31 4.51 5.17 5.35
 18   4.98 4.21 3.44 2.77 2.15 1.68 1.34 1.36 2.58 3.61 4.49 4.88 4.78 4.14 3.39 2.71 2.08 1.58 1.18 1.24 2.62 3.83 4.84 5.33
 19   5.26 4.62 3.83 3.11 2.46 1.91 1.48 1.25 1.85 3.08 4.05 4.74 4.98 4.54 3.81 3.07 2.41 1.84 1.37 1.09 1.70 3.21 4.41 5.21
 20   5.37 5.01 4.27 3.52 2.81 2.21 1.72 1.34 1.29 2.41 3.51 4.41 4.92 4.87 4.24 3.51 2.81 2.11 1.63 1.27 1.41 2.88 4.01 4.88
 21   5.27 5.15 4.51 3.81 3.08 2.44 1.96 1.53 1.35 2.03 3.18 4.13 4.75 4.94 4.51 3.79 3.07 2.42 1.91 1.48 1.28 2.18 3.36 4.41
 22   5.03 5.17 4.78 4.09 3.34 2.72 2.18 1.75 1.47 1.59 2.75 3.68 4.45 4.84 4.76 4.17 3.49 2.83 2.24 1.81 1.51 1.75 2.88 3.90
 23   4.64 5.04 5.01 4.44 3.77 3.11 2.53 2.05 1.71 1.51 2.11 3.15 4.03 4.58 4.81 4.54 3.92 3.24 2.66 2.18 1.79 1.61 2.24 3.16
 24   4.08 4.64 4.91 4.73 4.15 3.51 2.86 2.31 1.91 1.59 1.55 2.54 3.33 4.04 4.48 4.60 4.21 3.58 2.99 2.46 2.04 1.81 1.91 2.78
 25   3.54 4.21 4.64 4.76 4.41 3.78 3.16 2.60 2.12 1.77 1.55 1.77 2.61 3.33 3.98 4.35 4.44 4.08 3.56 3.01 2.51 2.11 1.90 2.05
 26   2.81 3.46 4.04 4.41 4.51 4.14 3.64 3.08 2.57 2.14 1.84 1.68 2.08 2.75 3.42 3.98 4.34 4.39 4.05 3.56 3.05 2.60 2.24 2.02
 27   2.14 2.73 3.29 3.84 4.22 4.34 4.08 3.61 3.11 2.61 2.18 1.84 1.68 1.94 2.58 3.23 3.83 4.28 4.45 4.31 3.87 3.38 2.88 2.44
 28   2.12 1.98 2.33 2.95 3.58 4.04 4.32 4.27 3.84 3.31 2.81 2.31 1.94 1.67 1.71 2.41 3.14 3.84 4.41 4.70 4.62 4.15 3.57 3.00
 29   2.49 2.08 1.83 1.84 2.64 3.34 3.99 4.37 4.44 4.06 3.51 2.91 2.38 1.93 1.58 1.41 1.93 2.94 3.90 4.62 5.03 4.97 4.41 3.71
 30   3.04 2.47 1.99 1.62 1.51 2.23 3.17 4.03 4.51 4.67 4.26 3.63 2.98 2.37 1.86 1.41 1.15 1.44 2.81 4.09 5.04 5.44 5.24 4.56
 31   3.76 3.01 2.34 1.78 1.35 1.21 2.01 3.24 4.25 4.85 4.99 4.48 3.72 2.95 2.31 1.71 1.22 0.93 1.33 3.03 4.53 5.52 5.74 5.39
 ----------------------------------------------------------------------------------------------------------------------------
                                                                                               
 ----------------------------------------------------------------------------------------------------------------------------
 ----------------------------------------------------------------------------------------------------------------------------
