                                                          SURVEY OF INDIA
                                                    MARINE GEODESY WING (G&RB)
                                                     HOURLY HEIGHTS IN METRES
  NAME OF PORT:- HALDIA                                                                             MONTH JANUARY   YEAR 2010
 ----------------------------------------------------------------------------------------------------------------------------
 DAYS 0000 0001 0002 0003 0004 0005 0006 0007 0008 0009 0010 0011 0012 0013 0014 0015 0016 0017 0018 0019 0020 0021 0022 0023
 ----------------------------------------------------------------------------------------------------------------------------
  1   4.78 3.96 3.14 2.40 1.74 1.24 0.92 1.02 2.41 3.67 4.57 4.93 4.70 3.89 3.09 2.35 1.67 1.10 0.70 0.61 2.37 3.98 5.16 5.57
  2   5.38 4.61 3.72 2.90 2.10 1.50 0.98 0.65 0.93 2.57 3.93 4.78 5.00 4.61 3.73 2.90 2.16 1.50 0.98 0.62 0.87 2.84 4.37 5.30
  3   5.57 5.25 4.38 3.47 2.64 1.90 1.30 0.81 0.50 1.37 3.10 4.35 5.03 5.12 4.48 3.56 2.72 2.00 1.40 0.92 0.59 1.61 3.37 4.60
  4   5.39 5.49 5.01 4.11 3.22 2.45 1.79 1.22 0.82 0.63 1.90 3.37 4.50 5.03 5.03 4.30 3.43 2.64 1.96 1.41 0.99 0.83 2.30 3.69
  5   4.74 5.27 5.25 4.61 3.78 2.99 2.28 1.69 1.20 0.87 0.96 2.39 3.60 4.48 4.84 4.70 3.95 3.16 2.45 1.89 1.43 1.14 1.39 2.80
  6   3.80 4.58 4.93 4.84 4.11 3.35 2.67 2.05 1.57 1.19 0.99 1.70 2.85 3.83 4.45 4.71 4.41 3.70 2.98 2.35 1.83 1.47 1.27 1.87
  7   2.95 3.77 4.32 4.61 4.41 3.77 3.11 2.46 1.92 1.50 1.21 1.21 2.18 3.07 3.82 4.30 4.48 4.16 3.52 2.92 2.37 1.90 1.58 1.50
  8   2.24 3.02 3.72 4.19 4.37 4.10 3.54 2.97 2.39 1.89 1.54 1.34 1.60 2.47 3.18 3.80 4.21 4.36 4.10 3.60 3.07 2.58 2.17 1.89
  9   1.85 2.32 2.92 3.51 3.94 4.13 3.99 3.52 3.00 2.46 1.99 1.68 1.57 1.84 2.49 3.10 3.70 4.13 4.33 4.18 3.76 3.27 2.80 2.39
 10   2.08 1.97 2.23 2.74 3.26 3.70 3.94 3.92 3.61 3.18 2.70 2.27 1.92 1.75 1.84 2.30 2.90 3.55 4.04 4.38 4.40 4.03 3.56 3.06
 11   2.59 2.19 1.90 1.89 2.38 2.93 3.47 3.87 4.00 3.82 3.40 2.91 2.45 2.03 1.72 1.62 2.08 2.77 3.53 4.16 4.54 4.61 4.20 3.63
 12   3.09 2.58 2.12 1.83 1.72 2.20 2.88 3.49 3.93 4.13 3.99 3.50 2.96 2.45 1.97 1.62 1.43 1.78 2.77 3.63 4.35 4.76 4.75 4.27
 13   3.63 3.00 2.44 1.98 1.64 1.55 2.13 2.99 3.67 4.13 4.31 4.04 3.44 2.85 2.30 1.81 1.44 1.28 1.94 2.99 3.99 4.67 4.98 4.81
 14   4.16 3.48 2.81 2.21 1.74 1.42 1.40 2.34 3.22 3.92 4.35 4.41 3.95 3.28 2.67 2.10 1.64 1.29 1.17 2.24 3.37 4.39 5.00 5.13
 15   4.71 3.95 3.22 2.57 1.96 1.51 1.22 1.35 2.53 3.48 4.23 4.59 4.47 3.78 3.06 2.42 1.86 1.41 1.11 1.32 2.79 3.98 4.90 5.27
 16   5.07 4.35 3.56 2.83 2.17 1.67 1.29 1.13 2.05 3.16 4.09 4.60 4.70 4.20 3.46 2.75 2.15 1.63 1.27 1.07 2.10 3.48 4.60 5.23
 17   5.27 4.80 4.00 3.19 2.48 1.87 1.40 1.08 1.23 2.49 3.63 4.43 4.78 4.61 3.88 3.12 2.45 1.87 1.40 1.06 1.13 2.64 3.91 4.88
 18   5.27 5.08 4.40 3.60 2.83 2.16 1.63 1.21 1.00 1.80 3.10 4.14 4.72 4.85 4.33 3.55 2.82 2.18 1.67 1.29 1.08 2.10 3.43 4.53
 19   5.16 5.22 4.72 3.93 3.15 2.47 1.90 1.43 1.12 1.32 2.65 3.78 4.56 4.88 4.61 3.85 3.10 2.44 1.90 1.48 1.20 1.57 2.94 3.98
 20   4.78 5.12 4.96 4.16 3.39 2.70 2.09 1.59 1.24 1.07 2.00 3.17 4.09 4.66 4.73 4.17 3.43 2.72 2.16 1.68 1.36 1.26 2.38 3.42
 21   4.28 4.77 4.84 4.34 3.60 2.87 2.26 1.73 1.36 1.12 1.52 2.74 3.69 4.39 4.68 4.46 3.78 3.10 2.48 1.97 1.57 1.35 1.80 2.93
 22   3.79 4.41 4.72 4.57 3.90 3.22 2.60 2.03 1.61 1.30 1.22 2.24 3.17 3.95 4.42 4.53 4.08 3.44 2.83 2.28 1.85 1.57 1.62 2.50
 23   3.27 3.91 4.32 4.46 4.07 3.45 2.84 2.27 1.80 1.45 1.25 1.68 2.70 3.45 4.04 4.35 4.29 3.81 3.26 2.71 2.23 1.87 1.67 2.00
 24   2.75 3.40 3.92 4.22 4.20 3.77 3.20 2.63 2.12 1.71 1.43 1.47 2.27 2.95 3.57 4.00 4.21 4.13 3.72 3.23 2.77 2.34 2.03 1.95
 25   2.27 2.74 3.24 3.70 3.97 3.98 3.67 3.20 2.72 2.23 1.87 1.60 1.64 2.18 2.77 3.38 3.83 4.13 4.17 3.90 3.52 3.11 2.72 2.36
 26   2.09 1.99 2.22 2.71 3.23 3.67 3.89 3.85 3.50 3.03 2.54 2.10 1.77 1.57 1.73 2.30 2.90 3.53 4.02 4.33 4.36 4.01 3.52 3.02
 27   2.54 2.13 1.82 1.67 2.07 2.73 3.33 3.84 4.07 3.95 3.47 2.95 2.42 1.94 1.58 1.34 1.62 2.53 3.33 4.06 4.60 4.73 4.44 3.80
 28   3.18 2.60 2.08 1.68 1.42 1.51 2.51 3.31 3.99 4.33 4.30 3.79 3.09 2.50 1.96 1.50 1.16 1.09 2.24 3.37 4.43 5.07 5.14 4.69
 29   3.94 3.20 2.50 1.92 1.44 1.13 1.18 2.43 3.54 4.36 4.76 4.63 3.97 3.20 2.50 1.85 1.32 0.93 0.80 2.18 3.72 5.02 5.58 5.47
 30   4.83 3.95 3.10 2.31 1.65 1.14 0.81 1.02 2.71 3.95 4.87 5.13 4.85 3.99 3.13 2.37 1.63 1.09 0.68 0.65 2.74 4.46 5.61 5.85
 31   5.50 4.64 3.68 2.80 1.96 1.30 0.82 0.49 1.25 3.20 4.60 5.40 5.38 4.80 3.82 2.90 2.07 1.36 0.82 0.45 1.08 3.35 4.95 5.82
 ----------------------------------------------------------------------------------------------------------------------------
                                                                                               
 ----------------------------------------------------------------------------------------------------------------------------
 ----------------------------------------------------------------------------------------------------------------------------
                                                          SURVEY OF INDIA
                                                    MARINE GEODESY WING (G&RB)
                                                     HOURLY HEIGHTS IN METRES
  NAME OF PORT:- HALDIA                                                                             MONTH FEBRUARY  YEAR 2010
 ----------------------------------------------------------------------------------------------------------------------------
 DAYS 0000 0001 0002 0003 0004 0005 0006 0007 0008 0009 0010 0011 0012 0013 0014 0015 0016 0017 0018 0019 0020 0021 0022 0023
 ----------------------------------------------------------------------------------------------------------------------------
  1   5.85 5.24 4.25 3.33 2.43 1.67 1.03 0.58 0.68 1.80 3.75 5.11 5.64 5.42 4.55 3.56 2.65 1.83 1.17 0.67 0.38 2.05 4.00 5.36
  2   5.87 5.69 4.87 3.92 2.98 2.12 1.43 0.88 0.48 0.40 2.61 4.34 5.29 5.55 5.13 4.17 3.23 2.39 1.67 1.10 0.67 0.65 2.74 4.29
  3   5.28 5.55 5.27 4.41 3.49 2.65 1.91 1.30 0.83 0.53 1.45 3.29 4.55 5.23 5.28 4.67 3.75 2.93 2.19 1.57 1.09 0.79 1.65 3.25
  4   4.37 5.00 5.13 4.67 3.82 3.03 2.34 1.73 1.26 0.90 0.89 2.30 3.55 4.47 4.92 4.87 4.15 3.37 2.65 2.04 1.54 1.22 1.24 2.50
  5   3.51 4.26 4.67 4.68 4.09 3.38 2.70 2.10 1.60 1.24 1.03 1.70 2.84 3.73 4.29 4.55 4.35 3.70 3.04 2.44 1.89 1.52 1.34 1.84
  6   2.78 3.51 4.01 4.27 4.15 3.62 3.02 2.42 1.92 1.52 1.25 1.29 2.18 2.93 3.62 4.05 4.22 3.97 3.49 2.94 2.42 1.95 1.66 1.67
  7   2.24 2.80 3.33 3.71 3.84 3.69 3.31 2.86 2.40 1.96 1.64 1.48 1.72 2.36 2.93 3.46 3.80 3.94 3.81 3.48 3.08 2.69 2.33 2.07
  8   2.00 2.15 2.49 2.86 3.19 3.41 3.45 3.29 3.01 2.64 2.29 1.99 1.78 1.84 2.18 2.61 3.05 3.50 3.78 3.92 3.79 3.48 3.08 2.68
  9   2.30 2.02 1.88 2.02 2.42 2.84 3.21 3.46 3.55 3.40 3.07 2.66 2.29 1.93 1.67 1.71 2.15 2.75 3.37 3.89 4.21 4.23 3.87 3.40
 10   2.89 2.41 2.00 1.69 1.58 2.00 2.64 3.25 3.69 3.90 3.78 3.35 2.85 2.36 1.93 1.57 1.39 1.77 2.61 3.43 4.07 4.46 4.46 4.01
 11   3.39 2.79 2.26 1.80 1.45 1.34 1.97 2.81 3.48 3.92 4.10 3.85 3.29 2.69 2.16 1.67 1.33 1.15 1.79 2.87 3.85 4.49 4.76 4.54
 12   3.87 3.19 2.55 1.98 1.51 1.22 1.19 2.17 3.16 3.88 4.30 4.43 3.81 3.13 2.50 1.92 1.45 1.15 1.05 2.21 3.39 4.38 4.90 4.94
 13   4.36 3.59 2.83 2.16 1.58 1.17 0.93 1.45 2.75 3.78 4.43 4.69 4.32 3.58 2.87 2.23 1.65 1.20 0.94 1.45 2.92 4.12 4.93 5.17
 14   4.86 4.06 3.26 2.53 1.89 1.38 1.01 0.96 2.30 3.51 4.42 4.80 4.72 4.03 3.27 2.52 1.90 1.37 0.97 0.83 2.21 3.68 4.80 5.25
 15   5.15 4.43 3.59 2.79 2.05 1.45 1.01 0.75 1.49 2.99 4.12 4.77 4.92 4.40 3.59 2.80 2.13 1.55 1.11 0.84 1.50 3.13 4.35 5.10
 16   5.25 4.75 3.90 3.08 2.34 1.67 1.21 0.84 0.85 2.45 3.77 4.70 5.05 4.84 4.08 3.23 2.50 1.83 1.31 0.95 0.94 2.55 3.90 4.84
 17   5.23 5.03 4.24 3.42 2.64 1.95 1.44 1.00 0.82 1.90 3.35 4.43 5.00 5.05 4.45 3.58 2.83 2.14 1.56 1.14 0.89 1.72 3.24 4.34
 18   5.00 5.09 4.54 3.74 2.95 2.24 1.64 1.16 0.81 0.92 1.94 3.71 4.55 4.91 4.71 3.91 3.15 2.42 1.83 1.38 1.06 1.25 2.71 3.84
 19   4.63 4.96 4.76 4.01 3.21 2.50 1.91 1.41 1.01 0.87 2.13 3.32 4.27 4.78 4.82 4.23 3.48 2.76 2.17 1.68 1.33 1.20 2.27 3.32
 20   4.14 4.61 4.71 4.20 3.46 2.75 2.18 1.65 1.27 1.03 1.54 2.81 3.73 4.39 4.68 4.47 3.79 3.11 2.49 1.96 1.56 1.34 1.77 2.82
 21   3.60 4.14 4.44 4.31 3.71 3.04 2.45 1.92 1.49 1.21 1.24 2.26 3.13 3.87 4.30 4.43 4.04 3.43 2.84 2.31 1.87 1.62 1.63 2.32
 22   3.00 3.57 3.98 4.12 3.87 3.36 2.82 2.28 1.81 1.48 1.30 1.70 2.55 3.24 3.78 4.12 4.15 3.79 3.30 2.83 2.40 2.05 1.86 2.02
 23   2.49 2.95 3.41 3.69 3.78 3.61 3.24 2.80 2.37 1.98 1.69 1.57 1.91 2.53 3.09 3.59 3.88 3.99 3.82 3.53 3.15 2.78 2.43 2.16
 24   2.03 2.09 2.43 2.85 3.23 3.56 3.73 3.59 3.29 2.91 2.50 2.13 1.82 1.68 1.96 2.53 3.11 3.67 4.03 4.25 4.15 3.81 3.40 2.96
 25   2.53 2.14 1.83 1.73 2.22 2.90 3.49 3.81 3.95 3.79 3.30 2.76 2.28 1.84 1.49 1.27 1.66 2.57 3.40 4.07 4.51 4.58 4.21 3.57
 26   2.94 2.39 1.89 1.48 1.21 1.42 2.52 3.41 4.11 4.46 4.37 3.72 3.04 2.40 1.84 1.37 1.02 1.16 2.48 3.59 4.51 5.08 5.06 4.51
 27   3.70 2.97 2.29 1.70 1.13 0.79 0.95 2.27 3.38 4.47 4.95 4.64 3.81 2.99 2.30 1.64 1.12 0.73 0.98 2.82 4.27 5.29 5.56 5.28
 28   4.43 3.55 2.69 1.89 1.24 0.73 0.38 1.25 3.27 4.64 5.39 5.35 4.60 3.75 2.86 2.05 1.33 0.78 0.38 1.05 3.35 4.98 5.78 5.78
 ----------------------------------------------------------------------------------------------------------------------------
                                                                                               
 ----------------------------------------------------------------------------------------------------------------------------
 ----------------------------------------------------------------------------------------------------------------------------
                                                          SURVEY OF INDIA
                                                    MARINE GEODESY WING (G&RB)
                                                     HOURLY HEIGHTS IN METRES
  NAME OF PORT:- HALDIA                                                                             MONTH MARCH     YEAR 2010
 ----------------------------------------------------------------------------------------------------------------------------
 DAYS 0000 0001 0002 0003 0004 0005 0006 0007 0008 0009 0010 0011 0012 0013 0014 0015 0016 0017 0018 0019 0020 0021 0022 0023
 ----------------------------------------------------------------------------------------------------------------------------
  1   5.18 4.18 3.20 2.30 1.50 0.85 0.34 0.08 2.00 3.95 5.37 5.82 5.49 4.50 3.53 2.57 1.76 1.03 0.52 0.20 2.05 3.99 5.48 5.97
  2   5.74 4.83 3.81 2.82 1.93 1.18 0.63 0.14 0.68 3.09 4.73 5.74 5.87 5.28 4.24 3.25 2.30 1.50 0.94 0.38 0.27 2.83 4.60 5.70
  3   5.97 5.40 4.44 3.45 2.52 1.70 1.00 0.49 0.12 1.80 3.80 5.24 5.78 5.63 4.83 3.82 2.88 2.02 1.27 0.76 0.41 1.33 3.40 4.80
  4   5.54 5.51 4.90 3.96 3.08 2.28 1.53 0.95 0.56 0.50 2.80 4.20 5.29 5.55 5.20 4.29 3.38 2.52 1.80 1.22 0.82 0.80 2.54 3.92
  5   4.87 5.21 4.99 4.22 3.42 2.65 1.98 1.39 0.95 0.69 1.87 3.38 4.45 5.00 5.11 4.61 3.83 3.05 2.39 1.80 1.37 1.15 1.98 3.30
  6   4.16 4.69 4.80 4.39 3.70 2.99 2.31 1.74 1.26 0.96 1.31 2.57 3.53 4.25 4.63 4.57 4.01 3.32 2.65 2.08 1.64 1.39 1.60 2.60
  7   3.40 4.00 4.33 4.29 3.81 3.20 2.58 2.04 1.60 1.30 1.29 2.20 3.00 3.71 4.18 4.40 4.20 3.67 3.14 2.60 2.14 1.80 1.70 2.16
  8   2.82 3.40 3.78 3.94 3.75 3.35 2.90 2.43 2.01 1.72 1.63 2.00 2.58 3.08 3.54 3.83 3.94 3.83 3.50 3.11 2.70 2.35 2.13 2.08
  9   2.38 2.72 3.04 3.27 3.43 3.36 3.16 2.90 2.60 2.33 2.13 2.07 2.20 2.44 2.73 3.05 3.35 3.63 3.71 3.65 3.43 3.11 2.79 2.50
 10   2.26 2.09 2.11 2.33 2.66 3.01 3.28 3.41 3.32 3.11 2.82 2.49 2.18 1.93 1.84 2.04 2.47 3.04 3.55 3.94 4.07 3.89 3.50 3.06
 11   2.51 2.22 1.88 1.66 1.82 2.32 2.89 3.43 3.75 3.84 3.55 3.12 2.63 2.19 1.80 1.51 1.55 2.30 3.06 3.75 4.25 4.44 4.22 3.65
 12   3.04 2.49 2.00 1.66 1.42 1.56 2.42 3.15 3.78 4.13 4.13 3.65 3.07 2.50 1.98 1.55 1.26 1.35 2.40 3.34 4.12 4.59 4.66 4.25
 13   3.56 2.90 2.30 1.80 1.35 1.14 1.60 2.75 3.67 4.25 4.51 4.30 3.62 2.93 2.32 1.77 1.36 1.15 1.65 2.95 4.03 4.73 5.03 4.80
 14   4.05 3.32 2.63 2.02 1.51 1.13 1.08 2.24 3.48 4.34 4.82 4.81 4.18 3.45 2.74 2.10 1.55 1.16 1.06 2.28 3.55 4.55 5.10 5.08
 15   4.46 3.66 2.90 2.20 1.60 1.15 0.86 1.60 3.12 4.25 5.00 5.14 4.75 3.93 3.12 2.41 1.76 1.24 0.94 1.42 3.07 4.31 5.14 5.34
 16   5.00 4.14 3.27 2.50 1.76 1.15 0.72 0.60 2.43 3.95 4.95 5.28 5.08 4.27 3.44 2.63 1.93 1.32 0.88 0.72 2.25 3.80 4.97 5.32
 17   5.15 4.43 3.53 2.73 1.99 1.36 0.86 0.53 1.41 3.20 4.55 5.22 5.26 4.67 3.76 2.94 2.20 1.54 1.05 0.72 1.37 3.14 4.31 5.06
 18   5.15 4.64 3.74 2.93 2.20 1.50 0.96 0.54 0.50 2.49 4.05 5.09 5.35 5.03 4.15 3.25 2.50 1.76 1.20 0.78 0.68 2.45 3.85 4.85
 19   5.21 4.95 4.12 3.28 2.50 1.80 1.21 0.75 0.46 1.95 3.52 4.72 5.25 5.20 4.54 3.65 2.86 2.14 1.53 1.05 0.76 1.77 3.27 4.30
 20   4.88 4.96 4.40 3.60 2.84 2.15 1.56 1.10 0.75 1.19 2.87 4.00 4.83 5.10 4.82 4.01 3.26 2.50 1.90 1.44 1.11 1.30 2.68 3.70
 21   4.44 4.76 4.65 3.97 3.21 2.53 1.95 1.40 1.01 0.90 2.20 3.40 4.32 4.84 4.94 4.44 3.70 3.00 2.40 1.87 1.50 1.34 2.21 3.25
 22   4.05 4.55 4.65 4.25 3.60 2.93 2.33 1.82 1.39 1.15 1.74 2.95 3.87 4.44 4.71 4.60 4.05 3.45 2.85 2.33 1.94 1.74 1.95 2.80
 23   3.52 4.05 4.32 4.25 3.89 3.33 2.74 2.21 1.77 1.46 1.43 2.27 3.14 3.78 4.22 4.44 4.30 3.87 3.39 2.89 2.44 2.15 2.05 2.35
 24   2.94 3.42 3.78 4.00 3.97 3.74 3.34 2.90 2.49 2.14 1.92 1.90 2.39 3.00 3.52 3.90 4.17 4.23 3.99 3.63 3.23 2.84 2.52 2.30
 25   2.24 2.39 2.80 3.20 3.55 3.76 3.82 3.65 3.32 2.92 2.56 2.25 2.00 1.97 2.43 3.04 3.61 4.05 4.31 4.35 4.10 3.71 3.29 2.92
 26   2.51 2.16 1.95 1.98 2.54 3.20 3.80 4.14 4.24 3.99 3.50 2.95 2.47 2.02 1.70 1.65 2.46 3.40 4.20 4.65 4.65 4.40 3.84 3.25
 27   2.74 2.20 1.80 1.48 1.43 2.15 3.20 4.05 4.57 4.75 4.50 3.85 3.19 2.50 1.92 1.43 1.15 1.65 3.21 4.40 5.23 5.33 4.91 4.19
 28   3.52 2.80 2.04 1.46 1.00 0.76 2.02 3.71 4.94 5.57 5.47 4.80 3.96 3.09 2.30 1.57 1.02 0.72 1.97 3.73 5.09 5.76 5.74 5.10
 29   4.25 3.33 2.45 1.70 1.05 0.58 0.38 2.50 4.25 5.49 5.82 5.49 4.60 3.65 2.79 1.93 1.22 0.70 0.45 2.50 4.31 5.57 5.97 5.70
 30   4.90 3.97 3.02 2.14 1.41 0.85 0.41 0.85 3.40 5.12 6.08 6.11 5.35 4.30 3.29 2.37 1.57 0.91 0.50 1.10 3.50 5.20 6.05 6.13
 31   4.80 4.43 3.45 2.53 1.73 1.07 0.57 0.31 2.49 4.45 5.82 6.23 5.95 4.98 3.95 2.97 2.14 1.42 0.85 0.52 2.25 4.10 5.47 5.92
 ----------------------------------------------------------------------------------------------------------------------------
                                                                                               
 ----------------------------------------------------------------------------------------------------------------------------
 ----------------------------------------------------------------------------------------------------------------------------
                                                          SURVEY OF INDIA
                                                    MARINE GEODESY WING (G&RB)
                                                     HOURLY HEIGHTS IN METRES
  NAME OF PORT:- HALDIA                                                                             MONTH APRIL     YEAR 2010
 ----------------------------------------------------------------------------------------------------------------------------
 DAYS 0000 0001 0002 0003 0004 0005 0006 0007 0008 0009 0010 0011 0012 0013 0014 0015 0016 0017 0018 0019 0020 0021 0022 0023
 ----------------------------------------------------------------------------------------------------------------------------
  1   5.70 4.88 3.94 3.00 2.12 1.35 0.78 0.36 0.45 3.10 4.85 5.80 6.06 5.42 4.44 3.40 2.50 1.70 1.04 0.62 0.70 2.98 4.57 5.54
  2   5.75 5.28 4.37 3.48 2.61 1.84 1.20 0.72 0.48 2.35 4.03 5.31 5.83 5.68 4.88 3.95 3.07 2.27 1.59 1.07 0.81 1.90 3.57 4.73
  3   5.32 5.31 4.71 3.90 3.10 2.36 1.71 1.16 0.83 1.40 3.17 4.37 5.21 5.43 5.12 4.31 3.52 2.77 2.12 1.62 1.28 1.44 2.79 3.82
  4   4.59 4.93 4.85 4.21 3.50 2.85 2.26 1.72 1.35 1.27 2.41 3.55 4.39 4.87 5.01 4.57 3.89 3.22 2.59 2.07 1.67 1.47 2.08 3.12
  5   3.90 4.39 4.58 4.31 3.75 3.19 2.61 2.10 1.72 1.53 1.97 2.89 3.68 4.20 4.57 4.53 4.07 3.51 2.95 2.44 2.02 1.81 1.85 2.60
  6   3.30 3.86 4.17 4.18 3.85 3.40 2.90 2.44 2.07 1.82 1.88 2.46 3.08 3.60 4.00 4.19 4.13 3.81 3.42 3.00 2.60 2.31 2.17 2.32
  7   2.75 3.20 3.56 3.71 3.72 3.52 3.25 2.93 2.61 2.38 2.23 2.30 2.57 2.92 3.30 3.63 3.86 3.97 3.82 3.52 3.20 2.88 2.58 2.38
  8   2.31 2.44 2.70 3.00 3.28 3.50 3.60 3.55 3.35 3.09 2.79 2.50 2.30 2.25 2.50 2.92 3.39 3.82 4.11 4.19 4.01 3.68 3.30 2.92
  9   2.60 2.35 2.21 2.29 2.66 3.15 3.58 3.85 3.98 3.84 3.52 3.03 2.60 2.24 1.96 1.95 2.49 3.16 3.77 4.21 4.42 4.30 3.89 3.39
 10   2.88 2.41 2.01 1.80 1.95 2.71 3.43 4.01 4.37 4.44 4.14 3.60 3.02 2.48 2.00 1.69 1.70 2.55 3.52 4.30 4.77 4.88 4.60 4.01
 11   3.37 2.73 2.14 1.69 1.46 1.92 2.99 3.94 4.60 4.83 4.63 4.02 3.38 2.72 2.13 1.66 1.37 1.66 2.94 4.00 4.77 5.07 4.91 4.32
 12   3.64 2.93 2.28 1.70 1.27 1.17 2.34 3.64 4.63 5.15 5.15 4.60 3.89 3.13 2.42 1.81 1.37 1.20 2.22 3.59 4.61 5.18 5.21 4.72
 13   3.98 3.27 2.51 1.88 1.36 1.03 1.65 3.25 4.48 5.30 5.45 5.12 4.32 3.53 2.75 2.07 1.48 1.06 1.27 2.99 4.24 5.17 5.48 5.23
 14   4.43 3.62 2.85 2.12 1.50 1.00 0.93 2.56 4.03 5.17 5.64 5.49 4.78 3.90 3.06 2.32 1.65 1.11 0.87 1.97 3.60 4.78 5.40 5.38
 15   4.80 3.98 3.15 2.40 1.70 1.14 0.75 1.20 3.18 4.51 5.43 5.66 5.27 4.43 3.57 2.80 2.07 1.42 1.02 1.10 2.69 3.99 4.98 5.33
 16   5.22 4.45 3.58 2.80 2.07 1.43 0.93 0.69 2.08 3.79 5.05 5.60 5.55 4.90 4.03 3.23 2.49 1.82 1.32 1.05 1.83 3.40 4.47 5.15
 17   5.27 4.85 4.00 3.20 2.46 1.80 1.28 0.92 1.48 3.34 4.60 5.54 5.71 5.46 4.64 3.80 2.98 2.24 1.65 1.28 1.54 2.97 4.27 5.23
 18   5.56 5.32 4.57 3.75 2.91 2.17 1.55 1.08 0.91 2.40 3.98 5.19 5.67 5.56 4.97 4.15 3.33 2.62 1.97 1.52 1.40 2.28 3.60 4.60
 19   5.24 5.31 4.88 4.12 3.39 2.64 2.00 1.47 1.19 1.89 3.43 4.58 5.37 5.63 5.35 4.70 3.98 3.24 2.60 2.11 1.83 2.02 2.98 3.90
 20   4.57 4.94 4.86 4.39 3.71 3.02 2.39 1.81 1.40 1.23 2.23 3.50 4.47 5.02 5.17 4.91 4.30 3.64 3.01 2.47 2.07 1.89 2.26 3.02
 21   3.83 4.40 4.64 4.59 4.22 3.69 3.08 2.50 2.04 1.68 1.73 2.47 3.39 4.14 4.71 4.92 4.77 4.28 3.72 3.16 2.66 2.31 2.13 2.17
 22   2.68 3.37 3.91 4.26 4.33 4.11 3.70 3.20 2.76 2.37 2.03 1.93 2.42 3.13 3.88 4.45 4.73 4.61 4.23 3.73 3.26 2.80 2.45 2.19
 23   2.11 2.45 3.05 3.62 4.06 4.32 4.32 4.07 3.62 3.16 2.69 2.28 2.01 2.00 2.64 3.47 4.18 4.63 4.82 4.60 4.08 3.52 3.04 2.55
 24   2.15 1.97 1.99 2.42 3.28 3.95 4.44 4.67 4.52 4.06 3.50 2.92 2.41 1.97 1.68 1.90 2.99 4.00 4.75 5.06 4.93 4.43 3.87 3.30
 25   2.70 2.16 1.75 1.58 2.01 3.20 4.19 4.92 5.18 4.97 4.38 3.68 2.95 2.28 1.72 1.36 1.49 2.86 4.06 4.98 5.33 5.22 4.70 3.98
 26   3.26 2.52 1.89 1.40 1.09 1.64 3.19 4.51 5.44 5.59 5.24 4.50 3.69 2.88 2.17 1.54 1.15 1.42 3.09 4.43 5.40 5.61 5.19 4.40
 27   3.60 2.77 2.07 1.48 0.98 0.66 1.95 3.79 5.24 5.89 5.87 5.20 4.27 3.37 2.54 1.85 1.26 0.92 1.63 3.43 4.80 5.58 5.62 5.09
 28   4.22 3.37 2.55 1.83 1.22 0.78 0.66 2.50 4.33 5.63 6.05 5.74 4.88 3.96 3.04 2.27 1.54 1.02 0.81 2.17 3.90 5.20 5.72 5.58
 29   4.85 4.00 3.07 2.25 1.48 0.89 0.48 0.45 3.03 4.90 5.90 6.02 5.45 4.50 3.54 2.68 1.90 1.28 0.88 1.01 2.69 4.14 5.20 5.46
 30   5.22 4.44 3.61 2.81 2.05 1.40 0.94 0.71 2.07 3.93 5.28 5.86 5.72 5.00 4.09 3.23 2.49 1.78 1.22 0.95 1.72 3.40 4.53 5.20
 ----------------------------------------------------------------------------------------------------------------------------
                                                                                               
 ----------------------------------------------------------------------------------------------------------------------------
 ----------------------------------------------------------------------------------------------------------------------------
                                                          SURVEY OF INDIA
                                                    MARINE GEODESY WING (G&RB)
                                                     HOURLY HEIGHTS IN METRES
  NAME OF PORT:- HALDIA                                                                             MONTH MAY       YEAR 2010
 ----------------------------------------------------------------------------------------------------------------------------
 DAYS 0000 0001 0002 0003 0004 0005 0006 0007 0008 0009 0010 0011 0012 0013 0014 0015 0016 0017 0018 0019 0020 0021 0022 0023
 ----------------------------------------------------------------------------------------------------------------------------
  1   5.24 4.76 3.99 3.20 2.40 1.73 1.23 0.88 1.04 2.83 4.30 5.36 5.64 5.35 4.51 3.71 2.96 2.26 1.69 1.30 1.24 2.48 3.78 4.66
  2   5.06 4.99 4.40 3.66 2.95 2.30 1.71 1.26 1.06 2.18 3.60 4.59 5.14 5.26 4.85 4.07 3.32 2.66 2.11 1.65 1.38 1.70 2.90 3.72
  3   4.26 4.56 4.41 3.81 3.15 2.54 2.04 1.59 1.34 1.82 2.98 3.90 4.56 4.95 4.96 4.42 3.75 3.05 2.37 1.95 1.64 1.52 2.40 3.24
  4   3.72 4.21 4.43 4.15 3.52 2.93 2.38 1.87 1.61 1.64 2.63 3.55 4.24 4.68 4.84 4.48 3.89 3.34 2.77 2.30 1.96 1.85 2.19 2.89
  5   3.58 4.05 4.29 4.21 3.80 3.29 2.79 2.35 2.04 1.91 2.12 2.93 3.62 4.13 4.51 4.61 4.28 3.79 3.24 2.75 2.32 2.00 1.72 1.90
  6   2.63 3.23 3.88 4.22 4.19 3.90 3.39 2.86 2.38 2.08 1.99 2.46 3.01 3.46 3.87 4.19 4.31 4.16 3.77 3.28 2.79 2.44 2.15 2.04
  7   2.34 2.88 3.36 3.75 3.96 3.96 3.74 3.42 3.08 2.79 2.53 2.42 2.45 2.76 3.26 3.74 4.12 4.34 4.32 4.00 3.49 2.99 2.59 2.20
  8   2.12 2.30 2.69 3.20 3.63 3.85 3.98 3.94 3.74 3.48 3.17 2.86 2.59 2.40 2.28 2.74 3.34 3.86 4.29 4.46 4.20 3.72 3.22 2.80
  9   2.42 2.14 2.06 2.43 3.08 3.69 4.14 4.44 4.47 4.15 3.72 3.25 2.75 2.32 2.04 2.03 2.72 3.53 4.17 4.57 4.58 4.25 3.74 3.24
 10   2.75 2.29 1.95 1.85 2.22 3.12 3.90 4.52 4.83 4.73 4.20 3.68 3.11 2.54 2.05 1.75 1.86 2.85 3.74 4.44 4.78 4.75 4.32 3.72
 11   3.11 2.53 1.99 1.63 1.54 2.39 3.44 4.31 4.86 5.04 4.76 4.13 3.51 2.88 2.30 1.85 1.59 1.96 3.16 4.11 4.77 5.01 4.79 4.19
 12   3.53 2.88 2.24 1.70 1.34 1.49 2.77 4.04 5.03 5.46 5.37 4.75 4.00 3.26 2.54 1.92 1.44 1.32 2.36 3.67 4.64 5.13 5.13 4.60
 13   3.88 3.18 2.46 1.84 1.33 1.07 1.91 3.41 4.63 5.41 5.55 5.20 4.48 3.72 2.93 2.22 1.64 1.22 1.35 2.80 4.00 4.92 5.25 5.14
 14   4.42 3.69 2.93 2.21 1.59 1.14 1.03 2.48 3.94 5.08 5.65 5.61 5.00 4.24 3.42 2.63 1.95 1.42 1.16 1.89 3.38 4.52 5.26 5.32
 15   4.58 3.70 2.95 2.30 1.64 1.14 0.80 1.28 3.05 4.48 5.46 5.72 5.48 4.60 3.71 2.93 2.31 1.72 1.30 1.16 2.51 3.90 4.85 5.28
 16   5.20 4.60 3.83 3.01 2.26 1.58 1.08 0.82 1.85 3.50 4.78 5.61 5.70 5.23 4.38 3.52 2.77 2.03 1.47 1.15 1.51 3.05 4.07 4.86
 17   5.16 4.96 4.23 3.44 2.70 2.05 1.51 1.07 0.98 2.51 3.87 4.94 5.45 5.44 4.86 4.07 3.32 2.61 2.01 1.59 1.35 1.81 3.12 4.00
 18   4.64 4.92 4.72 4.02 3.26 2.60 2.05 1.57 1.26 1.54 2.98 4.00 4.83 5.24 5.16 4.51 3.76 3.05 2.44 1.92 1.56 1.42 2.21 3.28
 19   4.12 4.68 4.83 4.46 3.72 3.07 2.47 1.98 1.60 1.48 2.36 3.42 4.38 5.03 5.36 5.01 4.30 3.62 2.93 2.35 1.89 1.61 1.66 2.66
 20   3.64 4.41 4.86 4.92 4.50 3.83 3.15 2.56 2.08 1.75 1.76 2.76 3.70 4.57 5.04 5.22 4.86 4.25 3.65 3.05 2.50 2.04 1.77 1.86
 21   2.63 3.46 4.17 4.61 4.76 4.42 3.82 3.23 2.71 2.20 1.86 1.85 2.54 3.43 4.22 4.76 4.97 4.62 4.00 3.42 2.83 2.34 2.00 1.81
 22   1.91 2.59 3.35 4.06 4.55 4.71 4.62 4.12 3.53 2.92 2.46 2.08 1.93 2.24 3.07 3.96 4.60 4.97 4.93 4.37 3.70 3.08 2.45 2.10
 23   1.84 1.78 2.06 2.96 3.79 4.52 4.92 4.92 4.46 3.79 3.18 2.63 2.16 1.92 2.04 2.81 3.67 4.47 4.96 5.08 4.62 3.96 3.31 2.70
 24   2.21 1.85 1.58 1.84 2.91 3.82 4.69 5.29 5.31 4.72 4.04 3.33 2.70 2.18 1.84 1.79 2.59 3.60 4.42 4.99 5.16 4.74 4.05 3.40
 25   2.77 2.23 1.80 1.55 1.79 3.16 4.30 5.09 5.60 5.56 4.87 4.06 3.38 2.72 2.20 1.77 1.77 2.90 3.96 4.91 5.38 5.40 4.86 4.16
 26   3.38 2.65 2.09 1.60 1.46 2.22 3.44 4.58 5.52 5.83 5.56 4.81 4.03 3.18 2.47 1.91 1.52 1.50 2.90 4.09 5.02 5.52 5.16 4.37
 27   3.69 3.00 2.39 1.67 1.16 1.24 2.59 3.76 5.17 5.90 5.87 5.31 4.54 3.68 2.88 2.21 1.71 1.40 1.80 3.20 4.46 5.34 5.63 5.35
 28   4.55 3.80 3.09 2.41 1.62 1.04 1.13 2.90 4.27 5.46 5.95 5.76 5.06 4.24 3.40 2.65 2.05 1.56 1.34 2.00 3.49 4.66 5.42 5.44
 29   5.00 4.16 3.37 2.63 2.01 1.49 1.18 1.73 3.36 4.64 5.63 5.93 5.61 4.75 3.90 3.11 2.43 1.86 1.47 1.44 2.52 3.82 4.78 5.37
 30   5.37 4.74 3.88 3.12 2.42 1.87 1.44 1.22 2.28 3.78 5.06 5.82 5.88 5.34 4.47 3.63 2.90 2.26 1.75 1.47 1.86 3.16 4.24 4.95
 31   5.37 5.17 4.44 3.74 3.03 2.35 1.84 1.51 1.75 3.18 4.40 5.39 5.72 5.57 4.90 4.13 3.40 2.69 2.12 1.74 1.69 2.70 3.72 4.52
 ----------------------------------------------------------------------------------------------------------------------------
                                                                                               
 ----------------------------------------------------------------------------------------------------------------------------
 ----------------------------------------------------------------------------------------------------------------------------
                                                          SURVEY OF INDIA
                                                    MARINE GEODESY WING (G&RB)
                                                     HOURLY HEIGHTS IN METRES
  NAME OF PORT:- HALDIA                                                                             MONTH JUNE      YEAR 2010
 ----------------------------------------------------------------------------------------------------------------------------
 DAYS 0000 0001 0002 0003 0004 0005 0006 0007 0008 0009 0010 0011 0012 0013 0014 0015 0016 0017 0018 0019 0020 0021 0022 0023
 ----------------------------------------------------------------------------------------------------------------------------
  1   5.05 5.11 4.61 3.94 3.24 2.57 2.05 1.64 1.49 2.50 3.70 4.77 5.43 5.58 5.21 4.53 3.84 3.14 2.54 2.08 1.81 2.05 3.15 4.04
  2   4.68 4.96 4.83 4.25 3.61 2.99 2.41 2.00 1.75 2.11 3.20 4.20 4.93 5.30 5.29 4.76 4.14 3.50 2.90 2.40 2.02 1.94 2.62 3.53
  3   4.30 4.77 4.93 4.65 4.05 3.43 2.88 2.39 2.04 1.96 2.60 3.53 4.34 4.89 5.10 4.94 4.44 3.83 3.30 2.78 2.35 2.12 2.20 2.87
  4   3.64 4.27 4.63 4.73 4.40 3.90 3.40 2.90 2.48 2.28 2.46 3.10 3.78 4.35 4.74 4.88 4.67 4.13 3.56 3.04 2.55 2.18 1.93 2.20
  5   3.16 3.85 4.31 4.54 4.54 4.21 3.77 3.34 2.94 2.66 2.55 2.82 3.25 3.76 4.33 4.72 4.84 4.57 4.07 3.57 3.06 2.58 2.25 2.18
  6   2.55 3.19 3.75 4.21 4.49 4.48 4.22 3.80 3.40 3.04 2.73 2.54 2.63 3.02 3.53 4.07 4.46 4.68 4.52 4.07 3.55 3.07 2.60 2.25
  7   2.12 2.39 2.93 3.61 4.20 4.53 4.62 4.38 4.00 3.56 3.15 2.80 2.50 2.37 2.69 3.30 3.90 4.43 4.68 4.60 4.13 3.60 3.10 2.65
  8   2.28 2.04 2.20 2.89 3.61 4.23 4.64 4.77 4.65 4.23 3.77 3.23 2.77 2.36 2.16 2.36 3.10 3.85 4.45 4.77 4.74 4.25 3.60 3.01
  9   2.52 2.06 1.76 1.90 2.60 3.53 4.48 4.93 5.04 4.84 4.33 3.73 3.11 2.55 2.14 1.93 2.25 3.20 4.03 4.64 4.90 4.70 4.12 3.49
 10   2.86 2.36 1.94 1.64 1.74 2.65 3.53 4.54 5.17 5.30 4.98 4.30 3.59 2.93 2.37 1.96 1.72 2.04 3.17 4.09 4.80 5.13 4.90 4.24
 11   3.54 2.89 2.30 1.84 1.53 1.61 2.82 4.04 5.10 5.65 5.60 4.99 4.21 3.45 2.74 2.16 1.76 1.59 2.34 3.54 4.60 5.25 5.34 4.90
 12   4.06 3.32 2.65 2.06 1.60 1.31 1.75 3.24 4.69 5.65 6.00 5.71 4.91 4.05 3.27 2.56 2.03 1.60 1.64 2.64 3.91 4.94 5.47 5.40
 13   4.75 3.97 3.22 2.52 1.90 1.45 1.23 2.28 3.84 5.21 5.94 6.04 5.50 4.60 3.72 2.93 2.30 1.73 1.38 1.56 3.02 4.34 5.34 5.70
 14   5.43 4.66 3.84 3.04 2.34 1.73 1.27 1.11 2.61 4.14 5.56 6.16 6.16 5.26 4.40 3.46 2.73 2.10 1.54 1.25 1.80 3.28 4.50 5.45
 15   5.67 5.26 4.44 3.58 2.77 2.04 1.49 1.06 1.32 3.08 4.57 5.60 5.94 5.64 4.90 4.06 3.23 2.45 1.84 1.36 1.19 2.28 3.65 4.72
 16   5.49 5.55 5.01 4.20 3.40 2.64 1.93 1.40 1.05 1.84 3.50 4.84 5.60 5.78 5.45 4.60 3.80 3.00 2.25 1.67 1.28 1.30 2.49 3.80
 17   4.70 5.22 5.23 4.65 3.90 3.10 2.44 1.82 1.37 1.16 2.30 3.70 4.80 5.52 5.59 5.03 4.23 3.40 2.64 2.11 1.63 1.28 1.60 2.80
 18   3.80 4.68 5.28 5.25 4.60 3.83 3.10 2.45 1.91 1.62 1.78 2.93 3.95 4.85 5.30 5.36 4.82 3.99 3.25 2.63 2.11 1.70 1.44 1.72
 19   2.93 3.90 4.64 5.06 5.03 4.48 3.73 3.03 2.47 2.00 1.73 1.90 2.94 3.80 4.54 5.03 5.11 4.72 4.10 3.40 2.72 2.18 1.78 1.54
 20   1.90 2.93 3.77 4.45 4.91 4.92 4.50 3.90 3.30 2.71 2.26 1.95 2.00 2.80 3.65 4.40 4.82 4.96 4.67 4.04 3.42 2.79 2.28 1.93
 21   1.72 2.06 2.94 3.68 4.29 4.67 4.77 4.47 3.95 3.40 2.87 2.36 1.98 1.86 2.40 3.26 4.03 4.51 4.73 4.53 3.99 3.40 2.82 2.32
 22   1.94 1.72 1.92 2.70 3.49 4.20 4.72 4.96 4.83 4.29 3.68 3.04 2.50 2.06 1.86 2.22 3.11 3.92 4.49 4.80 4.70 4.10 3.44 2.83
 23   2.35 1.94 1.67 1.76 2.57 3.49 4.32 4.89 5.14 4.96 4.35 3.70 3.06 2.44 2.01 1.77 1.95 2.88 3.74 4.40 4.86 4.85 4.23 3.60
 24   2.96 2.38 1.94 1.64 1.54 2.37 3.44 4.41 5.12 5.39 5.08 4.36 3.65 2.95 2.39 1.96 1.73 2.00 3.06 3.93 4.67 5.04 4.93 4.26
 25   3.56 2.90 2.34 1.90 1.56 1.63 2.72 3.90 4.98 5.65 5.65 5.06 4.26 3.44 2.75 2.17 1.80 1.75 2.44 3.37 4.33 5.02 5.26 4.98
 26   4.23 3.50 2.85 2.30 1.80 1.50 1.80 3.20 4.38 5.40 5.81 5.60 4.96 4.16 3.37 2.58 2.02 1.62 1.62 2.63 3.75 4.67 5.23 5.26
 27   4.84 4.12 3.40 2.74 2.15 1.70 1.47 2.28 3.66 4.93 5.80 6.00 5.60 4.80 3.97 3.14 2.43 1.87 1.55 1.76 3.02 4.15 4.93 5.34
 28   5.26 4.65 3.87 3.15 2.50 1.90 1.50 1.50 2.84 4.15 5.28 5.80 5.75 5.10 4.30 3.52 2.77 2.13 1.65 1.48 2.31 3.60 4.60 5.25
 29   5.38 5.00 4.26 3.49 2.75 2.11 1.60 1.27 1.90 3.43 4.63 5.47 5.72 5.46 4.74 3.94 3.18 2.46 1.93 1.55 1.56 2.70 3.68 4.54
 30   5.02 5.04 4.51 3.74 3.03 2.44 1.92 1.56 1.57 2.85 3.90 4.76 5.24 5.43 5.01 4.21 3.47 2.77 2.23 1.80 1.55 2.10 3.30 4.26
 ----------------------------------------------------------------------------------------------------------------------------
                                                                                               
 ----------------------------------------------------------------------------------------------------------------------------
 ----------------------------------------------------------------------------------------------------------------------------
                                                          SURVEY OF INDIA
                                                    MARINE GEODESY WING (G&RB)
                                                     HOURLY HEIGHTS IN METRES
  NAME OF PORT:- HALDIA                                                                             MONTH JULY      YEAR 2010
 ----------------------------------------------------------------------------------------------------------------------------
 DAYS 0000 0001 0002 0003 0004 0005 0006 0007 0008 0009 0010 0011 0012 0013 0014 0015 0016 0017 0018 0019 0020 0021 0022 0023
 ----------------------------------------------------------------------------------------------------------------------------
  1   4.85 5.12 4.84 4.20 3.46 2.82 2.27 1.90 1.83 2.34 3.44 4.28 5.07 5.43 5.28 4.57 3.85 3.15 2.55 2.07 1.76 1.80 2.89 3.85
  2   4.69 5.16 5.22 4.64 3.88 3.19 2.62 2.14 1.87 2.10 3.10 4.04 4.86 5.36 5.46 4.96 4.21 3.51 2.90 2.37 1.98 1.82 2.25 3.29
  3   4.22 4.93 5.23 4.98 4.28 3.61 2.99 2.46 2.13 2.00 2.60 3.49 4.33 4.88 5.18 5.03 4.37 3.70 3.05 2.50 2.06 1.83 2.01 2.70
  4   3.75 4.50 4.94 4.98 4.48 3.84 3.25 2.69 2.30 2.05 2.12 2.84 3.59 4.27 4.74 4.95 4.66 4.04 3.41 2.82 2.29 1.94 1.78 2.24
  5   3.02 3.76 4.34 4.70 4.71 4.26 3.71 3.16 2.66 2.31 2.12 2.33 2.93 3.56 4.13 4.62 4.76 4.45 3.90 3.30 2.72 2.29 1.99 1.94
  6   2.44 3.12 3.78 4.26 4.57 4.56 4.19 3.76 3.34 2.92 2.56 2.38 2.52 2.94 3.52 4.06 4.53 4.73 4.56 4.04 3.53 3.02 2.56 2.25
  7   2.14 2.38 3.05 3.66 4.16 4.55 4.66 4.43 4.05 3.64 3.24 2.85 2.56 2.46 2.65 3.19 3.81 4.36 4.52 4.47 4.03 3.52 3.03 2.57
  8   2.23 2.02 2.16 2.71 3.38 4.01 4.49 4.76 4.78 4.39 3.88 3.37 2.87 2.44 2.16 2.18 2.82 3.55 4.21 4.59 4.67 4.31 3.76 3.25
  9   2.72 2.28 1.96 1.85 2.30 3.22 4.04 4.65 5.01 4.96 4.57 3.94 3.31 2.75 2.24 1.88 1.78 2.53 3.45 4.17 4.67 4.81 4.47 3.86
 10   3.23 2.62 2.06 1.64 1.40 1.86 3.02 4.02 4.89 5.32 5.20 4.64 3.94 3.21 2.53 1.98 1.55 1.43 2.37 3.55 4.50 5.03 5.07 4.60
 11   3.86 3.15 2.47 1.84 1.32 1.03 1.54 3.15 4.59 5.49 5.65 5.24 4.46 3.66 2.88 2.18 1.53 1.08 1.00 2.35 3.70 4.74 5.18 5.06
 12   4.36 3.56 2.77 2.06 1.46 0.98 0.66 1.80 3.60 5.02 5.83 5.84 5.23 4.34 3.41 2.56 1.84 1.25 0.81 0.90 2.74 4.10 5.06 5.48
 13   5.23 4.41 3.53 2.71 1.93 1.29 0.79 0.53 2.50 4.18 5.55 6.03 5.80 4.98 4.06 3.14 2.30 1.55 1.02 0.64 1.28 3.18 4.59 5.72
 14   5.73 5.24 4.31 3.41 2.52 1.76 1.15 0.69 0.76 3.04 4.70 5.86 6.18 5.73 4.75 3.86 2.92 2.14 1.48 0.98 0.73 1.80 3.59 5.04
 15   5.83 5.75 5.01 4.13 3.23 2.41 1.70 1.12 0.77 1.68 3.70 5.24 6.06 6.08 5.48 4.46 3.55 2.70 1.97 1.37 0.98 0.96 2.44 4.06
 16   5.28 5.74 5.56 4.78 3.86 3.03 2.31 1.68 1.24 1.15 2.60 4.05 5.27 5.79 5.71 5.07 4.22 3.40 2.63 2.00 1.52 1.21 1.54 3.08
 17   4.35 5.35 5.61 5.32 4.50 3.69 2.94 2.30 1.80 1.47 1.77 3.14 4.30 5.23 5.57 5.40 4.63 3.85 3.13 2.46 1.95 1.56 1.43 2.25
 18   3.49 4.52 5.24 5.38 4.97 4.23 3.49 2.84 2.30 1.99 1.75 2.36 3.39 4.34 4.92 5.22 4.93 4.28 3.62 2.98 2.36 1.94 1.65 1.74
 19   2.76 3.67 4.51 4.95 5.06 4.68 4.06 3.44 2.88 2.43 2.11 2.07 2.66 3.41 4.12 4.66 4.87 4.65 4.09 3.52 2.94 2.43 2.04 1.84
 20   2.09 2.84 3.59 4.19 4.69 4.85 4.60 4.10 3.57 3.09 2.66 2.36 2.30 2.69 3.27 3.86 4.34 4.60 4.56 4.16 3.64 3.14 2.67 2.34
 21   2.16 2.23 2.75 3.33 3.97 4.45 4.75 4.72 4.36 3.91 3.46 3.00 2.62 2.43 2.46 2.85 3.49 4.03 4.46 4.63 4.45 3.97 3.46 2.95
 22   2.53 2.23 2.17 2.51 3.19 3.94 4.57 5.00 5.09 4.74 4.18 3.60 3.06 2.61 2.29 2.23 2.66 3.35 4.06 4.62 4.85 4.69 4.22 3.70
 23   3.15 2.64 2.24 2.04 2.27 2.95 3.89 4.86 5.55 5.49 4.86 4.19 3.48 2.83 2.26 1.89 1.83 2.46 3.38 4.23 4.84 5.06 4.82 4.21
 24   3.55 2.91 2.33 1.87 1.56 1.69 2.92 4.08 5.11 5.66 5.56 4.90 4.20 3.40 2.72 2.15 1.79 1.75 2.62 3.73 4.70 5.34 5.38 4.90
 25   4.16 3.38 2.72 2.18 1.85 1.82 2.52 3.70 4.97 5.87 6.14 5.76 4.90 4.02 3.16 2.47 1.96 1.62 1.86 3.08 4.29 5.25 5.67 5.47
 26   4.78 3.99 3.16 2.50 1.86 1.48 1.47 2.74 4.24 5.55 6.14 6.02 5.30 4.42 3.56 2.72 2.05 1.54 1.30 2.18 3.60 4.83 5.60 5.66
 27   5.16 4.37 3.56 2.77 2.06 1.50 1.15 1.78 3.57 5.08 6.02 6.24 5.77 4.90 4.04 3.15 2.36 1.76 1.36 1.52 2.98 4.26 5.35 5.84
 28   5.61 4.90 4.11 3.31 2.51 1.93 1.46 1.38 2.63 4.13 5.52 6.14 6.12 5.38 4.50 3.66 2.85 2.22 1.71 1.44 2.12 3.50 4.79 5.61
 29   5.83 5.34 4.52 3.76 2.97 2.31 1.79 1.42 1.81 3.44 4.77 5.79 6.10 5.76 4.90 4.10 3.30 2.55 1.99 1.62 1.63 2.93 4.22 5.31
 30   5.81 5.69 4.97 4.16 3.39 2.62 2.05 1.58 1.51 2.90 4.20 5.30 5.80 5.78 5.13 4.29 3.58 2.83 2.20 1.74 1.48 2.37 3.72 4.89
 31   5.65 5.76 5.26 4.55 3.73 2.97 2.35 1.83 1.52 2.24 3.60 4.69 5.46 5.65 5.25 4.51 3.82 3.08 2.45 1.96 1.65 1.96 3.18 4.30
 ----------------------------------------------------------------------------------------------------------------------------
                                                                                               
 ----------------------------------------------------------------------------------------------------------------------------
 ----------------------------------------------------------------------------------------------------------------------------
                                                          SURVEY OF INDIA
                                                    MARINE GEODESY WING (G&RB)
                                                     HOURLY HEIGHTS IN METRES
  NAME OF PORT:- HALDIA                                                                             MONTH AUGUST    YEAR 2010
 ----------------------------------------------------------------------------------------------------------------------------
 DAYS 0000 0001 0002 0003 0004 0005 0006 0007 0008 0009 0010 0011 0012 0013 0014 0015 0016 0017 0018 0019 0020 0021 0022 0023
 ----------------------------------------------------------------------------------------------------------------------------
  1   5.17 5.55 5.38 4.72 3.96 3.26 2.62 2.12 1.84 1.97 3.14 4.07 4.92 5.40 5.38 4.78 4.07 3.42 2.79 2.26 1.90 1.81 2.51 3.59
  2   4.50 5.15 5.36 5.01 4.31 3.65 3.03 2.51 2.20 2.10 2.83 3.67 4.40 5.00 5.27 5.02 4.42 3.80 3.20 2.69 2.27 2.02 2.09 3.10
  3   3.94 4.64 5.10 5.15 4.69 4.10 3.52 3.02 2.59 2.38 2.53 3.20 3.87 4.43 4.85 5.01 4.70 4.17 3.60 3.10 2.67 2.37 2.30 2.72
  4   3.45 4.06 4.57 4.90 4.80 4.35 3.87 3.40 3.01 2.73 2.64 2.86 3.27 3.77 4.20 4.55 4.70 4.52 4.10 3.59 3.12 2.74 2.47 2.40
  5   2.80 3.32 3.86 4.28 4.57 4.67 4.47 4.14 3.80 3.50 3.27 3.04 2.98 3.17 3.53 3.94 4.33 4.60 4.69 4.43 4.00 3.60 3.22 2.91
  6   2.77 2.81 3.29 3.76 4.23 4.70 4.94 4.92 4.60 4.22 3.84 3.46 3.09 2.80 2.70 3.03 3.61 4.22 4.70 4.86 4.68 4.21 3.71 3.24
  7   2.77 2.46 2.29 2.46 3.22 3.92 4.62 5.11 5.31 5.06 4.55 3.94 3.38 2.88 2.44 2.17 2.30 3.09 3.96 4.65 5.03 5.01 4.50 3.86
  8   3.22 2.66 2.18 1.84 1.78 2.62 3.65 4.70 5.41 5.61 5.29 4.63 3.87 3.14 2.50 1.98 1.60 1.70 2.89 3.99 4.93 5.40 5.34 4.69
  9   3.91 3.22 2.51 1.93 1.47 1.28 2.33 3.81 5.19 5.94 6.00 5.45 4.57 3.77 2.91 2.20 1.66 1.20 1.41 2.94 4.37 5.48 5.83 5.58
 10   4.76 3.91 3.09 2.32 1.65 1.13 0.91 2.50 4.30 5.84 6.42 6.28 5.37 4.40 3.45 2.59 1.80 1.20 0.83 1.43 3.44 4.95 5.98 6.19
 11   5.68 4.65 3.71 2.81 1.96 1.29 0.79 0.90 3.13 5.00 6.27 6.63 6.11 5.02 4.01 3.02 2.17 1.42 0.87 0.58 2.13 4.00 5.62 6.31
 12   6.27 5.37 4.38 3.39 2.45 1.63 1.03 0.64 1.59 3.83 5.66 6.48 6.57 5.78 4.70 3.70 2.74 1.89 1.22 0.76 0.68 2.68 4.50 5.88
 13   6.39 6.10 5.13 4.17 3.18 2.27 1.51 0.95 0.69 2.45 4.30 5.78 6.30 6.12 5.22 4.22 3.30 2.44 1.70 1.15 0.81 1.48 3.40 4.96
 14   5.98 6.18 5.70 4.76 3.81 2.93 2.14 1.43 0.97 1.26 3.15 4.71 5.74 6.05 5.60 4.64 3.80 2.94 2.20 1.56 1.09 0.97 2.47 3.99
 15   5.24 5.87 5.79 5.15 4.31 3.42 2.66 1.91 1.41 1.20 2.60 3.88 4.90 5.44 5.45 4.82 4.07 3.34 2.61 2.02 1.56 1.26 1.81 3.17
 16   4.38 5.17 5.48 5.20 4.50 3.78 3.03 2.43 1.97 1.64 1.94 3.10 4.00 4.74 5.14 5.05 4.49 3.86 3.24 2.63 2.15 1.80 1.77 2.56
 17   3.55 4.43 4.97 5.16 4.84 4.23 3.64 3.08 2.60 2.23 2.11 2.53 3.29 3.93 4.48 4.73 4.62 4.20 3.70 3.17 2.67 2.28 2.09 2.18
 18   2.90 3.52 4.12 4.57 4.76 4.64 4.21 3.72 3.31 2.90 2.58 2.48 2.73 3.20 3.68 4.07 4.30 4.34 4.11 3.72 3.32 2.93 2.64 2.47
 19   2.48 2.83 3.29 3.77 4.18 4.42 4.52 4.32 4.00 3.62 3.27 2.94 2.69 2.64 2.76 3.07 3.54 3.90 4.18 4.27 4.07 3.73 3.36 2.98
 20   2.66 2.47 2.47 2.80 3.30 3.81 4.40 4.76 4.83 4.56 4.09 3.63 3.12 2.67 2.39 2.28 2.55 3.16 3.83 4.32 4.61 4.50 4.06 3.59
 21   3.12 2.68 2.33 2.11 2.27 3.00 3.78 4.55 5.07 5.18 4.84 4.22 3.62 3.03 2.50 2.15 1.99 2.47 3.34 4.10 4.67 4.93 4.81 4.30
 22   3.68 3.11 2.58 2.14 1.87 2.15 3.14 4.12 4.97 5.38 5.32 4.74 4.08 3.43 2.80 2.27 1.87 1.71 2.42 3.42 4.33 4.97 5.17 4.89
 23   4.20 3.56 2.94 2.34 1.88 1.58 1.98 3.37 4.56 5.37 5.63 5.32 4.57 3.83 3.12 2.43 1.89 1.53 1.69 2.91 4.01 4.90 5.33 5.27
 24   4.60 3.88 3.18 2.54 1.98 1.53 1.44 2.60 4.00 5.17 5.77 5.69 5.00 4.20 3.40 2.63 2.00 1.52 1.28 2.33 3.68 4.87 5.51 5.60
 25   5.05 4.22 3.41 2.71 2.07 1.50 1.22 1.91 3.54 4.94 5.77 5.87 5.40 4.56 3.73 2.93 2.20 1.62 1.21 1.47 3.02 4.40 5.44 5.74
 26   5.50 4.64 3.79 2.99 2.27 1.66 1.22 1.20 2.87 4.36 5.62 6.00 5.76 4.90 4.01 3.15 2.33 1.73 1.23 1.10 2.60 4.10 5.29 5.87
 27   5.74 5.00 4.16 3.30 2.51 1.89 1.38 1.13 2.31 3.85 5.27 5.80 5.76 5.16 4.27 3.45 2.69 2.02 1.50 1.21 1.88 3.45 4.76 5.66
 28   5.81 5.34 4.48 3.67 2.86 2.19 1.61 1.30 1.57 3.29 4.70 5.64 5.84 5.45 4.68 3.88 3.00 2.23 1.60 1.20 1.40 3.00 4.36 5.41
 29   5.81 5.61 4.87 4.02 3.21 2.52 1.96 1.50 1.38 2.72 4.10 5.14 5.64 5.61 4.99 4.19 3.34 2.62 2.04 1.60 1.35 2.27 3.60 4.88
 30   5.62 5.73 5.21 4.38 3.56 2.84 2.29 1.83 1.59 2.40 3.63 4.64 5.30 5.52 5.13 4.42 3.70 3.02 2.43 2.00 1.72 1.98 3.16 4.21
 31   5.20 5.67 5.53 4.82 4.12 3.40 2.73 2.26 1.94 2.02 3.12 4.05 4.86 5.27 5.21 4.62 3.94 3.27 2.69 2.20 1.87 1.86 2.80 3.77
 ----------------------------------------------------------------------------------------------------------------------------
                                                                                               
 ----------------------------------------------------------------------------------------------------------------------------
 ----------------------------------------------------------------------------------------------------------------------------
                                                          SURVEY OF INDIA
                                                    MARINE GEODESY WING (G&RB)
                                                     HOURLY HEIGHTS IN METRES
  NAME OF PORT:- HALDIA                                                                             MONTH SEPT      YEAR 2010
 ----------------------------------------------------------------------------------------------------------------------------
 DAYS 0000 0001 0002 0003 0004 0005 0006 0007 0008 0009 0010 0011 0012 0013 0014 0015 0016 0017 0018 0019 0020 0021 0022 0023
 ----------------------------------------------------------------------------------------------------------------------------
  1   4.64 5.20 5.37 5.00 4.34 3.72 3.13 2.60 2.26 2.15 2.73 3.57 4.27 4.81 5.02 4.82 4.28 3.70 3.10 2.60 2.25 2.06 2.40 3.28
  2   4.00 4.67 5.07 5.08 4.67 4.13 3.60 3.12 2.77 2.57 2.73 3.16 3.70 4.16 4.53 4.70 4.54 4.14 3.72 3.24 2.80 2.50 2.41 2.70
  3   3.30 3.87 4.38 4.72 4.80 4.58 4.19 3.78 3.40 3.10 2.93 2.94 3.11 3.38 3.72 4.06 4.33 4.46 4.31 4.00 3.66 3.27 2.92 2.68
  4   2.61 2.83 3.28 3.80 4.30 4.65 4.81 4.73 4.40 4.02 3.65 3.23 2.87 2.62 2.65 2.97 3.56 4.12 4.55 4.76 4.69 4.22 3.73 3.25
  5   2.78 2.43 2.29 2.69 3.44 4.20 4.90 5.31 5.33 4.93 4.38 3.74 3.12 2.61 2.27 2.10 2.44 3.35 4.24 4.92 5.25 5.12 4.55 3.90
  6   3.25 2.63 2.13 1.80 1.87 2.92 4.10 5.20 5.82 5.83 5.28 4.49 3.70 2.95 2.33 1.87 1.57 2.07 3.42 4.69 5.66 5.90 5.57 4.78
  7   3.95 3.15 2.43 1.88 1.49 1.60 3.08 4.57 5.89 6.34 6.14 5.31 4.41 3.52 2.74 2.11 1.59 1.33 2.19 3.74 5.40 6.28 6.41 5.81
  8   4.79 3.83 2.95 2.20 1.61 1.25 1.59 3.49 5.18 6.34 6.68 6.20 5.12 4.14 3.20 2.40 1.67 1.12 0.89 2.39 4.36 5.99 6.63 6.58
  9   5.70 4.63 3.60 2.69 1.88 1.25 0.85 1.80 4.00 5.79 6.60 6.63 5.88 4.80 3.80 2.83 2.00 1.28 0.77 0.60 2.93 4.95 6.29 6.74
 10   6.44 5.33 4.40 3.40 2.50 1.76 1.14 0.82 2.48 4.63 6.11 6.61 6.39 5.41 4.38 3.38 2.48 1.70 1.02 0.65 1.30 3.80 5.59 6.45
 11   6.61 5.97 4.89 3.90 2.92 2.06 1.38 0.87 0.78 3.14 4.99 6.09 6.35 5.84 4.84 3.90 2.99 2.12 1.40 0.91 0.66 2.38 4.14 5.59
 12   6.23 6.20 5.39 4.36 3.40 2.54 1.82 1.25 0.95 1.99 3.76 5.15 5.89 5.89 5.25 4.30 3.45 2.63 1.97 1.39 1.02 1.56 3.27 4.64
 13   5.64 5.89 5.59 4.69 3.86 3.06 2.39 1.83 1.42 1.56 2.99 4.20 5.13 5.51 5.38 4.61 3.82 3.04 2.42 1.97 1.56 1.56 2.73 3.84
 14   4.78 5.37 5.45 4.98 4.23 3.52 2.89 2.36 1.98 1.77 2.39 3.42 4.26 4.85 5.11 4.79 4.14 3.49 2.89 2.39 2.01 1.89 2.39 3.26
 15   4.05 4.69 5.03 5.01 4.52 3.91 3.37 2.85 2.44 2.21 2.34 2.99 3.64 4.20 4.63 4.76 4.44 3.95 3.46 3.00 2.61 2.40 2.49 2.95
 16   3.51 4.04 4.52 4.80 4.79 4.46 3.99 3.47 3.09 2.82 2.73 2.89 3.26 3.62 4.00 4.26 4.34 4.22 3.84 3.52 3.21 2.96 2.91 2.98
 17   3.17 3.41 3.70 3.99 4.32 4.50 4.53 4.31 3.95 3.65 3.38 3.10 2.92 2.94 3.17 3.50 3.85 4.22 4.40 4.42 4.20 3.92 3.63 3.32
 18   3.03 2.86 2.90 3.22 3.69 4.15 4.59 4.80 4.81 4.45 4.03 3.58 3.25 2.96 2.75 2.75 3.11 3.74 4.22 4.66 4.82 4.58 4.13 3.68
 19   3.19 2.78 2.48 2.42 2.93 3.58 4.26 4.88 5.22 5.05 4.46 3.84 3.32 2.83 2.48 2.26 2.39 3.11 3.82 4.46 4.88 4.97 4.54 3.97
 20   3.40 2.83 2.35 2.01 1.90 2.55 3.48 4.40 5.05 5.27 5.02 4.36 3.70 3.04 2.48 2.04 1.79 1.96 3.05 3.96 4.72 5.13 5.09 4.52
 21   3.87 3.22 2.61 2.11 1.72 1.67 2.73 3.89 4.88 5.39 5.40 4.79 4.08 3.29 2.59 2.01 1.57 1.40 2.49 3.71 4.73 5.31 5.43 4.99
 22   4.19 3.47 2.75 2.14 1.66 1.42 1.99 3.48 4.68 5.43 5.61 5.19 4.43 3.63 2.84 2.18 1.60 1.21 1.49 3.04 4.29 5.28 5.61 5.41
 23   4.69 3.87 3.05 2.36 1.75 1.29 1.11 2.47 3.97 5.14 5.71 5.61 4.87 4.04 3.14 2.40 1.79 1.29 1.08 2.43 3.89 5.09 5.70 5.73
 24   5.09 4.23 3.40 2.67 2.00 1.46 1.10 1.63 3.39 4.69 5.60 5.76 5.27 4.39 3.54 2.71 2.01 1.43 1.02 1.43 3.29 4.65 5.68 5.91
 25   5.57 4.68 3.76 2.91 2.19 1.56 1.07 1.01 2.78 4.31 5.43 5.82 5.57 4.69 3.79 2.95 2.19 1.56 1.06 0.88 2.51 4.10 5.37 5.92
 26   5.81 5.08 4.19 3.29 2.52 1.87 1.33 1.01 1.93 3.66 4.91 5.60 5.63 5.02 4.14 3.31 2.53 1.88 1.32 0.97 1.64 3.40 4.76 5.59
 27   5.81 5.45 4.59 3.74 2.94 2.26 1.68 1.26 1.23 2.78 4.12 5.11 5.51 5.34 4.59 3.77 2.97 2.29 1.69 1.25 1.09 2.58 3.98 5.00
 28   5.53 5.52 4.90 4.09 3.29 2.60 2.07 1.59 1.32 2.13 3.42 4.43 5.00 5.17 4.69 3.96 3.20 2.50 1.93 1.49 1.18 1.69 3.10 4.22
 29   5.04 5.38 5.18 4.47 3.69 2.98 2.39 1.88 1.56 1.69 2.86 3.77 4.52 4.94 4.89 4.29 3.58 2.90 2.30 1.82 1.49 1.48 2.50 3.56
 30   4.43 4.99 5.16 4.75 4.06 3.38 2.75 2.25 1.87 1.70 2.39 3.24 3.99 4.52 4.77 4.57 3.95 3.36 2.76 2.27 1.90 1.77 2.17 3.05
 ----------------------------------------------------------------------------------------------------------------------------
                                                                                               
 ----------------------------------------------------------------------------------------------------------------------------
 ----------------------------------------------------------------------------------------------------------------------------
                                                          SURVEY OF INDIA
                                                    MARINE GEODESY WING (G&RB)
                                                     HOURLY HEIGHTS IN METRES
  NAME OF PORT:- HALDIA                                                                             MONTH OCTOBER   YEAR 2010
 ----------------------------------------------------------------------------------------------------------------------------
 DAYS 0000 0001 0002 0003 0004 0005 0006 0007 0008 0009 0010 0011 0012 0013 0014 0015 0016 0017 0018 0019 0020 0021 0022 0023
 ----------------------------------------------------------------------------------------------------------------------------
  1   3.84 4.46 4.86 4.90 4.46 3.88 3.33 2.83 2.43 2.16 2.03 2.81 3.42 3.93 4.34 4.52 4.31 3.86 3.37 2.90 2.48 2.21 2.16 2.51
  2   3.09 3.68 4.19 4.56 4.65 4.37 3.96 3.51 3.08 2.71 2.49 2.43 2.62 2.98 3.41 3.83 4.15 4.27 4.11 3.77 3.36 2.96 2.59 2.32
  3   2.27 2.58 3.06 3.65 4.17 4.53 4.63 4.36 3.92 3.47 2.99 2.58 2.26 2.08 2.20 2.71 3.32 3.92 4.37 4.61 4.44 3.96 3.45 2.90
  4   2.41 2.02 1.85 2.26 3.09 3.88 4.58 4.96 4.93 4.49 3.90 3.23 2.65 2.16 1.76 1.55 2.02 3.03 4.02 4.80 5.15 5.02 4.40 3.69
  5   2.99 2.40 1.91 1.56 1.66 2.87 3.91 4.87 5.36 5.32 4.75 3.96 3.23 2.62 2.02 1.53 1.26 1.79 3.29 4.61 5.48 5.69 5.32 4.51
  6   3.71 2.94 2.22 1.63 1.29 1.57 3.32 4.82 5.92 6.23 5.79 4.79 3.85 2.96 2.23 1.58 1.12 1.02 2.45 4.21 5.78 6.42 6.36 5.50
  7   4.46 3.49 2.59 1.88 1.32 1.04 2.21 3.99 5.56 6.36 6.52 5.81 4.70 3.68 2.74 1.94 1.34 0.93 1.27 3.32 5.19 6.39 6.93 6.56
  8   5.31 4.19 3.21 2.37 1.63 1.17 1.07 3.12 4.84 6.19 6.72 6.46 5.29 4.23 3.17 2.27 1.51 0.95 0.64 1.97 4.11 5.95 6.73 6.80
  9   6.04 4.89 3.74 2.82 1.94 1.31 0.88 1.19 3.40 5.21 6.31 6.59 5.99 4.93 3.91 2.91 2.09 1.36 0.89 0.69 2.86 4.81 6.19 6.79
 10   6.62 5.56 4.53 3.50 2.57 1.82 1.24 0.94 2.04 3.90 5.37 6.07 6.12 5.47 4.50 3.55 2.69 1.94 1.37 0.97 1.67 3.58 5.22 6.13
 11   6.42 6.01 5.00 4.01 3.22 2.49 1.86 1.42 1.41 2.92 4.33 5.44 5.87 5.76 5.02 4.11 3.26 2.46 1.88 1.44 1.36 2.79 4.14 5.35
 12   5.94 5.98 5.34 4.50 3.62 2.92 2.31 1.83 1.55 2.30 3.58 4.59 5.30 5.52 5.07 4.32 3.57 2.88 2.32 1.89 1.64 2.24 3.31 4.32
 13   5.11 5.54 5.45 4.83 4.09 3.42 2.80 2.30 1.97 2.02 2.93 3.76 4.54 5.05 5.12 4.64 4.00 3.37 2.77 2.30 2.02 2.04 2.83 3.60
 14   4.34 4.92 5.22 5.05 4.52 3.92 3.33 2.80 2.43 2.25 2.54 3.31 3.94 4.46 4.79 4.77 4.37 3.88 3.37 2.93 2.63 2.59 2.90 3.35
 15   3.82 4.37 4.80 4.96 4.85 4.52 4.03 3.55 3.19 3.01 3.13 3.51 3.87 4.26 4.49 4.63 4.62 4.42 4.16 3.88 3.54 3.27 3.18 3.31
 16   3.52 3.92 4.35 4.68 4.87 4.85 4.60 4.24 3.82 3.44 3.17 3.02 3.10 3.37 3.70 4.04 4.35 4.52 4.53 4.33 4.03 3.69 3.38 3.10
 17   2.96 3.00 3.31 3.73 4.18 4.57 4.83 4.75 4.40 4.00 3.56 3.14 2.80 2.63 2.73 3.13 3.67 4.16 4.56 4.74 4.62 4.25 3.82 3.37
 18   2.96 2.61 2.46 2.74 3.34 4.00 4.59 4.95 4.94 4.51 3.98 3.42 2.91 2.46 2.20 2.19 2.79 3.52 4.20 4.74 5.01 4.86 4.33 3.77
 19   3.20 2.69 2.28 2.06 2.31 3.19 4.00 4.63 5.03 5.04 4.53 3.87 3.22 2.62 2.17 1.83 1.80 2.80 3.69 4.54 5.01 5.27 4.92 4.26
 20   3.59 2.96 2.40 2.00 1.81 2.39 3.39 4.32 5.01 5.32 5.06 4.37 3.66 2.97 2.38 1.90 1.62 1.95 3.17 4.29 5.15 5.58 5.46 4.80
 21   4.07 3.31 2.66 2.12 1.72 1.63 2.63 3.81 4.81 5.41 5.46 4.87 4.13 3.34 2.64 2.07 1.62 1.44 2.60 3.89 5.09 5.73 5.81 5.30
 22   4.57 3.71 2.92 2.35 1.87 1.55 1.94 3.43 4.64 5.48 5.72 5.34 4.54 3.74 2.98 2.30 1.76 1.39 1.81 3.44 4.78 5.76 6.01 5.76
 23   4.97 4.14 3.31 2.59 1.97 1.51 1.34 2.74 4.09 5.19 5.69 5.65 4.97 4.15 3.30 2.59 1.97 1.47 1.24 2.38 4.00 5.32 6.02 6.07
 24   5.51 4.58 3.70 2.92 2.25 1.59 1.31 1.69 3.25 4.55 5.44 5.67 5.33 4.50 3.65 2.83 2.16 1.57 1.17 1.45 3.23 4.69 5.77 6.06
 25   5.82 5.00 4.10 3.24 2.51 1.96 1.44 1.27 2.49 4.00 5.17 5.67 5.60 4.82 3.96 3.11 2.39 1.76 1.29 1.10 2.54 4.04 5.32 5.94
 26   5.94 5.30 4.40 3.54 2.80 2.14 1.64 1.31 1.85 3.35 4.53 5.32 5.57 5.21 4.36 3.53 2.78 2.14 1.60 1.23 1.62 3.24 4.58 5.50
 27   5.84 5.62 4.83 4.02 3.22 2.57 2.03 1.60 1.47 2.61 3.76 4.73 5.28 5.32 4.70 3.93 3.17 2.52 1.99 1.58 1.40 2.46 3.64 4.73
 28   5.38 5.58 5.17 4.42 3.68 3.02 2.46 2.00 1.68 1.93 3.04 3.92 4.69 5.09 4.97 4.31 3.63 2.95 2.36 1.93 1.62 1.84 3.01 3.96
 29   4.78 5.26 5.30 4.77 4.10 3.45 2.84 2.34 1.97 1.82 2.41 3.29 4.06 4.61 4.87 4.63 4.04 3.44 2.84 2.33 1.96 1.80 2.36 3.19
 30   3.94 4.57 4.96 4.96 4.48 3.89 3.33 2.80 2.36 2.06 1.99 2.53 3.22 3.84 4.29 4.56 4.47 4.00 3.50 3.00 2.55 2.22 2.08 2.44
 31   3.03 3.68 4.28 4.69 4.84 4.57 4.07 3.56 3.03 2.59 2.25 2.08 2.32 2.90 3.48 4.03 4.42 4.58 4.40 3.94 3.45 2.98 2.56 2.27
 ----------------------------------------------------------------------------------------------------------------------------
                                                                                               
 ----------------------------------------------------------------------------------------------------------------------------
 ----------------------------------------------------------------------------------------------------------------------------
                                                          SURVEY OF INDIA
                                                    MARINE GEODESY WING (G&RB)
                                                     HOURLY HEIGHTS IN METRES
  NAME OF PORT:- HALDIA                                                                             MONTH NOVEMBER  YEAR 2010
 ----------------------------------------------------------------------------------------------------------------------------
 DAYS 0000 0001 0002 0003 0004 0005 0006 0007 0008 0009 0010 0011 0012 0013 0014 0015 0016 0017 0018 0019 0020 0021 0022 0023
 ----------------------------------------------------------------------------------------------------------------------------
  1   2.22 2.59 3.21 3.78 4.29 4.63 4.71 4.36 3.80 3.25 2.73 2.30 1.99 1.88 2.19 2.88 3.53 4.15 4.57 4.62 4.27 3.73 3.18 2.66
  2   2.23 1.94 1.97 2.63 3.41 4.18 4.75 4.98 4.70 4.10 3.48 2.83 2.31 1.91 1.62 1.70 2.75 3.70 4.62 5.17 5.26 4.79 4.09 3.39
  3   2.74 2.20 1.78 1.62 2.33 3.37 4.33 5.00 5.24 4.94 4.23 3.51 2.84 2.25 1.78 1.42 1.42 2.63 3.86 5.00 5.60 5.58 4.99 4.20
  4   3.40 2.70 2.08 1.60 1.37 2.10 3.37 4.50 5.20 5.39 4.96 4.14 3.37 2.66 2.04 1.50 1.13 1.20 2.75 4.26 5.50 5.94 5.76 5.00
  5   4.13 3.25 2.49 1.83 1.36 1.14 2.09 3.59 4.80 5.49 5.53 4.93 4.10 3.27 2.53 1.87 1.34 0.98 1.47 3.27 4.86 5.91 6.13 5.74
  6   4.81 3.88 3.01 2.25 1.62 1.19 1.11 2.52 3.98 5.22 5.66 5.50 4.75 3.88 3.00 2.26 1.63 1.13 0.87 2.10 3.89 5.42 6.15 6.15
  7   5.45 4.50 3.57 2.71 1.96 1.40 1.03 1.47 3.19 4.54 5.53 5.69 5.29 4.38 3.49 2.67 1.96 1.37 0.93 1.09 3.15 4.79 5.98 6.36
  8   6.00 4.97 4.01 3.09 2.28 1.60 1.12 0.96 2.36 3.95 5.18 5.72 5.59 4.87 3.94 3.09 2.35 1.72 1.20 0.91 2.10 3.70 5.07 5.82
  9   5.91 5.39 4.53 3.65 2.84 2.18 1.63 1.24 1.39 2.81 4.06 4.98 5.38 5.22 4.46 3.63 2.87 2.23 1.72 1.32 1.42 2.84 4.08 5.16
 10   5.64 5.62 4.97 4.16 3.38 2.69 2.13 1.67 1.40 1.98 3.22 4.23 4.87 5.12 4.79 4.03 3.32 2.65 2.10 1.66 1.40 2.02 3.24 4.21
 11   4.95 5.31 5.14 4.52 3.80 3.12 2.52 2.03 1.67 1.59 2.53 3.45 4.20 4.68 4.75 4.28 3.67 3.03 2.43 1.98 1.67 1.69 2.60 3.47
 12   4.20 4.69 4.93 4.67 4.09 3.52 2.93 2.39 1.98 1.74 1.97 2.84 3.57 4.14 4.48 4.46 3.99 3.45 2.90 2.41 2.04 1.88 2.30 3.03
 13   3.72 4.27 4.64 4.72 4.34 3.82 3.29 2.76 2.32 2.00 1.93 2.48 3.14 3.74 4.15 4.34 4.20 3.80 3.35 2.92 2.56 2.33 2.33 2.72
 14   3.20 3.71 4.16 4.46 4.52 4.23 3.80 3.34 2.89 2.48 2.22 2.23 2.66 3.18 3.64 3.98 4.18 4.16 3.88 3.56 3.23 2.92 2.71 2.62
 15   2.74 3.02 3.40 3.80 4.16 4.36 4.29 3.93 3.50 3.02 2.59 2.27 2.16 2.43 2.90 3.40 3.89 4.26 4.42 4.26 3.91 3.55 3.15 2.79
 16   2.52 2.43 2.71 3.17 3.70 4.18 4.46 4.44 4.07 3.60 3.11 2.67 2.30 2.09 2.23 2.78 3.36 3.95 4.44 4.67 4.57 4.16 3.70 3.21
 17   2.78 2.43 2.22 2.43 3.08 3.75 4.27 4.60 4.56 4.12 3.61 3.05 2.56 2.16 1.90 1.98 2.72 3.48 4.17 4.70 4.94 4.75 4.20 3.63
 18   3.06 2.56 2.18 1.97 2.19 3.08 3.80 4.42 4.76 4.71 4.19 3.55 2.94 2.41 2.00 1.71 1.83 2.87 3.76 4.58 5.12 5.23 4.81 4.19
 19   3.53 2.88 2.34 1.93 1.73 2.24 3.24 4.11 4.72 4.98 4.72 4.01 3.33 2.68 2.13 1.70 1.47 1.99 3.18 4.26 5.05 5.41 5.32 4.77
 20   3.99 3.23 2.58 2.06 1.66 1.58 2.53 3.66 4.56 5.00 5.14 4.60 3.83 3.08 2.44 1.88 1.46 1.29 2.39 3.70 4.90 5.61 5.67 5.20
 21   4.44 3.64 2.85 2.20 1.67 1.33 1.53 2.84 3.92 4.77 5.13 4.99 4.28 3.46 2.71 2.09 1.57 1.21 1.43 2.94 4.34 5.42 5.93 5.64
 22   4.92 4.09 3.26 2.52 1.91 1.46 1.26 2.09 3.36 4.44 5.13 5.27 4.78 3.94 3.15 2.45 1.84 1.35 1.09 1.89 3.45 4.75 5.62 5.79
 23   5.43 4.59 3.74 2.95 2.25 1.72 1.33 1.35 2.58 3.73 4.73 5.22 5.17 4.47 3.65 2.85 2.20 1.61 1.20 1.14 2.55 3.95 5.12 5.69
 24   5.68 5.06 4.24 3.40 2.64 2.03 1.54 1.24 1.69 3.01 4.12 4.94 5.24 4.93 4.15 3.37 2.61 1.97 1.46 1.13 1.54 3.06 4.29 5.29
 25   5.64 5.47 4.72 3.90 3.09 2.40 1.85 1.42 1.27 2.16 3.31 4.34 4.94 5.09 4.60 3.84 3.08 2.40 1.84 1.40 1.19 2.14 3.40 4.55
 26   5.26 5.45 5.10 4.36 3.60 2.90 2.29 1.80 1.45 1.47 2.60 3.63 4.47 4.93 4.91 4.30 3.50 2.86 2.20 1.78 1.42 1.52 2.72 3.72
 27   4.67 5.20 5.36 4.80 4.10 3.35 2.70 2.15 1.72 1.48 1.78 2.84 3.72 4.49 4.86 4.76 4.14 3.47 2.81 2.25 1.83 1.61 1.97 2.98
 28   3.82 4.57 5.01 5.02 4.51 3.89 3.23 2.61 2.12 1.74 1.57 1.98 2.92 3.72 4.37 4.71 4.64 4.10 3.52 2.93 2.41 2.02 1.83 2.11
 29   2.98 3.75 4.42 4.84 4.89 4.44 3.85 3.22 2.67 2.19 1.82 1.63 1.97 2.82 3.54 4.13 4.52 4.60 4.24 3.71 3.17 2.67 2.26 2.00
 30   2.08 2.72 3.41 4.07 4.57 4.78 4.56 4.01 3.41 2.83 2.31 1.89 1.62 1.76 2.56 3.32 4.02 4.54 4.74 4.51 4.00 3.45 2.88 2.42
 ----------------------------------------------------------------------------------------------------------------------------
                                                                                               
 ----------------------------------------------------------------------------------------------------------------------------
 ----------------------------------------------------------------------------------------------------------------------------
                                                          SURVEY OF INDIA
                                                    MARINE GEODESY WING (G&RB)
                                                     HOURLY HEIGHTS IN METRES
  NAME OF PORT:- HALDIA                                                                             MONTH DECEMBER  YEAR 2010
 ----------------------------------------------------------------------------------------------------------------------------
 DAYS 0000 0001 0002 0003 0004 0005 0006 0007 0008 0009 0010 0011 0012 0013 0014 0015 0016 0017 0018 0019 0020 0021 0022 0023
 ----------------------------------------------------------------------------------------------------------------------------
  1   2.09 1.96 2.37 3.10 3.79 4.34 4.64 4.54 4.02 3.42 2.85 2.33 1.91 1.64 1.60 2.23 3.14 3.98 4.62 4.97 4.87 4.32 3.70 3.08
  2   2.53 2.07 1.76 1.76 2.64 3.45 4.16 4.61 4.70 4.27 3.63 3.00 2.42 1.93 1.56 1.38 1.90 3.06 4.06 4.88 5.29 5.16 4.54 3.84
  3   3.13 2.50 2.01 1.65 1.58 2.48 3.41 4.27 4.74 4.84 4.38 3.69 2.96 2.37 1.86 1.47 1.27 1.92 3.16 4.35 5.23 5.53 5.24 4.54
  4   3.77 3.01 2.33 1.82 1.43 1.37 2.39 3.49 4.42 4.90 4.94 4.36 3.64 2.93 2.29 1.74 1.33 1.15 2.11 3.49 4.81 5.56 5.65 5.17
  5   4.34 3.50 2.75 2.10 1.59 1.26 1.37 2.64 3.82 4.64 5.03 4.92 4.17 3.44 2.69 2.06 1.55 1.17 1.08 2.47 3.95 5.17 5.73 5.64
  6   5.00 4.15 3.29 2.55 1.92 1.46 1.20 1.77 3.12 4.22 4.90 5.13 4.63 3.89 3.10 2.40 1.82 1.31 1.00 1.29 2.84 4.19 5.26 5.65
  7   5.41 4.64 3.80 3.01 2.32 1.75 1.35 1.18 2.09 3.39 4.45 5.04 5.13 4.53 3.70 2.93 2.26 1.72 1.30 1.10 2.26 3.63 4.78 5.47
  8   5.57 5.06 4.23 3.42 2.72 2.11 1.64 1.34 1.60 2.91 4.03 4.80 5.11 4.85 4.08 3.31 2.59 1.96 1.52 1.23 1.60 2.95 4.18 5.11
  9   5.61 5.46 4.77 4.00 3.21 2.57 2.03 1.61 1.43 2.10 3.17 4.29 4.90 5.08 4.63 3.86 3.14 2.50 2.01 1.63 1.48 2.49 3.53 4.53
 10   5.20 5.41 5.07 4.34 3.60 2.92 2.35 1.92 1.63 1.80 2.90 3.82 4.57 4.97 4.92 4.26 3.58 2.93 2.38 1.97 1.73 2.12 3.16 4.02
 11   4.79 5.25 5.25 4.72 4.01 3.37 2.77 2.27 1.91 1.76 2.43 3.33 4.13 4.69 4.92 4.65 4.00 3.37 2.80 2.32 2.02 2.03 2.80 3.54
 12   4.30 4.87 5.13 4.96 4.36 3.74 3.13 2.60 2.20 1.94 2.05 2.94 3.73 4.35 4.76 4.83 4.40 3.78 3.23 2.73 2.36 2.17 2.51 3.18
 13   3.80 4.40 4.80 4.90 4.56 4.00 3.43 2.87 2.40 2.06 1.87 2.25 3.00 3.66 4.20 4.51 4.53 4.13 3.61 3.12 2.68 2.42 2.35 2.68
 14   3.15 3.69 4.17 4.52 4.63 4.34 3.85 3.32 2.81 2.37 2.07 2.04 2.57 3.17 3.75 4.19 4.42 4.34 4.00 3.60 3.20 2.83 2.57 2.50
 15   2.68 3.03 3.47 3.88 4.21 4.29 4.06 3.67 3.19 2.72 2.32 2.04 2.00 2.40 2.91 3.44 3.90 4.21 4.28 4.08 3.72 3.33 2.94 2.59
 16   2.37 2.33 2.63 3.05 3.57 3.94 4.14 4.09 3.73 3.23 2.76 2.33 2.03 1.94 2.26 2.77 3.35 3.87 4.28 4.44 4.32 3.93 3.47 3.00
 17   2.56 2.24 2.10 2.34 2.88 3.43 3.89 4.23 4.27 3.91 3.40 2.86 2.37 2.00 1.77 1.91 2.62 3.32 4.00 4.54 4.80 4.67 4.16 3.60
 18   3.03 2.52 2.15 1.92 2.07 2.82 3.47 4.07 4.41 4.42 3.98 3.38 2.80 2.30 1.89 1.63 1.70 2.60 3.42 4.21 4.82 5.05 4.80 4.16
 19   3.52 2.90 2.38 1.96 1.70 1.92 2.84 3.61 4.24 4.61 4.56 3.99 3.34 2.72 2.18 1.75 1.48 1.60 2.71 3.68 4.60 5.16 5.24 4.77
 20   4.06 3.34 2.70 2.18 1.74 1.53 1.88 2.94 3.81 4.43 4.75 4.55 3.85 3.17 2.52 2.00 1.57 1.28 1.58 2.88 4.04 5.00 5.44 5.33
 21   4.69 3.89 3.13 2.48 1.90 1.50 1.33 2.05 3.21 4.20 4.85 5.01 4.48 3.71 2.96 2.30 1.73 1.30 1.12 2.02 3.49 4.77 5.53 5.68
 22   5.26 4.42 3.57 2.83 2.19 1.65 1.31 1.40 2.68 3.84 4.75 5.16 5.03 4.33 3.54 2.77 2.11 1.53 1.13 1.09 2.56 4.01 5.20 5.78
 23   5.70 5.02 4.15 3.35 2.59 1.95 1.46 1.17 1.57 2.93 4.20 5.02 5.28 4.95 4.15 3.35 2.59 1.93 1.40 1.07 1.53 3.13 4.48 5.45
 24   5.76 5.53 4.72 3.91 3.08 2.36 1.76 1.31 1.12 1.97 3.43 4.60 5.24 5.31 4.78 3.92 3.13 2.41 1.80 1.34 1.14 2.27 3.67 4.86
 25   5.57 5.69 5.23 4.41 3.59 2.81 2.17 1.62 1.26 1.21 2.42 3.73 4.72 5.20 5.13 4.50 3.70 2.95 2.28 1.76 1.37 1.33 2.60 3.79
 26   4.83 5.37 5.38 4.80 4.05 3.30 2.60 2.02 1.55 1.27 1.52 2.77 3.85 4.67 5.06 4.91 4.23 3.49 2.79 2.20 1.75 1.47 1.74 2.99
 27   3.93 4.74 5.13 5.07 4.45 3.74 3.04 2.41 1.91 1.52 1.31 1.84 2.98 3.88 4.59 4.90 4.71 4.08 3.41 2.75 2.22 1.84 1.66 2.15
 28   3.12 3.93 4.56 4.90 4.82 4.24 3.59 2.92 2.35 1.89 1.55 1.44 2.20 3.09 3.87 4.45 4.74 4.59 4.01 3.40 2.80 2.33 1.98 1.82
 29   2.23 3.06 3.73 4.28 4.63 4.60 4.10 3.50 2.90 2.35 1.90 1.60 1.63 2.33 3.08 3.79 4.33 4.67 4.62 4.13 3.56 3.01 2.52 2.14
 30   1.96 2.15 2.84 3.49 4.05 4.41 4.47 4.10 3.56 2.99 2.44 2.00 1.71 1.63 2.14 2.90 3.62 4.22 4.63 4.72 4.37 3.83 3.27 2.74
 31   2.30 2.00 1.91 2.40 3.09 3.72 4.16 4.41 4.23 3.74 3.19 2.64 2.16 1.80 1.57 1.77 2.62 3.40 4.17 4.69 4.91 4.67 4.11 3.50
 ----------------------------------------------------------------------------------------------------------------------------
                                                                                               
 ----------------------------------------------------------------------------------------------------------------------------
 ----------------------------------------------------------------------------------------------------------------------------
