                                                          SURVEY OF INDIA
                                                    MARINE GEODESY WING (G&RB)
                                                     HOURLY HEIGHTS IN METRES
  NAME OF PORT:- HALDIA                                                                             MONTH JANUARY   YEAR 2011
 ----------------------------------------------------------------------------------------------------------------------------
 DAYS 0000 0001 0002 0003 0004 0005 0006 0007 0008 0009 0010 0011 0012 0013 0014 0015 0016 0017 0018 0019 0020 0021 0022 0023
 ----------------------------------------------------------------------------------------------------------------------------
  1   3.04 2.54 2.15 1.92 2.07 2.88 3.57 4.15 4.44 4.40 3.93 3.35 2.80 2.27 1.87 1.59 1.58 2.50 3.41 4.30 4.89 5.13 4.87 4.19
  2   3.57 2.91 2.33 1.87 1.58 1.68 2.55 3.40 4.04 4.37 4.40 3.91 3.30 2.70 2.17 1.73 1.41 1.35 2.41 3.43 4.49 5.13 5.27 4.87
  3   4.17 3.45 2.75 2.18 1.74 1.47 1.63 2.70 3.60 4.30 4.60 4.57 3.95 3.26 2.60 2.04 1.57 1.26 1.26 2.51 3.75 4.80 5.30 5.29
  4   4.74 3.95 3.15 2.49 1.90 1.45 1.22 1.67 2.93 3.86 4.56 4.81 4.54 3.77 3.05 2.42 1.84 1.40 1.13 1.53 3.03 4.28 5.21 5.52
  5   5.24 4.50 3.70 2.93 2.22 1.65 1.25 1.10 2.04 3.28 4.27 4.80 4.86 4.30 3.55 2.83 2.20 1.65 1.29 1.15 2.45 3.74 4.90 5.50
  6   5.50 4.85 4.04 3.25 2.53 1.90 1.44 1.15 1.57 2.80 3.90 4.67 4.98 4.75 3.99 3.22 2.55 1.95 1.49 1.20 1.64 3.07 4.24 5.03
  7   5.35 5.12 4.40 3.64 2.90 2.25 1.74 1.34 1.22 2.15 3.30 4.25 4.80 4.93 4.37 3.60 2.89 2.27 1.75 1.38 1.24 2.34 3.53 4.57
  8   5.20 5.31 4.82 4.09 3.33 2.64 2.04 1.58 1.30 1.54 2.82 3.85 4.62 4.95 4.74 4.00 3.28 2.60 2.07 1.64 1.38 1.90 3.12 4.14
  9   4.90 5.24 5.03 4.28 3.57 2.90 2.31 1.83 1.49 1.40 2.40 3.40 4.28 4.80 4.88 4.37 3.65 2.95 2.37 1.90 1.59 1.69 2.80 3.74
 10   4.54 5.03 5.09 4.60 3.86 3.17 2.55 2.03 1.64 1.44 1.86 2.97 3.87 4.54 4.84 4.65 4.00 3.35 2.74 2.25 1.88 1.74 2.33 3.20
 11   3.95 4.57 4.84 4.70 4.11 3.50 2.90 2.34 1.90 1.63 1.73 2.55 3.40 4.10 4.53 4.65 4.28 3.68 3.10 2.54 2.12 1.87 1.97 2.70
 12   3.45 4.05 4.50 4.64 4.28 3.72 3.13 2.54 2.08 1.76 1.63 2.15 3.00 3.68 4.21 4.49 4.44 3.98 3.47 2.96 2.50 2.16 2.04 2.31
 13   2.92 3.50 3.98 4.30 4.34 4.00 3.52 2.96 2.45 2.04 1.75 1.80 2.50 3.12 3.71 4.10 4.28 4.17 3.80 3.37 2.97 2.63 2.37 2.32
 14   2.50 2.88 3.33 3.73 4.01 4.09 3.84 3.42 2.95 2.47 2.10 1.87 2.00 2.50 3.03 3.54 3.95 4.22 4.25 4.00 3.65 3.30 2.92 2.61
 15   2.38 2.33 2.57 3.02 3.50 3.85 4.05 3.97 3.61 3.17 2.73 2.32 2.05 1.97 2.26 2.75 3.28 3.83 4.24 4.45 4.43 4.12 3.67 3.20
 16   2.75 2.37 2.14 2.16 2.69 3.25 3.76 4.13 4.22 3.94 3.49 2.98 2.48 2.07 1.78 1.74 2.30 3.05 3.77 4.31 4.70 4.74 4.32 3.77
 17   3.17 2.64 2.17 1.83 1.71 2.20 2.94 3.60 4.03 4.22 4.04 3.51 2.95 2.43 1.97 1.64 1.48 2.00 2.98 3.93 4.70 5.16 5.03 4.50
 18   3.80 3.14 2.51 2.04 1.67 1.57 2.26 3.21 4.00 4.54 4.72 4.34 3.64 2.98 2.39 1.85 1.48 1.28 1.93 3.20 4.40 5.20 5.42 5.15
 19   4.45 3.70 2.96 2.30 1.77 1.40 1.32 2.30 3.50 4.45 4.95 4.96 4.40 3.60 2.89 2.24 1.65 1.20 1.02 2.04 3.60 4.90 5.61 5.64
 20   5.16 4.30 3.41 2.62 1.94 1.38 1.02 1.08 2.50 3.88 4.88 5.25 5.05 4.25 3.40 2.60 1.88 1.28 0.88 0.80 2.60 4.30 5.50 5.85
 21   5.62 4.83 3.88 3.02 2.20 1.55 1.04 0.71 1.30 3.03 4.50 5.38 5.52 4.95 4.05 3.17 2.34 1.60 1.08 0.73 1.20 3.20 4.70 5.73
 22   5.89 5.46 4.54 3.62 2.76 1.96 1.35 0.88 0.64 1.75 3.55 4.90 5.51 5.45 4.73 3.81 2.92 2.14 1.48 0.99 0.70 1.75 3.64 5.01
 23   5.75 5.74 5.11 4.18 3.27 2.48 1.75 1.19 0.77 0.72 2.31 3.91 5.06 5.47 5.26 4.41 3.53 2.71 1.97 1.41 1.00 0.91 2.51 3.97
 24   5.08 5.50 5.36 4.53 3.76 2.95 2.23 1.61 1.15 0.84 1.36 3.00 4.35 5.15 5.36 4.94 4.08 3.26 2.51 1.88 1.42 1.14 1.55 3.05
 25   4.15 4.93 5.23 4.96 4.18 3.41 2.71 2.06 1.56 1.19 1.03 2.11 3.35 4.44 4.95 5.05 4.53 3.77 3.05 2.41 1.88 1.53 1.36 2.34
 26   3.31 4.18 4.70 4.85 4.44 3.77 3.08 2.45 1.94 1.52 1.26 1.51 2.63 3.56 4.30 4.71 4.75 4.21 3.57 2.94 2.36 1.96 1.78 1.76
 27   2.61 3.36 4.01 4.38 4.46 4.09 3.53 2.94 2.39 1.94 1.59 1.46 1.96 2.78 3.46 4.05 4.43 4.49 4.13 3.59 3.06 2.58 2.19 1.96
 28   2.02 2.60 3.16 3.70 4.06 4.22 4.00 3.55 3.05 2.54 2.11 1.81 1.68 2.02 2.65 3.25 3.83 4.21 4.38 4.25 3.85 3.36 2.91 2.51
 29   2.19 2.05 2.26 2.74 3.23 3.67 3.92 3.99 3.75 3.31 2.86 2.45 2.08 1.85 1.86 2.39 2.97 3.61 4.15 4.45 4.49 4.15 3.65 3.15
 30   2.68 2.26 1.97 1.87 2.21 2.81 3.41 3.87 4.14 4.06 3.64 3.13 2.61 2.18 1.81 1.56 1.77 2.58 3.37 4.11 4.61 4.77 4.48 3.87
 31   3.27 2.69 2.20 1.81 1.59 1.80 2.68 3.41 3.96 4.26 4.26 3.79 3.21 2.65 2.13 1.69 1.40 1.45 2.51 3.51 4.37 4.90 4.98 4.58
 ----------------------------------------------------------------------------------------------------------------------------
                                                                                               
 ----------------------------------------------------------------------------------------------------------------------------
 ----------------------------------------------------------------------------------------------------------------------------
                                                          SURVEY OF INDIA
                                                    MARINE GEODESY WING (G&RB)
                                                     HOURLY HEIGHTS IN METRES
  NAME OF PORT:- HALDIA                                                                             MONTH FEBRUARY  YEAR 2011
 ----------------------------------------------------------------------------------------------------------------------------
 DAYS 0000 0001 0002 0003 0004 0005 0006 0007 0008 0009 0010 0011 0012 0013 0014 0015 0016 0017 0018 0019 0020 0021 0022 0023
 ----------------------------------------------------------------------------------------------------------------------------
  1   3.89 3.21 2.57 2.03 1.60 1.35 1.55 2.65 3.55 4.21 4.51 4.40 3.79 3.13 2.51 1.95 1.52 1.23 1.40 2.74 3.96 4.83 5.21 5.11
  2   4.45 3.68 2.93 2.29 1.74 1.33 1.17 1.94 3.11 4.03 4.60 4.73 4.29 3.54 2.85 2.25 1.69 1.26 1.04 1.88 3.29 4.56 5.26 5.36
  3   4.91 4.07 3.28 2.56 1.91 1.43 1.11 1.26 2.56 3.65 4.46 4.84 4.73 3.99 3.24 2.55 1.95 1.43 1.09 1.13 2.57 3.97 4.94 5.39
  4   5.27 4.55 3.71 2.91 2.22 1.63 1.20 0.95 1.71 3.11 4.21 4.87 5.01 4.53 3.71 2.94 2.28 1.68 1.23 0.99 1.85 3.39 4.59 5.31
  5   5.42 4.92 4.04 3.24 2.51 1.85 1.36 1.01 1.24 2.91 3.95 4.80 5.15 4.91 4.09 3.30 2.57 1.93 1.43 1.08 1.26 2.92 4.14 5.05
  6   5.39 5.16 4.35 3.53 2.78 2.11 1.57 1.15 0.99 2.16 3.49 4.51 5.05 5.09 4.45 3.64 2.90 2.24 1.68 1.26 1.09 2.21 3.55 4.61
  7   5.21 5.25 4.69 3.86 3.09 2.41 1.83 1.37 1.09 1.61 2.94 4.01 4.75 5.06 4.77 4.01 3.26 2.60 2.03 1.57 1.29 1.67 2.60 4.00
  8   4.72 5.03 4.85 4.13 3.40 2.71 2.13 1.63 1.28 1.19 2.41 3.55 4.43 4.88 4.88 4.24 3.55 2.84 2.24 1.78 1.45 1.41 2.53 3.52
  9   4.32 4.76 4.81 4.28 3.56 2.89 2.31 1.81 1.43 1.23 1.91 3.02 3.90 4.50 4.72 4.44 3.77 3.09 2.49 1.99 1.63 1.43 2.03 3.02
 10   3.81 4.38 4.63 4.40 3.73 3.11 2.51 2.00 1.58 1.31 1.40 2.41 3.23 3.93 4.36 4.44 4.02 3.41 2.84 2.33 1.92 1.69 1.81 2.61
 11   3.24 3.83 4.20 4.29 3.92 3.40 2.85 2.31 1.87 1.54 1.39 1.91 2.75 3.42 3.95 4.22 4.14 3.69 3.18 2.72 2.30 2.01 1.93 2.28
 12   2.81 3.30 3.73 3.96 3.94 3.62 3.18 2.71 2.27 1.89 1.66 1.72 2.27 2.85 3.39 3.80 4.01 3.94 3.63 3.24 2.85 2.52 2.29 2.23
 13   2.41 2.71 3.06 3.41 3.65 3.72 3.53 3.22 2.84 2.49 2.18 1.95 1.89 2.19 2.62 3.11 3.57 3.90 4.05 3.99 3.72 3.38 3.02 2.70
 14   2.41 2.21 2.18 2.51 2.92 3.33 3.66 3.82 3.71 3.36 2.94 2.52 2.14 1.84 1.73 2.05 2.62 3.26 3.82 4.24 4.43 4.26 3.85 3.38
 15   2.89 2.42 2.04 1.80 1.87 2.52 3.18 3.74 4.11 4.18 3.83 3.29 2.77 2.30 1.88 1.58 1.55 2.40 3.29 4.06 4.64 4.90 4.76 4.21
 16   3.59 2.96 2.36 1.88 1.55 1.49 2.39 3.38 4.14 4.60 4.67 4.20 3.49 2.87 2.28 1.76 1.37 1.24 2.33 3.59 4.65 5.25 5.35 4.95
 17   4.21 3.41 2.64 1.98 1.41 1.05 1.09 2.36 3.68 4.63 5.06 4.97 4.23 3.41 2.63 1.92 1.33 0.93 0.82 2.43 4.08 5.31 5.74 5.59
 18   4.84 3.91 3.00 2.20 1.53 1.01 0.69 1.24 2.94 4.41 5.31 5.46 4.98 4.05 3.17 2.33 1.59 1.04 0.65 1.09 3.19 4.78 5.84 6.00
 19   5.59 4.56 3.60 2.70 1.88 1.19 0.72 0.41 1.67 3.64 5.19 5.86 5.70 4.93 3.92 2.97 2.10 1.41 0.86 0.49 1.54 3.63 5.19 6.05
 20   5.94 5.22 4.21 3.21 2.32 1.53 0.93 0.49 0.28 2.31 4.13 5.47 5.87 5.55 4.61 3.59 2.66 1.83 1.14 0.68 0.43 2.11 4.00 5.40
 21   5.93 5.71 4.82 3.83 2.90 2.04 1.35 0.82 0.43 0.70 2.98 4.55 5.54 5.69 5.18 4.18 3.22 2.35 1.59 1.00 0.61 0.82 2.69 4.12
 22   5.22 5.53 5.22 4.30 3.41 2.59 1.85 1.25 0.80 0.53 1.65 3.37 4.62 5.35 5.33 4.67 3.77 2.91 2.15 1.54 1.09 0.84 1.83 3.28
 23   4.36 5.00 5.10 4.55 3.74 2.93 2.27 1.66 1.20 0.88 1.20 2.57 3.70 4.60 4.96 4.88 4.20 3.40 2.66 2.06 1.57 1.24 1.28 2.50
 24   3.44 4.22 4.64 4.63 4.04 3.36 2.67 2.07 1.60 1.24 1.06 1.85 2.92 3.83 4.39 4.64 4.47 3.83 3.15 2.54 2.02 1.63 1.46 1.95
 25   2.90 3.58 4.11 4.33 4.20 3.67 3.10 2.51 2.03 1.67 1.44 1.67 2.46 3.17 3.78 4.17 4.36 4.19 3.68 3.17 2.68 2.25 1.93 1.87
 26   2.30 2.88 3.37 3.74 3.92 3.82 3.47 3.03 2.59 2.19 1.89 1.73 1.99 2.51 2.99 3.48 3.85 4.09 4.08 3.80 3.40 2.97 2.58 2.30
 27   2.14 2.23 2.56 2.92 3.27 3.54 3.64 3.56 3.28 2.92 2.54 2.20 1.96 1.89 2.05 2.43 2.96 3.53 3.97 4.23 4.21 3.84 3.38 2.90
 28   2.47 2.08 1.83 1.86 2.32 2.87 3.38 3.77 3.91 3.78 3.40 2.95 2.46 2.03 1.70 1.55 1.90 2.63 3.43 4.11 4.52 4.59 4.20 3.63
 ----------------------------------------------------------------------------------------------------------------------------
                                                                                               
 ----------------------------------------------------------------------------------------------------------------------------
 ----------------------------------------------------------------------------------------------------------------------------
                                                          SURVEY OF INDIA
                                                    MARINE GEODESY WING (G&RB)
                                                     HOURLY HEIGHTS IN METRES
  NAME OF PORT:- HALDIA                                                                             MONTH MARCH     YEAR 2011
 ----------------------------------------------------------------------------------------------------------------------------
 DAYS 0000 0001 0002 0003 0004 0005 0006 0007 0008 0009 0010 0011 0012 0013 0014 0015 0016 0017 0018 0019 0020 0021 0022 0023
 ----------------------------------------------------------------------------------------------------------------------------
  1   3.05 2.48 2.00 1.67 1.48 1.88 2.66 3.36 3.88 4.18 4.10 3.65 3.00 2.45 1.98 1.56 1.34 1.65 2.69 3.63 4.38 4.80 4.82 4.35
  2   3.63 2.95 2.34 1.85 1.46 1.30 1.86 2.86 3.68 4.25 4.48 4.24 3.63 2.95 2.34 1.83 1.44 1.20 1.76 3.00 4.04 4.75 5.04 4.86
  3   4.10 3.35 2.64 2.05 1.53 1.20 1.20 2.40 3.43 4.30 4.75 4.75 4.17 3.42 2.71 2.10 1.55 1.17 1.08 2.30 3.60 4.60 5.17 5.20
  4   4.60 3.80 3.00 2.30 1.68 1.23 1.01 1.62 3.07 4.14 4.83 5.03 4.66 3.84 3.09 2.38 1.76 1.25 0.97 1.50 3.15 4.36 5.19 5.36
  5   5.00 4.16 3.30 2.54 1.85 1.33 0.95 1.07 2.58 3.85 4.82 5.20 5.08 4.32 3.50 2.69 2.03 1.43 1.04 0.99 2.45 3.81 4.87 5.35
  6   5.28 4.56 3.70 2.88 2.14 1.48 1.03 0.76 1.70 3.24 4.40 5.07 5.18 4.67 3.80 2.98 2.25 1.64 1.16 0.89 1.67 3.25 4.42 5.17
  7   5.33 4.87 3.95 3.15 2.37 1.71 1.20 0.84 1.16 2.76 3.97 4.90 5.24 5.04 4.22 3.38 2.57 1.92 1.38 1.03 1.15 2.65 3.90 4.85
  8   5.25 5.12 4.34 3.50 2.72 2.03 1.45 1.03 0.85 2.10 3.50 4.56 5.14 5.17 4.55 3.72 2.95 2.25 1.67 1.24 1.04 2.00 3.35 4.35
  9   5.00 5.09 4.57 3.73 2.95 2.28 1.70 1.23 0.95 1.60 3.04 4.15 4.92 5.15 4.85 4.07 3.33 2.60 2.03 1.56 1.27 1.60 2.95 3.90
 10   4.62 4.94 4.72 3.98 3.24 2.54 1.99 1.48 1.15 1.15 2.47 3.60 4.48 4.92 4.90 4.30 3.60 2.87 2.27 1.80 1.47 1.40 2.40 3.34
 11   4.10 4.55 4.65 4.15 3.45 2.78 2.22 1.74 1.35 1.18 2.02 3.07 3.96 4.54 4.76 4.53 3.85 3.22 2.62 2.12 1.71 1.48 1.91 2.85
 12   3.55 4.06 4.35 4.22 3.67 3.03 2.48 2.00 1.63 1.41 1.74 2.69 3.44 4.10 4.48 4.55 4.15 3.57 3.04 2.54 2.15 1.94 2.00 2.59
 13   3.21 3.74 4.09 4.20 3.90 3.42 2.90 2.40 1.98 1.67 1.60 2.14 2.79 3.40 3.90 4.21 4.27 3.98 3.57 3.15 2.74 2.40 2.18 2.24
 14   2.64 3.04 3.43 3.73 3.84 3.72 3.43 3.04 2.64 2.27 2.02 1.95 2.22 2.67 3.14 3.60 3.94 4.14 4.10 3.82 3.45 3.07 2.73 2.45
 15   2.23 2.15 2.37 2.76 3.22 3.60 3.82 3.84 3.56 3.16 2.75 2.35 2.05 1.84 1.98 2.52 3.10 3.70 4.15 4.43 4.36 4.00 3.53 3.00
 16   2.50 2.12 1.74 1.65 1.99 2.81 3.54 4.05 4.30 4.15 3.65 3.10 2.52 2.05 1.70 1.51 1.90 2.85 3.74 4.40 4.84 4.85 4.40 3.75
 17   3.10 2.47 1.95 1.55 1.37 1.63 2.89 3.90 4.65 4.94 4.80 4.06 3.40 2.73 2.13 1.63 1.30 1.52 2.94 4.16 5.14 5.52 5.44 4.80
 18   3.95 3.15 2.42 1.78 1.26 1.05 2.00 3.60 4.85 5.58 5.60 5.05 4.20 3.38 2.57 1.83 1.27 0.95 1.90 3.73 5.15 5.95 6.05 5.60
 19   4.70 3.75 2.82 1.99 1.32 0.81 0.57 2.45 4.40 5.73 6.22 5.92 5.00 3.97 2.97 2.10 1.35 0.78 0.46 2.44 4.37 5.76 6.31 6.16
 20   5.28 4.25 3.22 2.27 1.45 0.84 0.40 0.54 3.45 5.23 6.34 6.47 5.75 4.72 3.70 2.72 1.83 1.13 0.64 0.61 3.25 5.10 6.24 6.55
 21   6.03 4.95 3.90 2.85 1.95 1.16 0.63 0.23 2.00 4.20 5.76 6.47 6.30 5.38 4.34 3.28 2.32 1.50 0.86 0.48 1.50 3.80 5.40 6.17
 22   6.16 5.44 4.42 3.45 2.46 1.64 0.96 0.50 0.23 2.67 4.51 5.81 6.23 5.91 4.96 3.91 3.00 2.11 1.39 0.85 0.58 1.91 3.81 5.30
 23   5.81 5.69 4.95 4.01 3.06 2.26 1.55 0.96 0.70 1.11 3.21 4.67 5.68 5.85 5.38 4.41 3.55 2.71 1.91 1.36 0.95 1.10 2.71 4.14
 24   5.16 5.47 5.15 4.31 3.46 2.71 2.05 1.44 1.03 0.85 2.35 3.78 4.86 5.44 5.44 4.81 4.04 3.26 2.52 1.90 1.39 1.15 1.73 2.95
 25   3.97 4.58 4.83 4.57 3.86 3.16 2.49 1.91 1.48 1.16 1.55 2.98 3.96 4.69 5.04 4.86 4.21 3.55 2.87 2.29 1.86 1.57 1.64 2.57
 26   3.36 4.06 4.37 4.42 4.01 3.42 2.86 2.31 1.86 1.53 1.60 2.31 3.11 3.75 4.29 4.56 4.53 4.09 3.56 3.06 2.61 2.21 1.85 1.89
 27   2.56 3.31 3.87 4.06 4.05 3.71 3.33 2.89 2.46 2.14 1.95 1.97 2.46 2.96 3.53 3.99 4.26 4.29 4.01 3.65 3.26 2.89 2.57 2.36
 28   2.24 2.41 2.76 3.15 3.46 3.67 3.72 3.62 3.34 3.01 2.71 2.42 2.33 2.44 2.66 3.06 3.54 3.95 4.23 4.31 4.08 3.72 3.26 2.83
 29   2.49 2.24 2.07 2.24 2.72 3.33 3.71 3.97 4.08 3.87 3.51 3.11 2.67 2.28 2.01 1.96 2.51 3.21 3.88 4.34 4.55 4.44 4.00 3.51
 30   3.00 2.49 2.10 1.87 1.96 2.61 3.31 3.98 4.36 4.47 4.23 3.70 3.16 2.66 2.19 1.84 1.76 2.47 3.48 4.33 4.75 4.87 4.59 3.94
 31   3.31 2.71 2.17 1.76 1.50 1.91 2.94 3.81 4.44 4.76 4.75 4.21 3.55 2.91 2.31 1.84 1.48 1.57 2.71 3.74 4.58 4.98 5.00 4.46
 ----------------------------------------------------------------------------------------------------------------------------
                                                                                               
 ----------------------------------------------------------------------------------------------------------------------------
 ----------------------------------------------------------------------------------------------------------------------------
                                                          SURVEY OF INDIA
                                                    MARINE GEODESY WING (G&RB)
                                                     HOURLY HEIGHTS IN METRES
  NAME OF PORT:- HALDIA                                                                             MONTH APRIL     YEAR 2011
 ----------------------------------------------------------------------------------------------------------------------------
 DAYS 0000 0001 0002 0003 0004 0005 0006 0007 0008 0009 0010 0011 0012 0013 0014 0015 0016 0017 0018 0019 0020 0021 0022 0023
 ----------------------------------------------------------------------------------------------------------------------------
  1   3.75 3.07 2.43 1.85 1.41 1.21 1.96 3.21 4.16 4.76 5.02 4.72 3.96 3.27 2.61 2.01 1.56 1.33 1.84 3.20 4.26 4.95 5.16 4.94
  2   4.21 3.51 2.79 2.14 1.59 1.26 1.41 2.81 4.01 4.87 5.23 5.12 4.41 3.66 2.91 2.26 1.68 1.29 1.27 2.63 3.91 4.85 5.27 5.26
  3   4.64 3.81 3.03 2.31 1.66 1.19 0.99 2.11 3.65 4.72 5.31 5.35 4.81 4.01 3.18 2.47 1.83 1.34 1.08 1.81 3.41 4.52 5.24 5.37
  4   4.98 4.17 3.31 2.55 1.83 1.29 0.93 1.21 2.93 4.31 5.23 5.47 5.26 4.46 3.65 2.82 2.11 1.53 1.13 1.11 2.55 3.76 4.56 4.94
  5   4.87 4.14 3.31 2.55 1.99 1.47 1.07 0.91 2.16 3.56 4.71 5.32 5.33 4.72 3.89 3.06 2.31 1.68 1.17 0.88 1.63 3.18 4.27 4.94
  6   5.06 4.69 3.91 3.09 2.35 1.71 1.21 0.82 1.11 2.91 4.26 5.16 5.43 5.11 4.29 3.48 2.68 2.01 1.49 1.12 1.16 2.56 3.71 4.66
  7   5.07 4.96 4.24 3.46 2.71 2.07 1.55 1.11 0.96 2.26 3.61 4.65 5.16 5.23 4.68 3.88 3.14 2.45 1.86 1.44 1.23 1.91 3.16 4.13
  8   4.75 4.96 4.56 3.84 3.10 2.46 1.91 1.42 1.15 1.71 3.11 4.12 4.86 5.12 4.91 4.19 3.47 2.81 2.23 1.76 1.46 1.55 2.64 3.58
  9   4.33 4.71 4.67 4.11 3.41 2.75 2.19 1.71 1.36 1.31 2.45 3.48 4.33 4.79 4.92 4.51 3.81 3.15 2.55 2.05 1.68 1.49 2.01 3.01
 10   3.77 4.31 4.52 4.26 3.66 3.05 2.46 1.95 1.58 1.37 1.84 2.81 3.59 4.21 4.58 4.59 4.14 3.56 2.99 2.46 2.04 1.77 1.82 2.47
 11   3.19 3.81 4.17 4.31 4.02 3.53 2.98 2.46 2.02 1.74 1.67 2.25 3.01 3.66 4.16 4.45 4.41 3.99 3.51 3.04 2.55 2.16 1.91 1.96
 12   2.41 3.06 3.59 3.97 4.15 3.97 3.58 3.12 2.65 2.25 1.95 1.86 2.28 2.87 3.53 4.04 4.36 4.46 4.22 3.76 3.26 2.81 2.41 2.09
 13   1.90 2.07 2.64 3.22 3.76 4.08 4.21 4.01 3.62 3.19 2.75 2.34 2.01 1.87 2.26 2.96 3.66 4.17 4.52 4.55 4.16 3.64 3.06 2.56
 14   2.11 1.76 1.62 1.91 2.71 3.35 3.93 4.31 4.47 4.26 3.71 3.04 2.45 2.01 1.67 1.54 2.33 3.37 4.26 4.77 4.95 4.64 3.99 3.35
 15   2.68 2.13 1.64 1.33 1.36 2.51 3.57 4.51 5.00 5.07 4.53 3.81 3.11 2.45 1.86 1.45 1.26 2.24 3.51 4.61 5.20 5.30 4.89 4.12
 16   3.32 2.59 1.93 1.37 1.00 1.03 2.56 4.01 5.13 5.51 5.39 4.63 3.81 3.07 2.29 1.68 1.21 1.05 2.35 3.81 5.11 5.55 5.57 4.92
 17   4.05 3.21 2.42 1.76 1.16 0.73 0.96 3.01 4.69 5.77 5.97 5.58 4.62 3.71 2.81 2.04 1.37 0.90 0.89 2.81 4.44 5.56 5.87 5.61
 18   4.74 3.81 2.88 2.11 1.34 0.81 0.45 1.69 3.94 5.61 6.35 6.31 5.47 4.41 3.45 2.51 1.68 1.05 0.65 1.16 3.31 4.94 5.96 6.01
 19   5.45 4.41 3.31 2.37 1.58 0.99 0.53 0.26 2.66 4.51 5.87 6.36 5.96 5.01 3.96 3.01 2.11 1.34 0.83 0.53 1.96 3.91 5.32 5.90
 20   5.76 5.05 4.06 3.11 2.23 1.46 0.87 0.48 0.91 3.26 4.81 5.84 6.06 5.55 4.63 3.65 2.79 1.98 1.34 0.90 0.81 2.41 3.94 5.07
 21   5.52 5.41 4.63 3.72 2.88 2.14 1.53 1.03 0.76 2.05 3.76 5.12 5.73 5.74 5.14 4.22 3.40 2.60 1.92 1.38 1.05 1.57 3.05 4.06
 22   4.74 5.05 4.76 3.93 3.19 2.50 1.92 1.37 0.99 1.30 2.86 4.06 5.02 5.44 5.29 4.55 3.70 2.90 2.25 1.76 1.36 1.21 2.20 3.31
 23   4.25 4.80 4.84 4.31 3.60 2.90 2.29 1.80 1.43 1.30 2.20 3.25 4.14 4.75 5.06 4.85 4.21 3.55 2.90 2.35 1.91 1.56 1.65 2.55
 24   3.36 4.12 4.46 4.49 4.04 3.43 2.83 2.29 1.90 1.66 1.87 2.72 3.43 4.06 4.53 4.73 4.52 4.01 3.49 2.95 2.49 2.17 2.05 2.30
 25   2.87 3.42 3.88 4.20 4.22 3.91 3.42 2.94 2.59 2.31 2.11 2.30 2.90 3.42 3.92 4.27 4.44 4.31 3.90 3.45 2.95 2.56 2.25 2.09
 26   2.05 2.44 2.94 3.42 3.87 3.98 3.72 3.44 3.20 2.98 2.77 2.60 2.48 2.58 2.85 3.36 3.84 4.21 4.38 4.20 3.74 3.25 2.80 2.42
 27   2.10 1.96 2.26 2.80 3.40 3.78 4.04 4.05 3.85 3.51 3.11 2.73 2.40 2.15 2.12 2.54 3.15 3.80 4.28 4.55 4.43 3.92 3.40 2.85
 28   2.36 2.03 1.88 2.10 2.68 3.31 3.85 4.30 4.45 4.25 3.77 3.26 2.75 2.30 1.96 1.86 2.40 3.15 3.90 4.45 4.74 4.60 4.04 3.42
 29   2.85 2.36 1.97 1.68 1.83 2.71 3.46 4.19 4.63 4.73 4.37 3.80 3.15 2.58 2.10 1.74 1.65 2.42 3.35 4.20 4.74 4.93 4.62 3.90
 30   3.24 2.64 2.09 1.67 1.47 2.12 3.10 4.05 4.68 5.02 4.92 4.26 3.55 2.87 2.26 1.74 1.43 1.72 2.95 3.90 4.68 5.00 4.87 4.24
 ----------------------------------------------------------------------------------------------------------------------------
                                                                                               
 ----------------------------------------------------------------------------------------------------------------------------
 ----------------------------------------------------------------------------------------------------------------------------
                                                          SURVEY OF INDIA
                                                    MARINE GEODESY WING (G&RB)
                                                     HOURLY HEIGHTS IN METRES
  NAME OF PORT:- HALDIA                                                                             MONTH MAY       YEAR 2011
 ----------------------------------------------------------------------------------------------------------------------------
 DAYS 0000 0001 0002 0003 0004 0005 0006 0007 0008 0009 0010 0011 0012 0013 0014 0015 0016 0017 0018 0019 0020 0021 0022 0023
 ----------------------------------------------------------------------------------------------------------------------------
  1   3.56 2.88 2.24 1.75 1.38 1.42 2.53 3.66 4.64 5.18 5.25 4.75 4.03 3.30 2.62 2.01 1.58 1.37 2.24 3.47 4.50 5.15 5.28 4.89
  2   3.99 3.24 2.49 1.90 1.47 1.28 1.73 3.11 4.25 5.07 5.41 5.20 4.49 3.70 2.98 2.32 1.76 1.41 1.57 2.95 4.06 4.90 5.30 5.23
  3   4.49 3.64 2.86 2.20 1.57 1.13 1.03 2.43 3.82 5.02 5.62 5.58 5.04 4.26 3.47 2.68 2.02 1.53 1.21 1.87 3.40 4.61 5.33 5.41
  4   4.86 4.03 3.22 2.48 1.78 1.25 0.83 1.60 3.32 4.66 5.62 5.78 5.39 4.52 3.69 2.87 2.07 1.56 1.19 1.44 2.80 3.99 4.70 5.17
  5   5.03 4.29 3.53 2.74 2.10 1.55 1.12 0.90 2.15 3.80 5.09 5.68 5.65 4.96 4.09 3.29 2.50 1.88 1.41 1.18 2.01 3.39 4.45 5.18
  6   5.35 4.90 4.03 3.23 2.52 1.87 1.36 1.00 1.49 3.22 4.50 5.40 5.61 5.28 4.48 3.69 2.88 2.25 1.76 1.39 1.45 2.69 3.80 4.70
  7   5.12 5.08 4.39 3.65 2.90 2.26 1.73 1.28 1.18 2.49 3.76 4.77 5.28 5.40 4.92 4.13 3.38 2.71 2.19 1.78 1.54 1.96 3.06 3.87
  8   4.15 4.82 4.66 3.95 3.22 2.58 2.06 1.59 1.36 1.79 2.88 3.79 4.66 5.10 5.21 4.58 3.82 3.09 2.49 2.02 1.69 1.64 2.52 3.41
  9   4.12 4.61 4.79 4.40 3.72 3.07 2.50 2.02 1.68 1.57 2.37 3.42 4.25 4.82 5.12 4.95 4.31 3.70 3.10 2.57 2.16 1.95 2.09 2.85
 10   3.62 4.26 4.63 4.66 4.22 3.69 3.10 2.57 2.16 1.87 1.83 2.85 3.66 4.40 4.84 5.00 4.79 4.26 3.67 3.12 2.61 2.25 2.05 2.12
 11   2.78 3.49 4.08 4.47 4.55 4.27 3.79 3.27 2.76 2.32 2.01 2.02 2.60 3.30 3.99 4.50 4.76 4.68 4.19 3.64 3.05 2.56 2.07 1.83
 12   1.79 2.22 3.08 3.84 4.39 4.68 4.72 4.30 3.80 3.22 2.70 2.31 2.10 2.38 3.07 3.79 4.38 4.79 4.84 4.40 3.80 3.20 2.64 2.06
 13   1.69 1.53 1.92 2.93 3.91 4.50 4.89 4.92 4.47 3.83 3.22 2.63 2.14 1.81 1.76 2.60 3.49 4.36 4.90 5.09 4.75 4.12 3.46 2.81
 14   2.21 1.72 1.35 1.36 2.42 3.60 4.64 5.30 5.40 4.98 4.26 3.48 2.73 2.16 1.71 1.47 2.09 3.33 4.40 5.15 5.32 4.98 4.28 3.52
 15   2.76 2.09 1.50 1.12 1.18 2.53 3.82 5.01 5.58 5.61 5.05 4.20 3.37 2.64 2.00 1.49 1.19 1.80 3.37 4.57 5.41 5.55 5.10 4.30
 16   3.51 2.74 2.01 1.41 0.98 1.14 2.85 4.22 5.43 5.92 5.80 5.08 4.17 3.31 2.47 1.78 1.23 0.98 1.95 3.57 4.84 5.57 5.64 5.15
 17   4.23 3.38 2.53 1.84 1.22 0.82 1.08 3.09 4.63 5.78 6.18 5.88 4.96 4.00 3.09 2.28 1.58 1.09 0.95 2.41 4.00 5.20 5.74 5.69
 18   5.00 4.10 3.23 2.42 1.70 1.13 0.81 1.74 3.74 5.29 6.16 6.25 5.68 4.74 3.78 2.86 2.10 1.47 1.08 1.41 3.17 4.54 5.50 5.85
 19   5.60 4.74 3.88 2.98 2.17 1.41 0.92 0.68 2.25 4.02 5.32 6.19 6.16 5.46 4.44 3.55 2.71 1.93 1.50 1.29 1.90 3.50 4.65 5.87
 20   6.15 5.52 4.41 3.50 2.73 2.00 1.41 0.99 1.00 2.84 4.19 5.39 5.92 5.77 4.91 4.03 3.21 2.39 1.74 1.26 1.07 2.29 3.74 4.79
 21   5.34 5.37 4.89 4.11 3.35 2.67 2.04 1.53 1.35 2.40 3.81 4.88 5.61 5.72 5.40 4.67 3.88 3.13 2.45 1.88 1.50 1.58 2.66 3.73
 22   4.57 4.98 4.95 4.41 3.66 2.92 2.32 1.80 1.43 1.42 2.69 3.87 4.80 5.29 5.35 4.87 4.17 3.43 2.75 2.18 1.78 1.64 2.25 3.26
 23   4.08 4.51 4.85 4.73 4.11 3.50 2.89 2.37 1.92 1.70 2.01 3.07 3.89 4.61 4.98 5.02 4.51 3.79 3.19 2.64 2.18 1.85 1.84 2.51
 24   3.33 3.97 4.41 4.62 4.37 3.83 3.29 2.77 2.36 2.05 2.09 2.72 3.34 3.89 4.33 4.61 4.62 4.27 3.74 3.20 2.73 2.33 1.94 2.04
 25   2.58 3.20 3.83 4.20 4.38 4.20 3.75 3.27 2.83 2.48 2.23 2.27 2.73 3.33 3.89 4.36 4.59 4.51 4.09 3.60 3.10 2.67 2.31 2.07
 26   2.09 2.68 3.26 3.76 4.08 4.24 4.14 3.80 3.37 2.96 2.62 2.38 2.25 2.53 3.08 3.61 4.11 4.45 4.46 4.17 3.64 3.04 2.59 2.25
 27   2.04 1.86 2.51 3.19 3.81 4.16 4.26 4.14 3.90 3.53 3.12 2.75 2.37 2.17 2.28 2.81 3.42 4.01 4.43 4.56 4.27 3.76 3.21 2.70
 28   2.29 1.96 1.88 2.36 3.03 3.72 4.25 4.59 4.68 4.30 3.77 3.21 2.70 2.29 2.04 2.09 2.74 3.48 4.08 4.51 4.64 4.28 3.68 3.11
 29   2.59 2.17 1.87 1.77 2.36 3.15 3.92 4.51 4.86 4.83 4.31 3.70 3.07 2.54 2.11 1.83 1.96 2.79 3.56 4.29 4.69 4.77 4.29 3.65
 30   3.07 2.53 2.08 1.75 1.67 2.38 3.34 4.23 4.84 5.10 4.93 4.21 3.52 2.89 2.34 1.95 1.82 2.17 3.18 4.03 4.67 4.89 4.56 3.99
 31   3.44 2.82 2.27 1.82 1.53 1.65 2.79 3.89 4.85 5.35 5.38 4.88 4.09 3.39 2.73 2.17 1.74 1.58 2.35 3.39 4.33 4.87 5.01 4.69
 ----------------------------------------------------------------------------------------------------------------------------
                                                                                               
 ----------------------------------------------------------------------------------------------------------------------------
 ----------------------------------------------------------------------------------------------------------------------------
                                                          SURVEY OF INDIA
                                                    MARINE GEODESY WING (G&RB)
                                                     HOURLY HEIGHTS IN METRES
  NAME OF PORT:- HALDIA                                                                             MONTH JUNE      YEAR 2011
 ----------------------------------------------------------------------------------------------------------------------------
 DAYS 0000 0001 0002 0003 0004 0005 0006 0007 0008 0009 0010 0011 0012 0013 0014 0015 0016 0017 0018 0019 0020 0021 0022 0023
 ----------------------------------------------------------------------------------------------------------------------------
  1   3.83 3.02 2.39 1.88 1.58 1.42 2.11 3.13 4.20 5.09 5.49 5.36 4.63 3.82 3.09 2.43 1.89 1.53 1.57 2.74 3.83 4.69 5.14 5.12
  2   4.46 3.70 2.99 2.38 1.81 1.43 1.39 2.56 3.87 4.99 5.57 5.59 5.02 4.24 3.46 2.73 2.11 1.62 1.35 1.86 3.18 4.19 4.89 5.24
  3   4.99 4.12 3.39 2.74 2.10 1.58 1.22 1.35 2.83 4.17 5.27 5.67 5.49 4.79 3.93 3.14 2.44 1.85 1.41 1.28 2.34 3.60 4.63 5.22
  4   5.29 4.76 3.90 3.14 2.44 1.83 1.36 1.14 2.20 3.68 4.89 5.58 5.67 5.23 4.45 3.65 2.89 2.24 1.70 1.40 1.60 2.92 3.89 4.74
  5   5.16 5.11 4.45 3.68 2.94 2.31 1.78 1.34 1.27 2.69 3.99 5.06 5.56 5.57 4.97 4.16 3.38 2.66 2.09 1.65 1.43 2.04 3.27 4.29
  6   4.99 5.20 4.87 4.09 3.31 2.66 2.07 1.57 1.28 1.86 3.29 4.39 5.19 5.49 5.31 4.62 3.83 3.11 2.49 1.99 1.65 1.56 2.48 3.49
  7   4.39 4.92 5.07 4.59 3.86 3.11 2.51 1.98 1.60 1.49 2.56 3.58 4.59 5.19 5.39 5.08 4.37 3.59 2.95 2.39 1.93 1.64 1.71 2.75
  8   3.62 4.42 4.93 5.03 4.54 3.81 3.11 2.53 2.07 1.73 1.80 2.87 3.74 4.57 5.08 5.26 4.87 4.15 3.46 2.81 2.28 1.88 1.62 1.83
  9   2.89 3.69 4.45 4.89 5.09 4.71 3.98 3.19 2.64 2.17 1.82 1.98 2.88 3.72 4.49 4.99 5.17 4.81 4.19 3.53 2.95 2.42 2.04 1.78
 10   2.05 2.79 3.58 4.28 4.86 4.98 4.70 4.11 3.50 2.91 2.42 2.11 1.96 2.61 3.46 4.20 4.69 4.93 4.81 4.26 3.65 3.06 2.51 2.03
 11   1.70 1.67 2.38 3.39 4.30 4.82 5.08 4.91 4.37 3.71 3.12 2.54 2.14 1.91 2.22 3.23 4.04 4.71 4.95 4.89 4.34 3.71 3.06 2.47
 12   2.01 1.72 1.66 2.34 3.32 4.30 5.00 5.31 5.12 4.51 3.79 3.10 2.52 2.08 1.78 1.86 2.94 3.84 4.62 5.04 5.00 4.44 3.78 3.10
 13   2.55 2.04 1.63 1.48 2.10 3.19 4.25 5.07 5.48 5.34 4.69 3.89 3.15 2.53 2.00 1.63 1.62 2.68 3.70 4.64 5.17 5.20 4.65 3.88
 14   3.18 2.54 1.97 1.54 1.27 1.74 3.17 4.43 5.43 5.77 5.53 4.70 3.85 3.07 2.41 1.87 1.47 1.48 2.67 3.86 4.80 5.32 5.36 4.70
 15   3.90 3.10 2.49 1.92 1.42 1.17 1.80 3.45 4.84 5.84 5.97 5.50 4.67 3.81 2.99 2.31 1.75 1.42 1.60 2.89 4.11 5.04 5.47 5.29
 16   4.47 3.66 2.88 2.19 1.60 1.18 0.94 2.13 3.80 5.09 5.80 5.79 5.21 4.39 3.48 2.60 1.91 1.35 1.00 1.37 2.72 3.80 4.74 5.09
 17   4.88 4.20 3.53 2.74 1.97 1.37 0.95 0.78 2.44 4.04 5.37 5.91 5.80 5.18 4.30 3.45 2.58 1.90 1.40 1.11 1.87 3.55 4.70 5.52
 18   5.69 5.38 4.70 3.91 3.08 2.33 1.83 1.40 2.04 3.88 5.22 6.04 6.24 5.93 5.15 4.20 3.36 2.52 1.85 1.42 1.47 2.95 4.28 5.34
 19   5.75 5.67 4.94 4.22 3.47 2.69 2.03 1.51 1.46 2.94 4.40 5.53 6.04 6.03 5.39 4.57 3.73 2.88 2.19 1.65 1.37 2.03 3.45 4.70
 20   5.45 5.62 5.20 4.41 3.61 2.91 2.28 1.77 1.54 2.30 3.67 4.87 5.64 5.87 5.56 4.80 4.05 3.26 2.56 2.05 1.69 1.66 2.70 3.84
 21   4.82 5.32 5.34 4.81 4.04 3.31 2.66 2.09 1.72 1.75 2.90 4.00 4.90 5.44 5.50 5.00 4.28 3.55 2.89 2.33 1.92 1.69 2.10 3.20
 22   4.20 4.90 5.24 5.02 4.39 3.72 3.08 2.50 2.12 1.96 2.44 3.40 4.24 4.94 5.29 5.21 4.65 3.98 3.33 2.70 2.22 1.90 1.89 2.64
 23   3.50 4.31 4.84 5.03 4.71 4.13 3.50 2.90 2.46 2.19 2.27 2.90 3.59 4.26 4.78 5.03 4.86 4.34 3.76 3.17 2.63 2.20 1.94 2.05
 24   2.86 3.66 4.36 4.75 4.84 4.50 3.97 3.43 2.97 2.60 2.41 2.44 2.90 3.50 4.09 4.54 4.75 4.57 4.08 3.50 2.94 2.46 2.09 1.87
 25   1.99 2.89 3.53 4.11 4.51 4.64 4.43 3.98 3.55 3.06 2.62 2.32 2.29 2.73 3.24 3.78 4.20 4.51 4.48 4.10 3.66 3.16 2.71 2.32
 26   2.06 2.15 2.77 3.43 4.06 4.46 4.65 4.57 4.18 3.71 3.22 2.75 2.40 2.29 2.58 3.07 3.64 4.13 4.44 4.52 4.20 3.73 3.23 2.74
 27   2.33 2.07 2.12 2.70 3.39 4.04 4.57 4.88 4.86 4.48 3.95 3.40 2.87 2.47 2.16 2.25 2.92 3.63 4.36 4.63 4.70 4.30 3.80 3.28
 28   2.75 2.31 1.97 1.90 2.46 3.34 4.10 4.69 5.07 5.03 4.58 3.92 3.34 2.75 2.27 1.93 1.99 2.84 3.67 4.38 4.79 4.91 4.56 3.95
 29   3.35 2.76 2.25 1.87 1.68 2.24 3.30 4.30 5.02 5.36 5.23 4.60 3.90 3.24 2.59 2.09 1.77 1.85 2.87 3.86 4.62 5.00 5.03 4.50
 30   3.84 3.20 2.58 2.04 1.64 1.54 2.44 3.70 4.80 5.45 5.62 5.28 4.57 3.80 3.07 2.41 1.89 1.57 1.95 3.18 4.13 4.88 5.18 5.03
 ----------------------------------------------------------------------------------------------------------------------------
                                                                                               
 ----------------------------------------------------------------------------------------------------------------------------
 ----------------------------------------------------------------------------------------------------------------------------
                                                          SURVEY OF INDIA
                                                    MARINE GEODESY WING (G&RB)
                                                     HOURLY HEIGHTS IN METRES
  NAME OF PORT:- HALDIA                                                                             MONTH JULY      YEAR 2011
 ----------------------------------------------------------------------------------------------------------------------------
 DAYS 0000 0001 0002 0003 0004 0005 0006 0007 0008 0009 0010 0011 0012 0013 0014 0015 0016 0017 0018 0019 0020 0021 0022 0023
 ----------------------------------------------------------------------------------------------------------------------------
  1   4.40 3.68 3.00 2.35 1.77 1.36 1.28 2.72 4.09 5.23 5.72 5.88 5.11 4.32 3.47 2.71 2.07 1.57 1.31 2.10 3.46 4.52 5.17 5.28
  2   4.92 4.12 3.36 2.63 1.96 1.39 1.04 1.55 3.32 4.65 5.67 5.91 5.60 4.80 3.96 3.11 2.35 1.70 1.22 1.12 2.52 3.82 4.90 5.40
  3   5.36 4.78 3.89 3.03 2.30 1.70 1.19 0.97 2.27 3.92 5.35 6.36 6.34 5.49 4.59 3.67 2.79 2.07 1.47 1.08 1.39 2.95 4.12 5.09
  4   5.48 5.38 4.55 3.68 2.86 2.12 1.49 1.00 0.99 2.79 4.30 5.55 5.99 5.81 5.08 4.17 3.22 2.42 1.78 1.26 0.98 1.90 3.37 4.57
  5   5.47 5.68 5.25 4.39 3.49 2.68 2.00 1.42 1.09 1.79 3.43 4.89 5.79 6.00 5.70 4.81 3.94 3.10 2.43 1.82 1.38 1.35 2.56 3.87
  6   5.07 5.64 5.62 5.00 4.11 3.26 2.52 1.92 1.49 1.43 2.74 3.99 5.18 5.75 5.84 5.35 4.52 3.70 2.96 2.30 1.79 1.47 1.80 3.16
  7   4.35 5.31 5.70 5.51 4.83 4.00 3.20 2.52 1.98 1.61 1.90 3.30 4.50 5.39 5.70 5.59 4.89 4.10 3.34 2.69 2.07 1.63 1.39 1.94
  8   3.23 4.27 5.10 5.41 5.25 4.56 3.84 3.10 2.49 2.01 1.78 2.24 3.38 4.39 5.01 5.29 5.19 4.57 3.89 3.21 2.59 2.09 1.74 1.62
  9   2.39 3.38 4.27 4.89 5.21 5.07 4.49 3.83 3.19 2.61 2.18 1.93 2.27 3.18 3.99 4.63 4.98 4.92 4.45 3.84 3.20 2.64 2.18 1.81
 10   1.71 2.35 3.22 4.02 4.66 5.00 4.92 4.50 3.95 3.31 2.74 2.30 1.98 2.01 2.73 3.50 4.21 4.68 4.86 4.56 3.97 3.36 2.77 2.27
 11   1.88 1.69 2.01 2.91 3.69 4.42 4.90 5.08 4.78 4.18 3.56 2.95 2.40 1.99 1.80 2.22 3.05 3.85 4.45 4.79 4.69 4.20 3.63 3.02
 12   2.43 1.99 1.65 1.60 2.42 3.39 4.28 4.94 5.30 5.16 4.56 3.89 3.19 2.57 2.10 1.78 1.88 2.90 3.77 4.49 4.95 5.02 4.55 3.91
 13   3.22 2.60 2.08 1.70 1.53 2.19 3.35 4.42 5.30 5.65 5.51 4.80 4.00 3.28 2.61 2.12 1.80 1.93 3.00 3.97 4.82 5.28 5.37 4.80
 14   4.05 3.30 2.61 2.11 1.72 1.62 2.58 3.80 5.06 5.87 6.00 5.60 4.71 3.89 3.08 2.38 1.84 1.52 1.89 3.21 4.40 5.31 5.70 5.50
 15   4.75 3.92 3.12 2.42 1.83 1.40 1.39 2.89 4.40 5.68 6.20 6.09 5.30 4.40 3.50 2.71 2.06 1.57 1.36 2.33 3.75 4.90 5.68 5.81
 16   5.32 4.54 3.67 2.85 2.12 1.55 1.21 1.78 3.48 5.00 6.03 6.30 5.85 4.96 4.00 3.13 2.37 1.80 1.41 1.61 3.00 4.24 5.29 5.82
 17   5.70 4.98 4.04 3.19 2.43 1.82 1.36 1.21 2.67 4.15 5.58 6.22 6.20 5.42 4.48 3.56 2.70 2.02 1.52 1.27 2.13 3.52 4.75 5.63
 18   5.83 5.40 4.57 3.73 2.93 2.25 1.69 1.28 1.79 3.45 4.80 5.77 6.07 5.77 4.98 4.12 3.27 2.46 1.82 1.43 1.50 2.95 4.04 5.01
 19   5.62 5.63 4.98 4.22 3.40 2.65 2.02 1.51 1.30 2.57 4.00 5.13 5.72 5.72 5.20 4.45 3.65 2.80 2.09 1.59 1.24 1.76 3.19 4.83
 20   5.20 5.49 5.26 4.55 3.80 3.03 2.38 1.79 1.43 1.90 3.37 4.47 5.23 5.48 5.30 4.57 3.81 3.07 2.39 1.87 1.50 1.57 2.83 3.89
 21   4.81 5.27 5.31 4.79 4.10 3.40 2.75 2.21 1.86 1.75 2.73 3.82 4.70 5.17 5.30 4.95 4.30 3.63 2.97 2.37 1.92 1.73 2.25 3.35
 22   4.28 4.91 5.21 5.08 4.63 4.03 3.45 2.85 2.35 2.10 2.37 3.27 4.08 4.77 5.17 5.11 4.67 4.05 3.37 2.72 2.23 1.95 1.91 2.74
 23   3.70 4.41 4.92 5.04 4.67 4.10 3.50 2.92 2.48 2.22 2.25 2.97 3.68 4.27 4.71 4.89 4.63 4.10 3.53 2.98 2.48 2.09 1.94 2.30
 24   3.16 3.84 4.47 4.78 4.77 4.36 3.87 3.31 2.78 2.48 2.39 2.66 3.13 3.64 4.09 4.43 4.56 4.32 3.92 3.47 2.95 2.52 2.23 2.17
 25   2.60 3.20 3.79 4.26 4.55 4.61 4.34 3.94 3.55 3.16 2.83 2.64 2.68 2.92 3.32 3.76 4.17 4.35 4.32 4.03 3.63 3.19 2.77 2.46
 26   2.30 2.42 2.91 3.40 3.93 4.33 4.55 4.54 4.28 3.86 3.46 3.05 2.69 2.49 2.50 2.82 3.33 3.88 4.29 4.52 4.36 3.93 3.47 2.99
 27   2.53 2.22 2.08 2.40 3.08 3.78 4.37 4.85 5.02 4.74 4.27 3.69 3.12 2.62 2.28 2.11 2.40 3.14 3.86 4.48 4.80 4.71 4.22 3.67
 28   3.08 2.57 2.15 1.89 2.04 2.90 3.75 4.65 5.21 5.38 5.03 4.39 3.72 3.08 2.52 2.11 1.86 2.18 3.21 4.10 4.82 5.18 5.02 4.39
 29   3.73 3.05 2.45 2.00 1.64 1.79 2.95 4.03 5.09 5.67 5.68 5.10 4.31 3.58 2.82 2.25 1.84 1.63 2.35 3.48 4.57 5.30 5.52 5.19
 30   4.39 3.61 2.89 2.26 1.73 1.39 1.69 3.35 4.66 5.77 6.06 5.82 5.00 4.13 3.31 2.58 1.98 1.52 1.43 2.59 3.92 5.13 5.77 5.76
 31   5.13 4.25 3.40 2.63 1.93 1.37 1.09 2.10 3.89 5.47 6.24 6.31 5.67 4.66 3.80 2.89 2.14 1.50 1.08 1.38 3.09 4.56 5.76 6.11
 ----------------------------------------------------------------------------------------------------------------------------
                                                                                               
 ----------------------------------------------------------------------------------------------------------------------------
 ----------------------------------------------------------------------------------------------------------------------------
                                                          SURVEY OF INDIA
                                                    MARINE GEODESY WING (G&RB)
                                                     HOURLY HEIGHTS IN METRES
  NAME OF PORT:- HALDIA                                                                             MONTH AUGUST    YEAR 2011
 ----------------------------------------------------------------------------------------------------------------------------
 DAYS 0000 0001 0002 0003 0004 0005 0006 0007 0008 0009 0010 0011 0012 0013 0014 0015 0016 0017 0018 0019 0020 0021 0022 0023
 ----------------------------------------------------------------------------------------------------------------------------
  1   5.78 4.92 3.99 3.10 2.28 1.55 1.07 1.00 2.94 4.59 6.05 6.51 6.29 5.33 4.33 3.34 2.46 1.73 1.16 0.89 2.07 3.74 5.30 6.17
  2   6.25 5.56 4.57 3.59 2.63 1.87 1.25 0.83 1.52 3.76 5.40 6.31 6.48 5.87 4.87 3.90 2.96 2.16 1.54 1.11 1.16 2.82 4.35 5.68
  3   6.17 6.01 5.18 4.21 3.22 2.40 1.70 1.15 0.90 2.39 4.18 5.62 6.30 6.27 5.45 4.52 3.52 2.62 1.95 1.39 1.04 1.70 3.34 4.88
  4   5.96 6.23 5.80 4.88 3.93 3.02 2.28 1.64 1.22 1.63 3.30 4.62 5.66 6.02 5.80 5.00 4.12 3.24 2.44 1.79 1.30 1.14 2.41 3.91
  5   5.15 5.84 5.92 5.43 4.60 3.74 2.89 2.18 1.66 1.35 2.17 3.60 4.71 5.54 5.71 5.31 4.58 3.80 3.02 2.35 1.81 1.45 1.58 2.94
  6   4.10 5.06 5.56 5.58 5.02 4.29 3.55 2.83 2.26 1.90 1.66 2.63 3.60 4.48 5.04 5.26 4.94 4.26 3.57 2.93 2.39 1.93 1.66 1.96
  7   3.07 3.89 4.68 5.12 5.14 4.75 4.17 3.51 2.90 2.39 2.03 1.96 2.66 3.41 4.10 4.58 4.81 4.63 4.12 3.56 2.96 2.47 2.10 1.86
  8   2.16 2.90 3.64 4.29 4.78 4.93 4.69 4.18 3.65 3.08 2.63 2.29 2.16 2.54 3.17 3.80 4.20 4.50 4.51 4.21 3.83 3.37 2.94 2.51
  9   2.10 2.09 2.52 3.19 3.89 4.47 4.80 4.84 4.50 4.01 3.50 2.99 2.58 2.26 2.20 2.56 3.24 3.86 4.35 4.57 4.43 4.09 3.58 3.00
 10   2.53 2.16 1.96 2.07 2.81 3.60 4.32 4.88 5.13 4.99 4.50 3.86 3.22 2.66 2.18 1.88 2.00 2.96 3.79 4.38 4.65 4.67 4.34 3.85
 11   3.20 2.60 2.15 1.80 1.64 2.40 3.41 4.50 5.21 5.43 5.16 4.53 3.79 3.08 2.44 1.96 1.64 1.73 2.88 3.81 4.60 4.99 4.99 4.50
 12   3.85 3.14 2.50 1.94 1.50 1.33 2.37 3.74 4.90 5.46 5.55 5.13 4.46 3.69 2.87 2.20 1.65 1.30 1.66 3.15 4.30 5.08 5.38 5.18
 13   4.57 3.86 3.11 2.37 1.76 1.36 1.47 3.06 4.65 5.72 6.04 5.72 5.00 4.26 3.35 2.55 1.88 1.42 1.30 2.68 3.91 4.98 5.56 5.61
 14   5.00 4.20 3.40 2.62 1.92 1.42 1.12 2.01 3.81 5.28 6.03 6.05 5.49 4.64 3.72 2.88 2.13 1.53 1.17 1.55 3.20 4.58 5.50 5.85
 15   5.60 4.76 3.90 3.02 2.23 1.57 1.12 1.11 2.88 4.50 5.74 6.09 5.86 5.01 4.16 3.20 2.40 1.73 1.26 1.13 2.50 4.04 5.26 5.77
 16   5.75 5.13 4.28 3.42 2.60 1.87 1.34 1.06 2.07 3.80 5.25 5.92 5.94 5.38 4.48 3.59 2.72 2.02 1.46 1.13 1.61 3.31 4.70 5.65
 17   5.84 5.45 4.60 3.76 2.90 2.20 1.57 1.07 1.30 2.97 4.37 5.50 5.87 5.63 4.86 4.00 3.11 2.35 1.76 1.34 1.22 2.41 3.92 5.05
 18   5.63 5.57 4.93 4.14 3.32 2.59 1.95 1.44 1.23 2.33 3.74 4.94 5.55 5.65 5.10 4.29 3.41 2.69 2.07 1.56 1.31 2.02 3.38 4.64
 19   5.46 5.72 5.31 4.54 3.75 2.97 2.30 1.77 1.48 2.01 3.34 4.47 5.19 5.51 5.26 4.58 3.78 3.02 2.39 1.85 1.48 1.65 2.88 3.99
 20   4.99 5.44 5.33 4.74 3.99 3.29 2.66 2.12 1.75 1.89 2.89 3.84 4.71 5.22 5.25 4.70 4.01 3.35 2.71 2.18 1.76 1.65 2.44 3.45
 21   4.39 5.02 5.23 4.89 4.28 3.63 3.02 2.48 2.09 1.93 2.52 3.37 4.11 4.67 4.93 4.73 4.21 3.63 3.07 2.52 2.14 1.95 2.22 3.02
 22   3.79 4.44 4.83 4.84 4.45 3.95 3.43 2.96 2.59 2.41 2.53 3.02 3.59 4.07 4.39 4.53 4.26 3.89 3.49 3.00 2.58 2.31 2.22 2.56
 23   3.15 3.69 4.19 4.52 4.57 4.27 3.88 3.49 3.15 2.81 2.63 2.65 2.95 3.31 3.68 3.96 4.12 4.09 3.87 3.56 3.19 2.82 2.55 2.46
 24   2.61 2.94 3.37 3.77 4.17 4.36 4.35 4.14 3.83 3.45 3.07 2.77 2.62 2.58 2.78 3.12 3.55 3.92 4.13 4.15 3.92 3.60 3.19 2.77
 25   2.39 2.22 2.43 2.83 3.42 3.99 4.41 4.65 4.59 4.23 3.73 3.27 2.81 2.39 2.17 2.24 2.70 3.35 4.01 4.49 4.67 4.37 3.86 3.33
 26   2.79 2.26 1.87 1.74 2.29 3.17 4.10 4.85 5.16 4.99 4.51 3.85 3.19 2.60 2.10 1.76 1.65 2.44 3.44 4.38 4.98 5.10 4.59 4.02
 27   3.31 2.59 2.00 1.54 1.31 2.00 3.30 4.49 5.34 5.59 5.29 4.56 3.78 3.03 2.36 1.79 1.38 1.33 2.49 3.79 4.90 5.49 5.48 4.86
 28   4.01 3.19 2.43 1.79 1.24 1.03 2.17 3.80 5.18 5.95 6.00 5.40 4.46 3.57 2.72 2.02 1.43 1.05 1.39 3.05 4.54 5.71 6.05 5.76
 29   4.79 3.82 2.89 2.11 1.41 0.93 0.77 2.59 4.44 5.89 6.43 6.23 5.19 4.20 3.19 2.35 1.64 1.05 0.78 1.89 3.72 5.37 6.32 6.44
 30   5.77 4.62 3.55 2.61 1.81 1.19 0.79 1.33 3.52 5.30 6.46 6.76 6.14 4.97 3.91 2.93 2.13 1.47 0.97 0.88 2.60 4.45 5.97 6.60
 31   6.49 5.45 4.39 3.31 2.39 1.61 1.02 0.72 2.20 4.19 5.95 6.63 6.57 5.62 4.59 3.52 2.63 1.83 1.22 0.85 1.35 3.31 5.12 6.32
 ----------------------------------------------------------------------------------------------------------------------------
                                                                                               
 ----------------------------------------------------------------------------------------------------------------------------
 ----------------------------------------------------------------------------------------------------------------------------
                                                          SURVEY OF INDIA
                                                    MARINE GEODESY WING (G&RB)
                                                     HOURLY HEIGHTS IN METRES
  NAME OF PORT:- HALDIA                                                                             MONTH SEPT      YEAR 2011
 ----------------------------------------------------------------------------------------------------------------------------
 DAYS 0000 0001 0002 0003 0004 0005 0006 0007 0008 0009 0010 0011 0012 0013 0014 0015 0016 0017 0018 0019 0020 0021 0022 0023
 ----------------------------------------------------------------------------------------------------------------------------
  1   6.67 6.32 5.11 4.09 3.08 2.21 1.54 1.13 1.21 3.10 4.76 6.07 6.52 6.18 5.23 4.22 3.10 2.29 1.59 1.08 0.82 2.31 4.17 5.70
  2   6.41 6.46 5.72 4.78 3.82 2.88 2.07 1.48 1.14 1.98 3.73 5.14 5.97 6.02 5.59 4.58 3.61 2.76 2.07 1.50 1.08 1.39 3.01 4.43
  3   5.59 6.01 5.78 5.01 4.18 3.27 2.49 1.87 1.40 1.32 2.62 3.88 4.94 5.52 5.53 4.91 4.12 3.29 2.57 2.01 1.53 1.31 2.11 3.28
  4   4.33 5.16 5.48 5.27 4.59 3.81 3.09 2.49 2.02 1.72 2.03 3.06 3.89 4.59 5.03 5.03 4.58 3.89 3.25 2.69 2.28 2.00 2.03 2.67
  5   3.46 4.20 4.81 5.13 5.05 4.53 3.92 3.34 2.85 2.49 2.35 2.59 3.26 3.81 4.35 4.68 4.72 4.36 3.85 3.33 2.85 2.49 2.26 2.29
  6   2.80 3.42 4.01 4.52 4.76 4.73 4.42 3.99 3.51 3.11 2.76 2.65 2.64 2.92 3.37 3.80 4.15 4.33 4.32 4.07 3.72 3.34 3.01 2.67
  7   2.52 2.49 2.87 3.45 4.02 4.46 4.75 4.66 4.32 3.92 3.50 3.09 2.70 2.45 2.34 2.62 3.26 3.79 4.27 4.37 4.25 3.92 3.49 3.09
  8   2.67 2.29 2.12 2.22 2.91 3.62 4.31 4.82 4.96 4.69 4.17 3.59 2.98 2.45 2.06 1.86 2.15 3.06 3.82 4.45 4.82 4.78 4.31 3.71
  9   3.11 2.56 2.07 1.71 1.75 2.68 3.60 4.63 5.27 5.40 4.99 4.23 3.47 2.80 2.25 1.75 1.52 2.02 3.21 4.21 4.95 5.22 4.99 4.35
 10   3.68 2.95 2.31 1.79 1.42 1.53 2.86 4.10 5.17 5.70 5.57 4.89 4.08 3.23 2.49 1.88 1.40 1.24 2.30 3.57 4.76 5.43 5.53 5.01
 11   4.22 3.43 2.69 2.04 1.51 1.18 1.76 3.33 4.70 5.61 5.82 5.37 4.46 3.62 2.80 2.12 1.52 1.11 1.47 3.05 4.41 5.47 5.82 5.55
 12   4.72 3.85 3.02 2.28 1.62 1.17 1.01 2.46 4.00 5.29 5.87 5.74 4.89 4.00 3.15 2.39 1.69 1.16 0.92 2.17 3.80 5.10 5.77 5.79
 13   5.12 4.21 3.32 2.56 1.82 1.28 0.94 1.80 3.45 4.80 5.74 5.86 5.29 4.40 3.53 2.72 2.02 1.39 1.01 1.53 3.26 4.60 5.59 5.91
 14   5.59 4.67 3.77 2.96 2.21 1.55 1.10 1.00 2.76 4.20 5.33 5.84 5.67 4.81 3.92 3.00 2.21 1.59 1.05 0.90 2.52 4.06 5.31 5.87
 15   5.79 5.01 4.10 3.24 2.43 1.73 1.24 0.95 2.02 3.61 4.89 5.61 5.72 5.10 4.20 3.33 2.55 1.87 1.33 0.99 1.90 3.43 4.77 5.83
 16   5.89 5.39 4.55 3.70 2.88 2.16 1.53 1.15 1.57 3.17 4.39 5.32 5.63 5.32 4.53 3.74 2.88 2.14 1.52 1.12 1.27 2.90 4.17 5.29
 17   5.73 5.66 4.92 4.12 3.21 2.55 1.93 1.45 1.31 2.48 3.76 4.78 5.32 5.34 4.85 4.07 3.27 2.56 1.97 1.48 1.23 2.20 3.49 4.61
 18   5.31 5.55 5.12 4.40 3.64 2.96 2.31 1.74 1.51 1.91 3.04 4.08 4.83 5.15 4.94 4.28 3.56 2.89 2.30 1.81 1.46 1.70 2.86 3.83
 19   4.70 5.17 5.09 4.53 3.82 3.20 2.63 2.17 1.84 1.94 2.80 3.59 4.34 4.85 4.94 4.53 3.88 3.26 2.70 2.22 1.88 1.84 2.59 3.41
 20   4.21 4.79 5.02 4.79 4.23 3.68 3.16 2.68 2.30 2.16 2.52 3.26 3.89 4.35 4.63 4.54 4.12 3.63 3.15 2.72 2.39 2.24 2.36 2.99
 21   3.60 4.18 4.56 4.73 4.51 4.09 3.64 3.21 2.88 2.63 2.60 2.82 3.20 3.64 4.05 4.29 4.37 4.17 3.87 3.54 3.19 2.88 2.66 2.72
 22   3.03 3.50 3.94 4.37 4.62 4.64 4.43 4.09 3.73 3.40 3.15 2.98 2.87 2.93 3.25 3.67 4.05 4.33 4.42 4.20 3.86 3.52 3.20 2.90
 23   2.72 2.73 3.05 3.61 4.09 4.53 4.83 4.83 4.51 4.13 3.70 3.22 2.80 2.47 2.33 2.65 3.32 3.98 4.49 4.77 4.69 4.27 3.80 3.30
 24   2.78 2.37 2.13 2.24 3.02 3.84 4.62 5.18 5.32 4.97 4.37 3.71 3.07 2.48 2.02 1.77 2.06 3.13 4.11 4.96 5.34 5.14 4.56 3.86
 25   3.17 2.50 1.97 1.59 1.53 2.66 3.86 4.94 5.58 5.64 5.17 4.41 3.56 2.81 2.10 1.53 1.16 1.50 3.16 4.49 5.52 5.85 5.58 4.75
 26   3.93 3.06 2.29 1.62 1.14 1.09 2.74 4.30 5.54 6.02 5.87 5.03 4.10 3.21 2.37 1.61 1.01 0.64 1.65 3.67 5.27 6.13 6.15 5.54
 27   4.50 3.50 2.61 1.79 1.10 0.65 0.66 2.99 4.73 5.99 6.27 5.79 4.73 3.73 2.73 1.88 1.12 0.63 0.31 2.14 4.22 5.87 6.47 6.33
 28   5.40 4.30 3.21 2.29 1.46 0.85 0.47 1.49 3.69 5.40 6.38 6.30 5.51 4.41 3.35 2.40 1.52 0.87 0.43 0.31 2.93 4.90 6.19 6.56
 29   6.10 5.00 3.93 2.94 2.00 1.25 0.71 0.38 2.17 4.21 5.75 6.24 5.98 5.05 4.01 2.98 2.06 1.27 0.73 0.35 1.46 3.66 5.49 6.36
 30   6.45 5.67 4.58 3.52 2.55 1.70 1.06 0.69 0.57 2.88 4.65 5.77 6.04 5.51 4.57 3.54 2.59 1.78 1.14 0.67 0.47 2.50 4.19 5.61
 ----------------------------------------------------------------------------------------------------------------------------
                                                                                               
 ----------------------------------------------------------------------------------------------------------------------------
 ----------------------------------------------------------------------------------------------------------------------------
                                                          SURVEY OF INDIA
                                                    MARINE GEODESY WING (G&RB)
                                                     HOURLY HEIGHTS IN METRES
  NAME OF PORT:- HALDIA                                                                             MONTH OCTOBER   YEAR 2011
 ----------------------------------------------------------------------------------------------------------------------------
 DAYS 0000 0001 0002 0003 0004 0005 0006 0007 0008 0009 0010 0011 0012 0013 0014 0015 0016 0017 0018 0019 0020 0021 0022 0023
 ----------------------------------------------------------------------------------------------------------------------------
  1   6.17 6.00 5.13 4.15 3.18 2.30 1.54 1.00 0.66 1.69 3.44 4.80 5.57 5.64 5.09 4.15 3.22 2.40 1.72 1.17 0.78 1.38 3.11 4.43
  2   5.42 5.76 5.46 4.68 3.79 2.96 2.24 1.62 1.17 1.10 2.40 3.60 4.60 5.09 5.13 4.56 3.78 3.00 2.29 1.74 1.31 1.13 2.21 3.35
  3   4.39 5.07 5.33 5.00 4.31 3.58 2.89 2.27 1.78 1.48 1.90 2.90 3.80 4.45 4.80 4.68 4.18 3.50 2.86 2.30 1.87 1.59 1.88 2.78
  4   3.55 4.30 4.82 4.98 4.66 4.07 3.48 2.83 2.34 1.99 1.87 2.40 3.10 3.70 4.14 4.40 4.31 3.88 3.42 2.93 2.50 2.19 2.13 2.41
  5   2.89 3.48 4.00 4.39 4.55 4.39 3.99 3.53 3.05 2.64 2.36 2.24 2.46 2.89 3.38 3.85 4.11 4.22 4.07 3.78 3.44 3.04 2.72 2.52
  6   2.46 2.70 3.11 3.63 4.14 4.49 4.61 4.40 3.99 3.53 3.07 2.62 2.33 2.24 2.48 3.00 3.56 4.03 4.40 4.50 4.27 3.87 3.42 2.95
  7   2.52 2.22 2.16 2.60 3.27 3.94 4.50 4.83 4.73 4.28 3.72 3.12 2.58 2.18 1.95 2.00 2.68 3.43 4.11 4.67 4.88 4.62 4.07 3.47
  8   2.92 2.41 2.01 1.83 2.18 3.09 3.98 4.68 5.06 4.96 4.38 3.71 3.05 2.46 2.00 1.72 1.76 2.68 3.59 4.40 4.97 5.15 4.77 4.06
  9   3.40 2.76 2.22 1.80 1.57 2.10 3.21 4.16 4.93 5.25 5.02 4.31 3.56 2.87 2.22 1.76 1.43 1.67 2.91 3.96 4.86 5.33 5.27 4.65
 10   3.90 3.13 2.45 1.92 1.51 1.38 2.40 3.53 4.57 5.20 5.31 4.78 3.98 3.20 2.49 1.89 1.40 1.18 2.02 3.40 4.53 5.27 5.48 5.10
 11   4.30 3.49 2.72 2.10 1.57 1.23 1.51 2.89 4.03 5.01 5.37 5.15 4.36 3.55 2.78 2.05 1.49 1.08 1.28 2.89 4.21 5.25 5.68 5.50
 12   4.72 3.87 3.03 2.31 1.68 1.22 1.03 2.24 3.67 4.85 5.42 5.45 4.76 3.93 3.08 2.33 1.70 1.20 0.94 2.11 3.66 4.98 5.69 5.77
 13   5.20 4.30 3.44 2.66 2.00 1.49 1.14 1.67 3.19 4.39 5.29 5.56 5.17 4.33 3.50 2.70 2.04 1.46 1.07 1.39 2.98 4.28 5.36 5.76
 14   5.57 4.79 3.92 3.10 2.39 1.77 1.32 1.21 2.50 3.82 4.94 5.49 5.44 4.76 3.88 3.08 2.35 1.73 1.26 1.09 2.46 3.88 5.16 5.75
 15   5.75 5.10 4.23 3.40 2.64 2.03 1.52 1.25 2.09 3.42 4.60 5.31 5.51 5.03 4.19 3.36 2.63 2.00 1.48 1.16 1.94 3.40 4.66 5.52
 16   5.76 5.40 4.58 3.79 3.01 2.34 1.80 1.43 1.61 2.94 4.05 4.93 5.36 5.23 4.48 3.69 2.95 2.30 1.80 1.38 1.51 2.81 4.08 5.09
 17   5.58 5.50 4.89 4.09 3.31 2.64 2.11 1.69 1.52 2.41 3.50 4.39 5.00 5.19 4.77 4.03 3.32 2.65 2.15 1.74 1.60 2.48 3.53 4.54
 18   5.20 5.44 5.09 4.42 3.70 3.01 2.44 2.03 1.80 2.17 3.22 4.01 4.74 5.06 4.88 4.30 3.61 2.97 2.42 2.04 1.86 2.25 3.17 4.01
 19   4.68 5.11 5.15 4.73 4.06 3.46 2.90 2.44 2.12 2.10 2.77 3.49 4.17 4.65 4.86 4.64 4.12 3.58 3.02 2.60 2.32 2.35 2.87 3.53
 20   4.20 4.75 5.06 5.00 4.57 4.03 3.51 3.02 2.64 2.44 2.52 2.98 3.49 3.97 4.32 4.51 4.42 4.06 3.60 3.16 2.77 2.48 2.41 2.75
 21   3.25 3.77 4.23 4.57 4.67 4.48 4.12 3.69 3.21 2.83 2.55 2.42 2.53 2.97 3.41 3.88 4.29 4.52 4.37 3.98 3.54 3.12 2.73 2.43
 22   2.33 2.62 3.13 3.70 4.23 4.61 4.74 4.48 4.00 3.50 3.00 2.54 2.20 2.00 2.19 2.83 3.52 4.20 4.68 4.84 4.59 4.01 3.43 2.89
 23   2.42 2.08 1.94 2.44 3.27 4.01 4.60 4.94 4.84 4.28 3.65 3.02 2.46 2.01 1.67 1.59 2.40 3.30 4.30 5.00 5.26 4.98 4.29 3.58
 24   2.90 2.30 1.86 1.57 1.87 3.01 4.01 4.87 5.33 5.20 4.52 3.72 3.00 2.34 1.79 1.33 1.15 2.20 3.55 4.85 5.61 5.71 5.26 4.40
 25   3.56 2.80 2.13 1.59 1.27 1.66 3.12 4.30 5.34 5.65 5.36 4.46 3.59 2.80 2.10 1.45 1.00 0.90 2.49 4.10 5.59 6.12 6.03 5.30
 26   4.30 3.40 2.50 1.79 1.25 0.92 1.73 3.44 4.89 5.73 5.82 5.27 4.30 3.40 2.52 1.80 1.16 0.72 0.87 2.90 4.69 5.98 6.37 6.06
 27   5.07 4.02 3.01 2.20 1.48 0.96 0.70 2.04 3.83 5.27 5.92 5.81 5.07 4.11 3.12 2.26 1.50 0.90 0.50 1.29 3.43 5.18 6.23 6.41
 28   5.80 4.74 3.71 2.73 1.90 1.23 0.78 0.73 2.60 4.21 5.40 5.84 5.57 4.70 3.72 2.80 1.98 1.28 0.80 0.51 2.10 3.91 5.49 6.17
 29   6.11 5.36 4.35 3.39 2.49 1.75 1.20 0.78 1.14 2.89 4.30 5.32 5.58 5.20 4.30 3.40 2.52 1.82 1.23 0.81 0.95 2.75 4.21 5.43
 30   5.90 5.70 4.90 4.00 3.06 2.29 1.67 1.18 0.93 1.86 3.30 4.47 5.20 5.31 4.77 3.94 3.12 2.34 1.74 1.26 0.95 1.71 3.14 4.37
 31   5.20 5.52 5.25 4.49 3.68 2.89 2.22 1.70 1.30 1.31 2.50 3.52 4.40 4.87 4.84 4.23 3.51 2.80 2.15 1.69 1.34 1.35 2.46 3.44
 ----------------------------------------------------------------------------------------------------------------------------
                                                                                               
 ----------------------------------------------------------------------------------------------------------------------------
 ----------------------------------------------------------------------------------------------------------------------------
                                                          SURVEY OF INDIA
                                                    MARINE GEODESY WING (G&RB)
                                                     HOURLY HEIGHTS IN METRES
  NAME OF PORT:- HALDIA                                                                             MONTH NOVEMBER  YEAR 2011
 ----------------------------------------------------------------------------------------------------------------------------
 DAYS 0000 0001 0002 0003 0004 0005 0006 0007 0008 0009 0010 0011 0012 0013 0014 0015 0016 0017 0018 0019 0020 0021 0022 0023
 ----------------------------------------------------------------------------------------------------------------------------
  1   4.32 4.96 5.16 4.81 4.11 3.42 2.75 2.15 1.73 1.48 1.80 2.77 3.63 4.28 4.61 4.49 3.95 3.33 2.74 2.21 1.82 1.62 2.05 2.90
  2   3.68 4.31 4.73 4.78 4.40 3.83 3.26 2.65 2.16 1.83 1.71 2.21 2.91 3.53 3.99 4.25 4.18 3.77 3.28 2.81 2.37 2.06 1.94 2.28
  3   2.86 3.41 3.94 4.30 4.45 4.23 3.78 3.28 2.75 2.30 2.00 1.93 2.31 2.82 3.32 3.74 4.00 4.03 3.76 3.40 3.02 2.63 2.34 2.18
  4   2.28 2.60 3.09 3.57 4.01 4.28 4.24 3.87 3.41 2.94 2.48 2.15 1.97 2.11 2.57 3.07 3.58 3.94 4.13 4.05 3.73 3.35 2.93 2.55
  5   2.24 2.06 2.24 2.74 3.34 3.84 4.21 4.29 4.02 3.55 3.03 2.55 2.13 1.85 1.79 2.23 2.84 3.50 4.02 4.38 4.43 4.08 3.59 3.10
  6   2.57 2.14 1.87 1.88 2.56 3.23 3.92 4.39 4.55 4.24 3.70 3.11 2.54 2.09 1.75 1.59 2.11 2.93 3.72 4.37 4.74 4.70 4.21 3.59
  7   3.00 2.43 2.00 1.71 1.73 2.58 3.37 4.10 4.57 4.67 4.23 3.59 2.94 2.38 1.90 1.53 1.43 2.26 3.22 4.14 4.76 5.03 4.77 4.10
  8   3.39 2.73 2.18 1.76 1.48 1.71 2.81 3.68 4.42 4.80 4.68 4.01 3.30 2.66 2.08 1.62 1.30 1.45 2.60 3.63 4.58 5.08 5.11 4.56
  9   3.80 3.09 2.43 1.92 1.50 1.33 2.06 3.19 4.10 4.70 4.92 4.48 3.73 3.03 2.38 1.83 1.40 1.18 1.91 3.20 4.41 5.15 5.39 5.08
 10   4.30 3.49 2.80 2.15 1.64 1.31 1.43 2.66 3.73 4.61 5.00 4.89 4.17 3.45 2.72 2.09 1.59 1.20 1.28 2.66 3.89 4.96 5.46 5.41
 11   4.39 3.94 3.14 2.47 1.88 1.43 1.22 1.96 3.26 4.29 4.93 5.09 4.62 3.86 3.10 2.43 1.85 1.37 1.08 1.69 3.21 4.46 5.30 5.55
 12   5.20 4.40 3.61 2.89 2.23 1.70 1.34 1.39 2.59 3.73 4.63 5.06 4.92 4.23 3.44 2.74 2.08 1.54 1.14 1.11 2.63 3.90 4.97 5.45
 13   5.40 4.76 3.96 3.19 2.50 1.94 1.49 1.24 1.96 3.19 4.20 4.85 5.05 4.61 3.81 3.03 2.37 1.81 1.36 1.10 1.83 3.16 4.36 5.12
 14   5.39 5.08 4.32 3.54 2.81 2.21 1.71 1.35 1.43 2.61 3.63 4.49 4.93 4.84 4.16 3.42 2.73 2.13 1.62 1.26 1.23 2.51 3.67 4.72
 15   5.25 5.26 4.73 3.96 3.20 2.56 2.03 1.60 1.38 2.02 3.11 4.06 4.70 4.91 4.51 3.77 3.11 2.45 1.93 1.52 1.30 2.08 3.19 4.18
 16   4.90 5.19 4.95 4.29 3.60 2.92 2.35 1.91 1.60 1.63 2.64 3.47 4.25 4.68 4.74 4.22 3.57 2.91 2.32 1.88 1.58 1.64 2.70 3.57
 17   4.39 4.90 5.04 4.68 4.01 3.37 2.78 2.24 1.87 1.65 2.00 2.91 3.69 4.30 4.65 4.60 4.07 3.45 2.86 2.35 1.98 1.79 2.17 3.02
 18   3.78 4.40 4.82 4.84 4.44 3.86 3.28 2.70 2.25 1.91 1.75 2.23 3.00 3.64 4.17 4.48 4.44 4.03 3.51 2.96 2.47 2.11 1.91 2.20
 19   2.90 3.59 4.17 4.56 4.69 4.40 3.87 3.33 2.77 2.30 1.97 1.81 2.10 2.79 3.43 4.02 4.39 4.51 4.21 3.71 3.20 2.72 2.29 2.04
 20   2.05 2.62 3.26 3.88 4.38 4.63 4.48 3.99 3.43 2.86 2.36 1.97 1.71 1.70 2.37 3.10 3.83 4.40 4.69 4.58 4.10 3.52 2.96 2.46
 21   2.07 1.84 2.08 2.86 3.60 4.23 4.62 4.66 4.20 3.58 2.99 2.41 1.97 1.64 1.48 1.97 2.90 3.86 4.58 5.03 5.02 4.47 3.80 3.10
 22   2.51 2.01 1.67 1.61 2.51 3.49 4.30 4.83 4.94 4.50 3.77 3.07 2.42 1.91 1.45 1.18 1.57 2.90 4.06 5.09 5.48 5.34 4.64 3.88
 23   3.09 2.41 1.84 1.43 1.29 2.23 3.42 4.50 5.05 5.12 4.57 3.79 3.00 2.36 1.76 1.25 0.95 1.34 3.00 4.41 5.50 5.80 5.52 4.69
 24   3.80 2.99 2.27 1.66 1.21 1.06 2.14 3.59 4.69 5.26 5.27 4.62 3.78 2.98 2.25 1.63 1.12 0.77 1.47 3.24 4.79 5.85 6.01 5.56
 25   4.63 3.70 2.81 2.06 1.44 0.99 0.88 2.23 3.72 4.88 5.37 5.32 4.56 3.69 2.82 2.05 1.43 0.93 0.66 1.86 3.66 5.18 5.97 5.97
 26   5.30 4.36 3.40 2.53 1.81 1.26 0.87 1.11 2.77 4.12 5.10 5.43 5.13 4.24 3.38 2.54 1.84 1.27 0.83 0.74 2.44 4.09 5.40 5.94
 27   5.79 4.99 4.06 3.18 2.33 1.69 1.18 0.85 1.59 3.16 4.37 5.16 5.33 4.86 3.96 3.16 2.38 1.73 1.23 0.87 1.37 3.11 4.46 5.49
 28   5.79 5.50 4.62 3.76 2.91 2.18 1.61 1.13 0.98 2.14 3.45 4.54 5.13 5.15 4.54 3.73 2.94 2.23 1.70 1.27 1.05 2.11 3.46 4.60
 29   5.34 5.52 5.07 4.26 3.45 2.70 2.08 1.57 1.23 1.39 2.65 3.69 4.53 4.92 4.84 4.18 3.44 2.73 2.14 1.68 1.35 1.47 2.59 3.72
 30   4.63 5.15 5.20 4.69 3.91 3.17 2.51 1.98 1.54 1.29 1.80 2.91 3.81 4.41 4.70 4.49 3.80 3.13 2.53 2.03 1.64 1.48 2.10 3.06
 ----------------------------------------------------------------------------------------------------------------------------
                                                                                               
 ----------------------------------------------------------------------------------------------------------------------------
 ----------------------------------------------------------------------------------------------------------------------------
                                                          SURVEY OF INDIA
                                                    MARINE GEODESY WING (G&RB)
                                                     HOURLY HEIGHTS IN METRES
  NAME OF PORT:- HALDIA                                                                             MONTH DECEMBER  YEAR 2011
 ----------------------------------------------------------------------------------------------------------------------------
 DAYS 0000 0001 0002 0003 0004 0005 0006 0007 0008 0009 0010 0011 0012 0013 0014 0015 0016 0017 0018 0019 0020 0021 0022 0023
 ----------------------------------------------------------------------------------------------------------------------------
  1   3.87 4.52 4.90 4.85 4.29 3.61 2.98 2.39 1.89 1.55 1.45 2.25 3.07 3.80 4.27 4.47 4.13 3.53 2.96 2.44 2.00 1.74 1.83 2.54
  2   3.23 3.88 4.37 4.63 4.48 3.95 3.36 2.79 2.26 1.88 1.63 1.76 2.51 3.16 3.77 4.13 4.25 3.95 3.47 2.98 2.55 2.19 1.98 2.10
  3   2.65 3.17 3.73 4.15 4.36 4.23 3.78 3.24 2.73 2.26 1.91 1.74 2.01 2.62 3.18 3.69 4.01 4.13 3.94 3.55 3.14 2.75 2.40 2.15
  4   2.12 2.45 2.91 3.40 3.85 4.13 4.12 3.78 3.27 2.78 2.35 1.99 1.80 1.97 2.51 3.06 3.59 3.97 4.16 4.03 3.68 3.26 2.86 2.46
  5   2.16 2.02 2.22 2.69 3.20 3.69 4.00 4.11 3.80 3.35 2.85 2.38 2.00 1.76 1.80 2.35 2.90 3.52 4.01 4.29 4.29 3.93 3.45 2.95
  6   2.48 2.10 1.84 1.88 2.51 3.12 3.69 4.09 4.21 3.90 3.40 2.86 2.38 1.96 1.67 1.62 2.20 2.90 3.64 4.22 4.60 4.59 4.11 3.50
  7   2.95 2.42 1.99 1.72 1.73 2.50 3.20 3.85 4.25 4.36 3.95 3.34 2.80 2.26 1.84 1.54 1.48 2.25 3.10 3.91 4.54 4.84 4.67 4.02
  8   3.40 2.78 2.24 1.83 1.57 1.77 2.62 3.43 4.08 4.44 4.44 3.90 3.25 2.65 2.12 1.70 1.41 1.46 2.61 3.55 4.49 5.04 5.10 4.59
  9   3.87 3.16 2.54 2.01 1.60 1.44 1.93 3.01 3.90 4.46 4.72 4.44 3.73 3.03 2.43 1.88 1.47 1.22 1.78 3.04 4.19 4.97 5.31 5.10
 10   4.40 3.63 2.92 2.30 1.81 1.45 1.37 2.40 3.43 4.29 4.87 4.86 4.22 3.50 2.81 2.19 1.66 1.27 1.14 2.37 3.64 4.75 5.37 5.44
 11   4.92 4.11 3.34 2.66 2.04 1.59 1.34 1.69 2.93 3.89 4.62 4.94 4.72 3.97 3.22 2.56 1.97 1.47 1.13 1.38 2.88 4.09 5.08 5.47
 12   5.34 4.61 3.80 3.04 2.36 1.82 1.39 1.23 2.12 3.27 4.23 4.86 4.98 4.43 3.61 2.86 2.20 1.65 1.22 1.04 2.16 3.44 4.61 5.29
 13   5.45 4.98 4.15 3.37 2.65 2.05 1.59 1.27 1.53 2.70 3.68 4.51 4.93 4.83 4.09 3.29 2.60 1.98 1.49 1.15 1.26 2.69 3.89 4.88
 14   5.36 5.28 4.61 3.79 3.04 2.38 1.87 1.45 1.25 1.92 3.07 4.03 4.69 4.92 4.54 3.77 3.01 2.34 1.83 1.42 1.18 2.00 3.21 4.30
 15   5.03 5.29 5.02 4.27 3.51 2.82 2.21 1.72 1.38 1.31 2.31 3.32 4.18 4.69 4.82 4.27 3.53 2.81 2.22 1.76 1.42 1.36 2.49 3.47
 16   4.40 4.95 5.09 4.69 3.97 3.27 2.60 2.05 1.63 1.34 1.48 2.62 3.54 4.29 4.69 4.67 4.06 3.36 2.73 2.18 1.77 1.51 1.76 2.84
 17   3.67 4.43 4.85 4.89 4.36 3.65 2.99 2.40 1.93 1.57 1.38 1.82 2.79 3.59 4.23 4.54 4.41 3.82 3.19 2.62 2.13 1.79 1.59 2.03
 18   2.96 3.71 4.31 4.66 4.62 4.11 3.48 2.84 2.27 1.83 1.50 1.36 1.94 2.81 3.56 4.17 4.48 4.44 3.93 3.33 2.77 2.28 1.92 1.74
 19   2.03 2.80 3.49 4.08 4.45 4.50 4.07 3.45 2.87 2.32 1.89 1.56 1.45 2.03 2.84 3.56 4.16 4.53 4.57 4.14 3.59 3.02 2.51 2.09
 20   1.83 1.85 2.57 3.24 3.88 4.29 4.44 4.14 3.57 2.99 2.44 1.98 1.65 1.50 1.78 2.56 3.32 4.04 4.50 4.71 4.51 3.93 3.33 2.75
 21   2.25 1.91 1.61 2.02 2.86 3.54 4.10 4.43 4.37 3.86 3.24 2.66 2.16 1.75 1.46 1.39 2.14 3.06 3.98 4.65 4.97 4.86 4.27 3.59
 22   2.94 2.38 1.96 1.67 1.68 2.55 3.35 4.07 4.50 4.64 4.24 3.54 2.91 2.34 1.85 1.47 1.27 1.87 3.02 4.11 4.94 5.34 5.22 4.60
 23   3.81 3.09 2.42 1.90 1.51 1.37 2.12 3.14 4.00 4.53 4.73 4.38 3.66 2.98 2.35 1.80 1.36 1.09 1.58 3.00 4.21 5.19 5.52 5.32
 24   4.59 3.77 3.00 2.31 1.76 1.37 1.24 2.12 3.25 4.21 4.81 4.94 4.50 3.72 2.98 2.32 1.74 1.28 0.98 1.52 3.11 4.52 5.44 5.70
 25   5.38 4.53 3.70 2.90 2.14 1.55 1.15 1.04 2.12 3.39 4.46 5.04 5.07 4.47 3.69 2.91 2.21 1.61 1.13 0.90 1.88 3.43 4.83 5.64
 26   5.53 4.98 4.08 3.25 2.50 1.83 1.33 1.09 1.65 2.87 4.11 4.90 5.14 4.64 3.89 3.10 2.36 1.77 1.27 0.94 1.50 3.15 4.56 5.48
 27   5.73 5.37 4.48 3.63 2.81 2.10 1.51 1.12 1.03 2.27 3.61 4.70 5.18 5.12 4.40 3.54 2.76 2.07 1.53 1.11 1.02 2.60 4.07 5.32
 28   5.88 5.71 4.92 4.05 3.13 2.32 1.70 1.19 0.95 1.82 3.24 4.46 5.21 5.35 4.82 3.96 3.14 2.39 1.77 1.32 1.09 2.18 3.54 4.79
 29   5.56 5.71 5.22 4.40 3.56 2.81 2.13 1.60 1.25 1.45 2.76 3.91 4.82 5.25 5.09 4.38 3.57 2.83 2.21 1.73 1.41 1.75 3.00 4.07
 30   4.92 5.36 5.29 4.64 3.85 3.12 2.44 1.92 1.52 1.37 2.18 3.29 4.19 4.80 5.03 4.68 3.97 3.26 2.63 2.12 1.79 1.66 2.48 3.42
 31   4.24 4.80 5.09 4.85 4.20 3.53 2.87 2.31 1.88 1.63 1.83 2.87 3.64 4.29 4.68 4.72 4.25 3.66 3.05 2.52 2.11 1.89 2.13 2.86
 ----------------------------------------------------------------------------------------------------------------------------
                                                                                               
 ----------------------------------------------------------------------------------------------------------------------------
 ----------------------------------------------------------------------------------------------------------------------------
