                                                          SURVEY OF INDIA
                                                    MARINE GEODESY WING (G&RB)
                                                     HOURLY HEIGHTS IN METRES
  NAME OF PORT:- NEW MANGALORE                                                                      MONTH JANUARY   YEAR 2011
 ----------------------------------------------------------------------------------------------------------------------------
 DAYS 0000 0001 0002 0003 0004 0005 0006 0007 0008 0009 0010 0011 0012 0013 0014 0015 0016 0017 0018 0019 0020 0021 0022 0023
 ----------------------------------------------------------------------------------------------------------------------------
  1   1.30 1.23 1.18 1.18 1.21 1.29 1.38 1.43 1.40 1.29 1.08 0.78 0.53 0.30 0.18 0.19 0.32 0.54 0.83 1.10 1.39 1.57 1.64 1.63
  2   1.49 1.31 1.19 1.10 1.08 1.13 1.23 1.34 1.39 1.37 1.28 1.08 0.81 0.54 0.30 0.17 0.18 0.36 0.62 0.90 1.22 1.50 1.68 1.73
  3   1.66 1.50 1.30 1.10 1.01 1.00 1.09 1.21 1.29 1.34 1.34 1.23 1.02 0.75 0.43 0.23 0.13 0.16 0.36 0.63 0.98 1.31 1.54 1.69
  4   1.73 1.62 1.42 1.16 0.97 0.88 0.90 1.04 1.17 1.27 1.34 1.33 1.18 0.98 0.70 0.41 0.25 0.18 0.29 0.54 0.85 1.16 1.48 1.69
  5   1.82 1.82 1.68 1.43 1.18 0.98 0.90 0.98 1.13 1.28 1.41 1.44 1.40 1.24 1.02 0.74 0.47 0.29 0.29 0.45 0.74 1.05 1.36 1.66
  6   1.85 1.82 1.74 1.55 1.28 1.02 0.87 0.85 0.98 1.15 1.28 1.37 1.42 1.36 1.17 0.93 0.64 0.42 0.34 0.40 0.60 0.90 1.21 1.49
  7   1.76 1.83 1.77 1.62 1.36 1.10 0.87 0.82 0.86 1.00 1.14 1.29 1.37 1.39 1.26 1.06 0.86 0.62 0.46 0.42 0.53 0.77 1.06 1.34
  8   1.64 1.76 1.79 1.68 1.50 1.22 0.98 0.81 0.75 0.82 0.97 1.13 1.25 1.33 1.31 1.18 0.99 0.78 0.58 0.48 0.54 0.72 0.95 1.22
  9   1.51 1.71 1.76 1.70 1.56 1.31 1.05 0.85 0.74 0.76 0.85 1.01 1.16 1.28 1.36 1.30 1.14 0.98 0.80 0.68 0.66 0.73 0.94 1.18
 10   1.47 1.67 1.76 1.73 1.63 1.43 1.18 0.96 0.78 0.72 0.79 0.90 1.04 1.19 1.30 1.34 1.24 1.11 0.97 0.84 0.79 0.82 0.94 1.15
 11   1.38 1.56 1.67 1.68 1.60 1.43 1.22 0.98 0.80 0.67 0.66 0.76 0.87 1.01 1.15 1.25 1.26 1.20 1.10 0.99 0.90 0.87 0.95 1.09
 12   1.24 1.39 1.54 1.59 1.53 1.41 1.23 1.04 0.82 0.62 0.56 0.59 0.69 0.82 0.95 1.08 1.17 1.21 1.19 1.12 1.05 1.00 1.02 1.08
 13   1.20 1.31 1.44 1.54 1.56 1.49 1.33 1.14 0.91 0.70 0.60 0.55 0.57 0.68 0.80 0.94 1.08 1.20 1.24 1.24 1.19 1.15 1.13 1.13
 14   1.17 1.28 1.35 1.41 1.44 1.41 1.33 1.21 1.02 0.81 0.64 0.52 0.49 0.51 0.61 0.76 0.95 1.11 1.22 1.30 1.33 1.31 1.29 1.24
 15   1.20 1.24 1.29 1.34 1.37 1.40 1.36 1.28 1.15 0.96 0.78 0.61 0.46 0.41 0.45 0.56 0.70 0.88 1.06 1.23 1.35 1.38 1.34 1.29
 16   1.22 1.16 1.16 1.19 1.25 1.31 1.32 1.30 1.23 1.07 0.89 0.70 0.50 0.36 0.28 0.34 0.48 0.71 0.95 1.15 1.33 1.46 1.49 1.44
 17   1.34 1.25 1.15 1.13 1.15 1.20 1.25 1.29 1.28 1.20 1.06 0.84 0.59 0.36 0.21 0.16 0.26 0.48 0.72 0.98 1.24 1.43 1.56 1.57
 18   1.47 1.32 1.19 1.07 1.03 1.06 1.13 1.22 1.28 1.25 1.17 1.02 0.79 0.48 0.21 0.08 0.07 0.24 0.50 0.79 1.12 1.36 1.58 1.66
 19   1.58 1.42 1.24 1.04 0.93 0.92 1.04 1.15 1.24 1.32 1.33 1.23 1.05 0.78 0.42 0.18 0.08 0.12 0.33 0.61 0.96 1.30 1.60 1.76
 20   1.76 1.66 1.44 1.20 0.98 0.89 0.95 1.05 1.18 1.31 1.41 1.43 1.30 1.08 0.76 0.40 0.18 0.11 0.17 0.43 0.75 1.12 1.46 1.73
 21   1.92 1.87 1.66 1.34 1.06 0.89 0.84 0.93 1.09 1.29 1.47 1.56 1.55 1.40 1.13 0.82 0.55 0.32 0.28 0.43 0.71 1.07 1.43 1.75
 22   1.93 2.01 1.87 1.57 1.24 0.94 0.76 0.76 0.90 1.09 1.32 1.52 1.64 1.60 1.47 1.22 0.88 0.59 0.41 0.40 0.64 0.94 1.29 1.63
 23   1.94 2.03 1.98 1.80 1.42 1.04 0.77 0.65 0.65 0.81 1.04 1.28 1.51 1.65 1.63 1.48 1.24 0.90 0.67 0.54 0.62 0.84 1.14 1.46
 24   1.78 1.96 1.99 1.88 1.62 1.22 0.88 0.65 0.55 0.57 0.78 1.03 1.26 1.50 1.61 1.57 1.46 1.26 0.98 0.78 0.74 0.83 1.04 1.29
 25   1.54 1.82 1.94 1.94 1.76 1.47 1.11 0.80 0.58 0.49 0.56 0.76 0.99 1.24 1.43 1.55 1.58 1.49 1.30 1.10 0.96 0.93 1.05 1.21
 26   1.43 1.64 1.80 1.84 1.74 1.56 1.25 0.94 0.65 0.45 0.41 0.50 0.67 0.88 1.12 1.32 1.46 1.49 1.43 1.30 1.17 1.07 1.07 1.13
 27   1.28 1.43 1.61 1.73 1.72 1.60 1.42 1.19 0.90 0.63 0.46 0.43 0.52 0.68 0.89 1.10 1.30 1.45 1.51 1.50 1.43 1.34 1.25 1.23
 28   1.23 1.37 1.47 1.55 1.60 1.55 1.45 1.30 1.07 0.80 0.59 0.45 0.40 0.45 0.59 0.78 1.00 1.19 1.35 1.46 1.51 1.47 1.37 1.28
 29   1.21 1.24 1.29 1.36 1.43 1.45 1.44 1.40 1.29 1.09 0.87 0.65 0.49 0.42 0.49 0.61 0.79 1.00 1.23 1.44 1.58 1.63 1.62 1.53
 30   1.42 1.31 1.26 1.29 1.34 1.40 1.44 1.45 1.40 1.29 1.10 0.89 0.70 0.54 0.46 0.50 0.63 0.82 1.09 1.33 1.54 1.70 1.76 1.69
 31   1.61 1.46 1.34 1.27 1.23 1.28 1.37 1.44 1.49 1.48 1.35 1.20 0.99 0.74 0.58 0.50 0.54 0.71 0.95 1.21 1.46 1.72 1.83 1.84
 ----------------------------------------------------------------------------------------------------------------------------
                                                                                               
 ----------------------------------------------------------------------------------------------------------------------------
 ----------------------------------------------------------------------------------------------------------------------------
                                                          SURVEY OF INDIA
                                                    MARINE GEODESY WING (G&RB)
                                                     HOURLY HEIGHTS IN METRES
  NAME OF PORT:- NEW MANGALORE                                                                      MONTH FEBRUARY  YEAR 2011
 ----------------------------------------------------------------------------------------------------------------------------
 DAYS 0000 0001 0002 0003 0004 0005 0006 0007 0008 0009 0010 0011 0012 0013 0014 0015 0016 0017 0018 0019 0020 0021 0022 0023
 ----------------------------------------------------------------------------------------------------------------------------
  1   1.73 1.57 1.41 1.26 1.13 1.13 1.23 1.33 1.42 1.49 1.48 1.39 1.20 0.96 0.74 0.54 0.47 0.59 0.78 1.03 1.32 1.60 1.82 1.91
  2   1.88 1.72 1.52 1.32 1.13 1.05 1.10 1.22 1.36 1.49 1.55 1.54 1.42 1.19 0.93 0.68 0.52 0.47 0.60 0.84 1.11 1.40 1.68 1.86
  3   1.88 1.81 1.60 1.36 1.15 0.98 0.94 1.04 1.18 1.33 1.47 1.55 1.49 1.33 1.12 0.88 0.62 0.52 0.55 0.71 0.98 1.24 1.53 1.75
  4   1.88 1.85 1.68 1.44 1.16 0.95 0.83 0.89 1.02 1.20 1.36 1.51 1.55 1.44 1.26 1.04 0.80 0.60 0.54 0.68 0.92 1.19 1.46 1.71
  5   1.88 1.88 1.76 1.55 1.28 0.99 0.85 0.81 0.88 1.10 1.27 1.43 1.51 1.52 1.37 1.16 0.91 0.72 0.61 0.64 0.80 1.04 1.33 1.58
  6   1.80 1.83 1.74 1.54 1.28 1.02 0.83 0.74 0.78 0.93 1.09 1.29 1.45 1.51 1.43 1.25 1.06 0.87 0.69 0.64 0.76 0.97 1.19 1.44
  7   1.68 1.76 1.77 1.60 1.37 1.08 0.83 0.69 0.67 0.74 0.91 1.10 1.29 1.42 1.42 1.31 1.15 0.92 0.75 0.66 0.74 0.90 1.10 1.31
  8   1.53 1.66 1.66 1.52 1.30 1.05 0.83 0.62 0.52 0.59 0.76 0.92 1.11 1.28 1.36 1.36 1.27 1.10 0.93 0.82 0.81 0.90 1.07 1.25
  9   1.48 1.59 1.67 1.59 1.40 1.16 0.92 0.70 0.55 0.52 0.63 0.77 0.96 1.14 1.28 1.36 1.35 1.25 1.13 1.02 0.94 0.94 1.08 1.22
 10   1.42 1.50 1.57 1.56 1.42 1.22 1.00 0.74 0.56 0.49 0.50 0.63 0.81 0.98 1.15 1.28 1.34 1.33 1.25 1.17 1.09 1.05 1.12 1.21
 11   1.35 1.43 1.52 1.54 1.46 1.32 1.11 0.90 0.70 0.54 0.50 0.54 0.68 0.84 1.00 1.14 1.28 1.33 1.33 1.28 1.20 1.15 1.15 1.20
 12   1.28 1.38 1.46 1.48 1.44 1.33 1.18 1.02 0.80 0.63 0.49 0.45 0.53 0.65 0.78 0.96 1.14 1.27 1.32 1.33 1.29 1.24 1.22 1.26
 13   1.25 1.29 1.32 1.35 1.37 1.34 1.26 1.13 0.96 0.78 0.62 0.51 0.48 0.51 0.63 0.76 0.94 1.13 1.28 1.37 1.42 1.39 1.34 1.30
 14   1.25 1.24 1.26 1.28 1.31 1.34 1.32 1.25 1.14 1.00 0.83 0.66 0.52 0.46 0.48 0.60 0.78 0.95 1.17 1.35 1.49 1.58 1.54 1.45
 15   1.35 1.26 1.20 1.20 1.23 1.27 1.32 1.36 1.33 1.24 1.09 0.86 0.67 0.50 0.39 0.40 0.53 0.74 0.98 1.21 1.44 1.58 1.64 1.58
 16   1.46 1.30 1.17 1.09 1.07 1.15 1.24 1.33 1.37 1.37 1.31 1.11 0.88 0.64 0.44 0.32 0.37 0.51 0.75 1.02 1.34 1.58 1.76 1.76
 17   1.61 1.42 1.22 1.08 0.97 0.97 1.09 1.24 1.38 1.50 1.50 1.37 1.18 0.91 0.61 0.39 0.26 0.36 0.56 0.82 1.16 1.51 1.70 1.83
 18   1.76 1.57 1.32 1.02 0.84 0.75 0.84 1.03 1.23 1.40 1.53 1.55 1.44 1.20 0.86 0.51 0.30 0.22 0.35 0.64 0.94 1.29 1.60 1.79
 19   1.82 1.67 1.40 1.04 0.74 0.54 0.54 0.70 0.95 1.21 1.42 1.58 1.57 1.43 1.16 0.80 0.52 0.30 0.31 0.50 0.81 1.18 1.54 1.77
 20   1.82 1.77 1.53 1.14 0.76 0.47 0.36 0.45 0.67 0.97 1.24 1.50 1.68 1.61 1.44 1.14 0.80 0.54 0.42 0.50 0.74 1.05 1.39 1.69
 21   1.80 1.82 1.64 1.27 0.81 0.44 0.20 0.15 0.28 0.57 0.86 1.16 1.43 1.59 1.51 1.34 1.08 0.76 0.52 0.45 0.56 0.84 1.12 1.41
 22   1.65 1.75 1.64 1.40 1.03 0.60 0.30 0.09 0.06 0.25 0.57 0.87 1.18 1.41 1.50 1.46 1.32 1.07 0.81 0.65 0.64 0.77 0.97 1.21
 23   1.45 1.62 1.66 1.51 1.24 0.90 0.54 0.25 0.13 0.15 0.32 0.56 0.85 1.17 1.38 1.47 1.45 1.29 1.09 0.91 0.83 0.81 0.91 1.11
 24   1.20 1.24 1.24 1.20 1.09 0.94 0.74 0.49 0.26 0.16 0.19 0.36 0.58 0.81 1.09 1.29 1.37 1.35 1.24 1.08 0.95 0.86 0.88 0.97
 25   1.09 1.21 1.33 1.37 1.31 1.18 0.98 0.73 0.47 0.29 0.20 0.24 0.39 0.57 0.79 1.02 1.18 1.28 1.32 1.27 1.17 1.05 0.97 0.95
 26   1.03 1.12 1.21 1.27 1.29 1.25 1.15 0.97 0.75 0.56 0.40 0.33 0.35 0.45 0.60 0.78 0.97 1.15 1.28 1.37 1.37 1.30 1.18 1.11
 27   1.03 1.04 1.09 1.14 1.18 1.20 1.19 1.14 1.01 0.86 0.69 0.51 0.38 0.39 0.46 0.62 0.80 0.96 1.12 1.28 1.38 1.39 1.30 1.18
 28   1.09 1.00 0.95 0.95 0.99 1.06 1.13 1.16 1.14 1.04 0.90 0.71 0.55 0.44 0.40 0.50 0.64 0.81 1.02 1.24 1.38 1.49 1.48 1.37
 ----------------------------------------------------------------------------------------------------------------------------
                                                                                               
 ----------------------------------------------------------------------------------------------------------------------------
 ----------------------------------------------------------------------------------------------------------------------------
                                                          SURVEY OF INDIA
                                                    MARINE GEODESY WING (G&RB)
                                                     HOURLY HEIGHTS IN METRES
  NAME OF PORT:- NEW MANGALORE                                                                      MONTH MARCH     YEAR 2011
 ----------------------------------------------------------------------------------------------------------------------------
 DAYS 0000 0001 0002 0003 0004 0005 0006 0007 0008 0009 0010 0011 0012 0013 0014 0015 0016 0017 0018 0019 0020 0021 0022 0023
 ----------------------------------------------------------------------------------------------------------------------------
  1   1.22 1.08 0.98 0.93 0.93 1.00 1.12 1.20 1.26 1.24 1.17 1.02 0.86 0.70 0.55 0.50 0.60 0.76 0.96 1.18 1.38 1.57 1.62 1.57
  2   1.44 1.25 1.04 0.89 0.84 0.88 0.99 1.13 1.24 1.33 1.35 1.26 1.10 0.91 0.72 0.57 0.56 0.65 0.83 1.07 1.31 1.50 1.64 1.66
  3   1.58 1.39 1.18 0.97 0.84 0.84 0.92 1.08 1.24 1.36 1.45 1.45 1.36 1.17 0.94 0.75 0.61 0.61 0.77 0.97 1.22 1.45 1.61 1.73
  4   1.68 1.49 1.26 1.03 0.85 0.73 0.78 0.93 1.10 1.28 1.47 1.53 1.46 1.32 1.08 0.86 0.67 0.62 0.73 0.91 1.16 1.38 1.59 1.73
  5   1.68 1.57 1.36 1.10 0.86 0.70 0.69 0.84 1.04 1.24 1.41 1.55 1.57 1.48 1.29 1.04 0.82 0.69 0.69 0.86 1.06 1.31 1.55 1.70
  6   1.75 1.61 1.42 1.16 0.86 0.67 0.60 0.68 0.85 1.09 1.30 1.50 1.62 1.58 1.40 1.18 0.97 0.81 0.73 0.81 1.00 1.24 1.46 1.68
  7   1.72 1.65 1.52 1.28 0.96 0.73 0.58 0.58 0.74 0.95 1.16 1.40 1.57 1.58 1.47 1.30 1.08 0.89 0.76 0.77 0.94 1.13 1.32 1.55
  8   1.66 1.66 1.51 1.28 0.97 0.70 0.51 0.47 0.58 0.78 0.99 1.22 1.44 1.56 1.49 1.36 1.20 1.02 0.86 0.82 0.90 1.06 1.27 1.45
  9   1.59 1.64 1.55 1.34 1.09 0.79 0.56 0.42 0.46 0.63 0.87 1.12 1.34 1.51 1.54 1.46 1.31 1.15 0.96 0.85 0.89 1.04 1.21 1.38
 10   1.50 1.57 1.55 1.39 1.13 0.84 0.62 0.43 0.38 0.50 0.68 0.89 1.15 1.37 1.46 1.46 1.37 1.24 1.08 0.95 0.90 0.96 1.10 1.26
 11   1.40 1.49 1.48 1.38 1.20 0.95 0.73 0.53 0.40 0.40 0.55 0.74 0.98 1.20 1.34 1.42 1.44 1.36 1.21 1.08 1.02 1.01 1.10 1.21
 12   1.34 1.45 1.52 1.46 1.35 1.16 0.96 0.73 0.55 0.49 0.55 0.68 0.86 1.04 1.22 1.37 1.44 1.43 1.35 1.25 1.16 1.14 1.17 1.24
 13   1.32 1.39 1.45 1.44 1.38 1.26 1.09 0.93 0.74 0.59 0.54 0.61 0.71 0.88 1.06 1.21 1.34 1.41 1.43 1.39 1.31 1.23 1.18 1.19
 14   1.24 1.29 1.34 1.39 1.38 1.33 1.23 1.06 0.89 0.73 0.63 0.54 0.60 0.70 0.84 1.00 1.20 1.34 1.44 1.51 1.48 1.39 1.30 1.24
 15   1.19 1.19 1.22 1.27 1.33 1.33 1.30 1.23 1.09 0.92 0.79 0.67 0.57 0.55 0.63 0.78 0.99 1.18 1.34 1.47 1.51 1.49 1.42 1.28
 16   1.14 1.07 1.05 1.08 1.14 1.21 1.27 1.31 1.27 1.16 1.00 0.82 0.65 0.54 0.49 0.54 0.76 0.98 1.20 1.39 1.54 1.58 1.52 1.38
 17   1.19 1.04 0.94 0.90 0.91 1.03 1.16 1.26 1.34 1.35 1.25 1.08 0.85 0.63 0.49 0.46 0.58 0.76 0.96 1.24 1.49 1.63 1.65 1.54
 18   1.30 1.08 0.84 0.72 0.66 0.74 0.94 1.14 1.30 1.44 1.49 1.37 1.17 0.89 0.66 0.52 0.48 0.60 0.81 1.09 1.40 1.64 1.74 1.67
 19   1.53 1.22 0.90 0.64 0.48 0.48 0.66 0.90 1.14 1.40 1.58 1.63 1.52 1.28 0.96 0.70 0.54 0.51 0.66 0.99 1.29 1.55 1.72 1.76
 20   1.64 1.33 0.95 0.59 0.36 0.26 0.37 0.63 0.93 1.26 1.53 1.71 1.67 1.52 1.24 0.92 0.66 0.52 0.61 0.86 1.12 1.40 1.64 1.77
 21   1.74 1.55 1.20 0.74 0.40 0.13 0.13 0.31 0.61 0.98 1.30 1.63 1.79 1.75 1.59 1.28 0.94 0.72 0.61 0.74 0.97 1.23 1.47 1.70
 22   1.81 1.71 1.48 1.12 0.61 0.28 0.06 0.08 0.34 0.65 1.03 1.38 1.64 1.80 1.75 1.55 1.28 1.00 0.78 0.73 0.87 1.10 1.34 1.55
 23   1.72 1.73 1.58 1.30 0.91 0.46 0.15 0.04 0.13 0.39 0.75 1.07 1.40 1.64 1.72 1.70 1.49 1.22 0.98 0.81 0.85 0.99 1.17 1.36
 24   1.55 1.67 1.61 1.43 1.17 0.77 0.43 0.19 0.12 0.25 0.50 0.79 1.11 1.38 1.60 1.65 1.61 1.44 1.20 1.00 0.91 0.90 1.02 1.18
 25   1.34 1.49 1.55 1.45 1.31 1.07 0.75 0.48 0.29 0.23 0.37 0.58 0.82 1.08 1.31 1.44 1.50 1.46 1.35 1.14 0.99 0.91 0.91 1.00
 26   1.11 1.24 1.32 1.35 1.27 1.13 0.93 0.65 0.45 0.34 0.33 0.46 0.62 0.81 1.03 1.24 1.36 1.41 1.40 1.30 1.16 1.05 0.96 0.92
 27   0.99 1.07 1.14 1.18 1.20 1.14 1.04 0.89 0.70 0.56 0.47 0.44 0.50 0.62 0.80 0.97 1.12 1.23 1.32 1.36 1.28 1.16 1.05 0.96
 28   0.87 0.89 0.93 0.98 1.02 1.05 1.04 0.99 0.90 0.77 0.66 0.54 0.48 0.54 0.63 0.78 0.94 1.11 1.24 1.34 1.38 1.32 1.20 1.08
 29   0.94 0.86 0.80 0.84 0.90 0.98 1.05 1.08 1.06 0.99 0.88 0.76 0.64 0.55 0.56 0.68 0.82 0.96 1.13 1.28 1.40 1.43 1.35 1.23
 30   1.11 0.91 0.80 0.74 0.79 0.89 0.99 1.08 1.17 1.20 1.14 1.04 0.88 0.71 0.63 0.61 0.73 0.86 1.02 1.19 1.34 1.44 1.46 1.36
 31   1.21 0.98 0.79 0.69 0.65 0.71 0.82 0.97 1.08 1.18 1.21 1.14 1.02 0.80 0.66 0.58 0.59 0.71 0.90 1.09 1.24 1.37 1.40 1.36
 ----------------------------------------------------------------------------------------------------------------------------
                                                                                               
 ----------------------------------------------------------------------------------------------------------------------------
 ----------------------------------------------------------------------------------------------------------------------------
                                                          SURVEY OF INDIA
                                                    MARINE GEODESY WING (G&RB)
                                                     HOURLY HEIGHTS IN METRES
  NAME OF PORT:- NEW MANGALORE                                                                      MONTH APRIL     YEAR 2011
 ----------------------------------------------------------------------------------------------------------------------------
 DAYS 0000 0001 0002 0003 0004 0005 0006 0007 0008 0009 0010 0011 0012 0013 0014 0015 0016 0017 0018 0019 0020 0021 0022 0023
 ----------------------------------------------------------------------------------------------------------------------------
  1   1.20 0.96 0.72 0.57 0.49 0.56 0.71 0.86 1.04 1.18 1.27 1.28 1.15 0.98 0.81 0.68 0.62 0.65 0.79 0.97 1.16 1.30 1.42 1.40
  2   1.25 1.06 0.80 0.55 0.42 0.43 0.55 0.72 0.95 1.15 1.29 1.36 1.29 1.17 1.00 0.82 0.67 0.64 0.76 0.94 1.13 1.31 1.43 1.48
  3   1.35 1.14 0.86 0.60 0.42 0.38 0.46 0.66 0.89 1.13 1.33 1.43 1.42 1.30 1.12 0.94 0.76 0.67 0.67 0.84 1.05 1.22 1.34 1.42
  4   1.38 1.19 0.92 0.64 0.42 0.30 0.35 0.52 0.76 1.02 1.27 1.45 1.50 1.39 1.22 1.04 0.84 0.69 0.69 0.80 0.99 1.16 1.30 1.43
  5   1.40 1.22 0.97 0.70 0.46 0.28 0.22 0.30 0.56 0.84 1.11 1.34 1.48 1.46 1.35 1.17 0.94 0.76 0.69 0.74 0.89 1.08 1.23 1.36
  6   1.42 1.32 1.08 0.82 0.56 0.35 0.19 0.22 0.45 0.71 0.98 1.26 1.45 1.50 1.45 1.31 1.10 0.89 0.77 0.74 0.86 1.04 1.19 1.33
  7   1.44 1.34 1.16 0.90 0.64 0.38 0.19 0.15 0.32 0.56 0.84 1.12 1.32 1.47 1.51 1.41 1.24 1.04 0.88 0.80 0.82 0.96 1.12 1.24
  8   1.34 1.35 1.21 1.02 0.80 0.52 0.28 0.17 0.23 0.42 0.66 0.93 1.19 1.38 1.48 1.46 1.32 1.18 1.02 0.88 0.87 0.94 1.06 1.20
  9   1.34 1.34 1.28 1.14 0.95 0.70 0.47 0.31 0.26 0.38 0.54 0.78 1.04 1.26 1.41 1.45 1.41 1.30 1.15 1.03 0.92 0.92 1.00 1.12
 10   1.23 1.29 1.30 1.22 1.07 0.88 0.65 0.44 0.31 0.28 0.40 0.60 0.82 1.04 1.22 1.34 1.40 1.37 1.24 1.08 0.95 0.89 0.92 0.98
 11   1.06 1.17 1.22 1.20 1.14 0.99 0.80 0.62 0.48 0.38 0.40 0.47 0.62 0.82 1.04 1.22 1.32 1.36 1.36 1.30 1.18 1.06 0.97 0.94
 12   1.02 1.08 1.12 1.17 1.19 1.14 1.02 0.90 0.75 0.62 0.52 0.50 0.56 0.70 0.88 1.07 1.25 1.39 1.48 1.46 1.36 1.22 1.10 1.00
 13   0.92 0.97 1.02 1.08 1.14 1.18 1.17 1.13 1.05 0.90 0.76 0.62 0.58 0.65 0.80 0.97 1.16 1.32 1.42 1.50 1.50 1.39 1.20 0.99
 14   0.85 0.82 0.82 0.89 1.00 1.12 1.22 1.28 1.26 1.16 0.99 0.84 0.68 0.61 0.65 0.78 0.96 1.15 1.32 1.47 1.52 1.47 1.31 1.10
 15   0.89 0.72 0.64 0.64 0.76 0.94 1.12 1.27 1.36 1.34 1.25 1.08 0.90 0.74 0.64 0.67 0.78 0.99 1.20 1.40 1.57 1.63 1.52 1.28
 16   1.00 0.71 0.51 0.40 0.47 0.67 0.88 1.11 1.36 1.54 1.58 1.44 1.24 1.01 0.77 0.69 0.76 0.90 1.10 1.32 1.50 1.62 1.62 1.44
 17   1.14 0.82 0.52 0.35 0.30 0.44 0.70 0.96 1.22 1.48 1.68 1.69 1.56 1.32 1.07 0.83 0.74 0.84 1.01 1.22 1.44 1.60 1.66 1.61
 18   1.34 1.00 0.64 0.34 0.19 0.20 0.40 0.73 1.04 1.32 1.60 1.82 1.80 1.68 1.40 1.13 0.88 0.79 0.92 1.12 1.34 1.57 1.70 1.71
 19   1.60 1.26 0.87 0.47 0.15 0.03 0.10 0.37 0.76 1.11 1.42 1.71 1.83 1.80 1.64 1.33 1.05 0.83 0.79 0.90 1.11 1.31 1.52 1.66
 20   1.63 1.42 1.15 0.73 0.38 0.10-0.07-0.01 0.34 0.69 1.05 1.44 1.73 1.82 1.78 1.57 1.21 0.98 0.85 0.83 0.94 1.13 1.31 1.48
 21   1.63 1.53 1.33 1.02 0.64 0.29 0.05-0.03 0.12 0.44 0.81 1.22 1.54 1.76 1.81 1.71 1.46 1.20 1.02 0.90 0.88 0.99 1.16 1.33
 22   1.52 1.56 1.44 1.25 0.98 0.66 0.32 0.17 0.18 0.36 0.62 0.95 1.27 1.52 1.70 1.75 1.62 1.42 1.20 1.02 0.89 0.88 1.01 1.14
 23   1.30 1.44 1.45 1.36 1.20 0.94 0.68 0.45 0.29 0.34 0.51 0.77 1.06 1.33 1.53 1.63 1.65 1.58 1.40 1.23 1.06 0.97 0.96 1.06
 24   1.20 1.30 1.37 1.36 1.26 1.11 0.94 0.73 0.59 0.53 0.56 0.70 0.94 1.16 1.39 1.56 1.65 1.66 1.59 1.42 1.25 1.12 1.02 0.99
 25   1.06 1.15 1.23 1.28 1.29 1.26 1.15 1.00 0.87 0.75 0.69 0.74 0.83 0.99 1.18 1.35 1.47 1.53 1.55 1.48 1.34 1.19 1.06 0.96
 26   0.90 0.96 1.04 1.12 1.18 1.21 1.17 1.08 0.99 0.88 0.78 0.74 0.78 0.88 1.02 1.17 1.30 1.41 1.49 1.50 1.41 1.27 1.13 0.99
 27   0.85 0.82 0.84 0.88 0.97 1.07 1.14 1.17 1.14 1.06 0.98 0.89 0.84 0.83 0.91 1.05 1.17 1.30 1.42 1.50 1.50 1.42 1.28 1.11
 28   0.91 0.77 0.74 0.77 0.86 0.98 1.12 1.24 1.28 1.26 1.19 1.09 0.98 0.90 0.91 0.97 1.07 1.19 1.32 1.42 1.47 1.44 1.30 1.13
 29   0.98 0.80 0.65 0.60 0.68 0.82 0.96 1.12 1.26 1.34 1.33 1.23 1.08 0.94 0.85 0.83 0.89 1.02 1.16 1.28 1.38 1.44 1.41 1.23
 30   0.97 0.75 0.58 0.48 0.49 0.62 0.79 0.99 1.17 1.31 1.36 1.31 1.19 1.05 0.93 0.86 0.86 0.94 1.07 1.20 1.31 1.35 1.31 1.23
 ----------------------------------------------------------------------------------------------------------------------------
                                                                                               
 ----------------------------------------------------------------------------------------------------------------------------
 ----------------------------------------------------------------------------------------------------------------------------
                                                          SURVEY OF INDIA
                                                    MARINE GEODESY WING (G&RB)
                                                     HOURLY HEIGHTS IN METRES
  NAME OF PORT:- NEW MANGALORE                                                                      MONTH MAY       YEAR 2011
 ----------------------------------------------------------------------------------------------------------------------------
 DAYS 0000 0001 0002 0003 0004 0005 0006 0007 0008 0009 0010 0011 0012 0013 0014 0015 0016 0017 0018 0019 0020 0021 0022 0023
 ----------------------------------------------------------------------------------------------------------------------------
  1   0.96 0.72 0.50 0.35 0.35 0.48 0.67 0.85 1.06 1.28 1.42 1.45 1.36 1.21 1.06 0.94 0.86 0.87 1.00 1.13 1.26 1.37 1.37 1.27
  2   1.07 0.82 0.58 0.36 0.25 0.32 0.47 0.72 0.95 1.21 1.42 1.50 1.48 1.36 1.20 1.04 0.87 0.83 0.92 1.06 1.20 1.34 1.38 1.30
  3   1.10 0.92 0.65 0.40 0.24 0.20 0.32 0.57 0.83 1.10 1.36 1.54 1.56 1.45 1.29 1.12 0.94 0.84 0.85 0.97 1.11 1.23 1.32 1.33
  4   1.20 1.02 0.76 0.49 0.27 0.15 0.19 0.37 0.62 0.94 1.23 1.45 1.56 1.53 1.37 1.21 1.04 0.87 0.81 0.87 1.01 1.16 1.27 1.34
  5   1.25 1.09 0.86 0.55 0.30 0.14 0.08 0.23 0.47 0.76 1.07 1.31 1.50 1.56 1.49 1.34 1.14 0.94 0.81 0.71 0.77 0.90 1.02 1.13
  6   1.24 1.11 0.92 0.65 0.37 0.13 0.00 0.04 0.24 0.48 0.78 1.12 1.35 1.47 1.46 1.33 1.09 0.89 0.78 0.81 0.90 1.02 1.16 1.24
  7   1.24 1.18 1.03 0.78 0.52 0.28 0.09 0.03 0.14 0.39 0.66 0.94 1.24 1.43 1.53 1.45 1.29 1.08 0.89 0.77 0.75 0.86 0.96 1.08
  8   1.18 1.20 1.10 0.93 0.73 0.48 0.25 0.13 0.13 0.30 0.54 0.79 1.05 1.28 1.45 1.49 1.41 1.25 1.07 0.89 0.81 0.80 0.89 0.99
  9   1.09 1.15 1.16 1.05 0.90 0.71 0.47 0.29 0.20 0.22 0.40 0.64 0.86 1.09 1.30 1.43 1.43 1.33 1.15 0.98 0.81 0.73 0.73 0.81
 10   0.90 1.01 1.07 1.07 1.02 0.89 0.70 0.52 0.37 0.30 0.34 0.48 0.67 0.87 1.10 1.30 1.40 1.38 1.25 1.10 0.95 0.79 0.67 0.68
 11   0.77 0.84 0.93 1.01 1.05 1.03 0.93 0.79 0.63 0.50 0.43 0.50 0.64 0.81 1.03 1.21 1.35 1.42 1.40 1.28 1.11 0.90 0.72 0.64
 12   0.62 0.64 0.74 0.87 1.01 1.08 1.08 1.01 0.90 0.76 0.63 0.55 0.54 0.64 0.81 1.00 1.19 1.33 1.41 1.38 1.24 1.07 0.83 0.62
 13   0.52 0.44 0.51 0.65 0.80 0.97 1.08 1.15 1.16 1.07 0.94 0.81 0.67 0.66 0.76 0.90 1.08 1.24 1.36 1.43 1.41 1.23 0.99 0.73
 14   0.51 0.33 0.29 0.38 0.57 0.77 0.98 1.18 1.33 1.35 1.25 1.09 0.89 0.76 0.73 0.79 0.95 1.13 1.29 1.41 1.46 1.36 1.19 0.91
 15   0.57 0.29 0.17 0.17 0.28 0.52 0.80 1.07 1.32 1.49 1.53 1.40 1.22 1.03 0.85 0.80 0.83 0.95 1.13 1.28 1.40 1.46 1.33 1.10
 16   0.70 0.40 0.14-0.04 0.01 0.22 0.51 0.79 1.11 1.39 1.60 1.64 1.49 1.23 1.00 0.83 0.76 0.83 0.99 1.17 1.32 1.41 1.39 1.26
 17   0.99 0.55 0.26 0.00-0.15-0.06 0.24 0.60 0.95 1.30 1.58 1.68 1.68 1.52 1.27 1.05 0.84 0.75 0.86 1.03 1.20 1.34 1.40 1.37
 18   1.19 0.87 0.57 0.20-0.09-0.17-0.10 0.26 0.61 1.00 1.37 1.62 1.72 1.68 1.51 1.28 0.97 0.77 0.75 0.88 1.06 1.24 1.37 1.44
 19   1.31 1.11 0.82 0.44 0.13-0.05-0.10 0.12 0.44 0.82 1.19 1.48 1.68 1.76 1.70 1.45 1.18 0.94 0.80 0.78 0.94 1.11 1.24 1.39
 20   1.39 1.29 1.10 0.79 0.43 0.17 0.00 0.05 0.27 0.57 0.90 1.24 1.50 1.67 1.70 1.62 1.39 1.15 0.90 0.76 0.76 0.90 1.10 1.20
 21   1.30 1.36 1.23 1.05 0.78 0.43 0.19 0.14 0.20 0.40 0.69 0.98 1.27 1.55 1.66 1.65 1.54 1.30 1.07 0.87 0.79 0.82 0.90 1.04
 22   1.19 1.28 1.26 1.14 0.96 0.77 0.52 0.30 0.24 0.37 0.60 0.85 1.09 1.33 1.55 1.63 1.59 1.44 1.18 0.98 0.83 0.73 0.74 0.86
 23   0.95 1.10 1.16 1.17 1.10 0.95 0.74 0.51 0.38 0.40 0.56 0.75 0.97 1.17 1.38 1.52 1.51 1.46 1.33 1.14 0.93 0.80 0.70 0.72
 24   0.83 0.91 1.01 1.07 1.10 1.06 0.93 0.78 0.65 0.52 0.53 0.67 0.82 1.02 1.22 1.35 1.43 1.42 1.34 1.23 1.04 0.83 0.70 0.64
 25   0.68 0.76 0.86 0.94 1.01 1.06 1.04 0.96 0.86 0.74 0.70 0.73 0.83 0.95 1.10 1.25 1.34 1.40 1.40 1.30 1.17 1.00 0.80 0.69
 26   0.60 0.64 0.73 0.81 0.91 1.02 1.06 1.06 1.02 0.95 0.86 0.78 0.78 0.88 1.00 1.11 1.22 1.30 1.33 1.27 1.17 1.01 0.83 0.68
 27   0.53 0.50 0.52 0.58 0.70 0.84 0.97 1.06 1.08 1.06 1.01 0.93 0.87 0.87 0.92 1.02 1.11 1.19 1.25 1.27 1.24 1.12 0.92 0.72
 28   0.52 0.38 0.35 0.41 0.57 0.74 0.90 1.05 1.16 1.19 1.14 1.04 0.96 0.92 0.91 0.96 1.05 1.13 1.21 1.26 1.23 1.13 0.98 0.80
 29   0.59 0.44 0.36 0.36 0.45 0.61 0.80 1.01 1.19 1.30 1.29 1.21 1.10 0.98 0.90 0.86 0.91 1.00 1.10 1.20 1.24 1.20 1.05 0.87
 30   0.64 0.40 0.28 0.20 0.26 0.41 0.62 0.86 1.08 1.24 1.33 1.34 1.23 1.07 0.96 0.88 0.84 0.87 0.94 1.04 1.14 1.18 1.11 0.96
 31   0.72 0.53 0.31 0.16 0.12 0.21 0.41 0.71 0.98 1.21 1.36 1.40 1.35 1.22 1.08 0.95 0.84 0.82 0.88 1.00 1.13 1.20 1.16 1.04
 ----------------------------------------------------------------------------------------------------------------------------
                                                                                               
 ----------------------------------------------------------------------------------------------------------------------------
 ----------------------------------------------------------------------------------------------------------------------------
                                                          SURVEY OF INDIA
                                                    MARINE GEODESY WING (G&RB)
                                                     HOURLY HEIGHTS IN METRES
  NAME OF PORT:- NEW MANGALORE                                                                      MONTH JUNE      YEAR 2011
 ----------------------------------------------------------------------------------------------------------------------------
 DAYS 0000 0001 0002 0003 0004 0005 0006 0007 0008 0009 0010 0011 0012 0013 0014 0015 0016 0017 0018 0019 0020 0021 0022 0023
 ----------------------------------------------------------------------------------------------------------------------------
  1   0.84 0.59 0.34 0.15 0.04 0.09 0.28 0.54 0.80 1.10 1.31 1.45 1.48 1.36 1.18 1.01 0.88 0.82 0.83 0.94 1.05 1.16 1.19 1.10
  2   0.95 0.73 0.46 0.23 0.07 0.00 0.12 0.39 0.68 1.00 1.30 1.50 1.58 1.51 1.36 1.17 0.98 0.87 0.84 0.95 1.10 1.21 1.29 1.28
  3   1.14 0.93 0.67 0.39 0.19 0.07 0.10 0.31 0.60 0.89 1.20 1.46 1.61 1.60 1.51 1.30 1.08 0.91 0.82 0.85 0.98 1.10 1.22 1.29
  4   1.24 1.15 0.94 0.64 0.36 0.15 0.09 0.19 0.41 0.74 1.06 1.33 1.53 1.63 1.57 1.43 1.24 1.01 0.85 0.79 0.85 1.00 1.13 1.24
  5   1.26 1.24 1.05 0.77 0.55 0.30 0.16 0.10 0.24 0.50 0.81 1.10 1.39 1.57 1.59 1.53 1.36 1.14 0.92 0.78 0.75 0.85 0.99 1.14
  6   1.24 1.30 1.19 0.99 0.78 0.56 0.33 0.20 0.20 0.38 0.67 0.94 1.21 1.49 1.60 1.58 1.42 1.19 0.97 0.81 0.69 0.68 0.80 0.94
  7   1.09 1.20 1.20 1.11 0.94 0.74 0.53 0.34 0.30 0.40 0.57 0.84 1.14 1.39 1.55 1.65 1.61 1.45 1.25 1.04 0.80 0.69 0.70 0.84
  8   0.94 1.07 1.18 1.19 1.14 1.04 0.85 0.66 0.49 0.46 0.56 0.74 0.97 1.20 1.38 1.54 1.58 1.50 1.33 1.11 0.90 0.70 0.57 0.60
  9   0.66 0.83 1.00 1.13 1.19 1.18 1.08 0.94 0.78 0.66 0.62 0.68 0.86 1.06 1.28 1.44 1.56 1.58 1.48 1.25 0.97 0.72 0.54 0.48
 10   0.48 0.60 0.77 0.94 1.11 1.23 1.25 1.18 1.06 0.94 0.83 0.80 0.87 1.01 1.17 1.34 1.47 1.54 1.52 1.42 1.20 0.94 0.70 0.50
 11   0.35 0.43 0.55 0.72 0.92 1.12 1.30 1.36 1.35 1.28 1.14 1.02 0.94 0.96 1.06 1.22 1.35 1.48 1.54 1.48 1.34 1.10 0.80 0.55
 12   0.34 0.23 0.27 0.40 0.62 0.87 1.12 1.30 1.43 1.46 1.36 1.22 1.09 1.00 0.95 1.01 1.13 1.24 1.34 1.42 1.41 1.24 0.96 0.64
 13   0.32 0.12 0.01 0.08 0.28 0.54 0.81 1.09 1.33 1.45 1.48 1.39 1.24 1.07 0.95 0.90 0.96 1.07 1.20 1.32 1.36 1.26 1.09 0.84
 14   0.52 0.22 0.03-0.05-0.01 0.26 0.56 0.86 1.15 1.43 1.63 1.62 1.42 1.21 1.04 0.90 0.79 0.82 0.96 1.10 1.24 1.29 1.22 1.04
 15   0.78 0.44 0.14-0.07-0.14-0.06 0.18 0.54 0.86 1.19 1.49 1.61 1.60 1.40 1.18 0.98 0.83 0.74 0.80 0.96 1.09 1.20 1.27 1.24
 16   0.98 0.69 0.39 0.09-0.12-0.15 0.02 0.30 0.62 1.00 1.32 1.52 1.62 1.57 1.37 1.12 0.86 0.71 0.66 0.75 0.93 1.08 1.20 1.27
 17   1.20 0.98 0.69 0.36 0.12-0.04-0.08 0.14 0.46 0.82 1.15 1.42 1.65 1.69 1.56 1.35 1.07 0.83 0.70 0.72 0.83 0.98 1.12 1.24
 18   1.26 1.13 0.92 0.63 0.32 0.10-0.04 0.04 0.26 0.56 0.90 1.24 1.46 1.56 1.54 1.36 1.12 0.85 0.66 0.55 0.64 0.77 0.90 1.04
 19   1.12 1.12 0.99 0.78 0.52 0.26 0.08 0.03 0.18 0.44 0.72 1.04 1.29 1.45 1.53 1.46 1.26 1.00 0.77 0.63 0.58 0.62 0.79 0.93
 20   1.05 1.10 1.06 0.92 0.72 0.51 0.30 0.19 0.20 0.36 0.60 0.88 1.18 1.36 1.45 1.45 1.35 1.13 0.89 0.68 0.54 0.52 0.63 0.75
 21   0.86 0.96 1.02 0.99 0.89 0.73 0.52 0.36 0.28 0.34 0.56 0.76 0.98 1.19 1.33 1.40 1.38 1.20 0.99 0.76 0.58 0.48 0.46 0.54
 22   0.66 0.78 0.89 0.96 0.93 0.84 0.73 0.60 0.50 0.47 0.55 0.70 0.88 1.05 1.24 1.34 1.32 1.22 1.05 0.85 0.65 0.49 0.42 0.46
 23   0.56 0.69 0.80 0.90 0.97 0.96 0.86 0.75 0.66 0.60 0.62 0.72 0.86 1.02 1.15 1.26 1.30 1.26 1.12 0.94 0.74 0.54 0.39 0.34
 24   0.44 0.50 0.60 0.72 0.87 0.94 0.94 0.86 0.79 0.72 0.70 0.72 0.78 0.89 1.02 1.14 1.20 1.16 1.08 0.96 0.80 0.60 0.43 0.32
 25   0.25 0.31 0.45 0.60 0.75 0.88 0.96 0.98 0.94 0.88 0.82 0.80 0.81 0.86 0.95 1.06 1.12 1.15 1.12 1.04 0.90 0.72 0.53 0.39
 26   0.26 0.24 0.30 0.40 0.55 0.75 0.90 1.01 1.07 1.08 1.04 0.97 0.93 0.91 0.95 1.02 1.10 1.16 1.19 1.14 1.06 0.93 0.73 0.53
 27   0.33 0.21 0.22 0.31 0.47 0.65 0.83 1.00 1.14 1.21 1.20 1.13 1.05 0.99 0.94 0.95 1.00 1.05 1.10 1.13 1.09 0.99 0.84 0.61
 28   0.39 0.20 0.12 0.11 0.23 0.45 0.67 0.86 1.04 1.20 1.26 1.22 1.13 1.02 0.92 0.86 0.90 0.98 1.05 1.10 1.11 1.04 0.90 0.71
 29   0.51 0.31 0.13 0.01 0.09 0.27 0.50 0.74 0.99 1.20 1.35 1.36 1.26 1.13 1.01 0.94 0.89 0.92 0.98 1.07 1.17 1.19 1.08 0.92
 30   0.66 0.50 0.25 0.04-0.03 0.08 0.31 0.57 0.87 1.15 1.34 1.40 1.39 1.24 1.09 0.95 0.83 0.79 0.87 0.98 1.07 1.13 1.14 1.06
 ----------------------------------------------------------------------------------------------------------------------------
                                                                                               
 ----------------------------------------------------------------------------------------------------------------------------
 ----------------------------------------------------------------------------------------------------------------------------
                                                          SURVEY OF INDIA
                                                    MARINE GEODESY WING (G&RB)
                                                     HOURLY HEIGHTS IN METRES
  NAME OF PORT:- NEW MANGALORE                                                                      MONTH JULY      YEAR 2011
 ----------------------------------------------------------------------------------------------------------------------------
 DAYS 0000 0001 0002 0003 0004 0005 0006 0007 0008 0009 0010 0011 0012 0013 0014 0015 0016 0017 0018 0019 0020 0021 0022 0023
 ----------------------------------------------------------------------------------------------------------------------------
  1   0.83 0.57 0.29 0.08-0.05-0.08 0.06 0.36 0.66 0.98 1.28 1.46 1.49 1.38 1.21 1.03 0.83 0.70 0.71 0.80 0.95 1.07 1.16 1.13
  2   1.01 0.75 0.50 0.24 0.01-0.12-0.09 0.13 0.43 0.79 1.13 1.38 1.55 1.52 1.38 1.12 0.90 0.76 0.71 0.78 0.94 1.09 1.23 1.29
  3   1.23 1.06 0.82 0.49 0.24 0.06 0.01 0.17 0.41 0.75 1.10 1.38 1.56 1.62 1.54 1.33 1.07 0.85 0.67 0.65 0.77 0.93 1.06 1.21
  4   1.27 1.19 0.98 0.71 0.43 0.19 0.08 0.09 0.24 0.56 0.89 1.22 1.48 1.62 1.61 1.43 1.19 0.91 0.68 0.58 0.62 0.78 0.95 1.11
  5   1.27 1.30 1.21 1.04 0.81 0.55 0.33 0.21 0.26 0.50 0.82 1.14 1.45 1.68 1.75 1.66 1.48 1.19 0.87 0.67 0.58 0.63 0.81 0.98
  6   1.15 1.32 1.37 1.26 1.10 0.88 0.64 0.43 0.36 0.49 0.70 0.97 1.30 1.53 1.68 1.64 1.49 1.26 0.94 0.65 0.45 0.40 0.46 0.65
  7   0.83 1.02 1.16 1.22 1.15 1.02 0.84 0.63 0.48 0.47 0.59 0.79 1.03 1.30 1.48 1.55 1.53 1.36 1.05 0.75 0.44 0.28 0.25 0.35
  8   0.51 0.72 0.90 1.05 1.14 1.12 1.04 0.89 0.71 0.62 0.61 0.75 0.94 1.13 1.31 1.44 1.47 1.35 1.16 0.93 0.63 0.39 0.24 0.18
  9   0.32 0.48 0.66 0.85 1.02 1.13 1.19 1.12 0.98 0.84 0.76 0.77 0.83 0.96 1.12 1.26 1.37 1.36 1.26 1.09 0.85 0.56 0.34 0.18
 10   0.11 0.19 0.36 0.54 0.77 0.98 1.14 1.22 1.20 1.08 0.97 0.88 0.85 0.90 1.00 1.10 1.20 1.27 1.28 1.20 1.02 0.77 0.53 0.31
 11   0.15 0.08 0.17 0.32 0.52 0.76 1.01 1.20 1.31 1.29 1.20 1.08 0.97 0.90 0.90 0.96 1.02 1.10 1.15 1.16 1.09 0.95 0.68 0.39
 12   0.21 0.08-0.02 0.00 0.18 0.44 0.72 1.02 1.22 1.33 1.35 1.26 1.11 0.96 0.84 0.82 0.87 0.95 1.06 1.15 1.19 1.13 0.97 0.71
 13   0.48 0.19 0.02-0.02 0.05 0.24 0.56 0.85 1.10 1.34 1.48 1.46 1.30 1.11 0.95 0.83 0.76 0.82 0.91 1.02 1.14 1.18 1.10 0.94
 14   0.72 0.44 0.19 0.01-0.03 0.06 0.30 0.62 0.93 1.20 1.44 1.54 1.44 1.26 1.04 0.83 0.69 0.62 0.72 0.87 1.01 1.13 1.17 1.10
 15   0.87 0.64 0.36 0.11-0.05-0.07 0.06 0.37 0.68 1.01 1.34 1.51 1.54 1.44 1.25 1.01 0.79 0.63 0.63 0.78 0.96 1.11 1.20 1.21
 16   1.07 0.88 0.61 0.35 0.13 0.00 0.02 0.27 0.55 0.88 1.23 1.49 1.61 1.57 1.41 1.17 0.93 0.71 0.60 0.63 0.78 0.93 1.09 1.21
 17   1.19 1.07 0.85 0.55 0.31 0.14 0.09 0.24 0.48 0.72 1.01 1.31 1.47 1.53 1.44 1.27 1.04 0.82 0.60 0.52 0.62 0.78 0.99 1.11
 18   1.21 1.18 0.98 0.76 0.54 0.32 0.16 0.11 0.29 0.57 0.90 1.21 1.47 1.58 1.54 1.39 1.13 0.85 0.62 0.53 0.54 0.68 0.86 1.01
 19   1.17 1.25 1.15 0.96 0.75 0.56 0.40 0.32 0.38 0.61 0.85 1.13 1.38 1.51 1.52 1.45 1.22 0.95 0.68 0.53 0.44 0.49 0.64 0.81
 20   0.97 1.08 1.09 1.02 0.89 0.70 0.51 0.42 0.40 0.50 0.71 0.96 1.16 1.32 1.42 1.38 1.23 0.97 0.70 0.52 0.40 0.34 0.44 0.60
 21   0.75 0.89 1.01 1.03 0.93 0.80 0.66 0.55 0.47 0.53 0.70 0.86 1.05 1.22 1.35 1.36 1.25 1.06 0.83 0.59 0.45 0.36 0.40 0.50
 22   0.67 0.82 0.98 1.05 1.03 0.97 0.85 0.74 0.67 0.65 0.72 0.84 1.03 1.21 1.32 1.36 1.28 1.10 0.92 0.73 0.54 0.39 0.34 0.40
 23   0.53 0.68 0.83 0.99 1.06 1.07 1.01 0.91 0.83 0.79 0.80 0.88 0.99 1.10 1.22 1.29 1.27 1.19 1.05 0.86 0.67 0.52 0.38 0.34
 24   0.39 0.50 0.65 0.81 0.93 1.01 1.04 1.01 0.96 0.89 0.86 0.87 0.93 1.01 1.11 1.17 1.20 1.16 1.07 0.94 0.76 0.57 0.40 0.29
 25   0.24 0.33 0.44 0.58 0.72 0.87 0.99 1.06 1.05 1.02 0.98 0.94 0.94 0.98 1.04 1.12 1.16 1.16 1.10 0.99 0.85 0.70 0.51 0.36
 26   0.27 0.23 0.30 0.47 0.64 0.82 0.96 1.09 1.17 1.20 1.19 1.13 1.04 0.99 0.99 1.00 1.04 1.09 1.13 1.10 1.01 0.86 0.67 0.49
 27   0.34 0.22 0.18 0.27 0.43 0.62 0.82 1.00 1.18 1.26 1.27 1.19 1.07 0.98 0.93 0.92 0.95 0.99 1.04 1.09 1.05 0.97 0.81 0.61
 28   0.38 0.18 0.10 0.09 0.21 0.40 0.62 0.86 1.08 1.23 1.34 1.29 1.17 1.05 0.96 0.88 0.83 0.87 0.95 1.04 1.09 1.09 1.02 0.82
 29   0.58 0.36 0.18 0.08 0.09 0.23 0.46 0.73 1.00 1.21 1.37 1.44 1.37 1.19 1.03 0.90 0.81 0.81 0.91 1.02 1.13 1.21 1.18 1.02
 30   0.86 0.55 0.32 0.14 0.05 0.08 0.32 0.60 0.90 1.17 1.44 1.53 1.49 1.32 1.10 0.92 0.76 0.68 0.74 0.88 1.02 1.15 1.26 1.22
 31   1.09 0.85 0.53 0.25 0.06 0.01 0.09 0.34 0.68 1.02 1.39 1.56 1.55 1.42 1.21 0.99 0.76 0.61 0.56 0.69 0.87 1.07 1.25 1.36
 ----------------------------------------------------------------------------------------------------------------------------
                                                                                               
 ----------------------------------------------------------------------------------------------------------------------------
 ----------------------------------------------------------------------------------------------------------------------------
                                                          SURVEY OF INDIA
                                                    MARINE GEODESY WING (G&RB)
                                                     HOURLY HEIGHTS IN METRES
  NAME OF PORT:- NEW MANGALORE                                                                      MONTH AUGUST    YEAR 2011
 ----------------------------------------------------------------------------------------------------------------------------
 DAYS 0000 0001 0002 0003 0004 0005 0006 0007 0008 0009 0010 0011 0012 0013 0014 0015 0016 0017 0018 0019 0020 0021 0022 0023
 ----------------------------------------------------------------------------------------------------------------------------
  1   1.28 1.10 0.85 0.51 0.24 0.08 0.04 0.21 0.53 0.87 1.25 1.52 1.66 1.59 1.42 1.14 0.83 0.57 0.42 0.44 0.64 0.86 1.09 1.27
  2   1.33 1.26 1.11 0.84 0.51 0.23 0.08 0.14 0.37 0.68 1.04 1.35 1.58 1.64 1.50 1.23 0.90 0.53 0.35 0.27 0.33 0.57 0.85 1.06
  3   1.20 1.30 1.20 1.02 0.75 0.43 0.17 0.15 0.30 0.56 0.89 1.22 1.46 1.60 1.56 1.38 1.08 0.74 0.40 0.19 0.14 0.31 0.56 0.80
  4   1.06 1.24 1.28 1.20 1.03 0.80 0.55 0.33 0.26 0.44 0.73 0.99 1.25 1.45 1.53 1.43 1.24 0.88 0.50 0.26 0.16 0.10 0.24 0.49
  5   0.78 1.01 1.19 1.26 1.19 1.07 0.88 0.65 0.49 0.53 0.70 0.91 1.15 1.37 1.54 1.55 1.38 1.12 0.82 0.52 0.27 0.15 0.15 0.34
  6   0.58 0.81 1.04 1.21 1.29 1.28 1.18 1.02 0.87 0.74 0.79 0.92 1.09 1.25 1.40 1.48 1.43 1.29 1.08 0.81 0.52 0.31 0.19 0.18
  7   0.36 0.54 0.78 1.01 1.16 1.25 1.28 1.21 1.09 0.96 0.90 0.94 1.02 1.14 1.25 1.36 1.40 1.36 1.23 1.03 0.79 0.56 0.38 0.26
  8   0.24 0.37 0.55 0.76 0.97 1.16 1.31 1.35 1.29 1.20 1.11 1.03 1.00 1.03 1.10 1.18 1.24 1.26 1.23 1.14 0.98 0.74 0.48 0.30
  9   0.20 0.23 0.33 0.52 0.72 0.92 1.15 1.32 1.40 1.36 1.26 1.13 1.02 0.98 0.96 1.00 1.08 1.14 1.20 1.20 1.12 1.00 0.78 0.56
 10   0.38 0.20 0.19 0.29 0.46 0.67 0.91 1.14 1.31 1.40 1.36 1.26 1.13 0.99 0.90 0.84 0.84 0.93 1.02 1.09 1.13 1.10 0.98 0.79
 11   0.54 0.31 0.16 0.14 0.24 0.40 0.64 0.94 1.19 1.35 1.44 1.40 1.28 1.04 0.86 0.76 0.75 0.81 0.90 1.02 1.14 1.20 1.17 1.00
 12   0.78 0.52 0.30 0.19 0.15 0.29 0.52 0.78 1.04 1.29 1.45 1.49 1.37 1.16 0.94 0.76 0.60 0.59 0.70 0.88 1.02 1.13 1.18 1.10
 13   0.98 0.70 0.44 0.25 0.12 0.16 0.37 0.62 0.92 1.24 1.43 1.49 1.46 1.32 1.08 0.84 0.65 0.54 0.55 0.70 0.87 1.04 1.19 1.24
 14   1.20 1.03 0.79 0.52 0.30 0.17 0.29 0.54 0.79 1.06 1.30 1.51 1.55 1.48 1.29 1.00 0.72 0.55 0.50 0.58 0.77 0.97 1.11 1.22
 15   1.28 1.15 0.94 0.70 0.45 0.29 0.28 0.47 0.72 1.00 1.28 1.50 1.57 1.49 1.33 1.06 0.78 0.56 0.46 0.49 0.66 0.88 1.06 1.22
 16   1.29 1.25 1.10 0.86 0.62 0.44 0.37 0.49 0.68 0.91 1.15 1.38 1.52 1.51 1.40 1.21 0.89 0.62 0.46 0.40 0.54 0.74 0.93 1.14
 17   1.24 1.28 1.18 1.03 0.82 0.62 0.50 0.48 0.64 0.86 1.09 1.31 1.51 1.56 1.44 1.22 0.94 0.68 0.48 0.36 0.41 0.58 0.78 0.98
 18   1.16 1.23 1.22 1.12 0.96 0.75 0.59 0.52 0.58 0.73 0.95 1.18 1.34 1.39 1.38 1.23 0.99 0.73 0.50 0.32 0.28 0.40 0.57 0.79
 19   1.00 1.13 1.20 1.15 1.04 0.86 0.69 0.58 0.57 0.72 0.88 1.04 1.20 1.30 1.30 1.23 1.04 0.80 0.55 0.38 0.28 0.32 0.47 0.65
 20   0.90 1.04 1.13 1.16 1.08 0.97 0.84 0.72 0.66 0.71 0.83 0.98 1.14 1.24 1.29 1.24 1.12 0.93 0.71 0.50 0.36 0.33 0.42 0.55
 21   0.73 0.92 1.06 1.17 1.14 1.06 0.96 0.87 0.81 0.79 0.87 0.97 1.11 1.23 1.29 1.30 1.19 1.03 0.84 0.64 0.48 0.36 0.34 0.42
 22   0.58 0.75 0.92 1.06 1.16 1.19 1.14 1.06 0.97 0.92 0.92 0.98 1.07 1.14 1.21 1.24 1.20 1.10 0.96 0.80 0.64 0.48 0.37 0.35
 23   0.38 0.48 0.68 0.87 1.02 1.09 1.13 1.13 1.06 0.98 0.92 0.91 0.93 0.99 1.05 1.09 1.10 1.09 1.00 0.85 0.69 0.54 0.39 0.28
 24   0.26 0.30 0.43 0.58 0.74 0.90 1.04 1.10 1.12 1.06 0.99 0.94 0.90 0.90 0.93 0.97 1.01 1.04 1.03 0.97 0.87 0.73 0.58 0.40
 25   0.30 0.25 0.28 0.42 0.59 0.78 0.96 1.11 1.22 1.24 1.17 1.09 0.99 0.93 0.90 0.92 0.95 0.99 1.04 1.07 1.04 0.96 0.78 0.57
 26   0.38 0.26 0.20 0.27 0.39 0.60 0.85 1.07 1.26 1.35 1.35 1.23 1.09 0.95 0.83 0.78 0.80 0.89 0.99 1.07 1.15 1.13 1.04 0.86
 27   0.58 0.39 0.25 0.20 0.27 0.45 0.72 1.00 1.24 1.41 1.48 1.42 1.24 1.05 0.88 0.74 0.66 0.74 0.88 1.04 1.18 1.27 1.23 1.10
 28   0.90 0.60 0.35 0.19 0.17 0.30 0.57 0.83 1.11 1.34 1.48 1.50 1.36 1.14 0.89 0.65 0.52 0.52 0.70 0.92 1.12 1.29 1.35 1.32
 29   1.16 0.90 0.58 0.32 0.17 0.22 0.47 0.73 1.01 1.28 1.50 1.63 1.58 1.37 1.02 0.72 0.48 0.40 0.47 0.66 0.96 1.22 1.39 1.49
 30   1.46 1.28 0.94 0.60 0.40 0.31 0.40 0.63 0.92 1.26 1.53 1.69 1.70 1.53 1.25 0.86 0.52 0.29 0.31 0.45 0.69 0.99 1.27 1.49
 31   1.54 1.41 1.22 0.89 0.58 0.35 0.33 0.52 0.80 1.12 1.41 1.64 1.75 1.64 1.42 1.10 0.66 0.36 0.18 0.19 0.43 0.74 1.02 1.31
 ----------------------------------------------------------------------------------------------------------------------------
                                                                                               
 ----------------------------------------------------------------------------------------------------------------------------
 ----------------------------------------------------------------------------------------------------------------------------
                                                          SURVEY OF INDIA
                                                    MARINE GEODESY WING (G&RB)
                                                     HOURLY HEIGHTS IN METRES
  NAME OF PORT:- NEW MANGALORE                                                                      MONTH SEPT      YEAR 2011
 ----------------------------------------------------------------------------------------------------------------------------
 DAYS 0000 0001 0002 0003 0004 0005 0006 0007 0008 0009 0010 0011 0012 0013 0014 0015 0016 0017 0018 0019 0020 0021 0022 0023
 ----------------------------------------------------------------------------------------------------------------------------
  1   1.56 1.64 1.48 1.25 0.96 0.65 0.52 0.52 0.74 0.98 1.27 1.54 1.68 1.69 1.53 1.26 0.85 0.46 0.20 0.05 0.19 0.42 0.70 1.02
  2   1.42 1.57 1.61 1.48 1.24 0.98 0.72 0.62 0.69 0.88 1.10 1.36 1.56 1.64 1.60 1.36 1.04 0.68 0.36 0.14 0.08 0.25 0.48 0.84
  3   1.16 1.36 1.50 1.50 1.44 1.26 1.02 0.82 0.74 0.79 0.92 1.10 1.28 1.44 1.48 1.41 1.19 0.92 0.58 0.29 0.16 0.10 0.20 0.47
  4   0.72 0.99 1.22 1.34 1.36 1.30 1.17 1.02 0.87 0.80 0.84 0.94 1.09 1.22 1.32 1.35 1.26 1.09 0.87 0.60 0.32 0.19 0.20 0.29
  5   0.50 0.72 0.94 1.16 1.26 1.32 1.32 1.23 1.10 0.98 0.92 0.92 0.98 1.08 1.19 1.24 1.23 1.15 1.02 0.85 0.64 0.44 0.32 0.27
  6   0.36 0.50 0.70 0.90 1.08 1.22 1.30 1.34 1.24 1.12 0.99 0.93 0.92 0.96 1.02 1.08 1.13 1.17 1.15 1.07 0.95 0.74 0.56 0.40
  7   0.34 0.40 0.53 0.68 0.86 1.06 1.22 1.34 1.36 1.30 1.18 1.04 0.90 0.84 0.84 0.89 0.97 1.03 1.08 1.10 1.08 1.00 0.80 0.60
  8   0.46 0.36 0.38 0.48 0.63 0.82 1.06 1.25 1.36 1.38 1.30 1.16 1.00 0.84 0.75 0.76 0.80 0.89 0.99 1.09 1.14 1.11 0.97 0.76
  9   0.58 0.42 0.32 0.34 0.45 0.64 0.90 1.10 1.28 1.38 1.40 1.30 1.12 0.90 0.75 0.66 0.65 0.73 0.87 1.03 1.18 1.25 1.20 1.04
 10   0.86 0.66 0.48 0.38 0.40 0.54 0.76 1.00 1.22 1.38 1.47 1.44 1.30 1.06 0.84 0.65 0.56 0.54 0.68 0.89 1.07 1.23 1.30 1.26
 11   1.10 0.92 0.68 0.48 0.38 0.44 0.63 0.86 1.10 1.33 1.47 1.51 1.38 1.16 0.93 0.70 0.52 0.47 0.58 0.75 0.95 1.17 1.30 1.34
 12   1.27 1.10 0.86 0.64 0.48 0.40 0.52 0.75 1.00 1.22 1.39 1.50 1.42 1.22 1.00 0.72 0.50 0.38 0.44 0.64 0.86 1.07 1.26 1.38
 13   1.32 1.18 0.98 0.74 0.52 0.42 0.48 0.66 0.88 1.10 1.28 1.40 1.42 1.32 1.06 0.80 0.50 0.30 0.28 0.42 0.64 0.90 1.12 1.26
 14   1.36 1.30 1.10 0.84 0.62 0.46 0.46 0.57 0.78 0.99 1.20 1.36 1.40 1.32 1.09 0.80 0.51 0.30 0.25 0.35 0.53 0.76 1.00 1.24
 15   1.36 1.29 1.19 1.02 0.80 0.60 0.50 0.58 0.74 0.96 1.16 1.32 1.38 1.32 1.14 0.90 0.60 0.35 0.19 0.20 0.32 0.58 0.84 1.08
 16   1.28 1.32 1.24 1.10 0.89 0.70 0.56 0.52 0.65 0.80 0.96 1.12 1.26 1.26 1.14 0.94 0.68 0.42 0.22 0.15 0.18 0.40 0.63 0.89
 17   1.10 1.26 1.30 1.21 1.04 0.85 0.69 0.60 0.65 0.78 0.95 1.10 1.24 1.28 1.17 1.00 0.78 0.52 0.32 0.20 0.20 0.35 0.52 0.72
 18   0.96 1.16 1.25 1.20 1.10 0.95 0.80 0.72 0.69 0.76 0.88 1.02 1.16 1.23 1.20 1.10 0.90 0.67 0.46 0.30 0.23 0.28 0.42 0.62
 19   0.94 1.04 1.16 1.22 1.20 1.10 0.98 0.88 0.82 0.82 0.90 0.99 1.10 1.19 1.22 1.14 1.00 0.84 0.62 0.44 0.30 0.24 0.34 0.48
 20   0.66 0.87 1.04 1.15 1.19 1.18 1.10 1.00 0.93 0.86 0.86 0.94 1.01 1.08 1.12 1.10 1.02 0.89 0.74 0.59 0.43 0.34 0.32 0.39
 21   0.54 0.69 0.86 1.00 1.12 1.20 1.20 1.14 1.05 0.98 0.95 0.94 0.97 1.02 1.07 1.11 1.10 1.05 0.95 0.82 0.68 0.56 0.44 0.44
 22   0.45 0.59 0.73 0.87 1.01 1.15 1.24 1.26 1.20 1.11 1.02 0.95 0.90 0.91 0.96 1.01 1.04 1.06 1.03 0.98 0.88 0.73 0.57 0.44
 23   0.41 0.43 0.51 0.63 0.82 0.99 1.15 1.25 1.28 1.25 1.13 0.99 0.90 0.82 0.80 0.84 0.91 1.00 1.07 1.09 1.07 0.96 0.79 0.61
 24   0.47 0.41 0.39 0.49 0.67 0.87 1.09 1.25 1.35 1.35 1.25 1.13 0.97 0.81 0.67 0.65 0.73 0.86 0.99 1.11 1.19 1.19 1.09 0.89
 25   0.65 0.48 0.34 0.35 0.47 0.67 0.89 1.16 1.35 1.41 1.39 1.23 1.03 0.79 0.58 0.45 0.47 0.63 0.81 1.03 1.25 1.35 1.33 1.18
 26   0.93 0.69 0.49 0.35 0.35 0.53 0.76 1.03 1.27 1.45 1.49 1.43 1.25 0.93 0.67 0.41 0.27 0.35 0.55 0.81 1.07 1.27 1.44 1.44
 27   1.29 1.03 0.71 0.45 0.31 0.35 0.56 0.83 1.13 1.36 1.49 1.51 1.29 0.97 0.59 0.26 0.09 0.03 0.19 0.49 0.79 1.13 1.39 1.47
 28   1.39 1.19 0.85 0.55 0.35 0.27 0.39 0.67 0.95 1.17 1.35 1.45 1.37 1.11 0.74 0.36 0.05-0.12-0.12 0.06 0.39 0.79 1.21 1.45
 29   1.51 1.41 1.19 0.87 0.54 0.35 0.35 0.51 0.79 1.05 1.26 1.44 1.44 1.27 1.00 0.56 0.19-0.04-0.17-0.14 0.07 0.46 0.84 1.22
 30   1.45 1.50 1.40 1.15 0.83 0.59 0.45 0.47 0.65 0.85 1.09 1.29 1.39 1.39 1.18 0.87 0.39 0.09-0.15-0.23-0.13 0.19 0.53 0.89
 ----------------------------------------------------------------------------------------------------------------------------
                                                                                               
 ----------------------------------------------------------------------------------------------------------------------------
 ----------------------------------------------------------------------------------------------------------------------------
                                                          SURVEY OF INDIA
                                                    MARINE GEODESY WING (G&RB)
                                                     HOURLY HEIGHTS IN METRES
  NAME OF PORT:- NEW MANGALORE                                                                      MONTH OCTOBER   YEAR 2011
 ----------------------------------------------------------------------------------------------------------------------------
 DAYS 0000 0001 0002 0003 0004 0005 0006 0007 0008 0009 0010 0011 0012 0013 0014 0015 0016 0017 0018 0019 0020 0021 0022 0023
 ----------------------------------------------------------------------------------------------------------------------------
  1   1.24 1.45 1.50 1.40 1.11 0.81 0.64 0.54 0.61 0.79 0.97 1.16 1.31 1.39 1.30 1.10 0.75 0.35 0.10-0.07-0.11-0.01 0.32 0.64
  2   1.00 1.34 1.49 1.48 1.37 1.13 0.89 0.71 0.66 0.72 0.86 1.02 1.18 1.30 1.33 1.25 1.08 0.74 0.38 0.17 0.10 0.07 0.20 0.39
  3   0.69 0.99 1.24 1.37 1.40 1.31 1.12 0.91 0.79 0.74 0.77 0.88 1.00 1.10 1.18 1.19 1.08 0.91 0.66 0.42 0.27 0.19 0.21 0.33
  4   0.54 0.78 1.01 1.19 1.32 1.33 1.24 1.10 0.95 0.83 0.79 0.80 0.88 0.95 1.03 1.08 1.10 1.04 0.90 0.72 0.53 0.41 0.34 0.36
  5   0.45 0.64 0.85 1.04 1.17 1.26 1.29 1.25 1.13 0.97 0.86 0.77 0.73 0.74 0.80 0.88 0.95 0.99 0.97 0.89 0.77 0.63 0.51 0.42
  6   0.41 0.49 0.63 0.78 0.94 1.08 1.22 1.27 1.20 1.10 0.98 0.85 0.72 0.64 0.64 0.68 0.76 0.84 0.91 0.95 0.93 0.85 0.71 0.57
  7   0.47 0.44 0.49 0.60 0.74 0.89 1.05 1.17 1.23 1.20 1.05 0.90 0.73 0.57 0.48 0.49 0.59 0.70 0.83 0.94 1.01 1.00 0.92 0.78
  8   0.63 0.50 0.44 0.47 0.59 0.76 0.95 1.13 1.26 1.27 1.18 1.04 0.83 0.63 0.46 0.39 0.46 0.58 0.74 0.90 1.02 1.12 1.13 1.02
  9   0.86 0.69 0.57 0.52 0.56 0.70 0.89 1.08 1.21 1.31 1.27 1.17 0.96 0.74 0.51 0.37 0.34 0.44 0.61 0.77 0.93 1.10 1.19 1.17
 10   1.02 0.85 0.70 0.54 0.47 0.57 0.76 0.94 1.12 1.23 1.26 1.20 1.04 0.79 0.56 0.32 0.21 0.26 0.39 0.61 0.87 1.07 1.21 1.26
 11   1.24 1.04 0.84 0.64 0.51 0.52 0.64 0.82 0.98 1.12 1.22 1.23 1.11 0.92 0.61 0.37 0.23 0.15 0.25 0.47 0.73 1.01 1.21 1.29
 12   1.27 1.15 0.99 0.80 0.64 0.54 0.58 0.73 0.90 1.09 1.24 1.27 1.20 1.05 0.79 0.54 0.29 0.16 0.26 0.44 0.68 0.94 1.22 1.41
 13   1.42 1.37 1.24 0.98 0.76 0.65 0.66 0.79 0.94 1.12 1.28 1.35 1.31 1.17 0.90 0.60 0.37 0.24 0.17 0.24 0.49 0.75 1.02 1.29
 14   1.46 1.48 1.39 1.17 0.93 0.74 0.69 0.74 0.86 1.01 1.15 1.27 1.33 1.26 1.10 0.78 0.50 0.29 0.15 0.16 0.31 0.52 0.83 1.15
 15   1.38 1.50 1.43 1.28 1.09 0.89 0.78 0.72 0.80 0.95 1.08 1.22 1.32 1.29 1.14 0.94 0.66 0.40 0.21 0.20 0.25 0.43 0.68 0.97
 16   1.20 1.40 1.45 1.36 1.22 1.07 0.94 0.84 0.85 0.94 1.04 1.15 1.26 1.34 1.28 1.08 0.84 0.57 0.37 0.27 0.24 0.37 0.57 0.83
 17   1.14 1.34 1.45 1.47 1.37 1.20 1.02 0.88 0.83 0.87 0.97 1.07 1.16 1.22 1.24 1.14 0.93 0.68 0.44 0.29 0.26 0.32 0.43 0.60
 18   0.90 1.19 1.37 1.43 1.39 1.25 1.12 0.99 0.89 0.90 0.96 1.03 1.12 1.20 1.26 1.22 1.07 0.88 0.66 0.50 0.40 0.39 0.49 0.63
 19   0.82 1.06 1.26 1.40 1.44 1.41 1.30 1.17 1.04 0.96 0.96 1.04 1.15 1.23 1.28 1.26 1.19 1.07 0.89 0.74 0.62 0.53 0.55 0.63
 20   0.78 0.94 1.15 1.32 1.42 1.44 1.40 1.30 1.17 1.07 0.99 0.96 1.01 1.09 1.16 1.20 1.19 1.13 1.03 0.89 0.77 0.65 0.58 0.58
 21   0.64 0.75 0.90 1.07 1.22 1.33 1.38 1.35 1.27 1.15 1.04 0.95 0.90 0.92 0.96 1.02 1.09 1.15 1.14 1.07 0.97 0.86 0.78 0.70
 22   0.69 0.73 0.79 0.94 1.11 1.28 1.41 1.47 1.41 1.29 1.16 1.01 0.90 0.81 0.80 0.85 0.93 1.03 1.12 1.19 1.22 1.16 1.05 0.88
 23   0.75 0.66 0.69 0.78 0.92 1.10 1.28 1.42 1.46 1.43 1.28 1.10 0.90 0.72 0.60 0.58 0.68 0.80 0.96 1.11 1.22 1.27 1.24 1.09
 24   0.88 0.73 0.67 0.67 0.78 0.93 1.12 1.32 1.47 1.53 1.45 1.25 0.94 0.67 0.50 0.42 0.47 0.66 0.87 1.14 1.35 1.50 1.54 1.43
 25   1.26 1.03 0.85 0.74 0.78 0.95 1.16 1.38 1.53 1.62 1.58 1.40 1.11 0.80 0.48 0.29 0.24 0.32 0.52 0.79 1.13 1.46 1.68 1.68
 26   1.56 1.27 1.01 0.80 0.73 0.80 0.99 1.21 1.41 1.57 1.64 1.54 1.28 0.93 0.53 0.21 0.05 0.09 0.24 0.48 0.78 1.13 1.45 1.66
 27   1.73 1.57 1.26 1.01 0.82 0.76 0.86 1.08 1.28 1.47 1.62 1.65 1.50 1.20 0.80 0.38 0.09-0.02 0.09 0.29 0.57 0.96 1.39 1.78
 28   1.94 1.89 1.69 1.38 1.07 0.93 0.93 1.05 1.25 1.47 1.63 1.73 1.71 1.50 1.18 0.73 0.36 0.15 0.13 0.22 0.50 0.86 1.19 1.52
 29   1.85 1.93 1.89 1.61 1.29 1.05 0.88 0.86 1.01 1.20 1.40 1.60 1.67 1.54 1.32 1.02 0.62 0.26 0.12 0.10 0.25 0.54 0.94 1.27
 30   1.65 1.83 1.83 1.66 1.40 1.14 0.95 0.86 0.90 1.06 1.24 1.41 1.50 1.49 1.34 1.11 0.79 0.42 0.18 0.10 0.19 0.41 0.69 1.00
 31   1.40 1.68 1.79 1.71 1.54 1.36 1.13 0.97 0.88 0.94 1.10 1.26 1.41 1.46 1.42 1.29 1.07 0.81 0.54 0.34 0.32 0.43 0.64 0.92
 ----------------------------------------------------------------------------------------------------------------------------
                                                                                               
 ----------------------------------------------------------------------------------------------------------------------------
 ----------------------------------------------------------------------------------------------------------------------------
                                                          SURVEY OF INDIA
                                                    MARINE GEODESY WING (G&RB)
                                                     HOURLY HEIGHTS IN METRES
  NAME OF PORT:- NEW MANGALORE                                                                      MONTH NOVEMBER  YEAR 2011
 ----------------------------------------------------------------------------------------------------------------------------
 DAYS 0000 0001 0002 0003 0004 0005 0006 0007 0008 0009 0010 0011 0012 0013 0014 0015 0016 0017 0018 0019 0020 0021 0022 0023
 ----------------------------------------------------------------------------------------------------------------------------
  1   1.24 1.54 1.71 1.78 1.70 1.55 1.35 1.16 0.99 0.92 1.00 1.09 1.20 1.30 1.36 1.34 1.23 1.06 0.85 0.64 0.50 0.52 0.61 0.79
  2   1.02 1.31 1.51 1.63 1.66 1.61 1.48 1.29 1.10 0.96 0.84 0.88 0.97 1.06 1.14 1.21 1.19 1.10 0.99 0.87 0.74 0.63 0.60 0.71
  3   0.83 1.05 1.26 1.40 1.50 1.54 1.51 1.38 1.20 1.05 0.90 0.80 0.81 0.87 0.94 1.02 1.10 1.15 1.16 1.08 0.97 0.85 0.78 0.80
  4   0.89 0.99 1.11 1.25 1.39 1.50 1.55 1.51 1.40 1.25 1.08 0.90 0.81 0.77 0.82 0.92 1.05 1.17 1.24 1.27 1.24 1.16 1.08 1.02
  5   0.97 0.98 1.06 1.18 1.32 1.43 1.52 1.57 1.51 1.36 1.19 1.01 0.88 0.77 0.71 0.77 0.88 1.01 1.17 1.28 1.34 1.33 1.25 1.17
  6   1.05 1.00 1.01 1.08 1.17 1.28 1.40 1.48 1.51 1.44 1.28 1.08 0.90 0.71 0.60 0.62 0.74 0.87 1.03 1.18 1.31 1.39 1.40 1.38
  7   1.20 1.09 1.00 0.95 1.01 1.15 1.27 1.36 1.42 1.44 1.36 1.19 0.97 0.74 0.56 0.49 0.54 0.69 0.91 1.09 1.27 1.43 1.50 1.46
  8   1.35 1.18 1.03 0.95 0.98 1.05 1.17 1.31 1.40 1.42 1.35 1.22 1.03 0.79 0.58 0.44 0.41 0.55 0.74 0.98 1.20 1.39 1.53 1.55
  9   1.44 1.27 1.13 0.99 0.93 0.99 1.10 1.21 1.32 1.38 1.39 1.27 1.09 0.86 0.60 0.42 0.33 0.39 0.59 0.85 1.12 1.36 1.54 1.59
 10   1.63 1.43 1.26 1.07 0.94 0.93 1.00 1.14 1.27 1.35 1.38 1.29 1.14 0.92 0.62 0.42 0.30 0.25 0.41 0.66 0.92 1.20 1.44 1.56
 11   1.72 1.53 1.36 1.19 1.01 0.94 0.95 1.05 1.18 1.30 1.39 1.38 1.20 1.00 0.74 0.48 0.31 0.23 0.33 0.56 0.87 1.21 1.49 1.66
 12   1.70 1.62 1.46 1.25 1.09 0.97 0.92 1.04 1.16 1.29 1.37 1.42 1.36 1.16 0.90 0.65 0.39 0.24 0.26 0.40 0.65 0.94 1.27 1.52
 13   1.69 1.65 1.57 1.35 1.11 0.96 0.88 0.90 1.02 1.14 1.24 1.31 1.32 1.14 0.95 0.71 0.45 0.23 0.16 0.18 0.42 0.67 0.97 1.29
 14   1.52 1.60 1.54 1.38 1.16 0.99 0.83 0.80 0.87 1.00 1.09 1.17 1.24 1.16 0.99 0.81 0.56 0.29 0.15 0.15 0.29 0.53 0.78 1.10
 15   1.39 1.51 1.56 1.47 1.30 1.12 0.94 0.84 0.85 0.95 1.05 1.16 1.26 1.27 1.15 0.96 0.74 0.53 0.35 0.23 0.33 0.51 0.72 1.00
 16   1.26 1.52 1.63 1.60 1.48 1.28 1.12 0.98 0.89 0.93 1.00 1.10 1.20 1.28 1.25 1.13 0.95 0.75 0.56 0.42 0.39 0.49 0.68 0.91
 17   1.16 1.41 1.55 1.60 1.56 1.41 1.23 1.07 0.93 0.84 0.89 0.99 1.09 1.17 1.23 1.21 1.07 0.93 0.77 0.60 0.52 0.53 0.62 0.79
 18   1.00 1.25 1.45 1.56 1.55 1.47 1.33 1.13 0.95 0.82 0.78 0.82 0.91 1.00 1.08 1.15 1.15 1.08 0.95 0.82 0.69 0.61 0.62 0.71
 19   0.84 1.07 1.28 1.41 1.50 1.51 1.41 1.25 1.06 0.89 0.76 0.69 0.70 0.78 0.87 0.99 1.11 1.18 1.17 1.07 0.95 0.85 0.77 0.75
 20   0.82 0.95 1.12 1.29 1.41 1.51 1.51 1.42 1.23 1.03 0.84 0.70 0.61 0.62 0.71 0.83 1.01 1.17 1.26 1.29 1.25 1.14 1.03 0.94
 21   0.91 0.92 1.03 1.17 1.31 1.44 1.53 1.55 1.42 1.22 0.99 0.76 0.60 0.50 0.49 0.63 0.83 1.04 1.23 1.37 1.44 1.45 1.33 1.19
 22   1.06 0.95 0.98 1.08 1.22 1.37 1.48 1.57 1.54 1.37 1.15 0.84 0.59 0.38 0.28 0.31 0.50 0.73 0.99 1.25 1.49 1.58 1.55 1.43
 23   1.25 1.07 0.97 0.96 1.07 1.21 1.36 1.48 1.55 1.50 1.29 1.05 0.75 0.39 0.19 0.15 0.23 0.45 0.76 1.08 1.43 1.66 1.75 1.76
 24   1.57 1.35 1.15 1.02 0.99 1.06 1.23 1.39 1.51 1.58 1.48 1.29 0.98 0.59 0.23 0.02 0.00 0.18 0.47 0.82 1.20 1.59 1.79 1.86
 25   1.76 1.51 1.26 1.06 0.93 0.93 1.08 1.26 1.40 1.54 1.56 1.40 1.16 0.84 0.47 0.15-0.01-0.05 0.17 0.50 0.88 1.33 1.66 1.89
 26   1.89 1.74 1.48 1.23 1.04 0.91 0.96 1.15 1.32 1.47 1.59 1.60 1.47 1.16 0.84 0.47 0.16-0.02-0.04 0.29 0.65 1.05 1.45 1.77
 27   1.93 1.98 1.83 1.51 1.26 1.05 0.93 0.97 1.15 1.33 1.50 1.63 1.63 1.46 1.19 0.89 0.52 0.20 0.09 0.21 0.51 0.88 1.26 1.63
 28   1.90 2.09 2.07 1.89 1.57 1.33 1.15 1.09 1.15 1.29 1.45 1.60 1.70 1.65 1.46 1.20 0.89 0.55 0.32 0.25 0.41 0.64 0.97 1.30
 29   1.68 1.87 1.93 1.82 1.60 1.35 1.09 0.93 0.89 0.93 1.09 1.27 1.40 1.44 1.39 1.24 1.02 0.72 0.45 0.31 0.35 0.54 0.77 1.05
 30   1.34 1.61 1.78 1.75 1.64 1.41 1.18 0.98 0.85 0.82 0.92 1.04 1.16 1.27 1.33 1.31 1.20 1.02 0.81 0.63 0.55 0.62 0.78 1.03
 ----------------------------------------------------------------------------------------------------------------------------
                                                                                               
 ----------------------------------------------------------------------------------------------------------------------------
 ----------------------------------------------------------------------------------------------------------------------------
                                                          SURVEY OF INDIA
                                                    MARINE GEODESY WING (G&RB)
                                                     HOURLY HEIGHTS IN METRES
  NAME OF PORT:- NEW MANGALORE                                                                      MONTH DECEMBER  YEAR 2011
 ----------------------------------------------------------------------------------------------------------------------------
 DAYS 0000 0001 0002 0003 0004 0005 0006 0007 0008 0009 0010 0011 0012 0013 0014 0015 0016 0017 0018 0019 0020 0021 0022 0023
 ----------------------------------------------------------------------------------------------------------------------------
  1   1.28 1.53 1.73 1.82 1.76 1.61 1.42 1.21 1.00 0.86 0.85 0.95 1.05 1.13 1.21 1.28 1.25 1.17 1.04 0.88 0.75 0.70 0.78 0.91
  2   1.08 1.31 1.53 1.65 1.67 1.60 1.46 1.28 1.06 0.86 0.73 0.70 0.77 0.86 0.95 1.04 1.11 1.16 1.15 1.06 0.95 0.87 0.85 0.88
  3   1.00 1.18 1.33 1.45 1.53 1.54 1.48 1.36 1.14 0.92 0.74 0.65 0.60 0.64 0.72 0.84 0.98 1.09 1.16 1.17 1.13 1.04 0.96 0.94
  4   1.00 1.09 1.20 1.31 1.40 1.45 1.43 1.37 1.23 1.03 0.85 0.70 0.57 0.55 0.61 0.72 0.85 1.00 1.14 1.23 1.25 1.22 1.15 1.08
  5   1.05 1.07 1.13 1.22 1.32 1.38 1.42 1.41 1.32 1.18 1.00 0.79 0.61 0.51 0.49 0.59 0.73 0.89 1.06 1.22 1.34 1.38 1.32 1.26
  6   1.18 1.11 1.11 1.15 1.22 1.30 1.37 1.40 1.37 1.25 1.07 0.88 0.70 0.53 0.44 0.47 0.57 0.75 0.96 1.14 1.29 1.41 1.47 1.41
  7   1.30 1.19 1.10 1.08 1.11 1.16 1.23 1.30 1.34 1.28 1.13 0.93 0.72 0.51 0.35 0.31 0.40 0.60 0.82 1.06 1.29 1.45 1.52 1.50
  8   1.42 1.28 1.15 1.06 1.04 1.08 1.17 1.26 1.31 1.26 1.17 1.01 0.81 0.58 0.38 0.28 0.28 0.47 0.68 0.92 1.20 1.43 1.58 1.63
  9   1.58 1.43 1.27 1.13 1.04 1.06 1.14 1.26 1.34 1.35 1.32 1.20 1.00 0.77 0.50 0.33 0.28 0.35 0.55 0.80 1.10 1.36 1.55 1.68
 10   1.67 1.56 1.38 1.22 1.10 1.03 1.09 1.20 1.29 1.36 1.37 1.29 1.12 0.90 0.62 0.37 0.24 0.20 0.35 0.58 0.87 1.18 1.46 1.65
 11   1.72 1.66 1.51 1.32 1.12 1.01 0.98 1.06 1.17 1.29 1.37 1.37 1.26 1.05 0.81 0.54 0.33 0.21 0.28 0.45 0.71 1.05 1.35 1.59
 12   1.73 1.74 1.61 1.42 1.21 1.03 0.93 0.97 1.09 1.20 1.32 1.40 1.32 1.13 0.91 0.65 0.37 0.23 0.20 0.34 0.59 0.89 1.20 1.50
 13   1.72 1.76 1.63 1.46 1.25 1.04 0.90 0.89 0.99 1.11 1.23 1.31 1.37 1.28 1.09 0.85 0.59 0.35 0.22 0.23 0.45 0.72 1.00 1.34
 14   1.64 1.73 1.74 1.63 1.42 1.18 1.01 0.91 0.92 1.04 1.17 1.28 1.38 1.40 1.26 1.05 0.84 0.59 0.37 0.32 0.48 0.70 0.98 1.28
 15   1.56 1.76 1.81 1.71 1.55 1.31 1.07 0.93 0.84 0.90 1.06 1.19 1.31 1.39 1.36 1.25 1.06 0.84 0.61 0.43 0.44 0.60 0.82 1.08
 16   1.40 1.63 1.74 1.76 1.65 1.43 1.16 0.95 0.81 0.76 0.84 0.97 1.10 1.22 1.30 1.29 1.19 1.03 0.85 0.67 0.56 0.59 0.75 0.95
 17   1.19 1.45 1.62 1.68 1.64 1.50 1.29 1.03 0.80 0.68 0.70 0.77 0.88 1.00 1.13 1.20 1.22 1.14 1.01 0.86 0.74 0.70 0.75 0.89
 18   1.08 1.30 1.50 1.62 1.62 1.52 1.36 1.15 0.90 0.66 0.55 0.54 0.64 0.78 0.93 1.09 1.19 1.24 1.21 1.12 0.99 0.90 0.86 0.91
 19   1.04 1.21 1.38 1.51 1.59 1.58 1.48 1.28 1.06 0.82 0.58 0.48 0.47 0.57 0.72 0.88 1.05 1.23 1.32 1.32 1.27 1.19 1.08 1.02
 20   1.05 1.15 1.29 1.41 1.51 1.57 1.56 1.48 1.27 0.97 0.71 0.49 0.37 0.35 0.45 0.60 0.80 1.04 1.26 1.39 1.44 1.43 1.33 1.23
 21   1.14 1.13 1.19 1.29 1.39 1.48 1.55 1.53 1.39 1.17 0.91 0.60 0.39 0.27 0.22 0.33 0.54 0.83 1.11 1.35 1.53 1.63 1.57 1.47
 22   1.34 1.19 1.12 1.15 1.23 1.34 1.44 1.52 1.53 1.40 1.18 0.89 0.59 0.33 0.16 0.17 0.29 0.53 0.84 1.15 1.46 1.65 1.73 1.69
 23   1.51 1.34 1.17 1.06 1.06 1.15 1.26 1.39 1.46 1.43 1.33 1.11 0.79 0.45 0.20 0.07 0.04 0.26 0.52 0.85 1.23 1.56 1.75 1.82
 24   1.72 1.52 1.32 1.14 1.02 1.01 1.14 1.26 1.39 1.52 1.56 1.44 1.16 0.84 0.45 0.20 0.06 0.09 0.32 0.63 1.00 1.37 1.67 1.86
 25   1.92 1.79 1.56 1.29 1.08 0.96 0.98 1.15 1.30 1.44 1.53 1.55 1.42 1.15 0.81 0.44 0.17 0.07 0.14 0.42 0.77 1.14 1.48 1.74
 26   1.90 1.90 1.73 1.45 1.15 0.89 0.84 0.91 1.03 1.20 1.36 1.46 1.43 1.29 1.06 0.74 0.37 0.10 0.09 0.26 0.53 0.85 1.20 1.55
 27   1.80 1.88 1.81 1.55 1.25 0.95 0.76 0.72 0.80 0.98 1.16 1.33 1.40 1.37 1.24 0.98 0.66 0.39 0.20 0.22 0.43 0.73 1.03 1.39
 28   1.68 1.86 1.84 1.69 1.46 1.13 0.85 0.70 0.67 0.80 0.97 1.12 1.25 1.35 1.28 1.11 0.89 0.63 0.39 0.28 0.39 0.61 0.89 1.21
 29   1.49 1.69 1.77 1.73 1.55 1.25 0.94 0.72 0.60 0.64 0.77 0.93 1.08 1.21 1.25 1.17 1.04 0.85 0.62 0.45 0.44 0.56 0.79 1.06
 30   1.31 1.52 1.63 1.63 1.54 1.33 1.03 0.79 0.59 0.54 0.59 0.71 0.87 1.04 1.16 1.18 1.09 0.97 0.82 0.67 0.59 0.64 0.78 0.98
 31   1.19 1.41 1.56 1.59 1.51 1.37 1.16 0.93 0.70 0.55 0.50 0.59 0.70 0.84 0.98 1.08 1.11 1.06 0.99 0.90 0.82 0.78 0.83 0.94
 ----------------------------------------------------------------------------------------------------------------------------
                                                                                               
 ----------------------------------------------------------------------------------------------------------------------------
 ----------------------------------------------------------------------------------------------------------------------------
