                                                          SURVEY OF INDIA
                                                    MARINE GEODESY WING (G&RB)
                                                     HOURLY HEIGHTS IN METRES
  NAME OF PORT:- KAKINADA                                                                           MONTH JANUARY   YEAR 2016
 ----------------------------------------------------------------------------------------------------------------------------
 DAYS 0000 0001 0002 0003 0004 0005 0006 0007 0008 0009 0010 0011 0012 0013 0014 0015 0016 0017 0018 0019 0020 0021 0022 0023
 ----------------------------------------------------------------------------------------------------------------------------
  1   1.77 1.79 1.72 1.59 1.35 1.14 1.00 0.91 0.91 0.99 1.17 1.35 1.51 1.58 1.58 1.52 1.39 1.24 1.14 1.09 1.10 1.20 1.38 1.54
  2   1.70 1.77 1.76 1.64 1.45 1.28 1.13 1.02 0.97 1.00 1.13 1.30 1.44 1.56 1.62 1.60 1.51 1.40 1.28 1.18 1.14 1.17 1.26 1.39
  3   1.54 1.64 1.68 1.64 1.55 1.41 1.26 1.13 1.04 1.01 1.04 1.14 1.26 1.40 1.54 1.65 1.68 1.62 1.50 1.36 1.25 1.20 1.20 1.25
  4   1.35 1.46 1.55 1.59 1.57 1.49 1.37 1.24 1.12 1.03 1.00 1.02 1.10 1.23 1.38 1.52 1.61 1.63 1.59 1.50 1.38 1.27 1.20 1.17
  5   1.20 1.28 1.40 1.52 1.60 1.60 1.52 1.39 1.25 1.12 1.00 0.94 0.95 1.03 1.20 1.39 1.56 1.69 1.73 1.69 1.57 1.42 1.27 1.16
  6   1.12 1.12 1.18 1.30 1.43 1.54 1.58 1.53 1.40 1.25 1.08 0.96 0.90 0.93 1.07 1.27 1.48 1.69 1.83 1.84 1.76 1.61 1.43 1.22
  7   1.06 1.02 1.07 1.20 1.35 1.50 1.62 1.63 1.55 1.40 1.20 0.97 0.80 0.77 0.86 1.05 1.29 1.55 1.78 1.90 1.88 1.75 1.54 1.27
  8   1.03 0.91 0.91 0.99 1.16 1.39 1.57 1.65 1.62 1.50 1.30 1.05 0.79 0.64 0.61 0.71 0.98 1.34 1.66 1.89 1.95 1.88 1.71 1.45
  9   1.16 0.92 0.80 0.82 0.97 1.19 1.46 1.66 1.71 1.64 1.45 1.18 0.87 0.66 0.57 0.61 0.81 1.14 1.47 1.78 1.97 1.98 1.85 1.60
 10   1.26 0.93 0.72 0.66 0.74 0.99 1.27 1.53 1.69 1.71 1.57 1.33 1.01 0.72 0.53 0.48 0.60 0.89 1.21 1.58 1.88 2.00 1.93 1.72
 11   1.38 1.04 0.75 0.57 0.58 0.76 1.03 1.32 1.61 1.75 1.71 1.53 1.25 0.95 0.67 0.47 0.47 0.68 1.00 1.33 1.70 1.95 2.00 1.91
 12   1.65 1.31 1.00 0.70 0.58 0.62 0.83 1.11 1.43 1.70 1.78 1.67 1.42 1.12 0.82 0.60 0.52 0.58 0.81 1.11 1.48 1.82 2.06 2.13
 13   2.05 1.80 1.35 0.89 0.63 0.55 0.65 0.91 1.23 1.54 1.76 1.80 1.66 1.41 1.10 0.81 0.61 0.57 0.69 0.95 1.27 1.60 1.88 2.03
 14   2.06 1.96 1.70 1.20 0.79 0.60 0.58 0.73 1.00 1.29 1.59 1.75 1.75 1.62 1.37 1.08 0.83 0.67 0.64 0.74 1.00 1.31 1.64 1.87
 15   1.95 1.92 1.73 1.34 0.98 0.73 0.62 0.64 0.79 1.05 1.36 1.61 1.74 1.75 1.63 1.35 1.09 0.88 0.77 0.76 0.88 1.10 1.36 1.62
 16   1.81 1.86 1.78 1.56 1.28 1.00 0.79 0.67 0.68 0.83 1.05 1.32 1.55 1.66 1.65 1.53 1.33 1.14 0.95 0.84 0.83 0.93 1.14 1.40
 17   1.66 1.80 1.80 1.68 1.45 1.22 0.98 0.79 0.71 0.72 0.84 1.06 1.31 1.52 1.66 1.70 1.62 1.45 1.27 1.09 0.96 0.91 0.96 1.11
 18   1.31 1.50 1.60 1.60 1.50 1.32 1.10 0.90 0.75 0.71 0.75 0.86 1.05 1.25 1.44 1.56 1.60 1.58 1.47 1.29 1.10 0.98 0.93 0.95
 19   1.05 1.20 1.35 1.49 1.54 1.50 1.38 1.21 1.01 0.86 0.77 0.75 0.80 0.94 1.15 1.37 1.54 1.63 1.64 1.56 1.42 1.22 1.05 0.92
 20   0.87 0.90 1.01 1.22 1.42 1.52 1.52 1.41 1.24 1.03 0.85 0.72 0.66 0.71 0.88 1.10 1.33 1.55 1.69 1.72 1.65 1.47 1.27 1.07
 21   0.88 0.80 0.84 1.00 1.19 1.36 1.49 1.52 1.42 1.22 1.00 0.78 0.62 0.59 0.69 0.89 1.14 1.41 1.66 1.82 1.83 1.72 1.51 1.27
 22   1.00 0.80 0.76 0.85 1.05 1.27 1.50 1.65 1.67 1.55 1.35 1.10 0.85 0.67 0.64 0.74 0.96 1.23 1.53 1.82 1.94 1.91 1.75 1.48
 23   1.17 0.90 0.73 0.71 0.83 1.05 1.30 1.55 1.68 1.67 1.54 1.31 1.03 0.77 0.62 0.61 0.77 1.04 1.36 1.67 1.91 1.97 1.88 1.67
 24   1.34 1.03 0.80 0.69 0.73 0.91 1.19 1.47 1.69 1.75 1.68 1.47 1.19 0.90 0.66 0.55 0.60 0.83 1.13 1.44 1.78 1.98 1.98 1.80
 25   1.50 1.20 0.90 0.69 0.65 0.75 1.01 1.29 1.56 1.73 1.73 1.56 1.30 1.00 0.72 0.57 0.58 0.73 1.01 1.35 1.68 1.91 1.98 1.87
 26   1.61 1.31 1.00 0.72 0.61 0.68 0.87 1.13 1.44 1.68 1.77 1.67 1.43 1.14 0.89 0.67 0.59 0.67 0.89 1.18 1.50 1.81 1.95 1.89
 27   1.71 1.44 1.15 0.85 0.65 0.63 0.76 0.99 1.28 1.56 1.72 1.72 1.58 1.33 1.06 0.80 0.68 0.69 0.82 1.06 1.35 1.65 1.87 1.89
 28   1.77 1.54 1.28 0.97 0.71 0.63 0.68 0.87 1.13 1.39 1.61 1.68 1.61 1.43 1.19 0.92 0.73 0.68 0.74 0.91 1.15 1.41 1.66 1.77
 29   1.73 1.55 1.30 1.02 0.78 0.64 0.63 0.74 0.92 1.16 1.39 1.55 1.58 1.51 1.33 1.09 0.87 0.75 0.72 0.80 0.97 1.24 1.49 1.65
 30   1.72 1.70 1.55 1.20 0.93 0.74 0.64 0.66 0.79 1.01 1.24 1.45 1.55 1.55 1.45 1.26 1.05 0.88 0.80 0.80 0.91 1.10 1.33 1.53
 31   1.62 1.61 1.51 1.31 1.10 0.89 0.75 0.70 0.72 0.82 1.01 1.20 1.37 1.49 1.52 1.45 1.29 1.13 1.00 0.91 0.89 0.97 1.13 1.29
 ----------------------------------------------------------------------------------------------------------------------------
                                                                                               
 ----------------------------------------------------------------------------------------------------------------------------
 ----------------------------------------------------------------------------------------------------------------------------
                                                          SURVEY OF INDIA
                                                    MARINE GEODESY WING (G&RB)
                                                     HOURLY HEIGHTS IN METRES
  NAME OF PORT:- KAKINADA                                                                           MONTH FEBRUARY  YEAR 2016
 ----------------------------------------------------------------------------------------------------------------------------
 DAYS 0000 0001 0002 0003 0004 0005 0006 0007 0008 0009 0010 0011 0012 0013 0014 0015 0016 0017 0018 0019 0020 0021 0022 0023
 ----------------------------------------------------------------------------------------------------------------------------
  1   1.43 1.53 1.54 1.45 1.28 1.10 0.93 0.81 0.76 0.79 0.90 1.05 1.22 1.37 1.45 1.45 1.39 1.27 1.13 1.03 0.97 0.96 1.02 1.12
  2   1.24 1.35 1.42 1.43 1.38 1.25 1.07 0.92 0.81 0.78 0.82 0.96 1.13 1.29 1.40 1.44 1.42 1.35 1.24 1.13 1.04 1.00 1.02 1.09
  3   1.18 1.27 1.34 1.36 1.32 1.23 1.11 0.98 0.87 0.81 0.80 0.85 0.94 1.08 1.23 1.37 1.46 1.48 1.42 1.31 1.19 1.06 0.97 0.95
  4   0.98 1.05 1.15 1.25 1.32 1.34 1.29 1.17 1.02 0.87 0.77 0.73 0.76 0.87 1.05 1.24 1.42 1.56 1.60 1.56 1.40 1.22 1.05 0.93
  5   0.88 0.91 1.01 1.15 1.30 1.42 1.45 1.39 1.22 1.02 0.85 0.72 0.68 0.72 0.85 1.06 1.28 1.49 1.63 1.67 1.62 1.44 1.23 1.00
  6   0.81 0.77 0.81 0.94 1.13 1.33 1.47 1.50 1.42 1.23 1.00 0.78 0.62 0.56 0.62 0.78 1.00 1.28 1.56 1.72 1.76 1.69 1.45 1.18
  7   0.89 0.69 0.64 0.69 0.89 1.13 1.39 1.58 1.62 1.56 1.32 1.00 0.71 0.55 0.50 0.56 0.79 1.11 1.45 1.77 1.88 1.85 1.67 1.37
  8   1.01 0.72 0.55 0.54 0.69 0.95 1.26 1.55 1.70 1.68 1.47 1.15 0.84 0.55 0.39 0.40 0.59 0.91 1.27 1.64 1.90 1.95 1.85 1.56
  9   1.19 0.83 0.55 0.46 0.50 0.73 1.07 1.39 1.69 1.78 1.72 1.43 1.11 0.78 0.51 0.40 0.43 0.67 1.01 1.39 1.75 1.95 1.95 1.74
 10   1.39 1.01 0.67 0.45 0.41 0.54 0.84 1.21 1.56 1.81 1.85 1.75 1.43 1.05 0.70 0.45 0.36 0.42 0.71 1.11 1.48 1.84 1.96 1.91
 11   1.60 1.27 0.93 0.57 0.37 0.38 0.59 0.95 1.33 1.70 1.96 1.98 1.80 1.43 1.01 0.66 0.48 0.46 0.60 0.89 1.25 1.61 1.88 1.92
 12   1.80 1.47 1.12 0.74 0.47 0.40 0.44 0.65 0.98 1.34 1.69 1.80 1.77 1.55 1.23 0.91 0.65 0.51 0.52 0.71 1.02 1.37 1.67 1.80
 13   1.78 1.58 1.30 0.97 0.65 0.49 0.46 0.55 0.79 1.11 1.42 1.67 1.74 1.67 1.45 1.19 0.91 0.68 0.61 0.65 0.83 1.10 1.36 1.62
 14   1.72 1.67 1.45 1.18 0.91 0.67 0.54 0.53 0.63 0.85 1.14 1.40 1.59 1.65 1.59 1.41 1.17 0.95 0.77 0.70 0.73 0.89 1.11 1.34
 15   1.50 1.57 1.55 1.41 1.18 0.95 0.75 0.64 0.63 0.72 0.91 1.15 1.35 1.51 1.58 1.55 1.42 1.24 1.07 0.93 0.85 0.86 0.96 1.12
 16   1.30 1.45 1.50 1.46 1.32 1.14 0.97 0.81 0.72 0.70 0.75 0.89 1.07 1.24 1.40 1.50 1.51 1.44 1.32 1.18 1.05 0.95 0.91 0.94
 17   1.03 1.16 1.29 1.38 1.39 1.32 1.19 1.04 0.91 0.80 0.75 0.76 0.86 1.02 1.19 1.35 1.46 1.52 1.51 1.43 1.28 1.12 0.98 0.90
 18   0.89 0.95 1.05 1.17 1.28 1.35 1.35 1.28 1.15 1.00 0.86 0.77 0.75 0.80 0.95 1.13 1.32 1.50 1.58 1.58 1.50 1.32 1.11 0.92
 19   0.80 0.78 0.84 0.97 1.12 1.29 1.41 1.42 1.35 1.19 1.00 0.82 0.67 0.61 0.64 0.80 1.08 1.38 1.59 1.68 1.67 1.54 1.31 1.05
 20   0.80 0.67 0.66 0.75 0.95 1.15 1.35 1.48 1.49 1.38 1.11 0.87 0.65 0.53 0.54 0.68 0.93 1.21 1.48 1.68 1.74 1.68 1.47 1.20
 21   0.90 0.66 0.57 0.61 0.80 1.05 1.29 1.47 1.52 1.46 1.27 0.99 0.75 0.54 0.46 0.51 0.71 1.01 1.31 1.60 1.75 1.74 1.57 1.32
 22   1.00 0.72 0.55 0.51 0.62 0.85 1.15 1.42 1.58 1.58 1.40 1.16 0.89 0.64 0.52 0.52 0.62 0.86 1.15 1.45 1.66 1.75 1.70 1.48
 23   1.13 0.85 0.64 0.57 0.61 0.75 1.00 1.26 1.50 1.63 1.59 1.32 1.06 0.78 0.60 0.53 0.56 0.70 0.96 1.29 1.55 1.71 1.75 1.60
 24   1.28 0.97 0.74 0.57 0.53 0.63 0.85 1.18 1.51 1.71 1.70 1.53 1.26 0.95 0.66 0.51 0.50 0.62 0.88 1.19 1.51 1.74 1.78 1.71
 25   1.43 1.12 0.80 0.52 0.46 0.51 0.74 1.04 1.34 1.62 1.70 1.66 1.42 1.14 0.84 0.62 0.55 0.58 0.74 1.01 1.32 1.61 1.73 1.72
 26   1.54 1.28 0.99 0.72 0.57 0.55 0.65 0.87 1.18 1.46 1.64 1.66 1.55 1.33 1.04 0.79 0.63 0.60 0.69 0.91 1.18 1.43 1.64 1.68
 27   1.62 1.41 1.11 0.82 0.60 0.52 0.56 0.74 1.01 1.30 1.55 1.65 1.62 1.47 1.24 1.00 0.80 0.70 0.71 0.85 1.07 1.31 1.55 1.63
 28   1.60 1.42 1.20 0.99 0.80 0.69 0.67 0.74 0.95 1.21 1.46 1.63 1.65 1.55 1.35 1.12 0.90 0.77 0.74 0.81 0.98 1.18 1.41 1.57
 29   1.60 1.53 1.32 1.07 0.84 0.71 0.67 0.72 0.86 1.05 1.26 1.44 1.53 1.52 1.43 1.27 1.09 0.92 0.84 0.85 0.94 1.10 1.29 1.46
 ----------------------------------------------------------------------------------------------------------------------------
                                                                                              
 ----------------------------------------------------------------------------------------------------------------------------
 ----------------------------------------------------------------------------------------------------------------------------
                                                          SURVEY OF INDIA
                                                    MARINE GEODESY WING (G&RB)
                                                     HOURLY HEIGHTS IN METRES
  NAME OF PORT:- KAKINADA                                                                           MONTH MARCH     YEAR 2016
 ----------------------------------------------------------------------------------------------------------------------------
 DAYS 0000 0001 0002 0003 0004 0005 0006 0007 0008 0009 0010 0011 0012 0013 0014 0015 0016 0017 0018 0019 0020 0021 0022 0023
 ----------------------------------------------------------------------------------------------------------------------------
  1   1.55 1.54 1.42 1.20 0.98 0.81 0.71 0.69 0.76 0.91 1.09 1.28 1.43 1.48 1.46 1.35 1.21 1.06 0.94 0.90 0.92 1.01 1.15 1.30
  2   1.40 1.42 1.38 1.25 1.11 0.96 0.84 0.78 0.78 0.82 0.93 1.09 1.24 1.37 1.43 1.42 1.35 1.23 1.10 0.98 0.91 0.90 0.95 1.05
  3   1.16 1.25 1.30 1.29 1.22 1.12 1.00 0.89 0.82 0.80 0.83 0.93 1.07 1.21 1.34 1.41 1.43 1.40 1.30 1.19 1.09 1.01 0.97 0.98
  4   1.03 1.10 1.18 1.24 1.27 1.25 1.17 1.05 0.93 0.84 0.80 0.81 0.88 1.01 1.17 1.32 1.45 1.51 1.49 1.40 1.25 1.11 0.97 0.89
  5   0.88 0.94 1.05 1.17 1.28 1.36 1.38 1.32 1.16 0.97 0.81 0.71 0.69 0.75 0.91 1.12 1.34 1.52 1.60 1.60 1.52 1.32 1.09 0.90
  6   0.77 0.75 0.83 0.99 1.18 1.37 1.50 1.52 1.45 1.24 1.00 0.78 0.66 0.63 0.71 0.91 1.19 1.47 1.71 1.78 1.73 1.55 1.28 1.00
  7   0.77 0.65 0.66 0.80 1.03 1.31 1.57 1.71 1.70 1.51 1.25 0.97 0.72 0.57 0.55 0.68 0.97 1.31 1.63 1.90 1.95 1.83 1.57 1.26
  8   0.90 0.61 0.51 0.57 0.80 1.10 1.44 1.71 1.82 1.76 1.51 1.17 0.85 0.57 0.45 0.51 0.77 1.09 1.45 1.83 2.01 1.99 1.75 1.42
  9   1.05 0.68 0.44 0.41 0.57 0.89 1.24 1.62 1.92 1.95 1.79 1.49 1.13 0.77 0.48 0.40 0.50 0.80 1.15 1.55 1.90 1.98 1.91 1.66
 10   1.26 0.84 0.51 0.33 0.34 0.59 0.95 1.34 1.74 1.97 1.97 1.76 1.41 1.06 0.67 0.43 0.41 0.59 0.90 1.29 1.68 1.96 2.00 1.88
 11   1.53 1.14 0.75 0.43 0.33 0.40 0.69 1.08 1.47 1.84 2.00 1.94 1.66 1.31 0.95 0.62 0.44 0.44 0.66 1.00 1.37 1.73 1.96 1.95
 12   1.71 1.36 0.99 0.65 0.41 0.37 0.52 0.82 1.19 1.57 1.85 1.94 1.85 1.54 1.21 0.90 0.62 0.49 0.52 0.75 1.08 1.43 1.76 1.92
 13   1.88 1.60 1.23 0.91 0.61 0.44 0.45 0.64 0.93 1.28 1.60 1.82 1.84 1.71 1.46 1.18 0.89 0.67 0.59 0.65 0.86 1.12 1.38 1.62
 14   1.70 1.63 1.41 1.12 0.84 0.63 0.55 0.59 0.79 1.04 1.31 1.57 1.71 1.71 1.57 1.35 1.11 0.90 0.75 0.71 0.79 0.97 1.18 1.41
 15   1.56 1.59 1.49 1.30 1.09 0.89 0.74 0.66 0.68 0.82 1.05 1.29 1.50 1.61 1.61 1.53 1.38 1.20 1.03 0.89 0.83 0.87 0.99 1.14
 16   1.28 1.39 1.43 1.39 1.25 1.09 0.92 0.79 0.74 0.77 0.88 1.04 1.20 1.35 1.46 1.50 1.47 1.37 1.23 1.10 0.98 0.88 0.85 0.90
 17   1.02 1.15 1.26 1.32 1.31 1.23 1.12 1.02 0.92 0.85 0.83 0.86 0.97 1.11 1.25 1.37 1.44 1.45 1.40 1.29 1.16 1.03 0.92 0.85
 18   0.85 0.92 1.03 1.14 1.24 1.30 1.30 1.22 1.10 0.98 0.88 0.82 0.83 0.93 1.06 1.21 1.35 1.47 1.53 1.49 1.36 1.19 1.01 0.85
 19   0.76 0.76 0.84 0.98 1.14 1.29 1.38 1.37 1.27 1.12 0.96 0.82 0.76 0.78 0.88 1.03 1.22 1.40 1.54 1.60 1.56 1.40 1.17 0.93
 20   0.73 0.65 0.67 0.80 0.98 1.19 1.38 1.48 1.47 1.34 1.12 0.91 0.72 0.63 0.65 0.79 1.01 1.25 1.48 1.65 1.68 1.59 1.34 1.07
 21   0.78 0.60 0.54 0.61 0.81 1.09 1.36 1.56 1.61 1.52 1.30 1.04 0.80 0.61 0.55 0.60 0.83 1.12 1.37 1.60 1.71 1.68 1.47 1.19
 22   0.88 0.64 0.50 0.51 0.69 0.96 1.22 1.49 1.65 1.63 1.45 1.16 0.89 0.63 0.51 0.53 0.67 0.92 1.22 1.51 1.69 1.71 1.56 1.29
 23   0.93 0.63 0.48 0.45 0.53 0.79 1.09 1.40 1.63 1.68 1.60 1.33 1.03 0.71 0.50 0.46 0.56 0.79 1.09 1.38 1.63 1.68 1.61 1.38
 24   1.04 0.73 0.47 0.38 0.42 0.63 0.92 1.27 1.55 1.70 1.68 1.47 1.18 0.85 0.56 0.44 0.45 0.61 0.88 1.20 1.48 1.64 1.63 1.49
 25   1.20 0.86 0.57 0.41 0.39 0.53 0.80 1.12 1.44 1.67 1.70 1.58 1.34 1.04 0.73 0.53 0.48 0.55 0.77 1.07 1.35 1.60 1.68 1.62
 26   1.33 1.02 0.71 0.46 0.39 0.45 0.67 0.97 1.29 1.59 1.72 1.70 1.49 1.23 0.93 0.66 0.52 0.53 0.68 0.92 1.23 1.51 1.68 1.67
 27   1.47 1.18 0.87 0.61 0.48 0.48 0.59 0.85 1.15 1.47 1.69 1.72 1.62 1.39 1.12 0.82 0.62 0.58 0.63 0.80 1.04 1.31 1.55 1.60
 28   1.49 1.26 0.98 0.71 0.52 0.45 0.50 0.67 0.95 1.25 1.51 1.66 1.66 1.51 1.26 1.01 0.78 0.63 0.61 0.69 0.87 1.10 1.35 1.51
 29   1.52 1.38 1.12 0.88 0.67 0.53 0.52 0.63 0.83 1.09 1.33 1.53 1.60 1.56 1.38 1.14 0.92 0.75 0.69 0.72 0.82 0.99 1.20 1.38
 30   1.46 1.42 1.27 1.06 0.87 0.71 0.65 0.67 0.78 0.97 1.18 1.39 1.53 1.56 1.48 1.32 1.14 0.95 0.80 0.75 0.78 0.91 1.07 1.23
 31   1.34 1.37 1.30 1.16 0.99 0.83 0.72 0.68 0.72 0.84 1.00 1.18 1.37 1.47 1.48 1.41 1.27 1.12 0.99 0.90 0.85 0.86 0.94 1.06
 ----------------------------------------------------------------------------------------------------------------------------
                                                                                              
 ----------------------------------------------------------------------------------------------------------------------------
 ----------------------------------------------------------------------------------------------------------------------------
                                                          SURVEY OF INDIA
                                                    MARINE GEODESY WING (G&RB)
                                                     HOURLY HEIGHTS IN METRES
  NAME OF PORT:- KAKINADA                                                                           MONTH APRIL     YEAR 2016
 ----------------------------------------------------------------------------------------------------------------------------
 DAYS 0000 0001 0002 0003 0004 0005 0006 0007 0008 0009 0010 0011 0012 0013 0014 0015 0016 0017 0018 0019 0020 0021 0022 0023
 ----------------------------------------------------------------------------------------------------------------------------
  1   1.18 1.28 1.32 1.29 1.17 1.02 0.90 0.82 0.80 0.84 0.94 1.07 1.21 1.34 1.43 1.46 1.41 1.28 1.14 1.02 0.92 0.88 0.89 0.95
  2   1.05 1.16 1.24 1.27 1.25 1.16 1.05 0.94 0.85 0.81 0.82 0.90 1.04 1.19 1.33 1.44 1.48 1.45 1.35 1.20 1.04 0.89 0.81 0.79
  3   0.85 0.97 1.12 1.27 1.37 1.38 1.30 1.16 1.00 0.85 0.73 0.68 0.71 0.82 0.99 1.20 1.41 1.53 1.54 1.44 1.24 1.00 0.79 0.64
  4   0.60 0.64 0.80 1.00 1.23 1.40 1.47 1.42 1.27 1.06 0.84 0.64 0.56 0.59 0.76 0.99 1.27 1.51 1.63 1.62 1.50 1.25 0.96 0.70
  5   0.51 0.47 0.55 0.77 1.04 1.33 1.56 1.65 1.60 1.42 1.12 0.83 0.59 0.45 0.45 0.63 0.88 1.20 1.51 1.73 1.75 1.60 1.33 1.00
  6   0.64 0.37 0.32 0.40 0.67 1.00 1.32 1.64 1.75 1.71 1.43 1.10 0.73 0.44 0.35 0.39 0.61 0.91 1.27 1.60 1.77 1.76 1.55 1.20
  7   0.77 0.42 0.22 0.22 0.42 0.74 1.12 1.50 1.80 1.84 1.72 1.40 1.04 0.67 0.36 0.30 0.38 0.62 0.98 1.38 1.70 1.80 1.77 1.52
  8   1.11 0.70 0.35 0.20 0.22 0.42 0.77 1.16 1.58 1.87 1.90 1.73 1.40 1.04 0.68 0.40 0.33 0.43 0.72 1.10 1.48 1.78 1.83 1.74
  9   1.43 1.03 0.65 0.32 0.22 0.30 0.56 0.94 1.34 1.74 1.84 1.79 1.56 1.26 0.92 0.63 0.44 0.42 0.58 0.87 1.20 1.50 1.72 1.73
 10   1.56 1.24 0.90 0.60 0.40 0.35 0.47 0.77 1.17 1.54 1.78 1.80 1.65 1.41 1.12 0.81 0.58 0.48 0.51 0.73 1.01 1.30 1.55 1.62
 11   1.55 1.33 1.05 0.77 0.56 0.48 0.53 0.72 1.10 1.46 1.73 1.83 1.78 1.55 1.28 0.98 0.70 0.55 0.53 0.62 0.86 1.15 1.41 1.56
 12   1.55 1.37 1.12 0.87 0.64 0.54 0.56 0.71 0.94 1.22 1.48 1.66 1.69 1.59 1.38 1.14 0.91 0.72 0.62 0.64 0.79 0.99 1.19 1.36
 13   1.45 1.42 1.25 1.03 0.83 0.67 0.60 0.63 0.74 0.90 1.07 1.25 1.44 1.56 1.57 1.44 1.22 1.03 0.88 0.77 0.74 0.78 0.89 1.04
 14   1.19 1.28 1.29 1.24 1.12 0.96 0.78 0.65 0.62 0.70 0.85 1.02 1.18 1.34 1.43 1.43 1.36 1.25 1.10 0.95 0.83 0.77 0.77 0.85
 15   0.95 1.05 1.14 1.20 1.19 1.12 1.02 0.90 0.79 0.73 0.75 0.86 0.99 1.13 1.25 1.34 1.37 1.34 1.25 1.12 0.98 0.84 0.75 0.73
 16   0.78 0.88 1.01 1.13 1.23 1.27 1.23 1.13 1.02 0.91 0.82 0.79 0.83 0.93 1.04 1.16 1.27 1.34 1.35 1.30 1.18 1.04 0.88 0.76
 17   0.72 0.75 0.85 0.99 1.13 1.25 1.32 1.30 1.19 1.04 0.88 0.76 0.72 0.75 0.88 1.04 1.20 1.35 1.42 1.41 1.31 1.14 0.97 0.78
 18   0.62 0.58 0.64 0.80 1.01 1.21 1.36 1.42 1.36 1.19 1.02 0.84 0.70 0.65 0.69 0.82 1.02 1.24 1.40 1.47 1.43 1.28 1.06 0.80
 19   0.60 0.50 0.51 0.65 0.87 1.13 1.36 1.51 1.52 1.38 1.16 0.93 0.73 0.60 0.58 0.66 0.86 1.08 1.31 1.50 1.52 1.40 1.17 0.90
 20   0.67 0.50 0.45 0.52 0.75 1.02 1.28 1.51 1.57 1.48 1.24 0.96 0.72 0.57 0.54 0.59 0.78 1.03 1.31 1.52 1.58 1.50 1.30 1.04
 21   0.74 0.50 0.42 0.46 0.64 0.91 1.20 1.50 1.62 1.60 1.44 1.18 0.90 0.66 0.52 0.52 0.65 0.88 1.16 1.41 1.56 1.55 1.40 1.13
 22   0.80 0.52 0.37 0.36 0.51 0.78 1.08 1.40 1.62 1.65 1.56 1.30 1.03 0.76 0.57 0.52 0.56 0.76 1.01 1.28 1.48 1.50 1.37 1.15
 23   0.90 0.65 0.46 0.41 0.46 0.65 0.94 1.23 1.51 1.64 1.63 1.45 1.17 0.89 0.62 0.52 0.53 0.64 0.87 1.14 1.36 1.48 1.45 1.26
 24   1.00 0.73 0.50 0.38 0.39 0.56 0.80 1.10 1.38 1.58 1.64 1.57 1.34 1.04 0.74 0.52 0.47 0.52 0.72 0.97 1.26 1.46 1.52 1.40
 25   1.11 0.80 0.53 0.35 0.31 0.40 0.66 0.94 1.26 1.54 1.66 1.62 1.42 1.16 0.87 0.60 0.44 0.44 0.57 0.80 1.07 1.34 1.48 1.46
 26   1.24 0.98 0.70 0.47 0.34 0.34 0.52 0.79 1.08 1.38 1.58 1.60 1.51 1.31 1.06 0.80 0.56 0.47 0.50 0.70 0.94 1.18 1.36 1.41
 27   1.33 1.14 0.89 0.65 0.46 0.41 0.45 0.64 0.90 1.19 1.46 1.60 1.58 1.42 1.20 0.97 0.75 0.63 0.61 0.67 0.84 1.05 1.25 1.38
 28   1.39 1.25 1.05 0.82 0.62 0.51 0.50 0.60 0.79 1.02 1.29 1.48 1.55 1.52 1.40 1.22 1.00 0.83 0.70 0.66 0.74 0.90 1.10 1.24
 29   1.29 1.27 1.18 1.03 0.85 0.69 0.62 0.64 0.75 0.92 1.14 1.33 1.48 1.54 1.50 1.36 1.18 0.99 0.84 0.76 0.74 0.80 0.94 1.10
 30   1.23 1.31 1.30 1.21 1.08 0.94 0.82 0.75 0.74 0.80 0.95 1.14 1.34 1.48 1.52 1.49 1.38 1.22 1.06 0.91 0.82 0.80 0.84 0.95
 ----------------------------------------------------------------------------------------------------------------------------
                                                                                              
 ----------------------------------------------------------------------------------------------------------------------------
 ----------------------------------------------------------------------------------------------------------------------------
                                                          SURVEY OF INDIA
                                                    MARINE GEODESY WING (G&RB)
                                                     HOURLY HEIGHTS IN METRES
  NAME OF PORT:- KAKINADA                                                                           MONTH MAY       YEAR 2016
 ----------------------------------------------------------------------------------------------------------------------------
 DAYS 0000 0001 0002 0003 0004 0005 0006 0007 0008 0009 0010 0011 0012 0013 0014 0015 0016 0017 0018 0019 0020 0021 0022 0023
 ----------------------------------------------------------------------------------------------------------------------------
  1   1.08 1.20 1.28 1.30 1.26 1.16 1.02 0.87 0.76 0.72 0.74 0.85 1.05 1.25 1.41 1.50 1.51 1.44 1.28 1.10 0.95 0.83 0.77 0.78
  2   0.86 1.02 1.18 1.31 1.38 1.38 1.29 1.15 1.00 0.86 0.80 0.82 0.93 1.09 1.26 1.44 1.56 1.57 1.48 1.28 1.07 0.86 0.70 0.65
  3   0.68 0.82 1.04 1.24 1.43 1.55 1.54 1.40 1.20 1.00 0.83 0.73 0.72 0.81 1.01 1.24 1.49 1.62 1.63 1.51 1.28 1.02 0.73 0.53
  4   0.47 0.52 0.74 1.01 1.30 1.55 1.69 1.67 1.50 1.25 0.98 0.76 0.61 0.60 0.72 0.97 1.24 1.49 1.69 1.72 1.58 1.32 1.00 0.70
  5   0.46 0.39 0.46 0.70 1.06 1.40 1.71 1.87 1.85 1.60 1.29 0.96 0.66 0.53 0.56 0.74 1.02 1.34 1.62 1.81 1.80 1.60 1.28 0.92
  6   0.59 0.39 0.35 0.49 0.79 1.20 1.58 1.92 2.00 1.90 1.62 1.26 0.92 0.64 0.52 0.55 0.76 1.09 1.45 1.75 1.89 1.84 1.61 1.26
  7   0.85 0.51 0.35 0.37 0.59 0.92 1.33 1.73 2.00 2.04 1.90 1.63 1.28 0.91 0.62 0.51 0.57 0.80 1.15 1.50 1.79 1.92 1.81 1.52
  8   1.12 0.77 0.46 0.36 0.44 0.71 1.05 1.46 1.86 2.05 2.04 1.84 1.54 1.20 0.87 0.64 0.55 0.64 0.91 1.23 1.56 1.82 1.87 1.71
  9   1.38 1.04 0.71 0.50 0.45 0.56 0.82 1.16 1.56 1.90 2.00 1.95 1.76 1.46 1.15 0.85 0.63 0.61 0.76 1.03 1.31 1.58 1.75 1.75
 10   1.56 1.28 1.00 0.72 0.54 0.53 0.69 0.96 1.28 1.62 1.88 1.95 1.88 1.70 1.44 1.15 0.89 0.75 0.75 0.87 1.10 1.34 1.55 1.65
 11   1.64 1.47 1.22 0.99 0.80 0.68 0.67 0.82 1.07 1.36 1.64 1.83 1.89 1.83 1.61 1.35 1.10 0.89 0.78 0.79 0.90 1.09 1.30 1.48
 12   1.55 1.49 1.34 1.16 0.97 0.84 0.80 0.83 0.97 1.16 1.37 1.56 1.70 1.74 1.66 1.51 1.33 1.15 0.98 0.85 0.82 0.91 1.10 1.30
 13   1.44 1.50 1.46 1.33 1.17 1.02 0.92 0.89 0.92 1.03 1.19 1.35 1.51 1.61 1.62 1.57 1.44 1.28 1.13 0.98 0.88 0.87 0.96 1.10
 14   1.24 1.35 1.40 1.40 1.33 1.21 1.10 1.00 0.95 0.97 1.06 1.18 1.30 1.42 1.52 1.56 1.53 1.41 1.26 1.12 1.00 0.91 0.88 0.92
 15   1.02 1.13 1.24 1.33 1.39 1.39 1.32 1.22 1.12 1.06 1.05 1.08 1.16 1.27 1.38 1.47 1.52 1.51 1.43 1.30 1.16 1.02 0.92 0.88
 16   0.91 1.00 1.12 1.26 1.38 1.47 1.48 1.42 1.32 1.21 1.10 1.05 1.07 1.16 1.28 1.40 1.52 1.59 1.59 1.50 1.36 1.18 1.02 0.92
 17   0.90 0.94 1.06 1.26 1.46 1.60 1.66 1.65 1.55 1.39 1.24 1.12 1.06 1.08 1.19 1.32 1.48 1.63 1.72 1.70 1.57 1.38 1.20 1.04
 18   0.92 0.89 0.98 1.17 1.38 1.60 1.76 1.84 1.82 1.67 1.44 1.25 1.14 1.12 1.19 1.35 1.55 1.75 1.90 1.95 1.90 1.75 1.54 1.30
 19   1.12 1.07 1.14 1.32 1.56 1.81 2.04 2.18 2.18 2.04 1.80 1.57 1.35 1.22 1.21 1.31 1.48 1.66 1.82 1.92 1.92 1.80 1.60 1.32
 20   1.06 0.92 0.91 1.02 1.25 1.51 1.78 2.01 2.05 1.95 1.73 1.47 1.21 1.02 0.94 0.99 1.18 1.41 1.65 1.82 1.89 1.83 1.55 1.25
 21   1.00 0.83 0.78 0.84 1.03 1.28 1.60 1.88 2.00 2.00 1.88 1.60 1.33 1.11 0.98 0.94 1.02 1.20 1.46 1.72 1.84 1.83 1.70 1.48
 22   1.15 0.88 0.77 0.76 0.88 1.14 1.44 1.75 1.97 2.05 1.98 1.81 1.55 1.26 1.01 0.92 0.95 1.08 1.30 1.56 1.78 1.90 1.86 1.66
 23   1.37 1.04 0.82 0.75 0.79 0.99 1.28 1.62 1.92 2.08 2.09 1.94 1.71 1.44 1.18 0.96 0.87 0.92 1.12 1.40 1.66 1.83 1.88 1.76
 24   1.52 1.21 0.94 0.78 0.74 0.82 1.04 1.38 1.70 1.98 2.08 2.02 1.82 1.55 1.27 1.04 0.92 0.93 1.08 1.30 1.57 1.79 1.88 1.82
 25   1.62 1.32 1.03 0.84 0.77 0.83 1.00 1.26 1.60 1.88 2.04 2.08 2.00 1.77 1.48 1.20 1.03 0.99 1.03 1.20 1.46 1.70 1.88 1.95
 26   1.87 1.60 1.31 1.06 0.91 0.88 0.96 1.16 1.44 1.74 2.00 2.12 2.09 1.91 1.66 1.42 1.18 1.01 0.98 1.06 1.23 1.45 1.68 1.85
 27   1.86 1.72 1.49 1.26 1.07 0.96 0.95 1.07 1.29 1.56 1.82 2.00 2.07 2.00 1.84 1.62 1.38 1.18 1.06 1.05 1.14 1.32 1.53 1.72
 28   1.81 1.80 1.66 1.45 1.24 1.08 1.01 1.04 1.16 1.37 1.62 1.82 1.94 1.96 1.88 1.71 1.48 1.28 1.13 1.04 1.04 1.15 1.32 1.50
 29   1.66 1.76 1.75 1.62 1.44 1.28 1.14 1.08 1.12 1.25 1.42 1.62 1.80 1.92 1.95 1.88 1.71 1.53 1.34 1.19 1.09 1.09 1.17 1.33
 30   1.50 1.65 1.76 1.78 1.71 1.56 1.38 1.20 1.08 1.06 1.18 1.38 1.57 1.76 1.90 1.95 1.92 1.78 1.58 1.39 1.20 1.07 1.05 1.14
 31   1.30 1.50 1.69 1.82 1.89 1.89 1.78 1.60 1.41 1.26 1.19 1.24 1.40 1.60 1.78 1.92 2.00 1.98 1.85 1.65 1.42 1.22 1.09 1.06
 ----------------------------------------------------------------------------------------------------------------------------
                                                                                               
 ----------------------------------------------------------------------------------------------------------------------------
 ----------------------------------------------------------------------------------------------------------------------------
                                                          SURVEY OF INDIA
                                                    MARINE GEODESY WING (G&RB)
                                                     HOURLY HEIGHTS IN METRES
  NAME OF PORT:- KAKINADA                                                                           MONTH JUNE      YEAR 2016
 ----------------------------------------------------------------------------------------------------------------------------
 DAYS 0000 0001 0002 0003 0004 0005 0006 0007 0008 0009 0010 0011 0012 0013 0014 0015 0016 0017 0018 0019 0020 0021 0022 0023
 ----------------------------------------------------------------------------------------------------------------------------
  1   1.13 1.30 1.50 1.72 1.89 1.99 1.96 1.82 1.64 1.45 1.27 1.18 1.20 1.33 1.53 1.74 1.93 2.02 2.02 1.90 1.67 1.42 1.17 0.97
  2   0.89 0.94 1.17 1.49 1.76 1.97 2.07 2.07 1.92 1.65 1.40 1.20 1.08 1.08 1.21 1.45 1.70 1.93 2.06 2.06 1.91 1.64 1.37 1.08
  3   0.87 0.81 0.90 1.19 1.54 1.86 2.14 2.24 2.18 1.96 1.64 1.31 1.04 0.96 1.00 1.19 1.44 1.75 2.00 2.10 2.05 1.83 1.52 1.20
  4   0.90 0.74 0.75 0.98 1.32 1.70 2.04 2.24 2.25 2.12 1.88 1.58 1.28 1.04 0.95 0.98 1.20 1.52 1.85 2.06 2.10 2.00 1.75 1.43
  5   1.08 0.82 0.72 0.78 1.05 1.42 1.80 2.19 2.36 2.34 2.13 1.84 1.50 1.20 0.94 0.84 0.92 1.20 1.52 1.84 2.04 2.08 1.96 1.70
  6   1.32 1.00 0.78 0.72 0.85 1.12 1.50 1.92 2.21 2.36 2.33 2.10 1.77 1.44 1.16 0.95 0.89 1.02 1.30 1.64 1.92 2.07 2.08 1.93
  7   1.62 1.28 1.02 0.84 0.80 0.96 1.28 1.65 2.04 2.27 2.34 2.26 2.01 1.71 1.39 1.10 0.94 0.94 1.10 1.36 1.68 1.92 2.04 2.00
  8   1.81 1.52 1.20 0.97 0.86 0.89 1.08 1.36 1.72 2.06 2.23 2.24 2.13 1.90 1.56 1.27 1.04 0.95 0.97 1.14 1.40 1.66 1.85 1.94
  9   1.89 1.68 1.40 1.15 0.94 0.89 0.96 1.17 1.44 1.76 2.04 2.18 2.17 2.04 1.80 1.52 1.26 1.08 0.99 1.04 1.20 1.42 1.64 1.81
 10   1.84 1.76 1.56 1.34 1.15 1.03 1.00 1.06 1.24 1.48 1.73 1.95 2.04 2.02 1.88 1.66 1.42 1.20 1.04 1.00 1.05 1.20 1.38 1.58
 11   1.72 1.75 1.66 1.50 1.32 1.16 1.06 1.06 1.15 1.30 1.50 1.72 1.88 1.93 1.88 1.74 1.54 1.34 1.15 1.03 1.00 1.04 1.18 1.36
 12   1.52 1.63 1.66 1.59 1.48 1.35 1.25 1.19 1.17 1.21 1.32 1.47 1.64 1.74 1.77 1.72 1.60 1.46 1.32 1.17 1.06 1.03 1.06 1.16
 13   1.30 1.45 1.56 1.61 1.58 1.48 1.37 1.27 1.19 1.16 1.19 1.30 1.43 1.56 1.67 1.70 1.65 1.55 1.42 1.30 1.18 1.10 1.08 1.12
 14   1.23 1.37 1.50 1.59 1.64 1.62 1.54 1.42 1.30 1.20 1.15 1.18 1.30 1.46 1.59 1.69 1.74 1.73 1.64 1.52 1.37 1.23 1.13 1.10
 15   1.15 1.31 1.50 1.66 1.78 1.84 1.83 1.74 1.60 1.45 1.35 1.30 1.32 1.41 1.53 1.64 1.74 1.79 1.77 1.67 1.52 1.36 1.22 1.12
 16   1.09 1.14 1.28 1.50 1.72 1.86 1.91 1.90 1.80 1.64 1.45 1.31 1.25 1.26 1.34 1.48 1.64 1.76 1.82 1.81 1.70 1.51 1.32 1.18
 17   1.10 1.10 1.20 1.40 1.64 1.85 2.00 2.05 2.02 1.90 1.70 1.47 1.30 1.22 1.24 1.36 1.54 1.72 1.84 1.88 1.80 1.63 1.43 1.20
 18   1.02 0.98 1.04 1.22 1.46 1.70 1.93 2.07 2.08 1.95 1.74 1.50 1.27 1.12 1.07 1.14 1.30 1.52 1.72 1.84 1.86 1.74 1.54 1.30
 19   1.08 0.93 0.92 1.04 1.26 1.54 1.82 2.06 2.14 2.07 1.90 1.64 1.39 1.17 1.06 1.06 1.20 1.42 1.65 1.86 1.94 1.92 1.77 1.51
 20   1.23 1.03 0.93 0.95 1.11 1.40 1.70 2.00 2.18 2.20 2.10 1.87 1.60 1.31 1.12 1.06 1.12 1.30 1.55 1.78 1.94 1.98 1.90 1.67
 21   1.36 1.08 0.92 0.89 0.99 1.22 1.52 1.86 2.14 2.27 2.22 2.02 1.74 1.44 1.18 1.05 1.05 1.17 1.41 1.72 1.95 2.06 2.02 1.86
 22   1.54 1.22 1.00 0.89 0.92 1.10 1.38 1.72 2.05 2.25 2.27 2.18 1.98 1.66 1.35 1.13 1.04 1.07 1.24 1.53 1.80 1.98 2.04 1.94
 23   1.71 1.40 1.08 0.88 0.83 0.94 1.19 1.50 1.87 2.15 2.31 2.29 2.10 1.82 1.51 1.23 1.06 1.02 1.12 1.34 1.60 1.87 2.02 2.02
 24   1.86 1.60 1.33 1.06 0.93 0.92 1.03 1.30 1.66 1.98 2.22 2.29 2.22 2.02 1.70 1.40 1.16 1.04 1.04 1.17 1.41 1.68 1.92 2.04
 25   2.00 1.84 1.59 1.35 1.15 1.06 1.07 1.20 1.47 1.77 2.05 2.26 2.31 2.23 2.00 1.70 1.40 1.14 1.05 1.09 1.25 1.46 1.70 1.90
 26   1.99 1.96 1.82 1.56 1.32 1.15 1.09 1.12 1.26 1.49 1.78 2.03 2.14 2.14 2.04 1.82 1.54 1.28 1.11 1.05 1.10 1.28 1.51 1.76
 27   1.94 1.99 1.94 1.80 1.60 1.40 1.22 1.13 1.16 1.32 1.54 1.78 1.98 2.08 2.08 1.98 1.75 1.50 1.30 1.14 1.07 1.12 1.30 1.54
 28   1.76 1.95 2.04 2.00 1.86 1.66 1.48 1.33 1.26 1.28 1.38 1.56 1.77 1.95 2.04 2.05 1.94 1.70 1.45 1.24 1.11 1.05 1.09 1.23
 29   1.44 1.65 1.83 1.95 1.97 1.87 1.70 1.49 1.34 1.27 1.28 1.36 1.52 1.72 1.90 1.99 2.00 1.90 1.70 1.47 1.25 1.12 1.07 1.10
 30   1.22 1.43 1.65 1.85 2.00 2.05 1.98 1.79 1.59 1.43 1.33 1.30 1.34 1.47 1.63 1.79 1.92 1.97 1.91 1.72 1.50 1.30 1.16 1.08
 ----------------------------------------------------------------------------------------------------------------------------
                                                                                             
 ----------------------------------------------------------------------------------------------------------------------------
 ----------------------------------------------------------------------------------------------------------------------------
                                                          SURVEY OF INDIA
                                                    MARINE GEODESY WING (G&RB)
                                                     HOURLY HEIGHTS IN METRES
  NAME OF PORT:- KAKINADA                                                                           MONTH JULY      YEAR 2016
 ----------------------------------------------------------------------------------------------------------------------------
 DAYS 0000 0001 0002 0003 0004 0005 0006 0007 0008 0009 0010 0011 0012 0013 0014 0015 0016 0017 0018 0019 0020 0021 0022 0023
 ----------------------------------------------------------------------------------------------------------------------------
  1   1.10 1.21 1.41 1.64 1.89 2.06 2.13 2.07 1.89 1.65 1.45 1.30 1.22 1.24 1.37 1.58 1.78 1.93 2.00 1.97 1.78 1.53 1.30 1.10
  2   1.00 1.01 1.18 1.42 1.70 1.97 2.17 2.25 2.18 1.94 1.64 1.40 1.23 1.16 1.20 1.34 1.56 1.80 1.96 2.00 1.89 1.58 1.27 1.04
  3   0.92 0.90 0.97 1.16 1.44 1.77 2.07 2.28 2.30 2.18 1.92 1.57 1.25 1.07 1.03 1.08 1.26 1.52 1.78 1.98 2.04 1.93 1.69 1.40
  4   1.10 0.91 0.85 0.92 1.14 1.44 1.80 2.12 2.30 2.28 2.11 1.83 1.50 1.19 1.00 0.96 1.02 1.25 1.52 1.79 1.98 2.03 1.90 1.63
  5   1.27 0.99 0.82 0.80 0.90 1.15 1.49 1.85 2.16 2.25 2.20 1.99 1.66 1.32 1.05 0.89 0.86 0.94 1.19 1.50 1.74 1.89 1.90 1.75
  6   1.44 1.13 0.92 0.82 0.83 0.95 1.20 1.52 1.90 2.12 2.16 2.07 1.84 1.48 1.16 0.94 0.84 0.85 0.99 1.26 1.53 1.76 1.88 1.86
  7   1.65 1.33 1.02 0.85 0.80 0.84 1.02 1.29 1.63 1.95 2.11 2.12 2.01 1.70 1.37 1.09 0.92 0.86 0.93 1.11 1.37 1.62 1.81 1.85
  8   1.76 1.52 1.25 1.02 0.89 0.87 0.98 1.20 1.52 1.82 2.05 2.14 2.07 1.88 1.60 1.31 1.07 0.93 0.90 0.98 1.21 1.48 1.72 1.87
  9   1.90 1.77 1.55 1.32 1.12 1.02 1.01 1.08 1.26 1.52 1.78 1.95 1.98 1.90 1.72 1.47 1.22 1.01 0.91 0.93 1.08 1.28 1.49 1.68
 10   1.76 1.73 1.60 1.40 1.22 1.06 0.98 0.99 1.12 1.32 1.55 1.75 1.85 1.85 1.72 1.52 1.32 1.14 1.00 0.93 0.96 1.11 1.30 1.48
 11   1.63 1.71 1.68 1.56 1.38 1.22 1.10 1.04 1.05 1.16 1.34 1.52 1.67 1.74 1.71 1.58 1.40 1.23 1.09 0.98 0.93 0.97 1.10 1.28
 12   1.45 1.59 1.66 1.64 1.53 1.37 1.22 1.12 1.08 1.10 1.20 1.34 1.47 1.58 1.62 1.58 1.46 1.30 1.15 1.03 0.96 0.94 0.99 1.14
 13   1.34 1.50 1.60 1.63 1.60 1.50 1.38 1.26 1.18 1.15 1.16 1.23 1.36 1.50 1.58 1.60 1.57 1.47 1.32 1.19 1.08 1.02 1.01 1.06
 14   1.18 1.32 1.47 1.59 1.66 1.64 1.55 1.40 1.25 1.12 1.08 1.11 1.21 1.34 1.45 1.53 1.57 1.55 1.45 1.32 1.17 1.03 0.96 0.95
 15   1.01 1.15 1.32 1.51 1.67 1.76 1.76 1.68 1.52 1.35 1.22 1.16 1.16 1.22 1.32 1.44 1.54 1.60 1.60 1.51 1.34 1.17 1.03 0.95
 16   0.94 1.02 1.17 1.35 1.55 1.73 1.82 1.81 1.70 1.53 1.33 1.17 1.08 1.06 1.11 1.24 1.40 1.55 1.62 1.60 1.48 1.29 1.10 0.94
 17   0.85 0.85 0.94 1.14 1.39 1.65 1.86 1.91 1.84 1.68 1.49 1.28 1.11 1.02 1.02 1.10 1.26 1.45 1.62 1.68 1.64 1.50 1.28 1.02
 18   0.81 0.74 0.80 0.98 1.22 1.50 1.76 1.94 1.97 1.87 1.64 1.37 1.14 0.99 0.95 0.99 1.15 1.37 1.60 1.77 1.80 1.69 1.42 1.15
 19   0.92 0.77 0.74 0.83 1.02 1.30 1.63 1.90 2.04 2.02 1.85 1.58 1.28 1.03 0.89 0.87 0.97 1.18 1.42 1.68 1.85 1.84 1.67 1.40
 20   1.08 0.84 0.72 0.73 0.90 1.14 1.46 1.79 2.07 2.14 2.05 1.83 1.49 1.16 0.94 0.85 0.86 1.02 1.28 1.56 1.80 1.89 1.84 1.65
 21   1.30 0.98 0.80 0.75 0.81 1.01 1.30 1.66 2.01 2.15 2.14 2.00 1.70 1.38 1.06 0.88 0.85 0.94 1.15 1.43 1.74 1.97 2.00 1.86
 22   1.58 1.24 0.95 0.78 0.76 0.88 1.12 1.44 1.83 2.12 2.20 2.15 1.96 1.61 1.25 0.99 0.84 0.83 0.97 1.23 1.52 1.81 1.97 1.95
 23   1.76 1.46 1.15 0.89 0.78 0.80 0.97 1.22 1.55 1.90 2.14 2.18 2.08 1.84 1.50 1.16 0.89 0.78 0.82 1.01 1.28 1.59 1.86 1.99
 24   1.95 1.68 1.38 1.12 0.97 0.92 0.95 1.12 1.40 1.74 2.00 2.13 2.12 1.98 1.65 1.28 1.03 0.90 0.87 0.93 1.13 1.42 1.71 1.90
 25   1.95 1.89 1.69 1.41 1.19 1.03 0.98 1.02 1.20 1.45 1.75 1.98 2.07 2.05 1.86 1.54 1.25 1.01 0.90 0.90 1.02 1.22 1.45 1.70
 26   1.88 1.93 1.87 1.68 1.43 1.22 1.09 1.05 1.11 1.27 1.50 1.75 1.95 2.00 1.94 1.75 1.50 1.25 1.06 0.95 0.94 1.05 1.24 1.47
 27   1.71 1.87 1.92 1.86 1.66 1.45 1.27 1.14 1.10 1.15 1.32 1.52 1.70 1.83 1.90 1.86 1.70 1.48 1.28 1.12 1.02 1.02 1.11 1.28
 28   1.48 1.67 1.83 1.90 1.86 1.74 1.56 1.40 1.26 1.19 1.20 1.30 1.47 1.63 1.77 1.84 1.80 1.67 1.49 1.31 1.15 1.04 1.02 1.07
 29   1.21 1.40 1.60 1.80 1.93 1.94 1.83 1.64 1.47 1.30 1.19 1.16 1.21 1.33 1.48 1.64 1.76 1.80 1.73 1.54 1.34 1.16 1.02 0.98
 30   1.02 1.19 1.40 1.62 1.82 1.94 1.96 1.86 1.69 1.49 1.29 1.16 1.12 1.15 1.25 1.42 1.62 1.77 1.80 1.74 1.58 1.37 1.16 0.98
 31   0.89 0.90 1.05 1.31 1.60 1.85 2.01 2.03 1.90 1.65 1.42 1.20 1.05 1.01 1.03 1.16 1.36 1.59 1.76 1.82 1.76 1.57 1.34 1.11
 ----------------------------------------------------------------------------------------------------------------------------
                                                                                               
 ----------------------------------------------------------------------------------------------------------------------------
 ----------------------------------------------------------------------------------------------------------------------------
                                                          SURVEY OF INDIA
                                                    MARINE GEODESY WING (G&RB)
                                                     HOURLY HEIGHTS IN METRES
  NAME OF PORT:- KAKINADA                                                                           MONTH AUGUST    YEAR 2016
 ----------------------------------------------------------------------------------------------------------------------------
 DAYS 0000 0001 0002 0003 0004 0005 0006 0007 0008 0009 0010 0011 0012 0013 0014 0015 0016 0017 0018 0019 0020 0021 0022 0023
 ----------------------------------------------------------------------------------------------------------------------------
  1   0.94 0.86 0.90 1.06 1.34 1.63 1.90 2.08 2.08 1.92 1.66 1.38 1.14 0.96 0.89 0.93 1.11 1.37 1.62 1.82 1.90 1.80 1.54 1.25
  2   1.01 0.81 0.72 0.76 1.00 1.30 1.64 1.94 2.10 2.06 1.86 1.58 1.26 0.98 0.82 0.78 0.89 1.12 1.38 1.68 1.86 1.89 1.75 1.47
  3   1.14 0.87 0.73 0.71 0.80 1.07 1.37 1.70 1.98 2.06 1.98 1.75 1.42 1.10 0.85 0.72 0.73 0.89 1.15 1.45 1.72 1.85 1.83 1.61
  4   1.25 0.97 0.76 0.66 0.70 0.87 1.15 1.49 1.86 2.06 2.06 1.90 1.63 1.29 1.00 0.80 0.73 0.78 1.02 1.32 1.62 1.85 1.92 1.82
  5   1.54 1.20 0.92 0.74 0.70 0.82 1.08 1.38 1.74 2.01 2.10 2.04 1.82 1.52 1.20 0.95 0.82 0.80 0.90 1.16 1.44 1.70 1.87 1.88
  6   1.73 1.46 1.15 0.92 0.80 0.82 0.97 1.22 1.50 1.80 2.02 2.05 1.93 1.69 1.41 1.13 0.93 0.84 0.89 1.05 1.30 1.56 1.78 1.88
  7   1.81 1.63 1.38 1.11 0.92 0.86 0.94 1.11 1.36 1.62 1.86 2.00 1.98 1.80 1.55 1.30 1.07 0.93 0.90 0.98 1.18 1.44 1.68 1.86
  8   1.88 1.75 1.53 1.30 1.07 0.92 0.92 1.05 1.26 1.50 1.73 1.92 1.98 1.90 1.69 1.42 1.18 1.02 0.96 0.99 1.13 1.35 1.58 1.78
  9   1.90 1.88 1.73 1.52 1.33 1.18 1.11 1.12 1.22 1.40 1.61 1.83 1.92 1.88 1.74 1.52 1.30 1.14 1.04 1.02 1.08 1.24 1.45 1.64
 10   1.76 1.80 1.74 1.62 1.45 1.28 1.17 1.14 1.18 1.28 1.44 1.61 1.74 1.78 1.74 1.60 1.42 1.25 1.12 1.04 1.04 1.12 1.25 1.42
 11   1.60 1.72 1.74 1.68 1.56 1.42 1.27 1.15 1.10 1.13 1.22 1.36 1.48 1.57 1.60 1.56 1.43 1.29 1.16 1.05 0.98 0.97 1.03 1.15
 12   1.28 1.42 1.53 1.56 1.53 1.43 1.30 1.18 1.08 1.05 1.08 1.16 1.28 1.39 1.48 1.52 1.51 1.44 1.32 1.21 1.10 1.02 1.00 1.03
 13   1.13 1.28 1.42 1.54 1.60 1.60 1.55 1.44 1.33 1.22 1.15 1.14 1.18 1.26 1.36 1.44 1.49 1.50 1.46 1.36 1.22 1.08 0.98 0.94
 14   0.96 1.06 1.24 1.42 1.57 1.68 1.72 1.66 1.53 1.38 1.24 1.13 1.08 1.09 1.16 1.29 1.42 1.52 1.56 1.51 1.40 1.24 1.08 0.98
 15   0.94 0.96 1.06 1.27 1.50 1.70 1.82 1.84 1.73 1.52 1.32 1.14 1.02 0.98 1.02 1.16 1.34 1.51 1.66 1.70 1.62 1.42 1.19 0.99
 16   0.86 0.81 0.88 1.08 1.34 1.60 1.81 1.94 1.92 1.75 1.52 1.26 1.06 0.92 0.88 0.97 1.16 1.38 1.62 1.75 1.74 1.62 1.41 1.16
 17   0.90 0.76 0.76 0.90 1.16 1.44 1.76 1.96 2.00 1.94 1.74 1.46 1.16 0.91 0.80 0.80 0.94 1.24 1.55 1.78 1.86 1.82 1.63 1.35
 18   1.02 0.76 0.66 0.72 0.92 1.22 1.55 1.90 2.12 2.12 1.94 1.66 1.36 1.04 0.80 0.72 0.80 1.04 1.32 1.64 1.92 1.99 1.89 1.64
 19   1.26 0.93 0.71 0.66 0.78 1.02 1.32 1.72 2.06 2.20 2.13 1.88 1.56 1.20 0.88 0.70 0.68 0.83 1.12 1.46 1.82 2.00 2.00 1.84
 20   1.52 1.13 0.85 0.70 0.68 0.80 1.12 1.50 1.90 2.19 2.23 2.10 1.84 1.50 1.12 0.82 0.71 0.74 0.95 1.27 1.69 2.06 2.20 2.15
 21   1.90 1.53 1.18 0.88 0.74 0.76 0.99 1.31 1.66 2.04 2.20 2.21 2.06 1.76 1.38 1.02 0.76 0.70 0.80 1.06 1.40 1.78 2.04 2.12
 22   2.02 1.78 1.42 1.10 0.88 0.80 0.86 1.10 1.40 1.78 2.07 2.18 2.12 1.91 1.60 1.24 0.95 0.81 0.80 0.92 1.17 1.48 1.84 2.05
 23   2.08 1.94 1.66 1.38 1.10 0.92 0.88 0.96 1.16 1.48 1.80 2.00 2.05 1.95 1.68 1.35 1.07 0.85 0.74 0.77 0.98 1.27 1.54 1.80
 24   1.95 1.94 1.78 1.53 1.27 1.05 0.92 0.90 1.02 1.23 1.50 1.71 1.85 1.88 1.78 1.54 1.26 1.03 0.86 0.80 0.86 1.04 1.29 1.54
 25   1.78 1.90 1.91 1.80 1.59 1.38 1.20 1.09 1.06 1.13 1.30 1.52 1.70 1.80 1.80 1.70 1.52 1.32 1.13 1.00 0.96 1.00 1.12 1.30
 26   1.52 1.71 1.82 1.85 1.78 1.60 1.40 1.24 1.13 1.10 1.15 1.26 1.42 1.60 1.74 1.79 1.74 1.60 1.40 1.21 1.08 1.03 1.04 1.13
 27   1.27 1.45 1.64 1.80 1.87 1.84 1.73 1.58 1.42 1.28 1.18 1.15 1.20 1.34 1.52 1.68 1.78 1.78 1.70 1.54 1.34 1.16 1.05 1.03
 28   1.12 1.28 1.46 1.64 1.81 1.92 1.95 1.88 1.72 1.52 1.33 1.18 1.12 1.17 1.30 1.45 1.61 1.77 1.84 1.80 1.65 1.47 1.30 1.15
 29   1.08 1.12 1.26 1.48 1.71 1.92 2.06 2.08 1.98 1.78 1.53 1.30 1.14 1.11 1.17 1.32 1.52 1.74 1.93 1.98 1.88 1.68 1.44 1.20
 30   1.02 0.98 1.05 1.24 1.48 1.75 2.00 2.15 2.16 2.02 1.76 1.48 1.21 1.05 1.02 1.08 1.26 1.52 1.78 1.98 2.03 1.93 1.70 1.42
 31   1.18 1.05 1.02 1.10 1.32 1.57 1.83 2.08 2.22 2.21 2.03 1.67 1.37 1.15 1.05 1.04 1.14 1.35 1.64 1.88 2.02 2.02 1.88 1.59
 ----------------------------------------------------------------------------------------------------------------------------
                                                                                               
 ----------------------------------------------------------------------------------------------------------------------------
 ----------------------------------------------------------------------------------------------------------------------------
                                                          SURVEY OF INDIA
                                                    MARINE GEODESY WING (G&RB)
                                                     HOURLY HEIGHTS IN METRES
  NAME OF PORT:- KAKINADA                                                                           MONTH SEPT      YEAR 2016
 ----------------------------------------------------------------------------------------------------------------------------
 DAYS 0000 0001 0002 0003 0004 0005 0006 0007 0008 0009 0010 0011 0012 0013 0014 0015 0016 0017 0018 0019 0020 0021 0022 0023
 ----------------------------------------------------------------------------------------------------------------------------
  1   1.24 0.98 0.86 0.88 1.08 1.38 1.69 1.98 2.17 2.20 2.11 1.93 1.66 1.37 1.14 1.02 1.03 1.17 1.44 1.72 1.97 2.06 1.98 1.74
  2   1.48 1.23 1.00 0.91 0.95 1.13 1.45 1.73 1.92 2.00 1.98 1.82 1.56 1.32 1.11 0.96 0.95 1.08 1.30 1.54 1.78 1.92 1.93 1.80
  3   1.52 1.22 0.99 0.84 0.83 0.96 1.23 1.54 1.87 2.04 2.05 1.91 1.61 1.24 0.95 0.80 0.81 0.96 1.19 1.43 1.65 1.83 1.90 1.84
  4   1.62 1.30 1.00 0.81 0.76 0.83 1.05 1.32 1.64 1.96 2.05 1.97 1.75 1.46 1.15 0.88 0.78 0.79 0.92 1.18 1.48 1.78 1.95 1.94
  5   1.78 1.50 1.20 0.95 0.83 0.82 0.94 1.20 1.48 1.76 1.92 1.95 1.84 1.60 1.30 1.05 0.88 0.83 0.88 1.04 1.32 1.59 1.78 1.85
  6   1.81 1.65 1.40 1.12 0.94 0.88 0.94 1.10 1.32 1.57 1.78 1.88 1.85 1.70 1.40 1.12 0.93 0.84 0.86 0.98 1.20 1.45 1.70 1.86
  7   1.86 1.75 1.54 1.28 1.06 0.97 0.96 1.04 1.22 1.45 1.66 1.80 1.83 1.73 1.53 1.28 1.04 0.91 0.87 0.92 1.06 1.28 1.52 1.75
  8   1.84 1.82 1.68 1.50 1.32 1.16 1.06 1.05 1.14 1.34 1.53 1.71 1.80 1.80 1.70 1.50 1.29 1.11 1.02 1.01 1.09 1.26 1.46 1.66
  9   1.80 1.86 1.83 1.70 1.52 1.35 1.22 1.18 1.20 1.30 1.44 1.58 1.69 1.74 1.72 1.62 1.47 1.32 1.20 1.15 1.16 1.24 1.38 1.56
 10   1.72 1.84 1.88 1.85 1.74 1.60 1.48 1.37 1.29 1.28 1.35 1.47 1.60 1.70 1.74 1.72 1.62 1.50 1.39 1.29 1.23 1.22 1.26 1.35
 11   1.47 1.60 1.72 1.78 1.78 1.72 1.62 1.50 1.38 1.30 1.28 1.32 1.40 1.50 1.62 1.70 1.72 1.68 1.59 1.48 1.38 1.29 1.24 1.25
 12   1.33 1.46 1.60 1.73 1.82 1.85 1.82 1.72 1.60 1.47 1.35 1.28 1.28 1.35 1.47 1.60 1.70 1.76 1.75 1.68 1.56 1.41 1.26 1.17
 13   1.16 1.22 1.36 1.55 1.74 1.90 2.01 2.01 1.88 1.68 1.47 1.28 1.18 1.18 1.26 1.40 1.58 1.75 1.87 1.88 1.78 1.59 1.37 1.18
 14   1.06 1.05 1.17 1.38 1.63 1.89 2.11 2.18 2.12 1.90 1.63 1.36 1.17 1.09 1.13 1.28 1.50 1.75 1.97 2.06 2.01 1.82 1.58 1.30
 15   1.08 0.98 1.02 1.20 1.49 1.79 2.07 2.26 2.29 2.15 1.86 1.55 1.26 1.04 0.96 1.06 1.30 1.60 1.90 2.12 2.17 2.04 1.79 1.45
 16   1.17 0.98 0.92 1.00 1.20 1.54 1.88 2.18 2.30 2.25 2.04 1.65 1.30 1.02 0.88 0.88 1.02 1.32 1.70 2.01 2.23 2.26 2.10 1.78
 17   1.38 1.06 0.88 0.86 0.98 1.25 1.63 1.98 2.27 2.36 2.22 1.92 1.50 1.14 0.88 0.79 0.85 1.08 1.42 1.78 2.14 2.30 2.24 2.00
 18   1.60 1.20 0.94 0.81 0.82 1.01 1.39 1.80 2.12 2.32 2.32 2.10 1.75 1.30 0.95 0.72 0.66 0.80 1.10 1.47 1.84 2.17 2.30 2.18
 19   1.87 1.50 1.13 0.83 0.74 0.80 1.05 1.39 1.75 2.08 2.24 2.18 1.94 1.58 1.17 0.88 0.72 0.72 0.90 1.25 1.57 1.94 2.22 2.24
 20   2.06 1.74 1.38 1.08 0.88 0.82 0.94 1.20 1.54 1.88 2.16 2.24 2.11 1.82 1.47 1.12 0.88 0.80 0.88 1.10 1.40 1.74 2.08 2.25
 21   2.25 2.06 1.74 1.41 1.12 0.98 0.98 1.12 1.38 1.68 1.97 2.14 2.18 2.07 1.80 1.52 1.28 1.10 1.03 1.10 1.32 1.64 1.92 2.15
 22   2.28 2.24 2.05 1.74 1.48 1.33 1.28 1.30 1.42 1.62 1.84 2.04 2.16 2.16 2.00 1.78 1.58 1.38 1.25 1.22 1.28 1.44 1.64 1.88
 23   2.08 2.16 2.13 2.00 1.78 1.58 1.45 1.38 1.38 1.44 1.58 1.74 1.89 1.98 1.99 1.92 1.76 1.60 1.46 1.37 1.33 1.36 1.46 1.60
 24   1.76 1.93 2.05 2.08 2.00 1.84 1.68 1.55 1.46 1.42 1.43 1.50 1.61 1.72 1.82 1.88 1.89 1.81 1.67 1.52 1.42 1.38 1.38 1.43
 25   1.54 1.68 1.82 1.92 1.98 1.97 1.87 1.73 1.60 1.48 1.39 1.36 1.39 1.48 1.60 1.71 1.79 1.82 1.78 1.69 1.58 1.47 1.37 1.32
 26   1.32 1.40 1.54 1.70 1.84 1.92 1.94 1.90 1.76 1.57 1.39 1.27 1.23 1.26 1.37 1.52 1.67 1.80 1.86 1.85 1.73 1.56 1.38 1.24
 27   1.18 1.20 1.30 1.46 1.62 1.78 1.92 1.98 1.92 1.70 1.47 1.28 1.16 1.14 1.20 1.33 1.49 1.66 1.82 1.94 1.91 1.72 1.48 1.26
 28   1.09 1.04 1.12 1.28 1.46 1.66 1.84 1.99 2.05 1.95 1.70 1.38 1.12 1.00 1.00 1.12 1.31 1.51 1.70 1.85 1.94 1.90 1.70 1.40
 29   1.15 1.01 1.01 1.14 1.33 1.52 1.72 1.90 2.01 2.00 1.82 1.52 1.22 1.02 0.94 0.98 1.15 1.41 1.68 1.94 2.08 2.05 1.86 1.55
 30   1.25 1.03 0.94 0.99 1.15 1.42 1.73 2.02 2.15 2.12 1.94 1.67 1.36 1.09 0.95 0.93 1.02 1.25 1.58 1.87 2.05 2.09 2.00 1.78
 ----------------------------------------------------------------------------------------------------------------------------
                                                                                               
 ----------------------------------------------------------------------------------------------------------------------------
 ----------------------------------------------------------------------------------------------------------------------------
                                                          SURVEY OF INDIA
                                                    MARINE GEODESY WING (G&RB)
                                                     HOURLY HEIGHTS IN METRES
  NAME OF PORT:- KAKINADA                                                                           MONTH OCTOBER   YEAR 2016
 ----------------------------------------------------------------------------------------------------------------------------
 DAYS 0000 0001 0002 0003 0004 0005 0006 0007 0008 0009 0010 0011 0012 0013 0014 0015 0016 0017 0018 0019 0020 0021 0022 0023
 ----------------------------------------------------------------------------------------------------------------------------
  1   1.42 1.10 0.94 0.91 1.00 1.22 1.50 1.82 2.06 2.14 2.06 1.84 1.50 1.18 0.97 0.90 0.97 1.15 1.43 1.75 2.02 2.14 2.10 1.93
  2   1.63 1.28 1.02 0.94 0.98 1.13 1.39 1.70 2.00 2.14 2.09 1.90 1.62 1.30 1.02 0.85 0.83 0.98 1.25 1.56 1.88 2.12 2.17 2.09
  3   1.83 1.46 1.18 1.02 0.98 1.07 1.29 1.56 1.86 2.05 2.07 1.95 1.70 1.38 1.10 0.92 0.87 0.94 1.13 1.41 1.72 2.02 2.14 2.10
  4   1.88 1.56 1.26 1.05 0.97 1.00 1.14 1.37 1.65 1.90 2.02 1.97 1.77 1.50 1.23 1.00 0.88 0.87 1.00 1.22 1.51 1.82 2.02 2.06
  5   1.94 1.72 1.44 1.17 1.00 0.98 1.08 1.29 1.52 1.74 1.91 1.97 1.87 1.63 1.36 1.10 0.90 0.82 0.89 1.13 1.40 1.66 1.89 2.02
  6   1.99 1.80 1.55 1.30 1.11 1.02 1.04 1.17 1.36 1.58 1.80 1.92 1.89 1.73 1.50 1.28 1.11 1.00 1.00 1.12 1.34 1.61 1.85 1.99
  7   2.02 1.93 1.74 1.52 1.32 1.20 1.17 1.23 1.38 1.58 1.75 1.86 1.90 1.82 1.66 1.48 1.32 1.21 1.18 1.25 1.39 1.56 1.73 1.90
  8   2.00 2.00 1.88 1.69 1.52 1.38 1.30 1.28 1.32 1.44 1.60 1.74 1.82 1.80 1.70 1.57 1.44 1.31 1.23 1.22 1.28 1.39 1.53 1.68
  9   1.79 1.85 1.84 1.74 1.59 1.45 1.34 1.28 1.27 1.32 1.41 1.52 1.62 1.70 1.70 1.62 1.51 1.38 1.27 1.20 1.18 1.23 1.33 1.45
 10   1.59 1.72 1.80 1.82 1.78 1.67 1.53 1.40 1.32 1.28 1.28 1.34 1.44 1.54 1.62 1.66 1.65 1.58 1.49 1.40 1.32 1.27 1.26 1.30
 11   1.42 1.58 1.75 1.86 1.89 1.86 1.76 1.62 1.48 1.35 1.28 1.27 1.32 1.43 1.58 1.71 1.80 1.83 1.79 1.68 1.53 1.38 1.27 1.23
 12   1.27 1.41 1.60 1.79 1.94 2.02 2.02 1.92 1.74 1.54 1.34 1.21 1.19 1.28 1.43 1.60 1.78 1.92 1.97 1.93 1.77 1.54 1.34 1.19
 13   1.13 1.19 1.37 1.58 1.82 2.03 2.12 2.09 1.94 1.69 1.38 1.15 1.03 1.04 1.17 1.40 1.68 1.92 2.08 2.10 2.00 1.79 1.51 1.28
 14   1.13 1.10 1.17 1.37 1.64 1.95 2.20 2.30 2.20 1.92 1.62 1.34 1.08 0.92 0.93 1.10 1.38 1.68 1.98 2.20 2.28 2.14 1.82 1.48
 15   1.21 1.07 1.05 1.14 1.37 1.67 1.98 2.25 2.35 2.22 1.90 1.54 1.18 0.92 0.83 0.92 1.19 1.55 1.91 2.25 2.44 2.38 2.10 1.74
 16   1.37 1.10 0.99 1.01 1.17 1.49 1.85 2.21 2.43 2.45 2.20 1.80 1.40 1.00 0.82 0.82 0.97 1.30 1.70 2.14 2.47 2.55 2.46 2.16
 17   1.71 1.30 1.00 0.91 0.98 1.22 1.60 1.99 2.32 2.48 2.42 2.11 1.70 1.33 1.00 0.82 0.82 1.04 1.40 1.80 2.22 2.50 2.56 2.40
 18   2.01 1.61 1.26 1.00 0.90 1.02 1.33 1.70 2.06 2.35 2.40 2.24 1.90 1.53 1.18 0.90 0.80 0.90 1.16 1.51 1.89 2.28 2.46 2.42
 19   2.18 1.83 1.48 1.15 0.94 0.91 1.08 1.38 1.72 2.04 2.23 2.24 2.08 1.78 1.42 1.12 0.90 0.82 0.94 1.24 1.60 1.95 2.22 2.32
 20   2.25 2.00 1.68 1.36 1.09 0.97 0.99 1.15 1.42 1.73 1.98 2.10 2.07 1.91 1.64 1.36 1.13 0.98 0.97 1.13 1.41 1.72 2.01 2.17
 21   2.20 2.12 1.92 1.65 1.40 1.18 1.08 1.10 1.28 1.53 1.78 1.95 2.02 1.98 1.80 1.56 1.34 1.16 1.08 1.10 1.25 1.47 1.75 1.98
 22   2.09 2.10 2.00 1.80 1.58 1.38 1.23 1.17 1.19 1.32 1.50 1.67 1.81 1.88 1.86 1.74 1.58 1.42 1.28 1.20 1.22 1.33 1.49 1.65
 23   1.81 1.93 1.97 1.90 1.75 1.58 1.42 1.28 1.20 1.18 1.24 1.37 1.52 1.66 1.73 1.70 1.61 1.48 1.36 1.28 1.25 1.26 1.32 1.44
 24   1.56 1.68 1.78 1.84 1.82 1.72 1.59 1.46 1.32 1.20 1.15 1.18 1.28 1.40 1.52 1.64 1.70 1.68 1.60 1.49 1.38 1.28 1.22 1.22
 25   1.32 1.47 1.62 1.75 1.82 1.82 1.74 1.60 1.45 1.30 1.18 1.12 1.12 1.19 1.34 1.52 1.68 1.79 1.80 1.72 1.58 1.42 1.28 1.21
 26   1.22 1.30 1.44 1.62 1.78 1.89 1.93 1.88 1.72 1.50 1.30 1.17 1.13 1.19 1.32 1.50 1.71 1.88 1.98 1.98 1.86 1.68 1.47 1.28
 27   1.18 1.20 1.35 1.54 1.74 1.94 2.07 2.07 1.95 1.74 1.51 1.32 1.21 1.19 1.26 1.45 1.71 2.00 2.21 2.27 2.20 2.02 1.80 1.58
 28   1.38 1.25 1.26 1.43 1.67 1.90 2.07 2.14 2.08 1.90 1.68 1.48 1.30 1.18 1.18 1.32 1.57 1.86 2.13 2.30 2.30 2.15 1.92 1.67
 29   1.43 1.28 1.24 1.30 1.49 1.78 2.04 2.18 2.20 2.10 1.85 1.57 1.30 1.15 1.10 1.16 1.36 1.65 1.96 2.20 2.30 2.25 2.06 1.76
 30   1.46 1.26 1.16 1.17 1.33 1.60 1.91 2.13 2.22 2.17 2.00 1.71 1.45 1.23 1.11 1.10 1.21 1.47 1.83 2.19 2.35 2.34 2.20 1.95
 31   1.64 1.34 1.18 1.14 1.23 1.44 1.72 2.00 2.21 2.25 2.10 1.82 1.52 1.25 1.08 1.03 1.12 1.35 1.64 1.96 2.20 2.30 2.27 2.10
 ----------------------------------------------------------------------------------------------------------------------------
                                                                                              
 ----------------------------------------------------------------------------------------------------------------------------
 ----------------------------------------------------------------------------------------------------------------------------
                                                          SURVEY OF INDIA
                                                    MARINE GEODESY WING (G&RB)
                                                     HOURLY HEIGHTS IN METRES
  NAME OF PORT:- KAKINADA                                                                           MONTH NOVEMBER  YEAR 2016
 ----------------------------------------------------------------------------------------------------------------------------
 DAYS 0000 0001 0002 0003 0004 0005 0006 0007 0008 0009 0010 0011 0012 0013 0014 0015 0016 0017 0018 0019 0020 0021 0022 0023
 ----------------------------------------------------------------------------------------------------------------------------
  1   1.80 1.48 1.25 1.16 1.17 1.32 1.61 1.91 2.14 2.21 2.16 1.95 1.65 1.38 1.17 1.08 1.09 1.23 1.50 1.85 2.17 2.34 2.32 2.17
  2   1.92 1.61 1.35 1.17 1.11 1.20 1.41 1.69 1.95 2.12 2.14 2.00 1.75 1.46 1.22 1.06 1.02 1.10 1.37 1.68 2.01 2.26 2.34 2.27
  3   2.05 1.77 1.50 1.28 1.19 1.22 1.36 1.59 1.85 2.05 2.14 2.11 1.94 1.68 1.42 1.24 1.17 1.20 1.36 1.62 1.93 2.20 2.39 2.40
  4   2.24 1.99 1.73 1.50 1.33 1.28 1.35 1.53 1.78 2.01 2.16 2.21 2.13 1.94 1.69 1.47 1.30 1.24 1.30 1.50 1.78 2.05 2.26 2.37
  5   2.33 2.15 1.91 1.64 1.42 1.33 1.34 1.46 1.66 1.86 2.04 2.13 2.10 1.94 1.70 1.47 1.30 1.21 1.21 1.33 1.55 1.80 2.02 2.17
  6   2.23 2.17 2.01 1.77 1.55 1.39 1.32 1.33 1.44 1.62 1.80 1.95 2.00 1.98 1.84 1.65 1.46 1.33 1.28 1.30 1.40 1.57 1.78 1.98
  7   2.12 2.15 2.10 1.95 1.73 1.53 1.40 1.34 1.34 1.42 1.57 1.75 1.87 1.92 1.89 1.79 1.63 1.49 1.39 1.34 1.36 1.46 1.61 1.80
  8   1.98 2.07 2.09 2.02 1.89 1.73 1.55 1.42 1.35 1.35 1.42 1.56 1.71 1.84 1.96 2.00 1.95 1.81 1.65 1.50 1.40 1.38 1.44 1.55
  9   1.71 1.87 2.00 2.05 2.02 1.90 1.75 1.58 1.45 1.36 1.34 1.39 1.50 1.64 1.77 1.87 1.91 1.89 1.80 1.66 1.49 1.36 1.31 1.32
 10   1.41 1.60 1.81 1.97 2.03 2.02 1.93 1.76 1.54 1.33 1.20 1.16 1.20 1.32 1.51 1.72 1.90 1.98 1.97 1.88 1.70 1.48 1.31 1.24
 11   1.25 1.35 1.53 1.74 1.94 2.04 2.05 1.93 1.70 1.44 1.20 1.06 1.02 1.07 1.25 1.53 1.83 2.05 2.13 2.10 1.96 1.70 1.43 1.19
 12   1.08 1.09 1.25 1.50 1.76 2.00 2.14 2.10 1.91 1.63 1.30 1.03 0.85 0.83 0.99 1.25 1.60 1.95 2.25 2.32 2.22 1.98 1.68 1.36
 13   1.13 1.05 1.12 1.34 1.65 1.99 2.26 2.32 2.22 2.00 1.66 1.30 1.04 0.92 0.93 1.06 1.37 1.78 2.17 2.40 2.43 2.30 1.99 1.62
 14   1.25 1.01 0.96 1.06 1.34 1.70 2.06 2.32 2.39 2.23 1.94 1.56 1.20 0.90 0.76 0.82 1.12 1.50 1.94 2.37 2.56 2.53 2.32 1.97
 15   1.56 1.24 1.01 0.93 1.06 1.37 1.78 2.13 2.33 2.33 2.14 1.80 1.42 1.07 0.79 0.70 0.83 1.15 1.57 2.03 2.43 2.56 2.51 2.26
 16   1.86 1.48 1.15 0.96 0.93 1.08 1.41 1.81 2.15 2.33 2.31 2.10 1.76 1.37 1.06 0.87 0.84 1.02 1.34 1.76 2.20 2.49 2.57 2.46
 17   2.14 1.78 1.42 1.12 0.99 1.00 1.18 1.51 1.88 2.15 2.27 2.22 2.00 1.68 1.33 1.08 1.00 1.05 1.25 1.55 1.90 2.20 2.41 2.43
 18   2.28 2.01 1.68 1.37 1.13 1.03 1.05 1.22 1.53 1.84 2.04 2.11 2.03 1.82 1.54 1.28 1.08 1.00 1.05 1.28 1.59 1.93 2.17 2.30
 19   2.30 2.16 1.91 1.60 1.32 1.15 1.08 1.13 1.32 1.58 1.80 1.92 1.93 1.85 1.66 1.46 1.25 1.10 1.07 1.16 1.38 1.64 1.90 2.09
 20   2.15 2.12 1.97 1.73 1.50 1.30 1.16 1.10 1.15 1.33 1.53 1.70 1.80 1.81 1.75 1.62 1.46 1.31 1.20 1.17 1.24 1.42 1.64 1.84
 21   1.98 2.04 2.01 1.88 1.71 1.52 1.34 1.20 1.15 1.20 1.31 1.44 1.59 1.71 1.75 1.72 1.64 1.53 1.42 1.32 1.26 1.28 1.39 1.56
 22   1.72 1.84 1.92 1.92 1.83 1.68 1.52 1.38 1.27 1.21 1.22 1.30 1.42 1.56 1.68 1.75 1.77 1.73 1.64 1.51 1.40 1.33 1.34 1.42
 23   1.53 1.64 1.75 1.83 1.86 1.82 1.70 1.56 1.42 1.30 1.22 1.21 1.28 1.40 1.54 1.67 1.78 1.83 1.81 1.72 1.60 1.48 1.37 1.33
 24   1.37 1.48 1.61 1.73 1.82 1.86 1.83 1.73 1.58 1.41 1.25 1.16 1.16 1.25 1.40 1.59 1.77 1.90 1.95 1.90 1.78 1.62 1.46 1.35
 25   1.32 1.36 1.48 1.63 1.77 1.90 1.96 1.92 1.76 1.56 1.36 1.20 1.13 1.16 1.30 1.49 1.70 1.90 2.05 2.07 2.00 1.83 1.63 1.42
 26   1.29 1.27 1.34 1.48 1.67 1.84 1.96 1.99 1.89 1.70 1.47 1.23 1.07 1.03 1.12 1.31 1.55 1.81 2.02 2.10 2.08 1.95 1.74 1.50
 27   1.29 1.20 1.21 1.33 1.53 1.75 1.93 2.02 1.98 1.82 1.59 1.32 1.10 0.99 1.01 1.16 1.41 1.70 2.00 2.21 2.30 2.25 2.00 1.65
 28   1.35 1.16 1.10 1.16 1.33 1.58 1.82 1.97 1.99 1.90 1.66 1.38 1.11 0.94 0.90 1.00 1.21 1.52 1.83 2.07 2.17 2.11 1.93 1.65
 29   1.34 1.12 1.01 1.02 1.17 1.42 1.68 1.90 1.99 1.95 1.76 1.48 1.20 1.01 0.95 1.01 1.22 1.51 1.82 2.07 2.17 2.12 1.90 1.62
 30   1.38 1.18 1.04 1.00 1.05 1.23 1.50 1.77 1.90 1.93 1.85 1.64 1.32 1.02 0.84 0.80 0.90 1.13 1.44 1.80 2.10 2.21 2.16 1.98
 ----------------------------------------------------------------------------------------------------------------------------
                                                                                               
 ----------------------------------------------------------------------------------------------------------------------------
 ----------------------------------------------------------------------------------------------------------------------------
                                                          SURVEY OF INDIA
                                                    MARINE GEODESY WING (G&RB)
                                                     HOURLY HEIGHTS IN METRES
  NAME OF PORT:- KAKINADA                                                                           MONTH DECEMBER  YEAR 2016
 ----------------------------------------------------------------------------------------------------------------------------
 DAYS 0000 0001 0002 0003 0004 0005 0006 0007 0008 0009 0010 0011 0012 0013 0014 0015 0016 0017 0018 0019 0020 0021 0022 0023
 ----------------------------------------------------------------------------------------------------------------------------
  1   1.67 1.35 1.12 1.00 1.00 1.13 1.38 1.65 1.88 2.02 2.00 1.80 1.50 1.20 1.00 0.92 0.95 1.11 1.38 1.72 2.07 2.28 2.31 2.19
  2   1.94 1.65 1.36 1.13 1.05 1.10 1.28 1.55 1.80 1.97 2.01 1.90 1.68 1.42 1.16 0.96 0.90 1.00 1.22 1.51 1.84 2.11 2.20 2.15
  3   1.96 1.71 1.42 1.18 1.02 0.99 1.11 1.35 1.61 1.84 1.95 1.93 1.77 1.52 1.25 1.04 0.91 0.91 1.06 1.30 1.60 1.90 2.12 2.18
  4   2.10 1.88 1.58 1.30 1.10 1.02 1.04 1.20 1.43 1.68 1.84 1.88 1.82 1.66 1.44 1.21 1.04 0.98 1.02 1.21 1.48 1.76 1.98 2.10
  5   2.10 1.98 1.75 1.51 1.29 1.14 1.08 1.14 1.33 1.57 1.76 1.87 1.88 1.81 1.67 1.47 1.29 1.18 1.15 1.21 1.38 1.61 1.84 2.03
  6   2.11 2.09 1.96 1.75 1.50 1.30 1.21 1.20 1.26 1.42 1.62 1.78 1.88 1.90 1.85 1.72 1.54 1.37 1.27 1.25 1.32 1.47 1.66 1.86
  7   2.02 2.08 2.05 1.93 1.73 1.53 1.34 1.22 1.18 1.22 1.34 1.52 1.69 1.83 1.89 1.86 1.74 1.57 1.41 1.29 1.25 1.32 1.46 1.63
  8   1.80 1.96 2.02 1.99 1.85 1.65 1.45 1.28 1.18 1.15 1.20 1.32 1.48 1.67 1.82 1.89 1.88 1.80 1.66 1.48 1.35 1.29 1.29 1.37
  9   1.52 1.70 1.85 1.93 1.92 1.82 1.65 1.44 1.25 1.13 1.09 1.12 1.24 1.44 1.67 1.88 1.98 2.00 1.94 1.77 1.58 1.40 1.26 1.22
 10   1.28 1.43 1.62 1.82 1.94 1.96 1.88 1.71 1.48 1.26 1.10 1.03 1.06 1.21 1.45 1.72 1.97 2.11 2.15 2.06 1.88 1.66 1.44 1.28
 11   1.23 1.30 1.50 1.75 1.97 2.13 2.17 2.10 1.90 1.66 1.40 1.20 1.11 1.16 1.35 1.65 1.97 2.28 2.47 2.48 2.36 2.12 1.84 1.55
 12   1.37 1.33 1.41 1.63 1.89 2.18 2.35 2.37 2.27 2.02 1.70 1.37 1.13 1.06 1.15 1.42 1.74 2.11 2.46 2.60 2.55 2.34 2.04 1.70
 13   1.38 1.16 1.10 1.20 1.45 1.80 2.10 2.25 2.25 2.09 1.81 1.46 1.17 0.97 0.91 1.04 1.35 1.76 2.18 2.48 2.60 2.52 2.27 1.90
 14   1.51 1.21 1.02 0.98 1.10 1.40 1.75 2.06 2.20 2.19 2.00 1.68 1.35 1.07 0.91 0.90 1.06 1.36 1.74 2.12 2.43 2.53 2.43 2.18
 15   1.85 1.47 1.16 0.99 0.98 1.15 1.45 1.81 2.08 2.20 2.15 1.90 1.56 1.22 0.96 0.81 0.82 1.04 1.39 1.77 2.15 2.42 2.47 2.32
 16   2.04 1.68 1.36 1.11 1.00 1.02 1.21 1.51 1.85 2.08 2.15 2.06 1.80 1.49 1.20 0.96 0.86 0.90 1.13 1.45 1.80 2.17 2.35 2.33
 17   2.15 1.86 1.52 1.22 1.00 0.92 1.00 1.22 1.52 1.82 2.02 2.07 1.96 1.74 1.46 1.20 1.01 0.95 1.05 1.28 1.58 1.88 2.15 2.25
 18   2.22 2.04 1.76 1.46 1.21 1.03 0.97 1.06 1.26 1.52 1.76 1.90 1.91 1.80 1.59 1.36 1.16 1.05 1.03 1.12 1.32 1.58 1.88 2.12
 19   2.19 2.13 1.94 1.70 1.43 1.20 1.07 1.06 1.15 1.34 1.56 1.74 1.82 1.82 1.73 1.56 1.35 1.18 1.10 1.12 1.22 1.40 1.63 1.88
 20   2.01 2.05 2.00 1.84 1.60 1.37 1.18 1.08 1.07 1.16 1.35 1.56 1.71 1.79 1.80 1.74 1.60 1.43 1.28 1.20 1.20 1.27 1.42 1.59
 21   1.75 1.85 1.87 1.80 1.63 1.44 1.25 1.12 1.07 1.08 1.15 1.28 1.45 1.60 1.69 1.72 1.67 1.57 1.44 1.31 1.23 1.22 1.28 1.42
 22   1.58 1.70 1.76 1.76 1.68 1.55 1.41 1.28 1.17 1.12 1.12 1.18 1.29 1.41 1.54 1.64 1.71 1.71 1.63 1.52 1.40 1.30 1.27 1.30
 23   1.39 1.52 1.63 1.70 1.72 1.68 1.57 1.42 1.26 1.14 1.07 1.06 1.11 1.22 1.38 1.54 1.66 1.73 1.73 1.65 1.53 1.42 1.31 1.25
 24   1.25 1.31 1.42 1.54 1.63 1.66 1.64 1.55 1.39 1.24 1.12 1.05 1.04 1.10 1.24 1.42 1.60 1.73 1.80 1.78 1.67 1.50 1.33 1.20
 25   1.15 1.17 1.27 1.40 1.53 1.64 1.71 1.71 1.60 1.40 1.20 1.05 0.98 0.98 1.06 1.24 1.45 1.66 1.82 1.86 1.80 1.64 1.44 1.25
 26   1.10 1.06 1.10 1.22 1.38 1.55 1.68 1.71 1.64 1.46 1.24 1.04 0.89 0.84 0.90 1.07 1.32 1.60 1.82 1.95 1.95 1.83 1.63 1.38
 27   1.14 1.01 1.00 1.08 1.25 1.46 1.63 1.73 1.70 1.58 1.38 1.13 0.93 0.82 0.84 0.98 1.19 1.44 1.67 1.86 1.97 1.93 1.76 1.51
 28   1.21 1.00 0.91 0.94 1.09 1.31 1.52 1.72 1.82 1.77 1.58 1.30 1.02 0.84 0.79 0.86 1.04 1.28 1.57 1.85 2.02 2.03 1.90 1.65
 29   1.37 1.10 0.91 0.87 0.98 1.18 1.42 1.65 1.79 1.80 1.71 1.46 1.15 0.89 0.75 0.74 0.88 1.12 1.42 1.74 1.98 2.10 2.08 1.90
 30   1.58 1.25 0.98 0.85 0.87 1.04 1.28 1.54 1.77 1.87 1.80 1.60 1.30 1.02 0.80 0.72 0.79 1.00 1.30 1.62 1.95 2.17 2.17 2.01
 31   1.73 1.41 1.11 0.90 0.84 0.92 1.14 1.41 1.68 1.88 1.90 1.75 1.50 1.20 0.91 0.75 0.74 0.90 1.16 1.46 1.77 2.08 2.19 2.10
 ----------------------------------------------------------------------------------------------------------------------------
                                                                                               
 ----------------------------------------------------------------------------------------------------------------------------
 ----------------------------------------------------------------------------------------------------------------------------
