                                                          SURVEY OF INDIA
                                                    MARINE GEODESY WING (G&RB)
                                                     HOURLY HEIGHTS IN METRES
  NAME OF PORT:- CUDDALOURE                                                                         MONTH JANUARY   YEAR 2011
 ----------------------------------------------------------------------------------------------------------------------------
 DAYS 0000 0001 0002 0003 0004 0005 0006 0007 0008 0009 0010 0011 0012 0013 0014 0015 0016 0017 0018 0019 0020 0021 0022 0023
 ----------------------------------------------------------------------------------------------------------------------------
  1
  2
  3
  4
  5
  6
  7
  8
  9
 10
 11
 12
 13
 14
 15
 16
 17
 18
 19
 20
 21
 22
 23
 24
 25
 26
 27
 28
 29
 30
 31
 ----------------------------------------------------------------------------------------------------------------------------
                                                          SURVEY OF INDIA
                                                    MARINE GEODESY WING (G&RB)
                                                     HOURLY HEIGHTS IN METRES
  NAME OF PORT:- CUDDALOURE                                                                         MONTH FEBRUARY  YEAR 2011
 ----------------------------------------------------------------------------------------------------------------------------
 DAYS 0000 0001 0002 0003 0004 0005 0006 0007 0008 0009 0010 0011 0012 0013 0014 0015 0016 0017 0018 0019 0020 0021 0022 0023
 ----------------------------------------------------------------------------------------------------------------------------
  1
  2
  3
  4
  5
  6
  7
  8
  9
 10
 11
 12
 13
 14
 15
 16
 17
 18
 19
 20
 21
 22
 23
 24
 25
 26
 27
 28
 ----------------------------------------------------------------------------------------------------------------------------
                                                          SURVEY OF INDIA
                                                    MARINE GEODESY WING (G&RB)
                                                     HOURLY HEIGHTS IN METRES
  NAME OF PORT:- CUDDALOURE                                                                         MONTH MARCH     YEAR 2011
 ----------------------------------------------------------------------------------------------------------------------------
 DAYS 0000 0001 0002 0003 0004 0005 0006 0007 0008 0009 0010 0011 0012 0013 0014 0015 0016 0017 0018 0019 0020 0021 0022 0023
 ----------------------------------------------------------------------------------------------------------------------------
  1
  2
  3
  4
  5
  6
  7
  8
  9
 10
 11
 12
 13
 14
 15
 16
 17
 18
 19
 20
 21
 22
 23
 24
 25
 26
 27
 28
 29
 30
 31
 ----------------------------------------------------------------------------------------------------------------------------
                                                          SURVEY OF INDIA
                                                    MARINE GEODESY WING (G&RB)
                                                     HOURLY HEIGHTS IN METRES
  NAME OF PORT:- CUDDALOURE                                                                         MONTH APRIL     YEAR 2011
 ----------------------------------------------------------------------------------------------------------------------------
 DAYS 0000 0001 0002 0003 0004 0005 0006 0007 0008 0009 0010 0011 0012 0013 0014 0015 0016 0017 0018 0019 0020 0021 0022 0023
 ----------------------------------------------------------------------------------------------------------------------------
  1
  2
  3
  4
  5
  6
  7
  8
  9
 10
 11
 12
 13
 14
 15
 16
 17
 18
 19
 20
 21
 22
 23
 24
 25
 26
 27
 28
 29
 30
 ----------------------------------------------------------------------------------------------------------------------------
                                                          SURVEY OF INDIA
                                                    MARINE GEODESY WING (G&RB)
                                                     HOURLY HEIGHTS IN METRES
  NAME OF PORT:- CUDDALOURE                                                                         MONTH MAY       YEAR 2011
 ----------------------------------------------------------------------------------------------------------------------------
 DAYS 0000 0001 0002 0003 0004 0005 0006 0007 0008 0009 0010 0011 0012 0013 0014 0015 0016 0017 0018 0019 0020 0021 0022 0023
 ----------------------------------------------------------------------------------------------------------------------------
  1
  2
  3
  4
  5
  6
  7
  8
  9
 10
 11
 12
 13
 14
 15
 16
 17
 18
 19
 20
 21
 22
 23
 24
 25
 26
 27
 28
 29
 30
 31
 ----------------------------------------------------------------------------------------------------------------------------
                                                          SURVEY OF INDIA
                                                    MARINE GEODESY WING (G&RB)
                                                     HOURLY HEIGHTS IN METRES
  NAME OF PORT:- CUDDALOURE                                                                         MONTH JUNE      YEAR 2011
 ----------------------------------------------------------------------------------------------------------------------------
 DAYS 0000 0001 0002 0003 0004 0005 0006 0007 0008 0009 0010 0011 0012 0013 0014 0015 0016 0017 0018 0019 0020 0021 0022 0023
 ----------------------------------------------------------------------------------------------------------------------------
  1   0.30 0.21 0.20 0.31 0.46 0.64 0.80 0.93 1.02 0.96 0.83 0.70 0.54 0.42 0.36 0.38 0.48 0.60 0.72 0.79 0.79 0.74 0.63 0.48
  2   0.32 0.19 0.13 0.18 0.31 0.48 0.68 0.85 0.96 0.96 0.90 0.75 0.60 0.46 0.33 0.28 0.32 0.43 0.58 0.70 0.78 0.78 0.69 0.56
  3   0.39 0.25 0.15 0.14 0.22 0.40 0.59 0.78 0.94 1.00 0.95 0.86 0.68 0.52 0.40 0.31 0.30 0.38 0.53 0.68 0.78 0.84 0.80 0.69
  4   0.51 0.35 0.21 0.13 0.16 0.28 0.47 0.69 0.86 0.96 1.00 0.95 0.80 0.64 0.48 0.36 0.30 0.32 0.45 0.60 0.73 0.80 0.82 0.76
  5   0.64 0.46 0.30 0.20 0.14 0.20 0.35 0.56 0.74 0.88 0.97 0.97 0.89 0.73 0.56 0.43 0.33 0.30 0.35 0.46 0.59 0.70 0.79 0.81
  6   0.72 0.58 0.43 0.31 0.22 0.20 0.28 0.43 0.63 0.81 0.94 1.00 0.95 0.85 0.69 0.53 0.38 0.31 0.28 0.32 0.43 0.54 0.65 0.74
  7   0.75 0.67 0.56 0.42 0.30 0.23 0.28 0.38 0.51 0.68 0.84 0.96 1.00 0.95 0.82 0.67 0.50 0.36 0.29 0.26 0.32 0.43 0.56 0.68
  8   0.76 0.76 0.72 0.61 0.50 0.42 0.37 0.38 0.42 0.54 0.69 0.86 0.95 0.98 0.92 0.80 0.65 0.51 0.38 0.30 0.27 0.31 0.42 0.56
  9   0.68 0.77 0.79 0.75 0.66 0.55 0.44 0.38 0.38 0.44 0.52 0.65 0.79 0.87 0.90 0.86 0.76 0.63 0.50 0.37 0.29 0.25 0.28 0.40
 10   0.54 0.68 0.78 0.82 0.79 0.72 0.62 0.53 0.47 0.43 0.46 0.55 0.66 0.78 0.87 0.90 0.87 0.76 0.60 0.44 0.30 0.24 0.21 0.24
 11   0.38 0.53 0.68 0.80 0.85 0.83 0.75 0.65 0.54 0.46 0.40 0.42 0.50 0.58 0.68 0.78 0.83 0.80 0.70 0.56 0.43 0.30 0.20 0.18
 12   0.24 0.35 0.52 0.68 0.81 0.88 0.87 0.80 0.68 0.55 0.44 0.37 0.37 0.44 0.56 0.66 0.75 0.80 0.78 0.66 0.52 0.38 0.25 0.17
 13   0.12 0.18 0.34 0.50 0.66 0.78 0.86 0.85 0.75 0.62 0.49 0.36 0.31 0.31 0.38 0.51 0.63 0.73 0.80 0.77 0.66 0.50 0.33 0.20
 14   0.11 0.14 0.22 0.37 0.57 0.76 0.90 0.97 0.90 0.79 0.62 0.45 0.32 0.24 0.25 0.35 0.48 0.62 0.73 0.78 0.73 0.60 0.42 0.26
 15   0.14 0.07 0.09 0.22 0.40 0.59 0.78 0.92 0.99 0.92 0.77 0.59 0.40 0.28 0.20 0.21 0.31 0.46 0.61 0.73 0.80 0.75 0.61 0.44
 16   0.26 0.11 0.05 0.10 0.23 0.42 0.62 0.82 0.95 0.98 0.92 0.77 0.57 0.39 0.28 0.23 0.28 0.42 0.57 0.70 0.80 0.83 0.74 0.60
 17   0.44 0.27 0.16 0.14 0.20 0.36 0.55 0.76 0.90 0.99 0.98 0.86 0.70 0.50 0.34 0.24 0.20 0.27 0.40 0.55 0.68 0.75 0.74 0.64
 18   0.46 0.30 0.18 0.11 0.12 0.22 0.38 0.58 0.78 0.91 0.96 0.91 0.78 0.59 0.40 0.24 0.15 0.16 0.29 0.44 0.58 0.71 0.76 0.72
 19   0.60 0.42 0.27 0.18 0.14 0.18 0.30 0.48 0.69 0.86 0.98 1.00 0.91 0.78 0.60 0.42 0.28 0.23 0.27 0.39 0.53 0.64 0.74 0.77
 20   0.72 0.57 0.44 0.32 0.23 0.21 0.27 0.40 0.56 0.74 0.88 0.93 0.91 0.79 0.65 0.48 0.33 0.26 0.24 0.29 0.41 0.55 0.66 0.73
 21   0.71 0.64 0.52 0.40 0.30 0.24 0.25 0.33 0.45 0.61 0.76 0.86 0.91 0.84 0.72 0.58 0.43 0.33 0.26 0.26 0.33 0.44 0.55 0.66
 22   0.71 0.69 0.62 0.52 0.41 0.32 0.27 0.29 0.35 0.44 0.58 0.69 0.77 0.77 0.71 0.61 0.49 0.37 0.28 0.24 0.27 0.35 0.44 0.53
 23   0.62 0.64 0.63 0.58 0.49 0.39 0.32 0.30 0.34 0.42 0.52 0.65 0.75 0.80 0.80 0.71 0.61 0.50 0.40 0.32 0.30 0.32 0.39 0.52
 24   0.64 0.72 0.75 0.74 0.68 0.60 0.53 0.49 0.47 0.49 0.56 0.65 0.74 0.81 0.82 0.80 0.73 0.62 0.52 0.43 0.38 0.38 0.40 0.48
 25   0.54 0.62 0.70 0.76 0.76 0.71 0.65 0.59 0.54 0.53 0.55 0.60 0.67 0.73 0.77 0.78 0.76 0.69 0.59 0.49 0.41 0.36 0.36 0.41
 26   0.47 0.55 0.66 0.76 0.79 0.77 0.73 0.68 0.61 0.54 0.50 0.50 0.54 0.61 0.67 0.71 0.74 0.72 0.66 0.58 0.50 0.43 0.38 0.38
 27   0.38 0.48 0.58 0.68 0.77 0.82 0.84 0.80 0.72 0.63 0.56 0.52 0.52 0.56 0.61 0.67 0.72 0.73 0.72 0.66 0.56 0.46 0.38 0.33
 28   0.33 0.37 0.49 0.60 0.72 0.82 0.87 0.86 0.78 0.66 0.56 0.50 0.45 0.45 0.49 0.55 0.63 0.70 0.73 0.71 0.64 0.53 0.40 0.31
 29   0.26 0.28 0.36 0.50 0.64 0.78 0.87 0.94 0.94 0.84 0.72 0.60 0.51 0.47 0.49 0.54 0.62 0.71 0.77 0.80 0.77 0.66 0.52 0.38
 30   0.29 0.24 0.30 0.39 0.55 0.71 0.85 0.96 0.98 0.92 0.80 0.66 0.51 0.39 0.35 0.37 0.46 0.58 0.70 0.77 0.78 0.71 0.60 0.43
 ----------------------------------------------------------------------------------------------------------------------------
                                                                                               DATUM CORRECTION      0.0000 m
 ----------------------------------------------------------------------------------------------------------------------------
 ----------------------------------------------------------------------------------------------------------------------------
                                                          SURVEY OF INDIA
                                                    MARINE GEODESY WING (G&RB)
                                                     HOURLY HEIGHTS IN METRES
  NAME OF PORT:- CUDDALOURE                                                                         MONTH JULY      YEAR 2011
 ----------------------------------------------------------------------------------------------------------------------------
 DAYS 0000 0001 0002 0003 0004 0005 0006 0007 0008 0009 0010 0011 0012 0013 0014 0015 0016 0017 0018 0019 0020 0021 0022 0023
 ----------------------------------------------------------------------------------------------------------------------------
  1   0.26 0.19 0.16 0.21 0.38 0.58 0.78 0.93 1.01 0.99 0.90 0.75 0.58 0.43 0.32 0.31 0.34 0.47 0.61 0.72 0.78 0.76 0.65 0.51
  2   0.30 0.16 0.11 0.13 0.24 0.39 0.62 0.82 0.97 1.03 0.96 0.84 0.68 0.50 0.31 0.24 0.26 0.35 0.49 0.62 0.74 0.80 0.76 0.63
  3   0.48 0.32 0.20 0.16 0.19 0.35 0.55 0.75 0.93 1.04 1.05 0.96 0.80 0.60 0.42 0.28 0.22 0.27 0.39 0.55 0.69 0.80 0.84 0.79
  4   0.64 0.47 0.31 0.23 0.19 0.27 0.44 0.64 0.86 1.04 1.09 1.04 0.90 0.71 0.52 0.34 0.22 0.20 0.31 0.44 0.60 0.74 0.82 0.84
  5   0.74 0.59 0.44 0.30 0.22 0.24 0.35 0.56 0.75 0.92 1.02 1.06 1.02 0.86 0.68 0.48 0.32 0.24 0.27 0.38 0.54 0.70 0.83 0.90
  6   0.89 0.77 0.63 0.48 0.36 0.28 0.32 0.42 0.60 0.78 0.94 1.06 1.06 0.97 0.82 0.65 0.46 0.32 0.25 0.27 0.39 0.54 0.71 0.85
  7   0.88 0.88 0.80 0.67 0.52 0.41 0.35 0.40 0.50 0.65 0.81 0.95 1.02 1.03 0.92 0.77 0.59 0.44 0.31 0.26 0.29 0.40 0.56 0.72
  8   0.80 0.86 0.87 0.81 0.70 0.57 0.48 0.42 0.44 0.51 0.63 0.79 0.90 0.96 0.93 0.85 0.73 0.58 0.43 0.32 0.29 0.31 0.43 0.57
  9   0.69 0.80 0.87 0.88 0.82 0.72 0.62 0.52 0.44 0.43 0.50 0.61 0.72 0.81 0.86 0.87 0.81 0.69 0.56 0.43 0.32 0.28 0.35 0.45
 10   0.56 0.68 0.81 0.88 0.91 0.86 0.77 0.64 0.54 0.46 0.43 0.49 0.59 0.69 0.79 0.85 0.86 0.82 0.72 0.58 0.46 0.37 0.33 0.32
 11   0.42 0.52 0.65 0.77 0.88 0.92 0.90 0.82 0.68 0.56 0.47 0.41 0.44 0.51 0.60 0.69 0.76 0.80 0.78 0.68 0.54 0.42 0.30 0.23
 12   0.22 0.35 0.52 0.67 0.82 0.93 0.99 0.97 0.86 0.72 0.58 0.44 0.38 0.38 0.48 0.58 0.68 0.78 0.82 0.82 0.74 0.60 0.44 0.35
 13   0.30 0.32 0.38 0.51 0.69 0.83 0.95 1.02 0.98 0.87 0.72 0.55 0.42 0.34 0.36 0.46 0.59 0.72 0.82 0.87 0.84 0.75 0.59 0.39
 14   0.30 0.27 0.32 0.44 0.60 0.76 0.92 1.03 1.07 1.01 0.87 0.68 0.51 0.37 0.31 0.34 0.47 0.60 0.74 0.84 0.87 0.80 0.68 0.50
 15   0.34 0.22 0.18 0.25 0.40 0.60 0.80 0.96 1.04 1.05 0.95 0.80 0.60 0.40 0.30 0.26 0.32 0.46 0.64 0.78 0.85 0.85 0.76 0.61
 16   0.46 0.30 0.21 0.18 0.28 0.46 0.67 0.87 1.01 1.08 1.02 0.89 0.72 0.51 0.36 0.29 0.29 0.39 0.54 0.71 0.82 0.87 0.83 0.70
 17   0.52 0.38 0.28 0.22 0.23 0.35 0.53 0.75 0.93 1.03 1.06 0.98 0.82 0.62 0.44 0.33 0.28 0.32 0.46 0.64 0.78 0.88 0.90 0.83
 18   0.66 0.50 0.36 0.27 0.24 0.30 0.44 0.62 0.84 0.97 1.04 1.01 0.89 0.71 0.54 0.40 0.30 0.30 0.40 0.52 0.68 0.80 0.88 0.86
 19   0.74 0.61 0.47 0.34 0.26 0.27 0.37 0.53 0.72 0.88 0.99 1.01 0.94 0.77 0.59 0.44 0.30 0.26 0.29 0.40 0.55 0.70 0.83 0.88
 20   0.86 0.73 0.60 0.48 0.37 0.34 0.36 0.46 0.60 0.76 0.91 1.00 0.99 0.90 0.73 0.54 0.42 0.34 0.33 0.38 0.50 0.64 0.78 0.88
 21   0.90 0.83 0.72 0.60 0.48 0.40 0.36 0.42 0.54 0.68 0.81 0.91 0.94 0.89 0.80 0.65 0.52 0.42 0.35 0.36 0.44 0.55 0.68 0.77
 22   0.83 0.85 0.78 0.68 0.56 0.47 0.42 0.42 0.48 0.58 0.68 0.78 0.86 0.86 0.81 0.72 0.58 0.46 0.39 0.36 0.39 0.46 0.56 0.68
 23   0.73 0.78 0.79 0.74 0.66 0.57 0.48 0.42 0.42 0.48 0.56 0.64 0.71 0.74 0.73 0.68 0.58 0.48 0.38 0.31 0.30 0.32 0.40 0.50
 24   0.59 0.66 0.72 0.74 0.70 0.63 0.55 0.49 0.44 0.43 0.47 0.53 0.59 0.63 0.65 0.64 0.60 0.54 0.45 0.34 0.27 0.26 0.30 0.37
 25   0.43 0.53 0.62 0.70 0.72 0.69 0.62 0.55 0.49 0.43 0.40 0.43 0.50 0.57 0.61 0.64 0.64 0.61 0.54 0.44 0.36 0.28 0.23 0.26
 26   0.38 0.47 0.56 0.64 0.70 0.72 0.70 0.64 0.57 0.51 0.46 0.43 0.43 0.46 0.52 0.58 0.62 0.63 0.59 0.51 0.42 0.34 0.27 0.24
 27   0.25 0.32 0.44 0.57 0.70 0.77 0.80 0.75 0.68 0.60 0.50 0.42 0.38 0.38 0.44 0.54 0.66 0.77 0.82 0.82 0.76 0.64 0.50 0.39
 28   0.27 0.30 0.40 0.56 0.71 0.84 0.92 0.92 0.88 0.79 0.66 0.54 0.46 0.43 0.44 0.50 0.58 0.66 0.69 0.65 0.57 0.47 0.38 0.31
 29   0.27 0.25 0.34 0.48 0.65 0.82 0.94 1.02 1.01 0.91 0.77 0.63 0.48 0.39 0.38 0.47 0.60 0.74 0.85 0.91 0.90 0.82 0.72 0.64
 30   0.56 0.43 0.42 0.51 0.64 0.78 0.96 1.08 1.10 1.04 0.89 0.73 0.55 0.41 0.35 0.36 0.47 0.62 0.77 0.90 0.94 0.89 0.79 0.69
 31   0.60 0.52 0.46 0.45 0.52 0.64 0.80 0.98 1.12 1.13 1.02 0.85 0.65 0.47 0.32 0.28 0.34 0.47 0.66 0.84 0.97 1.02 0.96 0.80
 ----------------------------------------------------------------------------------------------------------------------------
                                                                                               DATUM CORRECTION      0.0000 m
 ----------------------------------------------------------------------------------------------------------------------------
 ----------------------------------------------------------------------------------------------------------------------------
                                                          SURVEY OF INDIA
                                                    MARINE GEODESY WING (G&RB)
                                                     HOURLY HEIGHTS IN METRES
  NAME OF PORT:- CUDDALOURE                                                                         MONTH AUGUST    YEAR 2011
 ----------------------------------------------------------------------------------------------------------------------------
 DAYS 0000 0001 0002 0003 0004 0005 0006 0007 0008 0009 0010 0011 0012 0013 0014 0015 0016 0017 0018 0019 0020 0021 0022 0023
 ----------------------------------------------------------------------------------------------------------------------------
  1   0.58 0.40 0.27 0.24 0.31 0.50 0.74 0.96 1.10 1.18 1.14 1.00 0.78 0.56 0.36 0.24 0.22 0.34 0.54 0.75 0.93 1.05 1.05 0.94
  2   0.81 0.56 0.38 0.30 0.30 0.39 0.58 0.83 1.02 1.16 1.22 1.12 0.94 0.73 0.50 0.32 0.24 0.27 0.40 0.58 0.80 0.98 1.07 1.05
  3   0.95 0.74 0.54 0.40 0.32 0.33 0.44 0.62 0.82 1.00 1.09 1.11 1.01 0.84 0.62 0.44 0.28 0.23 0.25 0.42 0.63 0.82 0.96 1.05
  4   1.00 0.88 0.72 0.53 0.40 0.34 0.36 0.50 0.66 0.83 0.97 1.05 1.01 0.90 0.74 0.54 0.38 0.28 0.22 0.29 0.45 0.64 0.83 0.95
  5   1.02 0.98 0.87 0.70 0.53 0.41 0.34 0.38 0.52 0.68 0.84 0.93 0.98 0.95 0.84 0.69 0.51 0.35 0.25 0.26 0.32 0.44 0.62 0.78
  6   0.90 0.92 0.89 0.81 0.67 0.52 0.40 0.38 0.40 0.49 0.62 0.76 0.84 0.88 0.86 0.77 0.65 0.52 0.38 0.28 0.26 0.34 0.47 0.62
  7   0.74 0.82 0.86 0.84 0.76 0.65 0.52 0.41 0.33 0.34 0.43 0.52 0.62 0.71 0.78 0.78 0.70 0.60 0.48 0.38 0.30 0.28 0.33 0.44
  8   0.55 0.66 0.78 0.87 0.87 0.81 0.71 0.61 0.51 0.42 0.37 0.39 0.48 0.58 0.68 0.74 0.75 0.70 0.61 0.50 0.40 0.32 0.27 0.29
  9   0.36 0.47 0.60 0.74 0.82 0.85 0.80 0.70 0.60 0.52 0.45 0.40 0.39 0.44 0.53 0.62 0.68 0.69 0.65 0.58 0.48 0.39 0.30 0.24
 10   0.28 0.36 0.46 0.62 0.75 0.82 0.85 0.80 0.73 0.60 0.48 0.40 0.34 0.31 0.39 0.50 0.60 0.68 0.72 0.70 0.62 0.52 0.40 0.28
 11   0.23 0.23 0.32 0.46 0.62 0.75 0.86 0.91 0.85 0.74 0.60 0.48 0.37 0.31 0.32 0.40 0.52 0.64 0.72 0.77 0.74 0.64 0.52 0.39
 12   0.27 0.18 0.24 0.36 0.52 0.68 0.82 0.90 0.92 0.85 0.71 0.54 0.38 0.27 0.24 0.26 0.40 0.53 0.66 0.75 0.78 0.72 0.60 0.46
 13   0.32 0.23 0.18 0.23 0.36 0.53 0.72 0.87 0.92 0.88 0.79 0.64 0.46 0.29 0.22 0.22 0.29 0.44 0.58 0.70 0.78 0.78 0.68 0.50
 14   0.36 0.26 0.18 0.18 0.28 0.42 0.62 0.80 0.92 0.94 0.85 0.70 0.52 0.34 0.20 0.16 0.21 0.33 0.50 0.66 0.76 0.81 0.76 0.60
 15   0.44 0.35 0.28 0.22 0.22 0.36 0.54 0.72 0.86 0.92 0.86 0.75 0.58 0.40 0.27 0.19 0.19 0.29 0.44 0.62 0.77 0.84 0.82 0.70
 16   0.54 0.40 0.29 0.21 0.16 0.25 0.41 0.60 0.77 0.89 0.90 0.82 0.65 0.47 0.31 0.20 0.18 0.22 0.37 0.54 0.70 0.82 0.85 0.77
 17   0.61 0.46 0.36 0.27 0.21 0.20 0.33 0.52 0.70 0.84 0.88 0.82 0.69 0.56 0.40 0.27 0.20 0.20 0.30 0.44 0.62 0.74 0.82 0.81
 18   0.68 0.54 0.42 0.34 0.28 0.24 0.29 0.45 0.62 0.74 0.83 0.83 0.75 0.61 0.46 0.35 0.27 0.23 0.26 0.40 0.56 0.68 0.78 0.82
 19   0.81 0.70 0.57 0.43 0.34 0.29 0.28 0.39 0.54 0.69 0.80 0.84 0.80 0.67 0.54 0.44 0.34 0.28 0.27 0.38 0.51 0.66 0.77 0.84
 20   0.83 0.77 0.68 0.57 0.46 0.38 0.37 0.44 0.54 0.64 0.73 0.80 0.83 0.78 0.66 0.54 0.42 0.32 0.28 0.32 0.43 0.54 0.64 0.72
 21   0.75 0.76 0.72 0.63 0.52 0.44 0.39 0.39 0.45 0.53 0.61 0.68 0.72 0.71 0.63 0.54 0.44 0.35 0.28 0.28 0.36 0.46 0.57 0.66
 22   0.70 0.75 0.76 0.71 0.62 0.54 0.46 0.41 0.41 0.48 0.55 0.61 0.66 0.69 0.67 0.60 0.51 0.42 0.35 0.31 0.33 0.40 0.48 0.54
 23   0.59 0.67 0.72 0.71 0.66 0.60 0.53 0.47 0.44 0.45 0.48 0.53 0.57 0.60 0.62 0.62 0.59 0.53 0.46 0.38 0.32 0.32 0.38 0.45
 24   0.49 0.56 0.65 0.74 0.76 0.71 0.66 0.60 0.54 0.50 0.46 0.44 0.47 0.52 0.58 0.63 0.65 0.62 0.57 0.50 0.42 0.37 0.35 0.36
 25   0.40 0.47 0.58 0.70 0.76 0.80 0.78 0.73 0.66 0.58 0.51 0.47 0.44 0.45 0.50 0.56 0.62 0.67 0.65 0.60 0.51 0.43 0.35 0.30
 26   0.31 0.35 0.45 0.58 0.70 0.78 0.85 0.83 0.76 0.66 0.54 0.41 0.35 0.34 0.37 0.43 0.54 0.63 0.70 0.70 0.64 0.52 0.38 0.27
 27   0.22 0.22 0.28 0.42 0.60 0.74 0.85 0.92 0.84 0.70 0.54 0.38 0.24 0.18 0.20 0.28 0.42 0.57 0.70 0.76 0.70 0.60 0.45 0.29
 28   0.15 0.12 0.14 0.25 0.42 0.63 0.80 0.88 0.88 0.76 0.59 0.42 0.24 0.10 0.08 0.14 0.30 0.49 0.67 0.78 0.83 0.77 0.63 0.42
 29   0.24 0.12 0.06 0.12 0.28 0.52 0.73 0.88 0.94 0.88 0.74 0.52 0.30 0.12 0.00 0.03 0.14 0.33 0.55 0.73 0.84 0.84 0.71 0.52
 30   0.32 0.14 0.02 0.02 0.16 0.38 0.60 0.80 0.94 0.95 0.86 0.68 0.44 0.22 0.05-0.04 0.04 0.22 0.43 0.63 0.82 0.91 0.88 0.73
 31   0.51 0.31 0.15 0.06 0.08 0.24 0.46 0.68 0.86 0.96 0.92 0.77 0.56 0.32 0.11-0.02-0.07 0.02 0.22 0.44 0.66 0.82 0.86 0.80
 ----------------------------------------------------------------------------------------------------------------------------
                                                                                               DATUM CORRECTION      0.0000 m
 ----------------------------------------------------------------------------------------------------------------------------
 ----------------------------------------------------------------------------------------------------------------------------
                                                          SURVEY OF INDIA
                                                    MARINE GEODESY WING (G&RB)
                                                     HOURLY HEIGHTS IN METRES
  NAME OF PORT:- CUDDALOURE                                                                         MONTH SEPT      YEAR 2011
 ----------------------------------------------------------------------------------------------------------------------------
 DAYS 0000 0001 0002 0003 0004 0005 0006 0007 0008 0009 0010 0011 0012 0013 0014 0015 0016 0017 0018 0019 0020 0021 0022 0023
 ----------------------------------------------------------------------------------------------------------------------------
  1   0.66 0.47 0.28 0.14 0.07 0.12 0.27 0.48 0.69 0.83 0.87 0.81 0.66 0.46 0.24 0.08-0.02-0.03 0.10 0.29 0.50 0.68 0.80 0.83
  2   0.74 0.57 0.40 0.26 0.12 0.08 0.14 0.28 0.46 0.62 0.74 0.78 0.71 0.57 0.38 0.22 0.10 0.05 0.08 0.20 0.37 0.54 0.70 0.79
  3   0.77 0.69 0.54 0.38 0.26 0.16 0.16 0.20 0.32 0.46 0.60 0.70 0.73 0.65 0.51 0.36 0.20 0.11 0.07 0.10 0.20 0.34 0.50 0.63
  4   0.70 0.72 0.63 0.52 0.40 0.30 0.22 0.20 0.24 0.33 0.44 0.54 0.61 0.62 0.56 0.46 0.34 0.24 0.16 0.10 0.12 0.20 0.34 0.47
  5   0.57 0.62 0.65 0.60 0.52 0.44 0.36 0.28 0.24 0.24 0.32 0.41 0.50 0.54 0.55 0.52 0.44 0.36 0.28 0.20 0.15 0.14 0.20 0.31
  6   0.40 0.48 0.55 0.59 0.60 0.56 0.50 0.42 0.32 0.25 0.24 0.27 0.32 0.38 0.43 0.48 0.50 0.48 0.42 0.34 0.26 0.18 0.18 0.22
  7   0.31 0.38 0.46 0.54 0.60 0.64 0.61 0.54 0.44 0.34 0.27 0.23 0.26 0.32 0.39 0.46 0.51 0.55 0.54 0.48 0.38 0.28 0.20 0.17
  8   0.20 0.28 0.38 0.50 0.61 0.70 0.74 0.68 0.58 0.47 0.35 0.25 0.22 0.24 0.31 0.40 0.49 0.57 0.64 0.62 0.52 0.40 0.28 0.19
  9   0.16 0.21 0.28 0.40 0.54 0.66 0.78 0.80 0.71 0.58 0.42 0.29 0.22 0.21 0.25 0.32 0.43 0.55 0.66 0.71 0.64 0.52 0.37 0.22
 10   0.08 0.09 0.18 0.30 0.45 0.60 0.73 0.80 0.79 0.69 0.52 0.35 0.20 0.12 0.14 0.22 0.36 0.51 0.63 0.71 0.72 0.63 0.46 0.30
 11   0.16 0.10 0.11 0.20 0.36 0.51 0.65 0.77 0.80 0.73 0.57 0.39 0.23 0.14 0.10 0.15 0.28 0.44 0.60 0.71 0.75 0.70 0.56 0.38
 12   0.22 0.10 0.04 0.09 0.23 0.41 0.58 0.72 0.80 0.78 0.66 0.48 0.32 0.17 0.08 0.11 0.26 0.43 0.60 0.74 0.82 0.80 0.68 0.48
 13   0.32 0.18 0.09 0.11 0.22 0.39 0.57 0.73 0.84 0.82 0.72 0.55 0.38 0.20 0.09 0.06 0.14 0.28 0.47 0.62 0.74 0.80 0.76 0.61
 14   0.44 0.28 0.15 0.08 0.14 0.26 0.45 0.62 0.75 0.80 0.77 0.64 0.45 0.28 0.14 0.09 0.14 0.25 0.42 0.60 0.76 0.82 0.80 0.68
 15   0.54 0.36 0.22 0.16 0.17 0.25 0.39 0.55 0.70 0.78 0.78 0.70 0.56 0.40 0.26 0.17 0.17 0.24 0.36 0.52 0.67 0.80 0.83 0.76
 16   0.63 0.48 0.34 0.22 0.16 0.20 0.32 0.47 0.62 0.72 0.76 0.73 0.63 0.46 0.30 0.19 0.16 0.18 0.28 0.44 0.61 0.74 0.80 0.82
 17   0.70 0.57 0.43 0.32 0.22 0.21 0.28 0.38 0.52 0.64 0.72 0.73 0.64 0.52 0.38 0.27 0.18 0.18 0.24 0.36 0.51 0.64 0.74 0.78
 18   0.74 0.64 0.51 0.38 0.30 0.24 0.24 0.30 0.42 0.54 0.62 0.67 0.65 0.56 0.43 0.31 0.21 0.16 0.16 0.24 0.35 0.48 0.59 0.69
 19   0.71 0.66 0.57 0.46 0.37 0.30 0.28 0.29 0.35 0.45 0.54 0.62 0.63 0.58 0.48 0.38 0.30 0.24 0.19 0.21 0.28 0.38 0.50 0.60
 20   0.66 0.66 0.58 0.50 0.43 0.36 0.30 0.28 0.30 0.36 0.43 0.50 0.54 0.55 0.49 0.40 0.32 0.25 0.21 0.19 0.22 0.30 0.38 0.46
 21   0.52 0.58 0.60 0.56 0.48 0.40 0.34 0.30 0.28 0.30 0.34 0.40 0.45 0.49 0.50 0.48 0.43 0.37 0.31 0.26 0.24 0.25 0.30 0.38
 22   0.47 0.54 0.60 0.63 0.60 0.55 0.47 0.40 0.33 0.29 0.28 0.30 0.36 0.42 0.48 0.52 0.52 0.50 0.43 0.36 0.30 0.25 0.25 0.28
 23   0.36 0.45 0.53 0.59 0.64 0.66 0.62 0.54 0.46 0.37 0.28 0.26 0.28 0.35 0.45 0.54 0.60 0.62 0.60 0.55 0.46 0.37 0.30 0.27
 24   0.27 0.34 0.47 0.59 0.69 0.76 0.76 0.71 0.60 0.46 0.33 0.25 0.20 0.22 0.32 0.44 0.57 0.68 0.71 0.66 0.58 0.46 0.33 0.23
 25   0.16 0.20 0.31 0.46 0.61 0.74 0.82 0.79 0.70 0.54 0.38 0.22 0.12 0.08 0.15 0.29 0.46 0.63 0.74 0.78 0.72 0.61 0.46 0.30
 26   0.16 0.11 0.14 0.28 0.47 0.67 0.80 0.84 0.78 0.64 0.45 0.28 0.11 0.00 0.00 0.10 0.31 0.52 0.70 0.82 0.83 0.74 0.59 0.38
 27   0.20 0.07 0.00 0.12 0.30 0.52 0.72 0.86 0.90 0.80 0.62 0.39 0.18 0.03-0.04-0.02 0.16 0.38 0.63 0.80 0.91 0.88 0.72 0.52
 28   0.29 0.14 0.03 0.00 0.15 0.35 0.58 0.78 0.88 0.87 0.70 0.48 0.27 0.07-0.06-0.11-0.01 0.20 0.46 0.71 0.90 0.97 0.90 0.72
 29   0.51 0.30 0.13 0.04 0.05 0.21 0.42 0.64 0.80 0.88 0.84 0.67 0.44 0.22 0.04-0.07-0.06 0.08 0.30 0.54 0.74 0.91 0.96 0.86
 30   0.68 0.46 0.26 0.12 0.05 0.11 0.28 0.47 0.66 0.82 0.88 0.79 0.63 0.44 0.23 0.07 0.00 0.02 0.14 0.36 0.60 0.78 0.88 0.88
 ----------------------------------------------------------------------------------------------------------------------------
                                                                                               DATUM CORRECTION      0.0000 m
 ----------------------------------------------------------------------------------------------------------------------------
 ----------------------------------------------------------------------------------------------------------------------------
                                                          SURVEY OF INDIA
                                                    MARINE GEODESY WING (G&RB)
                                                     HOURLY HEIGHTS IN METRES
  NAME OF PORT:- CUDDALOURE                                                                         MONTH OCTOBER   YEAR 2011
 ----------------------------------------------------------------------------------------------------------------------------
 DAYS 0000 0001 0002 0003 0004 0005 0006 0007 0008 0009 0010 0011 0012 0013 0014 0015 0016 0017 0018 0019 0020 0021 0022 0023
 ----------------------------------------------------------------------------------------------------------------------------
  1   0.78 0.61 0.42 0.26 0.14 0.08 0.14 0.32 0.50 0.66 0.78 0.83 0.77 0.57 0.40 0.24 0.11 0.06 0.09 0.22 0.41 0.62 0.78 0.84
  2   0.84 0.75 0.59 0.43 0.28 0.18 0.14 0.20 0.34 0.48 0.63 0.73 0.76 0.67 0.55 0.40 0.27 0.18 0.14 0.20 0.32 0.46 0.60 0.73
  3   0.78 0.78 0.70 0.59 0.46 0.34 0.24 0.22 0.28 0.37 0.48 0.57 0.64 0.67 0.63 0.55 0.45 0.35 0.26 0.22 0.26 0.36 0.46 0.56
  4   0.66 0.74 0.77 0.74 0.64 0.54 0.42 0.34 0.30 0.32 0.36 0.42 0.48 0.54 0.58 0.59 0.54 0.46 0.38 0.31 0.27 0.30 0.37 0.43
  5   0.50 0.60 0.68 0.71 0.71 0.64 0.55 0.46 0.37 0.33 0.32 0.34 0.38 0.44 0.51 0.58 0.61 0.60 0.54 0.47 0.40 0.37 0.36 0.38
  6   0.43 0.50 0.59 0.66 0.71 0.72 0.68 0.60 0.50 0.42 0.37 0.34 0.34 0.37 0.44 0.51 0.58 0.63 0.64 0.60 0.51 0.42 0.36 0.32
  7   0.30 0.36 0.46 0.56 0.66 0.73 0.76 0.71 0.63 0.52 0.40 0.34 0.30 0.32 0.38 0.48 0.59 0.69 0.73 0.70 0.63 0.54 0.45 0.36
  8   0.31 0.34 0.39 0.50 0.64 0.76 0.82 0.81 0.74 0.62 0.50 0.39 0.30 0.28 0.34 0.44 0.57 0.69 0.79 0.80 0.75 0.65 0.53 0.39
  9   0.34 0.32 0.34 0.45 0.59 0.72 0.83 0.88 0.83 0.71 0.57 0.43 0.34 0.30 0.31 0.38 0.54 0.70 0.81 0.88 0.86 0.76 0.62 0.49
 10   0.37 0.32 0.31 0.39 0.52 0.67 0.82 0.89 0.87 0.78 0.62 0.48 0.34 0.24 0.23 0.30 0.45 0.63 0.79 0.90 0.92 0.85 0.72 0.56
 11   0.44 0.31 0.25 0.30 0.46 0.62 0.76 0.88 0.93 0.86 0.74 0.54 0.37 0.27 0.23 0.28 0.40 0.58 0.74 0.88 0.95 0.91 0.80 0.65
 12   0.50 0.36 0.28 0.26 0.34 0.51 0.68 0.81 0.88 0.88 0.79 0.63 0.47 0.33 0.24 0.26 0.36 0.54 0.72 0.88 0.96 1.00 0.92 0.76
 13   0.72 0.55 0.40 0.32 0.31 0.40 0.54 0.70 0.85 0.90 0.88 0.74 0.57 0.40 0.28 0.26 0.32 0.46 0.65 0.82 0.96 1.02 0.99 0.86
 14   0.60 0.46 0.34 0.30 0.38 0.50 0.66 0.82 0.93 0.95 0.88 0.77 0.63 0.45 0.31 0.24 0.26 0.37 0.55 0.74 0.90 1.02 1.02 0.93
 15   0.78 0.62 0.47 0.35 0.31 0.36 0.47 0.64 0.78 0.87 0.90 0.82 0.69 0.55 0.40 0.30 0.26 0.33 0.46 0.64 0.81 0.93 0.99 0.96
 16   0.85 0.69 0.55 0.40 0.30 0.30 0.40 0.53 0.67 0.77 0.83 0.82 0.73 0.60 0.46 0.33 0.27 0.27 0.36 0.50 0.68 0.82 0.93 0.94
 17   0.88 0.77 0.63 0.48 0.37 0.31 0.33 0.44 0.56 0.67 0.74 0.77 0.73 0.63 0.50 0.39 0.30 0.28 0.32 0.42 0.56 0.71 0.83 0.88
 18   0.88 0.78 0.66 0.55 0.46 0.38 0.37 0.40 0.48 0.57 0.66 0.73 0.74 0.69 0.60 0.51 0.42 0.36 0.34 0.37 0.46 0.58 0.72 0.81
 19   0.86 0.84 0.76 0.67 0.58 0.50 0.43 0.40 0.44 0.52 0.61 0.70 0.74 0.74 0.70 0.63 0.56 0.50 0.45 0.45 0.48 0.56 0.67 0.76
 20   0.84 0.87 0.85 0.80 0.73 0.65 0.57 0.50 0.48 0.50 0.56 0.62 0.68 0.73 0.75 0.72 0.68 0.62 0.56 0.51 0.49 0.52 0.60 0.67
 21   0.76 0.82 0.85 0.84 0.80 0.73 0.64 0.55 0.48 0.45 0.47 0.53 0.60 0.68 0.75 0.79 0.79 0.74 0.69 0.63 0.57 0.54 0.54 0.58
 22   0.67 0.79 0.88 0.92 0.94 0.91 0.83 0.73 0.62 0.53 0.49 0.49 0.55 0.64 0.72 0.80 0.87 0.90 0.88 0.81 0.72 0.64 0.58 0.58
 23   0.64 0.74 0.83 0.92 1.00 1.02 1.00 0.91 0.79 0.66 0.54 0.46 0.50 0.58 0.72 0.86 0.98 1.09 1.13 1.10 1.01 0.88 0.73 0.63
 24   0.60 0.69 0.80 0.93 1.07 1.17 1.22 1.18 1.06 0.86 0.70 0.57 0.50 0.54 0.66 0.80 0.99 1.16 1.30 1.34 1.24 1.08 0.89 0.73
 25   0.64 0.62 0.69 0.84 1.02 1.17 1.26 1.28 1.16 1.00 0.78 0.58 0.41 0.35 0.44 0.61 0.82 1.04 1.22 1.33 1.32 1.19 1.01 0.80
 26   0.60 0.51 0.50 0.62 0.82 1.01 1.17 1.27 1.28 1.13 0.92 0.70 0.50 0.37 0.39 0.48 0.69 0.94 1.17 1.34 1.42 1.36 1.16 0.94
 27   0.73 0.56 0.44 0.49 0.65 0.85 1.03 1.20 1.27 1.21 1.06 0.84 0.61 0.42 0.31 0.34 0.48 0.70 0.96 1.20 1.34 1.37 1.28 1.06
 28   0.84 0.62 0.46 0.41 0.47 0.62 0.80 1.00 1.14 1.19 1.10 0.92 0.72 0.52 0.39 0.33 0.38 0.56 0.79 1.02 1.20 1.32 1.33 1.22
 29   1.03 0.82 0.64 0.50 0.46 0.55 0.71 0.88 1.04 1.15 1.18 1.10 0.94 0.75 0.57 0.46 0.43 0.51 0.66 0.87 1.06 1.20 1.30 1.27
 30   1.13 0.97 0.81 0.65 0.53 0.49 0.58 0.74 0.89 1.02 1.09 1.12 1.04 0.90 0.74 0.58 0.48 0.46 0.56 0.72 0.90 1.06 1.20 1.26
 31   1.23 1.13 0.97 0.80 0.66 0.58 0.56 0.64 0.76 0.88 1.00 1.08 1.08 1.02 0.90 0.78 0.66 0.58 0.58 0.64 0.77 0.93 1.09 1.18
 ----------------------------------------------------------------------------------------------------------------------------
                                                                                               DATUM CORRECTION      0.0000 m
 ----------------------------------------------------------------------------------------------------------------------------
 ----------------------------------------------------------------------------------------------------------------------------
                                                          SURVEY OF INDIA
                                                    MARINE GEODESY WING (G&RB)
                                                     HOURLY HEIGHTS IN METRES
  NAME OF PORT:- CUDDALOURE                                                                         MONTH NOVEMBER  YEAR 2011
 ----------------------------------------------------------------------------------------------------------------------------
 DAYS 0000 0001 0002 0003 0004 0005 0006 0007 0008 0009 0010 0011 0012 0013 0014 0015 0016 0017 0018 0019 0020 0021 0022 0023
 ----------------------------------------------------------------------------------------------------------------------------
  1   1.22 1.18 1.10 0.98 0.84 0.72 0.61 0.58 0.64 0.74 0.85 0.94 1.00 1.02 0.98 0.90 0.81 0.73 0.65 0.64 0.71 0.84 0.97 1.08
  2   1.20 1.21 1.18 1.10 0.98 0.86 0.74 0.64 0.60 0.64 0.72 0.81 0.90 0.95 0.98 0.97 0.92 0.84 0.75 0.69 0.68 0.72 0.80 0.88
  3   0.94 1.02 1.08 1.08 1.02 0.93 0.82 0.73 0.66 0.62 0.65 0.70 0.77 0.84 0.91 0.95 0.94 0.89 0.82 0.76 0.70 0.67 0.69 0.76
  4   0.80 0.88 0.97 1.03 1.07 1.03 0.93 0.82 0.72 0.64 0.59 0.59 0.65 0.73 0.81 0.89 0.94 0.95 0.90 0.83 0.76 0.70 0.66 0.68
  5   0.73 0.79 0.87 0.97 1.04 1.06 1.00 0.90 0.79 0.70 0.62 0.58 0.62 0.68 0.76 0.86 0.96 1.02 1.02 0.96 0.89 0.80 0.72 0.68
  6   0.68 0.73 0.81 0.90 0.98 1.04 1.03 0.96 0.86 0.76 0.66 0.58 0.56 0.61 0.72 0.84 0.96 1.06 1.08 1.04 0.97 0.88 0.79 0.69
  7   0.64 0.64 0.72 0.82 0.92 0.98 1.01 0.98 0.89 0.78 0.64 0.52 0.49 0.53 0.62 0.75 0.89 1.01 1.08 1.06 0.97 0.85 0.73 0.60
  8   0.55 0.51 0.55 0.65 0.79 0.90 0.97 0.96 0.86 0.73 0.59 0.48 0.41 0.42 0.50 0.61 0.76 0.92 1.02 1.06 1.01 0.90 0.73 0.58
  9   0.47 0.42 0.45 0.53 0.65 0.77 0.87 0.91 0.87 0.76 0.61 0.48 0.36 0.30 0.34 0.46 0.61 0.78 0.93 1.04 1.06 0.98 0.84 0.66
 10   0.52 0.40 0.36 0.39 0.50 0.64 0.77 0.87 0.89 0.82 0.68 0.51 0.38 0.28 0.26 0.33 0.50 0.68 0.86 0.99 1.04 1.02 0.90 0.72
 11   0.56 0.42 0.32 0.32 0.41 0.55 0.70 0.82 0.89 0.88 0.79 0.64 0.48 0.35 0.29 0.30 0.42 0.59 0.76 0.93 1.04 1.07 1.02 0.86
 12   0.70 0.53 0.40 0.33 0.38 0.48 0.62 0.76 0.86 0.87 0.82 0.68 0.52 0.37 0.27 0.24 0.33 0.47 0.67 0.86 1.00 1.07 1.06 0.95
 13   0.80 0.62 0.46 0.37 0.34 0.42 0.55 0.70 0.82 0.87 0.87 0.78 0.64 0.49 0.35 0.26 0.28 0.39 0.55 0.74 0.92 1.02 1.05 1.01
 14   0.91 0.74 0.57 0.43 0.36 0.36 0.48 0.64 0.76 0.83 0.84 0.82 0.73 0.59 0.44 0.33 0.28 0.34 0.46 0.65 0.83 0.97 1.05 1.06
 15   0.98 0.88 0.71 0.54 0.40 0.38 0.43 0.56 0.69 0.79 0.87 0.87 0.81 0.71 0.60 0.48 0.39 0.38 0.46 0.60 0.75 0.88 1.00 1.06
 16   1.04 0.98 0.89 0.75 0.63 0.53 0.50 0.54 0.64 0.74 0.82 0.88 0.87 0.80 0.72 0.64 0.55 0.49 0.48 0.56 0.69 0.81 0.93 1.03
 17   1.06 1.05 0.98 0.86 0.73 0.61 0.54 0.50 0.55 0.64 0.73 0.79 0.82 0.82 0.76 0.68 0.60 0.54 0.51 0.51 0.60 0.71 0.82 0.92
 18   0.97 0.99 0.95 0.89 0.80 0.71 0.62 0.55 0.55 0.58 0.65 0.72 0.78 0.82 0.83 0.80 0.76 0.71 0.66 0.62 0.63 0.68 0.76 0.87
 19   0.94 1.01 1.03 1.00 0.95 0.86 0.74 0.63 0.56 0.54 0.55 0.59 0.67 0.76 0.84 0.88 0.88 0.86 0.81 0.75 0.71 0.70 0.72 0.78
 20   0.86 0.91 0.97 1.01 1.00 0.96 0.88 0.77 0.66 0.59 0.55 0.56 0.62 0.73 0.84 0.93 1.00 1.02 0.99 0.91 0.82 0.74 0.70 0.69
 21   0.74 0.81 0.90 0.97 1.03 1.03 0.95 0.84 0.71 0.60 0.50 0.45 0.50 0.61 0.73 0.87 0.99 1.08 1.11 1.06 0.94 0.80 0.68 0.62
 22   0.62 0.67 0.78 0.90 1.01 1.09 1.10 1.00 0.85 0.68 0.53 0.43 0.37 0.44 0.57 0.73 0.91 1.07 1.16 1.16 1.05 0.90 0.73 0.61
 23   0.52 0.55 0.62 0.74 0.90 1.04 1.13 1.10 0.98 0.83 0.65 0.48 0.38 0.40 0.51 0.66 0.89 1.09 1.25 1.30 1.22 1.08 0.91 0.74
 24   0.60 0.56 0.61 0.70 0.87 1.02 1.14 1.20 1.10 0.94 0.76 0.57 0.42 0.36 0.42 0.56 0.74 0.96 1.17 1.33 1.37 1.26 1.10 0.89
 25   0.69 0.58 0.54 0.60 0.74 0.92 1.09 1.22 1.24 1.13 0.97 0.78 0.58 0.46 0.40 0.50 0.68 0.90 1.11 1.29 1.39 1.39 1.26 1.07
 26   0.86 0.69 0.55 0.53 0.64 0.83 1.00 1.16 1.25 1.27 1.14 0.95 0.72 0.54 0.43 0.42 0.51 0.70 0.92 1.17 1.32 1.40 1.37 1.23
 27   1.00 0.80 0.60 0.48 0.48 0.58 0.74 0.92 1.07 1.14 1.13 1.02 0.82 0.62 0.46 0.38 0.40 0.52 0.70 0.92 1.14 1.28 1.33 1.28
 28   1.14 0.92 0.71 0.53 0.45 0.47 0.57 0.71 0.89 1.02 1.10 1.07 0.96 0.81 0.63 0.49 0.43 0.47 0.56 0.75 0.96 1.12 1.24 1.28
 29   1.23 1.11 0.89 0.70 0.54 0.46 0.48 0.58 0.73 0.87 0.98 1.05 1.04 0.96 0.80 0.63 0.52 0.47 0.52 0.63 0.78 0.95 1.10 1.22
 30   1.24 1.20 1.07 0.88 0.67 0.53 0.46 0.50 0.60 0.71 0.82 0.93 0.98 0.98 0.90 0.77 0.62 0.52 0.50 0.56 0.65 0.79 0.96 1.06
 ----------------------------------------------------------------------------------------------------------------------------
                                                                                               DATUM CORRECTION      0.0000 m
 ----------------------------------------------------------------------------------------------------------------------------
 ----------------------------------------------------------------------------------------------------------------------------
                                                          SURVEY OF INDIA
                                                    MARINE GEODESY WING (G&RB)
                                                     HOURLY HEIGHTS IN METRES
  NAME OF PORT:- CUDDALOURE                                                                         MONTH DECEMBER  YEAR 2011
 ----------------------------------------------------------------------------------------------------------------------------
 DAYS 0000 0001 0002 0003 0004 0005 0006 0007 0008 0009 0010 0011 0012 0013 0014 0015 0016 0017 0018 0019 0020 0021 0022 0023
 ----------------------------------------------------------------------------------------------------------------------------
  1   1.16 1.16 1.10 0.96 0.77 0.60 0.48 0.45 0.48 0.57 0.68 0.78 0.88 0.92 0.92 0.85 0.72 0.60 0.54 0.52 0.56 0.65 0.76 0.88
  2   0.97 1.02 1.05 0.98 0.82 0.66 0.54 0.46 0.42 0.43 0.50 0.63 0.74 0.82 0.88 0.88 0.80 0.70 0.61 0.57 0.55 0.59 0.66 0.77
  3   0.84 0.90 0.94 0.94 0.89 0.78 0.63 0.51 0.44 0.42 0.46 0.54 0.64 0.74 0.82 0.88 0.89 0.83 0.71 0.60 0.52 0.52 0.56 0.62
  4   0.71 0.76 0.80 0.83 0.84 0.80 0.69 0.56 0.46 0.42 0.41 0.45 0.54 0.62 0.70 0.77 0.83 0.85 0.79 0.69 0.59 0.53 0.50 0.52
  5   0.56 0.62 0.69 0.74 0.78 0.78 0.73 0.63 0.53 0.45 0.39 0.38 0.43 0.53 0.64 0.74 0.84 0.91 0.90 0.82 0.72 0.62 0.52 0.50
  6   0.52 0.56 0.62 0.69 0.75 0.80 0.78 0.72 0.60 0.48 0.37 0.33 0.34 0.43 0.56 0.68 0.80 0.89 0.92 0.90 0.80 0.69 0.58 0.52
  7   0.48 0.49 0.56 0.64 0.71 0.76 0.80 0.79 0.70 0.58 0.47 0.38 0.33 0.37 0.47 0.60 0.73 0.86 0.94 0.96 0.92 0.82 0.70 0.58
  8   0.48 0.47 0.50 0.57 0.65 0.74 0.82 0.84 0.79 0.69 0.56 0.43 0.36 0.34 0.41 0.51 0.65 0.80 0.92 1.00 1.00 0.90 0.78 0.65
  9   0.53 0.42 0.40 0.47 0.56 0.67 0.77 0.82 0.81 0.74 0.60 0.48 0.37 0.30 0.31 0.40 0.57 0.75 0.92 1.04 1.06 1.01 0.87 0.71
 10   0.55 0.44 0.38 0.38 0.49 0.63 0.76 0.84 0.86 0.83 0.70 0.55 0.40 0.30 0.26 0.32 0.48 0.67 0.86 1.00 1.06 1.01 0.87 0.71
 11   0.67 0.53 0.42 0.38 0.45 0.57 0.72 0.84 0.89 0.88 0.80 0.64 0.48 0.36 0.28 0.30 0.41 0.57 0.78 0.96 1.08 1.12 1.08 0.93
 12   0.76 0.60 0.48 0.40 0.41 0.50 0.64 0.78 0.90 0.94 0.89 0.78 0.64 0.49 0.39 0.34 0.40 0.52 0.67 0.86 1.00 1.10 1.10 1.04
 13   0.90 0.72 0.58 0.49 0.46 0.50 0.60 0.73 0.86 0.94 0.94 0.90 0.76 0.62 0.48 0.40 0.39 0.46 0.59 0.76 0.94 1.07 1.14 1.13
 14   0.99 0.84 0.69 0.57 0.48 0.48 0.54 0.66 0.78 0.90 0.94 0.93 0.86 0.73 0.60 0.50 0.46 0.48 0.58 0.70 0.86 1.02 1.14 1.18
 15   1.13 0.98 0.84 0.70 0.59 0.50 0.50 0.56 0.68 0.80 0.90 0.94 0.92 0.85 0.75 0.64 0.56 0.52 0.53 0.64 0.78 0.93 1.09 1.18
 16   1.20 1.14 1.01 0.85 0.70 0.58 0.50 0.52 0.60 0.73 0.85 0.94 0.97 0.94 0.87 0.77 0.67 0.57 0.52 0.56 0.66 0.81 0.94 1.05
 17   1.10 1.08 1.01 0.87 0.73 0.57 0.46 0.42 0.47 0.57 0.68 0.80 0.89 0.96 0.97 0.90 0.81 0.70 0.59 0.54 0.57 0.68 0.80 0.92
 18   1.03 1.08 1.10 1.02 0.88 0.72 0.55 0.43 0.39 0.45 0.55 0.67 0.80 0.91 1.01 1.03 0.98 0.86 0.73 0.63 0.60 0.62 0.70 0.80
 19   0.91 1.00 1.06 1.08 0.99 0.85 0.68 0.55 0.46 0.46 0.50 0.58 0.70 0.84 0.98 1.06 1.08 1.02 0.89 0.76 0.68 0.64 0.64 0.72
 20   0.82 0.92 1.00 1.05 1.05 0.95 0.77 0.61 0.48 0.40 0.39 0.44 0.54 0.72 0.88 1.02 1.10 1.10 1.04 0.90 0.78 0.68 0.63 0.63
 21   0.66 0.76 0.88 0.98 1.07 1.06 0.94 0.80 0.64 0.50 0.42 0.39 0.44 0.56 0.72 0.90 1.06 1.16 1.16 1.07 0.92 0.78 0.64 0.57
 22   0.55 0.58 0.70 0.82 0.94 1.02 1.01 0.94 0.78 0.62 0.48 0.38 0.38 0.42 0.56 0.76 0.96 1.12 1.21 1.20 1.10 0.95 0.80 0.67
 23   0.54 0.52 0.57 0.68 0.82 0.96 1.04 1.03 0.93 0.78 0.63 0.47 0.36 0.34 0.40 0.56 0.77 0.96 1.12 1.20 1.20 1.08 0.90 0.70
 24   0.54 0.48 0.45 0.50 0.64 0.80 0.96 1.04 1.03 0.93 0.75 0.56 0.40 0.33 0.33 0.45 0.63 0.86 1.06 1.22 1.27 1.24 1.10 0.91
 25   0.69 0.52 0.44 0.44 0.54 0.68 0.84 0.97 1.05 1.04 0.92 0.74 0.56 0.42 0.36 0.38 0.51 0.70 0.92 1.12 1.27 1.32 1.26 1.12
 26   0.85 0.67 0.53 0.44 0.47 0.57 0.72 0.88 1.00 1.06 1.04 0.91 0.74 0.58 0.47 0.44 0.47 0.62 0.84 1.06 1.26 1.38 1.40 1.30
 27   1.08 0.89 0.72 0.60 0.56 0.60 0.70 0.84 0.98 1.08 1.12 1.06 0.94 0.80 0.66 0.56 0.54 0.60 0.75 0.93 1.12 1.28 1.37 1.38
 28   1.26 1.08 0.89 0.71 0.59 0.56 0.61 0.74 0.89 1.04 1.12 1.11 1.04 0.94 0.80 0.68 0.62 0.62 0.69 0.84 1.01 1.18 1.30 1.38
 29   1.30 1.15 0.98 0.82 0.70 0.63 0.63 0.70 0.83 0.96 1.09 1.14 1.14 1.06 0.94 0.82 0.71 0.61 0.61 0.70 0.85 1.00 1.13 1.21
 30   1.26 1.18 1.06 0.91 0.78 0.67 0.62 0.64 0.71 0.82 0.94 1.06 1.10 1.09 0.97 0.84 0.72 0.61 0.58 0.60 0.71 0.84 0.96 1.08
 31   1.12 1.13 1.06 0.96 0.84 0.73 0.64 0.61 0.65 0.72 0.82 0.92 1.00 1.06 1.07 1.06 1.03 0.98 0.93 0.90 0.91 0.98 1.09 1.22
 ----------------------------------------------------------------------------------------------------------------------------
                                                                                               DATUM CORRECTION      0.0000 m
 ----------------------------------------------------------------------------------------------------------------------------
 ----------------------------------------------------------------------------------------------------------------------------
