                                                          SURVEY OF INDIA
                                                    MARINE GEODESY WING (G&RB)
                                                     HOURLY HEIGHTS IN METRES
  NAME OF PORT:- CUDDALORE                                                                          MONTH JANUARY   YEAR 2013
 ----------------------------------------------------------------------------------------------------------------------------
 DAYS 0000 0001 0002 0003 0004 0005 0006 0007 0008 0009 0010 0011 0012 0013 0014 0015 0016 0017 0018 0019 0020 0021 0022 0023
 ----------------------------------------------------------------------------------------------------------------------------
  1    .92  .79  .61  .45  .34  .34  .41  .53  .69  .81  .88  .87  .77  .65  .53  .42  .36  .39  .49  .64  .81  .96 1.05 1.05
  2    .97  .85  .69  .53  .39  .32  .35  .45  .60  .75  .85  .88  .83  .72  .60  .49  .40  .38  .44  .56  .72  .88 1.00 1.06
  3   1.05  .95  .79  .62  .46  .36  .32  .36  .48  .62  .76  .84  .86  .81  .71  .60  .50  .42  .40  .47  .59  .73  .86  .95
  4    .98  .95  .84  .70  .56  .42  .33  .33  .40  .52  .66  .78  .86  .88  .84  .76  .65  .54  .46  .44  .49  .59  .70  .82
  5    .90  .93  .89  .78  .64  .50  .38  .32  .34  .41  .52  .64  .75  .85  .89  .87  .80  .69  .58  .51  .49  .52  .59  .69
  6    .79  .86  .88  .85  .76  .64  .51  .40  .35  .35  .40  .50  .61  .73  .83  .89  .89  .83  .74  .65  .58  .54  .55  .60
  7    .69  .78  .84  .86  .82  .73  .62  .50  .39  .33  .32  .35  .44  .56  .70  .82  .91  .93  .88  .78  .66  .55  .47  .46
  8    .51  .59  .68  .75  .78  .75  .67  .56  .44  .32  .25  .24  .30  .42  .58  .74  .87  .95  .96  .88  .76  .63  .50  .41
  9    .38  .42  .50  .60  .71  .78  .77  .69  .57  .44  .31  .22  .21  .28  .42  .59  .77  .93 1.00  .99  .90  .76  .58  .40
 10    .24  .19  .24  .36  .50  .62  .68  .61  .45  .26  .08 -.08 -.19 -.20 -.10  .09  .30  .50  .63  .68  .63  .50  .30  .14
 11    .02 -.04 -.02  .07  .23  .39  .53  .58  .54  .43  .27  .08 -.08 -.18 -.17 -.05  .14  .38  .60  .76  .82  .78  .63  .42
 12    .21  .04 -.07 -.08  .02  .18  .36  .50  .59  .58  .45  .26  .07 -.09 -.15 -.12  .02  .21  .44  .65  .79  .84  .74  .55
 13    .32  .12 -.03 -.10 -.07  .06  .24  .43  .58  .65  .60  .45  .26  .07 -.06 -.12 -.08  .05  .27  .50  .70  .82  .83  .72
 14    .52  .30  .10 -.04 -.10 -.06  .08  .27  .45  .58  .62  .56  .39  .20  .03 -.09 -.11 -.04  .13  .33  .54  .71  .80  .77
 15    .64  .45  .23  .05 -.05 -.07  .01  .15  .35  .52  .61  .62  .56  .39  .22  .08 -.01 -.02  .06  .21  .40  .58  .70  .75
 16    .71  .56  .37  .18  .03 -.04 -.03  .05  .19  .36  .51  .59  .58  .48  .34  .20  .09  .04  .05  .13  .27  .44  .58  .66
 17    .68  .61  .45  .29  .15  .06  .03  .05  .14  .29  .44  .54  .58  .54  .44  .33  .22  .13  .10  .13  .22  .34  .46  .57
 18    .65  .64  .52  .38  .24  .13  .06  .04  .07  .15  .27  .39  .48  .51  .48  .41  .33  .26  .20  .17  .18  .24  .34  .44
 19    .52  .53  .48  .39  .29  .19  .11  .06  .05  .10  .19  .30  .40  .48  .50  .48  .43  .37  .31  .25  .21  .22  .28  .37
 20    .48  .54  .54  .49  .40  .30  .20  .11  .07  .08  .16  .26  .35  .43  .49  .52  .52  .49  .43  .36  .30  .26  .26  .31
 21    .40  .48  .53  .51  .45  .38  .31  .24  .18  .14  .14  .18  .24  .31  .38  .45  .49  .50  .48  .43  .36  .30  .27  .28
 22    .35  .44  .50  .53  .51  .45  .38  .31  .24  .18  .15  .16  .19  .24  .31  .40  .49  .55  .56  .53  .47  .40  .32  .26
 23    .22  .23  .27  .33  .40  .47  .49  .45  .37  .28  .19  .13  .13  .18  .25  .34  .44  .54  .62  .64  .60  .52  .42  .32
 24    .23  .20  .22  .27  .35  .43  .49  .51  .47  .38  .27  .17  .10  .11  .17  .26  .39  .53  .64  .70  .69  .63  .53  .41
 25    .28  .19  .17  .19  .26  .37  .49  .55  .54  .47  .36  .24  .12  .07  .08  .16  .30  .45  .59  .70  .75  .72  .62  .48
 26    .31  .20  .14  .14  .20  .30  .42  .52  .57  .54  .42  .28  .15  .04  .01  .07  .19  .36  .52  .66  .76  .76  .67  .51
 27    .32  .18  .09  .07  .12  .23  .36  .49  .57  .57  .49  .37  .22  .07 -.01 -.01  .08  .24  .43  .60  .71  .76  .71  .58
 28    .42  .25  .11  .03  .04  .16  .34  .52  .66  .72  .69  .58  .43  .28  .16  .12  .17  .29  .46  .65  .81  .88  .87  .76
 29    .60  .43  .27  .15  .12  .20  .36  .55  .73  .86  .91  .82  .66  .48  .32  .24  .25  .34  .50  .70  .90 1.02 1.04  .98
 30    .84  .64  .45  .29  .21  .24  .36  .54  .71  .85  .90  .86  .74  .58  .41  .28  .23  .27  .41  .60  .79  .94 1.02 1.00
 31    .89  .72  .52  .35  .24  .20  .26  .42  .60  .76  .87  .91  .86  .73  .58  .44  .34  .32  .38  .52  .68  .84  .94  .97
 ----------------------------------------------------------------------------------------------------------------------------
                                                                                               
 ----------------------------------------------------------------------------------------------------------------------------
 ----------------------------------------------------------------------------------------------------------------------------
                                                          SURVEY OF INDIA
                                                    MARINE GEODESY WING (G&RB)
                                                     HOURLY HEIGHTS IN METRES
  NAME OF PORT:- CUDDALORE                                                                          MONTH FEBRUARY  YEAR 2013
 ----------------------------------------------------------------------------------------------------------------------------
 DAYS 0000 0001 0002 0003 0004 0005 0006 0007 0008 0009 0010 0011 0012 0013 0014 0015 0016 0017 0018 0019 0020 0021 0022 0023
 ----------------------------------------------------------------------------------------------------------------------------
  1    .92  .78  .62  .46  .32  .23  .23  .31  .47  .64  .78  .87  .89  .83  .70  .55  .41  .33  .33  .40  .52  .67  .80  .90
  2    .92  .84  .70  .54  .38  .26  .22  .25  .37  .52  .66  .79  .87  .87  .79  .67  .55  .45  .38  .38  .46  .58  .71  .82
  3    .89  .90  .83  .70  .54  .39  .29  .26  .31  .41  .55  .69  .80  .88  .89  .82  .72  .60  .50  .44  .44  .50  .59  .69
  4    .79  .86  .86  .79  .66  .51  .38  .29  .26  .30  .38  .50  .63  .74  .83  .85  .80  .71  .61  .52  .46  .44  .46  .52
  5    .61  .71  .78  .79  .74  .64  .52  .41  .32  .28  .30  .37  .48  .62  .74  .83  .86  .83  .75  .65  .54  .45  .39  .37
  6    .40  .49  .60  .68  .72  .70  .63  .52  .42  .34  .29  .28  .33  .44  .58  .72  .84  .91  .90  .83  .72  .58  .46  .37
  7    .34  .38  .47  .58  .69  .76  .78  .73  .61  .48  .35  .26  .24  .31  .44  .59  .76  .91 1.01 1.00  .90  .75  .58  .44
  8    .34  .31  .35  .44  .58  .72  .81  .82  .74  .62  .47  .32  .23  .21  .27  .41  .61  .83  .99 1.05 1.03  .91  .73  .53
  9    .37  .26  .22  .27  .41  .60  .77  .86  .86  .77  .60  .42  .27  .18  .18  .28  .45  .67  .90 1.05 1.08 1.03  .88  .68
 10    .47  .32  .24  .24  .34  .50  .68  .85  .92  .90  .78  .59  .41  .26  .18  .21  .34  .54  .76  .97 1.09 1.10 1.00  .83
 11    .63  .45  .32  .25  .29  .41  .60  .80  .93  .97  .93  .80  .62  .43  .28  .23  .29  .44  .63  .84 1.03 1.12 1.10  .96
 12    .78  .58  .39  .28  .26  .34  .50  .70  .87  .98 1.00  .90  .75  .57  .41  .29  .28  .38  .55  .75  .94 1.09 1.13 1.06
 13    .90  .71  .51  .36  .28  .30  .43  .61  .80  .95 1.04 1.01  .88  .70  .53  .38  .32  .37  .51  .68  .85 1.01 1.10 1.06
 14    .93  .76  .58  .42  .32  .31  .39  .54  .72  .90 1.00 1.01  .93  .76  .57  .43  .34  .32  .39  .53  .73  .90 1.01 1.02
 15    .94  .80  .63  .47  .34  .28  .30  .41  .58  .76  .91  .98  .94  .82  .66  .51  .39  .32  .33  .40  .53  .71  .86  .94
 16    .94  .87  .76  .63  .50  .39  .32  .33  .44  .60  .76  .87  .92  .89  .78  .64  .52  .43  .38  .39  .46  .57  .70  .82
 17    .87  .83  .72  .58  .45  .34  .28  .28  .34  .46  .61  .76  .84  .86  .82  .72  .59  .48  .40  .38  .41  .50  .60  .68
 18    .73  .73  .66  .54  .41  .31  .25  .25  .30  .39  .49  .60  .70  .77  .80  .78  .71  .62  .54  .48  .44  .44  .49  .56
 19    .63  .68  .69  .65  .58  .49  .41  .34  .29  .30  .37  .47  .57  .66  .73  .77  .76  .71  .64  .57  .51  .47  .47  .50
 20    .55  .60  .64  .65  .63  .59  .53  .46  .40  .37  .37  .42  .50  .58  .66  .72  .76  .77  .74  .68  .60  .54  .51  .50
 21    .51  .55  .60  .64  .66  .65  .61  .55  .49  .43  .38  .37  .42  .50  .60  .70  .78  .84  .86  .84  .77  .68  .60  .53
 22    .48  .48  .52  .58  .66  .72  .74  .72  .66  .57  .46  .38  .36  .40  .49  .60  .73  .84  .91  .91  .85  .76  .64  .52
 23    .43  .40  .42  .47  .55  .66  .76  .79  .74  .64  .52  .41  .36  .36  .41  .50  .63  .78  .91  .98  .95  .85  .70  .56
 24    .44  .35  .33  .37  .46  .59  .73  .80  .80  .72  .59  .45  .33  .26  .27  .35  .49  .67  .84  .96 1.00  .94  .80  .63
 25    .45  .32  .26  .28  .38  .54  .71  .83  .87  .82  .72  .57  .41  .29  .26  .29  .40  .59  .78  .94 1.01 1.00  .91  .72
 26    .51  .35  .24  .20  .26  .40  .62  .79  .90  .92  .84  .67  .49  .33  .21  .19  .28  .44  .64  .84  .97 1.02  .95  .78
 27    .57  .38  .22  .14  .17  .30  .50  .71  .88  .96  .93  .81  .62  .43  .27  .19  .22  .36  .55  .74  .90  .99  .97  .85
 28    .67  .48  .28  .14  .10  .21  .39  .59  .79  .93  .96  .88  .73  .54  .35  .23  .19  .25  .41  .62  .82  .95  .98  .90
 ----------------------------------------------------------------------------------------------------------------------------
                                                                                               
 ----------------------------------------------------------------------------------------------------------------------------
 ----------------------------------------------------------------------------------------------------------------------------
                                                          SURVEY OF INDIA
                                                    MARINE GEODESY WING (G&RB)
                                                     HOURLY HEIGHTS IN METRES
  NAME OF PORT:- CUDDALORE                                                                          MONTH MARCH     YEAR 2013
 ----------------------------------------------------------------------------------------------------------------------------
 DAYS 0000 0001 0002 0003 0004 0005 0006 0007 0008 0009 0010 0011 0012 0013 0014 0015 0016 0017 0018 0019 0020 0021 0022 0023
 ----------------------------------------------------------------------------------------------------------------------------
  1    .75  .55  .36  .19  .10  .15  .30  .49  .69  .87  .97  .95  .84  .68  .50  .34  .24  .21  .28  .44  .63  .80  .92  .96
  2    .89  .70  .49  .30  .18  .16  .22  .39  .59  .78  .92  .98  .94  .82  .65  .48  .34  .27  .30  .41  .60  .77  .88  .93
  3    .91  .80  .62  .44  .28  .19  .19  .30  .48  .68  .86  .95  .95  .88  .75  .60  .46  .36  .33  .37  .50  .66  .79  .87
  4    .89  .84  .72  .56  .41  .29  .23  .26  .38  .54  .69  .82  .90  .92  .87  .76  .62  .49  .39  .36  .41  .52  .65  .77
  5    .85  .86  .79  .67  .54  .41  .32  .28  .31  .40  .51  .64  .76  .86  .88  .84  .76  .66  .56  .49  .46  .49  .57  .66
  6    .74  .78  .78  .75  .68  .59  .50  .42  .37  .37  .42  .50  .59  .69  .79  .85  .86  .81  .73  .64  .55  .49  .46  .47
  7    .52  .59  .66  .72  .74  .72  .66  .57  .47  .40  .37  .39  .46  .55  .65  .76  .85  .88  .85  .77  .68  .58  .50  .45
  8    .44  .47  .54  .62  .70  .76  .76  .71  .63  .54  .46  .42  .43  .49  .58  .70  .83  .95 1.00  .97  .88  .76  .63  .50
  9    .43  .44  .50  .60  .71  .81  .88  .89  .83  .72  .59  .47  .39  .37  .43  .56  .74  .90 1.02 1.04  .98  .86  .71  .55
 10    .43  .37  .38  .46  .59  .74  .86  .93  .90  .81  .67  .52  .41  .35  .37  .48  .65  .85 1.01 1.10 1.09 1.00  .85  .67
 11    .50  .38  .34  .38  .50  .67  .86  .97  .99  .91  .78  .62  .46  .34  .30  .36  .50  .68  .87 1.02 1.06 1.01  .88  .68
 12    .49  .34  .25  .25  .36  .53  .72  .90  .99  .99  .90  .74  .56  .39  .27  .27  .36  .52  .71  .89 1.02 1.05  .96  .78
 13    .58  .41  .28  .21  .26  .42  .62  .81  .95 1.02 1.00  .87  .67  .48  .32  .25  .29  .42  .62  .81  .97 1.03 1.00  .88
 14    .70  .50  .33  .22  .21  .32  .49  .69  .86  .98 1.00  .92  .77  .59  .42  .29  .27  .37  .52  .68  .84  .95  .98  .92
 15    .77  .58  .39  .25  .21  .28  .42  .59  .77  .91  .97  .93  .82  .65  .47  .33  .28  .30  .40  .56  .73  .86  .93  .91
 16    .82  .67  .49  .34  .24  .24  .34  .50  .66  .80  .91  .95  .89  .76  .61  .47  .36  .32  .37  .50  .65  .78  .86  .88
 17    .84  .72  .56  .41  .30  .27  .33  .44  .57  .71  .84  .91  .91  .83  .71  .59  .48  .41  .40  .46  .57  .68  .77  .83
 18    .85  .79  .68  .54  .42  .36  .36  .42  .54  .67  .80  .90  .94  .90  .82  .73  .63  .54  .50  .52  .58  .66  .74  .81
 19    .84  .83  .76  .66  .55  .47  .44  .46  .52  .61  .71  .80  .86  .88  .86  .80  .72  .65  .61  .60  .61  .65  .70  .75
 20    .79  .80  .77  .70  .61  .54  .50  .49  .52  .58  .65  .73  .80  .85  .88  .87  .82  .76  .70  .64  .60  .59  .62  .66
 21    .70  .73  .74  .73  .69  .64  .59  .56  .55  .57  .61  .67  .73  .79  .84  .86  .85  .81  .76  .70  .64  .60  .58  .58
 22    .60  .63  .67  .70  .72  .72  .70  .65  .60  .56  .55  .58  .63  .70  .77  .84  .88  .88  .84  .78  .70  .61  .54  .52
 23    .53  .57  .63  .69  .74  .76  .74  .69  .63  .56  .50  .47  .48  .54  .63  .73  .82  .88  .89  .84  .76  .66  .56  .47
 24    .43  .44  .50  .60  .71  .79  .82  .79  .73  .65  .56  .48  .43  .45  .54  .66  .78  .88  .94  .91  .82  .69  .56  .44
 25    .36  .34  .40  .52  .67  .80  .90  .93  .89  .79  .66  .53  .43  .39  .44  .56  .71  .86  .97 1.01  .97  .85  .68  .51
 26    .37  .29  .30  .40  .56  .74  .89  .98  .99  .91  .76  .60  .44  .35  .36  .44  .58  .76  .92 1.03 1.05  .97  .79  .60
 27    .41  .28  .23  .28  .43  .64  .84  .99 1.06 1.03  .91  .71  .51  .36  .30  .34  .47  .67  .87 1.01 1.07 1.03  .90  .70
 28    .46  .28  .17  .16  .27  .47  .69  .90 1.05 1.09 1.00  .83  .64  .44  .30  .25  .32  .49  .70  .89 1.02 1.04  .96  .78
 29    .56  .36  .21  .15  .19  .33  .56  .79  .99 1.07 1.07  .97  .79  .58  .40  .30  .30  .41  .58  .77  .94 1.03 1.02  .90
 30    .71  .50  .30  .17  .14  .23  .41  .63  .83 1.00 1.07 1.03  .90  .72  .53  .37  .28  .29  .40  .56  .73  .90  .98  .96
 31    .84  .66  .46  .28  .17  .16  .26  .45  .66  .85  .99 1.04  .99  .86  .69  .52  .38  .32  .35  .46  .60  .74  .86  .90
 ----------------------------------------------------------------------------------------------------------------------------
                                                                                               
 ----------------------------------------------------------------------------------------------------------------------------
 ----------------------------------------------------------------------------------------------------------------------------
                                                          SURVEY OF INDIA
                                                    MARINE GEODESY WING (G&RB)
                                                     HOURLY HEIGHTS IN METRES
  NAME OF PORT:- CUDDALORE                                                                          MONTH APRIL     YEAR 2013
 ----------------------------------------------------------------------------------------------------------------------------
 DAYS 0000 0001 0002 0003 0004 0005 0006 0007 0008 0009 0010 0011 0012 0013 0014 0015 0016 0017 0018 0019 0020 0021 0022 0023
 ----------------------------------------------------------------------------------------------------------------------------
  1    .87  .74  .57  .40  .26  .18  .19  .31  .48  .65  .81  .92  .96  .92  .81  .67  .52  .39  .33  .35  .45  .58  .69  .78
  2    .82  .80  .71  .58  .44  .32  .26  .29  .38  .51  .65  .78  .88  .92  .90  .82  .69  .56  .45  .39  .39  .46  .55  .64
  3    .73  .79  .79  .72  .62  .52  .43  .38  .38  .43  .53  .65  .78  .87  .91  .90  .84  .74  .63  .54  .46  .43  .45  .52
  4    .60  .68  .74  .75  .70  .62  .54  .47  .43  .43  .46  .53  .64  .75  .85  .92  .94  .89  .80  .69  .58  .49  .43  .42
  5    .46  .53  .62  .70  .75  .75  .71  .64  .56  .49  .45  .45  .50  .59  .69  .79  .88  .91  .88  .79  .66  .53  .41  .34
  6    .34  .39  .48  .58  .68  .77  .81  .78  .70  .60  .49  .41  .40  .45  .54  .65  .77  .86  .90  .87  .78  .64  .49  .35
  7    .27  .29  .38  .50  .63  .77  .88  .90  .82  .69  .55  .42  .34  .34  .40  .51  .66  .81  .92  .95  .89  .76  .59  .41
  8    .29  .24  .28  .39  .54  .70  .85  .92  .91  .80  .65  .50  .38  .32  .33  .41  .56  .74  .88  .95  .92  .82  .65  .46
  9    .30  .22  .21  .28  .41  .59  .76  .90  .96  .92  .77  .60  .44  .31  .26  .31  .43  .58  .74  .88  .93  .86  .71  .53
 10    .35  .22  .16  .19  .32  .49  .68  .84  .93  .94  .84  .67  .49  .34  .25  .26  .35  .49  .65  .80  .87  .86  .76  .59
 11    .40  .24  .13  .13  .23  .39  .58  .76  .88  .92  .87  .74  .56  .39  .25  .21  .27  .39  .55  .71  .83  .86  .80  .66
 12    .48  .31  .16  .09  .13  .28  .48  .66  .81  .90  .91  .83  .68  .51  .35  .25  .24  .32  .46  .61  .74  .82  .83  .74
 13    .59  .43  .28  .16  .14  .21  .39  .58  .76  .88  .94  .91  .79  .63  .47  .34  .28  .29  .38  .52  .65  .75  .80  .77
 14    .66  .50  .35  .23  .17  .21  .32  .48  .66  .80  .88  .89  .83  .70  .54  .39  .29  .27  .33  .44  .57  .68  .76  .77
 15    .70  .56  .42  .30  .21  .19  .26  .40  .56  .71  .82  .86  .85  .78  .66  .52  .40  .34  .35  .42  .52  .62  .69  .72
 16    .71  .64  .53  .41  .31  .26  .27  .34  .47  .61  .72  .79  .82  .80  .72  .61  .50  .42  .39  .40  .46  .53  .60  .66
 17    .69  .67  .59  .49  .39  .31  .29  .34  .43  .55  .67  .78  .84  .85  .81  .74  .65  .56  .48  .44  .44  .48  .53  .58
 18    .62  .63  .60  .54  .47  .40  .36  .36  .40  .48  .57  .65  .72  .76  .77  .74  .67  .59  .51  .44  .40  .40  .43  .48
 19    .54  .60  .63  .62  .57  .51  .46  .43  .42  .44  .50  .58  .66  .74  .78  .78  .75  .69  .62  .54  .47  .43  .43  .46
 20    .51  .58  .64  .68  .69  .66  .61  .55  .49  .46  .47  .51  .57  .64  .71  .76  .78  .77  .72  .64  .54  .45  .39  .38
 21    .42  .48  .55  .62  .68  .70  .69  .64  .57  .50  .44  .42  .44  .50  .58  .67  .75  .79  .79  .73  .63  .50  .39  .33
 22    .32  .36  .44  .54  .64  .73  .78  .77  .71  .62  .52  .44  .41  .43  .51  .62  .74  .84  .87  .84  .76  .64  .49  .36
 23    .28  .28  .35  .49  .64  .79  .90  .94  .90  .80  .66  .52  .44  .42  .47  .57  .71  .87 1.00 1.04  .98  .84  .66  .49
 24    .35  .28  .31  .45  .64  .82  .99 1.09 1.11 1.02  .85  .67  .50  .41  .42  .51  .67  .85 1.00 1.07 1.06  .95  .75  .52
 25    .33  .23  .22  .30  .48  .70  .92 1.09 1.16 1.11  .96  .77  .58  .43  .36  .41  .57  .76  .94 1.08 1.13 1.07  .92  .70
 26    .48  .33  .25  .27  .42  .64  .87 1.07 1.20 1.21 1.11  .92  .70  .50  .38  .36  .45  .62  .81  .99 1.09 1.09 1.00  .80
 27    .57  .36  .23  .21  .29  .49  .73  .98 1.16 1.26 1.25 1.10  .88  .66  .49  .39  .40  .51  .68  .86 1.01 1.09 1.07  .95
 28    .75  .54  .35  .23  .23  .35  .55  .79 1.01 1.16 1.22 1.18 1.04  .84  .64  .49  .42  .45  .56  .72  .88 1.01 1.07 1.03
 29    .90  .72  .52  .36  .27  .29  .42  .62  .83 1.01 1.13 1.18 1.14 1.01  .84  .66  .51  .45  .47  .56  .68  .82  .94 1.00
 30    .99  .87  .71  .56  .44  .37  .39  .51  .67  .85 1.02 1.15 1.19 1.13  .99  .83  .68  .55  .48  .48  .56  .68  .80  .90
 ----------------------------------------------------------------------------------------------------------------------------
                                                                                               
 ----------------------------------------------------------------------------------------------------------------------------
 ----------------------------------------------------------------------------------------------------------------------------
                                                          SURVEY OF INDIA
                                                    MARINE GEODESY WING (G&RB)
                                                     HOURLY HEIGHTS IN METRES
  NAME OF PORT:- CUDDALORE                                                                          MONTH MAY       YEAR 2013
 ----------------------------------------------------------------------------------------------------------------------------
 DAYS 0000 0001 0002 0003 0004 0005 0006 0007 0008 0009 0010 0011 0012 0013 0014 0015 0016 0017 0018 0019 0020 0021 0022 0023
 ----------------------------------------------------------------------------------------------------------------------------
  1    .96  .94  .84  .71  .59  .49  .44  .45  .54  .69  .85  .99 1.09 1.12 1.06  .94  .80  .66  .54  .47  .46  .52  .61  .73
  2    .83  .89  .90  .84  .74  .64  .56  .51  .51  .57  .70  .84  .97 1.07 1.10 1.06  .97  .86  .74  .62  .53  .51  .56  .65
  3    .75  .84  .89  .90  .87  .81  .73  .65  .59  .56  .59  .68  .80  .91 1.00 1.04 1.03  .97  .86  .73  .61  .51  .46  .48
  4    .54  .63  .73  .83  .89  .90  .86  .77  .68  .61  .57  .59  .66  .75  .84  .92  .97  .97  .92  .83  .72  .60  .49  .44
  5    .47  .55  .66  .77  .86  .92  .92  .87  .79  .70  .62  .57  .57  .64  .73  .82  .90  .94  .93  .87  .76  .64  .53  .44
  6    .39  .42  .50  .62  .75  .87  .92  .91  .85  .76  .66  .56  .49  .49  .56  .67  .78  .87  .92  .91  .83  .71  .57  .43
  7    .33  .33  .42  .55  .69  .84  .96 1.00  .97  .88  .75  .62  .51  .46  .50  .60  .71  .82  .90  .92  .87  .76  .62  .48
  8    .36  .31  .34  .46  .62  .78  .92 1.00 1.01  .94  .81  .67  .54  .45  .44  .51  .64  .77  .88  .95  .94  .85  .71  .56
  9    .42  .33  .33  .42  .57  .75  .92 1.04 1.08 1.04  .93  .77  .62  .50  .44  .46  .54  .67  .82  .92  .95  .89  .77  .62
 10    .47  .35  .30  .35  .48  .65  .84 1.00 1.09 1.10 1.02  .87  .70  .55  .45  .42  .47  .59  .74  .87  .94  .93  .85  .72
 11    .56  .40  .30  .30  .40  .56  .75  .94 1.08 1.14 1.12 1.01  .84  .66  .53  .46  .47  .55  .67  .81  .92  .96  .93  .83
 12    .66  .48  .35  .32  .36  .47  .65  .86 1.03 1.12 1.12 1.05  .91  .74  .59  .48  .45  .49  .59  .72  .84  .93  .95  .89
 13    .76  .59  .43  .33  .32  .41  .57  .75  .92 1.08 1.18 1.18 1.08  .92  .75  .61  .52  .50  .56  .67  .79  .89  .95  .95
 14    .89  .76  .61  .49  .43  .45  .55  .70  .87 1.03 1.14 1.18 1.13 1.01  .86  .71  .59  .53  .55  .63  .74  .85  .94  .99
 15    .97  .87  .73  .60  .51  .49  .54  .65  .79  .94 1.08 1.16 1.15 1.07  .95  .81  .68  .58  .54  .57  .65  .75  .85  .93
 16    .96  .90  .78  .65  .55  .49  .51  .60  .73  .88 1.02 1.13 1.17 1.13 1.03  .91  .79  .67  .59  .58  .62  .70  .80  .90
 17    .98  .99  .90  .78  .67  .58  .53  .54  .62  .73  .85  .96 1.03 1.06 1.02  .92  .80  .69  .61  .57  .59  .64  .71  .78
 18    .83  .86  .86  .83  .78  .71  .65  .64  .67  .73  .82  .92 1.00 1.04 1.03  .98  .89  .79  .70  .62  .58  .58  .62  .69
 19    .76  .82  .86  .87  .85  .80  .73  .66  .62  .63  .67  .74  .82  .90  .97 1.00  .98  .91  .80  .69  .60  .55  .56  .61
 20    .69  .79  .88  .95  .99  .98  .93  .86  .79  .73  .72  .77  .85  .93 1.00 1.05 1.06 1.03  .96  .86  .74  .62  .54  .53
 21    .58  .67  .79  .92 1.02 1.06 1.05  .99  .90  .81  .74  .71  .73  .79  .87  .96 1.03 1.06 1.04  .96  .83  .69  .55  .43
 22    .41  .49  .63  .79  .94 1.06 1.12 1.11 1.02  .90  .77  .66  .62  .65  .74  .87  .99 1.07 1.08 1.02  .90  .76  .61  .48
 23    .41  .41  .49  .65  .85 1.04 1.16 1.20 1.14 1.01  .85  .69  .58  .55  .59  .71  .87 1.00 1.08 1.08  .99  .83  .65  .47
 24    .33  .28  .35  .50  .70  .90 1.10 1.21 1.21 1.12  .96  .78  .60  .50  .48  .56  .71  .88 1.02 1.10 1.09  .98  .81  .61
 25    .40  .29  .29  .38  .55  .78 1.02 1.19 1.28 1.25 1.12  .93  .73  .56  .44  .43  .53  .71  .90 1.06 1.14 1.11 1.00  .83
 26    .63  .44  .31  .31  .42  .63  .87 1.10 1.28 1.34 1.28 1.12  .92  .72  .54  .44  .47  .60  .77  .95 1.09 1.15 1.10  .96
 27    .77  .57  .39  .29  .33  .50  .74  .99 1.19 1.32 1.36 1.31 1.15  .91  .69  .54  .48  .52  .66  .84 1.01 1.13 1.17 1.10
 28    .94  .74  .57  .44  .39  .44  .61  .84 1.06 1.24 1.35 1.35 1.24 1.07  .88  .69  .55  .51  .57  .70  .87 1.04 1.17 1.19
 29   1.09  .93  .76  .61  .51  .48  .53  .68  .87 1.07 1.24 1.32 1.31 1.20 1.04  .87  .71  .59  .56  .62  .76  .93 1.09 1.18
 30   1.17 1.07  .94  .81  .69  .60  .58  .63  .75  .92 1.10 1.24 1.29 1.25 1.13  .98  .81  .66  .56  .53  .58  .71  .87 1.01
 31   1.10 1.10 1.04  .95  .84  .73  .65  .63  .70  .84 1.00 1.16 1.26 1.28 1.21 1.09  .95  .80  .67  .59  .58  .65  .77  .89
 ----------------------------------------------------------------------------------------------------------------------------
                                                                                               
 ----------------------------------------------------------------------------------------------------------------------------
 ----------------------------------------------------------------------------------------------------------------------------
                                                          SURVEY OF INDIA
                                                    MARINE GEODESY WING (G&RB)
                                                     HOURLY HEIGHTS IN METRES
  NAME OF PORT:- CUDDALORE                                                                          MONTH JUNE      YEAR 2013
 ----------------------------------------------------------------------------------------------------------------------------
 DAYS 0000 0001 0002 0003 0004 0005 0006 0007 0008 0009 0010 0011 0012 0013 0014 0015 0016 0017 0018 0019 0020 0021 0022 0023
 ----------------------------------------------------------------------------------------------------------------------------
  1    .98 1.04 1.06 1.03  .96  .87  .77  .69  .66  .71  .81  .93 1.05 1.13 1.16 1.13 1.05  .93  .80  .67  .59  .57  .62  .71
  2    .83  .93 1.00 1.03 1.01  .95  .86  .77  .70  .67  .70  .78  .87  .95 1.01 1.04 1.02  .96  .86  .75  .65  .60  .60  .64
  3    .74  .84  .94 1.01 1.04 1.03 1.00  .93  .85  .76  .70  .70  .75  .83  .92  .98 1.01  .99  .92  .82  .72  .62  .55  .54
  4    .62  .72  .82  .92  .99 1.03 1.04 1.01  .95  .86  .77  .70  .70  .76  .84  .92  .99 1.03 1.02  .97  .88  .79  .70  .63
  5    .62  .66  .79  .94 1.05 1.13 1.18 1.18 1.12 1.03  .93  .83  .77  .78  .84  .92  .99 1.05 1.08 1.06 1.00  .91  .81  .71
  6    .64  .64  .71  .82  .93 1.04 1.15 1.20 1.19 1.12 1.01  .90  .79  .73  .74  .80  .88  .96 1.04 1.07 1.04  .96  .85  .73
  7    .62  .58  .60  .70  .83  .98 1.11 1.20 1.23 1.18 1.08  .95  .81  .71  .68  .74  .83  .92 1.01 1.07 1.07 1.00  .88  .74
  8    .62  .52  .51  .60  .77  .94 1.09 1.20 1.25 1.22 1.12  .99  .85  .73  .65  .64  .73  .85  .96 1.04 1.06 1.03  .92  .78
  9    .65  .55  .49  .51  .64  .81 1.00 1.15 1.24 1.25 1.18 1.06  .90  .75  .63  .57  .60  .72  .87 1.00 1.06 1.07 1.02  .90
 10    .74  .60  .50  .47  .53  .67  .86 1.05 1.18 1.24 1.22 1.12  .97  .80  .65  .56  .57  .64  .77  .92 1.06 1.11 1.07  .96
 11    .79  .62  .48  .43  .46  .57  .75  .97 1.15 1.25 1.28 1.21 1.06  .90  .73  .60  .55  .57  .68  .83  .97 1.07 1.11 1.06
 12    .91  .75  .60  .49  .45  .50  .63  .82 1.00 1.18 1.28 1.29 1.19 1.04  .86  .70  .59  .55  .61  .72  .83  .93 1.01 1.03
 13    .97  .82  .67  .53  .43  .45  .56  .72  .90 1.06 1.19 1.24 1.18 1.05  .89  .75  .65  .60  .62  .70  .80  .90  .97 1.00
 14    .98  .92  .84  .76  .68  .62  .62  .67  .75  .84  .94 1.04 1.09 1.06  .96  .85  .73  .64  .57  .57  .66  .77  .88  .96
 15   1.00  .99  .92  .81  .69  .57  .53  .57  .68  .79  .90 1.01 1.05 1.03  .94  .84  .74  .64  .55  .52  .54  .63  .73  .83
 16    .93  .99  .97  .89  .79  .69  .61  .57  .61  .70  .81  .92 1.01 1.07 1.07 1.00  .90  .78  .66  .56  .53  .57  .66  .77
 17
 18
 19
 20
 21
 22
 23
 24
 25
 26    .83  .64  .45  .30  .23  .30  .47  .66  .85 1.04 1.15 1.15 1.06  .90  .71  .52  .38  .31  .35  .48  .65  .81  .95 1.02
 27    .96  .82  .65  .48  .34  .27  .34  .51  .70  .88 1.07 1.17 1.16 1.04  .84  .63  .45  .31  .30  .38  .52  .68  .83  .95
 28    .97  .90  .76  .61  .45  .36  .34  .42  .56  .76  .94 1.09 1.16 1.12  .98  .81  .62  .45  .34  .32  .39  .53  .70  .85
 29
 30
 ----------------------------------------------------------------------------------------------------------------------------
                                                                                               
 ----------------------------------------------------------------------------------------------------------------------------
 ----------------------------------------------------------------------------------------------------------------------------
                                                          SURVEY OF INDIA
                                                    MARINE GEODESY WING (G&RB)
                                                     HOURLY HEIGHTS IN METRES
  NAME OF PORT:- CUDDALORE                                                                          MONTH JULY      YEAR 2013
 ----------------------------------------------------------------------------------------------------------------------------
 DAYS 0000 0001 0002 0003 0004 0005 0006 0007 0008 0009 0010 0011 0012 0013 0014 0015 0016 0017 0018 0019 0020 0021 0022 0023
 ----------------------------------------------------------------------------------------------------------------------------
  1
  2
  3
  4
  5
  6
  7
  8
  9
 10
 11
 12
 13
 14
 15
 16
 17
 18
 19
 20
 21
 22
 23
 24
 25
 26
 27
 28
 29
 30
 31
 ----------------------------------------------------------------------------------------------------------------------------
                                                          SURVEY OF INDIA
                                                    MARINE GEODESY WING (G&RB)
                                                     HOURLY HEIGHTS IN METRES
  NAME OF PORT:- CUDDALORE                                                                          MONTH AUGUST    YEAR 2013
 ----------------------------------------------------------------------------------------------------------------------------
 DAYS 0000 0001 0002 0003 0004 0005 0006 0007 0008 0009 0010 0011 0012 0013 0014 0015 0016 0017 0018 0019 0020 0021 0022 0023
 ----------------------------------------------------------------------------------------------------------------------------
  1
  2
  3
  4
  5
  6
  7
  8
  9
 10
 11
 12
 13
 14
 15
 16
 17
 18
 19
 20
 21
 22
 23
 24
 25
 26
 27
 28
 29
 30
 31
 ----------------------------------------------------------------------------------------------------------------------------
                                                          SURVEY OF INDIA
                                                    MARINE GEODESY WING (G&RB)
                                                     HOURLY HEIGHTS IN METRES
  NAME OF PORT:- CUDDALORE                                                                          MONTH SEPT      YEAR 2013
 ----------------------------------------------------------------------------------------------------------------------------
 DAYS 0000 0001 0002 0003 0004 0005 0006 0007 0008 0009 0010 0011 0012 0013 0014 0015 0016 0017 0018 0019 0020 0021 0022 0023
 ----------------------------------------------------------------------------------------------------------------------------
  1
  2
  3
  4
  5
  6
  7
  8
  9
 10
 11
 12
 13
 14
 15
 16
 17
 18
 19
 20
 21
 22
 23
 24
 25
 26
 27
 28
 29
 30
 ----------------------------------------------------------------------------------------------------------------------------
                                                          SURVEY OF INDIA
                                                    MARINE GEODESY WING (G&RB)
                                                     HOURLY HEIGHTS IN METRES
  NAME OF PORT:- CUDDALORE                                                                          MONTH OCTOBER   YEAR 2013
 ----------------------------------------------------------------------------------------------------------------------------
 DAYS 0000 0001 0002 0003 0004 0005 0006 0007 0008 0009 0010 0011 0012 0013 0014 0015 0016 0017 0018 0019 0020 0021 0022 0023
 ----------------------------------------------------------------------------------------------------------------------------
  1
  2
  3
  4
  5
  6
  7
  8
  9
 10
 11
 12
 13
 14
 15
 16
 17
 18
 19
 20
 21
 22
 23
 24
 25
 26
 27
 28
 29
 30
 31
 ----------------------------------------------------------------------------------------------------------------------------
                                                          SURVEY OF INDIA
                                                    MARINE GEODESY WING (G&RB)
                                                     HOURLY HEIGHTS IN METRES
  NAME OF PORT:- CUDDALORE                                                                          MONTH NOVEMBER  YEAR 2013
 ----------------------------------------------------------------------------------------------------------------------------
 DAYS 0000 0001 0002 0003 0004 0005 0006 0007 0008 0009 0010 0011 0012 0013 0014 0015 0016 0017 0018 0019 0020 0021 0022 0023
 ----------------------------------------------------------------------------------------------------------------------------
  1
  2
  3
  4
  5
  6
  7
  8
  9
 10
 11
 12
 13
 14
 15
 16
 17
 18
 19
 20
 21
 22
 23
 24
 25
 26
 27
 28
 29
 30
 ----------------------------------------------------------------------------------------------------------------------------
                                                          SURVEY OF INDIA
                                                    MARINE GEODESY WING (G&RB)
                                                     HOURLY HEIGHTS IN METRES
  NAME OF PORT:- CUDDALORE                                                                          MONTH DECEMBER  YEAR 2013
 ----------------------------------------------------------------------------------------------------------------------------
 DAYS 0000 0001 0002 0003 0004 0005 0006 0007 0008 0009 0010 0011 0012 0013 0014 0015 0016 0017 0018 0019 0020 0021 0022 0023
 ----------------------------------------------------------------------------------------------------------------------------
  1
  2
  3
  4
  5
  6
  7
  8
  9
 10
 11
 12
 13
 14
 15
 16
 17
 18
 19
 20
 21
 22
 23
 24
 25
 26
 27
 28
 29
 30
 31
 ----------------------------------------------------------------------------------------------------------------------------
