                                                          SURVEY OF INDIA
                                                    MARINE GEODESY WING (G&RB)
                                                     HOURLY HEIGHTS IN METRES
  NAME OF PORT:- PORT BLAIR                                                                         MONTH JANUARY   YEAR 2008
 ----------------------------------------------------------------------------------------------------------------------------
 DAYS 0000 0001 0002 0003 0004 0005 0006 0007 0008 0009 0010 0011 0012 0013 0014 0015 0016 0017 0018 0019 0020 0021 0022 0023
 ----------------------------------------------------------------------------------------------------------------------------
  1   2.29 2.43 2.46 2.38 2.22 2.01 1.80 1.66 1.57 1.57 1.72 1.91 2.15 2.35 2.47 2.52 2.46 2.34 2.19 2.03 1.93 1.88 1.89 1.96
  2   2.10 2.23 2.31 2.34 2.28 2.18 2.03 1.89 1.78 1.71 1.72 1.81 1.98 2.17 2.34 2.46 2.53 2.51 2.42 2.28 2.13 2.02 1.93 1.89
  3   1.93 2.02 2.13 2.21 2.26 2.24 2.17 2.03 1.90 1.78 1.71 1.70 1.77 1.92 2.11 2.29 2.45 2.52 2.52 2.42 2.27 2.09 1.92 1.80
  4   1.74 1.77 1.89 2.02 2.14 2.22 2.23 2.18 2.06 1.90 1.76 1.66 1.65 1.72 1.89 2.12 2.33 2.50 2.60 2.58 2.47 2.29 2.06 1.86
  5   1.72 1.67 1.71 1.83 2.01 2.17 2.28 2.30 2.22 2.08 1.89 1.71 1.59 1.58 1.68 1.89 2.15 2.42 2.63 2.73 2.69 2.52 2.27 1.98
  6   1.72 1.56 1.51 1.59 1.79 2.03 2.24 2.38 2.39 2.29 2.10 1.86 1.66 1.53 1.53 1.67 1.93 2.25 2.57 2.79 2.85 2.74 2.51 2.18
  7   1.82 1.57 1.41 1.43 1.60 1.87 2.17 2.40 2.51 2.48 2.33 2.08 1.80 1.56 1.41 1.47 1.66 1.97 2.34 2.69 2.92 2.95 2.78 2.48
  8   2.08 1.73 1.47 1.35 1.41 1.64 1.96 2.30 2.54 2.63 2.54 2.30 1.99 1.66 1.43 1.35 1.44 1.71 2.12 2.55 2.89 3.05 2.98 2.72
  9   2.33 1.93 1.54 1.30 1.25 1.40 1.71 2.08 2.43 2.64 2.65 2.47 2.16 1.80 1.50 1.33 1.35 1.57 1.91 2.34 2.75 3.06 3.08 2.90
 10   2.51 2.08 1.63 1.30 1.15 1.24 1.51 1.87 2.27 2.60 2.71 2.62 2.37 2.01 1.64 1.39 1.27 1.36 1.65 2.06 2.53 2.93 3.13 3.05
 11   2.75 2.34 1.87 1.46 1.19 1.16 1.34 1.67 2.05 2.45 2.73 2.77 2.60 2.31 1.94 1.51 1.33 1.28 1.47 1.80 2.20 2.66 3.02 3.10
 12   2.93 2.61 2.23 1.76 1.36 1.15 1.20 1.46 1.81 2.25 2.61 2.79 2.76 2.52 2.19 1.82 1.51 1.33 1.39 1.64 2.02 2.45 2.85 3.07
 13   3.04 2.78 2.40 1.94 1.52 1.23 1.16 1.31 1.63 2.03 2.42 2.72 2.85 2.73 2.45 2.10 1.77 1.51 1.44 1.55 1.82 2.21 2.59 2.91
 14   2.98 2.83 2.52 2.10 1.68 1.35 1.21 1.23 1.48 1.82 2.23 2.61 2.83 2.81 2.63 2.35 2.02 1.73 1.53 1.49 1.65 1.93 2.28 2.61
 15   2.83 2.81 2.63 2.33 1.94 1.59 1.35 1.28 1.37 1.61 1.94 2.30 2.62 2.78 2.72 2.54 2.27 1.98 1.73 1.59 1.59 1.73 1.95 2.23
 16   2.50 2.64 2.59 2.43 2.17 1.89 1.61 1.43 1.40 1.51 1.74 2.02 2.32 2.56 2.69 2.66 2.51 2.28 2.04 1.83 1.70 1.68 1.77 1.94
 17   2.14 2.33 2.44 2.43 2.29 2.11 1.89 1.68 1.53 1.50 1.58 1.76 1.99 2.23 2.47 2.61 2.61 2.54 2.37 2.18 1.95 1.81 1.74 1.76
 18   1.86 2.01 2.18 2.29 2.29 2.24 2.12 1.96 1.80 1.65 1.57 1.58 1.72 1.92 2.16 2.40 2.59 2.66 2.63 2.50 2.31 2.07 1.85 1.70
 19   1.64 1.68 1.81 2.00 2.16 2.29 2.31 2.25 2.12 1.93 1.75 1.62 1.58 1.65 1.84 2.10 2.38 2.63 2.79 2.79 2.66 2.43 2.14 1.85
 20   1.60 1.49 1.51 1.67 1.89 2.14 2.35 2.44 2.40 2.24 2.01 1.76 1.56 1.47 1.53 1.73 2.02 2.35 2.68 2.91 2.93 2.78 2.49 2.13
 21   1.74 1.48 1.34 1.39 1.58 1.89 2.20 2.46 2.58 2.53 2.36 2.07 1.77 1.49 1.35 1.45 1.69 2.05 2.50 2.84 3.07 3.07 2.89 2.51
 22   2.08 1.64 1.35 1.24 1.34 1.61 1.99 2.37 2.64 2.74 2.64 2.42 2.06 1.67 1.43 1.29 1.43 1.73 2.15 2.68 3.03 3.21 3.15 2.88
 23   2.46 1.99 1.54 1.24 1.19 1.36 1.71 2.13 2.53 2.79 2.84 2.67 2.36 1.96 1.59 1.35 1.30 1.50 1.86 2.34 2.82 3.14 3.26 3.10
 24   2.73 2.31 1.80 1.38 1.15 1.19 1.44 1.84 2.26 2.62 2.83 2.79 2.56 2.19 1.78 1.46 1.28 1.36 1.61 2.02 2.50 2.94 3.17 3.14
 25   2.86 2.48 2.02 1.56 1.23 1.11 1.27 1.59 2.07 2.43 2.75 2.86 2.73 2.43 2.05 1.68 1.39 1.29 1.43 1.72 2.16 2.60 2.98 3.12
 26   2.98 2.67 2.28 1.84 1.43 1.19 1.20 1.42 1.79 2.23 2.60 2.81 2.81 2.58 2.27 1.87 1.55 1.38 1.39 1.63 1.97 2.40 2.76 2.98
 27   2.95 2.74 2.41 2.06 1.67 1.37 1.25 1.38 1.65 2.03 2.41 2.69 2.80 2.68 2.42 2.12 1.77 1.55 1.45 1.51 1.81 2.14 2.52 2.78
 28   2.85 2.74 2.46 2.13 1.78 1.48 1.35 1.39 1.60 1.93 2.29 2.59 2.75 2.71 2.53 2.30 1.99 1.75 1.60 1.61 1.78 2.04 2.33 2.59
 29   2.70 2.64 2.49 2.24 1.96 1.69 1.51 1.48 1.59 1.84 2.13 2.41 2.59 2.63 2.54 2.36 2.15 1.91 1.77 1.71 1.81 1.98 2.19 2.39
 30   2.53 2.55 2.45 2.27 2.05 1.83 1.67 1.59 1.65 1.79 2.01 2.23 2.43 2.52 2.51 2.42 2.28 2.11 1.96 1.89 1.86 1.94 2.05 2.18
 31   2.29 2.36 2.34 2.26 2.11 1.96 1.83 1.74 1.73 1.78 1.89 2.04 2.20 2.33 2.39 2.40 2.35 2.26 2.15 2.06 2.00 1.98 1.98 2.02
 ----------------------------------------------------------------------------------------------------------------------------
                                                                                               
 ----------------------------------------------------------------------------------------------------------------------------
 ----------------------------------------------------------------------------------------------------------------------------
                                                          SURVEY OF INDIA
                                                    MARINE GEODESY WING (G&RB)
                                                     HOURLY HEIGHTS IN METRES
  NAME OF PORT:- PORT BLAIR                                                                         MONTH FEBRUARY  YEAR 2008
 ----------------------------------------------------------------------------------------------------------------------------
 DAYS 0000 0001 0002 0003 0004 0005 0006 0007 0008 0009 0010 0011 0012 0013 0014 0015 0016 0017 0018 0019 0020 0021 0022 0023
 ----------------------------------------------------------------------------------------------------------------------------
  1   2.08 2.14 2.16 2.14 2.11 2.04 1.96 1.88 1.85 1.83 1.85 1.92 2.00 2.12 2.23 2.31 2.36 2.36 2.32 2.24 2.16 2.07 1.98 1.93
  2   1.90 1.92 1.97 2.02 2.06 2.10 2.10 2.08 2.01 1.94 1.86 1.82 1.84 1.90 2.02 2.16 2.30 2.41 2.48 2.47 2.39 2.25 2.11 1.95
  3   1.80 1.76 1.78 1.85 1.97 2.09 2.19 2.23 2.19 2.09 1.95 1.82 1.74 1.72 1.80 1.96 2.17 2.39 2.56 2.65 2.62 2.50 2.31 2.09
  4   1.84 1.67 1.61 1.69 1.85 2.03 2.23 2.37 2.40 2.32 2.14 1.94 1.76 1.63 1.63 1.74 1.97 2.25 2.55 2.75 2.81 2.71 2.49 2.19
  5   1.89 1.63 1.48 1.46 1.61 1.85 2.13 2.35 2.47 2.43 2.25 2.02 1.76 1.54 1.42 1.48 1.69 2.01 2.38 2.72 2.90 2.89 2.69 2.38
  6   2.00 1.67 1.42 1.32 1.41 1.67 1.99 2.31 2.53 2.58 2.48 2.21 1.89 1.59 1.35 1.31 1.44 1.75 2.16 2.57 2.91 3.01 2.90 2.60
  7   2.22 1.82 1.43 1.21 1.22 1.43 1.79 2.18 2.52 2.70 2.67 2.45 2.09 1.71 1.40 1.23 1.26 1.51 1.91 2.38 2.81 3.05 3.06 2.83
  8   2.43 1.98 1.52 1.20 1.11 1.23 1.54 1.97 2.38 2.69 2.83 2.67 2.37 1.98 1.60 1.29 1.19 1.33 1.65 2.11 2.55 2.95 3.11 2.99
  9   2.63 2.19 1.72 1.29 1.03 1.05 1.31 1.68 2.15 2.57 2.84 2.85 2.62 2.26 1.83 1.44 1.20 1.21 1.42 1.78 2.26 2.73 3.07 3.10
 10   2.87 2.51 2.08 1.61 1.21 1.04 1.20 1.51 1.95 2.41 2.79 2.95 2.81 2.51 2.11 1.71 1.31 1.17 1.26 1.54 1.94 2.41 2.81 2.98
 11   2.91 2.64 2.27 1.80 1.36 1.07 1.06 1.30 1.66 2.09 2.53 2.81 2.86 2.69 2.41 2.03 1.61 1.34 1.26 1.41 1.69 2.09 2.49 2.77
 12   2.83 2.69 2.40 2.05 1.61 1.28 1.15 1.25 1.51 1.86 2.24 2.61 2.80 2.77 2.56 2.30 1.93 1.60 1.39 1.40 1.58 1.87 2.23 2.50
 13   2.66 2.65 2.45 2.19 1.82 1.49 1.29 1.28 1.45 1.72 2.10 2.43 2.67 2.72 2.63 2.42 2.12 1.80 1.60 1.52 1.59 1.75 1.99 2.24
 14   2.43 2.49 2.43 2.24 1.98 1.71 1.53 1.44 1.49 1.65 1.88 2.15 2.38 2.54 2.58 2.51 2.31 2.07 1.87 1.72 1.68 1.70 1.81 1.97
 15   2.13 2.21 2.24 2.21 2.10 1.90 1.74 1.63 1.59 1.62 1.72 1.90 2.08 2.26 2.40 2.46 2.43 2.32 2.15 2.00 1.87 1.78 1.75 1.79
 16   1.84 1.95 2.03 2.10 2.11 2.07 1.97 1.88 1.79 1.72 1.69 1.72 1.82 1.94 2.10 2.25 2.37 2.44 2.41 2.29 2.17 2.01 1.84 1.70
 17   1.64 1.64 1.72 1.85 1.97 2.10 2.14 2.13 2.05 1.91 1.75 1.63 1.58 1.61 1.74 1.92 2.16 2.38 2.53 2.57 2.49 2.30 2.06 1.81
 18   1.62 1.47 1.46 1.57 1.76 1.99 2.20 2.33 2.31 2.18 1.97 1.73 1.54 1.46 1.47 1.65 1.91 2.23 2.54 2.76 2.80 2.65 2.36 1.99
 19   1.61 1.35 1.23 1.27 1.47 1.76 2.11 2.37 2.51 2.49 2.28 1.99 1.67 1.42 1.31 1.38 1.61 1.93 2.33 2.69 2.91 2.90 2.65 2.29
 20   1.85 1.45 1.17 1.11 1.24 1.52 1.88 2.28 2.57 2.67 2.56 2.26 1.89 1.53 1.25 1.18 1.31 1.59 1.98 2.41 2.79 2.98 2.88 2.57
 21   2.11 1.65 1.25 1.01 1.02 1.26 1.62 2.05 2.45 2.73 2.73 2.49 2.13 1.71 1.34 1.13 1.15 1.38 1.79 2.27 2.71 3.01 3.03 2.79
 22   2.35 1.90 1.42 1.06 0.93 1.09 1.42 1.89 2.37 2.70 2.85 2.69 2.35 1.93 1.52 1.22 1.12 1.29 1.66 2.13 2.61 2.93 3.04 2.88
 23   2.53 2.11 1.63 1.21 1.00 1.07 1.37 1.83 2.32 2.69 2.92 2.88 2.60 2.20 1.77 1.39 1.18 1.21 1.45 1.84 2.32 2.71 2.93 2.91
 24   2.67 2.28 1.83 1.39 1.11 1.06 1.26 1.63 2.13 2.57 2.87 2.93 2.75 2.41 2.01 1.59 1.29 1.20 1.37 1.67 2.08 2.51 2.81 2.87
 25   2.72 2.40 1.99 1.57 1.23 1.09 1.19 1.49 1.90 2.35 2.68 2.83 2.78 2.55 2.19 1.81 1.47 1.29 1.28 1.49 1.82 2.21 2.53 2.69
 26   2.66 2.48 2.14 1.80 1.45 1.23 1.20 1.37 1.68 2.07 2.46 2.69 2.75 2.60 2.33 1.99 1.69 1.45 1.38 1.49 1.72 2.03 2.34 2.55
 27   2.58 2.47 2.22 1.90 1.61 1.36 1.30 1.39 1.63 1.93 2.27 2.53 2.66 2.64 2.45 2.16 1.91 1.64 1.53 1.56 1.71 1.91 2.15 2.33
 28   2.43 2.39 2.25 2.00 1.75 1.54 1.44 1.48 1.64 1.88 2.15 2.40 2.55 2.58 2.49 2.25 2.05 1.85 1.71 1.67 1.74 1.88 2.05 2.21
 29   2.29 2.30 2.22 2.06 1.88 1.71 1.63 1.59 1.66 1.82 2.01 2.19 2.34 2.40 2.39 2.31 2.17 2.00 1.89 1.82 1.80 1.84 1.94 2.02
 ----------------------------------------------------------------------------------------------------------------------------
                                                                                               
 ----------------------------------------------------------------------------------------------------------------------------
 ----------------------------------------------------------------------------------------------------------------------------
                                                          SURVEY OF INDIA
                                                    MARINE GEODESY WING (G&RB)
                                                     HOURLY HEIGHTS IN METRES
  NAME OF PORT:- PORT BLAIR                                                                         MONTH MARCH     YEAR 2008
 ----------------------------------------------------------------------------------------------------------------------------
 DAYS 0000 0001 0002 0003 0004 0005 0006 0007 0008 0009 0010 0011 0012 0013 0014 0015 0016 0017 0018 0019 0020 0021 0022 0023
 ----------------------------------------------------------------------------------------------------------------------------
  1   2.10 2.12 2.10 2.03 1.93 1.82 1.73 1.70 1.71 1.77 1.87 2.00 2.11 2.21 2.25 2.24 2.21 2.16 2.08 2.01 1.94 1.91 1.89 1.89
  2   1.90 1.93 1.94 1.95 1.95 1.94 1.92 1.89 1.87 1.86 1.85 1.86 1.92 2.00 2.10 2.20 2.27 2.33 2.32 2.28 2.19 2.09 1.95 1.85
  3   1.79 1.76 1.79 1.87 1.96 2.05 2.12 2.14 2.09 1.99 1.90 1.81 1.78 1.78 1.87 2.02 2.20 2.37 2.50 2.53 2.45 2.29 2.09 1.87
  4   1.69 1.58 1.58 1.69 1.86 2.06 2.22 2.33 2.32 2.20 2.03 1.82 1.65 1.58 1.62 1.78 2.01 2.30 2.56 2.72 2.71 2.55 2.31 2.01
  5   1.69 1.48 1.39 1.44 1.64 1.92 2.20 2.42 2.50 2.42 2.22 1.96 1.68 1.48 1.40 1.50 1.74 2.07 2.40 2.68 2.84 2.76 2.51 2.14
  6   1.79 1.46 1.23 1.22 1.40 1.66 2.01 2.36 2.59 2.63 2.46 2.15 1.79 1.47 1.27 1.29 1.49 1.80 2.22 2.60 2.91 2.97 2.77 2.42
  7   1.98 1.58 1.23 1.06 1.16 1.43 1.86 2.26 2.64 2.85 2.75 2.48 2.12 1.70 1.35 1.18 1.28 1.56 1.92 2.38 2.80 3.06 2.99 2.69
  8   2.24 1.78 1.32 1.04 1.03 1.23 1.58 2.08 2.58 2.93 3.02 2.81 2.42 1.99 1.54 1.21 1.12 1.32 1.67 2.11 2.62 3.00 3.14 2.91
  9   2.50 2.04 1.54 1.14 0.95 1.10 1.42 1.84 2.34 2.82 3.10 3.03 2.68 2.24 1.76 1.32 1.08 1.16 1.42 1.83 2.34 2.79 3.08 3.01
 10   2.68 2.28 1.78 1.30 0.98 0.98 1.24 1.65 2.18 2.64 3.01 3.12 2.92 2.54 2.13 1.65 1.23 1.10 1.28 1.66 2.12 2.57 2.90 3.00
 11   2.80 2.46 2.02 1.54 1.20 1.03 1.17 1.52 1.92 2.42 2.84 3.10 3.06 2.79 2.41 1.93 1.51 1.25 1.27 1.49 1.86 2.28 2.63 2.84
 12   2.80 2.60 2.28 1.86 1.48 1.22 1.19 1.39 1.73 2.17 2.54 2.82 2.91 2.78 2.52 2.16 1.78 1.46 1.33 1.40 1.61 1.92 2.26 2.50
 13   2.59 2.52 2.33 2.04 1.72 1.46 1.33 1.36 1.56 1.86 2.26 2.56 2.74 2.72 2.58 2.36 2.06 1.75 1.54 1.48 1.57 1.75 1.99 2.22
 14   2.37 2.40 2.30 2.12 1.94 1.73 1.57 1.51 1.57 1.76 2.04 2.31 2.51 2.60 2.57 2.48 2.31 2.09 1.90 1.77 1.72 1.76 1.86 2.00
 15   2.14 2.21 2.21 2.17 2.09 1.99 1.85 1.77 1.73 1.77 1.85 2.02 2.18 2.33 2.41 2.45 2.45 2.37 2.23 2.09 1.95 1.87 1.81 1.82
 16   1.85 1.92 2.01 2.09 2.12 2.11 2.08 2.01 1.94 1.87 1.84 1.85 1.91 2.05 2.19 2.33 2.44 2.50 2.49 2.41 2.27 2.09 1.90 1.76
 17   1.69 1.70 1.79 1.93 2.10 2.22 2.29 2.28 2.22 2.08 1.93 1.82 1.77 1.81 1.94 2.14 2.36 2.57 2.70 2.69 2.59 2.37 2.09 1.80
 18   1.58 1.50 1.53 1.70 1.94 2.21 2.42 2.54 2.51 2.37 2.16 1.92 1.71 1.62 1.67 1.83 2.11 2.42 2.70 2.86 2.83 2.65 2.34 1.99
 19   1.62 1.41 1.32 1.44 1.69 2.04 2.38 2.63 2.72 2.62 2.39 2.10 1.80 1.54 1.44 1.51 1.76 2.12 2.52 2.83 2.98 2.90 2.64 2.27
 20   1.84 1.49 1.24 1.24 1.42 1.75 2.14 2.51 2.79 2.83 2.67 2.37 2.01 1.66 1.42 1.37 1.52 1.85 2.27 2.68 2.97 3.03 2.84 2.51
 21   2.05 1.63 1.29 1.15 1.27 1.57 1.95 2.40 2.74 2.96 2.87 2.61 2.23 1.79 1.42 1.26 1.31 1.59 1.96 2.37 2.76 2.98 2.91 2.63
 22   2.24 1.82 1.43 1.16 1.17 1.41 1.79 2.20 2.64 2.96 3.01 2.81 2.48 2.06 1.59 1.30 1.26 1.46 1.76 2.16 2.57 2.90 2.99 2.82
 23   2.46 2.04 1.60 1.24 1.14 1.28 1.61 2.07 2.53 2.92 3.06 2.95 2.66 2.24 1.77 1.39 1.24 1.33 1.60 2.00 2.44 2.79 2.93 2.85
 24   2.57 2.20 1.77 1.37 1.18 1.26 1.51 1.90 2.42 2.81 3.03 3.02 2.81 2.38 1.92 1.52 1.31 1.33 1.57 1.92 2.31 2.66 2.83 2.79
 25   2.59 2.26 1.86 1.48 1.24 1.28 1.48 1.86 2.30 2.70 2.95 3.02 2.85 2.54 2.11 1.70 1.42 1.33 1.46 1.73 2.04 2.40 2.64 2.73
 26   2.61 2.38 2.04 1.68 1.42 1.35 1.46 1.73 2.11 2.52 2.80 2.94 2.88 2.65 2.30 1.94 1.63 1.44 1.48 1.67 1.95 2.26 2.51 2.64
 27   2.59 2.44 2.18 1.86 1.58 1.41 1.46 1.62 1.90 2.26 2.57 2.76 2.79 2.66 2.43 2.12 1.82 1.60 1.57 1.64 1.83 2.10 2.33 2.49
 28   2.50 2.40 2.20 1.99 1.74 1.57 1.53 1.63 1.84 2.11 2.36 2.52 2.61 2.56 2.42 2.21 1.97 1.74 1.61 1.60 1.71 1.88 2.07 2.19
 29   2.25 2.22 2.12 1.97 1.81 1.66 1.58 1.62 1.71 1.90 2.11 2.30 2.42 2.47 2.40 2.28 2.11 1.94 1.80 1.73 1.74 1.81 1.93 2.02
 30   2.10 2.14 2.10 2.05 1.95 1.86 1.78 1.76 1.79 1.87 1.99 2.12 2.23 2.32 2.36 2.32 2.23 2.15 2.04 1.92 1.85 1.83 1.84 1.88
 31   1.90 1.95 1.99 2.02 2.02 2.00 1.94 1.90 1.88 1.86 1.88 1.92 1.98 2.07 2.18 2.25 2.29 2.28 2.24 2.15 2.05 1.93 1.80 1.72
 ----------------------------------------------------------------------------------------------------------------------------
                                                                                               
 ----------------------------------------------------------------------------------------------------------------------------
 ----------------------------------------------------------------------------------------------------------------------------
                                                          SURVEY OF INDIA
                                                    MARINE GEODESY WING (G&RB)
                                                     HOURLY HEIGHTS IN METRES
  NAME OF PORT:- PORT BLAIR                                                                         MONTH APRIL     YEAR 2008
 ----------------------------------------------------------------------------------------------------------------------------
 DAYS 0000 0001 0002 0003 0004 0005 0006 0007 0008 0009 0010 0011 0012 0013 0014 0015 0016 0017 0018 0019 0020 0021 0022 0023
 ----------------------------------------------------------------------------------------------------------------------------
  1   1.68 1.72 1.81 1.92 2.01 2.11 2.14 2.13 2.08 1.98 1.88 1.80 1.79 1.86 1.98 2.15 2.31 2.45 2.50 2.47 2.34 2.17 1.94 1.75
  2   1.59 1.57 1.65 1.82 2.04 2.26 2.41 2.45 2.38 2.24 2.10 1.90 1.75 1.70 1.80 2.00 2.26 2.53 2.72 2.77 2.66 2.44 2.14 1.82
  3   1.60 1.42 1.44 1.62 1.91 2.22 2.45 2.62 2.65 2.49 2.23 1.93 1.67 1.51 1.53 1.72 2.04 2.36 2.66 2.85 2.83 2.64 2.31 1.90
  4   1.53 1.31 1.25 1.39 1.69 2.08 2.45 2.74 2.86 2.76 2.49 2.14 1.75 1.46 1.35 1.46 1.74 2.13 2.54 2.88 3.00 2.89 2.58 2.14
  5   1.66 1.32 1.13 1.18 1.42 1.82 2.29 2.70 3.00 3.03 2.84 2.46 2.01 1.55 1.26 1.22 1.42 1.77 2.23 2.67 2.98 3.06 2.87 2.47
  6   1.95 1.50 1.14 1.02 1.19 1.53 2.00 2.48 2.94 3.22 3.17 2.83 2.36 1.84 1.38 1.12 1.17 1.44 1.83 2.31 2.72 3.04 3.01 2.73
  7   2.34 1.89 1.34 1.03 1.04 1.31 1.74 2.28 2.78 3.20 3.34 3.12 2.74 2.24 1.69 1.25 1.06 1.17 1.48 1.94 2.43 2.84 3.02 2.82
  8   2.46 2.04 1.58 1.17 0.97 1.06 1.41 1.90 2.43 2.92 3.26 3.19 2.88 2.47 1.99 1.51 1.16 1.07 1.28 1.67 2.16 2.59 2.90 2.88
  9   2.64 2.30 1.86 1.43 1.17 1.10 1.30 1.69 2.21 2.70 3.09 3.18 3.01 2.67 2.28 1.79 1.40 1.19 1.21 1.45 1.83 2.24 2.60 2.77
 10   2.70 2.43 2.16 1.79 1.45 1.25 1.29 1.52 1.91 2.35 2.77 3.04 3.09 2.90 2.58 2.21 1.80 1.44 1.32 1.41 1.67 1.99 2.33 2.58
 11   2.72 2.60 2.36 2.06 1.76 1.52 1.42 1.51 1.73 2.04 2.41 2.73 2.92 2.89 2.71 2.42 2.12 1.79 1.58 1.53 1.61 1.80 2.02 2.24
 12   2.40 2.45 2.38 2.22 2.02 1.82 1.70 1.68 1.75 1.92 2.18 2.40 2.61 2.73 2.72 2.55 2.36 2.12 1.90 1.76 1.69 1.72 1.84 2.00
 13   2.18 2.26 2.31 2.32 2.23 2.11 1.99 1.90 1.87 1.90 2.00 2.14 2.31 2.47 2.58 2.62 2.55 2.42 2.26 2.08 1.93 1.82 1.75 1.78
 14   1.88 2.00 2.15 2.25 2.34 2.34 2.29 2.20 2.08 1.98 1.93 1.94 2.02 2.15 2.31 2.48 2.58 2.61 2.54 2.40 2.21 2.00 1.80 1.67
 15   1.65 1.74 1.87 2.07 2.27 2.43 2.49 2.46 2.33 2.17 1.99 1.86 1.81 1.86 2.02 2.22 2.46 2.64 2.72 2.66 2.48 2.22 1.94 1.68
 16   1.55 1.52 1.65 1.88 2.16 2.43 2.62 2.67 2.58 2.38 2.12 1.88 1.72 1.66 1.75 1.95 2.23 2.52 2.76 2.83 2.72 2.48 2.15 1.82
 17   1.54 1.41 1.44 1.63 1.92 2.29 2.60 2.80 2.81 2.66 2.36 2.04 1.74 1.56 1.54 1.69 1.96 2.30 2.60 2.84 2.88 2.70 2.38 2.00
 18   1.64 1.41 1.34 1.47 1.74 2.11 2.52 2.82 2.95 2.88 2.64 2.30 1.91 1.62 1.47 1.52 1.74 2.07 2.44 2.73 2.88 2.82 2.58 2.22
 19   1.82 1.50 1.32 1.34 1.58 1.92 2.34 2.74 2.97 3.01 2.84 2.51 2.09 1.72 1.46 1.40 1.56 1.86 2.24 2.61 2.85 2.92 2.77 2.46
 20   2.06 1.67 1.39 1.30 1.44 1.75 2.15 2.58 2.94 3.14 3.03 2.75 2.35 1.93 1.55 1.34 1.40 1.64 1.99 2.40 2.73 2.90 2.84 2.59
 21   2.22 1.83 1.49 1.31 1.37 1.63 2.02 2.48 2.87 3.10 3.12 2.90 2.54 2.10 1.69 1.41 1.35 1.51 1.82 2.21 2.55 2.80 2.84 2.69
 22   2.36 2.02 1.65 1.40 1.34 1.54 1.87 2.30 2.72 3.02 3.14 3.00 2.68 2.28 1.87 1.54 1.40 1.48 1.74 2.08 2.43 2.72 2.80 2.73
 23   2.48 2.15 1.78 1.51 1.38 1.45 1.73 2.10 2.52 2.87 3.05 3.05 2.82 2.45 2.06 1.71 1.49 1.44 1.60 1.87 2.20 2.50 2.67 2.70
 24   2.54 2.28 1.96 1.66 1.48 1.46 1.63 1.95 2.34 2.69 2.94 3.02 2.88 2.60 2.28 1.91 1.62 1.46 1.52 1.72 2.02 2.32 2.54 2.62
 25   2.57 2.36 2.06 1.80 1.58 1.51 1.57 1.81 2.14 2.47 2.75 2.90 2.91 2.71 2.40 2.08 1.77 1.60 1.55 1.66 1.87 2.12 2.37 2.52
 26   2.52 2.44 2.23 1.98 1.75 1.63 1.62 1.76 2.00 2.29 2.55 2.75 2.83 2.76 2.54 2.27 2.00 1.79 1.69 1.70 1.82 2.00 2.20 2.34
 27   2.41 2.40 2.30 2.12 1.93 1.78 1.73 1.76 1.92 2.13 2.35 2.57 2.71 2.72 2.64 2.44 2.23 2.03 1.85 1.78 1.77 1.88 2.03 2.15
 28   2.24 2.28 2.27 2.23 2.13 2.01 1.92 1.88 1.90 2.02 2.17 2.34 2.47 2.56 2.59 2.54 2.40 2.23 2.05 1.90 1.81 1.80 1.85 1.94
 29   2.04 2.13 2.21 2.25 2.22 2.17 2.07 1.98 1.92 1.90 1.96 2.06 2.20 2.34 2.45 2.51 2.52 2.41 2.26 2.09 1.92 1.79 1.72 1.76
 30   1.82 1.95 2.09 2.23 2.34 2.36 2.33 2.23 2.10 1.96 1.91 1.90 1.98 2.11 2.29 2.46 2.57 2.63 2.54 2.39 2.16 1.93 1.77 1.67
 ----------------------------------------------------------------------------------------------------------------------------
                                                                                               
 ----------------------------------------------------------------------------------------------------------------------------
 ----------------------------------------------------------------------------------------------------------------------------
                                                          SURVEY OF INDIA
                                                    MARINE GEODESY WING (G&RB)
                                                     HOURLY HEIGHTS IN METRES
  NAME OF PORT:- PORT BLAIR                                                                         MONTH MAY       YEAR 2008
 ----------------------------------------------------------------------------------------------------------------------------
 DAYS 0000 0001 0002 0003 0004 0005 0006 0007 0008 0009 0010 0011 0012 0013 0014 0015 0016 0017 0018 0019 0020 0021 0022 0023
 ----------------------------------------------------------------------------------------------------------------------------
  1   1.64 1.76 1.95 2.19 2.40 2.56 2.62 2.54 2.40 2.20 1.98 1.85 1.80 1.87 2.05 2.26 2.47 2.66 2.74 2.62 2.40 2.14 1.86 1.64
  2   1.50 1.53 1.70 1.97 2.30 2.58 2.78 2.80 2.68 2.48 2.20 1.93 1.73 1.67 1.78 2.02 2.33 2.60 2.80 2.82 2.66 2.39 2.01 1.66
  3   1.42 1.31 1.41 1.66 1.99 2.38 2.72 2.95 2.94 2.70 2.36 1.98 1.62 1.44 1.45 1.64 1.94 2.30 2.65 2.90 2.90 2.69 2.34 1.90
  4   1.55 1.32 1.30 1.50 1.83 2.26 2.71 3.09 3.29 3.14 2.80 2.36 1.88 1.50 1.33 1.38 1.61 1.95 2.34 2.74 2.98 2.90 2.58 2.20
  5   1.76 1.44 1.20 1.25 1.48 1.85 2.34 2.84 3.24 3.32 3.06 2.74 2.28 1.84 1.44 1.23 1.30 1.56 1.96 2.40 2.79 2.98 2.82 2.48
  6   2.08 1.66 1.32 1.16 1.26 1.51 1.93 2.46 2.98 3.32 3.24 2.95 2.54 2.08 1.66 1.30 1.14 1.30 1.66 2.10 2.54 2.90 2.95 2.72
  7   2.37 1.98 1.55 1.28 1.18 1.35 1.70 2.16 2.72 3.15 3.32 3.18 2.83 2.40 1.90 1.48 1.23 1.25 1.50 1.86 2.32 2.68 2.95 2.89
  8   2.62 2.26 1.85 1.45 1.30 1.34 1.56 1.94 2.44 2.93 3.24 3.24 3.03 2.68 2.24 1.80 1.44 1.25 1.34 1.60 1.94 2.32 2.64 2.82
  9   2.70 2.46 2.16 1.80 1.50 1.36 1.44 1.70 2.09 2.52 2.90 3.14 3.09 2.88 2.56 2.16 1.81 1.52 1.42 1.52 1.74 2.02 2.30 2.60
 10   2.71 2.60 2.35 2.10 1.82 1.60 1.55 1.64 1.88 2.20 2.58 2.92 3.01 2.97 2.77 2.50 2.14 1.85 1.61 1.52 1.59 1.77 2.01 2.26
 11   2.51 2.64 2.56 2.38 2.15 1.91 1.74 1.64 1.75 1.93 2.23 2.53 2.80 2.88 2.85 2.66 2.42 2.12 1.89 1.71 1.60 1.67 1.80 2.00
 12   2.22 2.42 2.57 2.52 2.41 2.20 2.02 1.88 1.78 1.86 2.02 2.25 2.48 2.68 2.76 2.72 2.55 2.38 2.13 1.94 1.78 1.68 1.73 1.83
 13   1.99 2.18 2.36 2.48 2.48 2.41 2.27 2.13 2.03 1.96 1.96 2.03 2.19 2.38 2.54 2.66 2.65 2.57 2.39 2.17 2.01 1.83 1.71 1.71
 14   1.81 1.95 2.17 2.39 2.53 2.60 2.53 2.39 2.23 2.09 1.97 1.93 1.97 2.12 2.28 2.49 2.62 2.67 2.59 2.43 2.22 1.99 1.79 1.66
 15   1.66 1.77 1.99 2.25 2.51 2.69 2.77 2.69 2.51 2.29 2.05 1.89 1.81 1.85 2.01 2.21 2.45 2.63 2.71 2.63 2.45 2.21 1.93 1.71
 16   1.58 1.59 1.75 2.00 2.26 2.55 2.77 2.86 2.74 2.53 2.25 1.99 1.77 1.68 1.73 1.92 2.12 2.35 2.55 2.64 2.55 2.37 2.10 1.81
 17   1.59 1.48 1.56 1.75 2.10 2.39 2.67 2.88 2.88 2.73 2.40 2.11 1.83 1.61 1.57 1.71 1.93 2.23 2.49 2.65 2.67 2.53 2.27 1.95
 18   1.67 1.48 1.47 1.62 1.91 2.22 2.52 2.78 2.93 2.90 2.66 2.32 1.97 1.67 1.52 1.55 1.73 1.97 2.25 2.52 2.69 2.64 2.43 2.17
 19   1.86 1.59 1.44 1.52 1.75 2.07 2.43 2.77 3.01 3.03 2.87 2.53 2.13 1.74 1.50 1.43 1.55 1.79 2.10 2.39 2.64 2.72 2.61 2.33
 20   1.99 1.69 1.47 1.43 1.59 1.86 2.19 2.59 2.92 3.09 3.03 2.74 2.39 1.97 1.63 1.45 1.45 1.63 1.93 2.23 2.52 2.71 2.65 2.47
 21   2.19 1.85 1.57 1.42 1.49 1.73 2.09 2.49 2.87 3.08 3.11 2.91 2.59 2.21 1.79 1.49 1.41 1.53 1.81 2.15 2.45 2.66 2.71 2.59
 22   2.35 2.03 1.69 1.49 1.45 1.61 1.87 2.25 2.63 2.95 3.09 3.02 2.75 2.39 2.01 1.66 1.46 1.49 1.67 2.01 2.32 2.57 2.69 2.66
 23   2.46 2.20 1.91 1.65 1.51 1.55 1.77 2.08 2.43 2.77 2.97 3.03 2.91 2.63 2.23 1.85 1.57 1.46 1.53 1.75 2.03 2.33 2.55 2.62
 24   2.58 2.33 2.08 1.82 1.63 1.57 1.68 1.92 2.26 2.56 2.82 2.94 2.91 2.74 2.36 2.02 1.71 1.56 1.55 1.69 1.94 2.20 2.44 2.55
 25   2.56 2.42 2.20 1.96 1.72 1.61 1.63 1.81 2.08 2.42 2.69 2.88 2.90 2.79 2.56 2.24 1.93 1.68 1.58 1.63 1.78 2.02 2.26 2.42
 26   2.50 2.42 2.32 2.14 1.93 1.76 1.72 1.77 1.93 2.16 2.42 2.66 2.81 2.81 2.68 2.50 2.16 1.90 1.69 1.64 1.69 1.86 2.06 2.28
 27   2.41 2.46 2.42 2.30 2.14 1.96 1.85 1.82 1.87 2.03 2.26 2.46 2.66 2.74 2.72 2.60 2.38 2.12 1.90 1.74 1.71 1.75 1.90 2.10
 28   2.29 2.42 2.50 2.49 2.40 2.26 2.09 1.98 1.93 1.96 2.08 2.26 2.44 2.61 2.68 2.68 2.58 2.37 2.14 1.92 1.77 1.68 1.72 1.84
 29   2.04 2.22 2.40 2.52 2.54 2.48 2.36 2.19 2.04 1.94 1.92 2.00 2.16 2.34 2.52 2.62 2.65 2.56 2.38 2.14 1.88 1.69 1.62 1.63
 30   1.78 1.98 2.24 2.48 2.65 2.70 2.64 2.48 2.26 2.06 1.88 1.84 1.90 2.05 2.26 2.46 2.60 2.66 2.56 2.37 2.10 1.85 1.61 1.51
 31
 ----------------------------------------------------------------------------------------------------------------------------
                                                                                               DATUM CORRECTION     -0.0001 m
 ----------------------------------------------------------------------------------------------------------------------------
 ----------------------------------------------------------------------------------------------------------------------------
                                                          SURVEY OF INDIA
                                                    MARINE GEODESY WING (G&RB)
                                                     HOURLY HEIGHTS IN METRES
  NAME OF PORT:- PORT BLAIR                                                                         MONTH JUNE      YEAR 2008
 ----------------------------------------------------------------------------------------------------------------------------
 DAYS 0000 0001 0002 0003 0004 0005 0006 0007 0008 0009 0010 0011 0012 0013 0014 0015 0016 0017 0018 0019 0020 0021 0022 0023
 ----------------------------------------------------------------------------------------------------------------------------
  1
  2
  3
  4
  5   2.29 1.93 1.54 1.27 1.26 1.48 1.83 2.27 2.73 3.14 3.29 3.14 2.78 2.35 1.88 1.48 1.26 1.29 1.52 1.85 2.25 2.62 2.81 2.80
  6   2.60 2.28 1.87 1.51 1.31 1.34 1.60 1.99 2.45 2.90 3.20 3.27 3.07 2.69 2.24 1.80 1.45 1.28 1.37 1.59 1.94 2.31 2.62 2.74
  7   2.67 2.42 2.17 1.84 1.53 1.38 1.44 1.69 2.05 2.48 2.88 3.14 3.17 2.92 2.55 2.13 1.72 1.43 1.32 1.41 1.65 1.97 2.30 2.56
  8   2.65 2.56 2.35 2.08 1.76 1.54 1.49 1.60 1.82 2.17 2.56 2.86 3.02 2.98 2.72 2.38 2.00 1.66 1.45 1.40 1.53 1.76 2.05 2.34
  9   2.55 2.60 2.49 2.30 2.07 1.81 1.66 1.64 1.77 1.99 2.30 2.60 2.84 2.93 2.83 2.57 2.24 1.96 1.69 1.53 1.52 1.67 1.92 2.17
 10   2.41 2.56 2.57 2.47 2.28 2.05 1.86 1.74 1.72 1.88 2.09 2.35 2.59 2.74 2.77 2.67 2.44 2.17 1.88 1.67 1.55 1.57 1.71 1.91
 11   2.16 2.36 2.48 2.51 2.42 2.28 2.10 1.93 1.84 1.84 1.94 2.11 2.31 2.51 2.63 2.64 2.55 2.35 2.12 1.86 1.69 1.61 1.62 1.75
 12   1.95 2.15 2.37 2.50 2.53 2.47 2.32 2.18 2.00 1.89 1.86 1.91 2.04 2.20 2.37 2.48 2.47 2.36 2.21 2.03 1.83 1.68 1.62 1.64
 13   1.77 1.97 2.20 2.40 2.53 2.57 2.49 2.35 2.16 1.97 1.82 1.75 1.76 1.87 2.06 2.25 2.39 2.45 2.39 2.27 2.07 1.89 1.70 1.62
 14   1.63 1.73 1.93 2.17 2.40 2.57 2.63 2.55 2.40 2.17 1.97 1.76 1.68 1.71 1.83 2.01 2.21 2.38 2.44 2.39 2.24 2.05 1.82 1.63
 15   1.56 1.60 1.75 2.00 2.28 2.54 2.72 2.77 2.65 2.44 2.23 1.97 1.76 1.62 1.66 1.80 2.01 2.24 2.41 2.45 2.39 2.20 1.97 1.75
 16   1.55 1.50 1.57 1.75 2.03 2.33 2.60 2.77 2.75 2.59 2.34 2.07 1.80 1.58 1.51 1.61 1.80 2.07 2.32 2.49 2.51 2.39 2.16 1.89
 17   1.66 1.50 1.49 1.61 1.87 2.19 2.51 2.79 2.90 2.81 2.59 2.29 1.94 1.64 1.45 1.46 1.61 1.86 2.16 2.42 2.55 2.50 2.31 2.07
 18   1.79 1.54 1.41 1.44 1.64 1.93 2.29 2.64 2.87 2.91 2.74 2.43 2.06 1.73 1.48 1.39 1.49 1.73 2.03 2.32 2.53 2.57 2.43 2.20
 19   1.93 1.64 1.43 1.37 1.49 1.76 2.13 2.53 2.83 2.97 2.91 2.69 2.34 1.95 1.61 1.39 1.37 1.53 1.80 2.13 2.40 2.55 2.54 2.37
 20   2.11 1.81 1.53 1.38 1.41 1.61 1.95 2.35 2.71 2.97 3.02 2.87 2.55 2.17 1.80 1.49 1.36 1.43 1.67 1.97 2.29 2.55 2.66 2.57
 21   2.36 2.06 1.73 1.47 1.38 1.49 1.75 2.13 2.53 2.87 3.03 2.98 2.75 2.41 2.05 1.69 1.40 1.34 1.50 1.79 2.12 2.42 2.61 2.63
 22   2.50 2.26 1.94 1.64 1.45 1.42 1.62 1.91 2.31 2.71 2.98 3.04 2.87 2.59 2.21 1.84 1.53 1.38 1.45 1.66 1.96 2.28 2.53 2.65
 23   2.62 2.43 2.17 1.84 1.59 1.46 1.55 1.75 2.09 2.47 2.81 2.99 2.95 2.75 2.46 2.09 1.74 1.46 1.40 1.51 1.74 2.04 2.35 2.55
 24   2.66 2.55 2.34 2.06 1.78 1.59 1.55 1.67 1.90 2.21 2.55 2.82 2.93 2.86 2.63 2.31 1.97 1.66 1.46 1.47 1.62 1.87 2.17 2.45
 25   2.62 2.65 2.53 2.30 2.03 1.78 1.63 1.64 1.78 2.00 2.31 2.59 2.79 2.83 2.70 2.44 2.11 1.79 1.55 1.44 1.50 1.68 1.93 2.18
 26   2.41 2.59 2.61 2.47 2.28 2.02 1.81 1.70 1.71 1.86 2.07 2.32 2.53 2.68 2.67 2.51 2.27 2.00 1.72 1.53 1.46 1.56 1.73 1.98
 27   2.26 2.47 2.59 2.59 2.46 2.27 2.07 1.89 1.78 1.77 1.85 2.07 2.27 2.45 2.57 2.56 2.42 2.23 1.98 1.72 1.56 1.50 1.57 1.73
 28   1.97 2.24 2.48 2.62 2.64 2.53 2.34 2.13 1.92 1.77 1.74 1.79 1.96 2.16 2.36 2.46 2.45 2.36 2.19 1.96 1.73 1.59 1.53 1.59
 29   1.73 1.96 2.23 2.49 2.66 2.70 2.61 2.42 2.20 1.96 1.79 1.72 1.74 1.85 2.05 2.25 2.40 2.46 2.40 2.23 2.02 1.78 1.59 1.49
 30   1.52 1.67 1.93 2.24 2.56 2.77 2.84 2.75 2.54 2.28 1.99 1.72 1.64 1.58 1.69 1.91 2.16 2.39 2.51 2.48 2.31 2.09 1.80 1.58
 ----------------------------------------------------------------------------------------------------------------------------
                                                                                               DATUM CORRECTION     -0.0021 m
 ----------------------------------------------------------------------------------------------------------------------------
 ----------------------------------------------------------------------------------------------------------------------------
                                                          SURVEY OF INDIA
                                                    MARINE GEODESY WING (G&RB)
                                                     HOURLY HEIGHTS IN METRES
  NAME OF PORT:- PORT BLAIR                                                                         MONTH JULY      YEAR 2008
 ----------------------------------------------------------------------------------------------------------------------------
 DAYS 0000 0001 0002 0003 0004 0005 0006 0007 0008 0009 0010 0011 0012 0013 0014 0015 0016 0017 0018 0019 0020 0021 0022 0023
 ----------------------------------------------------------------------------------------------------------------------------
  1   1.44 1.43 1.60 1.84 2.21 2.58 2.84 2.95 2.88 2.67 2.36 2.02 1.67 1.46 1.40 1.53 1.77 2.08 2.38 2.56 2.57 2.40 2.16 1.87
  2   1.58 1.36 1.31 1.48 1.78 2.20 2.60 2.92 3.04 2.97 2.70 2.40 1.98 1.60 1.31 1.24 1.40 1.70 2.08 2.42 2.64 2.65 2.49 2.21
  3   1.84 1.52 1.29 1.27 1.45 1.80 2.24 2.65 3.00 3.13 3.02 2.70 2.30 1.86 1.46 1.20 1.18 1.38 1.72 2.14 2.51 2.73 2.72 2.51
  4   2.18 1.84 1.48 1.24 1.24 1.46 1.86 2.33 2.77 3.10 3.22 3.04 2.71 2.24 1.78 1.38 1.13 1.14 1.43 1.82 2.24 2.57 2.76 2.72
  5   2.48 2.14 1.78 1.44 1.24 1.30 1.58 2.00 2.50 2.90 3.16 3.20 2.99 2.58 2.14 1.66 1.30 1.16 1.26 1.56 1.99 2.38 2.68 2.78
  6   2.69 2.44 2.09 1.76 1.47 1.35 1.49 1.78 2.20 2.63 3.00 3.18 3.10 2.83 2.47 1.96 1.54 1.26 1.20 1.36 1.70 2.09 2.47 2.72
  7   2.78 2.62 2.34 2.00 1.67 1.46 1.44 1.61 1.94 2.34 2.72 3.00 3.10 2.94 2.62 2.21 1.80 1.47 1.30 1.35 1.56 1.90 2.27 2.57
  8   2.71 2.69 2.49 2.20 1.90 1.63 1.53 1.58 1.78 2.06 2.41 2.71 2.89 2.86 2.67 2.34 1.99 1.65 1.42 1.35 1.46 1.71 2.05 2.35
  9   2.56 2.66 2.60 2.41 2.14 1.87 1.68 1.64 1.71 1.93 2.19 2.49 2.66 2.73 2.63 2.44 2.14 1.83 1.61 1.48 1.49 1.64 1.87 2.16
 10   2.39 2.54 2.59 2.48 2.29 2.07 1.88 1.75 1.72 1.80 1.98 2.21 2.40 2.51 2.52 2.40 2.22 1.98 1.77 1.61 1.56 1.61 1.78 2.00
 11   2.20 2.39 2.51 2.53 2.44 2.27 2.10 1.93 1.82 1.80 1.87 2.00 2.15 2.28 2.36 2.34 2.28 2.13 1.96 1.80 1.72 1.67 1.72 1.85
 12   2.01 2.20 2.35 2.44 2.46 2.40 2.27 2.12 1.98 1.90 1.86 1.90 1.99 2.10 2.20 2.26 2.27 2.21 2.12 1.98 1.84 1.74 1.69 1.71
 13   1.80 1.97 2.16 2.34 2.46 2.50 2.48 2.36 2.20 2.05 1.92 1.84 1.82 1.88 1.99 2.10 2.20 2.24 2.24 2.14 2.01 1.87 1.74 1.68
 14   1.68 1.79 1.94 2.14 2.34 2.50 2.58 2.54 2.42 2.24 2.04 1.85 1.74 1.71 1.77 1.89 2.05 2.20 2.29 2.29 2.18 2.02 1.85 1.69
 15   1.60 1.61 1.73 1.94 2.19 2.42 2.62 2.69 2.63 2.47 2.22 1.94 1.74 1.60 1.59 1.69 1.86 2.08 2.28 2.38 2.37 2.24 2.05 1.83
 16   1.63 1.53 1.55 1.71 1.96 2.26 2.56 2.75 2.80 2.70 2.47 2.14 1.90 1.64 1.51 1.52 1.67 1.91 2.18 2.41 2.54 2.50 2.34 2.11
 17   1.81 1.61 1.50 1.55 1.74 2.04 2.40 2.72 2.92 2.95 2.86 2.56 2.14 1.79 1.54 1.44 1.52 1.74 2.04 2.33 2.56 2.62 2.52 2.31
 18   2.01 1.71 1.49 1.40 1.54 1.80 2.17 2.57 2.92 3.01 3.00 2.79 2.45 2.01 1.67 1.42 1.36 1.50 1.80 2.15 2.45 2.66 2.67 2.51
 19   2.25 1.90 1.57 1.41 1.42 1.62 1.94 2.38 2.79 3.06 3.11 2.92 2.59 2.17 1.76 1.45 1.32 1.42 1.69 2.02 2.38 2.65 2.74 2.63
 20   2.40 2.06 1.70 1.44 1.34 1.46 1.74 2.17 2.57 2.92 3.05 2.98 2.69 2.28 1.84 1.47 1.23 1.25 1.48 1.83 2.25 2.58 2.76 2.73
 21   2.52 2.20 1.82 1.49 1.33 1.36 1.60 1.98 2.42 2.77 3.03 3.06 2.84 2.49 2.04 1.59 1.29 1.19 1.33 1.59 1.99 2.39 2.66 2.76
 22   2.66 2.41 2.06 1.72 1.42 1.34 1.44 1.71 2.11 2.52 2.86 3.01 2.92 2.62 2.22 1.79 1.41 1.23 1.25 1.45 1.79 2.20 2.54 2.73
 23   2.74 2.54 2.29 1.95 1.63 1.44 1.44 1.57 1.89 2.30 2.68 2.91 2.88 2.68 2.32 1.93 1.56 1.29 1.22 1.36 1.66 2.07 2.41 2.69
 24   2.70 2.62 2.37 2.08 1.76 1.53 1.43 1.51 1.73 2.06 2.41 2.67 2.76 2.65 2.41 2.07 1.70 1.40 1.28 1.32 1.49 1.83 2.17 2.48
 25   2.66 2.66 2.54 2.30 2.03 1.74 1.59 1.56 1.66 1.90 2.20 2.46 2.62 2.62 2.45 2.21 1.91 1.65 1.45 1.40 1.48 1.71 1.98 2.30
 26   2.53 2.63 2.61 2.48 2.27 2.04 1.82 1.72 1.69 1.80 2.00 2.25 2.42 2.53 2.51 2.37 2.17 1.92 1.71 1.58 1.53 1.60 1.78 2.06
 27   2.31 2.51 2.62 2.62 2.50 2.33 2.14 1.94 1.79 1.73 1.79 1.94 2.10 2.26 2.36 2.39 2.33 2.20 2.02 1.84 1.72 1.64 1.66 1.76
 28   1.96 2.17 2.38 2.54 2.60 2.58 2.43 2.26 2.06 1.89 1.76 1.71 1.77 1.92 2.07 2.20 2.29 2.30 2.22 2.09 1.90 1.74 1.62 1.61
 29   1.67 1.83 2.04 2.32 2.54 2.68 2.69 2.60 2.40 2.18 1.94 1.75 1.64 1.63 1.78 1.97 2.19 2.36 2.42 2.38 2.22 2.03 1.80 1.62
 30   1.54 1.59 1.75 2.05 2.39 2.68 2.85 2.92 2.80 2.56 2.26 1.92 1.64 1.49 1.52 1.68 1.96 2.23 2.50 2.61 2.58 2.41 2.16 1.85
 31   1.63 1.49 1.53 1.72 2.05 2.46 2.84 3.06 3.11 2.98 2.57 2.16 1.74 1.43 1.31 1.46 1.72 2.09 2.45 2.69 2.76 2.63 2.39 2.05
 ----------------------------------------------------------------------------------------------------------------------------
                                                                                               DATUM CORRECTION     -0.0008 m
 ----------------------------------------------------------------------------------------------------------------------------
 ----------------------------------------------------------------------------------------------------------------------------
                                                          SURVEY OF INDIA
                                                    MARINE GEODESY WING (G&RB)
                                                     HOURLY HEIGHTS IN METRES
  NAME OF PORT:- PORT BLAIR                                                                         MONTH AUGUST    YEAR 2008
 ----------------------------------------------------------------------------------------------------------------------------
 DAYS 0000 0001 0002 0003 0004 0005 0006 0007 0008 0009 0010 0011 0012 0013 0014 0015 0016 0017 0018 0019 0020 0021 0022 0023
 ----------------------------------------------------------------------------------------------------------------------------
  1   1.71 1.44 1.34 1.44 1.74 2.16 2.64 3.04 3.22 3.15 2.87 2.47 1.98 1.51 1.14 1.10 1.39 1.74 2.15 2.54 2.79 2.83 2.66 2.35
  2   1.96 1.60 1.34 1.30 1.48 1.83 2.29 2.73 3.10 3.25 3.05 2.69 2.22 1.66 1.25 1.10 1.21 1.52 1.96 2.39 2.73 2.88 2.82 2.55
  3   2.19 1.78 1.44 1.24 1.32 1.59 2.04 2.53 2.96 3.19 3.18 2.92 2.57 2.09 1.60 1.22 1.12 1.30 1.67 2.11 2.55 2.84 2.91 2.78
  4   2.51 2.16 1.79 1.46 1.30 1.44 1.78 2.26 2.70 2.96 3.06 3.04 2.76 2.28 1.90 1.50 1.19 1.08 1.28 1.64 2.08 2.50 2.76 2.83
  5   2.71 2.47 2.14 1.76 1.46 1.34 1.46 1.72 2.15 2.56 2.87 3.00 2.91 2.65 2.27 1.84 1.52 1.25 1.24 1.45 1.82 2.18 2.56 2.80
  6   2.86 2.74 2.51 2.24 1.94 1.67 1.47 1.52 1.75 2.08 2.46 2.74 2.82 2.73 2.51 2.20 1.85 1.56 1.36 1.35 1.56 1.88 2.25 2.57
  7   2.72 2.71 2.57 2.31 2.01 1.74 1.55 1.53 1.69 1.96 2.26 2.51 2.63 2.62 2.47 2.22 1.91 1.65 1.46 1.44 1.56 1.80 2.10 2.42
  8   2.62 2.67 2.60 2.40 2.14 1.90 1.72 1.64 1.67 1.84 2.06 2.28 2.42 2.47 2.38 2.21 1.96 1.74 1.58 1.51 1.55 1.72 1.96 2.22
  9   2.38 2.48 2.48 2.38 2.20 2.00 1.83 1.75 1.76 1.82 1.96 2.12 2.28 2.34 2.33 2.23 2.09 1.91 1.78 1.70 1.68 1.75 1.90 2.08
 10   2.26 2.39 2.46 2.45 2.38 2.28 2.14 2.01 1.93 1.91 1.96 2.02 2.10 2.18 2.22 2.20 2.15 2.07 1.97 1.89 1.84 1.85 1.89 1.96
 11   2.05 2.18 2.28 2.34 2.36 2.35 2.29 2.20 2.11 2.03 1.96 1.94 1.93 1.96 2.02 2.07 2.11 2.12 2.11 2.07 2.01 1.93 1.87 1.84
 12   1.87 1.95 2.05 2.19 2.31 2.42 2.47 2.44 2.36 2.23 2.08 1.92 1.83 1.79 1.82 1.90 2.02 2.14 2.22 2.25 2.21 2.11 1.96 1.82
 13   1.75 1.76 1.82 1.97 2.18 2.36 2.53 2.61 2.57 2.43 2.24 2.03 1.80 1.64 1.60 1.66 1.81 2.00 2.18 2.30 2.32 2.22 2.07 1.85
 14   1.68 1.57 1.57 1.70 1.91 2.17 2.43 2.64 2.72 2.64 2.46 2.20 1.89 1.63 1.47 1.48 1.63 1.87 2.12 2.36 2.48 2.45 2.29 2.07
 15   1.82 1.59 1.47 1.52 1.72 2.02 2.34 2.65 2.83 2.82 2.65 2.39 2.05 1.71 1.44 1.35 1.44 1.71 2.03 2.34 2.57 2.63 2.51 2.27
 16   1.98 1.66 1.44 1.38 1.52 1.80 2.20 2.54 2.90 2.99 2.89 2.60 2.26 1.88 1.54 1.33 1.36 1.58 1.93 2.28 2.62 2.81 2.74 2.52
 17   2.22 1.86 1.53 1.36 1.40 1.62 2.00 2.44 2.81 3.08 3.05 2.85 2.46 2.02 1.61 1.30 1.22 1.38 1.70 2.13 2.52 2.80 2.85 2.68
 18   2.38 2.09 1.64 1.37 1.27 1.41 1.70 2.15 2.64 3.02 3.16 3.04 2.71 2.27 1.79 1.37 1.16 1.20 1.47 1.90 2.37 2.76 2.95 2.91
 19   2.67 2.36 1.94 1.56 1.31 1.32 1.53 1.92 2.42 2.86 3.14 3.15 2.91 2.50 2.03 1.55 1.24 1.17 1.35 1.72 2.18 2.64 2.99 3.09
 20   2.94 2.61 2.19 1.75 1.40 1.25 1.36 1.67 2.11 2.60 2.95 3.10 2.99 2.66 2.24 1.74 1.34 1.15 1.23 1.52 1.94 2.42 2.83 3.04
 21   3.08 2.84 2.49 2.07 1.67 1.40 1.35 1.54 1.83 2.30 2.69 2.96 3.05 2.83 2.46 2.02 1.58 1.31 1.23 1.40 1.72 2.13 2.52 2.84
 22   3.03 2.93 2.68 2.28 1.88 1.58 1.40 1.44 1.66 2.04 2.42 2.70 2.85 2.77 2.50 2.17 1.78 1.46 1.28 1.34 1.58 1.92 2.30 2.62
 23   2.87 2.92 2.76 2.51 2.20 1.88 1.62 1.52 1.63 1.86 2.13 2.41 2.64 2.68 2.56 2.32 2.05 1.76 1.55 1.48 1.58 1.78 2.06 2.40
 24   2.64 2.79 2.74 2.60 2.36 2.10 1.86 1.71 1.67 1.76 1.93 2.13 2.33 2.46 2.44 2.32 2.15 1.93 1.76 1.63 1.62 1.69 1.84 2.04
 25   2.28 2.47 2.58 2.57 2.47 2.31 2.15 2.00 1.87 1.80 1.80 1.88 2.01 2.14 2.22 2.23 2.20 2.09 1.97 1.84 1.74 1.70 1.71 1.79
 26   1.90 2.11 2.30 2.43 2.50 2.49 2.40 2.26 2.09 1.94 1.82 1.74 1.75 1.82 1.96 2.08 2.19 2.23 2.22 2.14 2.02 1.89 1.78 1.72
 27   1.74 1.81 1.98 2.18 2.38 2.56 2.68 2.64 2.51 2.32 2.08 1.84 1.67 1.60 1.66 1.80 2.03 2.26 2.42 2.48 2.41 2.24 2.02 1.80
 28   1.65 1.59 1.67 1.86 2.16 2.46 2.72 2.88 2.86 2.68 2.39 2.07 1.74 1.50 1.42 1.53 1.74 2.05 2.35 2.61 2.70 2.60 2.37 2.05
 29   1.76 1.53 1.48 1.58 1.84 2.20 2.60 2.92 3.06 2.98 2.73 2.36 1.92 1.54 1.30 1.27 1.47 1.80 2.20 2.57 2.81 2.82 2.62 2.34
 30   2.00 1.63 1.37 1.32 1.52 1.81 2.24 2.71 3.05 3.17 3.00 2.70 2.26 1.79 1.36 1.15 1.21 1.47 1.88 2.29 2.68 2.94 2.90 2.69
 31   2.28 1.89 1.49 1.24 1.28 1.53 1.95 2.46 2.91 3.17 3.16 2.87 2.45 1.92 1.44 1.12 1.05 1.22 1.62 2.08 2.55 2.90 3.02 2.83
 ----------------------------------------------------------------------------------------------------------------------------
                                                                                               
 ----------------------------------------------------------------------------------------------------------------------------
 ----------------------------------------------------------------------------------------------------------------------------
                                                          SURVEY OF INDIA
                                                    MARINE GEODESY WING (G&RB)
                                                     HOURLY HEIGHTS IN METRES
  NAME OF PORT:- PORT BLAIR                                                                         MONTH SEPT      YEAR 2008
 ----------------------------------------------------------------------------------------------------------------------------
 DAYS 0000 0001 0002 0003 0004 0005 0006 0007 0008 0009 0010 0011 0012 0013 0014 0015 0016 0017 0018 0019 0020 0021 0022 0023
 ----------------------------------------------------------------------------------------------------------------------------
  1   2.50 2.14 1.70 1.36 1.22 1.34 1.66 2.12 2.62 3.02 3.18 3.06 2.73 2.30 1.81 1.39 1.13 1.17 1.47 1.90 2.38 2.80 3.06 3.02
  2   2.76 2.42 1.97 1.55 1.28 1.27 1.49 1.90 2.40 2.84 3.10 3.06 2.82 2.44 1.99 1.53 1.21 1.14 1.35 1.73 2.22 2.68 3.01 3.06
  3   2.89 2.58 2.18 1.76 1.42 1.26 1.39 1.68 2.12 2.57 2.88 2.99 2.86 2.52 2.12 1.72 1.38 1.22 1.31 1.60 2.02 2.46 2.79 2.98
  4   2.90 2.64 2.28 1.88 1.54 1.34 1.37 1.58 1.90 2.32 2.66 2.84 2.80 2.56 2.22 1.82 1.48 1.32 1.32 1.52 1.84 2.24 2.64 2.84
  5   2.84 2.70 2.40 2.06 1.72 1.52 1.45 1.58 1.81 2.13 2.45 2.64 2.68 2.54 2.26 1.92 1.60 1.42 1.40 1.52 1.73 2.02 2.36 2.62
  6   2.76 2.70 2.48 2.22 1.92 1.66 1.57 1.60 1.77 2.00 2.22 2.42 2.54 2.50 2.32 2.09 1.84 1.62 1.52 1.60 1.76 1.98 2.22 2.44
  7   2.58 2.57 2.46 2.30 2.08 1.86 1.72 1.69 1.79 1.92 2.08 2.25 2.36 2.35 2.24 2.08 1.92 1.74 1.64 1.62 1.72 1.87 2.05 2.22
  8   2.34 2.42 2.40 2.31 2.17 2.04 1.91 1.86 1.85 1.93 2.03 2.12 2.18 2.20 2.18 2.09 1.98 1.89 1.81 1.76 1.78 1.84 1.95 2.05
  9   2.15 2.23 2.30 2.32 2.28 2.22 2.15 2.08 2.02 1.98 1.97 1.96 1.96 1.98 2.00 2.01 2.02 2.01 1.99 1.97 1.93 1.91 1.91 1.92
 10   1.96 2.02 2.11 2.22 2.30 2.36 2.36 2.32 2.22 2.10 2.00 1.88 1.83 1.80 1.84 1.93 2.04 2.15 2.21 2.22 2.18 2.08 1.97 1.88
 11   1.82 1.84 1.92 2.06 2.23 2.41 2.52 2.56 2.49 2.32 2.14 1.92 1.73 1.65 1.66 1.78 1.96 2.15 2.32 2.39 2.37 2.24 2.04 1.85
 12   1.70 1.62 1.67 1.82 2.09 2.36 2.58 2.70 2.68 2.52 2.28 1.99 1.71 1.50 1.43 1.52 1.75 2.05 2.28 2.50 2.56 2.45 2.22 1.93
 13   1.70 1.52 1.47 1.60 1.86 2.20 2.54 2.78 2.86 2.74 2.52 2.18 1.81 1.49 1.31 1.34 1.53 1.87 2.23 2.56 2.75 2.72 2.52 2.21
 14   1.87 1.58 1.36 1.36 1.58 1.91 2.33 2.72 2.97 2.96 2.76 2.44 2.02 1.59 1.28 1.21 1.38 1.69 2.12 2.53 2.85 2.94 2.78 2.50
 15   2.12 1.76 1.43 1.26 1.37 1.67 2.11 2.58 2.94 3.06 2.98 2.65 2.24 1.76 1.38 1.18 1.24 1.53 1.93 2.40 2.81 3.03 2.95 2.64
 16   2.28 1.84 1.42 1.19 1.22 1.50 1.94 2.42 2.84 3.09 3.06 2.79 2.38 1.90 1.42 1.10 1.06 1.29 1.70 2.22 2.69 3.01 3.07 2.88
 17   2.50 2.09 1.65 1.30 1.18 1.31 1.62 2.07 2.52 2.88 3.03 2.86 2.47 2.05 1.56 1.20 1.04 1.16 1.49 1.92 2.44 2.91 3.15 3.06
 18   2.78 2.38 1.91 1.47 1.19 1.17 1.40 1.75 2.21 2.62 2.92 2.92 2.66 2.32 1.93 1.52 1.25 1.18 1.33 1.66 2.08 2.53 2.90 3.05
 19   2.93 2.66 2.28 1.89 1.51 1.31 1.33 1.56 1.88 2.32 2.64 2.82 2.74 2.49 2.17 1.81 1.48 1.30 1.32 1.50 1.83 2.24 2.62 2.89
 20   2.95 2.80 2.54 2.18 1.87 1.55 1.36 1.49 1.72 2.01 2.42 2.66 2.71 2.56 2.32 2.02 1.68 1.44 1.36 1.45 1.67 2.01 2.41 2.72
 21   2.88 2.81 2.66 2.41 2.10 1.85 1.60 1.54 1.65 1.88 2.13 2.35 2.52 2.54 2.38 2.17 1.91 1.70 1.57 1.58 1.70 1.89 2.16 2.43
 22   2.64 2.74 2.68 2.51 2.29 2.05 1.80 1.67 1.68 1.79 1.96 2.15 2.29 2.38 2.35 2.22 2.07 1.92 1.81 1.74 1.76 1.86 2.03 2.22
 23   2.41 2.55 2.58 2.54 2.44 2.28 2.12 1.96 1.86 1.82 1.86 1.94 2.04 2.13 2.21 2.24 2.22 2.16 2.08 1.98 1.90 1.87 1.86 1.94
 24   2.04 2.20 2.35 2.45 2.50 2.50 2.40 2.26 2.08 1.91 1.77 1.72 1.72 1.81 1.94 2.08 2.22 2.32 2.32 2.24 2.12 1.96 1.83 1.77
 25   1.77 1.85 2.02 2.23 2.45 2.60 2.64 2.56 2.39 2.14 1.86 1.62 1.49 1.49 1.62 1.82 2.09 2.34 2.49 2.52 2.40 2.20 1.96 1.73
 26   1.59 1.58 1.68 1.92 2.20 2.52 2.76 2.84 2.74 2.53 2.23 1.89 1.58 1.38 1.42 1.62 1.92 2.28 2.54 2.72 2.73 2.56 2.30 1.98
 27   1.70 1.51 1.51 1.68 1.94 2.36 2.74 2.96 2.96 2.76 2.48 2.02 1.62 1.34 1.27 1.40 1.70 2.10 2.47 2.80 2.95 2.84 2.58 2.23
 28   1.86 1.54 1.38 1.45 1.70 2.08 2.56 2.90 3.06 2.97 2.72 2.34 1.88 1.44 1.20 1.20 1.43 1.80 2.26 2.69 2.99 3.03 2.82 2.48
 29   2.11 1.74 1.41 1.26 1.39 1.73 2.22 2.66 2.98 3.05 2.89 2.51 2.05 1.61 1.26 1.14 1.28 1.59 1.97 2.41 2.80 3.07 3.04 2.74
 30   2.36 1.98 1.61 1.31 1.25 1.49 1.93 2.41 2.82 3.03 2.97 2.73 2.29 1.85 1.44 1.22 1.21 1.46 1.82 2.28 2.71 3.04 3.14 2.94
 ----------------------------------------------------------------------------------------------------------------------------
                                                                                               DATUM CORRECTION      0.0005 m
 ----------------------------------------------------------------------------------------------------------------------------
 ----------------------------------------------------------------------------------------------------------------------------
                                                          SURVEY OF INDIA
                                                    MARINE GEODESY WING (G&RB)
                                                     HOURLY HEIGHTS IN METRES
  NAME OF PORT:- PORT BLAIR                                                                         MONTH OCTOBER   YEAR 2008
 ----------------------------------------------------------------------------------------------------------------------------
 DAYS 0000 0001 0002 0003 0004 0005 0006 0007 0008 0009 0010 0011 0012 0013 0014 0015 0016 0017 0018 0019 0020 0021 0022 0023
 ----------------------------------------------------------------------------------------------------------------------------
  1   2.52 2.10 1.68 1.34 1.22 1.38 1.70 2.14 2.58 2.92 3.00 2.82 2.48 2.08 1.64 1.30 1.20 1.36 1.72 2.14 2.62 2.98 3.14 3.00
  2   2.72 2.30 1.84 1.48 1.26 1.28 1.54 1.90 2.32 2.68 2.88 2.81 2.59 2.20 1.78 1.44 1.26 1.30 1.55 1.91 2.39 2.75 3.01 3.00
  3   2.78 2.44 2.01 1.66 1.40 1.32 1.46 1.73 2.10 2.46 2.70 2.74 2.57 2.30 1.92 1.60 1.39 1.37 1.54 1.84 2.22 2.59 2.85 2.94
  4   2.84 2.58 2.20 1.83 1.58 1.44 1.48 1.68 1.98 2.28 2.54 2.64 2.58 2.37 2.06 1.76 1.55 1.50 1.56 1.72 2.01 2.33 2.65 2.80
  5   2.80 2.66 2.42 2.13 1.86 1.64 1.58 1.68 1.88 2.12 2.36 2.48 2.48 2.37 2.14 1.91 1.70 1.60 1.64 1.75 1.97 2.23 2.48 2.68
  6   2.72 2.64 2.46 2.20 1.93 1.80 1.71 1.74 1.84 2.02 2.20 2.34 2.38 2.34 2.20 2.04 1.87 1.76 1.74 1.80 1.94 2.09 2.27 2.46
  7   2.52 2.54 2.46 2.30 2.14 2.00 1.90 1.86 1.86 1.92 2.02 2.14 2.25 2.32 2.34 2.27 2.15 2.00 1.86 1.80 1.80 1.88 2.00 2.16
  8   2.36 2.46 2.53 2.51 2.39 2.24 2.07 1.95 1.86 1.80 1.82 1.89 2.03 2.16 2.26 2.35 2.34 2.26 2.12 1.96 1.86 1.80 1.82 1.90
  9   2.05 2.26 2.40 2.52 2.56 2.48 2.33 2.14 1.97 1.86 1.75 1.72 1.76 1.87 2.04 2.20 2.35 2.40 2.36 2.24 2.07 1.92 1.81 1.76
 10   1.82 1.94 2.15 2.34 2.51 2.61 2.57 2.43 2.21 2.02 1.86 1.70 1.62 1.64 1.76 1.96 2.16 2.36 2.46 2.46 2.36 2.18 1.98 1.81
 11   1.70 1.72 1.84 2.04 2.28 2.50 2.66 2.66 2.52 2.28 1.98 1.70 1.50 1.46 1.56 1.80 2.10 2.40 2.62 2.70 2.60 2.40 2.10 1.81
 12   1.58 1.50 1.56 1.78 2.08 2.44 2.70 2.80 2.74 2.50 2.16 1.78 1.48 1.34 1.38 1.60 1.94 2.34 2.67 2.87 2.86 2.66 2.31 1.92
 13   1.58 1.38 1.34 1.52 1.84 2.24 2.64 2.90 2.94 2.76 2.44 2.00 1.58 1.30 1.22 1.34 1.70 2.12 2.58 2.96 3.10 3.00 2.68 2.24
 14   1.78 1.46 1.28 1.30 1.56 1.98 2.42 2.80 3.00 2.94 2.66 2.24 1.74 1.36 1.14 1.20 1.48 1.88 2.38 2.86 3.18 3.20 2.96 2.54
 15   2.04 1.60 1.28 1.16 1.30 1.66 2.16 2.62 2.98 3.06 2.88 2.48 1.98 1.54 1.20 1.08 1.26 1.62 2.14 2.68 3.12 3.30 3.20 2.84
 16   2.38 1.90 1.44 1.12 1.10 1.36 1.76 2.26 2.70 2.96 2.98 2.70 2.30 1.82 1.40 1.10 1.10 1.32 1.76 2.30 2.80 3.20 3.32 3.08
 17   2.70 2.26 1.74 1.34 1.10 1.16 1.44 1.86 2.30 2.70 2.92 2.84 2.52 2.12 1.66 1.32 1.14 1.22 1.50 1.94 2.44 2.90 3.18 3.18
 18   2.90 2.56 2.08 1.60 1.28 1.20 1.34 1.64 2.08 2.48 2.76 2.82 2.66 2.34 1.96 1.60 1.30 1.24 1.38 1.70 2.16 2.56 2.92 3.10
 19   2.98 2.70 2.34 1.90 1.52 1.28 1.30 1.48 1.78 2.16 2.48 2.64 2.64 2.46 2.18 1.84 1.58 1.40 1.40 1.58 1.88 2.24 2.60 2.86
 20   2.94 2.78 2.54 2.26 1.92 1.64 1.48 1.50 1.66 1.90 2.18 2.40 2.52 2.48 2.30 2.10 1.88 1.72 1.60 1.64 1.78 2.02 2.30 2.58
 21   2.73 2.78 2.68 2.50 2.26 2.00 1.80 1.68 1.66 1.74 1.92 2.10 2.26 2.34 2.34 2.26 2.12 1.98 1.88 1.80 1.80 1.88 2.04 2.26
 22   2.44 2.58 2.64 2.60 2.46 2.30 2.10 1.92 1.78 1.68 1.70 1.80 1.94 2.08 2.20 2.28 2.28 2.20 2.10 2.00 1.90 1.82 1.82 1.88
 23   2.03 2.20 2.36 2.48 2.52 2.46 2.34 2.16 1.94 1.76 1.60 1.56 1.60 1.76 1.94 2.14 2.28 2.36 2.36 2.26 2.08 1.90 1.76 1.68
 24   1.67 1.80 2.00 2.22 2.42 2.56 2.56 2.44 2.22 1.94 1.68 1.50 1.44 1.52 1.72 1.98 2.24 2.46 2.58 2.56 2.40 2.18 1.94 1.72
 25   1.60 1.62 1.78 2.02 2.30 2.56 2.70 2.66 2.50 2.24 1.94 1.62 1.40 1.36 1.48 1.74 2.10 2.44 2.70 2.78 2.70 2.46 2.16 1.82
 26   1.55 1.42 1.46 1.64 1.94 2.30 2.60 2.76 2.72 2.50 2.16 1.80 1.48 1.28 1.30 1.50 1.86 2.26 2.64 2.88 2.90 2.70 2.38 2.00
 27   1.63 1.42 1.34 1.46 1.72 2.10 2.50 2.78 2.86 2.70 2.40 2.02 1.62 1.34 1.22 1.32 1.64 2.06 2.46 2.84 3.00 2.90 2.64 2.24
 28   1.84 1.52 1.30 1.30 1.50 1.84 2.28 2.62 2.82 2.80 2.58 2.22 1.82 1.50 1.28 1.32 1.52 1.90 2.38 2.80 3.06 3.08 2.92 2.56
 29   2.19 1.77 1.42 1.30 1.40 1.68 2.05 2.48 2.79 2.90 2.76 2.46 2.10 1.70 1.40 1.27 1.41 1.70 2.14 2.60 2.97 3.10 3.01 2.71
 30   2.34 1.96 1.57 1.30 1.28 1.46 1.79 2.18 2.54 2.76 2.74 2.54 2.21 1.84 1.54 1.33 1.32 1.54 1.84 2.29 2.71 3.00 3.06 2.84
 31   2.54 2.18 1.78 1.43 1.26 1.36 1.61 1.99 2.36 2.64 2.71 2.58 2.33 1.99 1.66 1.41 1.30 1.44 1.74 2.14 2.55 2.86 2.97 2.87
 ----------------------------------------------------------------------------------------------------------------------------
                                                                                               DATUM CORRECTION     -0.0007 m
 ----------------------------------------------------------------------------------------------------------------------------
 ----------------------------------------------------------------------------------------------------------------------------
                                                          SURVEY OF INDIA
                                                    MARINE GEODESY WING (G&RB)
                                                     HOURLY HEIGHTS IN METRES
  NAME OF PORT:- PORT BLAIR                                                                         MONTH NOVEMBER  YEAR 2008
 ----------------------------------------------------------------------------------------------------------------------------
 DAYS 0000 0001 0002 0003 0004 0005 0006 0007 0008 0009 0010 0011 0012 0013 0014 0015 0016 0017 0018 0019 0020 0021 0022 0023
 ----------------------------------------------------------------------------------------------------------------------------
  1   2.61 2.30 1.90 1.55 1.34 1.36 1.54 1.84 2.21 2.49 2.66 2.60 2.40 2.10 1.80 1.50 1.37 1.42 1.62 1.93 2.30 2.65 2.87 2.87
  2   2.70 2.43 2.07 1.72 1.47 1.38 1.48 1.70 2.00 2.29 2.50 2.55 2.44 2.20 1.90 1.65 1.46 1.42 1.56 1.80 2.12 2.44 2.71 2.81
  3   2.74 2.54 2.22 1.88 1.60 1.45 1.47 1.62 1.88 2.15 2.38 2.49 2.47 2.30 2.07 1.80 1.60 1.51 1.56 1.75 2.01 2.31 2.57 2.71
  4   2.72 2.60 2.35 2.07 1.80 1.61 1.55 1.62 1.78 1.99 2.21 2.34 2.40 2.32 2.16 1.96 1.76 1.63 1.62 1.70 1.87 2.10 2.34 2.54
  5   2.62 2.59 2.44 2.23 1.99 1.78 1.66 1.62 1.70 1.83 2.00 2.16 2.24 2.26 2.20 2.08 1.95 1.84 1.78 1.80 1.88 2.02 2.20 2.36
  6   2.48 2.54 2.50 2.37 2.20 2.00 1.84 1.72 1.70 1.73 1.84 1.96 2.09 2.19 2.24 2.22 2.15 2.05 1.95 1.88 1.86 1.89 1.97 2.10
  7   2.24 2.35 2.41 2.42 2.33 2.21 2.06 1.90 1.78 1.71 1.70 1.78 1.90 2.05 2.20 2.27 2.31 2.28 2.19 2.07 1.97 1.88 1.84 1.89
  8   1.97 2.12 2.27 2.39 2.44 2.41 2.30 2.12 1.92 1.75 1.62 1.61 1.68 1.84 2.04 2.25 2.42 2.51 2.49 2.38 2.20 2.01 1.85 1.76
  9   1.76 1.86 2.03 2.22 2.42 2.52 2.50 2.38 2.16 1.92 1.68 1.52 1.50 1.60 1.82 2.11 2.40 2.62 2.72 2.67 2.49 2.22 1.95 1.71
 10   1.58 1.61 1.77 2.02 2.30 2.54 2.66 2.62 2.44 2.16 1.85 1.57 1.38 1.39 1.58 1.89 2.27 2.62 2.87 2.94 2.82 2.56 2.22 1.89
 11   1.60 1.47 1.51 1.72 2.05 2.40 2.68 2.79 2.71 2.48 2.16 1.79 1.50 1.33 1.38 1.62 2.01 2.43 2.85 3.10 3.13 2.92 2.56 2.16
 12   1.76 1.42 1.31 1.42 1.70 2.10 2.49 2.76 2.86 2.70 2.38 1.98 1.58 1.28 1.18 1.33 1.68 2.17 2.66 3.07 3.24 3.16 2.86 2.43
 13   1.96 1.54 1.24 1.26 1.39 1.76 2.21 2.59 2.83 2.86 2.64 2.31 1.88 1.50 1.20 1.18 1.40 1.84 2.38 2.86 3.23 3.33 3.15 2.80
 14   2.38 1.88 1.42 1.12 1.16 1.42 1.84 2.30 2.70 2.90 2.84 2.59 2.20 1.76 1.38 1.19 1.24 1.52 1.96 2.46 2.94 3.25 3.28 3.06
 15   2.64 2.20 1.72 1.30 1.12 1.21 1.53 1.96 2.40 2.72 2.87 2.77 2.47 2.10 1.68 1.34 1.19 1.28 1.67 2.14 2.64 3.08 3.27 3.22
 16   2.92 2.52 2.02 1.56 1.26 1.18 1.33 1.65 2.06 2.46 2.72 2.80 2.64 2.35 1.97 1.64 1.36 1.30 1.50 1.80 2.24 2.70 3.07 3.16
 17   3.06 2.78 2.39 1.94 1.59 1.32 1.28 1.44 1.76 2.15 2.52 2.72 2.73 2.56 2.28 1.94 1.68 1.52 1.52 1.69 1.93 2.26 2.63 2.95
 18   3.09 2.96 2.72 2.40 2.05 1.72 1.46 1.42 1.60 1.90 2.21 2.49 2.61 2.58 2.43 2.17 1.91 1.72 1.62 1.64 1.81 2.08 2.39 2.68
 19   2.84 2.88 2.76 2.53 2.24 1.94 1.67 1.52 1.54 1.68 1.92 2.19 2.40 2.49 2.48 2.38 2.21 2.00 1.84 1.76 1.78 1.91 2.12 2.36
 20   2.57 2.68 2.70 2.62 2.43 2.18 1.94 1.72 1.60 1.60 1.71 1.89 2.11 2.29 2.40 2.44 2.38 2.28 2.14 2.00 1.90 1.88 1.96 2.11
 21   2.27 2.44 2.57 2.60 2.55 2.44 2.24 2.01 1.79 1.67 1.64 1.72 1.89 2.10 2.30 2.45 2.51 2.50 2.40 2.26 2.09 1.95 1.88 1.90
 22   2.00 2.16 2.33 2.48 2.56 2.54 2.44 2.27 2.05 1.82 1.67 1.63 1.69 1.86 2.10 2.35 2.54 2.65 2.66 2.54 2.36 2.13 1.92 1.80
 23   1.79 1.88 2.04 2.25 2.44 2.57 2.58 2.48 2.28 2.04 1.82 1.64 1.61 1.68 1.88 2.13 2.43 2.66 2.80 2.77 2.61 2.36 2.11 1.85
 24   1.67 1.65 1.75 1.96 2.20 2.44 2.61 2.63 2.50 2.30 2.02 1.75 1.57 1.55 1.68 1.92 2.22 2.55 2.81 2.91 2.82 2.61 2.34 1.97
 25   1.69 1.53 1.56 1.72 1.98 2.28 2.53 2.67 2.63 2.45 2.18 1.91 1.64 1.48 1.53 1.75 2.02 2.38 2.73 2.98 3.01 2.84 2.57 2.27
 26   1.89 1.61 1.48 1.57 1.77 2.05 2.34 2.60 2.68 2.57 2.32 2.04 1.76 1.52 1.43 1.55 1.83 2.15 2.54 2.87 3.04 2.97 2.71 2.40
 27   2.02 1.66 1.42 1.42 1.58 1.87 2.20 2.51 2.68 2.68 2.48 2.21 1.89 1.58 1.41 1.43 1.64 1.94 2.32 2.71 3.00 3.07 2.89 2.60
 28   2.20 1.81 1.50 1.36 1.44 1.67 1.97 2.32 2.61 2.71 2.59 2.34 2.04 1.72 1.47 1.39 1.51 1.76 2.12 2.52 2.86 3.07 2.98 2.73
 29   2.32 1.92 1.54 1.34 1.34 1.53 1.80 2.12 2.43 2.61 2.64 2.48 2.23 1.93 1.62 1.40 1.41 1.60 1.90 2.28 2.66 2.95 3.01 2.86
 30   2.58 2.22 1.82 1.48 1.34 1.41 1.60 1.91 2.24 2.52 2.63 2.54 2.35 2.08 1.76 1.50 1.40 1.51 1.74 2.08 2.45 2.79 2.99 2.94
 ----------------------------------------------------------------------------------------------------------------------------
                                                                                               DATUM CORRECTION      0.0003 m
 ----------------------------------------------------------------------------------------------------------------------------
 ----------------------------------------------------------------------------------------------------------------------------
                                                          SURVEY OF INDIA
                                                    MARINE GEODESY WING (G&RB)
                                                     HOURLY HEIGHTS IN METRES
  NAME OF PORT:- PORT BLAIR                                                                         MONTH DECEMBER  YEAR 2008
 ----------------------------------------------------------------------------------------------------------------------------
 DAYS 0000 0001 0002 0003 0004 0005 0006 0007 0008 0009 0010 0011 0012 0013 0014 0015 0016 0017 0018 0019 0020 0021 0022 0023
 ----------------------------------------------------------------------------------------------------------------------------
  1   2.71 2.43 2.04 1.68 1.42 1.39 1.53 1.76 2.07 2.38 2.58 2.61 2.46 2.23 1.94 1.67 1.50 1.51 1.67 1.93 2.27 2.62 2.90 2.97
  2   2.83 2.58 2.26 1.90 1.58 1.41 1.45 1.64 1.92 2.22 2.46 2.57 2.52 2.33 2.07 1.81 1.61 1.53 1.61 1.84 2.14 2.49 2.77 2.94
  3   2.90 2.71 2.44 2.10 1.76 1.55 1.51 1.62 1.84 2.10 2.34 2.50 2.52 2.41 2.24 2.02 1.81 1.66 1.65 1.78 2.00 2.26 2.52 2.74
  4   2.79 2.69 2.48 2.21 1.92 1.68 1.55 1.56 1.70 1.92 2.14 2.35 2.46 2.45 2.34 2.16 1.96 1.83 1.77 1.78 1.92 2.13 2.37 2.59
  5   2.72 2.71 2.59 2.40 2.17 1.92 1.71 1.63 1.67 1.81 2.01 2.22 2.38 2.47 2.46 2.36 2.21 2.08 1.93 1.85 1.87 1.99 2.15 2.34
  6   2.51 2.61 2.60 2.51 2.35 2.13 1.90 1.74 1.66 1.69 1.79 1.98 2.19 2.36 2.44 2.47 2.42 2.30 2.16 2.00 1.91 1.88 1.94 2.06
  7   2.22 2.38 2.47 2.49 2.44 2.30 2.10 1.88 1.72 1.63 1.64 1.74 1.94 2.15 2.36 2.51 2.59 2.56 2.48 2.28 2.10 1.94 1.89 1.91
  8   2.00 2.15 2.31 2.45 2.50 2.46 2.32 2.14 1.92 1.74 1.62 1.62 1.74 1.94 2.21 2.46 2.65 2.75 2.71 2.56 2.34 2.11 1.90 1.77
  9   1.76 1.85 2.02 2.24 2.41 2.51 2.48 2.35 2.14 1.89 1.66 1.53 1.53 1.67 1.92 2.24 2.56 2.79 2.89 2.84 2.66 2.38 2.08 1.80
 10   1.64 1.61 1.72 1.95 2.22 2.46 2.59 2.60 2.44 2.20 1.90 1.62 1.45 1.46 1.63 1.90 2.24 2.59 2.88 3.05 3.00 2.76 2.41 2.03
 11   1.67 1.47 1.45 1.62 1.90 2.22 2.52 2.68 2.66 2.50 2.20 1.85 1.54 1.35 1.38 1.59 1.94 2.38 2.80 3.10 3.18 3.03 2.77 2.39
 12   1.96 1.58 1.32 1.32 1.52 1.87 2.25 2.59 2.75 2.71 2.50 2.20 1.86 1.52 1.28 1.31 1.56 1.96 2.46 2.89 3.17 3.20 3.01 2.70
 13   2.23 1.78 1.36 1.18 1.24 1.50 1.90 2.32 2.66 2.79 2.70 2.46 2.12 1.76 1.41 1.21 1.32 1.61 2.06 2.58 3.02 3.25 3.24 2.99
 14   2.62 2.14 1.66 1.29 1.12 1.23 1.56 1.99 2.41 2.73 2.82 2.69 2.42 2.06 1.66 1.34 1.24 1.38 1.72 2.20 2.70 3.10 3.29 3.20
 15   2.94 2.50 1.98 1.50 1.20 1.16 1.35 1.69 2.11 2.52 2.78 2.82 2.64 2.38 2.03 1.68 1.42 1.33 1.53 1.88 2.34 2.79 3.07 3.23
 16   3.11 2.82 2.38 1.90 1.48 1.25 1.25 1.45 1.80 2.19 2.56 2.73 2.71 2.52 2.26 1.90 1.59 1.44 1.49 1.71 2.00 2.39 2.72 3.00
 17   3.09 2.90 2.57 2.15 1.73 1.39 1.25 1.32 1.56 1.90 2.27 2.57 2.69 2.64 2.48 2.24 1.91 1.67 1.58 1.64 1.83 2.07 2.37 2.67
 18   2.90 2.92 2.72 2.42 2.06 1.72 1.47 1.40 1.50 1.72 2.01 2.30 2.54 2.63 2.56 2.41 2.18 1.92 1.74 1.70 1.78 1.98 2.21 2.50
 19   2.69 2.75 2.69 2.50 2.23 1.94 1.67 1.53 1.52 1.64 1.85 2.11 2.33 2.50 2.55 2.52 2.41 2.23 2.05 1.89 1.83 1.87 2.01 2.20
 20   2.38 2.52 2.56 2.51 2.38 2.18 1.98 1.79 1.65 1.63 1.71 1.88 2.10 2.32 2.45 2.52 2.50 2.40 2.26 2.11 1.98 1.91 1.92 2.00
 21   2.12 2.24 2.36 2.42 2.39 2.30 2.15 1.98 1.82 1.69 1.67 1.75 1.90 2.10 2.30 2.45 2.54 2.55 2.48 2.35 2.18 2.02 1.91 1.87
 22   1.89 2.00 2.11 2.22 2.29 2.30 2.23 2.12 1.97 1.82 1.72 1.68 1.75 1.89 2.09 2.32 2.50 2.61 2.62 2.53 2.38 2.18 2.00 1.83
 23   1.75 1.77 1.87 2.02 2.18 2.30 2.35 2.30 2.18 2.02 1.86 1.72 1.67 1.74 1.90 2.11 2.38 2.60 2.73 2.74 2.62 2.44 2.20 1.96
 24   1.76 1.66 1.69 1.82 2.02 2.22 2.37 2.43 2.39 2.23 2.07 1.87 1.70 1.62 1.69 1.88 2.10 2.38 2.61 2.77 2.78 2.62 2.41 2.17
 25   1.89 1.67 1.56 1.63 1.81 1.98 2.20 2.39 2.47 2.41 2.24 2.04 1.81 1.62 1.54 1.64 1.82 2.08 2.39 2.67 2.83 2.80 2.62 2.35
 26   2.05 1.76 1.55 1.51 1.67 1.90 2.18 2.40 2.54 2.50 2.34 2.10 1.82 1.59 1.47 1.53 1.73 1.96 2.22 2.52 2.79 2.91 2.78 2.50
 27   2.17 1.82 1.53 1.39 1.47 1.66 1.88 2.14 2.39 2.54 2.47 2.27 2.00 1.73 1.50 1.41 1.54 1.77 2.02 2.36 2.70 2.95 2.93 2.70
 28   2.39 2.01 1.65 1.40 1.38 1.55 1.77 2.05 2.34 2.58 2.61 2.46 2.23 1.93 1.65 1.44 1.45 1.64 1.95 2.27 2.58 2.88 3.01 2.82
 29   2.58 2.24 1.84 1.50 1.29 1.35 1.56 1.86 2.16 2.44 2.62 2.55 2.32 2.00 1.69 1.45 1.37 1.49 1.68 1.98 2.36 2.70 2.94 2.94
 30   2.72 2.40 1.98 1.57 1.33 1.30 1.50 1.81 2.18 2.48 2.66 2.62 2.45 2.16 1.85 1.57 1.37 1.39 1.56 1.83 2.20 2.57 2.85 2.99
 31   2.82 2.54 2.18 1.82 1.48 1.28 1.37 1.57 1.86 2.16 2.44 2.63 2.59 2.40 2.14 1.80 1.53 1.42 1.52 1.71 2.06 2.38 2.68 2.91
 ----------------------------------------------------------------------------------------------------------------------------
                                                                                               DATUM CORRECTION      0.0035 m
 ----------------------------------------------------------------------------------------------------------------------------
 ----------------------------------------------------------------------------------------------------------------------------
