                                                          SURVEY OF INDIA
                                                    MARINE GEODESY WING (G&RB)
                                                     HOURLY HEIGHTS IN METRES
  NAME OF PORT:- PORT BLAIR                                                                         MONTH JANUARY   YEAR 2017
 ----------------------------------------------------------------------------------------------------------------------------
 DAYS 0000 0001 0002 0003 0004 0005 0006 0007 0008 0009 0010 0011 0012 0013 0014 0015 0016 0017 0018 0019 0020 0021 0022 0023
 ----------------------------------------------------------------------------------------------------------------------------
  1   1.62 1.20 0.74 0.32 0.07 0.02 0.17 0.50 0.92 1.30 1.55 1.60 1.48 1.16 0.78 0.42 0.19 0.14 0.29 0.60 0.97 1.41 1.79 1.94
  2   1.80 1.46 1.03 0.60 0.27 0.10 0.11 0.36 0.72 1.14 1.46 1.62 1.60 1.36 1.00 0.61 0.32 0.16 0.20 0.44 0.82 1.24 1.61 1.83
  3   1.85 1.63 1.25 0.83 0.43 0.17 0.08 0.19 0.50 0.86 1.21 1.47 1.55 1.50 1.28 0.92 0.58 0.35 0.26 0.34 0.62 0.98 1.35 1.62
  4   1.74 1.71 1.45 1.07 0.69 0.37 0.17 0.15 0.32 0.62 0.98 1.27 1.46 1.50 1.42 1.15 0.83 0.56 0.37 0.34 0.46 0.71 1.03 1.33
  5   1.54 1.60 1.54 1.28 0.94 0.64 0.38 0.25 0.28 0.46 0.74 1.05 1.33 1.50 1.54 1.46 1.23 0.97 0.75 0.58 0.54 0.64 0.85 1.10
  6   1.33 1.51 1.58 1.50 1.28 0.98 0.71 0.50 0.39 0.41 0.56 0.82 1.09 1.33 1.48 1.53 1.46 1.27 1.04 0.80 0.64 0.58 0.62 0.76
  7   0.97 1.19 1.36 1.42 1.36 1.20 0.95 0.70 0.49 0.36 0.36 0.49 0.72 0.99 1.25 1.42 1.50 1.47 1.32 1.10 0.87 0.67 0.57 0.56
  8   0.66 0.85 1.06 1.23 1.34 1.34 1.23 1.02 0.78 0.56 0.40 0.37 0.46 0.67 0.94 1.23 1.47 1.60 1.60 1.46 1.20 0.90 0.65 0.48
  9   0.42 0.49 0.67 0.91 1.16 1.34 1.40 1.31 1.10 0.83 0.55 0.32 0.26 0.32 0.54 0.87 1.22 1.54 1.72 1.76 1.62 1.32 0.96 0.62
 10   0.36 0.26 0.33 0.54 0.85 1.17 1.40 1.50 1.42 1.20 0.87 0.52 0.27 0.17 0.22 0.49 0.88 1.30 1.65 1.88 1.90 1.71 1.35 0.90
 11   0.48 0.19 0.08 0.16 0.44 0.84 1.20 1.48 1.58 1.49 1.23 0.85 0.45 0.16 0.05 0.14 0.48 0.93 1.40 1.80 2.02 2.00 1.74 1.28
 12   0.76 0.33 0.04-0.06 0.11 0.46 0.88 1.27 1.57 1.68 1.56 1.24 0.78 0.39 0.11 0.04 0.20 0.54 1.00 1.48 1.90 2.11 2.02 1.64
 13   1.10 0.60 0.15-0.09-0.09 0.15 0.59 1.05 1.46 1.68 1.70 1.50 1.09 0.60 0.21-0.04-0.04 0.20 0.67 1.20 1.68 1.99 2.06 1.86
 14   1.41 0.90 0.40 0.00-0.16-0.09 0.22 0.70 1.15 1.52 1.68 1.60 1.34 0.90 0.47 0.13-0.04 0.05 0.37 0.86 1.35 1.78 2.02 2.01
 15   1.71 1.25 0.71 0.26-0.04-0.13 0.04 0.40 0.83 1.23 1.52 1.61 1.48 1.18 0.74 0.35 0.08 0.01 0.20 0.55 1.01 1.43 1.76 1.88
 16   1.78 1.47 1.00 0.52 0.17-0.04-0.04 0.18 0.57 0.98 1.34 1.55 1.55 1.37 1.05 0.64 0.31 0.13 0.16 0.38 0.74 1.14 1.50 1.72
 17   1.76 1.60 1.26 0.84 0.42 0.17 0.07 0.15 0.41 0.77 1.11 1.38 1.52 1.46 1.23 0.93 0.58 0.34 0.26 0.35 0.59 0.93 1.28 1.54
 18   1.62 1.56 1.36 1.01 0.65 0.35 0.17 0.17 0.32 0.59 0.91 1.20 1.39 1.42 1.31 1.08 0.82 0.58 0.44 0.42 0.52 0.76 1.04 1.28
 19   1.44 1.45 1.32 1.10 0.84 0.56 0.36 0.30 0.35 0.52 0.77 1.02 1.24 1.34 1.32 1.18 0.98 0.77 0.60 0.52 0.54 0.64 0.83 1.04
 20   1.20 1.26 1.24 1.12 0.93 0.73 0.55 0.42 0.39 0.47 0.63 0.81 1.01 1.16 1.22 1.19 1.08 0.93 0.79 0.69 0.64 0.66 0.74 0.86
 21   0.99 1.10 1.14 1.12 1.02 0.88 0.73 0.60 0.53 0.53 0.59 0.69 0.84 1.00 1.14 1.22 1.23 1.18 1.08 0.96 0.86 0.80 0.77 0.78
 22   0.84 0.93 1.01 1.06 1.06 1.01 0.92 0.81 0.71 0.64 0.61 0.63 0.70 0.82 0.97 1.12 1.23 1.28 1.27 1.18 1.06 0.93 0.80 0.70
 23   0.67 0.70 0.78 0.88 0.99 1.06 1.06 1.00 0.90 0.78 0.65 0.56 0.54 0.60 0.75 0.95 1.16 1.32 1.39 1.37 1.26 1.09 0.89 0.68
 24   0.54 0.48 0.52 0.67 0.85 1.02 1.12 1.14 1.08 0.93 0.74 0.56 0.45 0.43 0.52 0.71 0.96 1.22 1.40 1.49 1.45 1.26 1.02 0.74
 25   0.50 0.36 0.34 0.46 0.66 0.90 1.11 1.23 1.22 1.10 0.89 0.65 0.45 0.32 0.33 0.48 0.75 1.08 1.40 1.59 1.64 1.51 1.25 0.92
 26   0.61 0.35 0.22 0.27 0.47 0.75 1.05 1.28 1.37 1.32 1.11 0.83 0.53 0.30 0.21 0.26 0.49 0.84 1.25 1.57 1.74 1.71 1.48 1.14
 27   0.76 0.41 0.16 0.10 0.23 0.51 0.88 1.21 1.44 1.48 1.35 1.05 0.70 0.37 0.15 0.12 0.25 0.58 1.01 1.44 1.75 1.86 1.72 1.40
 28   0.96 0.54 0.19 0.00 0.01 0.23 0.62 1.03 1.36 1.55 1.52 1.27 0.91 0.50 0.17 0.01 0.05 0.27 0.66 1.12 1.53 1.84 1.88 1.64
 29   1.24 0.77 0.33 0.02-0.08 0.02 0.32 0.74 1.16 1.49 1.62 1.50 1.19 0.76 0.34 0.05-0.02 0.10 0.40 0.83 1.30 1.70 1.93 1.84
 30   1.50 1.02 0.53 0.13-0.12-0.13 0.09 0.47 0.92 1.33 1.61 1.66 1.45 1.08 0.62 0.26 0.04 0.02 0.22 0.58 1.04 1.49 1.82 1.92
 31   1.70 1.32 0.84 0.36 0.00-0.14-0.04 0.24 0.65 1.08 1.45 1.68 1.63 1.35 0.95 0.54 0.21 0.06 0.12 0.39 0.79 1.25 1.62 1.85
 ----------------------------------------------------------------------------------------------------------------------------
                                                                                               
 ----------------------------------------------------------------------------------------------------------------------------
 ----------------------------------------------------------------------------------------------------------------------------
                                                          SURVEY OF INDIA
                                                    MARINE GEODESY WING (G&RB)
                                                     HOURLY HEIGHTS IN METRES
  NAME OF PORT:- PORT BLAIR                                                                         MONTH FEBRUARY  YEAR 2017
 ----------------------------------------------------------------------------------------------------------------------------
 DAYS 0000 0001 0002 0003 0004 0005 0006 0007 0008 0009 0010 0011 0012 0013 0014 0015 0016 0017 0018 0019 0020 0021 0022 0023
 ----------------------------------------------------------------------------------------------------------------------------
  1   1.80 1.53 1.11 0.61 0.19-0.06-0.08 0.10 0.42 0.85 1.24 1.54 1.66 1.52 1.18 0.81 0.42 0.17 0.12 0.23 0.54 0.93 1.34 1.64
  2   1.76 1.63 1.34 0.90 0.45 0.12-0.02 0.04 0.26 0.64 1.03 1.34 1.54 1.57 1.38 1.08 0.70 0.36 0.20 0.20 0.40 0.70 1.08 1.38
  3   1.56 1.56 1.39 1.10 0.68 0.34 0.10 0.06 0.16 0.42 0.76 1.10 1.38 1.52 1.46 1.26 0.99 0.70 0.46 0.34 0.36 0.54 0.79 1.07
  4   1.30 1.43 1.40 1.25 0.95 0.64 0.37 0.22 0.20 0.32 0.54 0.80 1.08 1.31 1.44 1.42 1.28 1.03 0.78 0.59 0.49 0.49 0.60 0.77
  5   0.96 1.13 1.24 1.24 1.15 0.96 0.74 0.54 0.39 0.34 0.37 0.52 0.73 0.96 1.17 1.31 1.36 1.32 1.16 0.94 0.75 0.59 0.51 0.52
  6   0.62 0.77 0.94 1.08 1.15 1.13 1.01 0.84 0.65 0.48 0.38 0.36 0.44 0.60 0.83 1.06 1.26 1.38 1.39 1.27 1.07 0.83 0.60 0.45
  7   0.38 0.42 0.56 0.76 0.95 1.11 1.16 1.11 0.96 0.75 0.52 0.35 0.28 0.33 0.49 0.72 1.01 1.28 1.48 1.54 1.44 1.19 0.89 0.57
  8   0.34 0.21 0.23 0.40 0.63 0.88 1.11 1.25 1.25 1.07 0.80 0.48 0.25 0.16 0.23 0.42 0.73 1.08 1.41 1.63 1.68 1.49 1.15 0.75
  9   0.40 0.13 0.05 0.14 0.40 0.75 1.08 1.32 1.43 1.33 1.08 0.75 0.40 0.14 0.04 0.12 0.38 0.77 1.20 1.58 1.80 1.78 1.53 1.11
 10   0.64 0.22-0.04-0.10 0.05 0.38 0.78 1.17 1.46 1.56 1.40 1.09 0.70 0.29 0.01-0.06 0.10 0.45 0.93 1.40 1.74 1.88 1.78 1.44
 11   0.94 0.44 0.03-0.20-0.18 0.06 0.47 0.94 1.34 1.58 1.57 1.33 0.95 0.49 0.09-0.11-0.08 0.17 0.58 1.10 1.56 1.89 1.94 1.74
 12   1.27 0.75 0.23-0.12-0.24-0.11 0.22 0.69 1.12 1.49 1.68 1.57 1.25 0.79 0.34 0.00-0.12 0.00 0.32 0.81 1.31 1.73 1.93 1.87
 13   1.54 1.04 0.52 0.07-0.20-0.20 0.03 0.41 0.84 1.27 1.61 1.68 1.50 1.09 0.62 0.20-0.05-0.07 0.11 0.47 0.95 1.40 1.74 1.84
 14   1.68 1.30 0.80 0.28-0.05-0.20-0.09 0.21 0.65 1.09 1.47 1.66 1.57 1.32 0.90 0.46 0.15-0.01 0.05 0.30 0.69 1.13 1.49 1.73
 15   1.71 1.46 1.00 0.51 0.13-0.09-0.10 0.10 0.45 0.86 1.26 1.55 1.59 1.43 1.11 0.70 0.35 0.11 0.07 0.21 0.51 0.90 1.26 1.54
 16   1.60 1.49 1.17 0.73 0.34 0.06-0.05 0.06 0.31 0.63 1.03 1.36 1.50 1.45 1.24 0.92 0.57 0.33 0.23 0.29 0.49 0.77 1.09 1.35
 17   1.48 1.43 1.26 0.96 0.59 0.30 0.15 0.16 0.32 0.57 0.89 1.18 1.39 1.43 1.32 1.11 0.82 0.55 0.40 0.37 0.48 0.68 0.92 1.14
 18   1.30 1.33 1.23 1.05 0.79 0.51 0.31 0.26 0.33 0.48 0.72 0.96 1.18 1.30 1.29 1.17 0.99 0.79 0.61 0.50 0.51 0.61 0.75 0.92
 19   1.07 1.16 1.16 1.06 0.90 0.71 0.51 0.39 0.37 0.45 0.59 0.77 0.96 1.12 1.20 1.20 1.12 1.00 0.85 0.71 0.63 0.62 0.66 0.74
 20   0.86 0.96 1.01 1.02 0.97 0.87 0.74 0.62 0.53 0.51 0.55 0.64 0.76 0.90 1.02 1.11 1.15 1.13 1.06 0.95 0.84 0.74 0.67 0.65
 21   0.67 0.73 0.82 0.89 0.94 0.95 0.91 0.83 0.72 0.61 0.53 0.51 0.55 0.65 0.79 0.95 1.11 1.22 1.25 1.21 1.09 0.93 0.76 0.61
 22   0.51 0.51 0.57 0.68 0.82 0.96 1.06 1.08 1.02 0.89 0.71 0.56 0.48 0.50 0.60 0.78 0.99 1.21 1.35 1.40 1.32 1.13 0.89 0.65
 23   0.44 0.34 0.34 0.47 0.66 0.89 1.08 1.19 1.18 1.04 0.82 0.58 0.39 0.29 0.31 0.46 0.72 1.01 1.30 1.49 1.52 1.37 1.10 0.77
 24   0.45 0.23 0.15 0.23 0.43 0.71 1.02 1.26 1.36 1.29 1.07 0.77 0.47 0.24 0.16 0.24 0.47 0.81 1.20 1.52 1.70 1.66 1.42 1.05
 25   0.64 0.31 0.09 0.07 0.22 0.49 0.87 1.21 1.45 1.51 1.34 1.02 0.63 0.30 0.09 0.07 0.22 0.55 0.97 1.40 1.71 1.83 1.68 1.34
 26   0.90 0.43 0.08-0.06 0.00 0.25 0.61 1.03 1.40 1.62 1.59 1.34 0.92 0.48 0.14-0.02 0.03 0.27 0.68 1.15 1.57 1.85 1.87 1.60
 27   1.14 0.65 0.16-0.13-0.17-0.01 0.33 0.78 1.22 1.59 1.73 1.59 1.24 0.76 0.30-0.02-0.11 0.03 0.36 0.83 1.33 1.72 1.92 1.79
 28   1.44 0.99 0.41-0.02-0.23-0.16 0.11 0.53 1.01 1.48 1.77 1.80 1.53 1.10 0.58 0.13-0.11-0.10 0.11 0.53 1.03 1.52 1.84 1.93
 ----------------------------------------------------------------------------------------------------------------------------
                                                                                               
 ----------------------------------------------------------------------------------------------------------------------------
 ----------------------------------------------------------------------------------------------------------------------------
                                                          SURVEY OF INDIA
                                                    MARINE GEODESY WING (G&RB)
                                                     HOURLY HEIGHTS IN METRES
  NAME OF PORT:- PORT BLAIR                                                                         MONTH MARCH     YEAR 2017
 ----------------------------------------------------------------------------------------------------------------------------
 DAYS 0000 0001 0002 0003 0004 0005 0006 0007 0008 0009 0010 0011 0012 0013 0014 0015 0016 0017 0018 0019 0020 0021 0022 0023
 ----------------------------------------------------------------------------------------------------------------------------
  1   1.71 1.27 0.70 0.21-0.13-0.21-0.06 0.26 0.73 1.24 1.64 1.83 1.75 1.41 0.93 0.43 0.06-0.07 0.00 0.27 0.70 1.18 1.58 1.80
  2   1.78 1.48 0.97 0.45 0.03-0.17-0.11 0.13 0.54 0.96 1.39 1.72 1.81 1.60 1.20 0.69 0.26 0.02 0.01 0.18 0.53 0.95 1.33 1.61
  3   1.71 1.54 1.18 0.69 0.28-0.02-0.10 0.04 0.35 0.75 1.18 1.53 1.72 1.70 1.43 1.04 0.62 0.30 0.14 0.15 0.31 0.56 0.90 1.27
  4   1.49 1.54 1.35 1.00 0.58 0.26 0.09 0.11 0.29 0.63 1.01 1.36 1.55 1.60 1.48 1.22 0.88 0.55 0.32 0.25 0.30 0.52 0.81 1.11
  5   1.31 1.39 1.31 1.10 0.82 0.55 0.35 0.25 0.30 0.47 0.73 1.03 1.29 1.42 1.43 1.32 1.13 0.87 0.63 0.46 0.39 0.44 0.60 0.81
  6   1.00 1.14 1.17 1.12 0.98 0.79 0.62 0.49 0.42 0.43 0.54 0.71 0.93 1.12 1.24 1.28 1.24 1.12 0.94 0.76 0.61 0.50 0.47 0.53
  7   0.65 0.79 0.91 0.99 1.01 0.97 0.87 0.75 0.63 0.53 0.47 0.49 0.61 0.78 0.96 1.13 1.26 1.29 1.24 1.10 0.93 0.74 0.56 0.43
  8   0.40 0.46 0.61 0.78 0.94 1.07 1.10 1.05 0.91 0.74 0.58 0.46 0.42 0.48 0.64 0.87 1.12 1.32 1.42 1.41 1.27 1.02 0.76 0.51
  9   0.31 0.27 0.33 0.52 0.78 1.04 1.23 1.30 1.25 1.05 0.81 0.57 0.37 0.29 0.34 0.53 0.83 1.18 1.45 1.60 1.58 1.38 1.07 0.69
 10   0.36 0.14 0.09 0.21 0.46 0.81 1.14 1.38 1.44 1.32 1.04 0.72 0.40 0.16 0.12 0.23 0.51 0.91 1.29 1.60 1.71 1.63 1.35 0.92
 11   0.50 0.13-0.05-0.04 0.17 0.54 0.95 1.29 1.54 1.55 1.34 0.99 0.58 0.24 0.02 0.01 0.19 0.51 0.95 1.37 1.69 1.75 1.56 1.20
 12   0.71 0.26-0.06-0.18-0.06 0.25 0.68 1.13 1.48 1.63 1.54 1.25 0.82 0.39 0.06-0.10-0.01 0.28 0.71 1.13 1.57 1.77 1.71 1.48
 13   1.17 0.81 0.44 0.13-0.06 0.02 0.43 0.89 1.34 1.63 1.67 1.46 1.06 0.60 0.20-0.07-0.11 0.08 0.47 0.95 1.41 1.73 1.79 1.59
 14   1.23 0.71 0.23-0.11-0.23-0.09 0.25 0.73 1.20 1.56 1.73 1.62 1.31 0.88 0.44 0.09-0.07 0.00 0.29 0.68 1.13 1.54 1.78 1.70
 15   1.40 0.96 0.46 0.07-0.14-0.11 0.13 0.53 0.97 1.42 1.70 1.72 1.50 1.13 0.68 0.28 0.03-0.01 0.19 0.53 0.99 1.39 1.66 1.70
 16   1.51 1.13 0.71 0.27 0.00-0.09 0.06 0.37 0.81 1.23 1.56 1.69 1.58 1.29 0.89 0.47 0.17 0.03 0.12 0.39 0.75 1.13 1.45 1.59
 17   1.53 1.23 0.84 0.47 0.15 0.01 0.03 0.29 0.65 1.05 1.39 1.59 1.59 1.37 1.03 0.66 0.35 0.17 0.16 0.32 0.62 0.97 1.25 1.44
 18   1.45 1.28 0.97 0.61 0.30 0.10 0.07 0.23 0.51 0.87 1.19 1.41 1.48 1.37 1.13 0.81 0.52 0.30 0.21 0.28 0.49 0.76 1.02 1.21
 19   1.31 1.24 1.03 0.75 0.46 0.26 0.18 0.24 0.41 0.70 0.97 1.19 1.33 1.32 1.18 0.95 0.68 0.48 0.36 0.36 0.45 0.63 0.86 1.04
 20   1.14 1.15 1.04 0.84 0.62 0.44 0.33 0.31 0.40 0.59 0.82 1.02 1.17 1.24 1.20 1.06 0.87 0.69 0.56 0.49 0.49 0.56 0.69 0.83
 21   0.93 0.97 0.95 0.87 0.76 0.63 0.52 0.46 0.46 0.52 0.64 0.79 0.94 1.03 1.07 1.06 1.00 0.89 0.76 0.66 0.59 0.56 0.57 0.61
 22   0.70 0.79 0.84 0.85 0.83 0.78 0.71 0.64 0.59 0.57 0.58 0.64 0.74 0.85 0.96 1.05 1.10 1.09 1.03 0.94 0.82 0.69 0.58 0.53
 23   0.53 0.59 0.69 0.80 0.89 0.95 0.96 0.91 0.81 0.69 0.58 0.51 0.52 0.60 0.74 0.91 1.07 1.19 1.23 1.19 1.05 0.84 0.63 0.45
 24   0.34 0.33 0.42 0.59 0.80 0.98 1.10 1.11 1.04 0.86 0.65 0.46 0.35 0.33 0.43 0.63 0.90 1.15 1.33 1.38 1.29 1.06 0.78 0.46
 25   0.22 0.12 0.15 0.32 0.60 0.90 1.15 1.28 1.28 1.11 0.85 0.56 0.29 0.16 0.15 0.32 0.60 0.96 1.28 1.49 1.52 1.35 1.04 0.66
 26   0.29 0.04-0.04 0.07 0.35 0.73 1.11 1.38 1.51 1.42 1.16 0.80 0.42 0.12 0.00 0.09 0.35 0.76 1.20 1.56 1.72 1.66 1.38 0.96
 27   0.48 0.10-0.11-0.13 0.08 0.49 0.95 1.39 1.65 1.69 1.49 1.10 0.64 0.22-0.06-0.12 0.06 0.45 0.94 1.43 1.76 1.88 1.69 1.29
 28   0.76 0.28-0.10-0.29-0.18 0.18 0.69 1.20 1.60 1.85 1.77 1.44 0.96 0.45 0.05-0.22-0.16 0.12 0.59 1.13 1.58 1.84 1.80 1.50
 29   1.00 0.46-0.01-0.31-0.38-0.14 0.32 0.90 1.42 1.78 1.90 1.70 1.29 0.75 0.25-0.13-0.31-0.18 0.20 0.71 1.24 1.65 1.84 1.71
 30   1.36 0.84 0.33-0.10-0.35-0.30 0.05 0.56 1.12 1.59 1.89 1.89 1.59 1.15 0.70 0.31-0.01-0.17-0.01 0.40 0.91 1.38 1.72 1.80
 31   1.60 1.24 0.72 0.16-0.20-0.30-0.12 0.29 0.80 1.30 1.70 1.89 1.78 1.45 0.99 0.50 0.12-0.11-0.10 0.20 0.60 1.05 1.45 1.65
 ----------------------------------------------------------------------------------------------------------------------------
                                                                                               
 ----------------------------------------------------------------------------------------------------------------------------
 ----------------------------------------------------------------------------------------------------------------------------
                                                          SURVEY OF INDIA
                                                    MARINE GEODESY WING (G&RB)
                                                     HOURLY HEIGHTS IN METRES
  NAME OF PORT:- PORT BLAIR                                                                         MONTH APRIL     YEAR 2017
 ----------------------------------------------------------------------------------------------------------------------------
 DAYS 0000 0001 0002 0003 0004 0005 0006 0007 0008 0009 0010 0011 0012 0013 0014 0015 0016 0017 0018 0019 0020 0021 0022 0023
 ----------------------------------------------------------------------------------------------------------------------------
  1   1.62 1.36 0.97 0.52 0.13-0.11-0.08 0.14 0.53 1.00 1.44 1.73 1.80 1.65 1.31 0.87 0.42 0.12 0.01 0.09 0.36 0.74 1.09 1.38
  2   1.49 1.41 1.15 0.80 0.44 0.16 0.05 0.10 0.35 0.71 1.09 1.40 1.58 1.57 1.40 1.08 0.75 0.42 0.20 0.16 0.27 0.49 0.76 1.04
  3   1.22 1.28 1.18 0.94 0.68 0.44 0.26 0.22 0.30 0.51 0.78 1.07 1.30 1.43 1.41 1.25 1.01 0.76 0.52 0.37 0.34 0.40 0.54 0.72
  4   0.89 1.05 1.09 1.03 0.89 0.70 0.55 0.45 0.42 0.47 0.62 0.81 1.01 1.19 1.29 1.30 1.21 1.05 0.87 0.70 0.54 0.45 0.45 0.53
  5   0.65 0.78 0.91 1.01 1.03 0.98 0.88 0.78 0.68 0.60 0.56 0.60 0.72 0.88 1.04 1.18 1.27 1.28 1.18 1.02 0.84 0.64 0.48 0.39
  6   0.40 0.50 0.65 0.83 1.00 1.10 1.12 1.06 0.94 0.78 0.62 0.50 0.49 0.57 0.75 0.97 1.18 1.35 1.40 1.35 1.18 0.92 0.63 0.40
  7   0.28 0.26 0.37 0.58 0.84 1.09 1.26 1.30 1.21 1.04 0.80 0.57 0.39 0.35 0.43 0.65 0.93 1.20 1.44 1.52 1.44 1.20 0.89 0.52
  8   0.24 0.10 0.12 0.30 0.60 0.95 1.26 1.46 1.48 1.32 1.04 0.70 0.43 0.25 0.21 0.37 0.66 1.02 1.36 1.59 1.62 1.46 1.15 0.75
  9   0.40 0.10 0.00 0.10 0.38 0.75 1.16 1.48 1.62 1.56 1.30 0.94 0.56 0.27 0.11 0.16 0.36 0.74 1.16 1.53 1.69 1.64 1.40 1.00
 10   0.54 0.20-0.02-0.04 0.18 0.54 1.00 1.40 1.68 1.72 1.54 1.18 0.75 0.35 0.10 0.02 0.16 0.45 0.88 1.30 1.60 1.70 1.58 1.23
 11   0.80 0.36 0.05-0.08 0.03 0.32 0.78 1.23 1.60 1.78 1.71 1.43 1.00 0.55 0.18 0.02 0.05 0.30 0.70 1.15 1.50 1.72 1.67 1.40
 12   1.00 0.54 0.17-0.06-0.06 0.18 0.58 1.06 1.47 1.78 1.82 1.61 1.23 0.78 0.35 0.04-0.03 0.14 0.49 0.90 1.30 1.60 1.69 1.51
 13   1.16 0.73 0.32 0.01-0.10 0.06 0.40 0.82 1.30 1.66 1.80 1.71 1.41 0.98 0.54 0.20 0.00 0.04 0.30 0.70 1.11 1.44 1.59 1.54
 14   1.30 0.90 0.46 0.15 0.00 0.02 0.27 0.63 1.06 1.46 1.72 1.75 1.56 1.16 0.75 0.35 0.11 0.06 0.22 0.54 0.91 1.23 1.47 1.52
 15   1.36 1.03 0.64 0.31 0.10 0.08 0.24 0.55 0.95 1.36 1.62 1.72 1.61 1.30 0.91 0.52 0.27 0.15 0.18 0.40 0.72 1.07 1.34 1.42
 16   1.36 1.12 0.80 0.49 0.24 0.14 0.19 0.40 0.75 1.08 1.40 1.58 1.55 1.37 1.06 0.70 0.42 0.23 0.22 0.34 0.57 0.86 1.10 1.25
 17   1.26 1.12 0.88 0.60 0.37 0.20 0.18 0.32 0.56 0.88 1.16 1.39 1.46 1.40 1.20 0.94 0.68 0.48 0.37 0.39 0.57 0.80 1.05 1.23
 18   1.29 1.27 1.13 0.92 0.69 0.54 0.48 0.52 0.65 0.86 1.10 1.30 1.42 1.43 1.32 1.12 0.87 0.65 0.51 0.45 0.48 0.58 0.73 0.88
 19   0.98 1.02 0.98 0.86 0.70 0.57 0.49 0.47 0.51 0.62 0.77 0.94 1.10 1.19 1.20 1.14 1.00 0.85 0.71 0.59 0.53 0.53 0.58 0.68
 20   0.80 0.92 0.98 0.98 0.92 0.83 0.74 0.66 0.61 0.60 0.65 0.74 0.86 0.99 1.10 1.14 1.11 1.02 0.90 0.77 0.64 0.53 0.47 0.48
 21   0.54 0.65 0.79 0.90 0.96 0.97 0.92 0.83 0.73 0.62 0.53 0.52 0.58 0.70 0.87 1.03 1.15 1.20 1.16 1.03 0.85 0.66 0.49 0.38
 22   0.34 0.42 0.58 0.78 0.98 1.12 1.19 1.14 1.00 0.82 0.63 0.48 0.42 0.48 0.62 0.84 1.08 1.29 1.39 1.35 1.16 0.90 0.62 0.37
 23   0.20 0.19 0.30 0.55 0.84 1.13 1.34 1.40 1.30 1.08 0.80 0.52 0.32 0.24 0.33 0.56 0.86 1.17 1.41 1.54 1.45 1.20 0.84 0.46
 24   0.16 0.02 0.07 0.30 0.62 1.01 1.35 1.58 1.60 1.42 1.09 0.70 0.35 0.13 0.08 0.23 0.51 0.90 1.29 1.57 1.65 1.49 1.13 0.67
 25   0.25-0.04-0.14 0.00 0.33 0.77 1.22 1.60 1.82 1.75 1.46 1.03 0.55 0.17-0.04-0.02 0.20 0.57 1.04 1.44 1.71 1.72 1.45 1.03
 26   0.54 0.10-0.18-0.19 0.03 0.45 0.94 1.45 1.82 1.94 1.78 1.40 0.88 0.38-0.01-0.16-0.05 0.25 0.68 1.17 1.58 1.79 1.70 1.34
 27   0.84 0.33-0.09-0.28-0.20 0.10 0.56 1.14 1.62 1.96 2.01 1.74 1.26 0.70 0.22-0.13-0.23-0.06 0.32 0.80 1.27 1.64 1.78 1.61
 28   1.20 0.70 0.22-0.11-0.24-0.12 0.24 0.74 1.29 1.75 2.01 1.95 1.60 1.13 0.62 0.14-0.16-0.18 0.08 0.52 1.00 1.42 1.68 1.72
 29   1.45 1.02 0.57 0.15-0.12-0.16 0.04 0.49 1.00 1.49 1.84 1.98 1.81 1.46 0.97 0.44 0.05-0.14-0.07 0.24 0.65 1.10 1.43 1.61
 30   1.54 1.26 0.87 0.46 0.13-0.04-0.01 0.27 0.69 1.16 1.56 1.78 1.79 1.58 1.18 0.75 0.34 0.05-0.06 0.08 0.38 0.75 1.10 1.35
 ----------------------------------------------------------------------------------------------------------------------------
                                                                                               
 ----------------------------------------------------------------------------------------------------------------------------
 ----------------------------------------------------------------------------------------------------------------------------
                                                          SURVEY OF INDIA
                                                    MARINE GEODESY WING (G&RB)
                                                     HOURLY HEIGHTS IN METRES
  NAME OF PORT:- PORT BLAIR                                                                         MONTH MAY       YEAR 2017
 ----------------------------------------------------------------------------------------------------------------------------
 DAYS 0000 0001 0002 0003 0004 0005 0006 0007 0008 0009 0010 0011 0012 0013 0014 0015 0016 0017 0018 0019 0020 0021 0022 0023
 ----------------------------------------------------------------------------------------------------------------------------
  1   1.43 1.36 1.06 0.72 0.40 0.17 0.10 0.19 0.47 0.82 1.18 1.47 1.64 1.62 1.38 1.05 0.70 0.38 0.16 0.12 0.26 0.50 0.79 1.04
  2   1.20 1.24 1.17 0.98 0.72 0.50 0.35 0.30 0.40 0.62 0.90 1.20 1.40 1.49 1.46 1.28 1.02 0.73 0.48 0.32 0.28 0.36 0.54 0.74
  3   0.92 1.04 1.08 1.05 0.92 0.74 0.59 0.50 0.48 0.53 0.67 0.88 1.09 1.26 1.33 1.31 1.18 1.00 0.78 0.59 0.44 0.36 0.37 0.48
  4   0.64 0.83 0.98 1.07 1.09 1.02 0.90 0.77 0.67 0.61 0.60 0.66 0.80 0.98 1.14 1.25 1.28 1.22 1.08 0.90 0.68 0.49 0.37 0.34
  5   0.42 0.57 0.76 0.94 1.10 1.17 1.16 1.06 0.91 0.75 0.63 0.57 0.58 0.68 0.84 1.04 1.21 1.30 1.29 1.16 0.96 0.72 0.50 0.32
  6   0.27 0.33 0.51 0.76 1.00 1.19 1.30 1.30 1.16 0.94 0.71 0.52 0.41 0.41 0.52 0.76 1.04 1.26 1.40 1.40 1.25 0.98 0.68 0.40
  7   0.23 0.17 0.28 0.53 0.83 1.14 1.37 1.47 1.41 1.22 0.95 0.66 0.45 0.35 0.37 0.54 0.77 1.03 1.29 1.45 1.44 1.23 0.93 0.58
  8   0.31 0.16 0.17 0.34 0.67 1.06 1.36 1.56 1.63 1.49 1.21 0.86 0.54 0.31 0.23 0.33 0.58 0.91 1.25 1.47 1.55 1.45 1.17 0.81
  9   0.47 0.21 0.11 0.17 0.41 0.71 1.10 1.45 1.66 1.65 1.43 1.08 0.69 0.38 0.19 0.19 0.36 0.66 1.05 1.37 1.55 1.53 1.32 0.98
 10   0.58 0.26 0.07 0.07 0.26 0.61 1.00 1.38 1.67 1.79 1.62 1.30 0.89 0.48 0.22 0.12 0.20 0.46 0.82 1.19 1.45 1.56 1.44 1.16
 11   0.77 0.38 0.11 0.03 0.13 0.38 0.75 1.19 1.59 1.79 1.75 1.49 1.09 0.66 0.30 0.08 0.09 0.27 0.60 0.97 1.31 1.53 1.53 1.31
 12   0.97 0.59 0.26 0.06 0.07 0.27 0.63 1.09 1.49 1.78 1.83 1.64 1.32 0.89 0.49 0.21 0.10 0.19 0.45 0.81 1.19 1.46 1.55 1.45
 13   1.17 0.79 0.44 0.16 0.06 0.17 0.45 0.83 1.27 1.61 1.79 1.73 1.48 1.09 0.71 0.36 0.15 0.14 0.30 0.58 0.93 1.24 1.45 1.45
 14   1.25 0.91 0.57 0.29 0.11 0.14 0.34 0.63 1.05 1.44 1.71 1.79 1.61 1.29 0.89 0.53 0.28 0.19 0.25 0.54 0.87 1.17 1.38 1.42
 15   1.32 1.07 0.76 0.47 0.28 0.23 0.33 0.59 0.97 1.36 1.63 1.74 1.64 1.40 1.05 0.69 0.39 0.23 0.21 0.39 0.66 0.97 1.21 1.35
 16   1.31 1.12 0.89 0.65 0.42 0.29 0.31 0.47 0.75 1.10 1.40 1.59 1.60 1.47 1.19 0.87 0.59 0.35 0.25 0.31 0.51 0.77 1.03 1.23
 17   1.27 1.19 1.00 0.77 0.55 0.40 0.35 0.40 0.61 0.87 1.16 1.40 1.52 1.50 1.33 1.07 0.80 0.57 0.41 0.34 0.40 0.57 0.80 1.01
 18   1.13 1.15 1.09 0.95 0.77 0.60 0.49 0.47 0.53 0.69 0.92 1.15 1.34 1.40 1.35 1.21 1.00 0.78 0.57 0.43 0.39 0.45 0.59 0.78
 19   0.95 1.06 1.09 1.05 0.96 0.83 0.70 0.61 0.57 0.61 0.73 0.89 1.08 1.22 1.29 1.28 1.18 1.01 0.81 0.63 0.50 0.43 0.44 0.54
 20   0.71 0.89 1.04 1.13 1.15 1.09 0.97 0.83 0.70 0.61 0.60 0.68 0.82 0.99 1.16 1.27 1.31 1.26 1.10 0.90 0.70 0.51 0.38 0.37
 21   0.45 0.62 0.83 1.04 1.19 1.25 1.21 1.09 0.91 0.72 0.57 0.49 0.51 0.66 0.87 1.10 1.29 1.35 1.31 1.16 0.91 0.64 0.39 0.22
 22   0.18 0.31 0.55 0.85 1.13 1.36 1.45 1.40 1.23 0.97 0.69 0.47 0.37 0.40 0.56 0.83 1.12 1.36 1.46 1.41 1.21 0.90 0.58 0.28
 23   0.09 0.10 0.26 0.58 0.97 1.34 1.61 1.69 1.59 1.31 0.97 0.59 0.31 0.18 0.22 0.45 0.79 1.16 1.46 1.58 1.53 1.26 0.89 0.50
 24   0.17 0.00 0.03 0.27 0.66 1.13 1.55 1.81 1.87 1.69 1.36 0.91 0.47 0.17 0.05 0.16 0.47 0.87 1.31 1.61 1.70 1.56 1.23 0.79
 25   0.37 0.03-0.09-0.02 0.31 0.78 1.31 1.73 1.99 1.98 1.73 1.29 0.81 0.36 0.04-0.04 0.11 0.51 0.97 1.39 1.67 1.73 1.51 1.15
 26   0.68 0.23-0.07-0.14 0.03 0.43 0.93 1.40 1.84 2.08 2.00 1.65 1.15 0.63 0.17-0.11-0.13 0.13 0.55 1.03 1.43 1.69 1.68 1.41
 27   1.02 0.58 0.14-0.12-0.12 0.11 0.57 1.13 1.62 1.99 2.08 1.91 1.51 1.02 0.47 0.07-0.15-0.09 0.21 0.66 1.11 1.49 1.69 1.63
 28   1.34 0.94 0.53 0.16-0.05-0.01 0.23 0.65 1.15 1.61 1.93 2.01 1.78 1.37 0.87 0.38 0.04-0.11-0.01 0.29 0.73 1.13 1.43 1.54
 29   1.45 1.16 0.76 0.40 0.12 0.01 0.08 0.38 0.81 1.26 1.62 1.82 1.79 1.55 1.13 0.67 0.29 0.03-0.04 0.09 0.41 0.77 1.10 1.35
 30   1.39 1.27 0.99 0.65 0.36 0.18 0.13 0.25 0.53 0.91 1.28 1.58 1.69 1.60 1.35 0.99 0.61 0.30 0.11 0.07 0.21 0.49 0.79 1.06
 31   1.22 1.26 1.15 0.94 0.71 0.50 0.35 0.31 0.41 0.65 0.97 1.27 1.47 1.55 1.45 1.20 0.92 0.62 0.36 0.20 0.19 0.31 0.54 0.80
 ----------------------------------------------------------------------------------------------------------------------------
                                                                                               
 ----------------------------------------------------------------------------------------------------------------------------
 ----------------------------------------------------------------------------------------------------------------------------
                                                          SURVEY OF INDIA
                                                    MARINE GEODESY WING (G&RB)
                                                     HOURLY HEIGHTS IN METRES
  NAME OF PORT:- PORT BLAIR                                                                         MONTH JUNE      YEAR 2017
 ----------------------------------------------------------------------------------------------------------------------------
 DAYS 0000 0001 0002 0003 0004 0005 0006 0007 0008 0009 0010 0011 0012 0013 0014 0015 0016 0017 0018 0019 0020 0021 0022 0023
 ----------------------------------------------------------------------------------------------------------------------------
  1   1.03 1.16 1.17 1.10 0.94 0.75 0.57 0.46 0.45 0.53 0.71 0.97 1.21 1.37 1.41 1.36 1.20 0.98 0.73 0.51 0.37 0.34 0.41 0.57
  2   0.79 0.98 1.10 1.14 1.10 0.99 0.83 0.67 0.56 0.53 0.57 0.69 0.87 1.06 1.21 1.27 1.24 1.11 0.91 0.69 0.49 0.36 0.31 0.36
  3   0.51 0.71 0.91 1.09 1.17 1.16 1.06 0.92 0.76 0.63 0.55 0.56 0.65 0.79 0.97 1.12 1.21 1.21 1.12 0.94 0.74 0.53 0.38 0.31
  4   0.35 0.48 0.70 0.94 1.15 1.27 1.28 1.19 1.01 0.81 0.64 0.52 0.47 0.53 0.68 0.87 1.06 1.19 1.21 1.12 0.94 0.71 0.48 0.32
  5   0.26 0.31 0.47 0.72 1.00 1.24 1.38 1.38 1.23 1.01 0.76 0.55 0.44 0.42 0.49 0.67 0.90 1.11 1.24 1.28 1.17 0.94 0.66 0.41
  6   0.23 0.20 0.31 0.51 0.79 1.11 1.35 1.45 1.40 1.24 0.97 0.68 0.45 0.32 0.30 0.43 0.65 0.90 1.13 1.27 1.25 1.10 0.84 0.55
  7   0.30 0.16 0.18 0.34 0.62 0.96 1.29 1.52 1.60 1.49 1.20 0.88 0.55 0.30 0.18 0.22 0.40 0.65 0.94 1.18 1.28 1.22 0.99 0.72
  8   0.42 0.20 0.12 0.18 0.40 0.74 1.12 1.42 1.60 1.58 1.36 1.04 0.68 0.36 0.18 0.14 0.26 0.51 0.83 1.15 1.35 1.37 1.21 0.90
  9   0.56 0.27 0.10 0.08 0.25 0.54 0.94 1.32 1.60 1.71 1.58 1.27 0.90 0.55 0.24 0.09 0.12 0.30 0.62 0.95 1.22 1.36 1.28 1.03
 10   0.70 0.38 0.13 0.03 0.10 0.34 0.70 1.10 1.46 1.68 1.66 1.42 1.05 0.65 0.31 0.09 0.03 0.14 0.40 0.74 1.05 1.29 1.34 1.18
 11   0.88 0.52 0.22 0.02 0.01 0.16 0.45 0.84 1.24 1.54 1.66 1.53 1.23 0.80 0.42 0.12-0.03-0.02 0.20 0.50 0.84 1.14 1.28 1.25
 12   1.03 0.72 0.38 0.13 0.01 0.06 0.29 0.64 1.05 1.42 1.62 1.62 1.43 1.10 0.72 0.34 0.08 0.02 0.14 0.43 0.74 1.06 1.27 1.34
 13   1.20 0.95 0.65 0.34 0.13 0.09 0.22 0.52 0.90 1.29 1.56 1.68 1.56 1.29 0.94 0.54 0.24 0.07 0.09 0.28 0.58 0.89 1.17 1.32
 14   1.30 1.11 0.86 0.56 0.30 0.17 0.20 0.40 0.72 1.10 1.40 1.58 1.58 1.39 1.08 0.75 0.41 0.16 0.07 0.14 0.36 0.66 0.96 1.16
 15   1.24 1.16 0.97 0.72 0.47 0.30 0.24 0.31 0.52 0.82 1.14 1.43 1.54 1.48 1.28 0.97 0.66 0.37 0.19 0.15 0.25 0.48 0.75 1.01
 16   1.19 1.24 1.14 0.96 0.73 0.52 0.39 0.36 0.47 0.69 0.98 1.24 1.42 1.48 1.38 1.17 0.89 0.63 0.40 0.27 0.27 0.40 0.62 0.87
 17   1.10 1.25 1.26 1.16 0.98 0.77 0.59 0.48 0.46 0.55 0.72 0.95 1.20 1.37 1.42 1.33 1.15 0.92 0.66 0.43 0.30 0.30 0.44 0.64
 18   0.87 1.09 1.25 1.30 1.23 1.08 0.88 0.70 0.57 0.52 0.58 0.72 0.90 1.10 1.27 1.36 1.32 1.17 0.95 0.68 0.45 0.33 0.32 0.40
 19   0.59 0.84 1.08 1.28 1.38 1.36 1.23 1.04 0.82 0.64 0.52 0.52 0.63 0.81 1.02 1.21 1.32 1.32 1.19 0.99 0.75 0.49 0.31 0.26
 20   0.34 0.52 0.78 1.06 1.32 1.47 1.48 1.35 1.12 0.85 0.60 0.42 0.38 0.46 0.65 0.90 1.14 1.32 1.36 1.26 1.02 0.75 0.47 0.25
 21   0.16 0.24 0.46 0.77 1.12 1.43 1.62 1.63 1.46 1.16 0.81 0.50 0.26 0.21 0.34 0.60 0.90 1.20 1.40 1.46 1.33 1.06 0.74 0.40
 22   0.12 0.05 0.15 0.41 0.81 1.23 1.57 1.77 1.76 1.53 1.18 0.77 0.38 0.12 0.08 0.20 0.47 0.88 1.23 1.48 1.54 1.39 1.06 0.68
 23   0.32 0.03-0.02 0.13 0.49 0.95 1.42 1.78 1.97 1.88 1.60 1.17 0.70 0.27 0.01-0.02 0.18 0.52 0.93 1.30 1.57 1.62 1.40 1.04
 24   0.61 0.21-0.05-0.10 0.12 0.50 0.96 1.46 1.85 2.02 1.90 1.57 1.06 0.55 0.13-0.11-0.10 0.15 0.54 0.96 1.36 1.60 1.60 1.36
 25   0.97 0.52 0.12-0.08-0.08 0.17 0.60 1.12 1.60 1.95 2.06 1.89 1.52 0.97 0.41 0.00-0.18-0.11 0.15 0.60 1.06 1.44 1.65 1.63
 26   1.33 0.94 0.48 0.13-0.04 0.03 0.30 0.73 1.22 1.70 1.98 2.02 1.78 1.32 0.80 0.33 0.00-0.12 0.00 0.30 0.72 1.16 1.50 1.66
 27   1.53 1.24 0.87 0.48 0.17 0.04 0.15 0.41 0.83 1.31 1.71 1.92 1.88 1.61 1.19 0.74 0.31 0.04 0.00 0.15 0.47 0.85 1.24 1.50
 28   1.57 1.43 1.15 0.79 0.45 0.23 0.19 0.33 0.61 1.02 1.43 1.71 1.83 1.74 1.46 1.05 0.64 0.28 0.10 0.11 0.28 0.57 0.92 1.21
 29   1.42 1.44 1.29 1.03 0.76 0.49 0.32 0.32 0.47 0.74 1.09 1.41 1.62 1.67 1.55 1.25 0.91 0.58 0.31 0.21 0.26 0.44 0.71 1.00
 30   1.24 1.37 1.36 1.19 0.96 0.73 0.55 0.46 0.50 0.64 0.87 1.14 1.37 1.53 1.54 1.35 1.09 0.82 0.57 0.38 0.31 0.37 0.55 0.78
 ----------------------------------------------------------------------------------------------------------------------------
                                                                                               
 ----------------------------------------------------------------------------------------------------------------------------
 ----------------------------------------------------------------------------------------------------------------------------
                                                          SURVEY OF INDIA
                                                    MARINE GEODESY WING (G&RB)
                                                     HOURLY HEIGHTS IN METRES
  NAME OF PORT:- PORT BLAIR                                                                         MONTH JULY      YEAR 2017
 ----------------------------------------------------------------------------------------------------------------------------
 DAYS 0000 0001 0002 0003 0004 0005 0006 0007 0008 0009 0010 0011 0012 0013 0014 0015 0016 0017 0018 0019 0020 0021 0022 0023
 ----------------------------------------------------------------------------------------------------------------------------
  1   1.04 1.22 1.30 1.26 1.12 0.94 0.76 0.62 0.57 0.61 0.73 0.90 1.10 1.25 1.34 1.34 1.20 1.00 0.76 0.57 0.44 0.40 0.46 0.59
  2   0.80 1.00 1.16 1.25 1.24 1.14 1.00 0.84 0.71 0.64 0.65 0.73 0.85 0.98 1.12 1.21 1.21 1.12 0.97 0.79 0.64 0.53 0.49 0.49
  3   0.57 0.76 0.95 1.12 1.23 1.26 1.18 1.05 0.91 0.79 0.71 0.66 0.68 0.77 0.89 1.04 1.15 1.20 1.14 1.01 0.84 0.66 0.54 0.48
  4   0.48 0.58 0.78 1.01 1.20 1.34 1.37 1.30 1.15 0.96 0.80 0.66 0.61 0.62 0.71 0.86 1.01 1.14 1.20 1.15 1.02 0.82 0.63 0.46
  5   0.38 0.41 0.54 0.76 1.00 1.24 1.40 1.46 1.37 1.18 0.94 0.71 0.54 0.48 0.50 0.63 0.81 1.00 1.16 1.21 1.16 1.00 0.77 0.52
  6   0.33 0.29 0.35 0.52 0.79 1.08 1.35 1.52 1.53 1.38 1.12 0.84 0.58 0.42 0.36 0.42 0.58 0.82 1.06 1.24 1.28 1.18 0.94 0.68
  7   0.42 0.28 0.28 0.38 0.60 0.92 1.25 1.52 1.64 1.58 1.36 1.02 0.68 0.43 0.28 0.28 0.44 0.70 0.97 1.20 1.34 1.32 1.14 0.84
  8   0.53 0.32 0.20 0.26 0.46 0.75 1.16 1.52 1.70 1.71 1.54 1.22 0.86 0.53 0.30 0.21 0.30 0.51 0.83 1.16 1.38 1.45 1.34 1.08
  9   0.76 0.45 0.21 0.16 0.27 0.55 0.91 1.32 1.63 1.80 1.74 1.49 1.10 0.70 0.38 0.17 0.16 0.32 0.60 0.96 1.28 1.46 1.44 1.24
 10   0.91 0.58 0.30 0.14 0.14 0.30 0.62 1.01 1.42 1.71 1.80 1.62 1.27 0.83 0.46 0.20 0.10 0.18 0.44 0.76 1.07 1.33 1.48 1.39
 11   1.08 0.73 0.39 0.16 0.09 0.23 0.49 0.82 1.26 1.62 1.83 1.78 1.50 1.09 0.70 0.30 0.10 0.10 0.27 0.58 0.92 1.25 1.48 1.51
 12   1.30 1.00 0.64 0.36 0.19 0.19 0.40 0.70 1.12 1.52 1.80 1.86 1.67 1.33 0.90 0.52 0.24 0.14 0.20 0.44 0.74 1.10 1.37 1.50
 13   1.40 1.16 0.82 0.52 0.30 0.22 0.32 0.55 0.90 1.30 1.62 1.81 1.75 1.50 1.12 0.74 0.40 0.20 0.16 0.30 0.57 0.91 1.23 1.46
 14   1.50 1.34 1.07 0.76 0.47 0.30 0.28 0.40 0.65 1.00 1.35 1.62 1.72 1.58 1.30 0.92 0.59 0.32 0.16 0.19 0.38 0.66 0.99 1.25
 15   1.44 1.44 1.26 1.00 0.72 0.49 0.36 0.38 0.54 0.80 1.12 1.42 1.62 1.65 1.49 1.22 0.90 0.58 0.35 0.28 0.34 0.54 0.80 1.09
 16   1.35 1.44 1.40 1.23 1.00 0.75 0.56 0.47 0.52 0.66 0.90 1.18 1.42 1.56 1.53 1.36 1.10 0.82 0.55 0.36 0.30 0.38 0.58 0.83
 17   1.10 1.31 1.41 1.38 1.25 1.04 0.85 0.68 0.59 0.59 0.70 0.88 1.12 1.30 1.41 1.37 1.22 1.00 0.75 0.52 0.38 0.35 0.40 0.60
 18   0.84 1.09 1.32 1.43 1.42 1.31 1.10 0.88 0.70 0.60 0.58 0.64 0.81 1.00 1.18 1.28 1.28 1.17 1.00 0.78 0.56 0.40 0.32 0.37
 19   0.52 0.77 1.02 1.28 1.42 1.46 1.37 1.18 0.95 0.72 0.56 0.48 0.50 0.64 0.83 1.04 1.20 1.28 1.22 1.06 0.82 0.60 0.40 0.29
 20   0.29 0.44 0.70 1.00 1.30 1.51 1.59 1.51 1.30 1.02 0.73 0.50 0.34 0.34 0.46 0.69 0.95 1.19 1.34 1.35 1.19 0.93 0.64 0.38
 21   0.22 0.21 0.38 0.66 1.04 1.40 1.67 1.78 1.72 1.46 1.11 0.72 0.38 0.18 0.18 0.32 0.58 0.90 1.26 1.45 1.44 1.27 0.96 0.60
 22   0.30 0.11 0.09 0.27 0.60 1.02 1.46 1.77 1.89 1.78 1.46 1.02 0.58 0.20-0.02 0.01 0.21 0.56 0.96 1.32 1.54 1.54 1.30 0.95
 23   0.55 0.19 0.00 0.02 0.25 0.62 1.10 1.58 1.90 2.00 1.81 1.42 0.95 0.55 0.17-0.08-0.04 0.25 0.67 1.10 1.50 1.69 1.61 1.32
 24   0.92 0.53 0.17-0.03 0.02 0.32 0.76 1.27 1.74 2.04 2.06 1.78 1.35 0.80 0.35 0.01-0.16-0.06 0.20 0.64 1.14 1.54 1.73 1.60
 25   1.24 0.80 0.39 0.12 0.00 0.12 0.43 0.89 1.37 1.80 2.07 2.01 1.67 1.20 0.65 0.20-0.09-0.10 0.10 0.50 0.94 1.38 1.68 1.74
 26   1.53 1.18 0.75 0.37 0.12 0.10 0.30 0.63 1.10 1.58 1.94 2.07 1.90 1.53 1.08 0.67 0.27 0.02 0.00 0.24 0.62 1.06 1.47 1.72
 27   1.67 1.43 1.06 0.67 0.36 0.17 0.21 0.44 0.80 1.20 1.60 1.90 1.91 1.65 1.27 0.84 0.48 0.18 0.06 0.13 0.46 0.84 1.20 1.52
 28   1.61 1.52 1.24 0.88 0.55 0.33 0.26 0.36 0.60 0.94 1.32 1.62 1.72 1.64 1.35 0.97 0.60 0.30 0.12 0.12 0.29 0.59 0.94 1.26
 29   1.49 1.48 1.31 1.04 0.74 0.49 0.37 0.37 0.50 0.78 1.08 1.36 1.56 1.57 1.42 1.16 0.82 0.55 0.37 0.27 0.32 0.54 0.80 1.08
 30   1.30 1.42 1.39 1.22 1.00 0.74 0.57 0.50 0.54 0.67 0.88 1.12 1.30 1.40 1.36 1.22 0.98 0.73 0.53 0.41 0.40 0.49 0.66 0.87
 31   1.07 1.25 1.32 1.28 1.14 0.96 0.77 0.64 0.60 0.64 0.76 0.91 1.07 1.18 1.22 1.20 1.09 0.94 0.76 0.61 0.51 0.48 0.51 0.64
 ----------------------------------------------------------------------------------------------------------------------------
                                                                                               
 ----------------------------------------------------------------------------------------------------------------------------
 ----------------------------------------------------------------------------------------------------------------------------
                                                          SURVEY OF INDIA
                                                    MARINE GEODESY WING (G&RB)
                                                     HOURLY HEIGHTS IN METRES
  NAME OF PORT:- PORT BLAIR                                                                         MONTH AUGUST    YEAR 2017
 ----------------------------------------------------------------------------------------------------------------------------
 DAYS 0000 0001 0002 0003 0004 0005 0006 0007 0008 0009 0010 0011 0012 0013 0014 0015 0016 0017 0018 0019 0020 0021 0022 0023
 ----------------------------------------------------------------------------------------------------------------------------
  1   0.82 1.00 1.16 1.23 1.22 1.13 1.00 0.86 0.75 0.69 0.67 0.73 0.84 0.95 1.05 1.10 1.09 1.01 0.89 0.75 0.64 0.55 0.52 0.56
  2   0.66 0.84 1.02 1.17 1.26 1.29 1.23 1.12 0.96 0.81 0.70 0.66 0.68 0.75 0.85 0.96 1.03 1.07 1.03 0.93 0.80 0.65 0.55 0.48
  3   0.50 0.63 0.80 0.99 1.17 1.30 1.33 1.28 1.13 0.92 0.73 0.58 0.49 0.48 0.59 0.74 0.90 1.04 1.10 1.09 1.00 0.83 0.65 0.48
  4   0.41 0.41 0.52 0.73 0.97 1.21 1.38 1.42 1.34 1.16 0.92 0.68 0.48 0.37 0.39 0.52 0.71 0.93 1.12 1.23 1.18 1.00 0.78 0.55
  5   0.37 0.28 0.33 0.52 0.78 1.11 1.38 1.55 1.56 1.43 1.17 0.85 0.54 0.32 0.23 0.32 0.52 0.78 1.05 1.26 1.31 1.22 1.02 0.73
  6   0.46 0.25 0.20 0.29 0.55 0.88 1.26 1.55 1.70 1.67 1.45 1.10 0.73 0.41 0.20 0.18 0.31 0.57 0.90 1.20 1.41 1.45 1.27 0.95
  7   0.60 0.32 0.16 0.17 0.35 0.67 1.08 1.47 1.74 1.80 1.63 1.30 0.85 0.47 0.15 0.04 0.12 0.33 0.66 1.04 1.35 1.51 1.43 1.17
  8   0.78 0.42 0.15 0.05 0.15 0.42 0.80 1.22 1.63 1.86 1.81 1.55 1.10 0.64 0.24-0.01-0.01 0.18 0.50 0.90 1.25 1.52 1.58 1.43
  9   1.06 0.64 0.28 0.08 0.08 0.26 0.60 1.06 1.50 1.82 1.90 1.76 1.40 0.92 0.47 0.14-0.02 0.02 0.30 0.70 1.14 1.48 1.66 1.62
 10   1.39 1.00 0.64 0.29 0.11 0.14 0.40 0.79 1.26 1.64 1.88 1.88 1.64 1.10 0.62 0.23 0.00-0.01 0.15 0.53 0.94 1.36 1.62 1.71
 11   1.56 1.20 0.81 0.45 0.21 0.10 0.22 0.56 0.96 1.36 1.68 1.83 1.71 1.39 0.92 0.50 0.17-0.01 0.02 0.27 0.62 1.04 1.41 1.61
 12   1.60 1.39 1.02 0.62 0.33 0.13 0.16 0.37 0.70 1.06 1.45 1.71 1.74 1.55 1.21 0.84 0.47 0.15 0.00 0.09 0.35 0.71 1.11 1.41
 13   1.59 1.57 1.35 0.97 0.65 0.37 0.20 0.24 0.47 0.78 1.14 1.45 1.62 1.59 1.41 1.08 0.67 0.35 0.13 0.15 0.35 0.66 1.01 1.31
 14   1.52 1.55 1.41 1.13 0.81 0.56 0.37 0.34 0.49 0.70 0.96 1.21 1.40 1.45 1.34 1.13 0.86 0.60 0.34 0.24 0.29 0.46 0.72 1.01
 15   1.27 1.42 1.42 1.30 1.07 0.81 0.59 0.45 0.42 0.51 0.68 0.85 1.01 1.14 1.20 1.13 0.94 0.70 0.48 0.31 0.24 0.28 0.42 0.63
 16   0.88 1.08 1.23 1.27 1.18 1.02 0.80 0.60 0.47 0.41 0.43 0.55 0.70 0.85 0.98 1.06 1.03 0.90 0.72 0.53 0.39 0.30 0.31 0.40
 17   0.58 0.82 1.03 1.20 1.28 1.25 1.13 0.94 0.75 0.59 0.45 0.42 0.49 0.62 0.79 0.94 1.06 1.10 1.04 0.90 0.68 0.50 0.36 0.30
 18   0.34 0.52 0.74 0.99 1.24 1.40 1.44 1.34 1.13 0.88 0.60 0.41 0.28 0.28 0.43 0.64 0.89 1.08 1.20 1.19 1.06 0.83 0.58 0.35
 19   0.21 0.22 0.37 0.64 0.98 1.31 1.52 1.58 1.48 1.25 0.98 0.72 0.43 0.20 0.12 0.28 0.58 0.90 1.19 1.33 1.32 1.14 0.93 0.69
 20   0.44 0.21 0.15 0.32 0.63 1.02 1.37 1.68 1.76 1.60 1.28 0.86 0.42 0.08-0.08 0.00 0.26 0.64 1.04 1.36 1.55 1.48 1.23 0.85
 21   0.48 0.15-0.04 0.00 0.26 0.68 1.16 1.57 1.82 1.84 1.62 1.20 0.80 0.47 0.17-0.03-0.10 0.12 0.51 0.95 1.32 1.57 1.61 1.39
 22   1.03 0.67 0.32 0.06-0.06 0.18 0.60 1.12 1.56 1.85 1.93 1.70 1.33 0.97 0.57 0.22 0.00 0.06 0.40 0.88 1.32 1.64 1.72 1.52
 23   1.13 0.70 0.34 0.09-0.04 0.12 0.47 0.93 1.40 1.78 1.93 1.78 1.41 0.94 0.41 0.02-0.16-0.08 0.24 0.70 1.20 1.56 1.74 1.66
 24   1.39 0.99 0.60 0.30 0.10 0.10 0.35 0.72 1.14 1.54 1.79 1.80 1.60 1.21 0.80 0.37 0.04-0.08 0.10 0.44 0.85 1.30 1.61 1.76
 25   1.60 1.28 0.86 0.49 0.25 0.12 0.25 0.58 0.99 1.40 1.70 1.80 1.69 1.45 1.16 0.80 0.44 0.17 0.05 0.24 0.60 1.02 1.38 1.60
 26   1.62 1.42 1.10 0.71 0.40 0.22 0.20 0.40 0.75 1.12 1.45 1.65 1.66 1.47 1.20 0.88 0.60 0.34 0.19 0.24 0.54 0.91 1.27 1.51
 27   1.59 1.50 1.26 1.00 0.70 0.50 0.38 0.38 0.60 0.94 1.27 1.50 1.60 1.54 1.35 1.10 0.85 0.61 0.41 0.32 0.40 0.68 1.00 1.30
 28   1.48 1.48 1.33 1.09 0.81 0.59 0.46 0.45 0.56 0.78 1.03 1.26 1.38 1.36 1.23 1.00 0.75 0.57 0.45 0.39 0.46 0.66 0.91 1.15
 29   1.31 1.36 1.30 1.16 0.98 0.81 0.67 0.58 0.57 0.68 0.86 1.01 1.14 1.19 1.15 1.05 0.93 0.79 0.67 0.57 0.52 0.58 0.74 0.92
 30   1.10 1.22 1.24 1.20 1.08 0.94 0.80 0.70 0.66 0.66 0.72 0.84 0.95 1.03 1.07 1.03 0.95 0.85 0.73 0.62 0.56 0.56 0.64 0.76
 31   0.90 1.02 1.12 1.18 1.18 1.13 1.04 0.92 0.82 0.74 0.70 0.70 0.75 0.83 0.92 0.98 1.00 0.97 0.91 0.83 0.75 0.67 0.62 0.61
 ----------------------------------------------------------------------------------------------------------------------------
                                                                                               
 ----------------------------------------------------------------------------------------------------------------------------
 ----------------------------------------------------------------------------------------------------------------------------
                                                          SURVEY OF INDIA
                                                    MARINE GEODESY WING (G&RB)
                                                     HOURLY HEIGHTS IN METRES
  NAME OF PORT:- PORT BLAIR                                                                         MONTH SEPT      YEAR 2017
 ----------------------------------------------------------------------------------------------------------------------------
 DAYS 0000 0001 0002 0003 0004 0005 0006 0007 0008 0009 0010 0011 0012 0013 0014 0015 0016 0017 0018 0019 0020 0021 0022 0023
 ----------------------------------------------------------------------------------------------------------------------------
  1   0.67 0.77 0.92 1.06 1.18 1.23 1.21 1.12 1.00 0.89 0.78 0.69 0.62 0.62 0.71 0.83 0.95 1.04 1.08 1.06 0.96 0.85 0.73 0.62
  2   0.54 0.58 0.70 0.88 1.08 1.27 1.38 1.38 1.30 1.18 1.02 0.84 0.66 0.53 0.49 0.63 0.82 1.02 1.17 1.22 1.18 1.06 0.91 0.75
  3   0.58 0.44 0.46 0.67 0.93 1.21 1.43 1.54 1.53 1.43 1.26 1.02 0.78 0.55 0.42 0.40 0.58 0.86 1.14 1.34 1.36 1.27 1.12 0.95
  4   0.75 0.53 0.39 0.45 0.68 0.98 1.27 1.51 1.63 1.55 1.34 1.10 0.85 0.58 0.36 0.28 0.40 0.66 0.94 1.22 1.43 1.46 1.30 1.05
  5   0.80 0.52 0.32 0.22 0.37 0.69 1.04 1.42 1.68 1.76 1.54 1.15 0.73 0.34 0.10 0.04 0.20 0.50 0.82 1.18 1.48 1.60 1.45 1.10
  6   0.73 0.38 0.12 0.08 0.24 0.56 0.99 1.42 1.76 1.92 1.78 1.42 0.96 0.50 0.15-0.03 0.04 0.29 0.60 1.02 1.42 1.68 1.70 1.42
  7   1.02 0.61 0.24 0.04 0.06 0.29 0.62 1.06 1.50 1.83 1.93 1.69 1.28 0.80 0.35 0.03-0.04 0.14 0.52 1.02 1.45 1.77 1.89 1.72
  8   1.38 1.03 0.72 0.42 0.17 0.13 0.44 0.86 1.29 1.69 1.92 1.86 1.53 1.10 0.64 0.28 0.08 0.03 0.20 0.57 1.01 1.44 1.74 1.82
  9   1.58 1.20 0.72 0.28 0.03 0.00 0.24 0.60 1.02 1.42 1.74 1.86 1.68 1.29 0.77 0.35 0.09-0.01 0.08 0.38 0.81 1.26 1.61 1.79
 10   1.72 1.50 1.23 0.89 0.57 0.29 0.17 0.31 0.66 1.10 1.48 1.70 1.72 1.46 1.06 0.58 0.19 0.02 0.01 0.24 0.62 1.08 1.47 1.74
 11   1.79 1.65 1.40 1.12 0.81 0.51 0.29 0.29 0.50 0.81 1.16 1.44 1.59 1.54 1.29 0.89 0.50 0.24 0.11 0.20 0.44 0.82 1.20 1.51
 12   1.66 1.62 1.46 1.24 1.00 0.74 0.49 0.35 0.35 0.62 0.94 1.23 1.40 1.41 1.30 1.14 0.94 0.71 0.49 0.34 0.33 0.50 0.76 1.05
 13   1.30 1.45 1.46 1.29 1.04 0.77 0.52 0.40 0.38 0.50 0.67 0.88 1.07 1.20 1.23 1.14 0.99 0.82 0.62 0.46 0.36 0.43 0.59 0.79
 14   1.00 1.22 1.34 1.35 1.25 1.11 0.96 0.79 0.65 0.55 0.54 0.63 0.77 0.92 1.04 1.10 1.10 1.01 0.87 0.71 0.57 0.50 0.52 0.62
 15   0.75 0.92 1.10 1.25 1.36 1.36 1.23 1.05 0.86 0.68 0.57 0.50 0.56 0.68 0.82 0.97 1.09 1.16 1.16 1.06 0.93 0.79 0.66 0.58
 16   0.57 0.65 0.80 1.00 1.20 1.37 1.47 1.44 1.25 0.99 0.74 0.52 0.40 0.41 0.49 0.65 0.85 1.08 1.25 1.34 1.27 1.04 0.77 0.53
 17   0.40 0.38 0.50 0.70 0.92 1.20 1.44 1.58 1.54 1.26 0.90 0.55 0.26 0.15 0.18 0.36 0.66 1.00 1.29 1.44 1.44 1.25 0.96 0.62
 18   0.34 0.18 0.18 0.36 0.69 1.08 1.43 1.66 1.70 1.52 1.18 0.79 0.47 0.26 0.11 0.10 0.34 0.68 1.04 1.35 1.56 1.54 1.28 0.90
 19   0.60 0.40 0.26 0.24 0.41 0.75 1.12 1.52 1.80 1.89 1.70 1.33 0.96 0.65 0.36 0.18 0.16 0.44 0.81 1.26 1.62 1.80 1.64 1.25
 20   0.78 0.40 0.10 0.03 0.17 0.44 0.82 1.30 1.68 1.91 1.90 1.70 1.41 1.06 0.68 0.37 0.18 0.22 0.58 1.00 1.43 1.73 1.80 1.53
 21   1.08 0.64 0.38 0.19 0.10 0.20 0.52 0.98 1.44 1.79 1.92 1.66 1.20 0.70 0.26-0.04-0.08 0.08 0.36 0.76 1.25 1.64 1.86 1.70
 22   1.30 0.85 0.36 0.06-0.04 0.06 0.28 0.70 1.16 1.58 1.80 1.70 1.38 0.90 0.44 0.07-0.10-0.03 0.18 0.56 1.03 1.48 1.74 1.82
 23   1.56 1.13 0.65 0.27 0.03 0.04 0.24 0.56 0.93 1.32 1.61 1.76 1.55 1.15 0.70 0.33 0.04 0.00 0.17 0.49 0.86 1.25 1.59 1.78
 24   1.64 1.30 0.86 0.46 0.17 0.06 0.17 0.39 0.70 1.07 1.38 1.58 1.57 1.28 0.88 0.48 0.22 0.07 0.14 0.38 0.70 1.04 1.34 1.56
 25   1.58 1.42 1.08 0.68 0.37 0.19 0.18 0.36 0.62 0.90 1.18 1.38 1.44 1.32 1.05 0.69 0.40 0.23 0.22 0.38 0.66 0.97 1.24 1.44
 26   1.56 1.47 1.20 0.86 0.57 0.39 0.32 0.39 0.60 0.86 1.12 1.30 1.34 1.27 1.11 0.84 0.56 0.39 0.35 0.42 0.60 0.83 1.06 1.27
 27   1.41 1.40 1.27 1.07 0.80 0.60 0.48 0.48 0.60 0.77 0.96 1.13 1.22 1.20 1.08 0.92 0.74 0.57 0.48 0.48 0.56 0.73 0.93 1.12
 28   1.26 1.30 1.26 1.15 0.95 0.77 0.63 0.56 0.56 0.63 0.74 0.85 0.96 1.03 1.02 0.96 0.86 0.74 0.66 0.62 0.62 0.66 0.76 0.88
 29   1.01 1.10 1.14 1.14 1.06 0.96 0.84 0.74 0.66 0.62 0.61 0.67 0.75 0.84 0.90 0.94 0.94 0.91 0.86 0.79 0.71 0.66 0.64 0.67
 30   0.74 0.85 0.96 1.07 1.14 1.16 1.10 0.99 0.86 0.72 0.62 0.56 0.58 0.66 0.76 0.87 0.98 1.07 1.09 1.02 0.90 0.77 0.65 0.58
 ----------------------------------------------------------------------------------------------------------------------------
                                                                                               
 ----------------------------------------------------------------------------------------------------------------------------
 ----------------------------------------------------------------------------------------------------------------------------
                                                          SURVEY OF INDIA
                                                    MARINE GEODESY WING (G&RB)
                                                     HOURLY HEIGHTS IN METRES
  NAME OF PORT:- PORT BLAIR                                                                         MONTH OCTOBER   YEAR 2017
 ----------------------------------------------------------------------------------------------------------------------------
 DAYS 0000 0001 0002 0003 0004 0005 0006 0007 0008 0009 0010 0011 0012 0013 0014 0015 0016 0017 0018 0019 0020 0021 0022 0023
 ----------------------------------------------------------------------------------------------------------------------------
  1   0.58 0.66 0.80 0.99 1.15 1.27 1.32 1.28 1.17 1.00 0.81 0.61 0.46 0.41 0.46 0.62 0.82 1.02 1.18 1.24 1.15 0.91 0.70 0.53
  2   0.42 0.42 0.52 0.69 0.92 1.18 1.37 1.45 1.38 1.21 0.97 0.70 0.48 0.32 0.28 0.42 0.67 0.97 1.23 1.39 1.38 1.20 0.92 0.62
  3   0.37 0.24 0.26 0.45 0.72 1.04 1.32 1.52 1.54 1.36 1.04 0.66 0.34 0.12 0.09 0.22 0.46 0.83 1.17 1.47 1.59 1.49 1.22 0.89
  4
  5
  6
  7
  8
  9
 10   1.84 1.57 1.20 0.74 0.39 0.12 0.06 0.22 0.52 0.86 1.19 1.47 1.60 1.48 1.18 0.84 0.48 0.21 0.15 0.27 0.51 0.84 1.20 1.56
 11   1.76 1.76 1.50 1.14 0.76 0.48 0.28 0.27 0.44 0.68 0.95 1.20 1.40 1.46 1.31 1.06 0.76 0.54 0.40 0.37 0.46 0.66 0.96 1.25
 12   1.50 1.65 1.58 1.34 1.03 0.77 0.53 0.38 0.39 0.50 0.68 0.89 1.10 1.24 1.28 1.19 1.02 0.79 0.62 0.53 0.50 0.58 0.74 0.95
 13   1.19 1.36 1.46 1.43 1.29 1.09 0.89 0.70 0.56 0.48 0.51 0.64 0.80 0.96 1.10 1.18 1.18 1.08 0.93 0.80 0.69 0.61 0.61 0.71
 14   0.86 1.04 1.20 1.34 1.38 1.32 1.19 1.00 0.79 0.62 0.49 0.44 0.50 0.63 0.79 0.96 1.10 1.18 1.18 1.06 0.90 0.74 0.62 0.56
 15   0.55 0.64 0.80 1.02 1.22 1.35 1.38 1.31 1.17 0.94 0.70 0.48 0.34 0.30 0.44 0.64 0.88 1.12 1.28 1.29 1.16 0.95 0.72 0.50
 16   0.36 0.36 0.50 0.76 1.01 1.28 1.44 1.48 1.41 1.18 0.86 0.47 0.22 0.15 0.24 0.46 0.76 1.10 1.39 1.52 1.47 1.25 0.94 0.61
 17   0.36 0.23 0.26 0.48 0.81 1.15 1.46 1.63 1.60 1.39 1.06 0.69 0.36 0.13 0.10 0.24 0.51 0.84 1.20 1.50 1.66 1.55 1.27 0.90
 18   0.50 0.23 0.13 0.22 0.48 0.86 1.26 1.56 1.73 1.65 1.37 0.97 0.54 0.19-0.02 0.05 0.30 0.67 1.10 1.47 1.72 1.73 1.49 1.16
 19   0.85 0.54 0.32 0.16 0.20 0.52 0.94 1.34 1.63 1.72 1.53 1.17 0.70 0.32 0.04-0.04 0.11 0.44 0.82 1.31 1.66 1.84 1.72 1.40
 20   1.04 0.73 0.45 0.20 0.11 0.28 0.66 1.07 1.46 1.71 1.71 1.43 1.02 0.53 0.17-0.02 0.02 0.26 0.60 1.05 1.47 1.78 1.87 1.68
 21   1.38 1.01 0.60 0.25 0.05 0.15 0.42 0.82 1.24 1.58 1.73 1.57 1.22 0.78 0.42 0.14 0.00 0.14 0.41 0.82 1.28 1.67 1.89 1.79
 22   1.52 1.18 0.78 0.38 0.12 0.05 0.30 0.67 1.06 1.42 1.62 1.58 1.37 0.98 0.56 0.22 0.06 0.06 0.32 0.68 1.08 1.50 1.76 1.82
 23   1.70 1.50 1.18 0.83 0.52 0.30 0.24 0.46 0.82 1.20 1.50 1.58 1.40 1.07 0.70 0.32 0.12 0.10 0.28 0.59 0.97 1.34 1.62 1.72
 24   1.58 1.28 0.87 0.47 0.21 0.12 0.22 0.44 0.75 1.07 1.35 1.45 1.38 1.13 0.80 0.48 0.26 0.16 0.24 0.46 0.75 1.10 1.39 1.56
 25   1.54 1.34 1.03 0.66 0.38 0.20 0.20 0.37 0.58 0.85 1.10 1.29 1.33 1.19 0.94 0.66 0.42 0.28 0.28 0.42 0.64 0.92 1.20 1.42
 26   1.50 1.40 1.18 0.90 0.62 0.41 0.32 0.38 0.50 0.70 0.91 1.10 1.22 1.18 1.04 0.85 0.64 0.49 0.42 0.45 0.57 0.76 0.98 1.20
 27   1.34 1.36 1.23 1.05 0.84 0.64 0.51 0.46 0.48 0.60 0.74 0.91 1.04 1.09 1.04 0.93 0.78 0.65 0.57 0.54 0.59 0.70 0.84 0.99
 28   1.14 1.22 1.22 1.14 1.00 0.84 0.72 0.63 0.58 0.56 0.62 0.74 0.86 0.95 1.01 1.02 0.98 0.89 0.81 0.74 0.70 0.68 0.73 0.80
 29   0.90 1.03 1.13 1.18 1.16 1.07 0.96 0.82 0.70 0.62 0.60 0.64 0.71 0.82 0.92 1.02 1.09 1.11 1.06 0.98 0.87 0.77 0.69 0.69
 30   0.75 0.84 0.97 1.09 1.21 1.27 1.24 1.10 0.95 0.79 0.62 0.52 0.51 0.60 0.75 0.93 1.10 1.24 1.29 1.24 1.10 0.94 0.80 0.67
 31   0.60 0.64 0.77 0.94 1.13 1.30 1.41 1.37 1.16 0.90 0.64 0.44 0.34 0.37 0.54 0.80 1.09 1.35 1.52 1.53 1.38 1.14 0.84 0.58
 ----------------------------------------------------------------------------------------------------------------------------
                                                                                               
 ----------------------------------------------------------------------------------------------------------------------------
 ----------------------------------------------------------------------------------------------------------------------------
                                                          SURVEY OF INDIA
                                                    MARINE GEODESY WING (G&RB)
                                                     HOURLY HEIGHTS IN METRES
  NAME OF PORT:- PORT BLAIR                                                                         MONTH NOVEMBER  YEAR 2017
 ----------------------------------------------------------------------------------------------------------------------------
 DAYS 0000 0001 0002 0003 0004 0005 0006 0007 0008 0009 0010 0011 0012 0013 0014 0015 0016 0017 0018 0019 0020 0021 0022 0023
 ----------------------------------------------------------------------------------------------------------------------------
  1   0.40 0.38 0.50 0.75 1.05 1.34 1.53 1.57 1.43 1.15 0.80 0.46 0.24 0.18 0.27 0.53 0.87 1.24 1.54 1.68 1.62 1.38 1.04 0.66
  2   0.38 0.22 0.26 0.48 0.81 1.20 1.53 1.71 1.68 1.44 1.06 0.63 0.28 0.08 0.07 0.27 0.63 1.07 1.50 1.82 1.91 1.76 1.42 0.98
  3   0.54 0.23 0.11 0.21 0.50 0.92 1.36 1.72 1.85 1.74 1.43 1.01 0.58 0.24 0.02 0.06 0.31 0.66 1.16 1.62 1.96 2.06 1.83 1.41
  4   0.97 0.60 0.31 0.13 0.20 0.48 0.88 1.32 1.70 1.87 1.70 1.32 0.82 0.36 0.07-0.02 0.05 0.32 0.81 1.34 1.80 2.08 2.04 1.70
  5   1.18 0.64 0.17-0.08-0.07 0.13 0.51 1.01 1.48 1.80 1.86 1.59 1.12 0.61 0.15-0.08-0.13 0.03 0.43 0.96 1.47 1.90 2.10 1.92
  6   1.51 0.98 0.44 0.07-0.13-0.10 0.15 0.58 1.05 1.47 1.74 1.74 1.46 1.00 0.47 0.01-0.20-0.14 0.18 0.62 1.13 1.59 1.92 2.03
  7   1.78 1.35 0.83 0.35 0.01-0.08 0.01 0.28 0.69 1.13 1.50 1.69 1.56 1.23 0.79 0.39 0.11 0.03 0.10 0.38 0.77 1.24 1.65 1.90
  8   1.86 1.57 1.15 0.65 0.30 0.05 0.02 0.17 0.45 0.84 1.21 1.46 1.53 1.35 1.06 0.70 0.37 0.17 0.14 0.27 0.54 0.93 1.33 1.63
  9   1.79 1.67 1.39 1.00 0.64 0.32 0.15 0.16 0.29 0.55 0.87 1.15 1.34 1.35 1.20 0.96 0.68 0.42 0.30 0.33 0.48 0.74 1.08 1.37
 10   1.58 1.64 1.52 1.28 1.05 0.80 0.55 0.37 0.31 0.46 0.68 0.91 1.12 1.25 1.24 1.13 0.98 0.82 0.66 0.54 0.48 0.55 0.74 0.98
 11   1.22 1.38 1.43 1.35 1.16 0.98 0.78 0.62 0.48 0.40 0.43 0.60 0.78 0.97 1.13 1.19 1.15 1.04 0.92 0.79 0.67 0.61 0.62 0.75
 12   0.93 1.11 1.27 1.37 1.36 1.25 1.09 0.90 0.71 0.55 0.45 0.42 0.52 0.70 0.90 1.10 1.22 1.25 1.18 1.06 0.92 0.79 0.65 0.58
 13   0.65 0.78 0.96 1.15 1.30 1.36 1.30 1.15 0.94 0.69 0.45 0.33 0.34 0.43 0.63 0.88 1.13 1.32 1.39 1.35 1.18 0.94 0.71 0.52
 14   0.45 0.50 0.67 0.90 1.14 1.34 1.44 1.38 1.18 0.92 0.61 0.35 0.20 0.20 0.33 0.57 0.89 1.23 1.46 1.56 1.46 1.22 0.93 0.61
 15   0.37 0.30 0.37 0.54 0.82 1.14 1.40 1.51 1.43 1.18 0.84 0.51 0.25 0.12 0.18 0.35 0.65 1.02 1.37 1.60 1.65 1.44 1.12 0.76
 16   0.41 0.20 0.18 0.34 0.62 1.00 1.31 1.52 1.55 1.40 1.09 0.73 0.37 0.11 0.05 0.20 0.50 0.88 1.30 1.60 1.75 1.65 1.38 1.00
 17   0.59 0.27 0.10 0.14 0.36 0.72 1.10 1.41 1.58 1.53 1.30 0.92 0.48 0.18 0.01 0.07 0.36 0.76 1.20 1.62 1.83 1.80 1.58 1.18
 18   0.77 0.32 0.08 0.03 0.18 0.48 0.88 1.28 1.56 1.61 1.44 1.15 0.74 0.35 0.08 0.01 0.18 0.50 0.94 1.40 1.74 1.88 1.76 1.47
 19   1.01 0.59 0.21 0.03 0.08 0.29 0.67 1.06 1.42 1.64 1.57 1.32 0.92 0.54 0.21 0.03 0.06 0.32 0.70 1.14 1.56 1.84 1.87 1.62
 20   1.23 0.80 0.42 0.14 0.05 0.13 0.43 0.79 1.19 1.48 1.61 1.40 1.08 0.69 0.32 0.08 0.05 0.22 0.56 1.00 1.44 1.80 1.88 1.76
 21   1.42 0.98 0.55 0.23 0.06 0.10 0.30 0.65 1.04 1.37 1.55 1.50 1.26 0.91 0.54 0.25 0.13 0.18 0.40 0.75 1.18 1.57 1.83 1.82
 22   1.60 1.22 0.78 0.41 0.20 0.12 0.24 0.50 0.84 1.16 1.43 1.50 1.34 1.10 0.77 0.45 0.26 0.22 0.34 0.60 0.94 1.32 1.64 1.78
 23   1.63 1.36 1.00 0.68 0.41 0.24 0.20 0.36 0.63 0.96 1.25 1.43 1.38 1.20 0.90 0.60 0.35 0.25 0.28 0.48 0.75 1.11 1.44 1.66
 24   1.63 1.46 1.14 0.80 0.50 0.30 0.22 0.29 0.47 0.74 1.01 1.24 1.31 1.22 1.00 0.76 0.52 0.36 0.33 0.43 0.64 0.92 1.23 1.48
 25   1.55 1.47 1.26 1.01 0.80 0.57 0.40 0.35 0.43 0.65 0.91 1.12 1.24 1.21 1.10 0.94 0.75 0.60 0.50 0.50 0.60 0.82 1.06 1.29
 26   1.41 1.44 1.34 1.17 0.98 0.81 0.65 0.53 0.48 0.57 0.75 0.92 1.06 1.14 1.14 1.06 0.94 0.81 0.70 0.63 0.66 0.76 0.89 1.04
 27   1.19 1.29 1.31 1.25 1.15 1.03 0.91 0.77 0.63 0.55 0.57 0.68 0.81 0.94 1.05 1.11 1.12 1.05 0.96 0.87 0.78 0.72 0.71 0.78
 28   0.88 1.01 1.13 1.24 1.25 1.17 1.04 0.88 0.69 0.52 0.43 0.44 0.54 0.70 0.86 1.04 1.18 1.26 1.20 1.06 0.90 0.76 0.65 0.61
 29   0.65 0.77 0.92 1.07 1.22 1.29 1.26 1.10 0.89 0.64 0.45 0.36 0.37 0.48 0.66 0.90 1.16 1.36 1.48 1.42 1.24 0.98 0.74 0.56
 30   0.48 0.52 0.65 0.84 1.08 1.28 1.40 1.35 1.14 0.84 0.54 0.32 0.24 0.30 0.44 0.66 0.98 1.30 1.56 1.65 1.51 1.21 0.88 0.54
 ----------------------------------------------------------------------------------------------------------------------------
                                                                                               
 ----------------------------------------------------------------------------------------------------------------------------
 ----------------------------------------------------------------------------------------------------------------------------
                                                          SURVEY OF INDIA
                                                    MARINE GEODESY WING (G&RB)
                                                     HOURLY HEIGHTS IN METRES
  NAME OF PORT:- PORT BLAIR                                                                         MONTH DECEMBER  YEAR 2017
 ----------------------------------------------------------------------------------------------------------------------------
 DAYS 0000 0001 0002 0003 0004 0005 0006 0007 0008 0009 0010 0011 0012 0013 0014 0015 0016 0017 0018 0019 0020 0021 0022 0023
 ----------------------------------------------------------------------------------------------------------------------------
  1   0.36 0.30 0.39 0.63 0.95 1.26 1.51 1.56 1.42 1.14 0.78 0.43 0.19 0.12 0.24 0.45 0.74 1.15 1.54 1.79 1.84 1.59 1.20 0.77
  2   0.42 0.22 0.18 0.35 0.66 1.04 1.35 1.61 1.67 1.47 1.12 0.70 0.31 0.06 0.03 0.23 0.59 1.07 1.50 1.83 2.03 1.94 1.59 1.10
  3   0.60 0.25 0.06 0.08 0.30 0.69 1.10 1.43 1.68 1.73 1.45 1.01 0.53 0.14-0.06-0.02 0.24 0.65 1.19 1.68 2.05 2.18 1.98 1.54
  4   1.00 0.44 0.07-0.09-0.01 0.25 0.64 1.06 1.46 1.72 1.74 1.42 0.97 0.46 0.08-0.08-0.01 0.21 0.60 1.10 1.60 1.98 2.16 1.91
  5   1.43 0.88 0.35 0.01-0.10 0.03 0.31 0.76 1.22 1.60 1.81 1.68 1.34 0.86 0.39 0.10 0.01 0.12 0.40 0.84 1.39 1.94 2.24 2.18
  6   1.83 1.34 0.77 0.29-0.02-0.09 0.12 0.51 0.99 1.46 1.76 1.79 1.59 1.23 0.75 0.34 0.09 0.04 0.23 0.63 1.13 1.60 2.00 2.10
  7   1.96 1.60 1.13 0.62 0.22-0.04-0.01 0.20 0.58 1.02 1.41 1.63 1.62 1.41 1.05 0.63 0.30 0.10 0.12 0.34 0.70 1.14 1.54 1.82
  8   1.86 1.66 1.34 0.89 0.45 0.14-0.02 0.02 0.24 0.58 0.94 1.27 1.42 1.39 1.20 0.92 0.62 0.36 0.26 0.30 0.50 0.76 1.11 1.43
  9   1.64 1.71 1.53 1.23 0.88 0.55 0.29 0.17 0.24 0.44 0.70 0.95 1.18 1.36 1.38 1.23 1.00 0.76 0.58 0.48 0.54 0.70 0.90 1.12
 10   1.34 1.51 1.58 1.44 1.20 0.93 0.67 0.46 0.38 0.40 0.51 0.69 0.92 1.14 1.29 1.34 1.25 1.06 0.88 0.72 0.62 0.61 0.72 0.90
 11   1.08 1.26 1.38 1.38 1.30 1.12 0.90 0.66 0.46 0.38 0.38 0.48 0.62 0.83 1.08 1.24 1.27 1.21 1.08 0.94 0.78 0.63 0.58 0.63
 12   0.76 0.95 1.12 1.26 1.29 1.24 1.09 0.89 0.68 0.49 0.39 0.38 0.45 0.60 0.81 1.04 1.21 1.31 1.31 1.19 1.02 0.81 0.62 0.56
 13   0.58 0.65 0.80 0.97 1.14 1.25 1.24 1.12 0.94 0.69 0.49 0.39 0.38 0.46 0.61 0.81 1.05 1.28 1.41 1.43 1.31 1.08 0.82 0.59
 14   0.45 0.46 0.58 0.74 0.92 1.09 1.24 1.30 1.20 1.00 0.75 0.50 0.36 0.34 0.42 0.62 0.91 1.22 1.48 1.62 1.62 1.46 1.22 0.88
 15   0.57 0.37 0.35 0.46 0.70 0.96 1.20 1.37 1.39 1.19 0.90 0.59 0.36 0.24 0.29 0.50 0.80 1.14 1.45 1.68 1.74 1.57 1.31 0.99
 16   0.68 0.38 0.24 0.32 0.54 0.84 1.14 1.39 1.48 1.38 1.13 0.78 0.47 0.26 0.21 0.27 0.45 0.78 1.18 1.52 1.73 1.78 1.58 1.21
 17   0.81 0.41 0.18 0.18 0.36 0.65 1.01 1.31 1.48 1.47 1.28 1.01 0.65 0.32 0.15 0.14 0.28 0.55 0.91 1.27 1.58 1.75 1.73 1.45
 18   0.97 0.58 0.27 0.12 0.20 0.42 0.70 1.00 1.27 1.44 1.41 1.18 0.85 0.48 0.22 0.14 0.22 0.46 0.80 1.23 1.62 1.82 1.80 1.54
 19   1.12 0.70 0.33 0.11 0.08 0.22 0.50 0.84 1.17 1.43 1.47 1.30 1.01 0.65 0.33 0.15 0.17 0.33 0.62 1.05 1.47 1.78 1.87 1.71
 20   1.35 0.89 0.49 0.19 0.08 0.14 0.38 0.71 1.04 1.35 1.52 1.44 1.20 0.84 0.48 0.22 0.14 0.23 0.49 0.87 1.28 1.65 1.84 1.82
 21   1.54 1.14 0.71 0.35 0.10 0.05 0.20 0.48 0.85 1.20 1.42 1.48 1.31 1.03 0.68 0.36 0.17 0.16 0.33 0.64 1.04 1.42 1.72 1.82
 22   1.68 1.35 0.94 0.54 0.24 0.10 0.14 0.34 0.66 1.00 1.30 1.43 1.37 1.18 0.88 0.56 0.31 0.22 0.29 0.50 0.81 1.17 1.51 1.73
 23   1.76 1.52 1.15 0.75 0.40 0.18 0.13 0.25 0.50 0.81 1.10 1.30 1.41 1.32 1.09 0.81 0.52 0.35 0.34 0.46 0.68 0.98 1.30 1.56
 24   1.72 1.63 1.35 1.00 0.64 0.36 0.23 0.25 0.40 0.61 0.90 1.14 1.36 1.41 1.28 1.05 0.77 0.52 0.41 0.42 0.55 0.75 1.03 1.30
 25   1.52 1.59 1.44 1.19 0.88 0.57 0.36 0.26 0.32 0.47 0.70 0.95 1.18 1.32 1.31 1.19 0.98 0.73 0.57 0.48 0.51 0.64 0.82 1.05
 26   1.28 1.42 1.44 1.28 1.03 0.77 0.54 0.38 0.32 0.34 0.49 0.69 0.92 1.13 1.27 1.28 1.19 0.99 0.79 0.61 0.53 0.54 0.64 0.81
 27   1.00 1.18 1.29 1.31 1.19 0.99 0.77 0.55 0.39 0.33 0.36 0.46 0.64 0.87 1.10 1.26 1.32 1.28 1.14 0.94 0.76 0.63 0.60 0.66
 28   0.78 0.96 1.14 1.26 1.30 1.23 1.06 0.84 0.63 0.45 0.35 0.36 0.46 0.62 0.86 1.12 1.32 1.43 1.43 1.30 1.04 0.80 0.62 0.52
 29   0.52 0.65 0.82 1.04 1.21 1.30 1.28 1.12 0.88 0.62 0.39 0.29 0.28 0.38 0.58 0.87 1.18 1.43 1.56 1.56 1.40 1.08 0.75 0.47
 30   0.34 0.36 0.50 0.71 0.95 1.18 1.34 1.35 1.18 0.92 0.62 0.34 0.17 0.16 0.34 0.63 1.00 1.35 1.64 1.76 1.66 1.42 1.07 0.67
 31   0.33 0.17 0.18 0.33 0.60 0.91 1.22 1.43 1.49 1.30 1.00 0.63 0.28 0.08 0.09 0.26 0.54 0.96 1.40 1.73 1.90 1.80 1.53 1.10
 ----------------------------------------------------------------------------------------------------------------------------
                                                                                               
 ----------------------------------------------------------------------------------------------------------------------------
 ----------------------------------------------------------------------------------------------------------------------------
