                                                          SURVEY OF INDIA
                                                    MARINE GEODESY WING (G&RB)
                                                     HOURLY HEIGHTS IN METRES
  NAME OF PORT:- PORT BLAIR                                                                         MONTH JANUARY   YEAR 2010
 ----------------------------------------------------------------------------------------------------------------------------
 DAYS 0000 0001 0002 0003 0004 0005 0006 0007 0008 0009 0010 0011 0012 0013 0014 0015 0016 0017 0018 0019 0020 0021 0022 0023
 ----------------------------------------------------------------------------------------------------------------------------
  1   2.55 2.22 1.87 1.55 1.31 1.29 1.59 1.99 2.37 2.63 2.66 2.54 2.32 2.04 1.73 1.45 1.26 1.40 1.71 2.18 2.63 3.02 3.21 3.09
  2   2.88 2.58 2.22 1.84 1.52 1.25 1.26 1.60 2.01 2.41 2.67 2.73 2.58 2.35 2.06 1.73 1.45 1.28 1.42 1.80 2.30 2.75 3.10 3.20
  3   3.03 2.80 2.46 2.10 1.71 1.39 1.16 1.33 1.74 2.19 2.61 2.80 2.74 2.57 2.31 2.00 1.68 1.41 1.28 1.52 1.94 2.42 2.86 3.16
  4   3.12 2.96 2.70 2.36 2.00 1.64 1.33 1.18 1.45 1.87 2.28 2.58 2.74 2.65 2.44 2.17 1.86 1.60 1.40 1.40 1.70 2.11 2.56 2.91
  5   3.09 2.96 2.75 2.48 2.13 1.78 1.45 1.24 1.29 1.59 2.01 2.37 2.62 2.70 2.59 2.41 2.19 1.94 1.71 1.53 1.54 1.81 2.15 2.51
  6   2.80 2.85 2.73 2.53 2.27 1.98 1.69 1.44 1.30 1.47 1.79 2.19 2.50 2.60 2.62 2.50 2.32 2.10 1.86 1.66 1.55 1.68 1.93 2.22
  7   2.55 2.68 2.65 2.49 2.30 2.10 1.87 1.65 1.47 1.43 1.62 1.88 2.16 2.40 2.55 2.53 2.40 2.24 2.05 1.85 1.70 1.64 1.75 1.95
  8   2.20 2.39 2.47 2.41 2.30 2.15 1.96 1.77 1.59 1.47 1.51 1.69 1.93 2.17 2.37 2.48 2.47 2.37 2.23 2.07 1.91 1.76 1.70 1.75
  9   1.89 2.03 2.17 2.24 2.22 2.13 2.02 1.88 1.74 1.61 1.55 1.60 1.74 1.92 2.11 2.29 2.41 2.42 2.36 2.25 2.12 1.97 1.83 1.73
 10   1.72 1.79 1.91 2.03 2.13 2.15 2.12 2.04 1.94 1.82 1.70 1.61 1.62 1.72 1.89 2.09 2.27 2.42 2.48 2.43 2.33 2.20 2.05 1.88
 11   1.74 1.66 1.70 1.81 1.96 2.10 2.19 2.19 2.13 2.02 1.88 1.74 1.62 1.58 1.67 1.84 2.06 2.29 2.45 2.56 2.53 2.42 2.27 2.09
 12   1.88 1.71 1.59 1.62 1.76 1.94 2.12 2.23 2.25 2.17 2.05 1.89 1.72 1.58 1.49 1.60 1.82 2.07 2.36 2.58 2.68 2.61 2.46 2.26
 13   2.04 1.81 1.61 1.49 1.55 1.75 1.96 2.13 2.28 2.31 2.19 2.03 1.86 1.69 1.58 1.52 1.67 1.92 2.21 2.50 2.72 2.76 2.64 2.45
 14   2.19 1.95 1.68 1.46 1.39 1.52 1.73 2.00 2.22 2.39 2.36 2.21 2.01 1.80 1.59 1.43 1.48 1.68 1.96 2.30 2.61 2.81 2.78 2.63
 15   2.40 2.12 1.84 1.58 1.39 1.41 1.64 1.93 2.24 2.47 2.53 2.39 2.20 1.98 1.73 1.52 1.39 1.52 1.79 2.15 2.53 2.83 2.95 2.83
 16   2.62 2.35 2.05 1.75 1.49 1.36 1.50 1.78 2.10 2.38 2.56 2.52 2.33 2.07 1.79 1.53 1.35 1.38 1.60 1.91 2.28 2.61 2.86 2.87
 17   2.71 2.49 2.21 1.89 1.61 1.40 1.38 1.58 1.88 2.18 2.44 2.57 2.47 2.28 2.04 1.78 1.53 1.37 1.46 1.71 2.02 2.36 2.66 2.84
 18   2.77 2.58 2.31 2.01 1.71 1.45 1.32 1.45 1.70 2.00 2.27 2.51 2.56 2.42 2.21 1.97 1.72 1.52 1.43 1.59 1.86 2.19 2.52 2.77
 19   2.80 2.66 2.42 2.14 1.84 1.57 1.36 1.37 1.58 1.85 2.15 2.40 2.56 2.51 2.33 2.10 1.85 1.62 1.46 1.52 1.76 2.07 2.41 2.69
 20   2.79 2.68 2.50 2.23 1.92 1.64 1.40 1.32 1.50 1.81 2.16 2.46 2.64 2.58 2.42 2.22 1.98 1.74 1.54 1.47 1.63 1.87 2.17 2.46
 21   2.66 2.64 2.48 2.26 1.99 1.72 1.48 1.34 1.45 1.70 2.02 2.34 2.58 2.63 2.50 2.30 2.09 1.88 1.68 1.56 1.64 1.86 2.12 2.40
 22   2.61 2.64 2.52 2.34 2.12 1.87 1.63 1.45 1.42 1.58 1.83 2.11 2.37 2.55 2.54 2.43 2.27 2.06 1.86 1.71 1.64 1.76 1.94 2.18
 23   2.39 2.49 2.42 2.26 2.10 1.90 1.69 1.51 1.42 1.50 1.66 1.89 2.14 2.37 2.49 2.45 2.34 2.18 2.01 1.85 1.72 1.70 1.78 1.92
 24   2.10 2.23 2.30 2.26 2.15 2.00 1.84 1.68 1.55 1.52 1.60 1.76 1.96 2.17 2.34 2.41 2.36 2.28 2.18 2.06 1.93 1.83 1.78 1.83
 25   1.94 2.05 2.15 2.19 2.16 2.09 1.98 1.86 1.74 1.65 1.62 1.68 1.80 1.97 2.15 2.32 2.44 2.46 2.39 2.29 2.17 2.05 1.91 1.80
 26   1.76 1.82 1.92 2.02 2.12 2.17 2.15 2.08 1.98 1.85 1.72 1.62 1.60 1.68 1.83 2.02 2.23 2.42 2.55 2.54 2.44 2.30 2.13 1.96
 27   1.77 1.64 1.62 1.74 1.90 2.06 2.20 2.26 2.19 2.06 1.89 1.72 1.57 1.50 1.57 1.74 1.95 2.21 2.47 2.66 2.72 2.60 2.40 2.19
 28   1.96 1.73 1.54 1.47 1.61 1.83 2.09 2.31 2.43 2.37 2.23 2.04 1.81 1.60 1.44 1.46 1.66 1.94 2.27 2.58 2.82 2.88 2.73 2.52
 29   2.23 1.90 1.61 1.39 1.34 1.54 1.83 2.15 2.43 2.59 2.52 2.34 2.10 1.82 1.56 1.35 1.35 1.58 1.92 2.32 2.67 2.93 3.01 2.83
 30   2.54 2.23 1.89 1.56 1.31 1.27 1.52 1.86 2.23 2.53 2.70 2.60 2.38 2.09 1.78 1.49 1.28 1.34 1.60 2.07 2.63 3.06 3.26 3.12
 31   2.86 2.53 2.15 1.77 1.42 1.18 1.28 1.68 2.17 2.63 2.93 2.89 2.71 2.43 2.12 1.79 1.48 1.27 1.39 1.76 2.29 2.79 3.18 3.28
 ----------------------------------------------------------------------------------------------------------------------------
                                                                                               
 ----------------------------------------------------------------------------------------------------------------------------
 ----------------------------------------------------------------------------------------------------------------------------
                                                          SURVEY OF INDIA
                                                    MARINE GEODESY WING (G&RB)
                                                     HOURLY HEIGHTS IN METRES
  NAME OF PORT:- PORT BLAIR                                                                         MONTH FEBRUARY  YEAR 2010
 ----------------------------------------------------------------------------------------------------------------------------
 DAYS 0000 0001 0002 0003 0004 0005 0006 0007 0008 0009 0010 0011 0012 0013 0014 0015 0016 0017 0018 0019 0020 0021 0022 0023
 ----------------------------------------------------------------------------------------------------------------------------
  1   3.10 2.80 2.43 1.98 1.56 1.22 1.13 1.38 1.86 2.37 2.81 3.01 2.90 2.69 2.40 2.05 1.70 1.40 1.24 1.51 1.98 2.54 2.99 3.25
  2   3.16 2.92 2.62 2.24 1.85 1.47 1.18 1.16 1.55 2.06 2.57 2.94 2.99 2.85 2.61 2.30 1.96 1.63 1.36 1.32 1.63 2.14 2.68 3.08
  3   3.12 2.96 2.69 2.36 1.97 1.60 1.29 1.16 1.42 1.88 2.37 2.78 2.99 2.93 2.74 2.48 2.16 1.82 1.54 1.37 1.59 1.96 2.38 2.76
  4   2.97 2.89 2.69 2.40 2.06 1.70 1.41 1.23 1.35 1.66 2.04 2.44 2.74 2.83 2.74 2.55 2.29 2.01 1.73 1.53 1.50 1.75 2.08 2.42
  5   2.66 2.71 2.61 2.43 2.18 1.90 1.64 1.41 1.35 1.56 1.88 2.23 2.52 2.66 2.62 2.50 2.31 2.08 1.86 1.66 1.54 1.64 1.84 2.09
  6   2.33 2.44 2.41 2.30 2.14 1.94 1.74 1.56 1.45 1.54 1.75 2.00 2.25 2.44 2.50 2.44 2.34 2.20 2.04 1.87 1.75 1.70 1.78 1.93
  7   2.09 2.21 2.29 2.28 2.22 2.10 1.91 1.74 1.62 1.60 1.70 1.84 2.02 2.18 2.32 2.37 2.34 2.26 2.16 2.05 1.95 1.85 1.78 1.79
  8   1.85 1.94 1.99 2.02 2.01 1.98 1.92 1.85 1.79 1.74 1.70 1.73 1.80 1.91 2.06 2.18 2.29 2.32 2.30 2.26 2.17 2.08 1.96 1.84
  9   1.74 1.72 1.76 1.86 1.96 2.03 2.04 2.02 1.97 1.90 1.80 1.71 1.66 1.68 1.78 1.94 2.12 2.29 2.42 2.44 2.39 2.29 2.15 1.99
 10   1.82 1.68 1.60 1.66 1.80 1.96 2.12 2.20 2.18 2.12 2.00 1.86 1.71 1.59 1.57 1.68 1.90 2.16 2.40 2.58 2.60 2.53 2.39 2.19
 11   1.97 1.74 1.56 1.48 1.61 1.82 2.06 2.26 2.36 2.32 2.22 2.06 1.86 1.68 1.54 1.52 1.70 1.96 2.27 2.58 2.77 2.76 2.65 2.45
 12   2.20 1.93 1.67 1.47 1.42 1.61 1.88 2.17 2.40 2.48 2.39 2.23 2.02 1.77 1.55 1.41 1.49 1.72 2.02 2.35 2.64 2.81 2.76 2.59
 13   2.32 2.04 1.74 1.48 1.34 1.48 1.77 2.12 2.43 2.62 2.58 2.44 2.23 1.97 1.70 1.48 1.38 1.57 1.88 2.27 2.64 2.88 2.89 2.75
 14   2.51 2.22 1.90 1.61 1.38 1.37 1.63 1.99 2.36 2.65 2.72 2.61 2.40 2.12 1.81 1.55 1.35 1.42 1.69 2.14 2.56 2.89 3.02 2.86
 15   2.64 2.34 2.01 1.68 1.41 1.26 1.53 1.89 2.28 2.63 2.82 2.74 2.55 2.29 1.98 1.68 1.43 1.36 1.60 1.94 2.34 2.70 2.94 2.93
 16   2.74 2.48 2.18 1.85 1.56 1.36 1.44 1.75 2.14 2.52 2.81 2.86 2.72 2.50 2.21 1.90 1.62 1.43 1.50 1.80 2.20 2.61 2.92 2.98
 17   2.83 2.60 2.29 1.96 1.63 1.40 1.36 1.62 1.98 2.36 2.71 2.93 2.85 2.69 2.43 2.13 1.82 1.57 1.44 1.64 2.00 2.40 2.75 2.97
 18   2.88 2.72 2.45 2.12 1.79 1.51 1.33 1.46 1.73 2.11 2.49 2.78 2.86 2.73 2.52 2.23 1.93 1.65 1.46 1.51 1.74 2.12 2.49 2.78
 19   2.83 2.70 2.46 2.19 1.87 1.59 1.36 1.36 1.61 1.98 2.38 2.70 2.85 2.77 2.59 2.35 2.04 1.76 1.55 1.48 1.66 1.96 2.29 2.58
 20   2.74 2.67 2.50 2.25 1.96 1.69 1.45 1.37 1.54 1.82 2.15 2.48 2.72 2.75 2.64 2.43 2.20 1.96 1.74 1.58 1.63 1.84 2.11 2.38
 21   2.59 2.60 2.50 2.32 2.09 1.85 1.63 1.48 1.53 1.76 2.02 2.31 2.56 2.70 2.65 2.53 2.36 2.14 1.93 1.75 1.68 1.76 1.94 2.16
 22   2.35 2.44 2.41 2.32 2.16 1.96 1.78 1.62 1.58 1.69 1.86 2.04 2.26 2.46 2.56 2.53 2.44 2.29 2.14 1.97 1.85 1.78 1.84 1.96
 23   2.10 2.24 2.30 2.28 2.21 2.10 1.96 1.84 1.74 1.70 1.76 1.86 2.04 2.23 2.39 2.48 2.48 2.40 2.31 2.19 2.06 1.94 1.85 1.81
 24   1.88 1.97 2.08 2.16 2.20 2.17 2.11 2.02 1.92 1.84 1.76 1.74 1.79 1.90 2.06 2.23 2.40 2.50 2.50 2.44 2.33 2.19 2.02 1.85
 25   1.71 1.66 1.73 1.88 2.05 2.21 2.32 2.31 2.23 2.12 1.97 1.81 1.68 1.61 1.72 1.91 2.14 2.39 2.61 2.73 2.68 2.56 2.36 2.13
 26   1.87 1.66 1.52 1.58 1.79 2.06 2.32 2.52 2.57 2.47 2.31 2.11 1.89 1.68 1.52 1.56 1.78 2.10 2.44 2.75 2.94 2.90 2.74 2.51
 27   2.21 1.90 1.62 1.41 1.46 1.74 2.09 2.43 2.69 2.76 2.64 2.44 2.18 1.89 1.62 1.44 1.51 1.78 2.19 2.61 2.97 3.14 3.04 2.83
 28   2.51 2.16 1.79 1.47 1.27 1.44 1.81 2.23 2.63 2.92 2.94 2.76 2.49 2.17 1.84 1.55 1.34 1.45 1.80 2.24 2.70 3.08 3.20 3.04
 ----------------------------------------------------------------------------------------------------------------------------
                                                                                               
 ----------------------------------------------------------------------------------------------------------------------------
 ----------------------------------------------------------------------------------------------------------------------------
                                                          SURVEY OF INDIA
                                                    MARINE GEODESY WING (G&RB)
                                                     HOURLY HEIGHTS IN METRES
  NAME OF PORT:- PORT BLAIR                                                                         MONTH MARCH     YEAR 2010
 ----------------------------------------------------------------------------------------------------------------------------
 DAYS 0000 0001 0002 0003 0004 0005 0006 0007 0008 0009 0010 0011 0012 0013 0014 0015 0016 0017 0018 0019 0020 0021 0022 0023
 ----------------------------------------------------------------------------------------------------------------------------
  1   2.76 2.42 2.04 1.65 1.32 1.18 1.48 1.92 2.39 2.80 3.06 3.03 2.84 2.54 2.18 1.82 1.49 1.28 1.43 1.80 2.23 2.66 3.02 3.16
  2   2.98 2.72 2.36 1.96 1.56 1.26 1.21 1.55 2.02 2.50 2.93 3.18 3.05 2.78 2.43 2.03 1.64 1.34 1.26 1.55 1.99 2.46 2.90 3.17
  3   3.06 2.83 2.50 2.10 1.66 1.30 1.10 1.31 1.74 2.20 2.66 3.02 3.10 2.92 2.64 2.32 1.94 1.60 1.34 1.32 1.65 2.10 2.52 2.86
  4   2.99 2.84 2.58 2.25 1.86 1.52 1.26 1.24 1.52 1.86 2.28 2.68 2.94 2.91 2.68 2.36 2.04 1.71 1.44 1.32 1.55 1.90 2.30 2.64
  5   2.84 2.78 2.60 2.33 2.02 1.71 1.43 1.30 1.49 1.82 2.22 2.59 2.84 2.86 2.73 2.51 2.22 1.92 1.65 1.46 1.49 1.72 2.03 2.33
  6   2.58 2.62 2.52 2.32 2.08 1.82 1.60 1.45 1.50 1.74 2.05 2.37 2.62 2.73 2.65 2.46 2.19 1.96 1.75 1.58 1.54 1.64 1.85 2.07
  7   2.30 2.39 2.35 2.26 2.09 1.90 1.71 1.55 1.52 1.64 1.85 2.10 2.33 2.49 2.52 2.46 2.32 2.16 1.98 1.82 1.70 1.70 1.81 1.94
  8   2.10 2.20 2.23 2.19 2.10 1.97 1.84 1.72 1.65 1.70 1.81 1.96 2.11 2.27 2.37 2.40 2.35 2.26 2.15 2.04 1.92 1.84 1.81 1.85
  9   1.91 1.98 2.04 2.07 2.05 2.01 1.96 1.90 1.85 1.81 1.82 1.86 1.93 2.02 2.11 2.21 2.27 2.28 2.24 2.18 2.10 2.01 1.91 1.81
 10   1.74 1.75 1.80 1.87 1.94 2.00 2.03 2.03 1.98 1.91 1.83 1.77 1.75 1.79 1.87 1.98 2.12 2.23 2.32 2.34 2.30 2.20 2.06 1.89
 11   1.69 1.61 1.60 1.67 1.80 1.95 2.09 2.18 2.18 2.12 2.00 1.84 1.70 1.62 1.64 1.76 1.94 2.15 2.38 2.51 2.52 2.44 2.29 2.06
 12   1.80 1.56 1.43 1.50 1.65 1.89 2.13 2.32 2.39 2.35 2.23 2.02 1.78 1.58 1.48 1.55 1.71 1.95 2.22 2.47 2.64 2.62 2.48 2.27
 13   1.94 1.65 1.41 1.33 1.49 1.72 2.00 2.30 2.49 2.54 2.42 2.24 1.96 1.70 1.44 1.38 1.51 1.75 2.06 2.40 2.67 2.76 2.65 2.45
 14   2.15 1.81 1.46 1.30 1.32 1.54 1.86 2.21 2.50 2.68 2.63 2.48 2.17 1.85 1.58 1.32 1.32 1.54 1.88 2.28 2.62 2.81 2.76 2.59
 15   2.27 1.93 1.56 1.26 1.14 1.32 1.66 2.06 2.46 2.74 2.76 2.61 2.35 2.02 1.65 1.32 1.16 1.32 1.63 2.04 2.44 2.76 2.85 2.70
 16   2.45 2.10 1.70 1.33 1.10 1.22 1.53 1.92 2.35 2.71 2.88 2.79 2.57 2.25 1.86 1.50 1.20 1.20 1.46 1.82 2.22 2.62 2.86 2.82
 17   2.59 2.25 1.86 1.46 1.14 1.09 1.33 1.68 2.11 2.52 2.81 2.88 2.72 2.44 2.06 1.66 1.31 1.12 1.29 1.61 2.03 2.44 2.75 2.82
 18   2.66 2.40 2.02 1.64 1.28 1.05 1.19 1.51 1.93 2.39 2.77 2.95 2.85 2.61 2.26 1.86 1.49 1.20 1.20 1.46 1.81 2.20 2.56 2.78
 19   2.74 2.56 2.26 1.85 1.45 1.15 1.12 1.38 1.70 2.12 2.52 2.86 2.91 2.72 2.45 2.06 1.66 1.32 1.16 1.33 1.64 2.02 2.38 2.65
 20   2.69 2.58 2.34 1.94 1.55 1.24 1.11 1.29 1.62 2.01 2.42 2.76 2.90 2.78 2.51 2.20 1.82 1.47 1.27 1.35 1.60 1.90 2.22 2.52
 21   2.65 2.59 2.40 2.12 1.78 1.46 1.25 1.30 1.53 1.86 2.22 2.56 2.78 2.80 2.65 2.40 2.10 1.76 1.52 1.42 1.59 1.82 2.10 2.35
 22   2.52 2.54 2.42 2.17 1.92 1.65 1.44 1.37 1.52 1.74 2.02 2.32 2.58 2.71 2.63 2.46 2.23 1.98 1.74 1.57 1.57 1.70 1.91 2.11
 23   2.28 2.38 2.34 2.24 2.05 1.84 1.66 1.51 1.52 1.64 1.83 2.07 2.30 2.47 2.54 2.48 2.36 2.18 1.98 1.79 1.66 1.65 1.72 1.84
 24   2.01 2.13 2.21 2.20 2.13 2.02 1.89 1.76 1.67 1.66 1.72 1.83 2.00 2.17 2.31 2.40 2.42 2.36 2.25 2.12 1.96 1.81 1.71 1.68
 25   1.74 1.84 1.97 2.09 2.16 2.18 2.13 2.04 1.92 1.80 1.72 1.69 1.73 1.84 2.00 2.18 2.36 2.49 2.50 2.43 2.30 2.10 1.89 1.70
 26   1.56 1.56 1.64 1.82 2.02 2.22 2.34 2.35 2.28 2.14 1.96 1.76 1.61 1.58 1.68 1.86 2.11 2.39 2.62 2.70 2.62 2.44 2.19 1.90
 27   1.61 1.38 1.32 1.47 1.73 2.05 2.36 2.56 2.59 2.48 2.29 2.01 1.71 1.47 1.36 1.48 1.69 2.03 2.39 2.70 2.84 2.73 2.51 2.20
 28   1.84 1.47 1.20 1.17 1.39 1.76 2.19 2.60 2.85 2.83 2.57 2.21 1.83 1.48 1.26 1.32 1.57 1.93 2.33 2.72 2.97 2.90 2.66 2.32
 29   1.87 1.47 1.14 1.06 1.32 1.71 2.16 2.61 2.93 2.98 2.79 2.50 2.10 1.66 1.31 1.11 1.28 1.63 2.09 2.56 2.94 3.05 2.87 2.54
 30   2.11 1.69 1.26 0.96 1.04 1.38 1.84 2.36 2.82 3.11 3.03 2.78 2.42 1.97 1.53 1.16 1.05 1.30 1.72 2.20 2.64 2.96 2.98 2.76
 31   2.40 1.98 1.51 1.10 0.88 1.12 1.51 2.00 2.49 2.92 3.11 2.95 2.62 2.22 1.76 1.33 1.02 1.05 1.36 1.78 2.24 2.64 2.90 2.82
 ----------------------------------------------------------------------------------------------------------------------------
                                                                                               
 ----------------------------------------------------------------------------------------------------------------------------
 ----------------------------------------------------------------------------------------------------------------------------
                                                          SURVEY OF INDIA
                                                    MARINE GEODESY WING (G&RB)
                                                     HOURLY HEIGHTS IN METRES
  NAME OF PORT:- PORT BLAIR                                                                         MONTH APRIL     YEAR 2010
 ----------------------------------------------------------------------------------------------------------------------------
 DAYS 0000 0001 0002 0003 0004 0005 0006 0007 0008 0009 0010 0011 0012 0013 0014 0015 0016 0017 0018 0019 0020 0021 0022 0023
 ----------------------------------------------------------------------------------------------------------------------------
  1   2.54 2.17 1.74 1.32 1.01 1.01 1.28 1.68 2.16 2.62 2.97 3.03 2.80 2.51 2.08 1.64 1.26 1.04 1.18 1.50 1.89 2.31 2.66 2.81
  2   2.66 2.36 2.00 1.60 1.25 1.05 1.20 1.50 1.91 2.35 2.74 2.98 2.88 2.62 2.27 1.87 1.49 1.19 1.16 1.35 1.68 2.04 2.39 2.64
  3   2.62 2.42 2.12 1.78 1.45 1.20 1.20 1.40 1.72 2.12 2.51 2.78 2.83 2.66 2.39 2.05 1.71 1.42 1.25 1.36 1.57 1.88 2.21 2.46
  4   2.59 2.44 2.19 1.92 1.65 1.40 1.30 1.42 1.65 1.97 2.32 2.58 2.72 2.64 2.45 2.20 1.91 1.64 1.44 1.43 1.58 1.80 2.05 2.27
  5   2.38 2.32 2.20 2.00 1.78 1.57 1.45 1.48 1.62 1.84 2.13 2.38 2.55 2.55 2.45 2.29 2.07 1.85 1.66 1.56 1.59 1.70 1.87 2.07
  6   2.18 2.21 2.16 2.04 1.90 1.75 1.64 1.62 1.68 1.81 1.98 2.16 2.34 2.44 2.42 2.33 2.19 2.04 1.89 1.77 1.70 1.71 1.79 1.91
  7   2.01 2.07 2.10 2.08 2.01 1.92 1.84 1.78 1.74 1.75 1.84 1.94 2.06 2.17 2.27 2.30 2.27 2.20 2.10 2.00 1.89 1.80 1.74 1.74
  8   1.84 1.90 1.97 2.04 2.09 2.10 2.07 2.01 1.95 1.89 1.84 1.83 1.87 1.95 2.05 2.16 2.26 2.31 2.31 2.25 2.15 2.00 1.84 1.72
  9   1.67 1.70 1.79 1.89 2.02 2.14 2.23 2.23 2.16 2.05 1.92 1.79 1.71 1.73 1.80 1.94 2.11 2.27 2.40 2.42 2.34 2.19 2.00 1.80
 10   1.63 1.59 1.62 1.75 1.94 2.15 2.33 2.42 2.41 2.30 2.12 1.92 1.74 1.62 1.66 1.81 2.02 2.24 2.45 2.57 2.55 2.42 2.21 1.96
 11   1.69 1.50 1.45 1.57 1.77 2.02 2.28 2.49 2.57 2.46 2.28 2.03 1.77 1.56 1.47 1.57 1.76 2.02 2.30 2.53 2.63 2.53 2.34 2.06
 12   1.73 1.46 1.30 1.38 1.58 1.88 2.22 2.52 2.72 2.68 2.51 2.23 1.91 1.61 1.39 1.40 1.57 1.83 2.12 2.38 2.61 2.68 2.52 2.24
 13   1.88 1.57 1.31 1.25 1.43 1.71 2.06 2.44 2.73 2.83 2.71 2.48 2.16 1.82 1.50 1.28 1.33 1.55 1.87 2.22 2.54 2.73 2.65 2.45
 14   2.14 1.80 1.44 1.20 1.25 1.46 1.76 2.12 2.46 2.74 2.85 2.67 2.38 2.01 1.64 1.32 1.21 1.36 1.65 1.99 2.32 2.62 2.74 2.58
 15   2.28 1.94 1.57 1.27 1.16 1.33 1.63 1.99 2.40 2.74 2.95 2.83 2.56 2.20 1.82 1.44 1.20 1.25 1.48 1.82 2.22 2.56 2.76 2.66
 16   2.42 2.10 1.73 1.38 1.15 1.23 1.47 1.85 2.29 2.71 3.02 2.96 2.73 2.42 2.02 1.62 1.30 1.22 1.41 1.73 2.10 2.46 2.71 2.68
 17   2.46 2.16 1.80 1.44 1.19 1.21 1.41 1.73 2.12 2.52 2.85 2.97 2.80 2.52 2.15 1.76 1.42 1.22 1.33 1.57 1.90 2.25 2.56 2.68
 18   2.53 2.27 1.94 1.60 1.30 1.18 1.33 1.60 1.97 2.36 2.71 2.93 2.87 2.65 2.33 1.97 1.62 1.34 1.32 1.50 1.77 2.08 2.37 2.58
 19
 20
 21
 22
 23
 24
 25
 26
 27
 28
 29
 30
 ----------------------------------------------------------------------------------------------------------------------------
                                                                                               
 ----------------------------------------------------------------------------------------------------------------------------
 ----------------------------------------------------------------------------------------------------------------------------
                                                          SURVEY OF INDIA
                                                    MARINE GEODESY WING (G&RB)
                                                     HOURLY HEIGHTS IN METRES
  NAME OF PORT:- PORT BLAIR                                                                         MONTH MAY       YEAR 2010
 ----------------------------------------------------------------------------------------------------------------------------
 DAYS 0000 0001 0002 0003 0004 0005 0006 0007 0008 0009 0010 0011 0012 0013 0014 0015 0016 0017 0018 0019 0020 0021 0022 0023
 ----------------------------------------------------------------------------------------------------------------------------
  1
  2
  3
  4
  5   2.23 2.25 2.19 2.05 1.90 1.76 1.66 1.64 1.71 1.86 2.04 2.26 2.46 2.54 2.50 2.39 2.22 2.03 1.84 1.68 1.59 1.64 1.73 1.87
  6   2.01 2.13 2.18 2.14 2.06 1.96 1.85 1.77 1.75 1.80 1.90 2.04 2.22 2.35 2.40 2.38 2.29 2.17 2.01 1.86 1.74 1.68 1.70 1.78
  7   1.90 2.02 2.12 2.18 2.18 2.12 2.05 1.97 1.89 1.84 1.84 1.91 2.01 2.14 2.26 2.34 2.35 2.30 2.20 2.06 1.92 1.79 1.69 1.67
  8   1.74 1.84 1.97 2.12 2.22 2.26 2.24 2.18 2.08 1.97 1.86 1.81 1.83 1.92 2.03 2.16 2.28 2.32 2.29 2.19 2.06 1.90 1.73 1.60
  9
 10
 11
 12
 13
 14
 15
 16
 17
 18
 19
 20
 21
 22
 23
 24
 25
 26
 27
 28
 29
 30
 31
 ----------------------------------------------------------------------------------------------------------------------------
                                                                                               
 ----------------------------------------------------------------------------------------------------------------------------
 ----------------------------------------------------------------------------------------------------------------------------
                                                          SURVEY OF INDIA
                                                    MARINE GEODESY WING (G&RB)
                                                     HOURLY HEIGHTS IN METRES
  NAME OF PORT:- PORT BLAIR                                                                         MONTH JUNE      YEAR 2010
 ----------------------------------------------------------------------------------------------------------------------------
 DAYS 0000 0001 0002 0003 0004 0005 0006 0007 0008 0009 0010 0011 0012 0013 0014 0015 0016 0017 0018 0019 0020 0021 0022 0023
 ----------------------------------------------------------------------------------------------------------------------------
  1
  2
  3   2.41 2.42 2.32 2.16 1.97 1.77 1.62 1.62 1.75 1.93 2.16 2.39 2.57 2.60 2.49 2.32 2.12 1.91 1.67 1.53 1.58 1.71 1.91 2.14
  4   2.32 2.42 2.40 2.30 2.14 1.98 1.83 1.76 1.79 1.92 2.10 2.31 2.49 2.60 2.58 2.47 2.29 2.09 1.87 1.70 1.65 1.71 1.84 2.02
  5   2.20 2.35 2.41 2.40 2.31 2.18 2.06 1.94 1.90 1.93 2.02 2.17 2.33 2.46 2.54 2.52 2.36 2.19 2.01 1.86 1.75 1.72 1.82 1.98
  6   2.02 2.21 2.38 2.46 2.46 2.38 2.24 2.12 1.98 1.88 1.87 1.94 2.07 2.20 2.32 2.41 2.42 2.31 2.18 2.02 1.87 1.74 1.67 1.72
  7   1.83 2.02 2.22 2.40 2.52 2.52 2.46 2.32 2.18 2.02 1.89 1.83 1.87 1.97 2.08 2.19 2.29 2.32 2.27 2.17 2.02 1.88 1.73 1.62
  8   1.62 1.82 2.01 2.23 2.42 2.57 2.59 2.53 2.40 2.23 2.06 1.90 1.78 1.78 1.90 2.05 2.21 2.35 2.41 2.35 2.23 2.05 1.88 1.72
  9   1.60 1.64 1.79 2.03 2.27 2.51 2.68 2.70 2.62 2.46 2.23 1.97 1.77 1.66 1.67 1.80 1.98 2.18 2.37 2.44 2.38 2.23 2.01 1.79
 10   1.58 1.47 1.56 1.74 2.02 2.30 2.60 2.80 2.82 2.67 2.43 2.14 1.83 1.60 1.50 1.58 1.77 2.02 2.27 2.46 2.50 2.38 2.18 1.94
 11   1.68 1.46 1.37 1.47 1.68 1.97 2.30 2.62 2.87 2.87 2.67 2.39 2.09 1.79 1.53 1.38 1.42 1.69 1.96 2.23 2.48 2.56 2.43 2.20
 12   1.90 1.59 1.36 1.31 1.46 1.72 2.06 2.43 2.77 3.01 2.97 2.75 2.44 2.12 1.76 1.44 1.30 1.45 1.73 2.05 2.36 2.61 2.63 2.45
 13   2.18 1.87 1.52 1.28 1.29 1.50 1.80 2.20 2.61 2.94 3.05 2.86 2.58 2.21 1.82 1.47 1.23 1.26 1.48 1.80 2.16 2.46 2.66 2.56
 14   2.30 1.99 1.67 1.38 1.19 1.28 1.55 1.93 2.34 2.73 3.01 3.02 2.80 2.46 2.08 1.68 1.35 1.16 1.26 1.52 1.87 2.20 2.49 2.65
 15   2.53 2.28 1.98 1.66 1.38 1.26 1.38 1.66 2.04 2.46 2.77 3.02 2.95 2.71 2.37 2.05 1.67 1.33 1.15 1.28 1.53 1.85 2.21 2.50
 16   2.63 2.49 2.24 1.94 1.64 1.38 1.28 1.44 1.73 2.08 2.47 2.83 3.01 2.89 2.63 2.27 1.91 1.56 1.27 1.21 1.40 1.70 2.05 2.37
 17   2.60 2.59 2.41 2.16 1.89 1.61 1.42 1.43 1.62 1.89 2.21 2.54 2.86 2.91 2.74 2.47 2.13 1.79 1.47 1.26 1.31 1.52 1.82 2.14
 18   2.36 2.58 2.60 2.45 2.22 1.98 1.73 1.54 1.52 1.66 1.88 2.17 2.50 2.72 2.78 2.64 2.40 2.10 1.80 1.52 1.35 1.40 1.60 1.86
 19   2.07 2.38 2.58 2.60 2.47 2.27 2.05 1.82 1.64 1.61 1.72 1.89 2.13 2.40 2.59 2.65 2.53 2.33 2.07 1.82 1.58 1.44 1.50 1.68
 20   1.87 2.12 2.40 2.58 2.60 2.49 2.32 2.12 1.92 1.75 1.70 1.78 1.90 2.09 2.30 2.46 2.52 2.42 2.25 2.04 1.83 1.63 1.53 1.60
 21   1.75 1.95 2.18 2.41 2.57 2.60 2.51 2.36 2.18 2.01 1.86 1.79 1.83 1.93 2.07 2.21 2.35 2.44 2.41 2.29 2.12 1.90 1.72 1.58
 22   1.57 1.68 1.87 2.11 2.37 2.57 2.65 2.58 2.42 2.22 2.02 1.83 1.72 1.74 1.84 2.00 2.18 2.36 2.44 2.41 2.28 2.10 1.91 1.71
 23   1.55 1.57 1.71 1.91 2.16 2.40 2.63 2.73 2.66 2.49 2.29 2.04 1.81 1.62 1.60 1.71 1.88 2.08 2.27 2.41 2.43 2.31 2.12 1.90
 24   1.68 1.53 1.52 1.66 1.88 2.16 2.45 2.69 2.79 2.71 2.51 2.25 1.98 1.71 1.51 1.49 1.61 1.82 2.06 2.27 2.43 2.40 2.25 2.04
 25   1.79 1.55 1.39 1.43 1.61 1.88 2.19 2.49 2.73 2.81 2.69 2.44 2.14 1.82 1.54 1.36 1.42 1.62 1.88 2.14 2.38 2.51 2.43 2.24
 26   2.01 1.73 1.51 1.40 1.47 1.67 1.95 2.28 2.58 2.83 2.85 2.64 2.34 2.01 1.68 1.42 1.34 1.49 1.75 2.04 2.33 2.54 2.55 2.38
 27   2.15 1.86 1.57 1.37 1.40 1.58 1.87 2.20 2.56 2.85 2.98 2.82 2.56 2.23 1.88 1.53 1.31 1.35 1.54 1.80 2.12 2.41 2.58 2.52
 28   2.33 2.07 1.76 1.52 1.38 1.43 1.63 1.99 2.45 2.76 2.95 2.93 2.75 2.49 2.19 1.89 1.61 1.38 1.37 1.57 1.83 2.18 2.47 2.63
 29   2.47 2.22 1.95 1.66 1.42 1.38 1.55 1.82 2.15 2.51 2.81 2.96 2.86 2.62 2.31 2.02 1.69 1.43 1.33 1.45 1.72 2.04 2.35 2.59
 30   2.57 2.38 2.12 1.84 1.57 1.42 1.51 1.72 2.01 2.36 2.60 2.78 2.83 2.68 2.42 2.12 1.84 1.58 1.42 1.48 1.68 1.96 2.26 2.48
 ----------------------------------------------------------------------------------------------------------------------------
                                                                                               
 ----------------------------------------------------------------------------------------------------------------------------
 ----------------------------------------------------------------------------------------------------------------------------
                                                          SURVEY OF INDIA
                                                    MARINE GEODESY WING (G&RB)
                                                     HOURLY HEIGHTS IN METRES
  NAME OF PORT:- PORT BLAIR                                                                         MONTH JULY      YEAR 2010
 ----------------------------------------------------------------------------------------------------------------------------
 DAYS 0000 0001 0002 0003 0004 0005 0006 0007 0008 0009 0010 0011 0012 0013 0014 0015 0016 0017 0018 0019 0020 0021 0022 0023
 ----------------------------------------------------------------------------------------------------------------------------
  1   2.58 2.48 2.27 2.02 1.78 1.58 1.50 1.62 1.84 2.12 2.45 2.63 2.74 2.70 2.50 2.22 1.93 1.67 1.48 1.46 1.59 1.82 2.10 2.36
  2   2.51 2.52 2.38 2.16 1.92 1.72 1.58 1.58 1.72 1.96 2.22 2.54 2.69 2.70 2.57 2.32 2.03 1.74 1.50 1.38 1.50 1.70 1.96 2.24
  3   2.45 2.54 2.46 2.29 2.06 1.83 1.66 1.58 1.66 1.83 2.08 2.33 2.53 2.61 2.52 2.32 2.09 1.82 1.59 1.46 1.51 1.64 1.85 2.08
  4   2.32 2.46 2.46 2.34 2.17 1.98 1.80 1.67 1.67 1.78 1.94 2.15 2.34 2.47 2.46 2.34 2.17 1.95 1.73 1.56 1.50 1.56 1.70 1.89
  5   2.13 2.32 2.42 2.40 2.28 2.13 1.97 1.82 1.74 1.76 1.86 1.98 2.13 2.26 2.33 2.30 2.20 2.06 1.88 1.70 1.58 1.55 1.61 1.73
  6   1.90 2.10 2.27 2.38 2.39 2.30 2.18 2.04 1.90 1.80 1.78 1.83 1.93 2.07 2.18 2.25 2.25 2.18 2.06 1.92 1.77 1.65 1.60 1.63
  7   1.73 1.90 2.08 2.27 2.41 2.46 2.40 2.30 2.16 2.01 1.86 1.77 1.78 1.85 1.96 2.08 2.19 2.24 2.20 2.10 1.96 1.81 1.68 1.60
  8   1.61 1.70 1.86 2.05 2.26 2.44 2.54 2.48 2.36 2.17 1.98 1.78 1.65 1.62 1.70 1.83 2.00 2.16 2.27 2.26 2.16 2.02 1.83 1.64
  9   1.50 1.49 1.60 1.78 2.01 2.26 2.50 2.65 2.62 2.46 2.22 1.96 1.71 1.52 1.49 1.59 1.75 1.97 2.18 2.36 2.39 2.27 2.08 1.85
 10   1.60 1.41 1.38 1.51 1.72 2.01 2.33 2.67 2.81 2.76 2.56 2.28 1.97 1.66 1.42 1.35 1.48 1.69 1.96 2.23 2.45 2.48 2.32 2.08
 11   1.79 1.51 1.30 1.29 1.46 1.74 2.09 2.47 2.79 2.97 2.85 2.59 2.25 1.88 1.54 1.28 1.24 1.41 1.66 1.93 2.21 2.44 2.54 2.39
 12   2.09 1.74 1.44 1.24 1.27 1.46 1.80 2.15 2.47 2.75 2.95 2.90 2.62 2.24 1.85 1.49 1.22 1.24 1.48 1.81 2.18 2.53 2.73 2.65
 13   2.40 2.06 1.69 1.37 1.21 1.33 1.60 1.98 2.40 2.82 3.13 3.14 2.88 2.53 2.09 1.64 1.25 1.07 1.24 1.55 1.94 2.34 2.71 2.88
 14   2.73 2.44 2.08 1.70 1.37 1.25 1.41 1.69 2.09 2.53 2.93 3.20 3.08 2.79 2.39 1.94 1.51 1.17 1.11 1.33 1.65 2.05 2.45 2.79
 15   2.85 2.67 2.37 2.02 1.65 1.35 1.29 1.48 1.79 2.19 2.60 2.94 3.11 2.93 2.62 2.22 1.78 1.38 1.11 1.18 1.42 1.77 2.16 2.54
 16   2.80 2.80 2.59 2.30 1.96 1.63 1.38 1.38 1.59 1.90 2.26 2.63 2.91 2.96 2.76 2.47 2.12 1.74 1.41 1.20 1.30 1.56 1.89 2.25
 17   2.56 2.76 2.70 2.47 2.19 1.89 1.60 1.45 1.53 1.73 2.02 2.33 2.63 2.80 2.73 2.50 2.21 1.88 1.56 1.32 1.31 1.48 1.73 2.06
 18   2.37 2.59 2.67 2.56 2.34 2.08 1.82 1.62 1.55 1.66 1.84 2.09 2.35 2.56 2.62 2.51 2.30 2.06 1.80 1.57 1.44 1.50 1.66 1.89
 19   2.14 2.38 2.57 2.61 2.50 2.32 2.12 1.91 1.75 1.69 1.75 1.89 2.07 2.26 2.40 2.43 2.35 2.20 2.02 1.83 1.66 1.57 1.61 1.73
 20   1.91 2.12 2.32 2.48 2.53 2.46 2.32 2.16 1.99 1.85 1.79 1.78 1.86 1.99 2.14 2.25 2.28 2.25 2.15 2.02 1.88 1.74 1.65 1.64
 21   1.72 1.86 2.05 2.25 2.43 2.51 2.50 2.41 2.27 2.11 1.94 1.80 1.73 1.74 1.84 1.98 2.12 2.23 2.25 2.21 2.12 2.00 1.87 1.73
 22   1.67 1.71 1.84 2.02 2.24 2.44 2.59 2.58 2.50 2.32 2.14 1.96 1.78 1.64 1.63 1.74 1.92 2.12 2.25 2.31 2.30 2.22 2.07 1.89
 23   1.72 1.63 1.66 1.80 2.00 2.27 2.52 2.72 2.73 2.62 2.45 2.22 1.97 1.70 1.57 1.62 1.78 2.00 2.22 2.37 2.47 2.42 2.27 2.06
 24   1.84 1.65 1.55 1.61 1.79 2.04 2.38 2.68 2.86 2.83 2.64 2.37 2.09 1.81 1.59 1.45 1.54 1.73 1.96 2.20 2.38 2.47 2.38 2.17
 25   1.90 1.61 1.41 1.38 1.51 1.76 2.11 2.49 2.79 2.90 2.83 2.59 2.28 1.95 1.64 1.38 1.36 1.51 1.75 2.04 2.32 2.52 2.57 2.42
 26   2.19 1.90 1.65 1.45 1.45 1.62 1.89 2.30 2.68 2.93 2.97 2.83 2.58 2.25 1.93 1.59 1.38 1.41 1.62 1.89 2.22 2.48 2.63 2.55
 27   2.34 2.06 1.77 1.52 1.39 1.50 1.77 2.15 2.53 2.87 3.05 2.95 2.69 2.34 1.96 1.59 1.33 1.34 1.53 1.84 2.18 2.51 2.71 2.69
 28   2.49 2.22 1.90 1.59 1.38 1.41 1.61 1.93 2.31 2.66 2.93 2.95 2.76 2.45 2.09 1.69 1.36 1.23 1.39 1.66 1.99 2.34 2.61 2.70
 29   2.57 2.34 2.02 1.67 1.40 1.29 1.42 1.69 2.04 2.42 2.74 2.91 2.80 2.54 2.18 1.81 1.45 1.21 1.25 1.48 1.81 2.17 2.47 2.67
 30   2.62 2.44 2.16 1.84 1.54 1.33 1.36 1.55 1.86 2.21 2.54 2.77 2.78 2.59 2.30 1.93 1.57 1.29 1.22 1.38 1.66 2.02 2.36 2.62
 31   2.69 2.58 2.34 2.05 1.75 1.49 1.39 1.51 1.75 2.06 2.38 2.67 2.77 2.68 2.43 2.12 1.78 1.47 1.30 1.38 1.61 1.92 2.24 2.53
 ----------------------------------------------------------------------------------------------------------------------------
                                                                                               
 ----------------------------------------------------------------------------------------------------------------------------
 ----------------------------------------------------------------------------------------------------------------------------
                                                          SURVEY OF INDIA
                                                    MARINE GEODESY WING (G&RB)
                                                     HOURLY HEIGHTS IN METRES
  NAME OF PORT:- PORT BLAIR                                                                         MONTH AUGUST    YEAR 2010
 ----------------------------------------------------------------------------------------------------------------------------
 DAYS 0000 0001 0002 0003 0004 0005 0006 0007 0008 0009 0010 0011 0012 0013 0014 0015 0016 0017 0018 0019 0020 0021 0022 0023
 ----------------------------------------------------------------------------------------------------------------------------
  1   2.73 2.70 2.52 2.26 1.96 1.70 1.51 1.54 1.70 1.95 2.27 2.54 2.71 2.67 2.51 2.26 1.94 1.64 1.41 1.40 1.57 1.81 2.11 2.40
  2   2.60 2.66 2.55 2.36 2.11 1.86 1.66 1.58 1.68 1.86 2.07 2.32 2.52 2.58 2.48 2.29 2.02 1.76 1.54 1.46 1.54 1.72 1.97 2.23
  3   2.45 2.59 2.58 2.45 2.25 2.04 1.84 1.69 1.69 1.78 1.94 2.14 2.31 2.41 2.40 2.29 2.12 1.91 1.72 1.59 1.59 1.68 1.84 2.04
  4   2.27 2.44 2.51 2.48 2.39 2.24 2.05 1.90 1.81 1.79 1.82 1.94 2.09 2.20 2.28 2.28 2.18 2.03 1.89 1.75 1.67 1.66 1.73 1.86
  5   2.02 2.20 2.36 2.46 2.47 2.42 2.32 2.20 2.07 1.94 1.87 1.87 1.94 2.04 2.14 2.20 2.22 2.19 2.12 2.01 1.89 1.79 1.72 1.72
  6   1.80 1.94 2.12 2.32 2.48 2.57 2.57 2.48 2.33 2.14 1.96 1.80 1.74 1.77 1.87 2.01 2.15 2.26 2.30 2.27 2.15 2.00 1.83 1.68
  7   1.62 1.69 1.83 2.05 2.28 2.52 2.70 2.73 2.62 2.45 2.20 1.94 1.70 1.55 1.57 1.70 1.91 2.13 2.34 2.44 2.40 2.27 2.06 1.81
  8   1.59 1.47 1.51 1.69 1.96 2.26 2.56 2.80 2.88 2.75 2.51 2.19 1.84 1.53 1.34 1.40 1.59 1.86 2.14 2.38 2.56 2.57 2.39 2.11
  9   1.82 1.50 1.33 1.41 1.64 1.97 2.34 2.69 2.96 3.01 2.81 2.51 2.11 1.70 1.35 1.18 1.28 1.54 1.89 2.26 2.59 2.76 2.64 2.40
 10   2.06 1.70 1.35 1.19 1.32 1.62 2.01 2.44 2.85 3.13 3.10 2.84 2.46 2.02 1.56 1.19 1.03 1.25 1.61 2.04 2.45 2.80 2.91 2.74
 11   2.43 2.05 1.65 1.30 1.14 1.31 1.65 2.09 2.56 2.97 3.20 3.08 2.77 2.36 1.88 1.41 1.05 1.06 1.33 1.72 2.18 2.62 2.96 3.02
 12   2.78 2.43 2.01 1.59 1.25 1.20 1.44 1.80 2.25 2.71 3.10 3.25 3.04 2.69 2.23 1.74 1.29 1.01 1.14 1.45 1.87 2.33 2.77 3.08
 13   3.02 2.73 2.36 1.94 1.53 1.25 1.29 1.54 1.92 2.39 2.80 3.12 3.10 2.85 2.50 2.06 1.60 1.22 1.06 1.28 1.62 2.04 2.47 2.85
 14   3.03 2.86 2.58 2.21 1.80 1.46 1.27 1.40 1.68 2.06 2.43 2.78 2.99 2.88 2.59 2.24 1.80 1.42 1.17 1.22 1.47 1.80 2.20 2.58
 15   2.82 2.88 2.69 2.40 2.04 1.70 1.42 1.38 1.53 1.80 2.12 2.45 2.70 2.74 2.57 2.31 1.98 1.64 1.38 1.29 1.44 1.69 2.02 2.36
 16   2.64 2.78 2.70 2.49 2.22 1.92 1.66 1.50 1.55 1.69 1.91 2.19 2.46 2.58 2.53 2.37 2.16 1.90 1.66 1.50 1.53 1.69 1.89 2.16
 17   2.40 2.58 2.64 2.54 2.36 2.15 1.94 1.77 1.67 1.72 1.84 2.00 2.19 2.34 2.40 2.33 2.21 2.04 1.87 1.72 1.64 1.67 1.79 1.93
 18   2.12 2.30 2.45 2.50 2.42 2.32 2.19 2.06 1.93 1.82 1.79 1.86 1.94 2.05 2.15 2.20 2.21 2.15 2.05 1.93 1.82 1.76 1.75 1.81
 19   1.90 2.03 2.19 2.33 2.43 2.45 2.39 2.29 2.16 2.03 1.89 1.80 1.78 1.83 1.92 2.02 2.13 2.20 2.22 2.17 2.06 1.96 1.85 1.76
 20   1.76 1.84 1.96 2.12 2.29 2.44 2.53 2.52 2.44 2.29 2.10 1.91 1.75 1.67 1.69 1.80 1.95 2.11 2.27 2.32 2.28 2.15 1.99 1.81
 21   1.67 1.64 1.73 1.88 2.09 2.31 2.50 2.64 2.63 2.51 2.30 2.06 1.81 1.60 1.52 1.60 1.76 1.98 2.19 2.38 2.41 2.32 2.17 1.95
 22   1.71 1.54 1.53 1.64 1.86 2.11 2.43 2.69 2.80 2.72 2.52 2.24 1.92 1.64 1.44 1.41 1.55 1.78 2.07 2.34 2.52 2.50 2.36 2.14
 23   1.87 1.62 1.44 1.46 1.62 1.88 2.20 2.53 2.80 2.88 2.73 2.48 2.17 1.83 1.53 1.37 1.44 1.66 1.94 2.26 2.56 2.72 2.62 2.41
 24   2.10 1.79 1.53 1.41 1.50 1.73 2.03 2.39 2.72 2.94 2.87 2.65 2.33 1.96 1.61 1.36 1.33 1.51 1.80 2.15 2.49 2.74 2.74 2.56
 25   2.25 1.92 1.59 1.37 1.35 1.54 1.85 2.21 2.59 2.89 2.94 2.75 2.42 2.05 1.68 1.36 1.21 1.34 1.59 1.92 2.29 2.61 2.77 2.64
 26   2.37 2.03 1.68 1.38 1.23 1.34 1.59 1.93 2.32 2.67 2.87 2.77 2.50 2.16 1.78 1.41 1.18 1.22 1.44 1.75 2.12 2.48 2.74 2.74
 27   2.52 2.22 1.87 1.54 1.32 1.30 1.49 1.79 2.18 2.54 2.82 2.85 2.68 2.39 2.02 1.66 1.35 1.26 1.42 1.71 2.07 2.45 2.75 2.86
 28   2.70 2.46 2.14 1.78 1.48 1.31 1.42 1.67 2.01 2.39 2.71 2.86 2.74 2.50 2.17 1.80 1.46 1.26 1.34 1.57 1.90 2.28 2.62 2.84
 29   2.80 2.61 2.34 2.00 1.67 1.42 1.41 1.60 1.90 2.24 2.56 2.79 2.78 2.59 2.32 1.96 1.62 1.37 1.32 1.49 1.76 2.09 2.43 2.71
 30   2.80 2.67 2.42 2.10 1.77 1.49 1.40 1.51 1.73 2.02 2.32 2.56 2.64 2.52 2.28 2.00 1.68 1.42 1.30 1.42 1.64 1.94 2.27 2.56
 31   2.75 2.67 2.50 2.26 1.97 1.68 1.49 1.52 1.67 1.90 2.18 2.43 2.56 2.50 2.32 2.09 1.81 1.57 1.40 1.45 1.58 1.83 2.10 2.38
 ----------------------------------------------------------------------------------------------------------------------------
                                                                                               
 ----------------------------------------------------------------------------------------------------------------------------
 ----------------------------------------------------------------------------------------------------------------------------
                                                          SURVEY OF INDIA
                                                    MARINE GEODESY WING (G&RB)
                                                     HOURLY HEIGHTS IN METRES
  NAME OF PORT:- PORT BLAIR                                                                         MONTH SEPT      YEAR 2010
 ----------------------------------------------------------------------------------------------------------------------------
 DAYS 0000 0001 0002 0003 0004 0005 0006 0007 0008 0009 0010 0011 0012 0013 0014 0015 0016 0017 0018 0019 0020 0021 0022 0023
 ----------------------------------------------------------------------------------------------------------------------------
  1   2.59 2.66 2.58 2.38 2.14 1.89 1.69 1.60 1.67 1.81 2.01 2.22 2.39 2.43 2.36 2.20 1.98 1.77 1.59 1.56 1.64 1.79 1.99 2.20
  2   2.40 2.54 2.54 2.48 2.32 2.15 1.96 1.82 1.78 1.81 1.92 2.05 2.19 2.29 2.31 2.25 2.15 2.00 1.85 1.75 1.73 1.77 1.86 1.99
  3   2.14 2.30 2.42 2.46 2.42 2.32 2.19 2.07 1.93 1.84 1.83 1.86 1.94 2.04 2.12 2.18 2.18 2.16 2.08 1.97 1.85 1.77 1.74 1.77
  4   1.86 1.98 2.13 2.28 2.42 2.48 2.47 2.37 2.22 2.04 1.88 1.73 1.68 1.73 1.84 1.96 2.09 2.20 2.26 2.22 2.12 1.97 1.80 1.67
  5   1.62 1.68 1.83 2.02 2.26 2.48 2.64 2.67 2.55 2.35 2.10 1.84 1.61 1.48 1.54 1.68 1.89 2.15 2.38 2.51 2.48 2.34 2.12 1.88
  6   1.67 1.52 1.58 1.74 1.99 2.31 2.62 2.86 2.89 2.73 2.49 2.17 1.82 1.51 1.33 1.42 1.66 1.97 2.31 2.62 2.79 2.70 2.48 2.18
  7   1.85 1.56 1.36 1.44 1.67 2.01 2.40 2.78 3.04 3.05 2.83 2.50 2.08 1.68 1.32 1.17 1.33 1.65 2.00 2.42 2.78 2.96 2.81 2.53
  8   2.16 1.79 1.43 1.24 1.38 1.67 2.06 2.49 2.90 3.19 3.07 2.76 2.35 1.91 1.45 1.11 1.06 1.31 1.69 2.15 2.64 3.01 3.10 2.86
  9   2.49 2.06 1.61 1.25 1.14 1.36 1.71 2.16 2.64 3.06 3.23 3.01 2.64 2.20 1.70 1.25 0.95 1.08 1.40 1.84 2.30 2.80 3.13 3.08
 10   2.80 2.40 1.94 1.50 1.16 1.16 1.43 1.81 2.29 2.75 3.10 3.14 2.86 2.48 2.00 1.52 1.12 1.00 1.21 1.60 1.99 2.40 2.80 3.09
 11   3.01 2.68 2.25 1.80 1.40 1.15 1.26 1.54 1.94 2.40 2.82 3.08 2.95 2.64 2.22 1.76 1.35 1.09 1.19 1.44 1.84 2.29 2.71 3.11
 12   3.11 2.84 2.47 2.04 1.62 1.30 1.22 1.42 1.72 2.11 2.52 2.85 2.94 2.73 2.40 2.03 1.66 1.35 1.24 1.41 1.70 2.05 2.47 2.83
 13   3.05 2.91 2.63 2.29 1.92 1.58 1.37 1.42 1.63 1.93 2.27 2.58 2.78 2.72 2.49 2.20 1.89 1.59 1.40 1.46 1.64 1.90 2.23 2.55
 14   2.78 2.84 2.70 2.42 2.12 1.83 1.60 1.50 1.60 1.80 2.03 2.28 2.48 2.54 2.45 2.25 2.00 1.76 1.58 1.55 1.64 1.81 2.03 2.27
 15   2.48 2.63 2.61 2.49 2.28 2.04 1.82 1.70 1.70 1.78 1.90 2.07 2.22 2.31 2.31 2.26 2.12 1.96 1.81 1.72 1.73 1.80 1.92 2.08
 16   2.23 2.38 2.45 2.45 2.36 2.24 2.10 1.96 1.86 1.84 1.86 1.92 2.00 2.09 2.15 2.19 2.18 2.12 2.03 1.95 1.87 1.82 1.84 1.92
 17   2.04 2.20 2.34 2.41 2.44 2.42 2.36 2.26 2.15 2.04 1.94 1.86 1.84 1.89 2.00 2.14 2.24 2.29 2.24 2.16 2.05 1.93 1.82 1.78
 18   1.87 2.03 2.16 2.29 2.40 2.47 2.49 2.45 2.35 2.21 2.06 1.91 1.82 1.78 1.82 1.94 2.10 2.27 2.38 2.38 2.28 2.13 1.96 1.82
 19   1.74 1.85 2.00 2.14 2.29 2.41 2.51 2.54 2.51 2.40 2.24 2.06 1.89 1.80 1.76 1.79 1.88 2.08 2.30 2.45 2.49 2.38 2.21 2.00
 20   1.78 1.61 1.60 1.71 1.89 2.15 2.41 2.61 2.68 2.58 2.38 2.13 1.85 1.60 1.45 1.50 1.65 1.90 2.19 2.45 2.61 2.58 2.42 2.19
 21   1.92 1.68 1.49 1.52 1.69 1.93 2.23 2.51 2.74 2.73 2.57 2.32 2.03 1.70 1.45 1.36 1.51 1.75 2.07 2.40 2.66 2.74 2.60 2.38
 22   2.09 1.79 1.51 1.39 1.52 1.75 2.07 2.40 2.70 2.86 2.74 2.49 2.18 1.84 1.52 1.37 1.44 1.70 2.00 2.36 2.67 2.86 2.79 2.56
 23   2.24 1.90 1.58 1.37 1.41 1.63 1.94 2.30 2.63 2.87 2.85 2.63 2.32 2.00 1.67 1.41 1.36 1.54 1.84 2.22 2.59 2.87 2.92 2.74
 24   2.43 2.07 1.70 1.40 1.29 1.47 1.75 2.10 2.47 2.75 2.83 2.74 2.48 2.18 1.81 1.46 1.30 1.42 1.72 2.08 2.47 2.80 2.99 2.88
 25   2.58 2.23 1.84 1.50 1.26 1.31 1.56 1.90 2.26 2.62 2.84 2.80 2.55 2.22 1.84 1.50 1.25 1.28 1.51 1.86 2.25 2.63 2.90 2.95
 26   2.74 2.42 2.05 1.66 1.36 1.27 1.44 1.72 2.07 2.41 2.70 2.80 2.63 2.34 2.02 1.70 1.46 1.32 1.43 1.71 2.07 2.46 2.79 2.99
 27   2.85 2.59 2.25 1.87 1.53 1.31 1.39 1.61 1.91 2.24 2.51 2.67 2.64 2.43 2.13 1.82 1.55 1.42 1.39 1.62 1.95 2.32 2.64 2.88
 28   2.88 2.67 2.38 2.05 1.71 1.45 1.41 1.57 1.81 2.11 2.40 2.62 2.65 2.49 2.23 1.93 1.61 1.40 1.39 1.56 1.83 2.14 2.47 2.73
 29   2.85 2.73 2.50 2.21 1.90 1.63 1.48 1.53 1.70 1.94 2.20 2.44 2.56 2.49 2.33 2.14 1.91 1.67 1.52 1.54 1.68 1.92 2.27 2.54
 30   2.73 2.72 2.57 2.36 2.10 1.84 1.64 1.60 1.69 1.84 2.06 2.27 2.43 2.51 2.46 2.26 2.06 1.89 1.73 1.64 1.68 1.80 2.00 2.27
 ----------------------------------------------------------------------------------------------------------------------------
                                                                                               
 ----------------------------------------------------------------------------------------------------------------------------
 ----------------------------------------------------------------------------------------------------------------------------
                                                          SURVEY OF INDIA
                                                    MARINE GEODESY WING (G&RB)
                                                     HOURLY HEIGHTS IN METRES
  NAME OF PORT:- PORT BLAIR                                                                         MONTH OCTOBER   YEAR 2010
 ----------------------------------------------------------------------------------------------------------------------------
 DAYS 0000 0001 0002 0003 0004 0005 0006 0007 0008 0009 0010 0011 0012 0013 0014 0015 0016 0017 0018 0019 0020 0021 0022 0023
 ----------------------------------------------------------------------------------------------------------------------------
  1   2.53 2.63 2.63 2.49 2.30 2.10 1.92 1.79 1.73 1.78 1.91 2.05 2.19 2.30 2.31 2.23 2.11 1.98 1.87 1.79 1.77 1.83 1.93 2.08
  2   2.27 2.40 2.50 2.50 2.44 2.34 2.20 2.05 1.91 1.82 1.79 1.83 1.93 2.08 2.20 2.28 2.29 2.22 2.10 1.98 1.87 1.81 1.82 1.90
  3   2.01 2.15 2.29 2.44 2.53 2.54 2.47 2.35 2.18 1.99 1.83 1.77 1.82 1.95 2.08 2.18 2.25 2.27 2.18 2.07 1.97 1.87 1.77 1.72
  4   1.77 1.91 2.08 2.25 2.46 2.63 2.72 2.67 2.50 2.26 2.02 1.76 1.56 1.51 1.62 1.83 2.10 2.38 2.60 2.70 2.60 2.40 2.16 1.89
  5   1.65 1.58 1.66 1.86 2.14 2.45 2.70 2.86 2.79 2.57 2.30 1.99 1.65 1.42 1.35 1.50 1.76 2.10 2.47 2.76 2.87 2.72 2.46 2.12
  6   1.77 1.49 1.37 1.49 1.73 2.08 2.45 2.79 2.97 2.84 2.57 2.21 1.82 1.51 1.41 1.45 1.61 1.92 2.28 2.64 2.96 3.01 2.78 2.42
  7   2.01 1.65 1.34 1.20 1.38 1.69 2.06 2.42 2.74 2.92 2.80 2.52 2.16 1.77 1.46 1.35 1.42 1.61 1.95 2.36 2.80 3.10 3.05 2.78
  8   2.37 1.93 1.51 1.20 1.18 1.41 1.73 2.06 2.39 2.70 2.86 2.76 2.47 2.10 1.72 1.40 1.29 1.39 1.65 2.07 2.50 2.88 3.13 3.04
  9   2.72 2.29 1.83 1.40 1.13 1.20 1.48 1.75 2.05 2.36 2.66 2.80 2.72 2.42 2.05 1.66 1.35 1.23 1.36 1.62 1.95 2.28 2.61 2.94
 10   3.15 2.90 2.52 2.08 1.63 1.25 1.09 1.24 1.58 1.98 2.34 2.62 2.75 2.67 2.37 2.01 1.61 1.30 1.17 1.32 1.62 2.01 2.43 2.82
 11   3.08 2.99 2.70 2.33 1.93 1.57 1.30 1.23 1.45 1.78 2.14 2.47 2.70 2.73 2.51 2.20 1.85 1.52 1.31 1.25 1.39 1.71 2.09 2.49
 12
 13
 14
 15
 16
 17
 18
 19
 20
 21
 22
 23
 24
 25
 26
 27
 28
 29
 30
 31
 ----------------------------------------------------------------------------------------------------------------------------
                                                                                               
 ----------------------------------------------------------------------------------------------------------------------------
 ----------------------------------------------------------------------------------------------------------------------------
                                                          SURVEY OF INDIA
                                                    MARINE GEODESY WING (G&RB)
                                                     HOURLY HEIGHTS IN METRES
  NAME OF PORT:- PORT BLAIR                                                                         MONTH NOVEMBER  YEAR 2010
 ----------------------------------------------------------------------------------------------------------------------------
 DAYS 0000 0001 0002 0003 0004 0005 0006 0007 0008 0009 0010 0011 0012 0013 0014 0015 0016 0017 0018 0019 0020 0021 0022 0023
 ----------------------------------------------------------------------------------------------------------------------------
  1
  2
  3
  4
  5
  6
  7
  8
  9
 10
 11
 12
 13
 14
 15
 16
 17
 18
 19
 20
 21
 22
 23
 24
 25
 26
 27
 28
 29
 30
 ----------------------------------------------------------------------------------------------------------------------------
                                                          SURVEY OF INDIA
                                                    MARINE GEODESY WING (G&RB)
                                                     HOURLY HEIGHTS IN METRES
  NAME OF PORT:- PORT BLAIR                                                                         MONTH DECEMBER  YEAR 2010
 ----------------------------------------------------------------------------------------------------------------------------
 DAYS 0000 0001 0002 0003 0004 0005 0006 0007 0008 0009 0010 0011 0012 0013 0014 0015 0016 0017 0018 0019 0020 0021 0022 0023
 ----------------------------------------------------------------------------------------------------------------------------
  1
  2
  3
  4
  5
  6
  7
  8
  9
 10
 11
 12
 13
 14
 15
 16
 17
 18
 19
 20
 21
 22
 23
 24
 25
 26
 27
 28
 29
 30
 31
 ----------------------------------------------------------------------------------------------------------------------------
