1                                                         SURVEY OF INDIA
                                                    NO. 68 (TIDAL) PARTY (G&RB)
                                                     HOURLY HEIGHTS IN METRES
  NAME OF PORT:- MUMBAI                                                                                    MONTH JANUARY   YEAR 2009
 -----------------------------------------------------------------------------------------------------------------------------------
 DAYS 0000 0001 0002 0003 0004 0005 0006 0007 0008 0009 0010 0011 0012 0013 0014 0015 0016 0017 0018 0019 0020 0021 0022 0023   
 -----------------------------------------------------------------------------------------------------------------------------------
  1   3.28 3.88 4.20 4.30 4.00 3.40 2.72 2.12 1.72 1.61 1.80 2.19 2.72 3.26 3.60 3.61 3.24 2.61 2.00 1.54 1.36 1.48 1.88 2.40  
  2   3.01 3.58 4.06 4.30 4.16 3.72 3.08 2.44 1.92 1.68 1.71 1.94 2.38 2.90 3.36 3.58 3.53 3.10 2.52 2.03 1.74 1.72 1.92 2.31  
  3   2.78 3.31 3.84 4.20 4.23 3.92 3.36 2.75 2.20 1.80 1.60 1.68 2.00 2.48 2.96 3.32 3.50 3.38 3.04 2.64 2.30 2.08 2.08 2.30  
  4   2.60 3.00 3.50 3.92 4.16 4.08 3.72 3.11 2.52 2.02 1.68 1.60 1.72 2.04 2.44 2.82 3.18 3.38 3.36 3.16 2.84 2.52 2.32 2.28  
  5   2.43 2.71 3.11 3.53 3.84 3.90 3.70 3.28 2.76 2.26 1.80 1.50 1.43 1.60 1.93 2.32 2.73 3.08 3.35 3.44 3.32 3.04 2.76 2.56  
  6   2.51 2.58 2.78 3.10 3.40 3.64 3.67 3.46 3.08 2.58 2.06 1.60 1.30 1.26 1.45 1.78 2.24 2.66 3.10 3.46 3.65 3.61 3.36 3.02  
  7   2.72 2.58 2.59 2.75 3.00 3.24 3.44 3.53 3.40 3.04 2.54 1.98 1.52 1.22 1.16 1.33 1.66 2.12 2.68 3.26 3.76 4.04 4.01 3.68  
  8   3.24 2.89 2.58 2.52 2.64 2.86 3.15 3.40 3.54 3.48 3.14 2.64 2.04 1.48 1.04  .88 1.00 1.46 2.08 2.78 3.50 4.10 4.38 4.33  
  9   3.92 3.36 2.77 2.41 2.30 2.40 2.72 3.06 3.40 3.64 3.66 3.28 2.78 2.05 1.34  .74  .51  .72 1.37 2.06 2.92 3.76 4.44 4.71  
 10   4.52 4.05 3.30 2.58 2.10 1.94 2.08 2.42 2.92 3.44 3.86 3.94 3.58 2.88 1.97 1.12  .48  .24  .52 1.19 2.06 3.04 4.04 4.76  
 12   4.96 5.01 4.63 3.82 2.84 1.99 1.44 1.34 1.61 2.28 3.11 3.85 4.27 4.28 3.77 2.84 1.76  .82  .24  .20  .76 1.58 2.60 3.71  
 13   4.68 5.10 5.04 4.50 3.54 2.51 1.68 1.18 1.14 1.58 2.36 3.26 4.03 4.42 4.31 3.69 2.73 1.70  .88  .44  .53 1.13 2.00 3.01  
 14   4.08 4.84 5.10 4.83 4.20 3.19 2.20 1.42 1.04 1.12 1.64 2.40 3.36 4.02 4.36 4.18 3.56 2.60 1.62  .96  .70 1.00 1.66 2.47  
 15   3.40 4.21 4.78 4.90 4.56 3.81 2.82 1.90 1.18  .91 1.08 1.66 2.50 3.32 3.93 4.16 3.91 3.24 2.40 1.68 1.24 1.18 1.56 2.10  
 16   2.82 3.53 4.20 4.55 4.51 4.04 3.24 2.34 1.52 1.00  .94 1.22 1.82 2.54 3.26 3.69 3.84 3.57 3.06 2.43 1.89 1.64 1.76 2.10  
 17   2.55 3.02 3.58 4.04 4.20 4.00 3.50 2.73 2.00 1.40 1.08 1.14 1.48 2.00 2.60 3.15 3.52 3.60 3.36 2.99 2.60 2.30 2.19 2.30  
 18   2.52 2.84 3.18 3.58 3.84 3.84 3.58 3.02 2.42 1.90 1.52 1.40 1.54 1.83 2.26 2.68 3.06 3.34 3.40 3.28 3.06 2.87 2.72 2.62  
 19   2.64 2.68 2.86 3.14 3.42 3.56 3.46 3.18 2.76 2.36 1.98 1.69 1.60 1.68 1.96 2.29 2.64 2.96 3.20 3.36 3.40 3.32 3.20 3.02  
 20   2.88 2.82 2.84 2.92 3.08 3.23 3.28 3.16 2.92 2.64 2.36 2.04 1.77 1.60 1.67 1.88 2.20 2.58 2.90 3.16 3.36 3.46 3.44 3.32  
 21   3.05 2.88 2.78 2.76 2.80 2.87 2.94 3.03 3.04 2.91 2.70 2.34 1.98 1.70 1.58 1.62 1.86 2.16 2.56 2.98 3.34 3.59 3.66 3.56  
 22   3.34 3.08 2.80 2.66 2.60 2.68 2.80 2.92 3.02 3.04 2.98 2.80 2.44 2.04 1.64 1.41 1.45 1.76 2.18 2.69 3.20 3.62 3.86 3.92  
 23   3.70 3.40 3.04 2.72 2.56 2.52 2.58 2.74 2.92 3.12 3.24 3.16 2.85 2.38 1.81 1.40 1.24 1.38 1.80 2.32 2.90 3.46 3.92 4.08  
 24   3.96 3.68 3.26 2.82 2.46 2.28 2.28 2.44 2.76 3.10 3.36 3.42 3.20 2.76 2.16 1.56 1.13 1.09 1.40 1.90 2.48 3.20 3.78 4.18  
 25   4.25 4.04 3.58 3.02 2.56 2.24 2.14 2.22 2.50 2.90 3.32 3.58 3.58 3.22 2.57 1.86 1.27  .97 1.02 1.44 2.10 2.84 3.54 4.10  
 26   4.32 4.21 3.84 3.26 2.64 2.20 1.93 1.88 2.12 2.58 3.14 3.58 3.76 3.55 2.96 2.20 1.47  .97  .84 1.10 1.68 2.40 3.18 3.89  
 27   4.38 4.42 4.10 3.54 2.81 2.20 1.80 1.68 1.82 2.25 2.82 3.41 3.82 3.86 3.46 2.70 1.86 1.20  .80  .86 1.34 2.06 2.88 3.66  
 28   4.32 4.53 4.37 3.89 3.12 2.40 1.80 1.49 1.52 1.86 2.44 3.16 3.74 4.00 3.81 3.21 2.37 1.55 1.00  .86 1.19 1.80 2.54 3.30  
 29   4.08 4.49 4.54 4.20 3.48 2.64 1.92 1.47 1.34 1.54 2.06 2.74 3.48 3.96 4.04 3.68 2.94 2.09 1.40 1.02 1.06 1.52 2.18 2.92  
 30   3.72 4.29 4.54 4.35 3.78 2.93 2.10 1.45 1.15 1.24 1.66 2.32 3.00 3.64 3.98 3.92 3.40 2.58 1.80 1.29 1.16 1.46 1.98 2.63  
 31   3.32 4.00 4.40 4.40 4.00 3.24 2.36 1.64 1.12 1.02 1.30 1.86 2.52 3.21 3.76 3.98 3.76 3.14 2.40 1.84 1.52 1.52 1.90 2.40  
 -----------------------------------------------------------------------------------------------------------------------------------
                                                                                                           
1                                                         SURVEY OF INDIA
                                                    NO. 68 (TIDAL) PARTY (G&RB)
                                                     HOURLY HEIGHTS IN METRES
  NAME OF PORT:- MUMBAI                                                                                    MONTH FEBRUARY  YEAR 2009
 -----------------------------------------------------------------------------------------------------------------------------------
 DAYS 0000 0001 0002 0003 0004 0005 0006 0007 0008 0009 0010 0011 0012 0013 0014 0015 0016 0017 0018 0019 0020 0021 0022 0023   SUM
 -----------------------------------------------------------------------------------------------------------------------------------
  1   3.00 3.61 4.12 4.31 4.12 3.55 2.78 2.04 1.40 1.10 1.15 1.48 2.06 2.69 3.31 3.72 3.81 3.53 2.98 2.42 2.02 1.84 1.97 2.28  
  2   2.71 3.22 3.74 4.06 4.04 3.68 3.07 2.40 1.77 1.28 1.12 1.27 1.65 2.15 2.73 3.26 3.58 3.63 3.38 3.00 2.58 2.32 2.24 2.33  
  3   2.56 2.87 3.29 3.68 3.87 3.75 3.32 2.74 2.16 1.67 1.32 1.24 1.40 1.69 2.10 2.59 3.04 3.36 3.45 3.37 3.16 2.92 2.68 2.54  
  4   2.56 2.68 2.92 3.22 3.46 3.57 3.46 3.11 2.64 2.15 1.70 1.38 1.28 1.38 1.64 2.02 2.49 2.91 3.26 3.45 3.54 3.46 3.26 2.98  
  5   2.70 2.60 2.63 2.83 3.05 3.24 3.31 3.24 3.02 2.68 2.24 1.80 1.43 1.21 1.20 1.41 1.84 2.32 2.80 3.26 3.60 3.78 3.72 3.44  
  6   3.06 2.68 2.47 2.40 2.53 2.76 2.99 3.15 3.21 3.14 2.86 2.40 1.84 1.34  .98  .88 1.08 1.54 2.09 2.70 3.36 3.88 4.11 4.01  
  7   3.60 3.05 2.60 2.26 2.08 2.16 2.45 2.84 3.24 3.48 3.51 3.22 2.63 1.94 1.26  .78  .62  .86 1.40 2.11 2.91 3.74 4.36 4.56  
  8   4.30 3.76 3.03 2.38 1.89 1.73 1.86 2.28 2.85 3.42 3.80 3.87 3.50 2.79 1.93 1.15  .56  .38  .72 1.38 2.27 3.22 4.15 4.72  
  9   4.78 4.42 3.68 2.74 1.93 1.40 1.32 1.60 2.18 2.95 3.70 4.16 4.21 3.74 2.86 1.83  .95  .38  .27  .71 1.51 2.49 3.58 4.50  
 10   4.96 4.86 4.32 3.36 2.28 1.42  .95  .96 1.40 2.19 3.12 3.96 4.38 4.29 3.73 2.74 1.60  .72  .21  .29  .97 1.88 2.98 4.04  
 11   4.80 5.04 4.74 3.97 2.86 1.80  .96  .56  .69 1.37 2.38 3.44 4.24 4.58 4.36 3.62 2.56 1.50  .75  .45  .74 1.42 2.38 3.38  
 12   4.39 4.89 4.97 4.47 3.53 2.37 1.38  .68  .54  .91 1.68 2.71 3.70 4.34 4.56 4.18 3.41 2.32 1.40  .89  .85 1.35 2.05 2.90  
 13   3.81 4.50 4.80 4.63 4.01 2.95 1.92 1.08  .60  .66 1.18 2.02 3.00 3.81 4.31 4.34 3.83 3.02 2.12 1.49 1.20 1.39 1.85 2.48  
 14   3.20 3.92 4.39 4.47 4.08 3.33 2.36 1.53  .92  .76 1.00 1.57 2.32 3.08 3.74 4.08 3.98 3.46 2.74 2.12 1.73 1.67 1.94 2.36  
 15   2.83 3.39 3.85 4.07 3.95 3.46 2.76 2.04 1.42 1.02  .99 1.28 1.81 2.41 3.05 3.51 3.71 3.52 3.08 2.64 2.27 2.06 2.11 2.28 
 16   2.58 2.91 3.30 3.57 3.64 3.37 2.87 2.32 1.81 1.41 1.23 1.32 1.63 2.04 2.53 2.96 3.24 3.31 3.12 2.91 2.71 2.58 2.52 2.52  
 17   2.56 2.70 2.94 3.20 3.30 3.22 2.95 2.58 2.23 1.90 1.61 1.50 1.62 1.89 2.20 2.52 2.82 3.05 3.14 3.16 3.07 2.97 2.90 2.86  
 18   2.79 2.74 2.80 2.89 3.02 3.04 2.98 2.81 2.57 2.31 2.02 1.85 1.78 1.88 2.02 2.27 2.54 2.78 2.99 3.14 3.25 3.29 3.23 3.10  
 19   2.93 2.84 2.80 2.77 2.76 2.79 2.83 2.87 2.84 2.69 2.41 2.16 1.94 1.80 1.78 1.88 2.08 2.39 2.72 3.04 3.31 3.46 3.52 3.41  
 20   3.16 2.90 2.68 2.58 2.56 2.60 2.69 2.83 2.92 2.92 2.78 2.54 2.24 1.92 1.69 1.62 1.74 2.02 2.44 2.82 3.26 3.56 3.71 3.69  
 21   3.46 3.09 2.77 2.52 2.40 2.41 2.52 2.72 2.97 3.13 3.18 3.01 2.70 2.30 1.88 1.58 1.50 1.69 2.04 2.52 3.07 3.58 3.92 4.00  
 22   3.80 3.37 2.91 2.52 2.26 2.16 2.24 2.47 2.81 3.20 3.41 3.41 3.15 2.66 2.08 1.58 1.32 1.36 1.69 2.18 2.80 3.42 3.94 4.18 
 23   4.10 3.74 3.20 2.61 2.19 1.96 1.96 2.20 2.58 3.04 3.46 3.66 3.56 3.15 2.57 1.86 1.34 1.12 1.28 1.76 2.40 3.10 3.80 4.26  
 24   4.31 4.06 3.54 2.82 2.21 1.76 1.61 1.74 2.14 2.71 3.30 3.74 3.87 3.58 2.94 2.13 1.46 1.04  .96 1.30 1.95 2.73 3.55 4.22  
 25   4.42 4.28 3.80 3.06 2.33 1.70 1.37 1.41 1.74 2.36 3.06 3.70 4.05 3.98 3.48 2.68 1.86 1.22  .89 1.10 1.66 2.38 3.24 4.02  
 26   4.46 4.48 4.14 3.40 2.52 1.72 1.17 1.05 1.32 1.91 2.65 3.44 4.05 4.27 3.94 3.28 2.37 1.61 1.12 1.01 1.41 2.08 2.90 3.76  
 27   4.38 4.60 4.39 3.78 2.86 1.97 1.28  .93 1.06 1.54 2.28 3.10 3.86 4.31 4.30 3.82 3.00 2.08 1.42 1.08 1.26 1.82 2.58 3.41  
 28   4.10 4.50 4.50 4.04 3.21 2.26 1.45  .90  .78 1.14 1.78 2.56 3.42 4.12 4.43 4.25 3.62 2.70 1.92 1.42 1.36 1.71 2.32 3.04  
 -----------------------------------------------------------------------------------------------------------------------------------
                                                                                                           
1                                                         SURVEY OF INDIA
                                                    NO. 68 (TIDAL) PARTY (G&RB)
                                                     HOURLY HEIGHTS IN METRES
  NAME OF PORT:- MUMBAI                                                                                    MONTH MARCH     YEAR 2009
 -----------------------------------------------------------------------------------------------------------------------------------
 DAYS 0000 0001 0002 0003 0004 0005 0006 0007 0008 0009 0010 0011 0012 0013 0014 0015 0016 0017 0018 0019 0020 0021 0022 0023   SUM
 -----------------------------------------------------------------------------------------------------------------------------------
  1   3.74 4.31 4.53 4.29 3.64 2.72 1.86 1.14  .75  .87 1.36 2.08 2.89 3.65 4.20 4.34 4.01 3.34 2.50 1.89 1.59 1.72 2.14 2.70  66.26
  2   3.30 3.87 4.24 4.23 3.82 3.05 2.21 1.45  .89  .74 1.05 1.60 2.28 3.00 3.67 4.08 4.11 3.73 3.09 2.44 2.01 1.86 2.06 2.42  65.20
  3   2.87 3.37 3.82 4.02 3.84 3.30 2.58 1.90 1.31  .94  .96 1.28 1.76 2.38 3.00 3.54 3.86 3.80 3.45 2.99 2.58 2.31 2.20 2.36  64.42
  4   2.60 2.89 3.28 3.57 3.68 3.47 2.96 2.38 1.80 1.35 1.08 1.14 1.45 1.89 2.35 2.87 3.33 3.59 3.61 3.43 3.15 2.88 2.63 2.51  63.89
  5   2.51 2.60 2.85 3.12 3.32 3.37 3.19 2.83 2.42 1.97 1.57 1.35 1.36 1.56 1.87 2.24 2.69 3.12 3.47 3.62 3.57 3.40 3.14 2.85  63.99
  6   2.59 2.48 2.49 2.63 2.81 2.97 3.11 3.06 2.88 2.58 2.16 1.75 1.44 1.29 1.33 1.58 2.00 2.50 2.99 3.41 3.69 3.76 3.60 3.29  62.39
  7   2.91 2.54 2.29 2.20 2.24 2.48 2.78 3.03 3.18 3.14 2.88 2.46 1.94 1.44 1.13 1.09 1.36 1.85 2.36 2.90 3.49 3.92 4.07 3.87  61.55
  8   3.36 2.76 2.25 1.92 1.81 1.95 2.31 2.76 3.17 3.48 3.50 3.22 2.66 1.99 1.33  .91  .84 1.16 1.74 2.42 3.17 3.87 4.37 4.41  61.36
  9   4.06 3.38 2.56 1.91 1.49 1.44 1.69 2.23 2.87 3.51 3.89 3.97 3.64 2.93 2.06 1.32  .80  .75 1.14 1.81 2.67 3.58 4.36 4.71  62.77
 10   4.54 4.00 3.12 2.19 1.44 1.00 1.02 1.46 2.20 3.09 3.86 4.28 4.27 3.75 2.85 1.88 1.14  .71  .78 1.30 2.09 3.01 4.00 4.65  62.63
 11   4.81 4.46 3.74 2.72 1.78 1.02  .74  .93 1.55 2.51 3.53 4.30 4.67 4.46 3.80 2.79 1.82 1.15  .82 1.08 1.70 2.54 3.54 4.40  64.86
 12   4.83 4.81 4.28 3.31 2.18 1.24  .64  .57  .99 1.81 2.84 3.87 4.56 4.77 4.39 3.60 2.54 1.66 1.11 1.00 1.39 2.05 2.94 3.88  65.26
 13   4.52 4.74 4.52 3.72 2.64 1.61  .84  .43  .61 1.22 2.14 3.18 4.13 4.61 4.60 4.10 3.25 2.27 1.57 1.22 1.34 1.79 2.46 3.30  64.81
 14   4.04 4.43 4.50 4.00 3.11 2.08 1.24  .64  .56  .96 1.64 2.50 3.48 4.19 4.51 4.32 3.74 2.89 2.08 1.61 1.48 1.73 2.20 2.84  64.77
 15   3.51 4.05 4.25 3.99 3.38 2.48 1.68 1.01  .69  .88 1.36 2.04 2.85 3.60 4.11 4.30 3.97 3.38 2.66 2.10 1.82 1.86 2.15 2.57  64.69
 16   3.03 3.54 3.86 3.86 3.50 2.86 2.11 1.46 1.02  .95 1.25 1.74 2.34 2.98 3.54 3.89 3.89 3.55 3.06 2.60 2.28 2.12 2.23 2.49  64.15
 17   2.79 3.13 3.46 3.56 3.42 2.98 2.44 1.89 1.44 1.20 1.28 1.61 2.08 2.56 3.04 3.44 3.64 3.55 3.22 2.88 2.64 2.50 2.48 2.56  63.79
 18   2.64 2.82 3.02 3.20 3.26 3.06 2.69 2.26 1.88 1.58 1.49 1.62 1.95 2.29 2.66 2.98 3.25 3.36 3.31 3.13 2.93 2.78 2.67 2.63  63.46
 19   2.64 2.68 2.76 2.86 2.92 2.93 2.80 2.54 2.24 1.96 1.76 1.72 1.84 2.00 2.23 2.50 2.76 3.02 3.15 3.18 3.14 3.06 2.97 2.86  62.52
 20   2.72 2.60 2.58 2.58 2.66 2.72 2.73 2.68 2.56 2.40 2.22 2.00 1.80 1.77 1.88 2.16 2.49 2.75 2.97 3.15 3.29 3.36 3.30 3.06  62.43
 21   2.74 2.55 2.47 2.47 2.48 2.52 2.60 2.70 2.80 2.77 2.62 2.37 2.06 1.85 1.74 1.84 2.10 2.45 2.84 3.16 3.43 3.57 3.58 3.42  63.13
 22   3.06 2.68 2.35 2.17 2.18 2.35 2.56 2.78 2.92 3.01 3.00 2.82 2.50 2.09 1.74 1.62 1.76 2.09 2.50 2.92 3.36 3.67 3.84 3.71  63.68
 23   3.29 2.83 2.38 2.08 1.89 1.92 2.14 2.49 2.90 3.21 3.35 3.25 2.91 2.39 1.88 1.54 1.44 1.65 2.03 2.56 3.14 3.64 3.97 3.96  62.84
 24   3.63 3.14 2.58 2.04 1.65 1.59 1.76 2.22 2.78 3.26 3.61 3.74 3.52 2.98 2.35 1.77 1.46 1.44 1.77 2.33 2.93 3.58 4.05 4.20  64.38
 25   3.97 3.50 2.83 2.10 1.54 1.28 1.38 1.76 2.36 3.04 3.65 3.99 3.98 3.54 2.78 2.04 1.48 1.20 1.33 1.81 2.48 3.20 3.87 4.26  63.37
 26   4.26 3.87 3.14 2.31 1.55 1.02  .95 1.27 1.90 2.65 3.44 4.05 4.31 4.05 3.41 2.54 1.78 1.27 1.15 1.46 2.09 2.82 3.65 4.24  63.18
 27   4.44 4.19 3.56 2.61 1.72 1.00  .64  .82 1.34 2.12 3.02 3.89 4.44 4.46 4.02 3.22 2.32 1.55 1.15 1.28 1.72 2.43 3.26 4.01  63.21
 28   4.39 4.36 3.88 2.98 2.00 1.10  .52  .44  .84 1.60 2.51 3.48 4.29 4.66 4.47 3.86 2.93 2.09 1.48 1.27 1.53 2.09 2.85 3.69  63.31
 29   4.26 4.44 4.20 3.47 2.48 1.49  .75  .38  .54 1.11 1.95 2.91 3.88 4.53 4.71 4.36 3.65 2.74 1.98 1.50 1.48 1.79 2.45 3.24  64.29
 30   3.90 4.31 4.28 3.79 2.97 2.00 1.18  .58  .42  .77 1.43 2.28 3.22 4.00 4.52 4.51 4.04 3.32 2.52 1.92 1.68 1.83 2.18 2.75  64.40
 31   3.40 3.95 4.19 4.02 3.43 2.57 1.76 1.10  .66  .71 1.16 1.84 2.60 3.40 4.06 4.40 4.30 3.86 3.18 2.56 2.10 1.96 2.10 2.47  65.78
 -----------------------------------------------------------------------------------------------------------------------------------
                                                                                                           
1                                                         SURVEY OF INDIA
                                                    NO. 68 (TIDAL) PARTY (G&RB)
                                                     HOURLY HEIGHTS IN METRES
  NAME OF PORT:- MUMBAI                                                                                    MONTH APRIL     YEAR 2009
 -----------------------------------------------------------------------------------------------------------------------------------
 DAYS 0000 0001 0002 0003 0004 0005 0006 0007 0008 0009 0010 0011 0012 0013 0014 0015 0016 0017 0018 0019 0020 0021 0022 0023   SUM
 -----------------------------------------------------------------------------------------------------------------------------------
  1   2.96 3.50 3.88 3.96 3.66 3.02 2.32 1.65 1.10  .86 1.04 1.49 2.04 2.68 3.32 3.89 4.16 4.05 3.72 3.20 2.72 2.40 2.30 2.37  66.29
  2   2.62 2.97 3.33 3.60 3.61 3.37 2.90 2.34 1.81 1.44 1.29 1.40 1.73 2.17 2.70 3.25 3.72 3.95 3.94 3.70 3.32 2.97 2.66 2.44  67.23
  3   2.45 2.56 2.80 3.08 3.30 3.33 3.22 2.92 2.51 2.10 1.74 1.58 1.59 1.75 2.10 2.51 2.99 3.46 3.74 3.85 3.76 3.46 3.08 2.72  66.60
  4   2.46 2.32 2.33 2.53 2.75 3.00 3.17 3.23 3.09 2.79 2.41 2.02 1.73 1.62 1.69 2.00 2.44 2.95 3.40 3.78 3.98 3.96 3.62 3.14  66.41
  5   2.67 2.27 2.08 2.04 2.21 2.56 2.87 3.20 3.40 3.40 3.19 2.73 2.20 1.75 1.50 1.55 1.88 2.34 2.88 3.41 3.86 4.12 4.07 3.71  65.89
  6   3.08 2.47 1.90 1.55 1.52 1.84 2.37 2.92 3.39 3.75 3.84 3.58 3.01 2.32 1.78 1.43 1.41 1.76 2.25 2.87 3.55 4.10 4.41 4.27  65.37
  7   3.72 2.91 2.10 1.50 1.25 1.32 1.70 2.33 3.04 3.70 4.10 4.12 3.72 3.06 2.30 1.68 1.26 1.32 1.70 2.33 3.09 3.84 4.38 4.49  64.96
  8   4.13 3.40 2.49 1.64 1.02  .80 1.00 1.60 2.42 3.30 4.06 4.48 4.36 3.82 3.00 2.16 1.50 1.20 1.40 1.78 2.50 3.32 4.08 4.46  63.92
  9   4.40 3.88 3.04 2.04 1.20  .66  .56 1.02 1.78 2.72 3.64 4.30 4.56 4.30 3.60 2.82 2.00 1.44 1.30 1.52 2.02 2.76 3.64 4.24  63.44
 10   4.44 4.12 3.44 2.44 1.54  .78  .40  .62 1.22 2.08 3.06 4.00 4.56 4.60 4.18 3.46 2.54 1.86 1.40 1.38 1.74 2.38 3.20 3.88  63.32
 11   4.24 4.20 3.76 2.90 1.96 1.10  .50  .42  .88 1.62 2.60 3.54 4.30 4.64 4.44 3.86 3.04 2.28 1.76 1.58 1.74 2.16 2.80 3.52  63.84
 12   4.04 4.20 3.92 3.26 2.34 1.48  .82  .56  .84 1.42 2.20 3.12 3.90 4.40 4.52 4.20 3.56 2.78 2.16 1.80 1.80 2.08 2.56 3.08  65.04
 13   3.64 3.96 3.98 3.52 2.74 1.94 1.28  .88  .92 1.30 1.92 2.60 3.36 4.00 4.36 4.28 3.86 3.26 2.62 2.20 2.00 2.10 2.38 2.78  65.88
 14   3.24 3.62 3.76 3.54 3.00 2.32 1.66 1.22 1.08 1.28 1.68 2.24 2.80 3.42 3.88 4.04 3.82 3.38 2.90 2.50 2.24 2.16 2.26 2.48  64.52
 15   2.82 3.16 3.38 3.38 3.06 2.54 2.00 1.56 1.26 1.24 1.48 1.92 2.42 2.92 3.40 3.64 3.63 3.38 3.04 2.76 2.50 2.34 2.28 2.36  62.47
 16   2.56 2.82 3.04 3.12 3.02 2.72 2.30 1.88 1.58 1.44 1.52 1.74 2.01 2.39 2.84 3.21 3.43 3.43 3.22 2.95 2.73 2.54 2.41 2.36  61.26
 17   2.39 2.51 2.66 2.79 2.82 2.72 2.51 2.24 1.98 1.75 1.63 1.70 1.86 2.13 2.48 2.82 3.09 3.26 3.27 3.13 2.90 2.73 2.58 2.48  60.43
 18   2.42 2.38 2.41 2.48 2.58 2.64 2.64 2.57 2.40 2.22 2.01 1.81 1.79 1.90 2.19 2.51 2.80 3.02 3.18 3.24 3.22 3.06 2.84 2.58  60.89
 19   2.38 2.24 2.17 2.24 2.36 2.53 2.66 2.72 2.71 2.62 2.46 2.20 1.97 1.88 1.95 2.20 2.53 2.86 3.13 3.34 3.41 3.38 3.15 2.82  61.91
 20   2.47 2.19 2.04 2.00 2.08 2.28 2.57 2.85 3.04 3.10 2.96 2.66 2.30 2.00 1.86 1.92 2.16 2.53 2.94 3.31 3.56 3.62 3.50 3.16  63.10
 21   2.68 2.22 1.90 1.72 1.70 1.89 2.25 2.69 3.09 3.34 3.39 3.15 2.67 2.19 1.82 1.70 1.80 2.12 2.57 3.04 3.49 3.70 3.70 3.40  62.22
 22   2.86 2.36 1.83 1.38 1.20 1.38 1.78 2.38 2.99 3.45 3.68 3.62 3.20 2.61 2.06 1.66 1.52 1.72 2.12 2.65 3.21 3.66 3.89 3.79  61.00
 23   3.32 2.63 1.90 1.33  .96  .94 1.28 1.88 2.58 3.28 3.85 4.08 3.82 3.27 2.54 1.94 1.56 1.51 1.81 2.29 2.92 3.48 3.88 4.00  61.05
 24   3.70 3.04 2.21 1.42  .80  .56  .76 1.34 2.10 2.93 3.72 4.25 4.36 3.94 3.22 2.36 1.74 1.40 1.51 1.86 2.49 3.15 3.77 4.05  60.68
 25   3.96 3.49 2.62 1.71  .94  .38  .33  .78 1.58 2.46 3.38 4.15 4.54 4.40 3.83 2.96 2.14 1.56 1.36 1.54 2.00 2.69 3.42 3.96  60.18
 26   4.10 3.83 3.14 2.14 1.19  .46  .12  .31  .93 1.79 2.75 3.73 4.44 4.68 4.36 3.66 2.75 1.98 1.51 1.46 1.72 2.23 2.91 3.59  59.78
 27   4.06 4.09 3.64 2.77 1.78  .86  .24  .12  .57 1.28 2.16 3.11 4.02 4.57 4.67 4.25 3.50 2.59 1.92 1.54 1.59 1.89 2.46 3.16  60.84
 28   3.77 4.06 3.95 3.34 2.42 1.50  .70  .27  .33  .86 1.57 2.42 3.37 4.16 4.62 4.56 4.08 3.34 2.54 1.93 1.68 1.75 2.09 2.65  61.96
 29   3.28 3.77 3.95 3.75 3.06 2.24 1.40  .78  .52  .69 1.17 1.84 2.60 3.42 4.12 4.43 4.33 3.89 3.19 2.48 1.98 1.79 1.89 2.19  62.76
 30   2.66 3.17 3.57 3.72 3.47 2.88 2.16 1.47  .97  .78  .98 1.40 1.98 2.64 3.39 3.95 4.20 4.08 3.66 3.06 2.49 2.08 1.89 1.93  62.58
 -----------------------------------------------------------------------------------------------------------------------------------
                                                                                                           
 -----------------------------------------------------------------------------------------------------------------------------------
1                                                         SURVEY OF INDIA
                                                    NO. 68 (TIDAL) PARTY (G&RB)
                                                     HOURLY HEIGHTS IN METRES
  NAME OF PORT:- MUMBAI                                                                                    MONTH MAY       YEAR 2009
 -----------------------------------------------------------------------------------------------------------------------------------
 DAYS 0000 0001 0002 0003 0004 0005 0006 0007 0008 0009 0010 0011 0012 0013 0014 0015 0016 0017 0018 0019 0020 0021 0022 0023   SUM
 -----------------------------------------------------------------------------------------------------------------------------------
  1   2.18 2.55 2.98 3.31 3.42 3.25 2.75 2.20 1.67 1.29 1.15 1.31 1.60 2.08 2.69 3.31 3.78 4.02 3.94 3.58 3.09 2.60 2.19 1.96  62.90
  2   1.92 2.07 2.36 2.74 3.06 3.24 3.19 2.88 2.47 2.01 1.64 1.46 1.49 1.70 2.13 2.64 3.18 3.60 3.83 3.81 3.52 3.07 2.56 2.11  62.68
  3   1.79 1.72 1.81 2.10 2.46 2.79 3.08 3.20 3.09 2.75 2.30 1.87 1.58 1.52 1.71 2.11 2.58 3.08 3.51 3.73 3.75 3.56 3.08 2.52  61.69
  4   1.94 1.58 1.44 1.55 1.89 2.35 2.80 3.19 3.42 3.36 3.06 2.58 2.09 1.74 1.61 1.76 2.12 2.61 3.12 3.53 3.80 3.81 3.55 2.99  61.89
  5   2.32 1.73 1.32 1.11 1.29 1.74 2.31 2.89 3.40 3.74 3.74 3.38 2.78 2.24 1.82 1.63 1.77 2.13 2.64 3.18 3.64 3.88 3.85 3.44  61.97
  6   2.73 2.07 1.42  .92  .84 1.15 1.73 2.44 3.13 3.62 4.01 3.98 3.57 2.92 2.26 1.77 1.61 1.77 2.18 2.69 3.23 3.74 3.98 3.86  61.62
  7   3.30 2.56 1.79 1.06  .67  .74 1.18 1.87 2.63 3.39 4.03 4.27 4.09 3.56 2.83 2.20 1.76 1.63 1.80 2.17 2.74 3.33 3.76 3.92  61.28
  8   3.59 2.98 2.15 1.35  .74  .45  .66 1.27 2.10 2.92 3.72 4.26 4.34 3.98 3.33 2.59 2.00 1.68 1.64 1.83 2.24 2.82 3.45 3.87  59.96
  9   3.79 3.37 2.60 1.72  .99  .48  .42  .88 1.58 2.43 3.27 3.98 4.35 4.29 3.83 3.12 2.45 1.93 1.71 1.76 2.03 2.54 3.13 3.68  60.33
 10   3.86 3.67 3.01 2.19 1.38  .74  .49  .72 1.34 2.08 2.88 3.70 4.28 4.49 4.21 3.62 2.87 2.27 1.87 1.81 1.92 2.30 2.83 3.39  61.92
 11   3.73 3.83 3.44 2.64 1.83 1.08  .65  .65 1.06 1.70 2.45 3.24 3.91 4.30 4.23 3.83 3.23 2.61 2.11 1.85 1.80 1.99 2.43 2.99  61.58
 12   3.47 3.69 3.55 3.00 2.26 1.52  .96  .72  .91 1.42 2.08 2.78 3.51 4.02 4.21 4.04 3.60 3.01 2.48 2.06 1.90 1.97 2.24 2.70  62.10
 13   3.13 3.48 3.56 3.27 2.65 1.93 1.33  .98  .92 1.22 1.74 2.33 2.95 3.56 3.97 4.03 3.73 3.23 2.72 2.31 2.04 2.03 2.18 2.45  61.74
 14   2.80 3.15 3.34 3.30 2.92 2.36 1.81 1.34 1.15 1.26 1.64 2.11 2.63 3.19 3.66 3.89 3.82 3.49 3.04 2.61 2.30 2.16 2.18 2.36  62.51
 15   2.61 2.87 3.11 3.22 3.12 2.72 2.25 1.75 1.44 1.38 1.59 1.99 2.46 2.88 3.31 3.66 3.78 3.69 3.36 2.93 2.59 2.31 2.20 2.25  63.47
 16   2.36 2.59 2.78 2.95 3.05 2.99 2.69 2.24 1.85 1.64 1.71 1.91 2.17 2.51 2.93 3.38 3.63 3.66 3.51 3.18 2.79 2.46 2.24 2.15  63.37
 17   2.23 2.32 2.45 2.63 2.79 2.89 2.86 2.63 2.32 2.06 1.92 1.95 2.05 2.26 2.55 3.02 3.39 3.65 3.65 3.44 3.09 2.75 2.41 2.18  63.49
 18   2.07 2.10 2.23 2.36 2.57 2.80 2.95 2.96 2.83 2.56 2.30 2.14 2.05 2.09 2.35 2.72 3.13 3.48 3.65 3.60 3.38 3.06 2.65 2.25  64.28
 19   1.96 1.88 1.87 1.99 2.19 2.54 2.91 3.14 3.21 3.04 2.75 2.43 2.16 2.04 2.09 2.35 2.73 3.15 3.48 3.62 3.58 3.36 2.99 2.57  64.03
 20   2.04 1.72 1.49 1.49 1.73 2.13 2.61 3.04 3.35 3.46 3.30 2.97 2.55 2.26 2.08 2.09 2.32 2.72 3.17 3.49 3.64 3.61 3.29 2.87  63.42
 21   2.28 1.75 1.31 1.10 1.24 1.65 2.24 2.78 3.37 3.75 3.85 3.59 3.05 2.50 2.13 1.96 2.07 2.35 2.75 3.19 3.58 3.78 3.68 3.24  63.19
 22   2.64 1.94 1.36  .90  .75 1.06 1.64 2.38 3.13 3.77 4.16 4.13 3.72 3.12 2.49 2.04 1.90 2.02 2.40 2.84 3.33 3.68 3.86 3.66  62.92
 23   3.06 2.37 1.59  .88  .49  .54 1.02 1.76 2.64 3.47 4.16 4.44 4.27 3.76 3.06 2.39 1.92 1.75 1.92 2.35 2.91 3.50 3.91 3.99  62.15
 24   3.64 2.91 2.05 1.15  .47  .17  .43 1.05 1.93 2.91 3.83 4.50 4.67 4.36 3.69 2.88 2.19 1.72 1.64 1.88 2.35 2.98 3.63 4.04  61.07
 25   4.00 3.54 2.68 1.70  .80  .18  .01  .45 1.21 2.13 3.17 4.15 4.77 4.84 4.41 3.64 2.78 2.05 1.63 1.63 1.91 2.48 3.17 3.82  61.15
 26   4.15 4.07 3.44 2.45 1.47  .65  .15  .14  .67 1.49 2.42 3.45 4.34 4.84 4.76 4.27 3.44 2.58 1.93 1.60 1.61 1.94 2.55 3.34  61.75
 27   3.91 4.14 3.94 3.25 2.29 1.32  .59  .22  .35  .96 1.76 2.69 3.63 4.40 4.79 4.68 4.10 3.25 2.42 1.81 1.56 1.62 2.01 2.61  62.30
 28   3.33 3.89 4.06 3.78 3.05 2.16 1.29  .69  .45  .63 1.20 1.95 2.83 3.67 4.31 4.59 4.39 3.86 3.07 2.28 1.69 1.45 1.54 1.94  62.10
 29   2.61 3.17 3.64 3.80 3.54 2.87 2.06 1.33  .83  .69  .92 1.46 2.13 2.87 3.64 4.17 4.37 4.15 3.58 2.86 2.11 1.59 1.41 1.50  61.30
 30   1.80 2.40 2.98 3.43 3.59 3.37 2.81 2.17 1.58 1.23 1.12 1.29 1.69 2.25 2.92 3.58 4.05 4.18 3.94 3.38 2.69 2.05 1.59 1.42  61.51
 31   1.52 1.82 2.28 2.78 3.20 3.43 3.33 2.94 2.45 1.96 1.63 1.50 1.62 1.90 2.41 2.99 3.54 3.91 4.00 3.78 3.28 2.64 2.08 1.60  62.59
 -----------------------------------------------------------------------------------------------------------------------------------
                                                                                                           
 -----------------------------------------------------------------------------------------------------------------------------------
1                                                         SURVEY OF INDIA
                                                    NO. 68 (TIDAL) PARTY (G&RB)
                                                     HOURLY HEIGHTS IN METRES
  NAME OF PORT:- MUMBAI                                                                                    MONTH JUNE      YEAR 2009
 -----------------------------------------------------------------------------------------------------------------------------------
 DAYS 0000 0001 0002 0003 0004 0005 0006 0007 0008 0009 0010 0011 0012 0013 0014 0015 0016 0017 0018 0019 0020 0021 0022 0023   SUM
 -----------------------------------------------------------------------------------------------------------------------------------
  1   1.39 1.43 1.70 2.11 2.58 3.06 3.35 3.37 3.16 2.73 2.32 1.99 1.79 1.83 2.05 2.47 2.94 3.43 3.73 3.76 3.52 3.03 2.47 1.92  62.13
  2   1.52 1.30 1.32 1.55 1.96 2.51 2.98 3.35 3.54 3.38 3.01 2.60 2.24 2.01 1.97 2.14 2.52 2.95 3.34 3.56 3.58 3.38 2.94 2.41  62.06
  3   1.79 1.30 1.05 1.09 1.44 1.94 2.53 3.05 3.45 3.65 3.56 3.25 2.79 2.38 2.13 2.07 2.20 2.49 2.86 3.24 3.52 3.56 3.33 2.85  61.52
  4   2.26 1.70 1.21  .95 1.08 1.47 2.05 2.68 3.30 3.75 3.93 3.79 3.39 2.89 2.47 2.18 2.09 2.18 2.47 2.85 3.24 3.47 3.52 3.27  62.19
  5   2.75 2.12 1.45  .95  .78 1.06 1.60 2.23 2.93 3.57 4.01 4.13 3.90 3.43 2.86 2.42 2.13 2.06 2.20 2.50 2.88 3.27 3.52 3.55  62.30
  6   3.21 2.61 1.90 1.25  .80  .80 1.20 1.83 2.53 3.22 3.85 4.19 4.22 3.90 3.31 2.72 2.28 2.05 2.04 2.26 2.56 2.99 3.36 3.61  62.69
  7   3.49 3.01 2.28 1.51  .92  .64  .85 1.36 2.05 2.76 3.46 4.03 4.29 4.11 3.65 3.02 2.46 2.11 1.95 1.96 2.18 2.54 3.08 3.51  61.22
  8   3.61 3.31 2.64 1.89 1.17  .71  .63  .95 1.54 2.27 3.04 3.70 4.14 4.20 3.87 3.31 2.69 2.22 1.92 1.84 1.94 2.25 2.71 3.27  59.82
  9   3.56 3.54 3.07 2.29 1.53  .95  .67  .79 1.25 1.89 2.62 3.33 3.95 4.21 4.11 3.68 3.06 2.51 2.06 1.85 1.88 2.09 2.49 2.96  60.34
 10   3.39 3.55 3.36 2.74 1.95 1.27  .85  .76 1.07 1.57 2.19 2.87 3.57 4.01 4.14 3.89 3.36 2.74 2.21 1.87 1.75 1.88 2.20 2.66  59.85
 11   3.13 3.43 3.44 3.03 2.37 1.67 1.12  .82  .92 1.33 1.92 2.57 3.23 3.79 4.10 4.05 3.62 3.03 2.46 2.03 1.82 1.79 2.01 2.56  60.24
 12   2.79 3.24 3.42 3.30 2.77 2.11 1.55 1.13 1.01 1.26 1.72 2.28 2.86 3.46 3.90 4.05 3.84 3.36 2.76 2.27 1.94 1.79 1.88 2.13  60.82
 13   2.51 2.91 3.22 3.29 3.06 2.52 1.97 1.48 1.22 1.27 1.61 2.03 2.53 3.06 3.55 3.89 3.90 3.58 3.07 2.52 2.12 1.85 1.80 1.95  60.91
 14   2.19 2.53 2.85 3.07 3.10 2.84 2.40 1.93 1.59 1.49 1.57 1.89 2.29 2.72 3.23 3.65 3.86 3.71 3.29 2.78 2.34 1.98 1.79 1.76  60.85
 15   1.88 2.16 2.53 2.87 3.09 3.07 2.79 2.43 2.08 1.84 1.78 1.89 2.15 2.52 2.96 3.42 3.71 3.75 3.51 3.09 2.65 2.24 1.90 1.72  62.03
 16   1.71 1.91 2.19 2.50 2.80 3.02 3.09 2.94 2.64 2.33 2.12 2.05 2.11 2.31 2.67 3.09 3.49 3.70 3.66 3.31 2.87 2.41 2.05 1.76  62.73
 17   1.59 1.61 1.77 2.11 2.48 2.86 3.13 3.23 3.12 2.85 2.55 2.29 2.12 2.22 2.46 2.77 3.12 3.43 3.54 3.49 3.19 2.73 2.30 1.87  62.83
 18   1.52 1.31 1.39 1.65 2.01 2.48 2.90 3.26 3.43 3.35 3.07 2.71 2.42 2.30 2.27 2.41 2.67 3.05 3.41 3.57 3.45 3.10 2.66 2.15  62.54
 19   1.70 1.32 1.15 1.25 1.52 2.02 2.61 3.18 3.62 3.85 3.76 3.41 2.91 2.52 2.30 2.29 2.43 2.74 3.09 3.42 3.57 3.50 3.17 2.67  64.00
 20   2.09 1.50 1.06  .85  .97 1.45 2.10 2.79 3.46 3.98 4.17 4.00 3.55 3.02 2.56 2.27 2.19 2.33 2.66 3.06 3.44 3.62 3.59 3.21  63.92
 21   2.63 1.95 1.28  .72  .56  .84 1.47 2.17 2.96 3.76 4.33 4.53 4.33 3.81 3.12 2.52 2.13 2.07 2.26 2.59 3.11 3.59 3.88 3.85  64.46
 22   3.37 2.61 1.78 1.05  .54  .43  .83 1.50 2.36 3.26 4.10 4.69 4.77 4.43 3.77 2.97 2.30 1.91 1.93 2.17 2.63 3.20 3.76 4.10  64.46
 23   4.01 3.51 2.63 1.64  .85  .41  .46  .88 1.68 2.52 3.55 4.39 4.93 5.00 4.50 3.64 2.72 2.03 1.68 1.66 1.97 2.52 3.26 3.91  64.35
 24   4.16 3.93 3.29 2.29 1.31  .56  .20  .32  .93 1.78 2.73 3.74 4.62 5.05 4.89 4.32 3.37 2.42 1.71 1.39 1.47 1.90 2.61 3.41  62.40
 25   4.10 4.33 4.10 3.32 2.24 1.20  .56  .27  .56 1.20 1.97 2.91 3.93 4.70 4.95 4.70 3.99 2.95 2.07 1.45 1.21 1.36 1.87 2.60  62.54
 26   3.52 4.07 4.27 3.93 3.15 2.14 1.24  .65  .52  .83 1.41 2.21 3.12 4.05 4.59 4.76 4.41 3.71 2.71 1.88 1.31 1.13 1.34 1.86  62.81
 27   2.56 3.31 3.87 4.05 3.76 3.06 2.19 1.42  .95  .92 1.23 1.80 2.48 3.26 4.02 4.47 4.56 4.13 3.42 2.47 1.68 1.16 1.04 1.32  63.13
 28   1.85 2.52 3.21 3.67 3.83 3.59 2.96 2.24 1.60 1.24 1.32 1.64 2.08 2.69 3.32 3.97 4.36 4.28 3.76 2.97 2.15 1.53 1.13 1.07  62.98
 29   1.38 1.82 2.41 3.01 3.46 3.62 3.44 2.96 2.42 1.98 1.73 1.72 1.95 2.31 2.79 3.38 3.83 4.03 3.83 3.37 2.72 2.08 1.55 1.31  63.10
 30   1.37 1.70 2.13 2.61 3.18 3.57 3.75 3.67 3.39 3.04 2.69 2.48 2.42 2.56 2.79 3.17 3.58 3.93 4.02 3.84 3.41 2.89 2.39 1.94  70.52
 -----------------------------------------------------------------------------------------------------------------------------------
                                                                                                           
 -----------------------------------------------------------------------------------------------------------------------------------
1                                                         SURVEY OF INDIA
                                                    NO. 68 (TIDAL) PARTY (G&RB)
                                                     HOURLY HEIGHTS IN METRES
  NAME OF PORT:- MUMBAI                                                                                    MONTH JULY      YEAR 2009
 -----------------------------------------------------------------------------------------------------------------------------------
 DAYS 0000 0001 0002 0003 0004 0005 0006 0007 0008 0009 0010 0011 0012 0013 0014 0015 0016 0017 0018 0019 0020 0021 0022 0023   SUM
 -----------------------------------------------------------------------------------------------------------------------------------
  1   1.65 1.61 1.84 2.19 2.66 3.12 3.53 3.75 3.76 3.50 3.19 2.83 2.55 2.44 2.51 2.68 2.91 3.20 3.43 3.49 3.32 2.94 2.51 2.04  67.65
  2   1.62 1.39 1.37 1.57 1.95 2.48 2.98 3.34 3.59 3.67 3.59 3.33 2.96 2.61 2.45 2.48 2.63 2.83 3.03 3.19 3.27 3.21 2.95 2.49  64.98
  3   1.99 1.56 1.31 1.28 1.52 1.97 2.48 2.95 3.37 3.65 3.78 3.63 3.28 2.85 2.53 2.34 2.22 2.37 2.55 2.80 3.04 3.18 3.09 2.79  62.53
  4   2.36 1.81 1.34 1.07 1.06 1.33 1.85 2.44 3.00 3.52 3.80 3.79 3.54 3.17 2.78 2.45 2.24 2.22 2.29 2.53 2.82 3.02 3.14 2.99  60.56
  5   2.72 2.16 1.59 1.08  .87 1.01 1.43 1.99 2.60 3.21 3.69 3.89 3.85 3.50 3.00 2.55 2.18 2.07 2.07 2.25 2.53 2.81 3.14 3.30  59.49
  6   3.16 2.59 2.00 1.43  .96  .83 1.03 1.59 2.28 2.92 3.56 3.90 3.95 3.78 3.34 2.85 2.38 2.01 1.87 2.00 2.28 2.67 3.07 3.36  59.81
  7   3.35 3.03 2.42 1.71 1.08  .79  .83 1.20 1.79 2.51 3.26 3.91 4.17 4.01 3.64 3.01 2.51 2.15 1.97 1.88 1.95 2.29 2.83 3.38  59.67
  8   3.55 3.37 2.83 2.08 1.39  .90  .78 1.10 1.63 2.21 2.95 3.61 4.02 4.11 3.85 3.36 2.82 2.27 1.83 1.76 1.86 2.23 2.71 3.23  60.45
  9   3.52 3.52 3.23 2.56 1.84 1.18  .80  .87 1.32 1.98 2.67 3.37 3.99 4.27 4.16 3.79 3.23 2.61 2.16 1.87 1.76 2.00 2.50 3.09  62.29
 10   3.59 3.75 3.58 3.00 2.29 1.55 1.07  .93 1.20 1.78 2.44 3.20 3.87 4.27 4.34 4.12 3.60 2.91 2.31 1.90 1.77 1.87 2.29 2.77  64.40
 11   3.32 3.75 3.82 3.50 2.84 2.15 1.56 1.22 1.22 1.57 2.15 2.83 3.48 4.02 4.32 4.27 3.91 3.23 2.55 2.00 1.72 1.69 1.91 2.32  65.35
 12   2.86 3.41 3.75 3.75 3.32 2.61 1.98 1.54 1.38 1.55 1.99 2.53 3.12 3.75 4.21 4.27 4.04 3.45 2.72 2.13 1.71 1.58 1.70 1.97  65.32
 13   2.42 2.99 3.47 3.72 3.58 3.04 2.40 1.88 1.60 1.61 1.89 2.31 2.79 3.33 3.88 4.18 4.12 3.75 3.13 2.51 2.01 1.71 1.67 1.75  65.74
 14   2.09 2.58 3.09 3.52 3.68 3.48 3.01 2.51 2.11 1.91 1.99 2.28 2.65 3.13 3.61 3.92 4.07 3.90 3.47 2.81 2.20 1.71 1.50 1.56  66.78
 15   1.85 2.25 2.71 3.14 3.45 3.56 3.37 3.01 2.61 2.37 2.28 2.36 2.55 2.80 3.10 3.52 3.84 3.84 3.55 3.07 2.51 1.98 1.63 1.51  66.86
 16   1.60 1.87 2.24 2.63 3.05 3.38 3.55 3.47 3.23 2.84 2.56 2.47 2.50 2.67 2.87 3.16 3.43 3.63 3.65 3.37 2.91 2.35 1.85 1.51  66.79
 17   1.43 1.57 1.81 2.12 2.54 3.03 3.42 3.66 3.64 3.43 3.17 2.87 2.67 2.58 2.62 2.83 3.07 3.36 3.55 3.54 3.27 2.83 2.35 1.90  67.26
 18   1.59 1.43 1.42 1.58 1.93 2.47 3.06 3.58 3.86 3.94 3.75 3.40 3.02 2.71 2.59 2.60 2.76 3.04 3.29 3.44 3.50 3.39 3.01 2.48  67.84
 19   1.93 1.40 1.22 1.27 1.55 1.99 2.58 3.19 3.79 4.20 4.25 3.98 3.44 2.91 2.52 2.39 2.40 2.55 2.79 3.11 3.45 3.66 3.55 3.11  67.23
 20   2.47 1.75 1.23  .93  .91 1.26 1.85 2.59 3.41 4.11 4.52 4.59 4.31 3.71 2.99 2.35 2.08 2.11 2.40 2.80 3.24 3.64 3.86 3.75  66.86
 21   3.35 2.60 1.74 1.03  .68  .60 1.06 1.77 2.61 3.56 4.41 4.83 4.71 4.26 3.50 2.70 2.02 1.76 1.81 2.19 2.75 3.40 3.94 4.15  65.43
 22   3.97 3.40 2.49 1.56  .85  .50  .55 1.10 1.92 2.88 3.93 4.74 5.02 4.83 4.21 3.29 2.41 1.70 1.44 1.51 1.98 2.71 3.55 4.23  64.77
 23   4.44 4.12 3.44 2.38 1.38  .67  .32  .44 1.13 2.06 3.15 4.23 5.03 5.21 4.95 4.16 3.08 2.11 1.41 1.21 1.50 2.15 2.99 3.89  65.45
 24   4.53 4.71 4.31 3.45 2.32 1.33  .68  .47  .80 1.54 2.51 3.57 4.56 5.12 5.10 4.56 3.64 2.53 1.61 1.00  .93 1.34 2.04 3.03  65.68
 25   3.88 4.46 4.53 4.11 3.19 2.00 1.15  .67  .66 1.15 1.83 2.71 3.67 4.63 5.07 4.94 4.29 3.23 2.07 1.23  .79  .87 1.38 2.12  64.63
 26   3.08 3.90 4.44 4.40 3.86 3.03 2.04 1.35 1.00 1.11 1.59 2.24 3.08 3.95 4.60 4.77 4.47 3.77 2.71 1.78 1.07  .82 1.00 1.51  65.57
 27   2.24 2.99 3.78 4.22 4.17 3.63 2.85 2.11 1.67 1.53 1.78 2.17 2.61 3.18 3.88 4.35 4.42 4.03 3.28 2.36 1.64 1.16 1.08 1.31  66.44
 28   1.71 2.35 3.03 3.61 3.92 3.84 3.43 2.86 2.36 2.07 2.02 2.19 2.43 2.74 3.19 3.69 3.98 3.91 3.47 2.76 2.12 1.65 1.34 1.31  65.98
 29   1.51 1.86 2.36 2.92 3.36 3.58 3.52 3.28 2.99 2.74 2.55 2.45 2.44 2.52 2.74 3.03 3.37 3.53 3.40 3.00 2.47 2.03 1.67 1.46  64.78
 30   1.41 1.58 1.92 2.35 2.72 3.07 3.26 3.29 3.19 3.07 2.93 2.76 2.63 2.51 2.53 2.66 2.87 3.11 3.24 3.10 2.80 2.40 2.04 1.76  63.20
 31   1.59 1.56 1.66 1.89 2.21 2.63 3.03 3.28 3.40 3.36 3.19 3.02 2.85 2.69 2.55 2.48 2.57 2.76 2.96 3.04 2.99 2.79 2.52 2.22  63.24
 -----------------------------------------------------------------------------------------------------------------------------------
                                                                                                           
 -----------------------------------------------------------------------------------------------------------------------------------
1                                                         SURVEY OF INDIA
                                                    NO. 68 (TIDAL) PARTY (G&RB)
                                                     HOURLY HEIGHTS IN METRES
  NAME OF PORT:- MUMBAI                                                                                    MONTH AUGUST    YEAR 2009
 -----------------------------------------------------------------------------------------------------------------------------------
 DAYS 0000 0001 0002 0003 0004 0005 0006 0007 0008 0009 0010 0011 0012 0013 0014 0015 0016 0017 0018 0019 0020 0021 0022 0023   SUM
 -----------------------------------------------------------------------------------------------------------------------------------
  1   1.89 1.63 1.51 1.56 1.81 2.25 2.69 3.11 3.41 3.55 3.57 3.41 3.12 2.85 2.61 2.45 2.39 2.49 2.66 2.87 3.01 3.03 2.89 2.62  63.38
  2   2.25 1.89 1.58 1.41 1.42 1.71 2.19 2.75 3.23 3.59 3.75 3.67 3.45 3.11 2.76 2.46 2.23 2.27 2.42 2.67 2.92 3.11 3.17 3.03  63.04
  3   2.71 2.25 1.75 1.35 1.23 1.39 1.84 2.39 2.95 3.43 3.79 3.89 3.75 3.43 2.99 2.58 2.24 2.11 2.19 2.41 2.72 3.03 3.27 3.33  63.02
  4   3.09 2.67 2.07 1.53 1.18 1.15 1.43 2.03 2.63 3.29 3.79 4.11 4.07 3.79 3.31 2.77 2.33 2.07 2.07 2.23 2.53 2.95 3.35 3.63  64.07
  5   3.55 3.15 2.49 1.79 1.31 1.11 1.27 1.71 2.29 3.03 3.65 4.12 4.28 4.06 3.59 2.95 2.39 1.99 1.89 2.00 2.28 2.71 3.23 3.66  64.50
  6   3.79 3.57 2.95 2.11 1.47 1.05 1.03 1.43 2.01 2.67 3.35 3.99 4.35 4.29 3.91 3.23 2.49 1.93 1.69 1.72 1.95 2.41 2.93 3.51  63.83
  7   3.87 3.84 3.37 2.54 1.73 1.13  .93 1.13 1.67 2.31 3.03 3.77 4.29 4.43 4.11 3.51 2.71 2.05 1.61 1.49 1.61 2.01 2.61 3.29  63.04
  8   3.81 4.01 3.75 3.05 2.19 1.47 1.03 1.01 1.41 2.03 2.75 3.47 4.15 4.49 4.37 3.87 3.07 2.29 1.70 1.39 1.43 1.75 2.31 2.99  63.79
  9   3.67 4.06 4.09 3.63 2.82 1.98 1.45 1.23 1.39 1.83 2.45 3.12 3.85 4.36 4.47 4.09 3.39 2.55 1.87 1.37 1.22 1.44 1.91 2.58  64.82
 10   3.29 3.81 4.04 3.87 3.27 2.51 1.83 1.39 1.36 1.74 2.31 2.91 3.50 4.09 4.35 4.15 3.60 2.81 2.01 1.45 1.18 1.27 1.66 2.21  64.61
 11   2.87 3.47 3.91 3.94 3.59 2.91 2.23 1.74 1.55 1.69 2.09 2.57 3.15 3.72 4.10 4.13 3.75 3.07 2.29 1.65 1.19 1.09 1.35 1.81  63.86
 12   2.45 2.95 3.45 3.71 3.71 3.31 2.75 2.23 1.88 1.79 2.03 2.38 2.81 3.25 3.69 3.91 3.78 3.27 2.61 1.97 1.45 1.13 1.11 1.41  63.03
 13   1.85 2.39 2.91 3.35 3.55 3.51 3.16 2.79 2.41 2.17 2.13 2.27 2.55 2.89 3.27 3.54 3.63 3.45 2.97 2.37 1.79 1.33 1.14 1.23  62.65
 14   1.57 1.94 2.38 2.81 3.19 3.43 3.41 3.18 2.89 2.61 2.42 2.35 2.38 2.54 2.79 3.11 3.35 3.41 3.19 2.71 2.24 1.81 1.46 1.31  62.48
 15   1.31 1.57 1.87 2.23 2.63 3.04 3.35 3.51 3.42 3.17 2.88 2.65 2.57 2.57 2.67 2.79 2.96 3.13 3.21 3.08 2.78 2.35 1.91 1.57  63.22
 16   1.31 1.31 1.45 1.75 2.13 2.57 3.01 3.41 3.62 3.61 3.39 3.03 2.70 2.51 2.39 2.44 2.56 2.75 2.97 3.15 3.14 2.95 2.53 2.02  62.70
 17   1.54 1.21 1.03 1.11 1.41 1.91 2.49 3.09 3.60 3.91 3.89 3.61 3.11 2.61 2.22 2.05 2.08 2.29 2.61 2.95 3.24 3.39 3.23 2.77  61.35
 18   2.15 1.57 1.01  .71  .71 1.09 1.75 2.53 3.31 3.91 4.21 4.16 3.77 3.16 2.45 1.89 1.61 1.67 2.01 2.49 3.05 3.51 3.71 3.57  60.00
 19   3.05 2.37 1.47  .77  .39  .46 1.02 1.79 2.62 3.51 4.25 4.55 4.40 3.91 2.97 2.07 1.41 1.13 1.28 1.76 2.43 3.22 3.84 4.08  58.75
 20   3.85 3.21 2.27 1.40  .60  .15  .33 1.01 1.88 2.86 3.89 4.65 4.85 4.51 3.71 2.67 1.72 1.03  .84 1.11 1.81 2.65 3.61 4.29  58.90
 21   4.51 4.13 3.36 2.30 1.29  .55  .24  .59 1.37 2.33 3.34 4.32 4.90 4.89 4.41 3.45 2.21 1.29  .65  .57 1.02 1.87 2.85 3.89  60.33
 22   4.49 4.61 4.17 3.26 2.11 1.18  .56  .45  .98 1.73 2.71 3.74 4.61 4.93 4.72 3.99 2.83 1.75  .87  .43  .55 1.20 2.07 3.13  61.07
 23   4.05 4.50 4.57 3.99 3.01 1.97 1.21  .81  .88 1.48 2.17 3.08 3.97 4.53 4.68 4.30 3.45 2.29 1.28  .57  .36  .69 1.37 2.28  61.49
 24   3.28 4.07 4.46 4.34 3.69 2.70 1.88 1.31 1.12 1.40 1.93 2.61 3.33 3.99 4.37 4.29 3.72 2.85 1.84 1.11  .61  .59 1.08 1.79  62.36
 25   2.61 3.45 4.02 4.21 3.96 3.30 2.58 2.03 1.68 1.66 1.93 2.31 2.86 3.41 3.91 4.07 3.83 3.19 2.37 1.64 1.10  .93 1.12 1.54  63.71
 26   2.09 2.79 3.38 3.84 3.92 3.62 3.07 2.61 2.24 2.02 2.04 2.24 2.55 2.88 3.29 3.59 3.61 3.25 2.66 2.08 1.57 1.24 1.18 1.40  63.16
 27   1.71 2.13 2.63 3.14 3.42 3.45 3.21 2.90 2.63 2.45 2.39 2.42 2.46 2.57 2.77 3.04 3.21 3.21 2.91 2.45 2.00 1.67 1.53 1.56  61.86
 28   1.71 1.92 2.21 2.61 2.95 3.19 3.23 3.12 2.96 2.81 2.71 2.64 2.58 2.54 2.58 2.73 2.91 2.99 2.95 2.71 2.43 2.17 1.92 1.80  62.37
 29   1.79 1.87 1.98 2.21 2.53 2.84 3.07 3.20 3.24 3.18 3.07 2.95 2.81 2.69 2.61 2.62 2.70 2.82 2.89 2.83 2.72 2.53 2.36 2.16  63.67
 30   1.97 1.82 1.80 1.98 2.28 2.61 2.93 3.19 3.37 3.40 3.34 3.17 2.95 2.75 2.53 2.43 2.43 2.61 2.76 2.89 2.91 2.90 2.75 2.51  64.28
 31   2.21 1.88 1.63 1.65 1.78 2.14 2.54 2.97 3.32 3.53 3.58 3.48 3.24 2.89 2.54 2.27 2.14 2.23 2.45 2.67 2.90 3.04 3.08 2.94  63.10
 -----------------------------------------------------------------------------------------------------------------------------------
                                                                                                           
 -----------------------------------------------------------------------------------------------------------------------------------
1                                                         SURVEY OF INDIA
                                                    NO. 68 (TIDAL) PARTY (G&RB)
                                                     HOURLY HEIGHTS IN METRES
  NAME OF PORT:- MUMBAI                                                                                    MONTH SEPT      YEAR 2009
 -----------------------------------------------------------------------------------------------------------------------------------
 DAYS 0000 0001 0002 0003 0004 0005 0006 0007 0008 0009 0010 0011 0012 0013 0014 0015 0016 0017 0018 0019 0020 0021 0022 0023   SUM
 -----------------------------------------------------------------------------------------------------------------------------------
  1   2.56 2.09 1.66 1.40 1.44 1.68 2.09 2.61 3.10 3.54 3.77 3.72 3.46 3.03 2.58 2.20 1.94 1.91 2.06 2.38 2.77 3.10 3.26 3.16  61.51
  2   2.88 2.40 1.85 1.43 1.17 1.26 1.64 2.22 2.84 3.40 3.76 3.86 3.67 3.26 2.70 2.20 1.75 1.58 1.66 1.99 2.45 2.98 3.36 3.47  59.78
  3   3.29 2.86 2.23 1.56 1.12 1.00 1.27 1.80 2.46 3.09 3.69 4.02 3.99 3.61 2.96 2.27 1.75 1.40 1.43 1.72 2.22 2.79 3.36 3.72  59.61
  4   3.68 3.33 2.60 1.88 1.28  .96 1.04 1.48 2.11 2.79 3.43 3.96 4.13 3.88 3.25 2.43 1.74 1.28 1.11 1.29 1.77 2.43 3.14 3.68  58.67
  5   3.90 3.75 3.16 2.34 1.59 1.06  .90 1.16 1.75 2.48 3.24 3.84 4.15 4.03 3.51 2.67 1.85 1.24  .90  .97 1.38 2.03 2.84 3.52  58.26
  6   3.98 3.97 3.55 2.70 1.87 1.22  .90 1.01 1.47 2.13 2.88 3.62 4.09 4.16 3.72 2.88 2.00 1.28  .77  .66 1.04 1.67 2.44 3.22  57.23
  7   3.86 4.13 3.99 3.36 2.42 1.60 1.09 1.01 1.36 1.93 2.61 3.35 3.98 4.23 4.00 3.34 2.34 1.48  .88  .57  .73 1.26 2.01 2.81  58.34
  8   3.58 4.04 4.16 3.78 3.01 2.14 1.51 1.20 1.32 1.74 2.34 3.03 3.66 4.06 4.06 3.67 2.84 1.91 1.14  .66  .60 1.02 1.61 2.31  59.39
  9   3.10 3.76 4.14 4.04 3.53 2.70 2.02 1.58 1.49 1.74 2.17 2.71 3.31 3.80 4.02 3.84 3.20 2.36 1.56  .92  .65  .81 1.34 1.96  60.75
 10   2.59 3.28 3.80 4.02 3.82 3.30 2.66 2.11 1.78 1.79 2.08 2.48 2.94 3.41 3.72 3.76 3.43 2.78 2.02 1.37  .92  .85 1.13 1.53  61.57
 11   2.05 2.63 3.22 3.65 3.77 3.55 3.10 2.62 2.25 2.03 2.09 2.29 2.59 2.96 3.31 3.49 3.45 3.06 2.50 1.92 1.43 1.11 1.04 1.29  61.40
 12   1.66 2.14 2.65 3.12 3.43 3.51 3.39 3.14 2.84 2.55 2.35 2.30 2.37 2.56 2.84 3.10 3.21 3.15 2.84 2.42 1.97 1.61 1.38 1.32  61.85
 13   1.47 1.71 2.08 2.52 2.94 3.27 3.44 3.46 3.33 3.07 2.80 2.53 2.37 2.38 2.49 2.70 2.91 3.02 3.04 2.91 2.64 2.32 1.89 1.55  62.84
 14   1.37 1.41 1.65 1.98 2.36 2.76 3.13 3.48 3.62 3.56 3.26 2.85 2.48 2.24 2.17 2.23 2.41 2.67 2.93 3.09 3.08 2.90 2.55 2.10  62.28
 15   1.65 1.34 1.21 1.34 1.66 2.15 2.69 3.23 3.65 3.89 3.81 3.44 2.84 2.30 1.91 1.76 1.85 2.14 2.54 2.95 3.30 3.49 3.35 2.89  61.38
 16   2.22 1.65 1.16  .90 1.00 1.40 2.04 2.74 3.47 3.97 4.18 4.00 3.46 2.73 1.99 1.44 1.24 1.39 1.86 2.49 3.12 3.64 3.90 3.72  59.71
 17   3.16 2.36 1.60  .96  .64  .78 1.30 2.10 2.94 3.74 4.34 4.48 4.12 3.40 2.40 1.53  .92  .73 1.05 1.74 2.58 3.41 4.05 4.25  58.58
 18   3.93 3.32 2.34 1.41  .77  .48  .78 1.44 2.29 3.22 4.09 4.58 4.52 3.98 2.98 1.88 1.00  .40  .36  .89 1.75 2.73 3.72 4.37  57.23
 19   4.48 4.09 3.26 2.18 1.30  .66  .53  .94 1.67 2.57 3.56 4.35 4.60 4.34 3.56 2.40 1.31  .49  .04  .30 1.07 2.06 3.12 4.05  56.93
 20   4.60 4.56 4.00 3.02 1.96 1.18  .73  .84 1.38 2.16 3.02 3.93 4.42 4.48 3.96 3.00 1.85  .87  .19  .01  .55 1.40 2.42 3.48  58.01
 21   4.30 4.61 4.40 3.72 2.76 1.80 1.15  .96 1.25 1.80 2.52 3.35 4.05 4.32 4.14 3.50 2.46 1.44  .65  .19  .30  .91 1.76 2.76  59.10
 22   3.74 4.32 4.46 4.10 3.40 2.49 1.78 1.31 1.31 1.64 2.21 2.84 3.50 3.96 4.06 3.71 2.96 1.99 1.16  .56  .32  .71 1.41 2.21  60.15
 23   3.00 3.68 4.15 4.16 3.76 2.99 2.34 1.87 1.66 1.75 2.09 2.48 3.00 3.50 3.75 3.67 3.15 2.44 1.70 1.13  .76  .86 1.28 1.85  61.02
 24   2.49 3.12 3.68 3.92 3.78 3.32 2.78 2.35 2.05 1.98 2.09 2.33 2.64 3.01 3.33 3.43 3.20 2.70 2.12 1.56 1.22 1.15 1.35 1.75  61.35
 25   2.18 2.62 3.12 3.50 3.60 3.39 3.07 2.72 2.52 2.37 2.34 2.42 2.52 2.70 2.93 3.05 3.06 2.82 2.42 2.02 1.72 1.55 1.56 1.73  61.93
 26   1.94 2.29 2.65 2.99 3.23 3.26 3.12 2.94 2.80 2.66 2.54 2.48 2.44 2.45 2.56 2.69 2.77 2.76 2.59 2.32 2.09 1.93 1.82 1.80  61.12
 27   1.84 2.02 2.26 2.54 2.81 3.00 3.05 3.04 2.99 2.87 2.74 2.59 2.48 2.44 2.41 2.45 2.51 2.56 2.56 2.53 2.47 2.36 2.19 1.96  60.67
 28   1.80 1.84 1.98 2.20 2.48 2.73 2.92 3.07 3.14 3.12 3.00 2.78 2.54 2.33 2.18 2.16 2.27 2.40 2.54 2.63 2.72 2.71 2.54 2.28  60.36
 29   1.97 1.78 1.72 1.80 2.03 2.34 2.68 2.99 3.25 3.33 3.24 3.01 2.65 2.31 2.00 1.90 1.91 2.05 2.28 2.55 2.80 2.95 2.91 2.64  59.09
 30   2.25 1.88 1.62 1.50 1.64 1.95 2.40 2.88 3.25 3.49 3.49 3.31 2.91 2.44 1.98 1.64 1.57 1.70 1.99 2.41 2.83 3.18 3.32 3.19  58.82
 -----------------------------------------------------------------------------------------------------------------------------------
                                                                                                           
 -----------------------------------------------------------------------------------------------------------------------------------
1                                                         SURVEY OF INDIA
                                                    NO. 68 (TIDAL) PARTY (G&RB)
                                                     HOURLY HEIGHTS IN METRES
  NAME OF PORT:- MUMBAI                                                                                    MONTH OCTOBER   YEAR 2009
 -----------------------------------------------------------------------------------------------------------------------------------
 DAYS 0000 0001 0002 0003 0004 0005 0006 0007 0008 0009 0010 0011 0012 0013 0014 0015 0016 0017 0018 0019 0020 0021 0022 0023   SUM
 -----------------------------------------------------------------------------------------------------------------------------------
  1   2.78 2.25 1.75 1.41 1.40 1.66 2.10 2.59 3.11 3.54 3.73 3.64 3.29 2.72 2.14 1.64 1.36 1.36 1.63 2.15 2.75 3.28 3.59 3.62  59.49
  2   3.32 2.76 2.11 1.60 1.31 1.38 1.75 2.33 2.90 3.44 3.84 3.93 3.64 3.06 2.32 1.63 1.18 1.06 1.27 1.73 2.40 3.10 3.63 3.91  59.60
  3   3.76 3.27 2.57 1.88 1.34 1.15 1.44 1.98 2.62 3.27 3.81 4.09 3.96 3.48 2.65 1.86 1.22  .84  .95 1.40 2.08 2.83 3.58 4.09  60.12
  4   4.18 3.80 3.09 2.26 1.62 1.18 1.24 1.69 2.34 3.00 3.68 4.12 4.12 3.78 2.96 2.06 1.28  .70  .57  .89 1.60 2.40 3.26 3.99  59.81
  5   4.41 4.17 3.67 2.76 1.92 1.31 1.09 1.35 1.92 2.62 3.32 3.87 4.04 3.88 3.39 2.43 1.55  .82  .38  .41 1.00 1.88 2.84 3.72  58.75
  6   4.27 4.43 4.10 3.40 2.52 1.80 1.32 1.19 1.55 2.16 2.89 3.63 4.01 4.01 3.57 2.76 1.84  .98  .39  .24  .76 1.49 2.36 3.22  58.89
  7   3.99 4.39 4.37 3.90 3.12 2.28 1.65 1.37 1.55 2.00 2.62 3.32 3.88 4.07 3.84 3.18 2.26 1.39  .66  .32  .52 1.11 1.87 2.70  60.36
  8   3.49 4.11 4.37 4.13 3.54 2.74 2.04 1.59 1.50 1.76 2.24 2.84 3.46 3.82 3.83 3.44 2.68 1.85 1.10  .58  .44  .82 1.42 2.14  59.93
  9   2.90 3.59 4.10 4.23 3.90 3.32 2.63 2.05 1.73 1.76 2.02 2.46 2.96 3.41 3.67 3.63 3.18 2.46 1.72 1.12  .79  .82 1.21 1.71  61.37
 10   2.28 2.90 3.52 3.94 3.98 3.65 3.16 2.61 2.21 2.01 2.02 2.16 2.46 2.84 3.20 3.39 3.29 2.85 2.27 1.73 1.27 1.06 1.13 1.41  61.34
 11   1.78 2.25 2.76 3.26 3.60 3.65 3.44 3.08 2.70 2.37 2.13 2.06 2.13 2.34 2.62 2.90 3.04 3.00 2.73 2.36 1.94 1.56 1.35 1.32  60.37
 12   1.45 1.76 2.17 2.64 3.04 3.35 3.48 3.42 3.19 2.85 2.49 2.21 2.05 2.02 2.14 2.39 2.65 2.87 2.92 2.82 2.60 2.29 1.93 1.59  60.32
 13   1.41 1.44 1.70 2.11 2.53 2.97 3.33 3.55 3.61 3.40 3.01 2.53 2.06 1.78 1.72 1.88 2.18 2.51 2.84 3.07 3.16 3.04 2.68 2.20  60.71
 14   1.74 1.40 1.36 1.57 1.96 2.44 2.96 3.46 3.81 3.90 3.66 3.10 2.42 1.81 1.40 1.32 1.51 1.90 2.41 2.95 3.41 3.60 3.49 3.01  60.59
 15   2.37 1.76 1.35 1.20 1.41 1.90 2.47 3.10 3.69 4.07 4.09 3.69 2.96 2.12 1.41  .94  .88 1.20 1.82 2.52 3.25 3.82 4.09 3.89  60.00
 16   3.32 2.54 1.84 1.31 1.16 1.40 1.89 2.57 3.31 3.98 4.31 4.19 3.62 2.74 1.80 1.04  .56  .56 1.07 1.88 2.79 3.65 4.28 4.44  60.25
 17   4.08 3.41 2.52 1.78 1.24 1.12 1.42 2.00 2.78 3.58 4.20 4.40 4.08 3.35 2.31 1.36  .61  .26  .49 1.20 2.13 3.12 4.05 4.60  60.09
 18   4.54 4.13 3.36 2.41 1.68 1.20 1.21 1.60 2.28 3.05 3.84 4.29 4.31 3.81 2.90 1.85  .94  .30  .11  .63 1.47 2.45 3.48 4.31  60.15
 19   4.68 4.54 3.98 3.10 2.20 1.55 1.21 1.37 1.82 2.52 3.29 3.95 4.23 4.06 3.36 2.32 1.36  .58  .11  .32 1.00 1.88 2.84 3.81  60.08
 20   4.47 4.65 4.37 3.72 2.81 2.04 1.52 1.43 1.67 2.19 2.84 3.53 3.98 4.07 3.67 2.86 1.91 1.07  .46  .29  .72 1.46 2.30 3.21  61.24
 21   4.04 4.46 4.51 4.09 3.38 2.57 1.96 1.61 1.68 1.99 2.49 3.05 3.58 3.86 3.79 3.26 2.45 1.61  .95  .57  .70 1.24 1.98 2.72  62.54
 22   3.47 4.08 4.36 4.21 3.74 3.04 2.42 1.95 1.79 1.94 2.24 2.67 3.16 3.55 3.67 3.41 2.82 2.07 1.39  .95  .86 1.17 1.70 2.31  62.97
 23   2.94 3.51 3.96 4.08 3.81 3.29 2.73 2.29 2.02 2.00 2.14 2.41 2.76 3.12 3.36 3.37 3.03 2.46 1.88 1.42 1.23 1.29 1.63 2.08  62.81
 24   2.58 3.07 3.56 3.81 3.76 3.49 3.09 2.70 2.40 2.23 2.24 2.39 2.60 2.85 3.06 3.16 3.09 2.76 2.33 1.91 1.65 1.60 1.75 2.01  64.09
 25   2.34 2.73 3.14 3.48 3.59 3.49 3.28 3.00 2.76 2.58 2.47 2.45 2.53 2.64 2.77 2.87 2.88 2.81 2.61 2.36 2.10 1.91 1.90 2.00  64.69
 26   2.20 2.48 2.80 3.08 3.30 3.39 3.35 3.19 2.99 2.79 2.60 2.47 2.42 2.40 2.45 2.57 2.68 2.70 2.69 2.62 2.52 2.35 2.15 2.05  64.24
 27   2.07 2.25 2.48 2.75 3.00 3.17 3.29 3.31 3.22 2.99 2.69 2.45 2.31 2.24 2.25 2.30 2.44 2.59 2.69 2.77 2.80 2.76 2.58 2.30  63.70
 28   2.09 2.02 2.16 2.43 2.70 2.99 3.20 3.36 3.41 3.30 3.00 2.66 2.32 2.05 1.91 1.94 2.11 2.37 2.65 2.93 3.11 3.18 3.05 2.73  63.67
 29   2.36 2.08 2.02 2.11 2.34 2.64 3.01 3.34 3.56 3.55 3.36 2.99 2.51 2.09 1.75 1.63 1.73 2.01 2.40 2.81 3.21 3.46 3.52 3.27  63.75
 30   2.77 2.31 1.99 1.90 2.05 2.33 2.71 3.13 3.50 3.64 3.62 3.29 2.80 2.22 1.70 1.38 1.37 1.61 2.04 2.57 3.15 3.61 3.83 3.73  63.25
 31   3.28 2.71 2.22 1.90 1.81 2.03 2.42 2.88 3.32 3.67 3.80 3.60 3.12 2.46 1.78 1.24  .96 1.11 1.54 2.17 2.88 3.56 4.02 4.14  62.62
 -----------------------------------------------------------------------------------------------------------------------------------
                                                                                                           
 -----------------------------------------------------------------------------------------------------------------------------------
1                                                         SURVEY OF INDIA
                                                    NO. 68 (TIDAL) PARTY (G&RB)
                                                     HOURLY HEIGHTS IN METRES
  NAME OF PORT:- MUMBAI                                                                                    MONTH NOVEMBER  YEAR 2009
 -----------------------------------------------------------------------------------------------------------------------------------
 DAYS 0000 0001 0002 0003 0004 0005 0006 0007 0008 0009 0010 0011 0012 0013 0014 0015 0016 0017 0018 0019 0020 0021 0022 0023   SUM
 -----------------------------------------------------------------------------------------------------------------------------------
  1   3.81 3.28 2.64 2.11 1.76 1.81 2.11 2.57 3.09 3.60 3.88 3.88 3.50 2.82 2.01 1.30  .78  .67 1.04 1.70 2.49 3.31 4.00 4.36  62.52
  2   4.26 3.85 3.16 2.41 1.85 1.61 1.76 2.13 2.71 3.32 3.79 3.98 3.78 3.17 2.32 1.48  .81  .42  .55 1.17 1.98 2.83 3.72 4.36  61.42
  3   4.57 4.32 3.74 2.90 2.16 1.66 1.57 1.80 2.32 2.97 3.60 4.04 4.09 3.66 2.84 1.92 1.08  .49  .28  .66 1.44 2.33 3.30 4.16  61.90
  4   4.70 4.72 4.30 3.55 2.66 1.97 1.56 1.59 1.92 2.50 3.20 3.83 4.13 3.99 3.38 2.45 1.51  .72  .30  .37  .95 1.75 2.69 3.64  62.38
  5   4.40 4.75 4.61 4.07 3.22 2.41 1.81 1.58 1.70 2.13 2.74 3.43 3.93 4.05 3.73 3.02 2.09 1.21  .57  .29  .58 1.23 2.09 3.00  62.64
  6   3.88 4.50 4.71 4.42 3.83 3.00 2.28 1.78 1.64 1.83 2.31 2.92 3.57 3.93 3.95 3.51 2.74 1.90 1.16  .71  .59  .98 1.64 2.38  64.16
  7   3.23 3.98 4.47 4.54 4.23 3.63 2.91 2.26 1.86 1.78 1.96 2.43 3.03 3.55 3.83 3.77 3.29 2.60 1.89 1.29  .93  .93 1.32 1.87  65.58
  8   2.56 3.24 3.90 4.30 4.34 4.06 3.52 2.85 2.31 1.99 1.97 2.16 2.52 2.95 3.36 3.60 3.55 3.17 2.58 2.03 1.53 1.25 1.31 1.60  66.65
  9   2.06 2.65 3.27 3.82 4.13 4.14 3.88 3.40 2.87 2.37 2.04 1.92 2.05 2.35 2.74 3.13 3.40 3.40 3.15 2.71 2.26 1.90 1.65 1.64  66.93
 10   1.85 2.18 2.67 3.19 3.67 3.97 4.03 3.81 3.36 2.86 2.39 2.05 1.90 1.91 2.14 2.46 2.85 3.15 3.28 3.18 2.91 2.55 2.20 1.88  66.44
 11   1.70 1.79 2.05 2.56 3.08 3.64 3.94 4.00 3.87 3.46 3.02 2.52 2.00 1.83 1.92 2.33 2.76 3.24 3.58 3.83 3.88 3.70 3.32 2.88  70.90
 12   2.40 2.16 2.14 2.40 2.84 3.31 3.76 4.08 4.16 3.98 3.52 2.87 2.23 1.70 1.37 1.38 1.69 2.20 2.81 3.36 3.82 3.99 3.83 3.39  69.39
 13   2.76 2.30 1.98 1.97 2.25 2.67 3.18 3.68 4.04 4.16 3.96 3.44 2.70 1.97 1.36 1.09 1.20 1.64 2.28 3.01 3.71 4.22 4.38 4.14  68.09
 14   3.54 2.90 2.31 1.93 1.92 2.14 2.57 3.09 3.63 4.00 4.08 3.75 3.10 2.26 1.46  .86  .65  .86 1.46 2.24 3.08 3.86 4.37 4.44  64.50
 15   4.14 3.53 2.84 2.24 1.83 1.76 1.98 2.45 3.02 3.60 3.97 3.93 3.48 2.71 1.79 1.07  .56  .47  .88 1.50 2.46 3.35 4.14 4.58  62.28
 16   4.51 4.07 3.40 2.65 2.07 1.79 1.80 2.07 2.59 3.21 3.77 4.03 3.85 3.24 2.33 1.47  .77  .42  .54 1.11 1.91 2.80 3.75 4.44  62.59
 17   4.68 4.44 3.89 3.13 2.41 1.89 1.71 1.77 2.13 2.71 3.31 3.78 3.93 3.58 2.83 1.92 1.11  .55  .42  .78 1.49 2.29 3.22 4.03  62.00
 18   4.53 4.59 4.27 3.64 2.90 2.25 1.87 1.77 1.94 2.37 2.95 3.54 3.86 3.78 3.25 2.44 1.66  .97  .56  .67 1.16 1.88 2.74 3.56  63.15
 19   4.24 4.48 4.36 3.94 3.27 2.59 2.04 1.74 1.76 2.07 2.56 3.10 3.54 3.67 3.44 2.84 2.08 1.39  .85  .68 1.00 1.61 2.33 3.03  62.61
 20   3.72 4.18 4.33 4.10 3.58 2.94 2.35 1.93 1.82 1.93 2.29 2.75 3.25 3.53 3.53 3.15 2.49 1.81 1.23  .92  .98 1.40 2.02 2.62  62.85
 21   3.31 3.85 4.18 4.17 3.78 3.22 2.63 2.17 1.98 1.96 2.13 2.44 2.83 3.19 3.42 3.32 2.85 2.24 1.67 1.30 1.23 1.45 1.88 2.37  63.57
 22   2.90 3.44 3.86 4.04 3.89 3.49 2.99 2.53 2.18 2.05 2.09 2.29 2.61 2.93 3.17 3.24 3.04 2.65 2.15 1.76 1.54 1.56 1.83 2.19  64.42
 23   2.60 3.07 3.53 3.86 3.89 3.64 3.22 2.81 2.48 2.24 2.16 2.23 2.36 2.59 2.83 3.00 3.04 2.86 2.53 2.14 1.88 1.76 1.86 2.10  64.68
 24   2.38 2.75 3.13 3.51 3.72 3.72 3.43 3.02 2.66 2.40 2.23 2.20 2.22 2.34 2.52 2.70 2.84 2.88 2.78 2.59 2.35 2.15 2.05 2.09  64.66
 25   2.24 2.52 2.86 3.24 3.52 3.62 3.51 3.24 2.91 2.58 2.26 2.00 1.92 1.97 2.11 2.30 2.51 2.66 2.75 2.77 2.67 2.48 2.28 2.14  63.06
 26   2.12 2.24 2.48 2.78 3.11 3.33 3.39 3.25 2.97 2.65 2.32 2.01 1.78 1.65 1.70 1.89 2.18 2.48 2.71 2.89 2.99 2.96 2.74 2.44  61.06
 27   2.20 2.18 2.26 2.48 2.80 3.07 3.28 3.35 3.22 2.98 2.60 2.20 1.82 1.51 1.41 1.52 1.84 2.25 2.65 3.00 3.29 3.38 3.24 2.88  61.41
 28   2.47 2.19 2.12 2.22 2.44 2.76 3.06 3.28 3.35 3.19 2.85 2.40 1.92 1.48 1.17 1.10 1.31 1.73 2.26 2.82 3.32 3.63 3.63 3.32  60.02
 29   2.84 2.41 2.12 2.05 2.15 2.40 2.73 3.08 3.32 3.38 3.21 2.78 2.21 1.59 1.08  .77  .81 1.20 1.80 2.48 3.18 3.76 4.05 3.93  59.33
 30   3.45 2.92 2.41 2.06 1.98 2.07 2.41 2.83 3.24 3.52 3.56 3.28 2.72 2.04 1.32  .76  .55  .75 1.30 2.04 2.84 3.64 4.20 4.36  60.25
 -----------------------------------------------------------------------------------------------------------------------------------
                                                                                                           
 -----------------------------------------------------------------------------------------------------------------------------------
1                                                         SURVEY OF INDIA
                                                    NO. 68 (TIDAL) PARTY (G&RB)
                                                     HOURLY HEIGHTS IN METRES
  NAME OF PORT:- MUMBAI                                                                                    MONTH DECEMBER  YEAR 2009
 -----------------------------------------------------------------------------------------------------------------------------------
 DAYS 0000 0001 0002 0003 0004 0005 0006 0007 0008 0009 0010 0011 0012 0013 0014 0015 0016 0017 0018 0019 0020 0021 0022 0023   SUM
 -----------------------------------------------------------------------------------------------------------------------------------
  1   4.12 3.58 2.88 2.31 1.94 1.85 2.04 2.42 2.94 3.40 3.68 3.66 3.26 2.53 1.70  .93  .39  .27  .67 1.39 2.25 3.17 4.02 4.51  59.91
  2   4.54 4.15 3.49 2.69 2.08 1.70 1.71 1.97 2.49 3.08 3.67 3.93 3.82 3.25 2.37 1.46  .69  .22  .28  .85 1.66 2.63 3.62 4.45  60.80
  3   4.86 4.76 4.28 3.48 2.65 2.02 1.75 1.80 2.15 2.74 3.40 3.92 4.13 3.87 3.15 2.16 1.25  .56  .20  .41 1.11 1.98 2.97 3.97  63.57
  4   4.69 4.97 4.77 4.15 3.24 2.40 1.80 1.60 1.70 2.15 2.82 3.55 4.03 4.12 3.72 2.89 1.93 1.04  .40  .19  .60 1.35 2.25 3.22  63.58
  5   4.10 4.69 4.87 4.54 3.87 2.96 2.18 1.65 1.50 1.69 2.18 2.89 3.62 4.01 4.04 3.58 2.72 1.82 1.02  .53  .47  .95 1.66 2.50  64.04
  6   3.40 4.24 4.78 4.83 4.44 3.72 2.82 2.09 1.63 1.53 1.78 2.33 3.00 3.62 4.01 4.00 3.54 2.75 1.91 1.22  .88  .94 1.40 2.04  66.90
  7   2.76 3.58 4.28 4.68 4.66 4.21 3.46 2.63 1.93 1.56 1.49 1.76 2.29 2.93 3.54 3.84 3.76 3.30 2.64 1.98 1.48 1.24 1.34 1.70  67.04
  8   2.20 2.88 3.58 4.19 4.47 4.39 3.92 3.20 2.44 1.84 1.49 1.47 1.71 2.17 2.78 3.33 3.64 3.64 3.28 2.77 2.26 1.89 1.71 1.77  67.02
  9   2.00 2.41 2.96 3.61 4.10 4.28 4.13 3.63 2.98 2.38 1.81 1.42 1.40 1.60 2.05 2.60 3.10 3.44 3.54 3.37 3.04 2.67 2.30 2.09  66.91
 10   2.07 2.26 2.62 3.08 3.56 3.92 4.03 3.84 3.40 2.85 2.28 1.78 1.45 1.38 1.59 2.02 2.52 3.00 3.39 3.58 3.58 3.36 3.00 2.65  67.21
 11   2.34 2.23 2.33 2.60 2.99 3.39 3.67 3.76 3.59 3.21 2.70 2.15 1.63 1.29 1.23 1.45 1.89 2.41 2.94 3.41 3.73 3.82 3.63 3.23  65.62
 12   2.80 2.45 2.30 2.33 2.52 2.85 3.21 3.49 3.60 3.48 3.10 2.61 2.04 1.49 1.10 1.01 1.28 1.77 2.38 2.95 3.54 3.93 4.05 3.82  64.10
 13   3.38 2.88 2.51 2.31 2.28 2.43 2.73 3.07 3.38 3.56 3.48 3.13 2.55 1.90 1.30  .93  .89 1.23 1.83 2.49 3.22 3.84 4.18 4.20  63.70
 14   3.93 3.40 2.89 2.50 2.25 2.20 2.30 2.60 3.02 3.42 3.61 3.51 3.05 2.38 1.66 1.08  .76  .82 1.29 1.96 2.72 3.50 4.13 4.37  63.35
 15   4.26 3.90 3.30 2.73 2.32 2.10 2.04 2.21 2.59 3.05 3.49 3.64 3.40 2.80 2.08 1.39  .88  .69  .91 1.45 2.19 3.02 3.81 4.31  62.56
 16   4.44 4.20 3.74 3.11 2.55 2.10 1.92 1.99 2.27 2.76 3.28 3.61 3.64 3.27 2.60 1.82 1.16  .72  .69 1.09 1.77 2.56 3.36 4.05  62.70
 17   4.40 4.40 4.06 3.44 2.79 2.24 1.91 1.80 1.95 2.36 2.92 3.45 3.71 3.58 3.02 2.25 1.52  .92  .66  .81 1.35 2.08 2.86 3.63  62.11
 18   4.20 4.40 4.22 3.79 3.06 2.43 1.96 1.73 1.78 2.09 2.58 3.12 3.54 3.68 3.39 2.71 1.92 1.24  .79  .72 1.13 1.77 2.48 3.29  62.02
 19   3.91 4.31 4.35 4.01 3.44 2.72 2.16 1.82 1.74 1.94 2.36 2.85 3.33 3.61 3.59 3.17 2.45 1.73 1.15  .88 1.05 1.60 2.24 2.92  63.33
 20   3.60 4.15 4.39 4.20 3.74 3.07 2.47 2.01 1.78 1.81 2.10 2.52 3.04 3.43 3.59 3.40 2.84 2.13 1.51 1.14 1.10 1.44 1.98 2.57  64.01
 21   3.22 3.83 4.17 4.19 3.88 3.31 2.70 2.19 1.82 1.70 1.83 2.18 2.66 3.11 3.42 3.44 3.13 2.53 1.91 1.46 1.28 1.44 1.85 2.30  63.55
 22   2.86 3.44 3.90 4.10 3.96 3.54 2.97 2.44 2.00 1.72 1.69 1.94 2.33 2.76 3.12 3.31 3.24 2.88 2.39 1.93 1.67 1.62 1.83 2.20  63.84
 23   2.64 3.17 3.63 3.94 3.96 3.69 3.22 2.70 2.20 1.84 1.70 1.80 2.09 2.43 2.79 3.10 3.22 3.14 2.80 2.40 2.07 1.92 1.98 2.17  64.60
 24   2.51 2.91 3.36 3.70 3.89 3.73 3.37 2.89 2.44 2.03 1.78 1.75 1.89 2.16 2.47 2.75 3.00 3.13 3.10 2.88 2.58 2.36 2.24 2.31  65.23
 25   2.42 2.70 3.05 3.41 3.69 3.73 3.52 3.15 2.70 2.29 1.98 1.78 1.74 1.85 2.13 2.46 2.79 3.05 3.20 3.18 3.05 2.86 2.68 2.53  65.94
 26   2.50 2.61 2.87 3.20 3.49 3.62 3.62 3.41 3.05 2.64 2.24 1.90 1.71 1.64 1.76 2.03 2.40 2.78 3.10 3.29 3.38 3.30 3.10 2.85  66.49
 27   2.67 2.58 2.63 2.80 3.09 3.35 3.51 3.47 3.25 2.92 2.52 2.06 1.66 1.41 1.37 1.55 1.89 2.33 2.80 3.22 3.56 3.73 3.64 3.33  65.34
 28   2.94 2.68 2.58 2.60 2.76 3.01 3.26 3.45 3.50 3.32 2.98 2.48 1.98 1.49 1.20 1.18 1.40 1.83 2.37 2.96 3.55 3.98 4.13 3.94  65.57
 29   3.52 3.04 2.66 2.50 2.48 2.61 2.87 3.17 3.41 3.53 3.39 3.00 2.40 1.78 1.19  .89  .86 1.18 1.76 2.44 3.22 3.92 4.36 4.38  64.56
 30   4.01 3.51 2.96 2.47 2.24 2.24 2.43 2.80 3.20 3.53 3.67 3.51 3.00 2.28 1.50  .88  .56  .56  .98 1.72 2.58 3.47 4.22 4.59  62.91
 31   4.51 4.08 3.38 2.70 2.18 1.94 1.96 2.25 2.70 3.25 3.69 3.87 3.64 2.99 2.11 1.28  .63  .30  .41 1.02 1.90 2.89 3.86 4.59  62.13
 -----------------------------------------------------------------------------------------------------------------------------------
                                                                                                           
 -----------------------------------------------------------------------------------------------------------------------------------
