                                                          SURVEY OF INDIA
                                                    MARINE GEODESY WING (G&RB)
                                                     HOURLY HEIGHTS IN METRES
  NAME OF PORT:- TUTICORIN                                                                          MONTH JANUARY   YEAR 2014
 ----------------------------------------------------------------------------------------------------------------------------
 DAYS 0000 0001 0002 0003 0004 0005 0006 0007 0008 0009 0010 0011 0012 0013 0014 0015 0016 0017 0018 0019 0020 0021 0022 0023
 ----------------------------------------------------------------------------------------------------------------------------
  1   1.03 1.12 1.17 1.10 0.98 0.83 0.66 0.52 0.43 0.43 0.48 0.61 0.75 0.88 0.95 0.94 0.86 0.74 0.60 0.49 0.42 0.45 0.59 0.74
  2   0.93 1.12 1.24 1.23 1.16 1.00 0.84 0.68 0.54 0.50 0.54 0.64 0.74 0.84 0.94 1.03 1.00 0.88 0.73 0.58 0.45 0.45 0.54 0.65
  3   0.80 1.00 1.12 1.20 1.16 1.01 0.84 0.67 0.50 0.39 0.40 0.48 0.62 0.76 0.90 1.00 1.05 0.98 0.86 0.72 0.58 0.50 0.52 0.62
  4   0.71 0.90 1.07 1.22 1.23 1.14 1.00 0.82 0.64 0.49 0.43 0.51 0.62 0.75 0.87 1.00 1.06 1.04 0.94 0.80 0.65 0.53 0.48 0.57
  5   0.70 0.82 0.93 1.04 1.12 1.08 0.96 0.79 0.62 0.46 0.33 0.34 0.43 0.55 0.68 0.81 0.94 0.99 0.96 0.87 0.76 0.64 0.53 0.54
  6   0.62 0.72 0.83 0.94 1.03 1.07 1.00 0.89 0.76 0.61 0.48 0.44 0.52 0.63 0.74 0.85 0.95 1.01 1.01 0.94 0.85 0.76 0.68 0.64
  7   0.66 0.74 0.84 0.94 1.03 1.07 1.02 0.92 0.78 0.64 0.51 0.41 0.43 0.53 0.64 0.76 0.87 0.94 0.97 0.95 0.88 0.79 0.70 0.60
  8   0.56 0.63 0.71 0.79 0.86 0.92 0.94 0.86 0.77 0.67 0.57 0.47 0.43 0.48 0.57 0.66 0.75 0.84 0.92 0.96 0.95 0.89 0.82 0.74
  9   0.64 0.63 0.68 0.74 0.80 0.86 0.89 0.87 0.82 0.73 0.64 0.58 0.54 0.53 0.58 0.65 0.73 0.80 0.87 0.92 0.96 0.97 0.94 0.88
 10   0.75 0.71 0.69 0.69 0.71 0.74 0.76 0.78 0.77 0.73 0.68 0.63 0.59 0.56 0.55 0.59 0.65 0.71 0.77 0.83 0.89 0.95 0.97 0.96
 11   0.92 0.87 0.82 0.77 0.72 0.67 0.66 0.67 0.69 0.71 0.72 0.72 0.68 0.63 0.58 0.53 0.52 0.57 0.64 0.71 0.78 0.85 0.91 0.94
 12   0.94 0.90 0.84 0.78 0.72 0.66 0.62 0.60 0.64 0.68 0.72 0.76 0.79 0.77 0.72 0.66 0.60 0.54 0.50 0.54 0.60 0.68 0.77 0.86
 13   0.95 0.95 0.90 0.80 0.70 0.60 0.50 0.45 0.46 0.50 0.56 0.64 0.72 0.78 0.77 0.70 0.62 0.54 0.49 0.48 0.54 0.65 0.76 0.87
 14   0.98 1.04 1.02 0.91 0.77 0.62 0.49 0.40 0.36 0.40 0.48 0.56 0.64 0.71 0.74 0.72 0.65 0.56 0.47 0.40 0.44 0.57 0.71 0.86
 15   0.96 1.02 1.04 0.94 0.79 0.63 0.48 0.39 0.35 0.38 0.46 0.58 0.70 0.81 0.88 0.86 0.79 0.68 0.57 0.48 0.45 0.50 0.62 0.76
 16   0.90 1.04 1.10 1.06 0.95 0.79 0.63 0.48 0.38 0.38 0.48 0.60 0.73 0.84 0.93 0.94 0.88 0.76 0.63 0.52 0.46 0.48 0.55 0.70
 17   0.84 0.96 1.04 1.06 0.96 0.80 0.61 0.45 0.35 0.30 0.35 0.47 0.59 0.71 0.83 0.91 0.88 0.80 0.69 0.58 0.47 0.43 0.50 0.62
 18   0.77 0.90 1.02 1.10 1.08 0.98 0.80 0.63 0.48 0.36 0.37 0.45 0.57 0.70 0.84 0.95 0.95 0.86 0.71 0.56 0.44 0.42 0.51 0.63
 19   0.75 0.88 0.99 1.05 1.03 0.90 0.72 0.54 0.40 0.32 0.30 0.37 0.48 0.59 0.70 0.79 0.84 0.81 0.74 0.64 0.54 0.45 0.43 0.49
 20   0.60 0.72 0.84 0.96 1.02 0.96 0.82 0.65 0.50 0.36 0.26 0.30 0.41 0.56 0.72 0.88 0.98 0.97 0.90 0.78 0.66 0.56 0.49 0.51
 21   0.61 0.72 0.84 0.95 1.01 1.00 0.90 0.78 0.63 0.48 0.36 0.36 0.46 0.60 0.74 0.88 0.97 1.01 0.95 0.87 0.78 0.69 0.60 0.58
 22   0.66 0.72 0.81 0.90 0.98 1.00 0.95 0.83 0.70 0.57 0.44 0.39 0.45 0.55 0.67 0.79 0.90 0.99 0.99 0.93 0.84 0.74 0.65 0.59
 23   0.62 0.70 0.78 0.86 0.94 0.98 0.96 0.85 0.72 0.58 0.48 0.44 0.44 0.53 0.65 0.77 0.87 0.93 0.96 0.92 0.86 0.79 0.71 0.63
 24   0.61 0.66 0.71 0.76 0.81 0.86 0.87 0.80 0.72 0.64 0.56 0.48 0.46 0.52 0.60 0.68 0.76 0.84 0.92 0.96 0.94 0.90 0.85 0.80
 25   0.76 0.75 0.78 0.81 0.84 0.87 0.88 0.85 0.80 0.74 0.68 0.63 0.59 0.58 0.61 0.66 0.72 0.78 0.84 0.90 0.95 0.97 0.94 0.90
 26   0.86 0.82 0.80 0.78 0.76 0.74 0.72 0.70 0.69 0.68 0.67 0.65 0.63 0.62 0.61 0.62 0.66 0.72 0.78 0.84 0.90 0.96 1.01 1.04
 27   1.02 0.98 0.92 0.86 0.80 0.74 0.68 0.66 0.68 0.70 0.72 0.73 0.73 0.70 0.66 0.62 0.60 0.62 0.68 0.74 0.80 0.86 0.92 0.95
 28   1.01 0.98 0.94 0.87 0.79 0.70 0.62 0.56 0.56 0.60 0.64 0.69 0.73 0.75 0.73 0.68 0.60 0.54 0.50 0.51 0.61 0.72 0.83 0.94
 29   1.02 1.06 1.02 0.94 0.82 0.70 0.58 0.51 0.48 0.52 0.57 0.65 0.74 0.81 0.84 0.82 0.74 0.62 0.50 0.44 0.44 0.52 0.67 0.84
 30   0.96 1.04 1.06 1.00 0.88 0.75 0.60 0.50 0.44 0.45 0.52 0.66 0.80 0.90 0.96 0.95 0.88 0.76 0.62 0.50 0.46 0.48 0.58 0.72
 31   0.90 1.05 1.14 1.12 1.00 0.86 0.70 0.54 0.42 0.38 0.45 0.55 0.69 0.83 0.94 0.96 0.92 0.82 0.69 0.56 0.47 0.47 0.54 0.69
 ----------------------------------------------------------------------------------------------------------------------------
                                                                                               
 ----------------------------------------------------------------------------------------------------------------------------
 ----------------------------------------------------------------------------------------------------------------------------
                                                          SURVEY OF INDIA
                                                    MARINE GEODESY WING (G&RB)
                                                     HOURLY HEIGHTS IN METRES
  NAME OF PORT:- TUTICORIN                                                                          MONTH FEBRUARY  YEAR 2014
 ----------------------------------------------------------------------------------------------------------------------------
 DAYS 0000 0001 0002 0003 0004 0005 0006 0007 0008 0009 0010 0011 0012 0013 0014 0015 0016 0017 0018 0019 0020 0021 0022 0023
 ----------------------------------------------------------------------------------------------------------------------------
  1   0.86 0.99 1.10 1.13 1.05 0.90 0.74 0.58 0.43 0.33 0.36 0.45 0.58 0.72 0.86 0.97 0.97 0.90 0.76 0.62 0.49 0.44 0.49 0.59
  2   0.75 0.94 1.07 1.14 1.12 0.98 0.80 0.62 0.45 0.36 0.36 0.46 0.58 0.72 0.86 1.00 1.09 1.04 0.91 0.76 0.61 0.50 0.49 0.56
  3   0.66 0.81 0.98 1.10 1.14 1.05 0.90 0.75 0.58 0.41 0.34 0.40 0.53 0.67 0.82 0.96 1.07 1.07 1.00 0.89 0.76 0.62 0.51 0.55
  4   0.66 0.78 0.90 1.02 1.11 1.09 0.97 0.83 0.69 0.54 0.44 0.44 0.51 0.63 0.77 0.92 1.06 1.14 1.10 1.00 0.89 0.78 0.67 0.60
  5   0.68 0.77 0.86 0.95 1.04 1.08 1.04 0.91 0.77 0.62 0.48 0.42 0.50 0.62 0.75 0.88 1.01 1.11 1.14 1.07 0.96 0.84 0.72 0.62
  6   0.65 0.73 0.82 0.91 0.99 1.04 1.01 0.91 0.80 0.67 0.56 0.47 0.48 0.57 0.67 0.78 0.89 0.99 1.04 1.02 0.96 0.87 0.79 0.71
  7   0.68 0.72 0.77 0.82 0.87 0.92 0.93 0.88 0.80 0.70 0.60 0.51 0.47 0.50 0.57 0.65 0.74 0.83 0.90 0.93 0.91 0.86 0.80 0.73
  8   0.69 0.67 0.69 0.72 0.75 0.78 0.79 0.78 0.73 0.68 0.63 0.58 0.53 0.53 0.57 0.62 0.67 0.72 0.77 0.82 0.87 0.90 0.89 0.85
  9   0.82 0.80 0.78 0.77 0.76 0.75 0.76 0.76 0.75 0.73 0.71 0.69 0.67 0.66 0.65 0.66 0.69 0.72 0.75 0.78 0.81 0.84 0.87 0.89
 10   0.87 0.83 0.79 0.75 0.71 0.68 0.66 0.66 0.67 0.69 0.71 0.73 0.75 0.75 0.73 0.71 0.69 0.68 0.68 0.69 0.73 0.79 0.85 0.91
 11   0.96 0.94 0.89 0.83 0.77 0.71 0.65 0.63 0.64 0.68 0.73 0.78 0.83 0.85 0.84 0.81 0.76 0.71 0.66 0.65 0.70 0.77 0.84 0.91
 12   0.98 1.04 1.01 0.93 0.83 0.73 0.63 0.55 0.55 0.60 0.67 0.74 0.81 0.87 0.88 0.84 0.76 0.68 0.60 0.53 0.54 0.62 0.73 0.84
 13   0.95 0.99 0.99 0.91 0.79 0.67 0.55 0.45 0.40 0.43 0.52 0.62 0.72 0.82 0.88 0.85 0.75 0.65 0.55 0.45 0.43 0.49 0.59 0.71
 14   0.87 0.97 1.01 0.96 0.85 0.73 0.59 0.45 0.36 0.38 0.48 0.59 0.70 0.81 0.91 0.91 0.85 0.74 0.63 0.53 0.48 0.50 0.59 0.69
 15   0.89 1.06 1.17 1.17 1.09 0.94 0.77 0.61 0.48 0.47 0.53 0.63 0.77 0.91 1.05 1.07 1.00 0.88 0.74 0.60 0.49 0.47 0.53 0.65
 16   0.81 0.97 1.13 1.17 1.09 0.93 0.76 0.59 0.43 0.37 0.42 0.53 0.68 0.83 0.98 1.05 1.03 0.91 0.76 0.61 0.48 0.38 0.41 0.53
 17   0.67 0.82 0.97 1.09 1.08 1.00 0.84 0.66 0.50 0.39 0.40 0.52 0.66 0.82 0.97 1.09 1.10 1.01 0.86 0.71 0.55 0.44 0.44 0.54
 18   0.65 0.78 0.94 1.07 1.09 1.02 0.89 0.73 0.58 0.45 0.41 0.49 0.62 0.78 0.94 1.08 1.13 1.06 0.93 0.78 0.63 0.49 0.41 0.47
 19   0.59 0.72 0.85 0.96 1.01 0.96 0.82 0.67 0.52 0.37 0.29 0.34 0.47 0.61 0.76 0.91 1.03 1.03 0.94 0.82 0.69 0.56 0.43 0.43
 20   0.53 0.64 0.75 0.86 0.95 0.95 0.87 0.74 0.61 0.48 0.37 0.37 0.48 0.62 0.76 0.90 1.04 1.10 1.07 0.96 0.84 0.72 0.60 0.54
 21   0.58 0.67 0.76 0.85 0.94 0.97 0.93 0.84 0.72 0.59 0.49 0.43 0.49 0.62 0.76 0.90 1.02 1.08 1.08 1.01 0.91 0.81 0.72 0.64
 22   0.64 0.70 0.77 0.84 0.89 0.92 0.89 0.79 0.68 0.57 0.47 0.42 0.42 0.50 0.60 0.72 0.84 0.93 0.96 0.95 0.90 0.83 0.75 0.68
 23   0.65 0.68 0.72 0.76 0.79 0.81 0.81 0.76 0.70 0.64 0.58 0.52 0.50 0.52 0.57 0.63 0.70 0.77 0.84 0.88 0.89 0.86 0.82 0.78
 24   0.75 0.74 0.74 0.75 0.76 0.77 0.77 0.76 0.74 0.70 0.65 0.60 0.59 0.60 0.64 0.68 0.72 0.76 0.80 0.84 0.87 0.89 0.90 0.89
 25   0.86 0.83 0.80 0.77 0.74 0.71 0.69 0.68 0.68 0.69 0.72 0.75 0.76 0.73 0.70 0.68 0.66 0.68 0.71 0.75 0.81 0.87 0.93 0.98
 26   1.02 0.98 0.92 0.86 0.78 0.71 0.64 0.61 0.62 0.69 0.76 0.83 0.86 0.87 0.84 0.78 0.72 0.66 0.61 0.61 0.68 0.79 0.90 1.00
 27   1.07 1.09 1.02 0.92 0.81 0.70 0.62 0.57 0.56 0.62 0.73 0.84 0.94 1.01 1.01 0.93 0.82 0.71 0.60 0.55 0.59 0.71 0.84 0.97
 28   1.09 1.15 1.15 1.07 0.94 0.82 0.71 0.61 0.57 0.61 0.69 0.82 0.95 1.06 1.13 1.09 0.98 0.85 0.70 0.58 0.53 0.59 0.69 0.83
 ----------------------------------------------------------------------------------------------------------------------------
                                                                                               
 ----------------------------------------------------------------------------------------------------------------------------
 ----------------------------------------------------------------------------------------------------------------------------
                                                          SURVEY OF INDIA
                                                    MARINE GEODESY WING (G&RB)
                                                     HOURLY HEIGHTS IN METRES
  NAME OF PORT:- TUTICORIN                                                                          MONTH MARCH     YEAR 2014
 ----------------------------------------------------------------------------------------------------------------------------
 DAYS 0000 0001 0002 0003 0004 0005 0006 0007 0008 0009 0010 0011 0012 0013 0014 0015 0016 0017 0018 0019 0020 0021 0022 0023
 ----------------------------------------------------------------------------------------------------------------------------
  1   1.02 1.13 1.17 1.13 1.02 0.87 0.72 0.58 0.52 0.53 0.60 0.76 0.92 1.07 1.17 1.17 1.09 0.92 0.75 0.60 0.53 0.54 0.65 0.82
  2   0.99 1.10 1.17 1.17 1.06 0.89 0.72 0.57 0.48 0.45 0.50 0.63 0.79 0.95 1.11 1.19 1.16 1.05 0.91 0.76 0.61 0.54 0.57 0.65
  3   0.83 0.99 1.13 1.19 1.15 1.03 0.86 0.68 0.52 0.42 0.47 0.61 0.78 0.95 1.09 1.19 1.20 1.11 0.96 0.78 0.60 0.50 0.52 0.63
  4   0.79 0.92 1.05 1.14 1.14 1.07 0.92 0.75 0.58 0.44 0.44 0.56 0.69 0.82 0.96 1.09 1.16 1.11 0.98 0.82 0.66 0.50 0.44 0.50
  5   0.63 0.76 0.89 1.01 1.07 1.01 0.87 0.72 0.57 0.42 0.37 0.43 0.59 0.75 0.91 1.07 1.19 1.19 1.09 0.95 0.81 0.67 0.54 0.55
  6   0.65 0.75 0.86 0.97 1.06 1.06 0.96 0.82 0.66 0.52 0.42 0.43 0.53 0.65 0.78 0.91 1.03 1.09 1.07 0.99 0.89 0.77 0.66 0.56
  7   0.67 0.75 0.83 0.92 1.00 1.03 0.96 0.84 0.72 0.60 0.49 0.46 0.51 0.61 0.74 0.86 0.97 1.04 1.05 0.96 0.85 0.74 0.65 0.58
  8   0.58 0.66 0.75 0.84 0.91 0.95 0.93 0.85 0.76 0.67 0.58 0.55 0.55 0.61 0.71 0.81 0.91 0.99 1.02 1.00 0.94 0.86 0.78 0.72
  9   0.68 0.70 0.74 0.78 0.82 0.84 0.85 0.83 0.79 0.74 0.69 0.65 0.62 0.64 0.70 0.76 0.82 0.87 0.90 0.91 0.89 0.85 0.81 0.77
 10   0.73 0.69 0.67 0.66 0.67 0.68 0.69 0.68 0.67 0.66 0.65 0.64 0.63 0.64 0.66 0.69 0.72 0.75 0.78 0.81 0.84 0.86 0.87 0.86
 11   0.84 0.81 0.78 0.75 0.73 0.71 0.70 0.71 0.73 0.75 0.77 0.78 0.79 0.79 0.78 0.77 0.76 0.75 0.77 0.81 0.85 0.89 0.93 0.96
 12   0.98 0.96 0.91 0.85 0.79 0.73 0.68 0.66 0.68 0.71 0.74 0.77 0.80 0.82 0.81 0.78 0.74 0.70 0.66 0.63 0.66 0.72 0.79 0.87
 13   0.95 0.96 0.89 0.81 0.73 0.65 0.58 0.53 0.55 0.62 0.70 0.78 0.86 0.91 0.90 0.85 0.78 0.70 0.62 0.59 0.62 0.68 0.76 0.85
 14   0.95 0.99 0.99 0.92 0.81 0.69 0.59 0.51 0.52 0.57 0.67 0.80 0.90 0.97 0.99 0.93 0.83 0.73 0.63 0.56 0.55 0.60 0.71 0.83
 15   1.00 1.08 1.09 1.00 0.88 0.74 0.59 0.46 0.45 0.55 0.67 0.80 0.92 1.03 1.11 1.07 0.97 0.83 0.70 0.58 0.52 0.57 0.67 0.78
 16   0.91 1.05 1.09 1.05 0.93 0.78 0.63 0.52 0.44 0.48 0.57 0.70 0.83 0.96 1.07 1.07 0.99 0.87 0.72 0.60 0.48 0.45 0.54 0.66
 17   0.83 0.99 1.06 1.06 0.99 0.84 0.68 0.52 0.39 0.36 0.45 0.60 0.76 0.91 1.04 1.08 1.04 0.95 0.79 0.62 0.47 0.39 0.44 0.55
 18   0.75 0.89 1.01 1.05 1.01 0.88 0.69 0.53 0.39 0.35 0.41 0.53 0.69 0.88 1.06 1.13 1.12 1.02 0.87 0.71 0.55 0.44 0.44 0.53
 19   0.66 0.80 0.93 1.03 1.02 0.91 0.75 0.58 0.43 0.33 0.35 0.49 0.66 0.84 1.01 1.15 1.19 1.08 0.94 0.80 0.66 0.53 0.50 0.57
 20   0.67 0.80 0.94 1.05 1.07 1.00 0.89 0.76 0.62 0.49 0.45 0.55 0.69 0.86 1.02 1.16 1.23 1.18 1.06 0.94 0.80 0.66 0.57 0.61
 21   0.68 0.77 0.87 0.98 1.06 1.04 0.93 0.80 0.68 0.56 0.47 0.49 0.60 0.74 0.90 1.06 1.17 1.18 1.11 0.99 0.86 0.72 0.60 0.54
 22   0.61 0.70 0.80 0.90 0.97 0.97 0.88 0.78 0.68 0.59 0.50 0.46 0.54 0.67 0.80 0.93 1.04 1.09 1.04 0.94 0.84 0.74 0.65 0.61
 23   0.63 0.69 0.76 0.83 0.89 0.91 0.87 0.80 0.72 0.64 0.56 0.52 0.53 0.60 0.71 0.82 0.93 1.02 1.06 1.01 0.94 0.87 0.79 0.71
 24   0.67 0.70 0.73 0.76 0.79 0.81 0.81 0.78 0.73 0.68 0.64 0.61 0.59 0.60 0.66 0.73 0.81 0.89 0.96 1.00 0.98 0.95 0.90 0.85
 25   0.80 0.76 0.77 0.78 0.79 0.80 0.81 0.80 0.78 0.76 0.74 0.72 0.70 0.69 0.70 0.72 0.76 0.81 0.85 0.88 0.91 0.93 0.93 0.91
 26   0.88 0.85 0.82 0.79 0.76 0.73 0.71 0.71 0.72 0.75 0.78 0.81 0.83 0.82 0.80 0.78 0.76 0.74 0.76 0.81 0.86 0.91 0.95 0.98
 27   0.96 0.91 0.84 0.77 0.70 0.65 0.61 0.60 0.65 0.73 0.80 0.86 0.91 0.91 0.86 0.81 0.76 0.71 0.67 0.68 0.75 0.83 0.92 1.00
 28   1.04 1.03 0.93 0.84 0.75 0.66 0.58 0.54 0.60 0.69 0.80 0.91 1.02 1.05 1.01 0.93 0.83 0.73 0.63 0.59 0.63 0.72 0.84 0.97
 29   1.06 1.11 1.07 0.98 0.84 0.70 0.60 0.53 0.53 0.61 0.72 0.86 1.00 1.11 1.15 1.10 0.98 0.83 0.67 0.54 0.50 0.56 0.68 0.83
 30   1.01 1.09 1.12 1.03 0.90 0.75 0.60 0.49 0.45 0.53 0.66 0.82 0.98 1.11 1.18 1.15 1.04 0.89 0.73 0.58 0.49 0.52 0.61 0.75
 31   0.95 1.07 1.12 1.07 0.92 0.75 0.59 0.46 0.39 0.43 0.55 0.70 0.88 1.04 1.17 1.23 1.16 1.02 0.84 0.65 0.49 0.47 0.53 0.64
 ----------------------------------------------------------------------------------------------------------------------------
                                                                                               
 ----------------------------------------------------------------------------------------------------------------------------
 ----------------------------------------------------------------------------------------------------------------------------
                                                          SURVEY OF INDIA
                                                    MARINE GEODESY WING (G&RB)
                                                     HOURLY HEIGHTS IN METRES
  NAME OF PORT:- TUTICORIN                                                                          MONTH APRIL     YEAR 2014
 ----------------------------------------------------------------------------------------------------------------------------
 DAYS 0000 0001 0002 0003 0004 0005 0006 0007 0008 0009 0010 0011 0012 0013 0014 0015 0016 0017 0018 0019 0020 0021 0022 0023
 ----------------------------------------------------------------------------------------------------------------------------
  1   0.80 1.00 1.11 1.12 1.02 0.86 0.67 0.51 0.39 0.38 0.51 0.65 0.81 0.97 1.13 1.19 1.14 1.01 0.87 0.73 0.60 0.52 0.54 0.60
  2   0.73 0.88 1.03 1.10 1.05 0.94 0.79 0.62 0.46 0.41 0.46 0.60 0.76 0.94 1.11 1.22 1.21 1.14 1.00 0.85 0.69 0.54 0.51 0.58
  3   0.69 0.84 0.98 1.06 1.06 0.96 0.82 0.67 0.50 0.37 0.37 0.45 0.58 0.72 0.87 1.00 1.09 1.07 0.95 0.79 0.64 0.48 0.36 0.41
  4   0.46 0.59 0.73 0.84 0.90 0.87 0.77 0.65 0.53 0.41 0.37 0.45 0.58 0.73 0.87 0.99 1.06 1.07 0.98 0.85 0.71 0.59 0.49 0.47
  5   0.56 0.65 0.75 0.83 0.88 0.88 0.79 0.68 0.57 0.47 0.42 0.42 0.51 0.64 0.77 0.88 0.97 1.02 1.00 0.91 0.80 0.70 0.60 0.55
  6   0.61 0.67 0.73 0.80 0.86 0.90 0.88 0.81 0.74 0.66 0.58 0.53 0.57 0.66 0.76 0.86 0.95 1.03 1.03 0.99 0.92 0.84 0.76 0.69
  7   0.65 0.68 0.72 0.76 0.79 0.81 0.81 0.77 0.72 0.67 0.62 0.57 0.57 0.63 0.70 0.77 0.83 0.88 0.90 0.88 0.84 0.80 0.75 0.70
  8   0.65 0.63 0.65 0.68 0.71 0.74 0.76 0.74 0.71 0.68 0.65 0.63 0.62 0.65 0.70 0.75 0.79 0.83 0.85 0.84 0.83 0.82 0.81 0.80
  9   0.79 0.78 0.77 0.76 0.75 0.75 0.76 0.77 0.79 0.81 0.83 0.82 0.81 0.80 0.79 0.78 0.78 0.80 0.82 0.84 0.86 0.88 0.90 0.91
 10   0.89 0.85 0.81 0.77 0.74 0.72 0.71 0.72 0.74 0.78 0.82 0.86 0.89 0.89 0.85 0.81 0.77 0.73 0.70 0.71 0.75 0.79 0.83 0.85
 11   0.87 0.83 0.76 0.69 0.62 0.56 0.51 0.51 0.56 0.63 0.72 0.80 0.87 0.89 0.85 0.78 0.70 0.62 0.55 0.54 0.58 0.64 0.71 0.77
 12   0.86 0.86 0.82 0.73 0.62 0.53 0.45 0.42 0.46 0.57 0.68 0.79 0.89 0.93 0.91 0.85 0.75 0.65 0.55 0.49 0.50 0.59 0.69 0.80
 13   0.90 0.97 0.93 0.82 0.71 0.60 0.51 0.46 0.50 0.57 0.68 0.79 0.90 1.00 1.00 0.92 0.83 0.73 0.63 0.56 0.55 0.60 0.69 0.78
 14   0.87 0.98 0.99 0.91 0.78 0.65 0.52 0.42 0.42 0.50 0.62 0.77 0.92 1.03 1.09 1.05 0.96 0.82 0.66 0.50 0.39 0.41 0.52 0.63
 15   0.78 0.92 0.98 0.91 0.79 0.64 0.47 0.35 0.31 0.33 0.45 0.64 0.84 0.98 1.05 1.04 0.94 0.77 0.62 0.46 0.32 0.31 0.36 0.47
 16   0.62 0.78 0.88 0.88 0.76 0.62 0.48 0.34 0.27 0.27 0.33 0.49 0.68 0.87 1.01 1.07 1.00 0.88 0.71 0.53 0.37 0.30 0.37 0.47
 17   0.62 0.76 0.88 0.94 0.88 0.76 0.61 0.47 0.35 0.29 0.34 0.50 0.66 0.82 0.98 1.11 1.11 1.04 0.89 0.72 0.53 0.38 0.38 0.46
 18   0.56 0.68 0.81 0.90 0.90 0.83 0.72 0.58 0.44 0.34 0.35 0.42 0.60 0.79 0.98 1.13 1.17 1.12 1.00 0.84 0.68 0.53 0.44 0.48
 19   0.54 0.66 0.78 0.87 0.91 0.88 0.80 0.66 0.52 0.40 0.36 0.43 0.54 0.70 0.85 1.00 1.09 1.08 0.98 0.86 0.70 0.54 0.45 0.44
 20   0.50 0.59 0.68 0.76 0.81 0.81 0.75 0.67 0.57 0.46 0.37 0.38 0.49 0.62 0.75 0.87 0.96 1.01 0.98 0.90 0.80 0.70 0.61 0.55
 21   0.48 0.54 0.61 0.67 0.73 0.76 0.74 0.68 0.62 0.57 0.52 0.48 0.52 0.59 0.67 0.77 0.87 0.94 0.97 0.94 0.86 0.76 0.66 0.58
 22   0.50 0.54 0.59 0.64 0.68 0.71 0.72 0.70 0.67 0.64 0.61 0.58 0.55 0.59 0.65 0.72 0.80 0.88 0.94 0.94 0.88 0.82 0.76 0.70
 23   0.64 0.63 0.64 0.66 0.68 0.70 0.72 0.74 0.76 0.77 0.75 0.70 0.65 0.62 0.63 0.66 0.69 0.72 0.75 0.78 0.80 0.80 0.76 0.72
 24   0.68 0.64 0.60 0.56 0.53 0.53 0.56 0.62 0.68 0.74 0.78 0.80 0.78 0.74 0.70 0.66 0.63 0.62 0.63 0.68 0.73 0.78 0.82 0.81
 25   0.78 0.74 0.70 0.66 0.62 0.58 0.56 0.59 0.67 0.77 0.87 0.94 0.96 0.91 0.83 0.75 0.68 0.61 0.57 0.60 0.66 0.72 0.78 0.84
 26   0.85 0.78 0.70 0.62 0.55 0.50 0.48 0.50 0.59 0.70 0.81 0.92 0.99 1.00 0.95 0.85 0.75 0.65 0.56 0.53 0.57 0.63 0.71 0.80
 27   0.88 0.89 0.83 0.73 0.62 0.51 0.42 0.39 0.44 0.55 0.70 0.85 0.96 1.03 1.01 0.93 0.81 0.68 0.54 0.43 0.43 0.50 0.61 0.72
 28   0.82 0.89 0.88 0.78 0.66 0.53 0.40 0.34 0.36 0.48 0.62 0.78 0.94 1.05 1.08 1.02 0.90 0.75 0.60 0.45 0.39 0.44 0.54 0.65
 29   0.78 0.92 0.96 0.90 0.78 0.62 0.48 0.38 0.36 0.40 0.54 0.71 0.90 1.05 1.15 1.13 1.03 0.89 0.72 0.54 0.40 0.40 0.47 0.57
 30   0.68 0.84 0.95 0.94 0.82 0.68 0.53 0.40 0.35 0.40 0.51 0.67 0.83 0.99 1.12 1.17 1.11 0.98 0.79 0.61 0.47 0.40 0.44 0.54
 ----------------------------------------------------------------------------------------------------------------------------
                                                                                               
 ----------------------------------------------------------------------------------------------------------------------------
 ----------------------------------------------------------------------------------------------------------------------------
                                                          SURVEY OF INDIA
                                                    MARINE GEODESY WING (G&RB)
                                                     HOURLY HEIGHTS IN METRES
  NAME OF PORT:- TUTICORIN                                                                          MONTH MAY       YEAR 2014
 ----------------------------------------------------------------------------------------------------------------------------
 DAYS 0000 0001 0002 0003 0004 0005 0006 0007 0008 0009 0010 0011 0012 0013 0014 0015 0016 0017 0018 0019 0020 0021 0022 0023
 ----------------------------------------------------------------------------------------------------------------------------
  1   0.70 0.83 0.95 1.00 0.92 0.80 0.67 0.52 0.41 0.39 0.47 0.59 0.73 0.89 1.06 1.16 1.14 1.04 0.88 0.70 0.56 0.47 0.48 0.53
  2   0.62 0.76 0.87 0.94 0.92 0.84 0.73 0.57 0.43 0.37 0.40 0.48 0.62 0.76 0.89 1.02 1.07 0.99 0.87 0.73 0.58 0.43 0.35 0.40
  3   0.50 0.63 0.76 0.84 0.87 0.82 0.73 0.63 0.53 0.45 0.44 0.51 0.62 0.74 0.86 0.97 1.04 1.01 0.92 0.79 0.65 0.51 0.43 0.45
  4   0.50 0.60 0.71 0.80 0.87 0.86 0.77 0.67 0.57 0.48 0.42 0.46 0.55 0.67 0.80 0.95 1.06 1.07 0.98 0.86 0.72 0.60 0.51 0.48
  5   0.53 0.62 0.71 0.79 0.84 0.85 0.79 0.70 0.61 0.52 0.47 0.46 0.55 0.66 0.77 0.88 0.96 1.00 0.98 0.92 0.83 0.74 0.65 0.57
  6   0.56 0.61 0.67 0.73 0.78 0.82 0.82 0.77 0.71 0.65 0.59 0.55 0.58 0.64 0.71 0.79 0.85 0.89 0.91 0.90 0.86 0.79 0.72 0.65
  7   0.60 0.62 0.66 0.70 0.74 0.78 0.81 0.82 0.79 0.74 0.68 0.63 0.62 0.65 0.69 0.73 0.77 0.81 0.83 0.82 0.80 0.77 0.74 0.71
  8   0.68 0.65 0.65 0.67 0.70 0.73 0.76 0.79 0.82 0.84 0.84 0.82 0.79 0.77 0.78 0.79 0.80 0.81 0.82 0.83 0.84 0.83 0.80 0.76
  9   0.72 0.68 0.64 0.60 0.59 0.61 0.65 0.69 0.73 0.77 0.81 0.84 0.84 0.83 0.82 0.81 0.80 0.79 0.79 0.80 0.81 0.82 0.83 0.84
 10   0.83 0.80 0.75 0.69 0.63 0.60 0.62 0.67 0.73 0.79 0.85 0.91 0.94 0.92 0.87 0.81 0.75 0.70 0.68 0.69 0.73 0.78 0.83 0.88
 11   0.90 0.84 0.77 0.70 0.63 0.57 0.53 0.57 0.66 0.76 0.86 0.94 0.98 0.98 0.92 0.84 0.76 0.68 0.62 0.60 0.65 0.72 0.80 0.88
 12   0.92 0.91 0.85 0.75 0.65 0.55 0.50 0.51 0.59 0.71 0.83 0.95 1.06 1.10 1.05 0.96 0.84 0.72 0.62 0.56 0.58 0.65 0.74 0.84
 13   0.91 0.95 0.92 0.83 0.72 0.60 0.51 0.47 0.53 0.66 0.80 0.94 1.08 1.19 1.18 1.08 0.96 0.82 0.68 0.58 0.54 0.57 0.65 0.75
 14   0.85 0.95 0.96 0.88 0.75 0.62 0.50 0.39 0.39 0.51 0.66 0.82 0.98 1.12 1.15 1.11 1.00 0.86 0.72 0.58 0.47 0.48 0.55 0.65
 15   0.76 0.87 0.94 0.91 0.81 0.67 0.52 0.39 0.34 0.42 0.58 0.75 0.92 1.07 1.17 1.17 1.07 0.92 0.75 0.59 0.47 0.42 0.48 0.58
 16   0.70 0.85 0.95 0.97 0.89 0.77 0.64 0.52 0.43 0.43 0.54 0.70 0.87 1.04 1.17 1.24 1.20 1.08 0.94 0.78 0.63 0.50 0.50 0.58
 17   0.67 0.78 0.89 0.97 0.95 0.86 0.74 0.61 0.48 0.41 0.47 0.60 0.77 0.95 1.10 1.19 1.18 1.09 0.94 0.78 0.62 0.50 0.45 0.50
 18   0.58 0.67 0.77 0.87 0.89 0.84 0.74 0.63 0.52 0.43 0.41 0.50 0.64 0.78 0.92 1.04 1.08 1.04 0.92 0.77 0.62 0.50 0.42 0.42
 19   0.50 0.60 0.70 0.78 0.83 0.81 0.71 0.61 0.51 0.42 0.38 0.41 0.50 0.64 0.78 0.91 1.00 1.04 0.98 0.88 0.75 0.62 0.49 0.42
 20   0.48 0.55 0.62 0.69 0.75 0.78 0.78 0.74 0.67 0.61 0.55 0.52 0.56 0.64 0.74 0.84 0.94 1.01 1.01 0.96 0.87 0.76 0.65 0.57
 21   0.52 0.55 0.60 0.67 0.76 0.84 0.88 0.89 0.86 0.80 0.74 0.68 0.67 0.72 0.79 0.86 0.93 1.00 1.05 1.04 0.99 0.92 0.84 0.75
 22   0.63 0.62 0.65 0.70 0.75 0.80 0.85 0.88 0.90 0.89 0.85 0.80 0.75 0.74 0.75 0.79 0.84 0.89 0.93 0.95 0.95 0.92 0.85 0.78
 23   0.71 0.66 0.62 0.63 0.65 0.68 0.73 0.78 0.83 0.88 0.91 0.89 0.85 0.81 0.77 0.73 0.73 0.76 0.80 0.84 0.88 0.92 0.90 0.84
 24   0.76 0.68 0.61 0.56 0.53 0.54 0.58 0.65 0.73 0.81 0.89 0.94 0.95 0.90 0.83 0.76 0.69 0.64 0.63 0.67 0.72 0.78 0.84 0.86
 25   0.82 0.74 0.66 0.60 0.54 0.50 0.50 0.57 0.67 0.78 0.89 0.99 1.06 1.04 0.98 0.88 0.78 0.69 0.62 0.62 0.67 0.75 0.83 0.89
 26   0.91 0.88 0.81 0.73 0.65 0.57 0.51 0.53 0.62 0.74 0.87 0.99 1.08 1.13 1.07 0.98 0.88 0.76 0.66 0.59 0.60 0.67 0.76 0.85
 27   0.90 0.93 0.87 0.76 0.65 0.54 0.44 0.42 0.48 0.60 0.74 0.89 1.03 1.11 1.11 1.02 0.89 0.77 0.63 0.53 0.49 0.54 0.61 0.71
 28   0.82 0.91 0.90 0.82 0.71 0.60 0.48 0.40 0.41 0.52 0.65 0.78 0.92 1.05 1.10 1.06 0.93 0.79 0.64 0.49 0.41 0.42 0.48 0.57
 29   0.68 0.78 0.85 0.82 0.73 0.63 0.52 0.41 0.36 0.43 0.55 0.68 0.83 0.98 1.09 1.10 1.02 0.87 0.72 0.57 0.42 0.37 0.44 0.53
 30   0.66 0.78 0.86 0.87 0.79 0.68 0.57 0.46 0.40 0.44 0.52 0.65 0.81 0.97 1.12 1.19 1.13 1.01 0.86 0.71 0.57 0.49 0.52 0.60
 31   0.68 0.80 0.90 0.96 0.93 0.84 0.72 0.60 0.52 0.48 0.57 0.70 0.83 0.97 1.11 1.20 1.20 1.11 0.98 0.84 0.70 0.58 0.53 0.58
 ----------------------------------------------------------------------------------------------------------------------------
                                                                                               
 ----------------------------------------------------------------------------------------------------------------------------
 ----------------------------------------------------------------------------------------------------------------------------
                                                          SURVEY OF INDIA
                                                    MARINE GEODESY WING (G&RB)
                                                     HOURLY HEIGHTS IN METRES
  NAME OF PORT:- TUTICORIN                                                                          MONTH JUNE      YEAR 2014
 ----------------------------------------------------------------------------------------------------------------------------
 DAYS 0000 0001 0002 0003 0004 0005 0006 0007 0008 0009 0010 0011 0012 0013 0014 0015 0016 0017 0018 0019 0020 0021 0022 0023
 ----------------------------------------------------------------------------------------------------------------------------
  1   0.67 0.78 0.89 0.98 0.99 0.89 0.77 0.67 0.57 0.49 0.50 0.62 0.75 0.89 1.04 1.16 1.19 1.15 1.02 0.88 0.74 0.60 0.53 0.56
  2   0.65 0.75 0.85 0.94 0.97 0.94 0.85 0.75 0.65 0.58 0.55 0.60 0.72 0.84 0.96 1.06 1.12 1.12 1.04 0.91 0.77 0.65 0.54 0.52
  3   0.58 0.67 0.77 0.86 0.92 0.93 0.88 0.80 0.71 0.63 0.59 0.59 0.65 0.77 0.89 1.01 1.10 1.13 1.08 0.98 0.86 0.74 0.63 0.56
  4   0.56 0.62 0.70 0.79 0.87 0.92 0.91 0.85 0.77 0.70 0.64 0.63 0.66 0.75 0.86 0.96 1.04 1.09 1.08 1.01 0.92 0.82 0.72 0.62
  5   0.55 0.60 0.66 0.73 0.80 0.87 0.90 0.87 0.82 0.77 0.72 0.68 0.67 0.71 0.78 0.85 0.92 0.98 1.00 0.97 0.91 0.83 0.75 0.67
  6   0.60 0.59 0.63 0.67 0.72 0.77 0.82 0.85 0.83 0.79 0.75 0.71 0.68 0.68 0.71 0.76 0.81 0.86 0.90 0.91 0.88 0.83 0.76 0.68
  7   0.60 0.55 0.55 0.58 0.62 0.67 0.72 0.77 0.81 0.84 0.84 0.81 0.78 0.75 0.73 0.71 0.72 0.74 0.76 0.78 0.80 0.79 0.75 0.71
  8   0.67 0.63 0.59 0.56 0.57 0.60 0.65 0.70 0.75 0.80 0.84 0.85 0.83 0.80 0.77 0.74 0.71 0.68 0.68 0.70 0.73 0.76 0.79 0.78
  9   0.72 0.66 0.60 0.55 0.52 0.51 0.56 0.63 0.72 0.81 0.88 0.94 0.95 0.93 0.89 0.83 0.76 0.69 0.64 0.64 0.67 0.72 0.78 0.83
 10   0.84 0.80 0.74 0.68 0.62 0.57 0.57 0.61 0.72 0.83 0.94 1.03 1.09 1.08 1.00 0.90 0.80 0.70 0.60 0.54 0.56 0.61 0.67 0.73
 11   0.79 0.79 0.73 0.65 0.56 0.47 0.41 0.42 0.49 0.60 0.75 0.90 1.04 1.11 1.08 0.99 0.87 0.74 0.62 0.52 0.48 0.53 0.61 0.70
 12   0.76 0.81 0.80 0.75 0.63 0.51 0.39 0.34 0.40 0.51 0.64 0.81 0.98 1.12 1.14 1.08 0.94 0.79 0.64 0.52 0.43 0.44 0.52 0.62
 13   0.72 0.85 0.91 0.86 0.75 0.63 0.52 0.42 0.40 0.50 0.66 0.82 0.99 1.12 1.19 1.16 1.04 0.91 0.75 0.60 0.49 0.46 0.51 0.58
 14   0.71 0.83 0.93 0.95 0.88 0.78 0.67 0.56 0.47 0.49 0.61 0.75 0.90 1.05 1.15 1.19 1.13 1.00 0.85 0.69 0.52 0.42 0.43 0.52
 15   0.60 0.71 0.82 0.88 0.88 0.81 0.71 0.61 0.51 0.45 0.47 0.59 0.75 0.92 1.09 1.17 1.17 1.08 0.94 0.77 0.59 0.44 0.37 0.42
 16   0.49 0.60 0.71 0.81 0.84 0.81 0.71 0.60 0.49 0.39 0.38 0.46 0.61 0.76 0.91 1.03 1.08 1.04 0.95 0.80 0.65 0.50 0.39 0.39
 17   0.45 0.54 0.66 0.78 0.86 0.90 0.85 0.78 0.67 0.55 0.45 0.47 0.57 0.69 0.82 0.94 1.03 1.07 1.04 0.93 0.78 0.63 0.50 0.44
 18   0.48 0.55 0.63 0.73 0.83 0.89 0.91 0.86 0.78 0.68 0.59 0.52 0.55 0.64 0.74 0.84 0.94 1.01 1.00 0.92 0.80 0.66 0.53 0.42
 19   0.42 0.49 0.57 0.67 0.77 0.87 0.92 0.92 0.86 0.78 0.70 0.64 0.61 0.64 0.70 0.78 0.87 0.95 0.99 0.94 0.85 0.76 0.66 0.56
 20   0.46 0.48 0.53 0.60 0.67 0.74 0.81 0.86 0.87 0.83 0.76 0.69 0.63 0.62 0.66 0.70 0.74 0.78 0.82 0.84 0.83 0.78 0.70 0.61
 21   0.52 0.48 0.49 0.52 0.57 0.63 0.70 0.76 0.81 0.85 0.84 0.80 0.76 0.72 0.69 0.69 0.71 0.73 0.75 0.77 0.78 0.76 0.70 0.64
 22   0.58 0.52 0.49 0.49 0.53 0.58 0.65 0.72 0.79 0.85 0.91 0.91 0.87 0.82 0.77 0.72 0.68 0.67 0.69 0.73 0.77 0.80 0.81 0.75
 23   0.69 0.63 0.58 0.55 0.53 0.55 0.61 0.67 0.74 0.81 0.88 0.95 0.95 0.90 0.84 0.78 0.72 0.67 0.64 0.66 0.69 0.72 0.75 0.77
 24   0.77 0.72 0.66 0.60 0.54 0.48 0.48 0.52 0.60 0.70 0.80 0.90 0.96 0.96 0.90 0.82 0.74 0.65 0.60 0.58 0.60 0.65 0.71 0.77
 25   0.78 0.77 0.70 0.63 0.56 0.50 0.46 0.46 0.54 0.65 0.76 0.87 0.95 0.98 0.95 0.86 0.77 0.67 0.58 0.52 0.50 0.57 0.65 0.74
 26   0.79 0.82 0.81 0.73 0.64 0.55 0.46 0.41 0.43 0.54 0.67 0.80 0.92 1.00 1.02 0.93 0.82 0.71 0.60 0.51 0.45 0.47 0.57 0.67
 27   0.77 0.86 0.88 0.78 0.67 0.56 0.46 0.40 0.39 0.50 0.61 0.72 0.83 0.94 1.03 1.01 0.91 0.79 0.66 0.53 0.44 0.43 0.49 0.59
 28   0.70 0.81 0.90 0.90 0.80 0.68 0.56 0.44 0.36 0.36 0.46 0.60 0.75 0.90 1.03 1.07 1.01 0.90 0.74 0.58 0.45 0.36 0.36 0.45
 29   0.58 0.71 0.84 0.88 0.83 0.75 0.62 0.49 0.38 0.37 0.46 0.58 0.71 0.85 0.98 1.05 1.04 0.96 0.82 0.65 0.47 0.34 0.34 0.42
 30
 ----------------------------------------------------------------------------------------------------------------------------
                                                                                               
 ----------------------------------------------------------------------------------------------------------------------------
 ----------------------------------------------------------------------------------------------------------------------------
                                                          SURVEY OF INDIA
                                                    MARINE GEODESY WING (G&RB)
                                                     HOURLY HEIGHTS IN METRES
  NAME OF PORT:- TUTICORIN                                                                          MONTH JULY      YEAR 2014
 ----------------------------------------------------------------------------------------------------------------------------
 DAYS 0000 0001 0002 0003 0004 0005 0006 0007 0008 0009 0010 0011 0012 0013 0014 0015 0016 0017 0018 0019 0020 0021 0022 0023
 ----------------------------------------------------------------------------------------------------------------------------
  1
  2
  3
  4
  5
  6
  7
  8
  9
 10
 11
 12
 13
 14
 15
 16
 17
 18
 19
 20
 21
 22
 23
 24
 25
 26
 27
 28
 29
 30
 31
 ----------------------------------------------------------------------------------------------------------------------------
                                                          SURVEY OF INDIA
                                                    MARINE GEODESY WING (G&RB)
                                                     HOURLY HEIGHTS IN METRES
  NAME OF PORT:- TUTICORIN                                                                          MONTH AUGUST    YEAR 2014
 ----------------------------------------------------------------------------------------------------------------------------
 DAYS 0000 0001 0002 0003 0004 0005 0006 0007 0008 0009 0010 0011 0012 0013 0014 0015 0016 0017 0018 0019 0020 0021 0022 0023
 ----------------------------------------------------------------------------------------------------------------------------
  1
  2
  3
  4
  5
  6
  7
  8
  9
 10
 11
 12
 13
 14
 15
 16
 17
 18
 19
 20
 21
 22
 23
 24   0.68 0.75 0.76 0.69 0.57 0.45 0.35 0.29 0.29 0.39 0.52 0.65 0.77 0.86 0.88 0.83 0.72 0.58 0.44 0.32 0.25 0.30 0.40 0.54
 25   0.66 0.77 0.84 0.77 0.66 0.54 0.42 0.31 0.26 0.33 0.46 0.59 0.72 0.85 0.93 0.90 0.79 0.64 0.49 0.34 0.25 0.26 0.35 0.46
 26   0.59 0.72 0.81 0.81 0.69 0.56 0.42 0.30 0.24 0.29 0.38 0.51 0.65 0.80 0.89 0.92 0.86 0.71 0.54 0.38 0.26 0.21 0.29 0.40
 27   0.53 0.69 0.81 0.86 0.79 0.68 0.54 0.40 0.28 0.25 0.36 0.49 0.62 0.76 0.89 0.94 0.90 0.77 0.62 0.47 0.34 0.28 0.29 0.39
 28   0.54 0.67 0.80 0.88 0.86 0.79 0.65 0.51 0.37 0.30 0.34 0.44 0.56 0.69 0.83 0.93 0.93 0.82 0.69 0.54 0.39 0.29 0.30 0.38
 29   0.50 0.66 0.82 0.92 0.94 0.88 0.76 0.62 0.47 0.36 0.33 0.41 0.53 0.67 0.80 0.92 0.95 0.88 0.76 0.61 0.45 0.32 0.28 0.32
 30   0.42 0.58 0.73 0.85 0.92 0.90 0.82 0.70 0.56 0.44 0.34 0.36 0.44 0.56 0.67 0.78 0.85 0.82 0.73 0.61 0.47 0.35 0.26 0.28
 31   0.35 0.45 0.58 0.72 0.83 0.86 0.79 0.66 0.54 0.42 0.31 0.29 0.37 0.46 0.55 0.65 0.72 0.72 0.66 0.56 0.46 0.36 0.27 0.22
 ----------------------------------------------------------------------------------------------------------------------------
                                                                                               
 ----------------------------------------------------------------------------------------------------------------------------
 ----------------------------------------------------------------------------------------------------------------------------
                                                          SURVEY OF INDIA
                                                    MARINE GEODESY WING (G&RB)
                                                     HOURLY HEIGHTS IN METRES
  NAME OF PORT:- TUTICORIN                                                                          MONTH SEPT      YEAR 2014
 ----------------------------------------------------------------------------------------------------------------------------
 DAYS 0000 0001 0002 0003 0004 0005 0006 0007 0008 0009 0010 0011 0012 0013 0014 0015 0016 0017 0018 0019 0020 0021 0022 0023
 ----------------------------------------------------------------------------------------------------------------------------
  1   0.28 0.38 0.50 0.62 0.72 0.76 0.72 0.65 0.56 0.48 0.40 0.36 0.40 0.47 0.54 0.61 0.67 0.70 0.66 0.58 0.50 0.41 0.31 0.24
  2   0.26 0.37 0.48 0.58 0.68 0.76 0.80 0.76 0.68 0.60 0.51 0.44 0.43 0.49 0.55 0.61 0.66 0.69 0.68 0.62 0.55 0.48 0.41 0.35
  3   0.33 0.38 0.45 0.52 0.59 0.67 0.72 0.73 0.71 0.66 0.61 0.56 0.52 0.52 0.54 0.57 0.60 0.63 0.63 0.60 0.56 0.52 0.48 0.44
  4   0.40 0.39 0.42 0.47 0.52 0.57 0.61 0.65 0.69 0.72 0.73 0.71 0.67 0.64 0.61 0.58 0.55 0.52 0.49 0.46 0.46 0.49 0.53 0.53
  5   0.50 0.47 0.44 0.41 0.38 0.40 0.46 0.52 0.58 0.64 0.69 0.72 0.71 0.66 0.61 0.56 0.51 0.46 0.41 0.37 0.39 0.43 0.47 0.51
  6   0.55 0.52 0.46 0.40 0.34 0.28 0.26 0.34 0.45 0.56 0.67 0.76 0.80 0.76 0.67 0.57 0.46 0.34 0.26 0.23 0.26 0.34 0.43 0.53
  7   0.60 0.63 0.60 0.52 0.42 0.32 0.25 0.23 0.32 0.44 0.57 0.70 0.80 0.84 0.80 0.71 0.61 0.48 0.35 0.25 0.24 0.30 0.41 0.55
  8   0.69 0.81 0.81 0.74 0.62 0.50 0.38 0.27 0.27 0.38 0.54 0.70 0.84 0.92 0.93 0.82 0.67 0.51 0.35 0.26 0.22 0.26 0.38 0.54
  9   0.70 0.84 0.91 0.86 0.69 0.51 0.33 0.21 0.18 0.25 0.38 0.54 0.70 0.83 0.91 0.87 0.73 0.56 0.38 0.22 0.13 0.13 0.23 0.40
 10   0.60 0.78 0.88 0.90 0.79 0.62 0.45 0.28 0.17 0.17 0.26 0.40 0.56 0.72 0.83 0.85 0.77 0.60 0.43 0.27 0.18 0.16 0.20 0.30
 11   0.48 0.66 0.83 0.88 0.86 0.73 0.57 0.40 0.24 0.18 0.22 0.31 0.46 0.61 0.76 0.85 0.81 0.70 0.53 0.37 0.22 0.15 0.18 0.26
 12   0.36 0.55 0.73 0.85 0.87 0.81 0.67 0.50 0.32 0.22 0.22 0.31 0.44 0.57 0.70 0.80 0.83 0.74 0.61 0.47 0.33 0.23 0.21 0.27
 13   0.39 0.53 0.67 0.80 0.86 0.84 0.73 0.58 0.43 0.30 0.25 0.30 0.39 0.50 0.62 0.74 0.80 0.77 0.67 0.54 0.40 0.27 0.18 0.21
 14   0.29 0.42 0.56 0.68 0.77 0.80 0.75 0.65 0.53 0.42 0.31 0.31 0.38 0.48 0.58 0.68 0.75 0.75 0.65 0.54 0.43 0.32 0.24 0.21
 15   0.29 0.40 0.51 0.62 0.73 0.78 0.77 0.70 0.60 0.50 0.41 0.37 0.38 0.44 0.52 0.60 0.66 0.69 0.64 0.55 0.46 0.37 0.30 0.28
 16   0.32 0.39 0.47 0.55 0.63 0.70 0.74 0.71 0.65 0.57 0.49 0.42 0.39 0.41 0.46 0.52 0.58 0.61 0.61 0.56 0.50 0.44 0.38 0.33
 17   0.34 0.38 0.43 0.48 0.53 0.58 0.62 0.64 0.64 0.61 0.57 0.53 0.50 0.48 0.49 0.51 0.53 0.55 0.56 0.54 0.52 0.50 0.47 0.44
 18   0.42 0.42 0.44 0.47 0.50 0.53 0.56 0.59 0.62 0.64 0.65 0.63 0.59 0.55 0.51 0.47 0.43 0.41 0.40 0.43 0.47 0.51 0.54 0.55
 19   0.55 0.53 0.51 0.49 0.47 0.46 0.48 0.52 0.56 0.60 0.64 0.68 0.68 0.63 0.57 0.51 0.45 0.39 0.34 0.34 0.40 0.46 0.52 0.58
 20   0.62 0.62 0.57 0.52 0.47 0.42 0.40 0.41 0.47 0.55 0.63 0.71 0.76 0.76 0.70 0.60 0.50 0.41 0.35 0.32 0.36 0.43 0.51 0.60
 21   0.66 0.69 0.66 0.57 0.48 0.40 0.34 0.32 0.36 0.46 0.57 0.68 0.77 0.82 0.78 0.70 0.59 0.46 0.35 0.30 0.34 0.42 0.53 0.65
 22   0.74 0.80 0.79 0.73 0.64 0.52 0.40 0.34 0.36 0.42 0.53 0.65 0.75 0.84 0.84 0.76 0.62 0.47 0.34 0.25 0.25 0.33 0.45 0.60
 23   0.73 0.82 0.85 0.79 0.68 0.54 0.41 0.30 0.28 0.36 0.47 0.60 0.74 0.84 0.88 0.83 0.70 0.55 0.40 0.28 0.21 0.27 0.39 0.51
 24   0.68 0.85 0.91 0.87 0.74 0.58 0.43 0.30 0.24 0.30 0.40 0.53 0.68 0.82 0.92 0.90 0.80 0.64 0.48 0.32 0.23 0.26 0.39 0.54
 25   0.70 0.86 0.95 0.95 0.85 0.70 0.54 0.39 0.26 0.26 0.35 0.48 0.63 0.77 0.88 0.90 0.84 0.70 0.55 0.40 0.28 0.26 0.34 0.48
 26   0.64 0.80 0.93 1.00 0.96 0.82 0.66 0.50 0.34 0.26 0.32 0.43 0.57 0.71 0.84 0.90 0.86 0.74 0.59 0.44 0.30 0.22 0.24 0.38
 27   0.55 0.72 0.88 1.00 0.98 0.88 0.75 0.59 0.43 0.31 0.32 0.41 0.54 0.67 0.80 0.90 0.89 0.80 0.66 0.52 0.38 0.27 0.27 0.38
 28   0.54 0.70 0.86 1.00 1.04 0.95 0.80 0.65 0.50 0.38 0.36 0.43 0.52 0.63 0.74 0.83 0.86 0.82 0.72 0.58 0.44 0.32 0.25 0.32
 29   0.45 0.59 0.73 0.87 0.96 0.94 0.85 0.72 0.57 0.43 0.37 0.39 0.45 0.54 0.64 0.74 0.80 0.78 0.70 0.60 0.49 0.38 0.28 0.30
 30   0.39 0.51 0.64 0.78 0.90 0.93 0.85 0.75 0.64 0.52 0.41 0.38 0.44 0.52 0.60 0.67 0.72 0.74 0.70 0.62 0.53 0.44 0.35 0.31
 ----------------------------------------------------------------------------------------------------------------------------
                                                                                               
 ----------------------------------------------------------------------------------------------------------------------------
 ----------------------------------------------------------------------------------------------------------------------------
                                                          SURVEY OF INDIA
                                                    MARINE GEODESY WING (G&RB)
                                                     HOURLY HEIGHTS IN METRES
  NAME OF PORT:- TUTICORIN                                                                          MONTH OCTOBER   YEAR 2014
 ----------------------------------------------------------------------------------------------------------------------------
 DAYS 0000 0001 0002 0003 0004 0005 0006 0007 0008 0009 0010 0011 0012 0013 0014 0015 0016 0017 0018 0019 0020 0021 0022 0023
 ----------------------------------------------------------------------------------------------------------------------------
  1   0.35 0.45 0.56 0.67 0.77 0.85 0.85 0.78 0.70 0.62 0.54 0.50 0.50 0.56 0.62 0.68 0.73 0.75 0.70 0.64 0.58 0.52 0.46 0.42
  2   0.42 0.48 0.55 0.62 0.69 0.75 0.79 0.78 0.75 0.70 0.65 0.60 0.57 0.58 0.59 0.60 0.61 0.62 0.62 0.60 0.58 0.56 0.54 0.52
  3   0.50 0.49 0.51 0.54 0.57 0.61 0.65 0.68 0.71 0.73 0.72 0.70 0.68 0.66 0.64 0.62 0.60 0.58 0.57 0.59 0.63 0.67 0.70 0.71
  4   0.71 0.66 0.62 0.59 0.57 0.58 0.61 0.64 0.68 0.72 0.76 0.77 0.75 0.69 0.62 0.56 0.52 0.49 0.47 0.48 0.54 0.61 0.68 0.72
  5   0.74 0.68 0.61 0.54 0.48 0.43 0.42 0.50 0.60 0.68 0.75 0.79 0.80 0.76 0.68 0.60 0.52 0.44 0.36 0.35 0.42 0.52 0.62 0.72
  6   0.80 0.81 0.73 0.63 0.53 0.43 0.36 0.35 0.42 0.53 0.64 0.74 0.81 0.83 0.78 0.69 0.58 0.47 0.36 0.27 0.30 0.40 0.52 0.66
  7   0.80 0.87 0.84 0.74 0.60 0.46 0.33 0.27 0.29 0.39 0.52 0.65 0.77 0.85 0.83 0.74 0.59 0.44 0.30 0.22 0.22 0.30 0.44 0.61
  8   0.79 0.95 0.98 0.90 0.77 0.59 0.43 0.32 0.28 0.35 0.48 0.63 0.78 0.88 0.92 0.86 0.72 0.56 0.39 0.25 0.19 0.27 0.39 0.53
  9   0.78 0.93 1.02 1.00 0.89 0.70 0.51 0.36 0.29 0.30 0.39 0.51 0.65 0.79 0.89 0.87 0.75 0.60 0.43 0.28 0.17 0.18 0.28 0.44
 10   0.62 0.80 0.96 1.02 0.98 0.82 0.63 0.44 0.29 0.24 0.30 0.45 0.60 0.75 0.86 0.88 0.80 0.66 0.49 0.33 0.19 0.13 0.20 0.33
 11   0.51 0.70 0.86 0.94 0.92 0.82 0.63 0.45 0.30 0.20 0.22 0.31 0.44 0.58 0.70 0.78 0.76 0.66 0.52 0.38 0.24 0.18 0.22 0.31
 12   0.45 0.58 0.72 0.84 0.87 0.82 0.70 0.56 0.42 0.29 0.24 0.33 0.44 0.56 0.67 0.74 0.76 0.70 0.61 0.51 0.41 0.31 0.26 0.32
 13   0.44 0.56 0.68 0.80 0.89 0.88 0.78 0.65 0.52 0.39 0.30 0.32 0.40 0.50 0.60 0.68 0.73 0.70 0.60 0.50 0.40 0.31 0.23 0.25
 14   0.36 0.48 0.60 0.72 0.78 0.80 0.74 0.66 0.54 0.42 0.33 0.30 0.33 0.40 0.48 0.56 0.61 0.64 0.59 0.51 0.43 0.35 0.27 0.23
 15   0.32 0.42 0.52 0.60 0.66 0.70 0.69 0.64 0.55 0.46 0.39 0.34 0.34 0.38 0.42 0.46 0.50 0.52 0.51 0.46 0.41 0.36 0.32 0.29
 16   0.35 0.41 0.47 0.53 0.59 0.63 0.65 0.63 0.60 0.55 0.50 0.45 0.41 0.41 0.43 0.45 0.47 0.49 0.50 0.49 0.48 0.47 0.46 0.45
 17   0.46 0.48 0.50 0.52 0.54 0.56 0.58 0.60 0.61 0.60 0.57 0.54 0.51 0.48 0.45 0.42 0.39 0.39 0.42 0.45 0.48 0.51 0.54 0.55
 18   0.54 0.52 0.50 0.49 0.50 0.52 0.54 0.56 0.58 0.60 0.62 0.62 0.59 0.55 0.51 0.47 0.43 0.40 0.40 0.44 0.49 0.54 0.59 0.64
 19   0.68 0.66 0.61 0.56 0.51 0.47 0.45 0.47 0.51 0.56 0.61 0.66 0.69 0.65 0.59 0.52 0.45 0.39 0.35 0.36 0.42 0.51 0.60 0.68
 20
 21
 22
 23
 24
 25
 26
 27
 28
 29
 30
 31
 ----------------------------------------------------------------------------------------------------------------------------
                                                                                               
 ----------------------------------------------------------------------------------------------------------------------------
 ----------------------------------------------------------------------------------------------------------------------------
                                                          SURVEY OF INDIA
                                                    MARINE GEODESY WING (G&RB)
                                                     HOURLY HEIGHTS IN METRES
  NAME OF PORT:- TUTICORIN                                                                          MONTH NOVEMBER  YEAR 2014
 ----------------------------------------------------------------------------------------------------------------------------
 DAYS 0000 0001 0002 0003 0004 0005 0006 0007 0008 0009 0010 0011 0012 0013 0014 0015 0016 0017 0018 0019 0020 0021 0022 0023
 ----------------------------------------------------------------------------------------------------------------------------
  1
  2
  3
  4
  5
  6
  7
  8
  9
 10
 11
 12   0.55 0.68 0.81 0.93 0.97 0.97 0.90 0.77 0.63 0.49 0.41 0.37 0.40 0.48 0.58 0.68 0.77 0.79 0.72 0.63 0.55 0.48 0.41 0.41
 13   0.51 0.62 0.73 0.82 0.89 0.93 0.88 0.79 0.68 0.56 0.46 0.40 0.41 0.46 0.55 0.64 0.70 0.74 0.73 0.68 0.63 0.58 0.54 0.51
 14   0.52 0.59 0.68 0.77 0.84 0.88 0.88 0.83 0.75 0.66 0.56 0.47 0.44 0.46 0.51 0.58 0.65 0.70 0.73 0.72 0.69 0.64 0.59 0.55
 15   0.56 0.58 0.63 0.68 0.73 0.77 0.79 0.78 0.75 0.70 0.65 0.60 0.55 0.53 0.54 0.56 0.58 0.60 0.62 0.64 0.65 0.64 0.62 0.60
 16   0.59 0.59 0.60 0.62 0.64 0.66 0.68 0.70 0.70 0.69 0.67 0.64 0.60 0.56 0.52 0.50 0.52 0.57 0.63 0.69 0.74 0.78 0.80 0.81
 17   0.80 0.78 0.76 0.74 0.72 0.70 0.70 0.71 0.73 0.75 0.77 0.77 0.75 0.71 0.67 0.63 0.59 0.56 0.58 0.64 0.71 0.78 0.85 0.89
 18   0.90 0.84 0.78 0.73 0.69 0.65 0.63 0.64 0.67 0.71 0.75 0.78 0.78 0.73 0.67 0.61 0.55 0.49 0.48 0.53 0.63 0.72 0.81 0.89
 19   0.94 0.93 0.87 0.80 0.71 0.62 0.56 0.54 0.58 0.64 0.70 0.76 0.82 0.81 0.74 0.66 0.58 0.50 0.45 0.48 0.57 0.68 0.78 0.89
 20
 21
 22
 23
 24
 25
 26   0.58 0.74 0.90 1.01 1.07 1.03 0.90 0.74 0.59 0.45 0.36 0.39 0.45 0.53 0.63 0.73 0.81 0.80 0.73 0.63 0.53 0.44 0.40 0.43
 27   0.50 0.62 0.75 0.88 0.99 0.99 0.92 0.79 0.64 0.51 0.40 0.38 0.41 0.48 0.56 0.64 0.72 0.76 0.73 0.67 0.60 0.52 0.46 0.44
 28   0.50 0.54 0.66 0.78 0.90 0.97 0.95 0.86 0.71 0.56 0.42 0.36 0.38 0.45 0.52 0.59 0.66 0.72 0.76 0.74 0.68 0.62 0.57 0.54
 29   0.54 0.62 0.71 0.80 0.88 0.94 0.95 0.89 0.80 0.70 0.60 0.52 0.47 0.49 0.53 0.58 0.63 0.68 0.72 0.75 0.75 0.73 0.69 0.65
 30   0.61 0.62 0.65 0.69 0.73 0.77 0.81 0.82 0.77 0.70 0.62 0.53 0.46 0.42 0.44 0.48 0.52 0.56 0.60 0.64 0.68 0.70 0.68 0.65
 ----------------------------------------------------------------------------------------------------------------------------
                                                                                               
 ----------------------------------------------------------------------------------------------------------------------------
 ----------------------------------------------------------------------------------------------------------------------------
                                                          SURVEY OF INDIA
                                                    MARINE GEODESY WING (G&RB)
                                                     HOURLY HEIGHTS IN METRES
  NAME OF PORT:- TUTICORIN                                                                          MONTH DECEMBER  YEAR 2014
 ----------------------------------------------------------------------------------------------------------------------------
 DAYS 0000 0001 0002 0003 0004 0005 0006 0007 0008 0009 0010 0011 0012 0013 0014 0015 0016 0017 0018 0019 0020 0021 0022 0023
 ----------------------------------------------------------------------------------------------------------------------------
  1   0.62 0.59 0.57 0.57 0.60 0.63 0.66 0.69 0.71 0.70 0.64 0.58 0.52 0.46 0.42 0.40 0.42 0.46 0.52 0.58 0.65 0.72 0.79 0.80
  2   0.78 0.70 0.62 0.56 0.52 0.50 0.52 0.56 0.62 0.68 0.70 0.66 0.60 0.54 0.48 0.42 0.39 0.38 0.44 0.52 0.62 0.72 0.81 0.86
  3   0.87 0.79 0.70 0.61 0.53 0.47 0.43 0.45 0.51 0.57 0.63 0.66 0.67 0.63 0.57 0.50 0.43 0.36 0.35 0.40 0.48 0.61 0.74 0.87
  4   0.94 0.94 0.84 0.72 0.60 0.48 0.40 0.37 0.40 0.47 0.55 0.63 0.68 0.70 0.64 0.54 0.44 0.36 0.30 0.30 0.37 0.50 0.64 0.78
  5   0.92 0.96 0.90 0.80 0.67 0.54 0.42 0.36 0.36 0.41 0.49 0.59 0.69 0.76 0.74 0.65 0.53 0.40 0.30 0.26 0.34 0.46 0.59 0.72
  6   0.85 0.94 0.93 0.85 0.74 0.60 0.48 0.40 0.36 0.38 0.46 0.56 0.66 0.72 0.74 0.69 0.58 0.45 0.32 0.26 0.28 0.40 0.55 0.70
  7   0.83 0.90 0.95 0.90 0.80 0.66 0.53 0.42 0.34 0.34 0.43 0.54 0.64 0.73 0.78 0.77 0.70 0.60 0.49 0.39 0.33 0.36 0.46 0.60
  8   0.72 0.85 0.91 0.93 0.85 0.72 0.59 0.46 0.33 0.27 0.32 0.41 0.50 0.60 0.70 0.76 0.71 0.61 0.50 0.39 0.29 0.26 0.36 0.49
  9   0.64 0.80 0.92 0.98 0.94 0.85 0.68 0.51 0.33 0.25 0.27 0.33 0.42 0.54 0.66 0.75 0.75 0.69 0.60 0.49 0.38 0.31 0.34 0.43
 10   0.55 0.70 0.85 0.95 0.99 0.95 0.85 0.71 0.56 0.43 0.36 0.39 0.47 0.59 0.69 0.78 0.81 0.74 0.64 0.54 0.43 0.34 0.32 0.42
 11   0.53 0.66 0.79 0.90 0.93 0.89 0.79 0.64 0.49 0.36 0.30 0.30 0.37 0.48 0.60 0.72 0.81 0.82 0.74 0.65 0.56 0.47 0.40 0.41
 12   0.50 0.60 0.70 0.80 0.85 0.87 0.79 0.69 0.59 0.49 0.43 0.41 0.45 0.52 0.60 0.68 0.75 0.80 0.81 0.75 0.65 0.55 0.45 0.42
 13   0.49 0.57 0.65 0.73 0.79 0.77 0.72 0.64 0.56 0.48 0.40 0.34 0.34 0.40 0.47 0.54 0.61 0.66 0.68 0.65 0.59 0.53 0.48 0.44
 14   0.44 0.50 0.57 0.64 0.71 0.75 0.75 0.72 0.65 0.58 0.51 0.46 0.43 0.44 0.49 0.55 0.61 0.67 0.71 0.72 0.69 0.65 0.61 0.57
 15   0.55 0.57 0.61 0.65 0.69 0.73 0.75 0.73 0.70 0.66 0.62 0.58 0.55 0.54 0.55 0.59 0.64 0.69 0.74 0.79 0.81 0.81 0.79 0.77
 16   0.74 0.71 0.69 0.70 0.71 0.72 0.73 0.74 0.72 0.69 0.66 0.63 0.60 0.57 0.54 0.54 0.56 0.60 0.64 0.68 0.72 0.76 0.80 0.80
 17   0.78 0.75 0.72 0.69 0.66 0.63 0.60 0.59 0.60 0.61 0.62 0.61 0.58 0.53 0.47 0.42 0.40 0.42 0.46 0.51 0.57 0.64 0.71 0.78
 18   0.81 0.78 0.72 0.66 0.61 0.57 0.54 0.54 0.56 0.60 0.64 0.68 0.68 0.61 0.54 0.47 0.40 0.35 0.36 0.43 0.53 0.63 0.73 0.83
 19   0.88 0.84 0.77 0.69 0.61 0.53 0.48 0.46 0.49 0.54 0.60 0.67 0.74 0.74 0.69 0.61 0.53 0.46 0.42 0.46 0.57 0.69 0.81 0.93
 20   1.02 1.04 0.94 0.83 0.72 0.61 0.51 0.44 0.44 0.52 0.60 0.68 0.75 0.79 0.77 0.72 0.65 0.57 0.49 0.45 0.50 0.62 0.75 0.89
 21   1.00 1.10 1.08 0.98 0.84 0.70 0.56 0.45 0.41 0.46 0.55 0.65 0.75 0.82 0.85 0.82 0.73 0.59 0.45 0.35 0.35 0.45 0.60 0.76
 22   0.91 1.04 1.09 1.05 0.91 0.76 0.59 0.43 0.32 0.32 0.41 0.53 0.65 0.76 0.83 0.83 0.74 0.60 0.46 0.33 0.27 0.31 0.43 0.57
 23   0.74 0.91 1.01 1.01 0.92 0.76 0.59 0.43 0.30 0.22 0.26 0.34 0.46 0.59 0.70 0.77 0.72 0.60 0.47 0.35 0.24 0.21 0.30 0.45
 24   0.62 0.79 0.93 1.01 0.98 0.83 0.66 0.49 0.35 0.25 0.25 0.32 0.44 0.57 0.70 0.80 0.83 0.75 0.62 0.49 0.37 0.31 0.33 0.43
 25   0.56 0.72 0.87 0.98 1.01 0.93 0.80 0.64 0.49 0.36 0.29 0.33 0.40 0.51 0.62 0.73 0.82 0.82 0.77 0.67 0.57 0.47 0.40 0.46
 26   0.53 0.69 0.85 0.96 1.04 1.03 0.95 0.82 0.66 0.50 0.36 0.36 0.42 0.51 0.60 0.70 0.80 0.85 0.83 0.76 0.67 0.58 0.49 0.46
 27   0.54 0.64 0.75 0.85 0.92 0.95 0.89 0.77 0.62 0.47 0.35 0.28 0.32 0.39 0.48 0.57 0.66 0.73 0.76 0.73 0.66 0.57 0.49 0.42
 28   0.43 0.49 0.55 0.63 0.72 0.79 0.79 0.72 0.61 0.49 0.37 0.27 0.25 0.30 0.37 0.45 0.54 0.61 0.67 0.69 0.65 0.59 0.52 0.46
 29   0.44 0.47 0.53 0.60 0.68 0.74 0.76 0.73 0.67 0.58 0.49 0.41 0.34 0.35 0.41 0.48 0.55 0.62 0.69 0.75 0.80 0.78 0.72 0.65
 30   0.59 0.55 0.56 0.59 0.63 0.67 0.71 0.73 0.70 0.65 0.60 0.55 0.51 0.48 0.49 0.53 0.59 0.65 0.71 0.77 0.83 0.88 0.90 0.86
 31   0.79 0.72 0.67 0.64 0.63 0.64 0.66 0.68 0.70 0.70 0.66 0.60 0.54 0.48 0.44 0.43 0.48 0.54 0.60 0.66 0.72 0.78 0.84 0.88
 ----------------------------------------------------------------------------------------------------------------------------
                                                                                               
 ----------------------------------------------------------------------------------------------------------------------------
 ----------------------------------------------------------------------------------------------------------------------------
