                                                          SURVEY OF INDIA
                                                    MARINE GEODESY WING (G&RB)
                                                     HOURLY HEIGHTS IN METRES
  NAME OF PORT:- TUTICORIN                                                                          MONTH JANUARY   YEAR 2015
 ----------------------------------------------------------------------------------------------------------------------------
 DAYS 0000 0001 0002 0003 0004 0005 0006 0007 0008 0009 0010 0011 0012 0013 0014 0015 0016 0017 0018 0019 0020 0021 0022 0023
 ----------------------------------------------------------------------------------------------------------------------------
  1   0.75 0.66 0.60 0.55 0.52 0.51 0.52 0.54 0.57 0.61 0.63 0.63 0.61 0.54 0.46 0.40 0.36 0.35 0.38 0.45 0.53 0.61 0.71 0.81
  2   0.87 0.86 0.79 0.71 0.62 0.54 0.46 0.44 0.48 0.54 0.61 0.66 0.69 0.66 0.60 0.54 0.47 0.42 0.39 0.40 0.50 0.67 0.85 0.95
  3   0.97 0.94 0.83 0.70 0.60 0.51 0.46 0.45 0.46 0.51 0.59 0.71 0.78 0.81 0.80 0.74 0.64 0.54 0.46 0.46 0.51 0.61 0.74 0.86
  4   0.99 1.05 1.03 0.93 0.81 0.67 0.54 0.43 0.36 0.36 0.43 0.57 0.71 0.78 0.79 0.77 0.68 0.55 0.45 0.37 0.36 0.43 0.56 0.72
  5   0.89 1.01 1.06 1.02 0.90 0.75 0.59 0.44 0.33 0.33 0.43 0.56 0.69 0.79 0.87 0.86 0.77 0.66 0.54 0.43 0.39 0.42 0.53 0.67
  6   0.84 0.99 1.09 1.09 1.03 0.87 0.67 0.50 0.36 0.29 0.33 0.40 0.48 0.56 0.66 0.75 0.83 0.81 0.67 0.49 0.33 0.33 0.44 0.59
  7   0.76 0.92 1.01 1.03 0.96 0.82 0.66 0.49 0.34 0.26 0.25 0.32 0.42 0.52 0.62 0.71 0.78 0.80 0.74 0.62 0.47 0.34 0.39 0.54
  8   0.68 0.82 0.94 1.02 1.01 0.92 0.74 0.54 0.38 0.26 0.22 0.29 0.42 0.56 0.69 0.82 0.93 0.92 0.86 0.75 0.60 0.48 0.42 0.51
  9   0.64 0.79 0.90 0.97 0.98 0.93 0.79 0.62 0.47 0.34 0.29 0.32 0.41 0.53 0.65 0.77 0.84 0.85 0.80 0.68 0.58 0.50 0.46 0.52
 10   0.61 0.71 0.82 0.93 0.99 0.97 0.88 0.76 0.61 0.45 0.34 0.33 0.41 0.52 0.65 0.77 0.88 0.92 0.90 0.82 0.72 0.61 0.53 0.52
 11   0.57 0.67 0.77 0.87 0.93 0.93 0.87 0.77 0.65 0.53 0.41 0.34 0.38 0.47 0.59 0.71 0.81 0.85 0.84 0.79 0.71 0.61 0.54 0.51
 12   0.53 0.59 0.67 0.75 0.82 0.86 0.83 0.76 0.65 0.52 0.40 0.33 0.33 0.40 0.50 0.61 0.71 0.77 0.80 0.80 0.76 0.67 0.57 0.52
 13
 14
 15
 16
 17
 18
 19
 20
 21
 22   0.95 1.09 1.17 1.16 1.03 0.85 0.66 0.51 0.40 0.36 0.37 0.45 0.59 0.73 0.88 0.99 1.02 0.94 0.77 0.60 0.45 0.39 0.47 0.60
 23   0.78 0.98 1.10 1.14 1.06 0.93 0.74 0.57 0.43 0.34 0.37 0.43 0.54 0.68 0.83 0.97 1.05 1.02 0.91 0.77 0.63 0.50 0.44 0.50
 24   0.60 0.76 0.92 1.05 1.13 1.09 0.95 0.78 0.63 0.48 0.39 0.41 0.47 0.59 0.73 0.88 1.00 1.05 0.98 0.88 0.77 0.66 0.55 0.53
 25   0.58 0.67 0.81 0.94 1.03 1.05 0.98 0.85 0.72 0.57 0.43 0.40 0.45 0.57 0.70 0.83 0.94 1.01 1.01 0.94 0.85 0.75 0.64 0.57
 26   0.61 0.69 0.78 0.87 0.95 1.00 0.95 0.85 0.73 0.61 0.50 0.43 0.43 0.53 0.65 0.77 0.89 0.97 1.01 1.00 0.94 0.85 0.75 0.68
 27   0.65 0.70 0.76 0.83 0.89 0.92 0.91 0.86 0.78 0.69 0.60 0.51 0.47 0.49 0.57 0.66 0.75 0.85 0.91 0.94 0.93 0.88 0.81 0.73
 28   0.65 0.64 0.69 0.75 0.81 0.85 0.86 0.83 0.77 0.70 0.63 0.56 0.50 0.47 0.53 0.61 0.70 0.78 0.86 0.91 0.93 0.91 0.87 0.81
 29   0.75 0.70 0.67 0.67 0.71 0.75 0.77 0.77 0.74 0.70 0.66 0.62 0.58 0.57 0.58 0.64 0.70 0.77 0.83 0.89 0.93 0.94 0.93 0.88
 30   0.84 0.78 0.73 0.68 0.63 0.60 0.59 0.60 0.64 0.68 0.72 0.71 0.67 0.63 0.60 0.59 0.61 0.66 0.73 0.80 0.88 0.94 0.97 0.97
 31   0.93 0.85 0.77 0.69 0.61 0.55 0.50 0.47 0.48 0.55 0.64 0.71 0.74 0.71 0.64 0.58 0.53 0.50 0.51 0.54 0.59 0.66 0.74 0.82
 ----------------------------------------------------------------------------------------------------------------------------
                                                                                               
 ----------------------------------------------------------------------------------------------------------------------------
 ----------------------------------------------------------------------------------------------------------------------------
                                                          SURVEY OF INDIA
                                                    MARINE GEODESY WING (G&RB)
                                                     HOURLY HEIGHTS IN METRES
  NAME OF PORT:- TUTICORIN                                                                          MONTH FEBRUARY  YEAR 2015
 ----------------------------------------------------------------------------------------------------------------------------
 DAYS 0000 0001 0002 0003 0004 0005 0006 0007 0008 0009 0010 0011 0012 0013 0014 0015 0016 0017 0018 0019 0020 0021 0022 0023
 ----------------------------------------------------------------------------------------------------------------------------
  1   0.88 0.90 0.88 0.78 0.66 0.54 0.44 0.39 0.39 0.43 0.52 0.61 0.68 0.71 0.70 0.63 0.55 0.47 0.41 0.41 0.45 0.53 0.63 0.75
  2   0.86 0.93 0.93 0.85 0.73 0.61 0.48 0.38 0.33 0.35 0.44 0.59 0.70 0.77 0.77 0.71 0.61 0.51 0.43 0.38 0.40 0.47 0.59 0.73
  3   0.89 0.97 0.98 0.86 0.71 0.57 0.43 0.33 0.29 0.32 0.42 0.54 0.66 0.76 0.82 0.78 0.68 0.58 0.46 0.36 0.32 0.35 0.45 0.57
  4   0.78 0.92 0.99 0.99 0.90 0.76 0.60 0.43 0.32 0.29 0.33 0.46 0.61 0.77 0.86 0.87 0.78 0.66 0.53 0.38 0.28 0.29 0.37 0.49
  5   0.66 0.81 0.95 1.01 0.95 0.80 0.65 0.49 0.36 0.30 0.33 0.43 0.59 0.73 0.87 0.94 0.91 0.81 0.67 0.50 0.35 0.30 0.34 0.43
  6   0.59 0.75 0.89 0.95 0.95 0.85 0.68 0.51 0.37 0.30 0.32 0.44 0.57 0.70 0.84 0.96 0.97 0.90 0.75 0.60 0.45 0.37 0.36 0.46
  7   0.65 0.79 0.91 1.01 1.03 0.96 0.79 0.61 0.48 0.38 0.33 0.39 0.52 0.67 0.82 0.94 0.99 0.97 0.88 0.75 0.60 0.49 0.41 0.44
  8   0.53 0.69 0.85 0.95 1.00 0.95 0.83 0.67 0.52 0.39 0.31 0.33 0.43 0.57 0.71 0.83 0.91 0.94 0.89 0.77 0.64 0.51 0.43 0.44
  9   0.54 0.65 0.76 0.85 0.93 0.95 0.88 0.74 0.60 0.45 0.33 0.31 0.38 0.51 0.68 0.83 0.95 0.99 0.93 0.82 0.68 0.55 0.42 0.40
 10   0.47 0.60 0.71 0.80 0.86 0.87 0.82 0.73 0.63 0.51 0.38 0.32 0.37 0.49 0.63 0.77 0.90 0.99 0.99 0.92 0.83 0.74 0.66 0.60
 11   0.59 0.64 0.71 0.78 0.85 0.89 0.88 0.79 0.69 0.59 0.51 0.44 0.43 0.48 0.57 0.70 0.81 0.89 0.91 0.88 0.81 0.73 0.66 0.59
 12   0.55 0.57 0.66 0.75 0.83 0.88 0.89 0.84 0.74 0.61 0.52 0.45 0.44 0.48 0.57 0.67 0.78 0.85 0.90 0.91 0.87 0.81 0.75 0.69
 13   0.65 0.64 0.66 0.69 0.73 0.78 0.82 0.82 0.77 0.68 0.58 0.49 0.47 0.49 0.55 0.61 0.67 0.73 0.79 0.84 0.86 0.86 0.84 0.80
 14   0.74 0.68 0.64 0.63 0.64 0.68 0.71 0.71 0.70 0.68 0.65 0.62 0.60 0.58 0.57 0.57 0.60 0.64 0.69 0.75 0.81 0.87 0.92 0.95
 15   0.95 0.90 0.83 0.76 0.69 0.63 0.59 0.58 0.59 0.61 0.66 0.70 0.71 0.70 0.65 0.60 0.54 0.51 0.53 0.57 0.63 0.70 0.78 0.85
 16   0.91 0.90 0.86 0.79 0.71 0.63 0.57 0.53 0.55 0.59 0.66 0.72 0.75 0.75 0.71 0.66 0.59 0.51 0.46 0.45 0.51 0.58 0.67 0.76
 17   0.86 0.93 0.93 0.89 0.80 0.68 0.57 0.46 0.41 0.42 0.48 0.62 0.74 0.82 0.83 0.76 0.65 0.53 0.41 0.35 0.40 0.50 0.63 0.79
 18   0.94 1.01 1.02 0.97 0.85 0.70 0.54 0.42 0.37 0.41 0.53 0.68 0.80 0.89 0.94 0.95 0.88 0.77 0.63 0.47 0.37 0.35 0.40 0.53
 19   0.70 0.91 1.05 1.08 1.05 0.95 0.79 0.59 0.46 0.43 0.49 0.59 0.75 0.91 1.07 1.11 1.04 0.91 0.71 0.51 0.40 0.39 0.47 0.59
 20   0.79 1.00 1.14 1.19 1.12 0.97 0.78 0.60 0.40 0.29 0.35 0.51 0.68 0.87 1.03 1.09 1.07 0.98 0.82 0.62 0.45 0.37 0.37 0.45
 21   0.61 0.82 0.98 1.08 1.05 0.91 0.73 0.55 0.37 0.27 0.31 0.44 0.60 0.77 0.94 1.08 1.09 1.03 0.89 0.75 0.60 0.47 0.43 0.48
 22   0.56 0.69 0.85 0.96 1.01 0.95 0.81 0.64 0.48 0.34 0.29 0.34 0.48 0.65 0.84 1.02 1.10 1.09 0.98 0.84 0.70 0.57 0.45 0.43
 23   0.51 0.67 0.82 0.92 0.98 0.97 0.84 0.71 0.56 0.43 0.31 0.30 0.39 0.54 0.71 0.86 1.01 1.07 1.04 0.95 0.84 0.73 0.62 0.54
 24   0.55 0.65 0.77 0.89 0.97 1.01 0.95 0.83 0.69 0.58 0.48 0.45 0.49 0.57 0.69 0.81 0.91 0.98 1.00 0.95 0.87 0.76 0.64 0.55
 25   0.56 0.62 0.69 0.77 0.86 0.91 0.88 0.80 0.71 0.62 0.53 0.49 0.51 0.58 0.68 0.78 0.87 0.94 0.98 0.98 0.92 0.84 0.75 0.67
 26   0.61 0.60 0.63 0.69 0.75 0.80 0.80 0.75 0.68 0.61 0.54 0.49 0.49 0.52 0.58 0.65 0.73 0.83 0.90 0.93 0.93 0.89 0.81 0.75
 27   0.72 0.70 0.70 0.73 0.76 0.79 0.79 0.76 0.71 0.66 0.61 0.57 0.55 0.57 0.62 0.69 0.77 0.84 0.88 0.90 0.91 0.90 0.87 0.82
 28   0.77 0.72 0.68 0.65 0.63 0.63 0.64 0.66 0.70 0.74 0.76 0.76 0.74 0.71 0.67 0.64 0.63 0.64 0.67 0.71 0.77 0.82 0.86 0.87
 ----------------------------------------------------------------------------------------------------------------------------
                                                                                               
 ----------------------------------------------------------------------------------------------------------------------------
 ----------------------------------------------------------------------------------------------------------------------------
                                                          SURVEY OF INDIA
                                                    MARINE GEODESY WING (G&RB)
                                                     HOURLY HEIGHTS IN METRES
  NAME OF PORT:- TUTICORIN                                                                          MONTH MARCH     YEAR 2015
 ----------------------------------------------------------------------------------------------------------------------------
 DAYS 0000 0001 0002 0003 0004 0005 0006 0007 0008 0009 0010 0011 0012 0013 0014 0015 0016 0017 0018 0019 0020 0021 0022 0023
 ----------------------------------------------------------------------------------------------------------------------------
  1   0.86 0.83 0.77 0.71 0.65 0.61 0.58 0.58 0.62 0.66 0.70 0.74 0.75 0.74 0.70 0.66 0.61 0.57 0.55 0.55 0.58 0.65 0.74 0.82
  2   0.89 0.90 0.85 0.78 0.69 0.60 0.52 0.50 0.54 0.61 0.69 0.76 0.81 0.82 0.78 0.71 0.63 0.54 0.49 0.49 0.53 0.61 0.71 0.82
  3   0.93 0.97 0.94 0.87 0.76 0.65 0.56 0.49 0.49 0.54 0.62 0.73 0.82 0.87 0.89 0.85 0.77 0.67 0.58 0.51 0.53 0.62 0.73 0.85
  4   0.97 0.99 0.95 0.86 0.74 0.60 0.47 0.41 0.42 0.47 0.60 0.73 0.82 0.87 0.89 0.85 0.78 0.65 0.51 0.40 0.37 0.44 0.54 0.69
  5   0.84 0.96 1.00 0.97 0.86 0.69 0.53 0.42 0.34 0.33 0.41 0.54 0.69 0.83 0.93 0.93 0.86 0.73 0.61 0.49 0.42 0.42 0.50 0.61
  6   0.74 0.88 0.98 1.00 0.91 0.78 0.62 0.46 0.36 0.35 0.43 0.54 0.68 0.82 0.95 1.00 0.93 0.82 0.68 0.54 0.43 0.38 0.44 0.55
  7   0.72 0.87 0.96 1.00 0.99 0.88 0.70 0.54 0.39 0.32 0.36 0.51 0.66 0.81 0.91 0.97 0.95 0.84 0.71 0.57 0.44 0.39 0.44 0.54
  8   0.69 0.83 0.93 0.98 0.94 0.83 0.69 0.54 0.41 0.33 0.34 0.44 0.60 0.77 0.94 1.02 1.01 0.91 0.76 0.58 0.44 0.34 0.33 0.43
  9   0.57 0.70 0.84 0.92 0.92 0.82 0.69 0.53 0.37 0.25 0.23 0.32 0.46 0.60 0.74 0.88 0.95 0.91 0.79 0.64 0.50 0.40 0.35 0.40
 10   0.53 0.66 0.77 0.86 0.87 0.81 0.68 0.56 0.44 0.34 0.30 0.33 0.43 0.55 0.69 0.82 0.94 0.94 0.87 0.77 0.66 0.55 0.45 0.45
 11   0.53 0.63 0.73 0.81 0.87 0.87 0.76 0.65 0.54 0.44 0.35 0.35 0.40 0.50 0.67 0.84 0.95 1.00 0.98 0.88 0.76 0.65 0.54 0.48
 12   0.54 0.62 0.70 0.77 0.82 0.84 0.80 0.70 0.58 0.49 0.43 0.40 0.41 0.49 0.59 0.71 0.83 0.90 0.92 0.89 0.80 0.70 0.60 0.53
 13   0.50 0.55 0.63 0.70 0.76 0.79 0.79 0.73 0.64 0.55 0.46 0.38 0.38 0.46 0.57 0.68 0.78 0.86 0.86 0.81 0.76 0.71 0.66 0.61
 14   0.58 0.58 0.60 0.63 0.67 0.70 0.72 0.70 0.66 0.59 0.52 0.48 0.46 0.47 0.51 0.58 0.65 0.71 0.77 0.81 0.83 0.84 0.81 0.78
 15   0.75 0.72 0.69 0.67 0.65 0.63 0.62 0.61 0.60 0.59 0.58 0.57 0.56 0.56 0.57 0.59 0.62 0.66 0.72 0.78 0.84 0.87 0.88 0.88
 16   0.86 0.82 0.78 0.73 0.67 0.61 0.57 0.56 0.58 0.64 0.69 0.72 0.72 0.70 0.67 0.63 0.59 0.57 0.56 0.58 0.64 0.72 0.80 0.87
 17   0.89 0.87 0.83 0.77 0.71 0.63 0.57 0.53 0.54 0.60 0.67 0.73 0.77 0.77 0.74 0.66 0.57 0.48 0.44 0.48 0.56 0.64 0.72 0.80
 18   0.88 0.88 0.79 0.69 0.58 0.47 0.39 0.36 0.40 0.48 0.59 0.71 0.80 0.83 0.82 0.76 0.66 0.54 0.43 0.36 0.36 0.45 0.57 0.68
 19   0.82 0.92 0.95 0.90 0.78 0.65 0.49 0.37 0.33 0.38 0.48 0.64 0.77 0.87 0.92 0.89 0.77 0.61 0.47 0.36 0.30 0.33 0.39 0.50
 20   0.67 0.83 0.94 0.93 0.88 0.75 0.56 0.41 0.31 0.33 0.42 0.62 0.81 0.98 1.07 1.05 0.95 0.80 0.61 0.46 0.38 0.37 0.44 0.60
 21   0.75 0.90 0.99 1.00 0.94 0.79 0.59 0.40 0.30 0.29 0.36 0.49 0.63 0.78 0.95 1.10 1.15 1.07 0.84 0.59 0.41 0.38 0.46 0.58
 22   0.74 0.91 1.01 1.02 0.92 0.76 0.59 0.42 0.30 0.28 0.33 0.44 0.56 0.73 0.91 1.07 1.12 1.05 0.91 0.74 0.56 0.41 0.37 0.46
 23   0.56 0.69 0.86 0.94 0.91 0.81 0.66 0.50 0.33 0.24 0.26 0.35 0.49 0.65 0.83 0.97 1.03 1.01 0.91 0.76 0.62 0.48 0.36 0.38
 24   0.45 0.57 0.70 0.82 0.89 0.87 0.74 0.57 0.43 0.32 0.27 0.35 0.49 0.63 0.79 0.95 1.03 1.00 0.87 0.75 0.62 0.50 0.46 0.50
 25   0.58 0.68 0.78 0.86 0.90 0.86 0.73 0.59 0.46 0.34 0.29 0.31 0.42 0.57 0.73 0.86 0.97 1.00 0.95 0.85 0.74 0.63 0.54 0.50
 26   0.51 0.56 0.64 0.72 0.80 0.86 0.85 0.77 0.67 0.58 0.49 0.43 0.46 0.54 0.66 0.77 0.88 0.93 0.93 0.89 0.82 0.74 0.64 0.55
 27   0.52 0.54 0.59 0.66 0.73 0.78 0.78 0.74 0.68 0.61 0.53 0.48 0.49 0.56 0.64 0.71 0.78 0.84 0.88 0.87 0.81 0.73 0.65 0.57
 28   0.52 0.51 0.54 0.59 0.64 0.68 0.69 0.68 0.66 0.63 0.59 0.56 0.56 0.59 0.63 0.67 0.72 0.77 0.81 0.84 0.86 0.85 0.82 0.79
 29   0.76 0.72 0.68 0.65 0.65 0.66 0.67 0.68 0.69 0.70 0.69 0.66 0.64 0.64 0.66 0.68 0.70 0.72 0.74 0.76 0.78 0.80 0.82 0.82
 30   0.80 0.73 0.67 0.61 0.56 0.52 0.52 0.55 0.60 0.66 0.70 0.73 0.74 0.73 0.69 0.65 0.61 0.58 0.58 0.64 0.71 0.77 0.82 0.84
 31   0.83 0.78 0.72 0.64 0.58 0.53 0.50 0.51 0.56 0.62 0.70 0.77 0.81 0.82 0.80 0.74 0.68 0.61 0.56 0.56 0.61 0.69 0.79 0.88
 ----------------------------------------------------------------------------------------------------------------------------
                                                                                               
 ----------------------------------------------------------------------------------------------------------------------------
 ----------------------------------------------------------------------------------------------------------------------------
                                                          SURVEY OF INDIA
                                                    MARINE GEODESY WING (G&RB)
                                                     HOURLY HEIGHTS IN METRES
  NAME OF PORT:- TUTICORIN                                                                          MONTH APRIL     YEAR 2015
 ----------------------------------------------------------------------------------------------------------------------------
 DAYS 0000 0001 0002 0003 0004 0005 0006 0007 0008 0009 0010 0011 0012 0013 0014 0015 0016 0017 0018 0019 0020 0021 0022 0023
 ----------------------------------------------------------------------------------------------------------------------------
  1   0.93 0.92 0.84 0.75 0.66 0.57 0.52 0.50 0.55 0.64 0.74 0.85 0.93 0.96 0.96 0.90 0.80 0.68 0.58 0.54 0.55 0.62 0.73 0.84
  2
  3
  4
  5
  6
  7   0.48 0.61 0.74 0.84 0.86 0.79 0.65 0.49 0.34 0.26 0.30 0.44 0.60 0.77 0.93 1.06 1.10 1.02 0.87 0.69 0.52 0.37 0.34 0.41
  8   0.52 0.66 0.79 0.87 0.89 0.86 0.75 0.60 0.46 0.33 0.30 0.36 0.52 0.70 0.88 1.01 1.09 1.07 0.96 0.83 0.68 0.52 0.41 0.43
  9   0.50 0.62 0.73 0.82 0.87 0.86 0.78 0.66 0.53 0.42 0.35 0.39 0.51 0.65 0.81 0.96 1.05 1.05 0.97 0.86 0.73 0.59 0.48 0.44
 10   0.47 0.56 0.67 0.77 0.82 0.83 0.78 0.71 0.61 0.50 0.41 0.41 0.48 0.59 0.73 0.86 0.95 1.00 0.97 0.88 0.75 0.64 0.56 0.52
 11   0.54 0.59 0.67 0.74 0.79 0.81 0.78 0.72 0.65 0.58 0.50 0.45 0.47 0.54 0.62 0.71 0.80 0.88 0.91 0.87 0.78 0.69 0.61 0.54
 12   0.51 0.51 0.55 0.61 0.66 0.70 0.72 0.70 0.66 0.61 0.57 0.54 0.53 0.55 0.60 0.67 0.73 0.78 0.82 0.83 0.79 0.73 0.66 0.59
 13   0.53 0.51 0.52 0.55 0.59 0.63 0.66 0.68 0.69 0.69 0.68 0.66 0.63 0.60 0.59 0.62 0.66 0.70 0.74 0.77 0.79 0.80 0.78 0.74
 14   0.68 0.63 0.58 0.53 0.49 0.47 0.47 0.50 0.57 0.64 0.69 0.72 0.71 0.67 0.63 0.59 0.55 0.54 0.56 0.62 0.68 0.74 0.78 0.77
 15   0.73 0.68 0.63 0.57 0.51 0.46 0.44 0.49 0.56 0.65 0.75 0.84 0.88 0.87 0.81 0.73 0.65 0.59 0.56 0.58 0.64 0.71 0.78 0.85
 16   0.87 0.85 0.79 0.70 0.60 0.52 0.47 0.46 0.52 0.62 0.74 0.86 0.95 0.99 0.96 0.87 0.75 0.61 0.51 0.48 0.51 0.61 0.72 0.83
 17   0.91 0.92 0.87 0.74 0.61 0.49 0.40 0.36 0.37 0.48 0.68 0.84 0.97 1.04 1.01 0.90 0.74 0.57 0.44 0.36 0.36 0.46 0.58 0.70
 18   0.82 0.88 0.89 0.80 0.65 0.52 0.40 0.32 0.34 0.43 0.58 0.76 0.93 1.06 1.13 1.09 0.99 0.81 0.61 0.44 0.32 0.31 0.43 0.57
 19   0.71 0.83 0.90 0.90 0.80 0.64 0.48 0.33 0.25 0.32 0.46 0.66 0.84 1.01 1.09 1.09 0.98 0.78 0.59 0.47 0.38 0.39 0.52 0.66
 20   0.79 0.91 0.97 0.90 0.77 0.64 0.50 0.36 0.29 0.30 0.37 0.49 0.65 0.83 0.98 1.09 1.10 0.97 0.79 0.59 0.39 0.29 0.33 0.42
 21   0.56 0.71 0.86 0.91 0.85 0.75 0.62 0.47 0.34 0.29 0.37 0.50 0.65 0.81 0.97 1.12 1.17 1.08 0.91 0.73 0.56 0.43 0.40 0.49
 22   0.61 0.76 0.87 0.95 0.93 0.82 0.67 0.53 0.44 0.38 0.40 0.52 0.66 0.81 0.96 1.06 1.10 1.06 0.94 0.79 0.64 0.50 0.44 0.47
 23   0.55 0.66 0.75 0.83 0.88 0.88 0.80 0.68 0.56 0.45 0.39 0.43 0.54 0.66 0.78 0.90 1.01 1.05 1.02 0.94 0.82 0.69 0.57 0.48
 24   0.50 0.59 0.68 0.76 0.82 0.85 0.81 0.70 0.58 0.48 0.42 0.45 0.55 0.66 0.77 0.86 0.92 0.95 0.93 0.84 0.73 0.62 0.53 0.49
 25   0.51 0.57 0.63 0.69 0.74 0.78 0.78 0.74 0.68 0.61 0.53 0.49 0.52 0.58 0.65 0.72 0.80 0.87 0.91 0.89 0.82 0.74 0.67 0.61
 26   0.57 0.56 0.58 0.62 0.67 0.71 0.75 0.76 0.74 0.69 0.64 0.60 0.59 0.61 0.64 0.69 0.75 0.80 0.83 0.83 0.81 0.77 0.72 0.67
 27   0.63 0.59 0.56 0.56 0.57 0.59 0.62 0.65 0.68 0.70 0.70 0.66 0.61 0.57 0.57 0.59 0.62 0.66 0.70 0.74 0.76 0.76 0.74 0.71
 28   0.66 0.62 0.58 0.54 0.52 0.52 0.54 0.58 0.63 0.68 0.72 0.76 0.76 0.73 0.69 0.65 0.62 0.61 0.62 0.64 0.68 0.73 0.78 0.80
 29   0.78 0.73 0.67 0.62 0.57 0.53 0.51 0.53 0.56 0.61 0.67 0.73 0.78 0.77 0.74 0.70 0.65 0.60 0.56 0.55 0.59 0.64 0.70 0.77
 30   0.82 0.79 0.70 0.61 0.51 0.45 0.43 0.46 0.53 0.62 0.72 0.80 0.84 0.85 0.80 0.72 0.63 0.55 0.49 0.45 0.46 0.52 0.60 0.67
 ----------------------------------------------------------------------------------------------------------------------------
                                                                                               
 ----------------------------------------------------------------------------------------------------------------------------
 ----------------------------------------------------------------------------------------------------------------------------
                                                          SURVEY OF INDIA
                                                    MARINE GEODESY WING (G&RB)
                                                     HOURLY HEIGHTS IN METRES
  NAME OF PORT:- TUTICORIN                                                                          MONTH MAY       YEAR 2015
 ----------------------------------------------------------------------------------------------------------------------------
 DAYS 0000 0001 0002 0003 0004 0005 0006 0007 0008 0009 0010 0011 0012 0013 0014 0015 0016 0017 0018 0019 0020 0021 0022 0023
 ----------------------------------------------------------------------------------------------------------------------------
  1   0.73 0.76 0.72 0.62 0.53 0.44 0.37 0.34 0.38 0.50 0.65 0.79 0.87 0.89 0.85 0.77 0.65 0.53 0.43 0.38 0.40 0.47 0.58 0.68
  2   0.76 0.79 0.72 0.61 0.50 0.39 0.31 0.29 0.35 0.46 0.58 0.71 0.83 0.93 0.93 0.85 0.74 0.62 0.50 0.41 0.37 0.38 0.46 0.58
  3   0.71 0.85 0.85 0.77 0.65 0.50 0.37 0.28 0.28 0.37 0.52 0.67 0.82 0.97 1.01 0.95 0.85 0.70 0.56 0.46 0.40 0.40 0.47 0.59
  4   0.72 0.82 0.87 0.86 0.75 0.62 0.47 0.33 0.26 0.31 0.42 0.58 0.74 0.90 1.02 1.04 0.95 0.80 0.63 0.47 0.36 0.33 0.40 0.52
  5   0.63 0.75 0.84 0.86 0.80 0.69 0.56 0.43 0.31 0.29 0.42 0.57 0.74 0.91 1.03 1.05 0.99 0.84 0.67 0.52 0.38 0.31 0.34 0.44
  6   0.56 0.70 0.82 0.84 0.76 0.65 0.52 0.39 0.29 0.27 0.37 0.54 0.72 0.88 1.02 1.07 1.04 0.92 0.76 0.60 0.45 0.32 0.29 0.38
  7   0.52 0.66 0.76 0.80 0.76 0.67 0.54 0.40 0.29 0.23 0.26 0.36 0.48 0.65 0.83 0.97 1.02 0.94 0.82 0.68 0.52 0.38 0.34 0.41
  8   0.51 0.62 0.72 0.79 0.80 0.77 0.69 0.58 0.47 0.36 0.33 0.37 0.48 0.61 0.76 0.90 1.01 1.04 0.97 0.86 0.71 0.55 0.43 0.44
  9
 10
 11
 12
 13
 14
 15
 16
 17   0.82 0.86 0.81 0.70 0.57 0.46 0.37 0.35 0.39 0.50 0.65 0.79 0.94 1.06 1.08 0.98 0.81 0.65 0.52 0.43 0.43 0.49 0.59 0.71
 18   0.80 0.86 0.88 0.82 0.69 0.57 0.44 0.37 0.36 0.44 0.56 0.72 0.90 1.04 1.11 1.07 0.95 0.80 0.65 0.50 0.39 0.37 0.42 0.51
 19   0.62 0.74 0.82 0.86 0.80 0.69 0.56 0.42 0.32 0.34 0.46 0.62 0.77 0.93 1.07 1.12 1.06 0.95 0.80 0.66 0.52 0.42 0.42 0.50
 20   0.62 0.75 0.89 0.93 0.86 0.73 0.58 0.45 0.34 0.32 0.42 0.56 0.70 0.85 0.98 1.06 1.03 0.94 0.81 0.67 0.53 0.41 0.35 0.37
 21   0.46 0.58 0.71 0.79 0.80 0.72 0.59 0.46 0.35 0.30 0.33 0.43 0.57 0.72 0.88 1.02 1.07 0.99 0.86 0.71 0.57 0.45 0.37 0.36
 22   0.40 0.49 0.62 0.74 0.81 0.81 0.71 0.58 0.47 0.37 0.35 0.44 0.56 0.70 0.84 0.95 1.01 1.01 0.93 0.79 0.63 0.49 0.41 0.38
 23   0.42 0.51 0.62 0.74 0.82 0.82 0.77 0.69 0.58 0.49 0.44 0.47 0.56 0.66 0.78 0.89 0.97 1.00 0.95 0.86 0.74 0.60 0.48 0.42
 24   0.43 0.49 0.57 0.65 0.72 0.76 0.75 0.69 0.62 0.55 0.48 0.45 0.49 0.56 0.65 0.74 0.82 0.87 0.88 0.81 0.71 0.61 0.50 0.40
 25   0.34 0.37 0.42 0.48 0.55 0.62 0.67 0.66 0.62 0.56 0.50 0.46 0.46 0.50 0.57 0.64 0.71 0.76 0.78 0.74 0.68 0.60 0.52 0.45
 26   0.41 0.41 0.44 0.48 0.53 0.58 0.62 0.65 0.65 0.64 0.62 0.59 0.56 0.56 0.58 0.61 0.65 0.69 0.73 0.76 0.76 0.73 0.69 0.63
 27   0.58 0.54 0.52 0.53 0.55 0.58 0.62 0.66 0.70 0.73 0.74 0.71 0.67 0.64 0.63 0.64 0.66 0.69 0.73 0.78 0.82 0.84 0.84 0.81
 28   0.77 0.72 0.66 0.61 0.58 0.59 0.62 0.66 0.71 0.77 0.83 0.86 0.85 0.81 0.76 0.70 0.65 0.61 0.61 0.66 0.72 0.80 0.86 0.88
 29   0.86 0.80 0.73 0.67 0.61 0.56 0.54 0.57 0.63 0.70 0.78 0.85 0.89 0.89 0.84 0.76 0.68 0.62 0.58 0.58 0.62 0.69 0.77 0.84
 30   0.88 0.84 0.77 0.70 0.63 0.57 0.52 0.51 0.58 0.67 0.77 0.88 0.96 0.96 0.90 0.81 0.71 0.61 0.51 0.47 0.50 0.57 0.66 0.75
 31   0.84 0.82 0.74 0.64 0.54 0.43 0.36 0.36 0.44 0.54 0.67 0.80 0.92 0.96 0.92 0.82 0.69 0.56 0.44 0.36 0.35 0.40 0.50 0.61
 ----------------------------------------------------------------------------------------------------------------------------
                                                                                               
 ----------------------------------------------------------------------------------------------------------------------------
 ----------------------------------------------------------------------------------------------------------------------------
                                                          SURVEY OF INDIA
                                                    MARINE GEODESY WING (G&RB)
                                                     HOURLY HEIGHTS IN METRES
  NAME OF PORT:- TUTICORIN                                                                          MONTH JUNE      YEAR 2015
 ----------------------------------------------------------------------------------------------------------------------------
 DAYS 0000 0001 0002 0003 0004 0005 0006 0007 0008 0009 0010 0011 0012 0013 0014 0015 0016 0017 0018 0019 0020 0021 0022 0023
 ----------------------------------------------------------------------------------------------------------------------------
  1   0.70 0.72 0.67 0.58 0.47 0.36 0.28 0.26 0.32 0.44 0.60 0.75 0.90 1.00 0.98 0.85 0.70 0.56 0.43 0.33 0.30 0.35 0.45 0.58
  2   0.71 0.78 0.75 0.66 0.55 0.43 0.33 0.26 0.28 0.37 0.52 0.68 0.84 0.98 1.06 1.02 0.87 0.67 0.48 0.35 0.28 0.29 0.37 0.50
  3   0.64 0.73 0.78 0.77 0.67 0.52 0.37 0.27 0.25 0.33 0.47 0.65 0.84 1.02 1.12 1.10 0.98 0.82 0.66 0.52 0.43 0.39 0.43 0.52
  4   0.62 0.74 0.84 0.86 0.80 0.68 0.55 0.42 0.33 0.33 0.42 0.56 0.73 0.87 1.00 1.09 1.09 0.98 0.84 0.67 0.53 0.42 0.41 0.47
  5   0.55 0.65 0.78 0.86 0.87 0.81 0.70 0.57 0.45 0.40 0.44 0.54 0.68 0.82 0.96 1.05 1.08 1.05 0.93 0.78 0.63 0.48 0.39 0.37
  6   0.41 0.53 0.69 0.81 0.88 0.87 0.77 0.64 0.51 0.45 0.45 0.50 0.61 0.74 0.89 1.02 1.13 1.14 1.09 0.97 0.82 0.66 0.55 0.49
  7   0.49 0.53 0.62 0.73 0.81 0.84 0.82 0.74 0.63 0.55 0.49 0.49 0.54 0.62 0.73 0.84 0.94 1.00 0.98 0.88 0.75 0.62 0.50 0.41
  8   0.38 0.42 0.50 0.59 0.68 0.75 0.79 0.77 0.71 0.65 0.58 0.53 0.54 0.61 0.70 0.80 0.90 0.98 1.00 0.94 0.83 0.70 0.59 0.51
  9   0.47 0.48 0.53 0.59 0.67 0.74 0.79 0.81 0.79 0.74 0.67 0.60 0.58 0.61 0.68 0.76 0.84 0.90 0.94 0.94 0.89 0.82 0.72 0.62
 10   0.52 0.48 0.50 0.54 0.60 0.68 0.75 0.82 0.86 0.87 0.85 0.79 0.73 0.69 0.69 0.74 0.80 0.86 0.92 0.96 0.95 0.88 0.79 0.70
 11   0.62 0.55 0.52 0.53 0.57 0.62 0.68 0.75 0.82 0.89 0.91 0.88 0.84 0.79 0.74 0.71 0.70 0.72 0.76 0.80 0.84 0.85 0.81 0.75
 12   0.68 0.61 0.56 0.54 0.54 0.57 0.63 0.71 0.79 0.88 0.97 1.02 1.01 0.96 0.89 0.82 0.76 0.72 0.71 0.74 0.78 0.82 0.85 0.86
 13   0.82 0.76 0.68 0.61 0.56 0.54 0.55 0.59 0.68 0.79 0.92 1.01 1.06 1.04 0.98 0.88 0.76 0.67 0.60 0.57 0.59 0.64 0.71 0.78
 14   0.82 0.79 0.73 0.65 0.56 0.48 0.44 0.49 0.57 0.68 0.83 0.95 1.03 1.06 1.02 0.92 0.79 0.67 0.58 0.52 0.50 0.52 0.60 0.71
 15   0.83 0.82 0.76 0.68 0.58 0.49 0.42 0.41 0.48 0.63 0.78 0.92 1.05 1.13 1.10 0.97 0.82 0.67 0.55 0.46 0.44 0.52 0.63 0.74
 16   0.80 0.84 0.81 0.73 0.63 0.53 0.44 0.38 0.40 0.51 0.65 0.80 0.93 1.03 1.09 1.06 0.92 0.77 0.63 0.50 0.41 0.38 0.42 0.50
 17   0.60 0.70 0.77 0.77 0.69 0.56 0.42 0.31 0.28 0.34 0.44 0.57 0.71 0.86 1.00 1.04 0.97 0.84 0.66 0.48 0.35 0.29 0.32 0.40
 18   0.50 0.64 0.76 0.78 0.71 0.61 0.49 0.36 0.28 0.28 0.38 0.50 0.64 0.79 0.91 0.98 0.96 0.88 0.76 0.61 0.46 0.35 0.32 0.36
 19   0.42 0.52 0.66 0.80 0.83 0.77 0.67 0.55 0.43 0.35 0.38 0.46 0.58 0.72 0.85 0.95 0.95 0.88 0.77 0.64 0.51 0.41 0.36 0.36
 20   0.39 0.46 0.58 0.70 0.80 0.78 0.69 0.58 0.46 0.36 0.31 0.38 0.49 0.62 0.74 0.85 0.90 0.86 0.77 0.64 0.50 0.39 0.31 0.31
 21   0.38 0.49 0.60 0.70 0.78 0.80 0.75 0.66 0.56 0.46 0.40 0.41 0.48 0.59 0.70 0.80 0.89 0.93 0.87 0.74 0.61 0.48 0.36 0.30
 22   0.34 0.44 0.56 0.66 0.73 0.75 0.72 0.66 0.58 0.50 0.43 0.40 0.41 0.47 0.59 0.71 0.79 0.83 0.82 0.75 0.65 0.53 0.43 0.37
 23   0.36 0.41 0.49 0.57 0.65 0.71 0.74 0.70 0.64 0.57 0.50 0.45 0.45 0.50 0.58 0.67 0.75 0.80 0.80 0.74 0.65 0.54 0.44 0.36
 24   0.33 0.35 0.42 0.49 0.57 0.65 0.73 0.75 0.72 0.66 0.60 0.54 0.51 0.51 0.55 0.62 0.69 0.75 0.78 0.77 0.72 0.64 0.56 0.49
 25   0.43 0.41 0.44 0.50 0.56 0.62 0.68 0.72 0.73 0.71 0.67 0.63 0.59 0.57 0.58 0.60 0.63 0.66 0.68 0.68 0.65 0.60 0.55 0.50
 26   0.46 0.43 0.42 0.43 0.46 0.52 0.58 0.65 0.71 0.75 0.77 0.75 0.71 0.66 0.61 0.56 0.54 0.56 0.59 0.62 0.64 0.64 0.61 0.56
 27   0.49 0.43 0.40 0.40 0.42 0.46 0.53 0.60 0.68 0.75 0.80 0.82 0.79 0.73 0.66 0.60 0.54 0.50 0.48 0.48 0.50 0.53 0.56 0.57
 28   0.55 0.51 0.45 0.40 0.38 0.39 0.43 0.49 0.57 0.67 0.77 0.86 0.88 0.85 0.79 0.71 0.64 0.57 0.51 0.48 0.50 0.54 0.59 0.64
 29   0.67 0.67 0.63 0.55 0.47 0.41 0.40 0.43 0.52 0.63 0.75 0.87 0.95 0.96 0.91 0.82 0.71 0.59 0.49 0.41 0.39 0.44 0.51 0.58
 30   0.65 0.68 0.63 0.53 0.42 0.33 0.29 0.29 0.40 0.53 0.66 0.79 0.92 0.98 0.98 0.88 0.73 0.58 0.45 0.36 0.33 0.36 0.44 0.54
 ----------------------------------------------------------------------------------------------------------------------------
                                                                                               
 ----------------------------------------------------------------------------------------------------------------------------
 ----------------------------------------------------------------------------------------------------------------------------
                                                          SURVEY OF INDIA
                                                    MARINE GEODESY WING (G&RB)
                                                     HOURLY HEIGHTS IN METRES
  NAME OF PORT:- TUTICORIN                                                                          MONTH JULY      YEAR 2015
 ----------------------------------------------------------------------------------------------------------------------------
 DAYS 0000 0001 0002 0003 0004 0005 0006 0007 0008 0009 0010 0011 0012 0013 0014 0015 0016 0017 0018 0019 0020 0021 0022 0023
 ----------------------------------------------------------------------------------------------------------------------------
  1   0.60 0.63 0.63 0.58 0.47 0.36 0.26 0.23 0.28 0.40 0.53 0.66 0.79 0.91 0.96 0.90 0.77 0.61 0.47 0.35 0.27 0.28 0.34 0.44
  2   0.55 0.65 0.71 0.64 0.52 0.40 0.29 0.21 0.18 0.25 0.36 0.52 0.68 0.84 0.95 0.93 0.80 0.65 0.49 0.35 0.28 0.25 0.29 0.36
  3   0.50 0.65 0.73 0.74 0.65 0.54 0.42 0.30 0.22 0.22 0.35 0.50 0.65 0.80 0.93 0.99 0.94 0.83 0.66 0.49 0.34 0.25 0.25 0.32
  4
  5
  6
  7
  8
  9
 10   0.35 0.32 0.35 0.40 0.46 0.52 0.58 0.64 0.70 0.74 0.72 0.68 0.63 0.58 0.56 0.56 0.58 0.62 0.66 0.69 0.69 0.64 0.57 0.50
 11   0.44 0.39 0.36 0.38 0.42 0.48 0.54 0.61 0.67 0.73 0.76 0.75 0.73 0.70 0.67 0.64 0.61 0.59 0.60 0.61 0.62 0.63 0.64 0.62
 12   0.58 0.53 0.48 0.43 0.40 0.43 0.50 0.57 0.64 0.71 0.77 0.81 0.80 0.74 0.68 0.62 0.56 0.50 0.46 0.46 0.48 0.52 0.58 0.61
 13   0.60 0.56 0.51 0.46 0.42 0.40 0.39 0.44 0.52 0.62 0.74 0.83 0.89 0.91 0.87 0.76 0.66 0.57 0.52 0.50 0.51 0.56 0.62 0.68
 14   0.72 0.74 0.70 0.61 0.52 0.44 0.40 0.40 0.47 0.57 0.69 0.82 0.92 1.00 0.99 0.89 0.76 0.64 0.53 0.43 0.40 0.45 0.53 0.61
 15   0.68 0.75 0.75 0.70 0.61 0.50 0.40 0.34 0.36 0.42 0.54 0.66 0.76 0.86 0.91 0.86 0.76 0.62 0.47 0.34 0.25 0.26 0.32 0.41
 16   0.51 0.61 0.68 0.65 0.56 0.45 0.34 0.26 0.23 0.26 0.40 0.54 0.68 0.82 0.92 0.93 0.83 0.70 0.56 0.41 0.27 0.22 0.28 0.37
 17   0.50 0.63 0.72 0.74 0.68 0.58 0.48 0.38 0.30 0.31 0.40 0.52 0.64 0.76 0.88 0.92 0.86 0.73 0.60 0.47 0.34 0.24 0.26 0.33
 18   0.44 0.60 0.72 0.78 0.74 0.65 0.52 0.40 0.28 0.24 0.30 0.42 0.55 0.68 0.81 0.88 0.88 0.82 0.67 0.52 0.37 0.24 0.23 0.27
 19   0.36 0.52 0.67 0.76 0.78 0.70 0.58 0.45 0.32 0.23 0.24 0.36 0.48 0.61 0.72 0.79 0.82 0.76 0.67 0.53 0.38 0.26 0.18 0.22
 20   0.32 0.44 0.56 0.68 0.75 0.70 0.60 0.50 0.40 0.30 0.25 0.31 0.40 0.53 0.65 0.75 0.81 0.80 0.70 0.58 0.44 0.30 0.17 0.17
 21   0.28 0.39 0.51 0.63 0.71 0.73 0.68 0.56 0.44 0.32 0.24 0.24 0.32 0.44 0.58 0.69 0.77 0.79 0.71 0.59 0.46 0.33 0.22 0.18
 22   0.24 0.35 0.46 0.57 0.68 0.74 0.72 0.67 0.60 0.52 0.45 0.41 0.47 0.54 0.61 0.68 0.74 0.77 0.75 0.68 0.57 0.46 0.35 0.27
 23   0.28 0.36 0.46 0.56 0.66 0.74 0.77 0.74 0.67 0.60 0.53 0.48 0.48 0.51 0.57 0.63 0.69 0.74 0.74 0.71 0.63 0.51 0.40 0.31
 24   0.27 0.30 0.37 0.45 0.53 0.61 0.68 0.68 0.65 0.61 0.57 0.53 0.49 0.50 0.53 0.57 0.61 0.63 0.64 0.62 0.56 0.50 0.44 0.38
 25   0.32 0.32 0.37 0.44 0.52 0.60 0.65 0.68 0.69 0.68 0.65 0.60 0.55 0.52 0.52 0.54 0.56 0.58 0.59 0.59 0.56 0.51 0.46 0.40
 26   0.36 0.34 0.34 0.37 0.40 0.44 0.48 0.52 0.57 0.62 0.64 0.62 0.58 0.54 0.51 0.48 0.46 0.44 0.43 0.45 0.47 0.48 0.47 0.44
 27   0.40 0.36 0.34 0.33 0.34 0.38 0.45 0.52 0.59 0.66 0.72 0.76 0.75 0.71 0.66 0.60 0.55 0.51 0.49 0.48 0.50 0.54 0.57 0.59
 28   0.59 0.56 0.50 0.44 0.40 0.38 0.41 0.47 0.55 0.65 0.74 0.81 0.84 0.82 0.77 0.70 0.62 0.54 0.47 0.42 0.40 0.42 0.48 0.55
 29   0.62 0.62 0.57 0.50 0.43 0.37 0.33 0.34 0.42 0.52 0.62 0.72 0.81 0.85 0.82 0.75 0.65 0.55 0.45 0.36 0.31 0.36 0.44 0.53
 30   0.62 0.66 0.65 0.59 0.48 0.38 0.30 0.29 0.34 0.44 0.58 0.74 0.86 0.95 0.96 0.90 0.79 0.67 0.53 0.42 0.33 0.35 0.43 0.54
 31   0.64 0.72 0.75 0.72 0.64 0.50 0.38 0.30 0.27 0.36 0.50 0.65 0.80 0.94 1.02 1.01 0.90 0.75 0.60 0.47 0.36 0.31 0.35 0.44
 ----------------------------------------------------------------------------------------------------------------------------
                                                                                               
 ----------------------------------------------------------------------------------------------------------------------------
 ----------------------------------------------------------------------------------------------------------------------------
                                                          SURVEY OF INDIA
                                                    MARINE GEODESY WING (G&RB)
                                                     HOURLY HEIGHTS IN METRES
  NAME OF PORT:- TUTICORIN                                                                          MONTH AUGUST    YEAR 2015
 ----------------------------------------------------------------------------------------------------------------------------
 DAYS 0000 0001 0002 0003 0004 0005 0006 0007 0008 0009 0010 0011 0012 0013 0014 0015 0016 0017 0018 0019 0020 0021 0022 0023
 ----------------------------------------------------------------------------------------------------------------------------
  1   0.56 0.68 0.80 0.86 0.80 0.68 0.55 0.42 0.29 0.26 0.38 0.54 0.70 0.86 0.98 1.00 0.90 0.77 0.62 0.47 0.34 0.28 0.30 0.39
  2   0.50 0.62 0.75 0.86 0.85 0.76 0.63 0.48 0.32 0.23 0.27 0.41 0.57 0.74 0.90 0.97 0.95 0.82 0.65 0.50 0.35 0.25 0.26 0.33
  3   0.45 0.60 0.75 0.85 0.88 0.82 0.70 0.56 0.42 0.30 0.30 0.40 0.53 0.66 0.80 0.93 0.97 0.92 0.82 0.67 0.52 0.36 0.24 0.21
  4   0.30 0.44 0.58 0.72 0.86 0.92 0.84 0.70 0.56 0.44 0.35 0.40 0.50 0.62 0.75 0.87 0.96 0.90 0.78 0.63 0.48 0.34 0.24 0.24
  5   0.32 0.44 0.56 0.68 0.78 0.84 0.82 0.76 0.67 0.55 0.44 0.38 0.43 0.51 0.62 0.71 0.78 0.80 0.76 0.66 0.54 0.40 0.26 0.16
  6   0.22 0.34 0.47 0.60 0.70 0.76 0.78 0.72 0.64 0.56 0.48 0.43 0.44 0.50 0.57 0.65 0.73 0.78 0.76 0.68 0.57 0.46 0.36 0.29
  7   0.31 0.37 0.47 0.58 0.68 0.76 0.79 0.76 0.70 0.64 0.58 0.52 0.50 0.52 0.56 0.61 0.66 0.70 0.72 0.67 0.60 0.53 0.46 0.40
  8   0.36 0.38 0.44 0.51 0.58 0.65 0.72 0.77 0.80 0.78 0.73 0.68 0.63 0.59 0.56 0.58 0.60 0.62 0.64 0.64 0.60 0.55 0.50 0.45
  9   0.42 0.41 0.43 0.47 0.51 0.55 0.59 0.63 0.67 0.71 0.74 0.72 0.68 0.64 0.60 0.57 0.54 0.53 0.54 0.56 0.58 0.59 0.56 0.53
 10   0.50 0.47 0.44 0.42 0.43 0.46 0.51 0.56 0.61 0.66 0.71 0.75 0.74 0.69 0.63 0.57 0.51 0.45 0.41 0.41 0.43 0.46 0.50 0.53
 11   0.54 0.52 0.50 0.48 0.46 0.44 0.43 0.46 0.53 0.62 0.71 0.78 0.81 0.80 0.76 0.68 0.60 0.52 0.46 0.44 0.46 0.50 0.55 0.59
 12   0.62 0.64 0.62 0.57 0.50 0.44 0.41 0.40 0.42 0.48 0.58 0.68 0.78 0.84 0.82 0.75 0.64 0.52 0.40 0.32 0.30 0.36 0.46 0.56
 13   0.66 0.73 0.73 0.64 0.52 0.42 0.33 0.28 0.32 0.42 0.55 0.68 0.80 0.88 0.90 0.84 0.75 0.62 0.49 0.37 0.30 0.33 0.42 0.52
 14   0.62 0.72 0.76 0.72 0.62 0.52 0.42 0.32 0.28 0.35 0.46 0.58 0.71 0.83 0.93 0.92 0.82 0.67 0.52 0.37 0.23 0.23 0.32 0.44
 15   0.56 0.68 0.76 0.75 0.64 0.50 0.37 0.24 0.18 0.23 0.34 0.48 0.62 0.78 0.90 0.90 0.82 0.71 0.57 0.40 0.26 0.18 0.22 0.32
 16   0.45 0.60 0.74 0.80 0.76 0.64 0.51 0.36 0.26 0.25 0.32 0.44 0.57 0.72 0.86 0.92 0.87 0.74 0.57 0.41 0.26 0.20 0.24 0.36
 17   0.49 0.62 0.75 0.83 0.81 0.70 0.56 0.42 0.29 0.22 0.30 0.44 0.60 0.75 0.87 0.94 0.94 0.82 0.67 0.49 0.34 0.24 0.24 0.34
 18   0.46 0.60 0.74 0.86 0.90 0.84 0.72 0.56 0.40 0.32 0.30 0.36 0.48 0.62 0.77 0.89 0.95 0.92 0.80 0.66 0.51 0.35 0.24 0.28
 19   0.38 0.50 0.64 0.78 0.89 0.87 0.78 0.65 0.50 0.35 0.27 0.30 0.42 0.56 0.70 0.82 0.88 0.84 0.75 0.64 0.52 0.38 0.29 0.29
 20   0.34 0.48 0.63 0.76 0.87 0.92 0.87 0.77 0.64 0.51 0.42 0.42 0.50 0.60 0.70 0.80 0.89 0.90 0.83 0.72 0.59 0.47 0.36 0.33
 21   0.42 0.54 0.66 0.78 0.87 0.92 0.90 0.83 0.74 0.64 0.55 0.49 0.54 0.64 0.74 0.84 0.89 0.85 0.78 0.68 0.58 0.48 0.40 0.36
 22   0.44 0.55 0.66 0.76 0.84 0.89 0.90 0.84 0.76 0.68 0.60 0.56 0.59 0.64 0.70 0.76 0.80 0.82 0.81 0.75 0.66 0.58 0.51 0.45
 23   0.43 0.49 0.58 0.67 0.74 0.80 0.84 0.84 0.80 0.75 0.69 0.63 0.59 0.60 0.63 0.67 0.71 0.74 0.75 0.72 0.67 0.62 0.57 0.52
 24   0.48 0.49 0.52 0.57 0.62 0.67 0.71 0.74 0.76 0.76 0.74 0.72 0.70 0.68 0.66 0.64 0.62 0.60 0.58 0.56 0.54 0.52 0.50 0.48
 25   0.46 0.44 0.43 0.46 0.50 0.54 0.58 0.62 0.66 0.70 0.73 0.73 0.71 0.68 0.65 0.62 0.59 0.56 0.53 0.52 0.54 0.58 0.62 0.62
 26   0.60 0.57 0.54 0.51 0.49 0.48 0.52 0.58 0.65 0.72 0.79 0.85 0.87 0.83 0.77 0.69 0.62 0.55 0.49 0.46 0.48 0.53 0.60 0.66
 27   0.69 0.69 0.63 0.56 0.48 0.40 0.37 0.40 0.51 0.63 0.76 0.87 0.93 0.94 0.88 0.80 0.70 0.60 0.49 0.41 0.41 0.44 0.50 0.57
 28   0.65 0.72 0.74 0.67 0.55 0.43 0.33 0.30 0.32 0.42 0.57 0.73 0.88 0.96 0.93 0.83 0.70 0.54 0.40 0.29 0.26 0.33 0.46 0.60
 29   0.73 0.82 0.85 0.79 0.65 0.49 0.37 0.27 0.23 0.32 0.47 0.63 0.79 0.90 0.96 0.90 0.77 0.62 0.47 0.33 0.25 0.27 0.37 0.51
 30   0.65 0.79 0.88 0.88 0.77 0.63 0.48 0.33 0.24 0.26 0.37 0.56 0.75 0.91 1.00 1.00 0.91 0.75 0.57 0.40 0.27 0.23 0.27 0.38
 31   0.54 0.70 0.85 0.92 0.89 0.76 0.59 0.43 0.29 0.25 0.35 0.48 0.63 0.79 0.91 0.97 0.89 0.74 0.59 0.43 0.30 0.24 0.29 0.41
 ----------------------------------------------------------------------------------------------------------------------------
                                                                                               
 ----------------------------------------------------------------------------------------------------------------------------
 ----------------------------------------------------------------------------------------------------------------------------
                                                          SURVEY OF INDIA
                                                    MARINE GEODESY WING (G&RB)
                                                     HOURLY HEIGHTS IN METRES
  NAME OF PORT:- TUTICORIN                                                                          MONTH SEPT      YEAR 2015
 ----------------------------------------------------------------------------------------------------------------------------
 DAYS 0000 0001 0002 0003 0004 0005 0006 0007 0008 0009 0010 0011 0012 0013 0014 0015 0016 0017 0018 0019 0020 0021 0022 0023
 ----------------------------------------------------------------------------------------------------------------------------
  1   0.57 0.73 0.88 0.99 0.99 0.90 0.74 0.58 0.42 0.31 0.34 0.44 0.56 0.70 0.84 0.95 0.95 0.85 0.67 0.51 0.35 0.23 0.23 0.31
  2   0.43 0.58 0.73 0.87 0.95 0.92 0.81 0.65 0.49 0.36 0.30 0.35 0.47 0.60 0.74 0.85 0.88 0.81 0.70 0.56 0.41 0.27 0.19 0.26
  3   0.38 0.52 0.67 0.81 0.92 0.95 0.89 0.78 0.65 0.50 0.37 0.37 0.46 0.56 0.66 0.76 0.84 0.84 0.77 0.66 0.54 0.41 0.31 0.30
  4   0.37 0.47 0.59 0.72 0.82 0.88 0.86 0.78 0.66 0.54 0.44 0.39 0.44 0.52 0.60 0.69 0.75 0.77 0.70 0.59 0.47 0.35 0.24 0.21
  5   0.28 0.40 0.53 0.65 0.77 0.86 0.89 0.85 0.77 0.67 0.57 0.47 0.43 0.47 0.52 0.57 0.62 0.67 0.72 0.71 0.64 0.56 0.48 0.40
  6   0.39 0.45 0.52 0.59 0.66 0.73 0.79 0.80 0.73 0.63 0.53 0.43 0.43 0.46 0.50 0.54 0.58 0.62 0.64 0.62 0.58 0.54 0.50 0.46
  7   0.44 0.43 0.46 0.50 0.54 0.58 0.62 0.67 0.71 0.73 0.70 0.66 0.62 0.59 0.56 0.54 0.52 0.51 0.53 0.55 0.57 0.58 0.57 0.54
  8   0.51 0.48 0.47 0.47 0.50 0.53 0.57 0.61 0.65 0.69 0.72 0.74 0.73 0.71 0.67 0.62 0.56 0.50 0.47 0.48 0.50 0.54 0.58 0.61
  9   0.63 0.60 0.55 0.51 0.47 0.44 0.42 0.43 0.49 0.57 0.66 0.75 0.81 0.80 0.76 0.68 0.59 0.50 0.43 0.40 0.42 0.46 0.53 0.61
 10   0.70 0.73 0.70 0.64 0.56 0.49 0.43 0.43 0.48 0.59 0.71 0.82 0.91 0.95 0.92 0.85 0.75 0.64 0.52 0.44 0.45 0.50 0.58 0.66
 11   0.76 0.84 0.83 0.75 0.65 0.55 0.45 0.41 0.43 0.50 0.65 0.80 0.90 0.95 0.95 0.86 0.74 0.61 0.49 0.40 0.39 0.46 0.56 0.66
 12   0.77 0.86 0.88 0.82 0.71 0.58 0.45 0.35 0.35 0.41 0.54 0.67 0.80 0.91 0.95 0.92 0.81 0.67 0.52 0.38 0.32 0.36 0.46 0.61
 13   0.76 0.87 0.91 0.86 0.72 0.58 0.45 0.34 0.30 0.38 0.52 0.67 0.81 0.93 1.02 1.01 0.92 0.79 0.62 0.45 0.36 0.38 0.48 0.61
 14   0.79 0.96 1.03 1.03 0.91 0.76 0.59 0.44 0.35 0.35 0.45 0.61 0.77 0.93 1.05 1.07 0.99 0.82 0.63 0.47 0.37 0.32 0.39 0.51
 15   0.67 0.86 0.99 1.03 0.98 0.85 0.69 0.53 0.38 0.37 0.48 0.64 0.80 0.94 1.02 1.04 0.92 0.76 0.60 0.43 0.30 0.26 0.34 0.47
 16   0.63 0.79 0.90 0.96 0.95 0.87 0.73 0.57 0.41 0.31 0.31 0.43 0.58 0.73 0.85 0.94 0.94 0.83 0.65 0.49 0.34 0.28 0.28 0.38
 17   0.55 0.72 0.86 0.95 0.97 0.87 0.75 0.61 0.47 0.33 0.31 0.40 0.51 0.63 0.74 0.85 0.89 0.85 0.71 0.57 0.43 0.31 0.29 0.37
 18   0.53 0.71 0.86 0.97 1.01 0.96 0.85 0.72 0.59 0.47 0.38 0.42 0.50 0.60 0.71 0.81 0.85 0.81 0.69 0.57 0.45 0.33 0.26 0.31
 19   0.45 0.58 0.69 0.79 0.87 0.88 0.82 0.71 0.60 0.49 0.39 0.37 0.43 0.51 0.59 0.69 0.76 0.76 0.69 0.59 0.48 0.37 0.30 0.27
 20   0.33 0.41 0.53 0.66 0.77 0.85 0.87 0.83 0.73 0.62 0.51 0.47 0.49 0.55 0.61 0.68 0.73 0.75 0.71 0.63 0.53 0.44 0.37 0.34
 21   0.39 0.46 0.54 0.64 0.74 0.79 0.81 0.77 0.71 0.63 0.54 0.50 0.49 0.51 0.55 0.60 0.65 0.66 0.63 0.57 0.51 0.45 0.41 0.38
 22   0.37 0.41 0.47 0.53 0.59 0.65 0.69 0.67 0.64 0.61 0.59 0.57 0.55 0.54 0.53 0.52 0.51 0.50 0.49 0.48 0.47 0.46 0.45 0.44
 23   0.43 0.44 0.47 0.50 0.53 0.56 0.59 0.62 0.65 0.68 0.69 0.68 0.65 0.62 0.59 0.56 0.53 0.50 0.49 0.50 0.53 0.56 0.59 0.61
 24   0.60 0.58 0.56 0.54 0.52 0.51 0.55 0.60 0.66 0.71 0.76 0.79 0.81 0.80 0.77 0.71 0.63 0.55 0.48 0.48 0.52 0.58 0.64 0.71
 25   0.75 0.73 0.67 0.60 0.54 0.48 0.45 0.47 0.55 0.65 0.75 0.85 0.93 0.92 0.87 0.77 0.67 0.57 0.48 0.44 0.48 0.57 0.67 0.77
 26   0.86 0.90 0.86 0.78 0.67 0.55 0.47 0.42 0.46 0.56 0.70 0.84 0.94 0.97 0.94 0.87 0.75 0.61 0.48 0.39 0.39 0.46 0.57 0.73
 27   0.90 0.98 0.98 0.90 0.76 0.62 0.48 0.39 0.39 0.44 0.57 0.72 0.87 0.98 1.02 0.97 0.85 0.66 0.49 0.39 0.35 0.41 0.53 0.67
 28   0.86 1.03 1.09 1.04 0.91 0.76 0.58 0.45 0.38 0.43 0.56 0.70 0.86 1.01 1.09 1.07 0.98 0.81 0.61 0.44 0.34 0.33 0.41 0.53
 29   0.69 0.86 1.03 1.09 1.06 0.95 0.77 0.56 0.39 0.39 0.49 0.62 0.77 0.93 1.07 1.11 1.04 0.89 0.73 0.56 0.39 0.30 0.33 0.43
 30   0.56 0.75 0.94 1.08 1.13 1.05 0.85 0.65 0.47 0.39 0.41 0.50 0.65 0.83 0.98 1.06 1.03 0.95 0.81 0.63 0.46 0.34 0.30 0.38
 ----------------------------------------------------------------------------------------------------------------------------
                                                                                               
 ----------------------------------------------------------------------------------------------------------------------------
 ----------------------------------------------------------------------------------------------------------------------------
                                                          SURVEY OF INDIA
                                                    MARINE GEODESY WING (G&RB)
                                                     HOURLY HEIGHTS IN METRES
  NAME OF PORT:- TUTICORIN                                                                          MONTH OCTOBER   YEAR 2015
 ----------------------------------------------------------------------------------------------------------------------------
 DAYS 0000 0001 0002 0003 0004 0005 0006 0007 0008 0009 0010 0011 0012 0013 0014 0015 0016 0017 0018 0019 0020 0021 0022 0023
 ----------------------------------------------------------------------------------------------------------------------------
  1   0.51 0.69 0.86 0.99 1.05 1.00 0.87 0.70 0.52 0.39 0.39 0.49 0.61 0.72 0.83 0.91 0.91 0.85 0.72 0.57 0.41 0.27 0.27 0.36
  2   0.49 0.63 0.78 0.91 0.99 0.98 0.90 0.79 0.65 0.51 0.41 0.43 0.51 0.61 0.71 0.81 0.86 0.83 0.76 0.65 0.52 0.40 0.33 0.37
  3   0.45 0.57 0.69 0.82 0.91 0.94 0.89 0.80 0.69 0.58 0.47 0.42 0.47 0.55 0.64 0.73 0.81 0.82 0.77 0.68 0.58 0.48 0.38 0.35
  4   0.41 0.52 0.63 0.73 0.82 0.87 0.86 0.79 0.69 0.59 0.50 0.43 0.45 0.49 0.55 0.61 0.67 0.71 0.72 0.67 0.61 0.54 0.47 0.42
  5   0.44 0.48 0.54 0.60 0.66 0.71 0.75 0.74 0.70 0.65 0.60 0.56 0.54 0.55 0.58 0.62 0.66 0.69 0.69 0.67 0.64 0.60 0.56 0.52
  6   0.50 0.53 0.58 0.63 0.68 0.72 0.75 0.77 0.78 0.77 0.74 0.71 0.68 0.65 0.62 0.61 0.62 0.63 0.64 0.65 0.66 0.67 0.67 0.66
  7   0.62 0.58 0.58 0.59 0.61 0.63 0.65 0.67 0.69 0.71 0.72 0.72 0.70 0.66 0.62 0.58 0.54 0.51 0.51 0.52 0.55 0.58 0.61 0.64
  8   0.65 0.63 0.61 0.59 0.57 0.55 0.54 0.56 0.60 0.64 0.68 0.72 0.74 0.72 0.66 0.59 0.52 0.45 0.42 0.44 0.50 0.56 0.62 0.68
  9   0.73 0.73 0.67 0.60 0.53 0.46 0.42 0.42 0.48 0.56 0.64 0.70 0.73 0.73 0.70 0.63 0.52 0.42 0.35 0.33 0.38 0.47 0.58 0.68
 10   0.77 0.80 0.75 0.66 0.56 0.46 0.39 0.36 0.39 0.49 0.60 0.70 0.79 0.83 0.79 0.70 0.58 0.46 0.37 0.33 0.38 0.49 0.60 0.71
 11   0.82 0.89 0.88 0.79 0.68 0.57 0.46 0.40 0.41 0.47 0.59 0.72 0.84 0.94 0.96 0.89 0.77 0.64 0.51 0.40 0.40 0.46 0.56 0.68
 12   0.80 0.92 0.96 0.90 0.80 0.68 0.56 0.46 0.42 0.45 0.56 0.69 0.81 0.90 0.94 0.91 0.79 0.65 0.51 0.40 0.35 0.39 0.49 0.61
 13   0.78 0.94 1.00 0.96 0.85 0.68 0.51 0.38 0.32 0.36 0.44 0.57 0.70 0.84 0.93 0.91 0.80 0.67 0.53 0.39 0.29 0.26 0.35 0.49
 14   0.69 0.87 1.00 1.00 0.93 0.78 0.61 0.44 0.33 0.32 0.41 0.52 0.66 0.78 0.88 0.91 0.83 0.71 0.57 0.43 0.33 0.30 0.35 0.45
 15   0.61 0.81 0.94 1.01 0.98 0.87 0.70 0.53 0.40 0.33 0.38 0.48 0.59 0.70 0.81 0.88 0.86 0.75 0.62 0.49 0.36 0.27 0.29 0.38
 16   0.55 0.74 0.89 1.00 1.04 0.96 0.79 0.62 0.47 0.37 0.37 0.46 0.58 0.70 0.80 0.87 0.87 0.79 0.68 0.54 0.42 0.31 0.31 0.38
 17   0.51 0.68 0.84 0.96 1.01 0.96 0.86 0.71 0.56 0.41 0.38 0.43 0.53 0.63 0.73 0.80 0.83 0.78 0.66 0.54 0.44 0.36 0.34 0.45
 18   0.57 0.69 0.81 0.93 1.01 1.00 0.87 0.72 0.58 0.45 0.38 0.39 0.49 0.61 0.72 0.81 0.84 0.82 0.71 0.59 0.48 0.40 0.38 0.40
 19   0.52 0.65 0.78 0.88 0.96 0.99 0.95 0.86 0.72 0.58 0.45 0.44 0.49 0.57 0.67 0.75 0.81 0.83 0.79 0.69 0.59 0.49 0.41 0.39
 20   0.47 0.57 0.67 0.77 0.87 0.93 0.93 0.87 0.77 0.67 0.58 0.51 0.51 0.56 0.63 0.70 0.77 0.82 0.81 0.74 0.66 0.58 0.51 0.46
 21   0.46 0.53 0.61 0.69 0.76 0.82 0.85 0.84 0.80 0.73 0.66 0.62 0.60 0.60 0.62 0.65 0.68 0.70 0.71 0.70 0.68 0.66 0.64 0.62
 22   0.60 0.60 0.62 0.64 0.66 0.68 0.70 0.72 0.74 0.75 0.74 0.71 0.68 0.65 0.62 0.59 0.57 0.56 0.58 0.61 0.64 0.67 0.70 0.71
 23   0.70 0.68 0.66 0.64 0.63 0.63 0.65 0.68 0.71 0.74 0.76 0.76 0.74 0.70 0.66 0.62 0.58 0.54 0.52 0.55 0.62 0.69 0.76 0.80
 24   0.80 0.78 0.73 0.67 0.60 0.54 0.53 0.58 0.65 0.72 0.79 0.84 0.86 0.81 0.74 0.66 0.57 0.51 0.47 0.47 0.55 0.65 0.75 0.85
 25   0.92 0.92 0.88 0.79 0.66 0.53 0.46 0.45 0.52 0.62 0.72 0.81 0.88 0.88 0.78 0.67 0.55 0.44 0.38 0.36 0.44 0.56 0.69 0.81
 26   0.93 1.02 1.00 0.91 0.76 0.61 0.47 0.38 0.39 0.49 0.64 0.79 0.89 0.93 0.90 0.80 0.67 0.55 0.43 0.35 0.40 0.52 0.67 0.82
 27   0.98 1.12 1.14 1.06 0.93 0.76 0.56 0.44 0.41 0.47 0.57 0.70 0.85 0.95 0.97 0.86 0.73 0.59 0.44 0.32 0.30 0.39 0.51 0.67
 28   0.85 1.01 1.08 1.05 0.97 0.82 0.63 0.46 0.32 0.31 0.38 0.50 0.63 0.76 0.86 0.85 0.73 0.57 0.40 0.24 0.20 0.27 0.40 0.56
 29   0.73 0.89 0.99 1.01 0.89 0.72 0.53 0.36 0.25 0.24 0.30 0.39 0.53 0.68 0.79 0.83 0.80 0.68 0.51 0.33 0.22 0.24 0.34 0.48
 30   0.63 0.80 0.94 1.02 0.99 0.89 0.73 0.59 0.45 0.33 0.35 0.46 0.59 0.71 0.82 0.91 0.90 0.80 0.66 0.52 0.39 0.30 0.32 0.41
 31   0.57 0.75 0.90 1.00 1.04 1.00 0.88 0.72 0.58 0.47 0.43 0.50 0.60 0.70 0.80 0.90 0.94 0.89 0.80 0.68 0.56 0.45 0.42 0.51
 ----------------------------------------------------------------------------------------------------------------------------
                                                                                               
 ----------------------------------------------------------------------------------------------------------------------------
 ----------------------------------------------------------------------------------------------------------------------------
                                                          SURVEY OF INDIA
                                                    MARINE GEODESY WING (G&RB)
                                                     HOURLY HEIGHTS IN METRES
  NAME OF PORT:- TUTICORIN                                                                          MONTH NOVEMBER  YEAR 2015
 ----------------------------------------------------------------------------------------------------------------------------
 DAYS 0000 0001 0002 0003 0004 0005 0006 0007 0008 0009 0010 0011 0012 0013 0014 0015 0016 0017 0018 0019 0020 0021 0022 0023
 ----------------------------------------------------------------------------------------------------------------------------
  1   0.64 0.76 0.88 1.00 1.07 1.06 0.98 0.87 0.72 0.57 0.49 0.50 0.55 0.64 0.74 0.82 0.86 0.85 0.76 0.66 0.56 0.47 0.42 0.47
  2   0.56 0.67 0.78 0.89 0.96 0.98 0.92 0.82 0.72 0.62 0.54 0.53 0.58 0.64 0.70 0.76 0.81 0.83 0.80 0.73 0.65 0.58 0.53 0.51
  3   0.56 0.62 0.68 0.73 0.78 0.81 0.82 0.78 0.71 0.64 0.57 0.52 0.51 0.56 0.63 0.70 0.77 0.81 0.82 0.78 0.70 0.62 0.55 0.55
  4   0.57 0.61 0.65 0.69 0.73 0.77 0.81 0.82 0.79 0.75 0.71 0.67 0.63 0.61 0.62 0.64 0.66 0.68 0.70 0.72 0.73 0.71 0.69 0.67
  5   0.65 0.64 0.65 0.66 0.67 0.68 0.69 0.70 0.71 0.72 0.71 0.69 0.67 0.65 0.63 0.61 0.60 0.60 0.62 0.64 0.66 0.68 0.70 0.71
  6   0.70 0.69 0.68 0.67 0.66 0.65 0.65 0.67 0.69 0.71 0.73 0.74 0.70 0.65 0.60 0.56 0.52 0.50 0.50 0.56 0.63 0.71 0.77 0.82
  7   0.84 0.79 0.72 0.65 0.58 0.53 0.51 0.55 0.61 0.67 0.72 0.76 0.78 0.76 0.70 0.63 0.56 0.51 0.48 0.50 0.57 0.66 0.76 0.85
  8   0.90 0.90 0.83 0.74 0.65 0.58 0.52 0.50 0.54 0.61 0.68 0.75 0.81 0.81 0.75 0.65 0.55 0.47 0.41 0.41 0.50 0.61 0.73 0.84
  9   0.91 0.93 0.85 0.76 0.67 0.58 0.50 0.46 0.48 0.53 0.61 0.71 0.81 0.88 0.85 0.75 0.62 0.51 0.41 0.37 0.45 0.56 0.70 0.84
 10   0.97 1.04 0.99 0.89 0.78 0.66 0.54 0.46 0.44 0.51 0.62 0.73 0.84 0.94 0.94 0.86 0.74 0.62 0.50 0.40 0.42 0.53 0.64 0.75
 11
 12
 13
 14
 15
 16
 17
 18   0.56 0.65 0.74 0.83 0.90 0.94 0.87 0.77 0.67 0.57 0.50 0.47 0.47 0.51 0.58 0.65 0.72 0.78 0.80 0.76 0.69 0.61 0.54 0.49
 19   0.49 0.55 0.63 0.71 0.78 0.82 0.84 0.81 0.73 0.64 0.55 0.49 0.44 0.45 0.48 0.51 0.54 0.57 0.60 0.63 0.65 0.63 0.59 0.55
 20   0.52 0.52 0.55 0.59 0.63 0.67 0.71 0.75 0.75 0.71 0.64 0.57 0.52 0.48 0.46 0.49 0.54 0.59 0.64 0.69 0.74 0.78 0.79 0.77
 21   0.74 0.70 0.66 0.63 0.62 0.65 0.69 0.73 0.77 0.79 0.79 0.76 0.71 0.65 0.60 0.55 0.51 0.51 0.55 0.61 0.68 0.75 0.82 0.88
 22
 23
 24
 25
 26
 27
 28
 29
 30
 ----------------------------------------------------------------------------------------------------------------------------
                                                                                               
 ----------------------------------------------------------------------------------------------------------------------------
 ----------------------------------------------------------------------------------------------------------------------------
                                                          SURVEY OF INDIA
                                                    MARINE GEODESY WING (G&RB)
                                                     HOURLY HEIGHTS IN METRES
  NAME OF PORT:- TUTICORIN                                                                          MONTH DECEMBER  YEAR 2015
 ----------------------------------------------------------------------------------------------------------------------------
 DAYS 0000 0001 0002 0003 0004 0005 0006 0007 0008 0009 0010 0011 0012 0013 0014 0015 0016 0017 0018 0019 0020 0021 0022 0023
 ----------------------------------------------------------------------------------------------------------------------------
  1
  2
  3
  4
  5
  6
  7
  8
  9
 10
 11
 12
 13
 14
 15
 16
 17
 18
 19
 20
 21
 22
 23
 24
 25
 26
 27
 28
 29
 30
 31
 ----------------------------------------------------------------------------------------------------------------------------
