                                                          SURVEY OF INDIA
                                                    MARINE GEODESY WING (G&RB)
                                                     HOURLY HEIGHTS IN METRES
  NAME OF PORT:- TUTICORIN                                                                          MONTH JANUARY   YEAR 2011
 ----------------------------------------------------------------------------------------------------------------------------
 DAYS 0000 0001 0002 0003 0004 0005 0006 0007 0008 0009 0010 0011 0012 0013 0014 0015 0016 0017 0018 0019 0020 0021 0022 0023
 ----------------------------------------------------------------------------------------------------------------------------
  1
  2
  3
  4
  5
  6
  7
  8
  9
 10
 11
 12
 13
 14
 15
 16
 17
 18
 19
 20
 21
 22   0.76 0.91 1.05 1.13 1.16 1.09 0.90 0.70 0.54 0.44 0.39 0.45 0.61 0.77 0.93 1.07 1.11 1.06 0.94 0.79 0.65 0.57 0.52 0.55
 23   0.70 0.84 0.99 1.09 1.15 1.10 0.97 0.78 0.60 0.46 0.35 0.39 0.51 0.68 0.86 1.02 1.08 1.08 1.01 0.89 0.75 0.62 0.55 0.55
 24   0.66 0.73 0.85 0.97 1.05 1.05 0.97 0.80 0.62 0.47 0.37 0.36 0.43 0.57 0.72 0.87 1.01 1.04 1.03 0.95 0.82 0.67 0.55 0.51
 25   0.57 0.64 0.72 0.82 0.89 0.93 0.90 0.81 0.66 0.51 0.39 0.32 0.35 0.46 0.58 0.73 0.87 0.96 1.00 0.97 0.88 0.77 0.67 0.59
 26   0.57 0.65 0.73 0.80 0.87 0.91 0.87 0.81 0.71 0.59 0.49 0.40 0.39 0.46 0.57 0.68 0.79 0.90 1.01 1.02 0.98 0.92 0.84 0.76
 27   0.68 0.70 0.73 0.78 0.83 0.88 0.88 0.84 0.79 0.73 0.66 0.60 0.54 0.55 0.63 0.71 0.81 0.91 0.97 1.01 1.01 0.99 0.95 0.88
 28   0.80 0.78 0.79 0.82 0.85 0.86 0.85 0.82 0.78 0.73 0.68 0.63 0.59 0.59 0.63 0.68 0.73 0.79 0.85 0.91 0.97 1.01 1.01 0.98
 29   0.89 0.87 0.85 0.83 0.81 0.79 0.77 0.75 0.73 0.71 0.70 0.69 0.70 0.74 0.78 0.82 0.86 0.90 0.94 0.98 1.02 1.04 1.06 1.07
 30   1.07 1.05 1.00 0.95 0.90 0.85 0.80 0.76 0.76 0.78 0.81 0.84 0.86 0.84 0.81 0.78 0.75 0.73 0.74 0.76 0.82 0.88 0.95 1.03
 31   1.14 1.14 1.09 1.02 0.94 0.85 0.76 0.70 0.69 0.71 0.76 0.83 0.91 0.97 0.95 0.90 0.83 0.77 0.71 0.70 0.73 0.81 0.92 1.03
 ----------------------------------------------------------------------------------------------------------------------------
                                                                                               
 ----------------------------------------------------------------------------------------------------------------------------
 ----------------------------------------------------------------------------------------------------------------------------
                                                          SURVEY OF INDIA
                                                    MARINE GEODESY WING (G&RB)
                                                     HOURLY HEIGHTS IN METRES
  NAME OF PORT:- TUTICORIN                                                                          MONTH FEBRUARY  YEAR 2011
 ----------------------------------------------------------------------------------------------------------------------------
 DAYS 0000 0001 0002 0003 0004 0005 0006 0007 0008 0009 0010 0011 0012 0013 0014 0015 0016 0017 0018 0019 0020 0021 0022 0023
 ----------------------------------------------------------------------------------------------------------------------------
  1   1.15 1.21 1.20 1.12 1.03 0.90 0.77 0.67 0.63 0.67 0.75 0.85 0.95 1.02 1.06 1.01 0.94 0.86 0.78 0.72 0.73 0.80 0.92 1.07
  2   1.19 1.26 1.31 1.25 1.13 1.00 0.86 0.75 0.68 0.68 0.73 0.82 0.91 1.01 1.07 1.06 0.99 0.89 0.77 0.66 0.61 0.65 0.75 0.89
  3   1.05 1.19 1.25 1.24 1.16 1.04 0.87 0.71 0.59 0.54 0.57 0.66 0.79 0.93 1.04 1.06 1.01 0.88 0.73 0.59 0.48 0.44 0.53 0.67
  4   0.82 0.99 1.10 1.13 1.08 0.95 0.79 0.62 0.49 0.43 0.44 0.51 0.64 0.81 0.95 1.02 1.00 0.92 0.76 0.62 0.50 0.43 0.48 0.61
  5   0.74 0.88 1.01 1.10 1.08 0.97 0.81 0.67 0.53 0.43 0.43 0.55 0.68 0.82 0.96 1.08 1.10 1.02 0.87 0.72 0.58 0.48 0.47 0.55
  6   0.69 0.85 1.00 1.09 1.10 1.03 0.89 0.71 0.56 0.45 0.41 0.48 0.61 0.77 0.93 1.07 1.13 1.09 0.99 0.85 0.72 0.59 0.55 0.61
  7   0.69 0.83 0.96 1.05 1.09 1.07 0.96 0.81 0.64 0.51 0.45 0.49 0.59 0.74 0.89 1.00 1.08 1.07 0.97 0.85 0.73 0.60 0.50 0.51
  8   0.63 0.75 0.86 0.97 1.04 1.01 0.91 0.77 0.61 0.49 0.42 0.43 0.50 0.64 0.81 0.96 1.07 1.13 1.11 1.00 0.87 0.76 0.64 0.58
  9   0.66 0.73 0.84 0.94 1.03 1.03 0.98 0.87 0.74 0.61 0.51 0.48 0.53 0.65 0.79 0.93 1.05 1.14 1.13 1.02 0.91 0.81 0.72 0.66
 10   0.64 0.68 0.78 0.90 1.01 1.03 0.95 0.83 0.72 0.61 0.51 0.47 0.51 0.59 0.71 0.83 0.96 1.04 1.07 1.01 0.93 0.85 0.77 0.71
 11   0.71 0.69 0.72 0.78 0.85 0.89 0.86 0.79 0.71 0.63 0.55 0.50 0.49 0.55 0.65 0.74 0.83 0.90 0.95 0.95 0.90 0.84 0.77 0.71
 12   0.70 0.70 0.72 0.75 0.78 0.80 0.79 0.73 0.65 0.58 0.53 0.49 0.48 0.52 0.59 0.67 0.74 0.79 0.84 0.88 0.89 0.88 0.87 0.84
 13   0.79 0.77 0.75 0.73 0.71 0.69 0.67 0.65 0.63 0.62 0.61 0.60 0.60 0.61 0.63 0.67 0.71 0.75 0.79 0.83 0.87 0.91 0.94 0.95
 14   0.93 0.89 0.84 0.79 0.75 0.71 0.67 0.65 0.64 0.65 0.68 0.72 0.75 0.77 0.76 0.73 0.69 0.67 0.68 0.71 0.77 0.84 0.91 0.98
 15   1.03 1.01 0.96 0.89 0.79 0.70 0.63 0.59 0.58 0.61 0.66 0.74 0.79 0.81 0.79 0.75 0.70 0.64 0.59 0.58 0.63 0.73 0.84 0.96
 16   1.04 1.07 1.03 0.93 0.81 0.71 0.62 0.53 0.50 0.56 0.65 0.74 0.84 0.92 0.93 0.86 0.77 0.69 0.62 0.56 0.56 0.64 0.75 0.89
 17   1.05 1.11 1.14 1.09 0.97 0.83 0.69 0.57 0.49 0.50 0.60 0.71 0.83 0.93 0.99 0.97 0.87 0.77 0.67 0.57 0.53 0.53 0.63 0.77
 18   0.95 1.11 1.18 1.17 1.07 0.91 0.71 0.55 0.46 0.43 0.52 0.67 0.81 0.94 1.06 1.07 0.98 0.85 0.70 0.57 0.47 0.45 0.53 0.64
 19   0.91 1.05 1.14 1.18 1.10 0.94 0.75 0.56 0.42 0.37 0.43 0.56 0.73 0.92 1.07 1.13 1.08 0.96 0.81 0.63 0.49 0.43 0.46 0.54
 20   0.70 0.87 1.01 1.09 1.08 0.95 0.77 0.59 0.43 0.31 0.30 0.41 0.57 0.78 0.98 1.10 1.12 1.01 0.85 0.69 0.52 0.39 0.35 0.45
 21   0.60 0.74 0.88 1.01 1.01 0.94 0.79 0.61 0.45 0.31 0.28 0.37 0.49 0.67 0.88 1.05 1.11 1.09 0.97 0.81 0.65 0.51 0.44 0.47
 22   0.59 0.69 0.83 0.97 1.03 0.99 0.88 0.71 0.56 0.43 0.33 0.36 0.48 0.63 0.81 0.99 1.11 1.17 1.07 0.93 0.79 0.65 0.50 0.48
 23   0.60 0.69 0.77 0.86 0.94 0.94 0.89 0.79 0.65 0.48 0.37 0.35 0.42 0.55 0.71 0.86 0.98 1.08 1.07 0.99 0.88 0.74 0.60 0.51
 24   0.59 0.64 0.71 0.81 0.88 0.90 0.83 0.74 0.64 0.54 0.43 0.36 0.40 0.50 0.64 0.77 0.90 0.99 1.00 0.96 0.88 0.79 0.70 0.60
 25   0.57 0.63 0.70 0.77 0.83 0.85 0.84 0.76 0.68 0.61 0.53 0.46 0.45 0.52 0.64 0.75 0.87 0.95 0.98 0.98 0.95 0.90 0.83 0.77
 26   0.73 0.75 0.78 0.81 0.83 0.83 0.79 0.75 0.71 0.67 0.63 0.59 0.55 0.57 0.62 0.68 0.75 0.82 0.88 0.92 0.93 0.92 0.89 0.85
 27   0.81 0.80 0.78 0.76 0.74 0.72 0.70 0.69 0.68 0.70 0.71 0.71 0.68 0.65 0.67 0.69 0.71 0.73 0.76 0.80 0.85 0.89 0.92 0.93
 28   0.93 0.88 0.83 0.78 0.73 0.69 0.66 0.63 0.63 0.66 0.70 0.75 0.78 0.78 0.76 0.73 0.71 0.69 0.68 0.71 0.75 0.81 0.87 0.93
 ----------------------------------------------------------------------------------------------------------------------------
                                                                                               
 ----------------------------------------------------------------------------------------------------------------------------
 ----------------------------------------------------------------------------------------------------------------------------
                                                          SURVEY OF INDIA
                                                    MARINE GEODESY WING (G&RB)
                                                     HOURLY HEIGHTS IN METRES
  NAME OF PORT:- TUTICORIN                                                                          MONTH MARCH     YEAR 2011
 ----------------------------------------------------------------------------------------------------------------------------
 DAYS 0000 0001 0002 0003 0004 0005 0006 0007 0008 0009 0010 0011 0012 0013 0014 0015 0016 0017 0018 0019 0020 0021 0022 0023
 ----------------------------------------------------------------------------------------------------------------------------
  1   0.99 0.98 0.95 0.89 0.81 0.72 0.64 0.60 0.59 0.65 0.72 0.79 0.86 0.91 0.89 0.84 0.78 0.72 0.66 0.63 0.68 0.75 0.85 0.95
  2   1.04 1.07 1.05 0.95 0.85 0.74 0.62 0.53 0.51 0.57 0.68 0.81 0.94 1.01 1.01 0.95 0.87 0.77 0.68 0.60 0.60 0.67 0.78 0.91
  3   1.04 1.12 1.11 1.05 0.94 0.79 0.65 0.56 0.53 0.56 0.67 0.81 0.94 1.03 1.10 1.09 0.97 0.85 0.72 0.60 0.57 0.62 0.71 0.84
  4   1.01 1.10 1.14 1.12 1.01 0.85 0.70 0.58 0.51 0.51 0.61 0.77 0.91 1.05 1.15 1.15 1.06 0.93 0.77 0.62 0.57 0.59 0.68 0.80
  5   0.99 1.11 1.18 1.18 1.08 0.94 0.77 0.62 0.50 0.48 0.58 0.71 0.86 1.01 1.14 1.19 1.13 1.03 0.87 0.71 0.61 0.57 0.61 0.72
  6   0.91 1.04 1.13 1.16 1.10 0.97 0.81 0.63 0.48 0.43 0.51 0.65 0.81 0.97 1.14 1.21 1.19 1.12 0.99 0.82 0.66 0.57 0.59 0.70
  7   0.81 0.91 0.99 1.04 0.98 0.90 0.78 0.67 0.54 0.45 0.45 0.54 0.69 0.86 1.03 1.15 1.15 1.08 0.96 0.77 0.60 0.51 0.51 0.59
  8   0.77 0.87 1.00 1.07 1.05 0.96 0.83 0.71 0.60 0.51 0.45 0.52 0.67 0.84 1.02 1.18 1.21 1.14 1.04 0.89 0.73 0.61 0.55 0.56
  9   0.73 0.85 0.97 1.07 1.12 1.05 0.93 0.78 0.63 0.51 0.45 0.49 0.63 0.79 0.97 1.09 1.17 1.17 1.07 0.93 0.80 0.67 0.57 0.57
 10   0.66 0.77 0.86 0.94 1.00 0.98 0.88 0.76 0.63 0.52 0.47 0.51 0.59 0.73 0.88 1.03 1.15 1.17 1.13 1.04 0.90 0.75 0.63 0.57
 11   0.64 0.73 0.82 0.90 0.98 0.99 0.92 0.82 0.71 0.60 0.54 0.51 0.57 0.70 0.83 0.97 1.07 1.11 1.09 1.00 0.91 0.81 0.71 0.62
 12   0.68 0.71 0.76 0.81 0.86 0.89 0.86 0.77 0.67 0.56 0.48 0.45 0.50 0.60 0.71 0.83 0.92 0.98 0.98 0.95 0.89 0.83 0.76 0.70
 13   0.69 0.72 0.75 0.78 0.81 0.82 0.80 0.75 0.69 0.63 0.59 0.57 0.59 0.64 0.73 0.81 0.87 0.91 0.94 0.96 0.94 0.89 0.84 0.79
 14   0.75 0.77 0.78 0.79 0.80 0.81 0.77 0.72 0.68 0.65 0.63 0.62 0.63 0.66 0.70 0.75 0.80 0.84 0.88 0.92 0.95 0.96 0.96 0.92
 15   0.88 0.83 0.79 0.75 0.71 0.69 0.67 0.67 0.68 0.70 0.72 0.74 0.73 0.72 0.71 0.70 0.69 0.69 0.71 0.75 0.79 0.84 0.90 0.94
 16   0.95 0.94 0.88 0.81 0.73 0.65 0.59 0.58 0.61 0.69 0.76 0.82 0.85 0.85 0.83 0.78 0.72 0.67 0.64 0.64 0.68 0.76 0.85 0.95
 17   1.01 1.03 0.95 0.86 0.76 0.63 0.54 0.51 0.52 0.59 0.71 0.82 0.92 0.98 0.95 0.89 0.82 0.72 0.64 0.59 0.58 0.66 0.79 0.89
 18   1.04 1.11 1.07 0.98 0.86 0.69 0.55 0.48 0.48 0.56 0.67 0.83 0.97 1.06 1.09 1.05 0.92 0.79 0.65 0.54 0.50 0.53 0.62 0.77
 19   0.97 1.09 1.07 1.01 0.89 0.72 0.54 0.39 0.37 0.43 0.57 0.75 0.94 1.11 1.19 1.18 1.08 0.94 0.75 0.61 0.53 0.48 0.58 0.70
 20   0.91 1.07 1.12 1.12 1.01 0.83 0.65 0.50 0.39 0.42 0.52 0.69 0.89 1.13 1.27 1.29 1.22 1.11 0.93 0.71 0.57 0.55 0.56 0.65
 21   0.84 0.97 1.09 1.11 1.05 0.92 0.72 0.55 0.40 0.37 0.47 0.63 0.83 1.04 1.25 1.33 1.31 1.21 1.04 0.85 0.66 0.57 0.55 0.60
 22   0.77 0.93 1.05 1.12 1.10 0.99 0.83 0.65 0.48 0.39 0.41 0.56 0.73 0.90 1.09 1.27 1.32 1.23 1.10 0.92 0.74 0.60 0.56 0.61
 23   0.68 0.83 0.95 1.03 1.05 0.99 0.85 0.68 0.52 0.40 0.37 0.47 0.61 0.77 0.95 1.11 1.21 1.20 1.10 0.94 0.78 0.61 0.56 0.59
 24   0.66 0.76 0.86 0.94 0.98 0.96 0.85 0.72 0.60 0.48 0.39 0.42 0.56 0.70 0.86 0.99 1.11 1.16 1.11 1.02 0.88 0.74 0.63 0.63
 25   0.69 0.73 0.81 0.89 0.94 0.95 0.89 0.82 0.72 0.61 0.51 0.49 0.57 0.67 0.78 0.90 1.01 1.07 1.08 1.04 0.93 0.82 0.70 0.64
 26   0.66 0.68 0.74 0.81 0.87 0.90 0.86 0.80 0.74 0.68 0.62 0.57 0.60 0.66 0.76 0.87 0.96 1.02 1.06 1.05 0.99 0.91 0.83 0.74
 27   0.70 0.71 0.73 0.76 0.79 0.81 0.81 0.78 0.73 0.68 0.64 0.61 0.61 0.65 0.71 0.77 0.83 0.89 0.93 0.94 0.92 0.88 0.84 0.79
 28   0.70 0.69 0.68 0.67 0.66 0.65 0.65 0.66 0.67 0.68 0.69 0.70 0.68 0.67 0.68 0.70 0.72 0.74 0.76 0.78 0.81 0.83 0.85 0.83
 29   0.82 0.80 0.75 0.70 0.65 0.61 0.59 0.59 0.61 0.65 0.70 0.74 0.77 0.76 0.73 0.70 0.67 0.65 0.64 0.66 0.69 0.74 0.80 0.86
 30   0.89 0.86 0.79 0.71 0.65 0.59 0.55 0.57 0.61 0.68 0.76 0.84 0.89 0.90 0.88 0.84 0.77 0.70 0.67 0.68 0.74 0.80 0.87 0.93
 31   0.99 0.98 0.92 0.84 0.73 0.61 0.55 0.52 0.53 0.60 0.72 0.83 0.91 0.97 0.95 0.88 0.79 0.68 0.59 0.57 0.59 0.68 0.79 0.90
 ----------------------------------------------------------------------------------------------------------------------------
                                                                                               
 ----------------------------------------------------------------------------------------------------------------------------
 ----------------------------------------------------------------------------------------------------------------------------
                                                          SURVEY OF INDIA
                                                    MARINE GEODESY WING (G&RB)
                                                     HOURLY HEIGHTS IN METRES
  NAME OF PORT:- TUTICORIN                                                                          MONTH APRIL     YEAR 2011
 ----------------------------------------------------------------------------------------------------------------------------
 DAYS 0000 0001 0002 0003 0004 0005 0006 0007 0008 0009 0010 0011 0012 0013 0014 0015 0016 0017 0018 0019 0020 0021 0022 0023
 ----------------------------------------------------------------------------------------------------------------------------
  1   1.00 1.03 1.00 0.94 0.83 0.69 0.57 0.47 0.47 0.56 0.69 0.82 0.94 1.03 1.04 0.99 0.89 0.75 0.63 0.54 0.51 0.57 0.68 0.84
  2   0.92 0.98 1.01 0.95 0.83 0.69 0.56 0.46 0.45 0.52 0.66 0.80 0.95 1.09 1.14 1.09 0.98 0.81 0.64 0.54 0.50 0.54 0.64 0.79
  3   0.93 1.02 1.06 1.01 0.89 0.76 0.60 0.47 0.43 0.49 0.59 0.71 0.86 0.99 1.10 1.10 1.03 0.87 0.71 0.56 0.46 0.45 0.53 0.66
  4   0.82 0.96 1.03 1.03 0.94 0.79 0.65 0.50 0.41 0.46 0.58 0.73 0.88 1.04 1.15 1.19 1.14 1.03 0.88 0.72 0.56 0.47 0.54 0.65
  5   0.76 0.90 0.99 1.01 0.95 0.80 0.66 0.52 0.38 0.35 0.45 0.58 0.73 0.90 1.06 1.13 1.11 1.01 0.85 0.69 0.53 0.40 0.42 0.53
  6   0.64 0.78 0.92 0.96 0.92 0.81 0.65 0.52 0.39 0.34 0.36 0.49 0.65 0.80 0.96 1.07 1.09 1.02 0.86 0.69 0.53 0.40 0.39 0.46
  7   0.54 0.66 0.81 0.89 0.89 0.79 0.67 0.53 0.39 0.32 0.33 0.42 0.57 0.73 0.89 1.02 1.10 1.06 0.95 0.80 0.64 0.49 0.42 0.47
  8   0.54 0.63 0.77 0.87 0.90 0.85 0.74 0.63 0.51 0.42 0.36 0.40 0.51 0.66 0.81 0.96 1.06 1.08 1.03 0.91 0.75 0.60 0.50 0.50
  9   0.54 0.60 0.70 0.81 0.86 0.87 0.80 0.68 0.56 0.46 0.40 0.40 0.50 0.62 0.77 0.90 1.00 1.06 1.04 0.94 0.81 0.68 0.59 0.56
 10   0.57 0.61 0.67 0.75 0.81 0.85 0.80 0.70 0.58 0.49 0.44 0.42 0.50 0.62 0.73 0.83 0.91 0.95 0.95 0.91 0.83 0.75 0.68 0.61
 11   0.60 0.61 0.63 0.66 0.70 0.74 0.75 0.70 0.63 0.57 0.51 0.48 0.50 0.56 0.63 0.70 0.77 0.83 0.87 0.87 0.83 0.78 0.72 0.68
 12   0.64 0.63 0.63 0.65 0.67 0.69 0.70 0.70 0.69 0.67 0.65 0.63 0.63 0.64 0.67 0.70 0.73 0.76 0.79 0.82 0.85 0.87 0.86 0.83
 13   0.77 0.73 0.70 0.67 0.65 0.64 0.66 0.70 0.74 0.77 0.80 0.82 0.80 0.78 0.76 0.74 0.72 0.71 0.72 0.76 0.80 0.84 0.88 0.91
 14   0.88 0.82 0.76 0.71 0.67 0.64 0.63 0.66 0.72 0.79 0.86 0.92 0.93 0.90 0.85 0.78 0.71 0.64 0.60 0.62 0.67 0.75 0.83 0.92
 15   0.95 0.92 0.86 0.77 0.65 0.55 0.51 0.51 0.57 0.70 0.87 0.99 1.04 1.03 0.97 0.89 0.79 0.67 0.58 0.56 0.61 0.68 0.78 0.89
 16   0.98 1.00 0.94 0.83 0.69 0.57 0.49 0.46 0.54 0.66 0.81 0.95 1.07 1.14 1.12 1.04 0.90 0.73 0.59 0.51 0.50 0.53 0.63 0.78
 17   0.91 0.98 0.97 0.89 0.76 0.60 0.43 0.35 0.38 0.50 0.64 0.83 1.01 1.17 1.23 1.17 1.05 0.87 0.68 0.55 0.48 0.46 0.54 0.69
 18   0.86 1.00 1.07 1.00 0.87 0.72 0.55 0.42 0.40 0.50 0.62 0.79 0.97 1.15 1.27 1.27 1.16 0.97 0.79 0.62 0.50 0.49 0.55 0.64
 19   0.77 0.94 1.04 1.02 0.89 0.74 0.60 0.46 0.38 0.41 0.52 0.69 0.88 1.06 1.21 1.29 1.26 1.11 0.91 0.74 0.59 0.51 0.54 0.62
 20   0.74 0.88 1.02 1.07 1.01 0.91 0.76 0.59 0.47 0.42 0.50 0.63 0.78 0.97 1.16 1.25 1.26 1.17 1.03 0.86 0.69 0.55 0.52 0.60
 21   0.69 0.81 0.94 1.02 1.01 0.92 0.81 0.68 0.54 0.47 0.48 0.57 0.73 0.90 1.04 1.18 1.27 1.23 1.11 0.96 0.80 0.65 0.58 0.60
 22   0.64 0.75 0.87 0.96 0.99 0.95 0.85 0.74 0.64 0.55 0.51 0.56 0.63 0.75 0.89 1.03 1.13 1.12 1.04 0.93 0.78 0.65 0.57 0.56
 23   0.58 0.65 0.74 0.83 0.90 0.91 0.86 0.78 0.69 0.59 0.50 0.50 0.60 0.71 0.81 0.92 1.03 1.10 1.07 0.99 0.87 0.73 0.64 0.60
 24   0.62 0.70 0.77 0.84 0.89 0.92 0.91 0.86 0.80 0.74 0.68 0.66 0.72 0.80 0.89 0.98 1.05 1.10 1.10 1.05 0.96 0.87 0.80 0.74
 25   0.69 0.72 0.76 0.82 0.87 0.91 0.93 0.92 0.88 0.84 0.80 0.77 0.76 0.78 0.82 0.87 0.92 0.96 0.99 0.98 0.94 0.88 0.81 0.76
 26   0.69 0.68 0.70 0.72 0.74 0.76 0.78 0.80 0.82 0.83 0.82 0.79 0.76 0.75 0.76 0.78 0.81 0.84 0.87 0.89 0.90 0.90 0.87 0.83
 27   0.76 0.73 0.70 0.67 0.66 0.67 0.69 0.72 0.76 0.81 0.85 0.88 0.87 0.84 0.81 0.79 0.77 0.76 0.77 0.80 0.83 0.86 0.89 0.89
 28   0.86 0.81 0.76 0.72 0.69 0.67 0.67 0.70 0.76 0.83 0.89 0.95 0.98 0.96 0.90 0.84 0.78 0.75 0.74 0.75 0.78 0.82 0.86 0.90
 29   0.90 0.87 0.81 0.74 0.68 0.62 0.58 0.60 0.65 0.76 0.87 0.98 1.04 1.06 1.02 0.95 0.85 0.76 0.71 0.71 0.74 0.78 0.85 0.93
 30   0.98 0.97 0.91 0.83 0.73 0.66 0.62 0.60 0.64 0.75 0.87 0.98 1.06 1.12 1.10 1.03 0.93 0.80 0.70 0.64 0.62 0.66 0.74 0.84
 ----------------------------------------------------------------------------------------------------------------------------
                                                                                               
 ----------------------------------------------------------------------------------------------------------------------------
 ----------------------------------------------------------------------------------------------------------------------------
                                                          SURVEY OF INDIA
                                                    MARINE GEODESY WING (G&RB)
                                                     HOURLY HEIGHTS IN METRES
  NAME OF PORT:- TUTICORIN                                                                          MONTH MAY       YEAR 2011
 ----------------------------------------------------------------------------------------------------------------------------
 DAYS 0000 0001 0002 0003 0004 0005 0006 0007 0008 0009 0010 0011 0012 0013 0014 0015 0016 0017 0018 0019 0020 0021 0022 0023
 ----------------------------------------------------------------------------------------------------------------------------
  1   0.90 0.99 0.97 0.88 0.75 0.65 0.56 0.52 0.56 0.66 0.78 0.93 1.07 1.17 1.18 1.12 0.98 0.83 0.70 0.58 0.56 0.60 0.68 0.79
  2   0.90 0.96 0.97 0.90 0.79 0.68 0.58 0.48 0.49 0.60 0.72 0.86 1.03 1.17 1.20 1.15 1.05 0.88 0.72 0.58 0.52 0.53 0.60 0.70
  3   0.83 0.92 0.98 0.96 0.85 0.72 0.59 0.49 0.44 0.50 0.64 0.78 0.94 1.12 1.20 1.19 1.12 0.96 0.78 0.64 0.54 0.46 0.50 0.59
  4   0.73 0.90 0.99 0.97 0.88 0.78 0.65 0.50 0.39 0.42 0.54 0.69 0.85 1.02 1.14 1.20 1.15 1.01 0.84 0.70 0.56 0.46 0.49 0.60
  5   0.71 0.81 0.90 0.94 0.86 0.76 0.66 0.56 0.47 0.47 0.55 0.68 0.83 0.96 1.10 1.20 1.20 1.14 0.98 0.80 0.65 0.52 0.48 0.56
  6   0.64 0.76 0.89 0.96 0.93 0.85 0.74 0.61 0.49 0.41 0.48 0.60 0.72 0.86 0.99 1.12 1.16 1.08 0.94 0.79 0.64 0.50 0.43 0.48
  7   0.58 0.68 0.80 0.87 0.88 0.83 0.76 0.64 0.52 0.46 0.46 0.54 0.66 0.78 0.90 1.04 1.14 1.10 1.00 0.86 0.72 0.57 0.48 0.47
  8   0.50 0.58 0.68 0.78 0.83 0.80 0.72 0.64 0.56 0.48 0.43 0.46 0.56 0.68 0.79 0.89 0.98 1.03 1.00 0.90 0.77 0.64 0.53 0.48
  9   0.46 0.54 0.63 0.71 0.76 0.80 0.78 0.72 0.64 0.57 0.50 0.49 0.57 0.67 0.78 0.89 0.97 1.03 1.03 0.97 0.89 0.79 0.69 0.60
 10   0.50 0.55 0.60 0.66 0.73 0.78 0.78 0.74 0.68 0.62 0.58 0.56 0.58 0.63 0.69 0.75 0.82 0.89 0.94 0.95 0.91 0.82 0.73 0.67
 11   0.59 0.58 0.60 0.64 0.69 0.74 0.77 0.79 0.79 0.76 0.73 0.70 0.67 0.67 0.69 0.72 0.75 0.78 0.80 0.82 0.83 0.81 0.76 0.71
 12   0.61 0.58 0.56 0.56 0.58 0.62 0.67 0.72 0.77 0.80 0.79 0.76 0.72 0.68 0.65 0.64 0.64 0.65 0.68 0.71 0.74 0.77 0.80 0.79
 13   0.72 0.67 0.62 0.57 0.52 0.55 0.60 0.66 0.73 0.81 0.89 0.94 0.92 0.86 0.80 0.72 0.66 0.61 0.60 0.63 0.69 0.75 0.81 0.84
 14   0.81 0.74 0.67 0.58 0.52 0.48 0.49 0.55 0.66 0.78 0.90 0.98 1.00 0.97 0.92 0.82 0.71 0.63 0.58 0.56 0.60 0.68 0.76 0.83
 15   0.87 0.89 0.81 0.70 0.60 0.52 0.46 0.49 0.60 0.74 0.90 1.04 1.13 1.16 1.12 1.02 0.87 0.74 0.65 0.60 0.58 0.61 0.70 0.80
 16   0.88 0.90 0.86 0.76 0.64 0.50 0.43 0.41 0.46 0.58 0.77 0.93 1.06 1.15 1.17 1.08 0.94 0.76 0.61 0.51 0.44 0.43 0.54 0.67
 17   0.77 0.84 0.84 0.79 0.66 0.52 0.41 0.34 0.36 0.45 0.58 0.78 0.96 1.09 1.17 1.12 1.00 0.84 0.66 0.52 0.42 0.40 0.44 0.52
 18   0.64 0.77 0.86 0.82 0.72 0.59 0.44 0.31 0.29 0.34 0.45 0.62 0.80 1.00 1.14 1.16 1.08 0.92 0.75 0.59 0.46 0.39 0.41 0.47
 19   0.56 0.66 0.76 0.80 0.78 0.66 0.53 0.40 0.32 0.32 0.40 0.53 0.67 0.86 1.04 1.14 1.14 1.04 0.90 0.73 0.56 0.46 0.42 0.48
 20   0.54 0.66 0.78 0.86 0.86 0.80 0.70 0.57 0.44 0.37 0.40 0.50 0.64 0.80 0.97 1.12 1.17 1.13 0.98 0.82 0.66 0.53 0.46 0.48
 21   0.52 0.61 0.74 0.84 0.88 0.87 0.80 0.68 0.56 0.44 0.41 0.49 0.60 0.75 0.90 1.04 1.13 1.12 1.02 0.91 0.76 0.63 0.51 0.48
 22   0.54 0.58 0.67 0.78 0.87 0.89 0.85 0.79 0.70 0.60 0.54 0.55 0.60 0.70 0.82 0.94 1.06 1.11 1.08 1.00 0.86 0.72 0.59 0.53
 23   0.56 0.58 0.64 0.74 0.81 0.86 0.86 0.84 0.78 0.70 0.62 0.56 0.60 0.68 0.79 0.88 0.96 1.02 1.06 1.01 0.90 0.78 0.68 0.60
 24   0.54 0.59 0.64 0.70 0.77 0.84 0.87 0.86 0.82 0.77 0.71 0.67 0.67 0.72 0.79 0.86 0.93 0.99 1.02 1.00 0.92 0.81 0.72 0.63
 25   0.56 0.56 0.58 0.62 0.67 0.72 0.77 0.80 0.82 0.80 0.77 0.73 0.69 0.68 0.70 0.75 0.80 0.85 0.88 0.89 0.86 0.81 0.76 0.69
 26   0.61 0.59 0.59 0.61 0.64 0.67 0.71 0.75 0.79 0.82 0.84 0.82 0.80 0.78 0.77 0.77 0.79 0.82 0.86 0.89 0.90 0.89 0.86 0.82
 27   0.74 0.68 0.62 0.60 0.61 0.63 0.67 0.72 0.77 0.82 0.87 0.90 0.88 0.84 0.80 0.76 0.72 0.70 0.70 0.71 0.73 0.75 0.77 0.76
 28   0.73 0.68 0.64 0.60 0.56 0.55 0.58 0.63 0.70 0.78 0.86 0.92 0.97 0.94 0.89 0.82 0.75 0.68 0.62 0.62 0.64 0.66 0.69 0.74
 29   0.76 0.74 0.70 0.65 0.58 0.52 0.52 0.57 0.63 0.72 0.82 0.92 0.99 1.00 0.96 0.86 0.76 0.66 0.60 0.57 0.57 0.62 0.70 0.78
 30   0.81 0.82 0.78 0.70 0.62 0.54 0.47 0.50 0.58 0.67 0.79 0.92 1.03 1.07 1.04 0.95 0.82 0.70 0.59 0.52 0.50 0.54 0.60 0.70
 31   0.76 0.78 0.76 0.70 0.62 0.54 0.47 0.45 0.50 0.60 0.72 0.84 0.96 1.06 1.07 1.01 0.87 0.74 0.60 0.49 0.44 0.48 0.54 0.64
 ----------------------------------------------------------------------------------------------------------------------------
                                                                                               
 ----------------------------------------------------------------------------------------------------------------------------
 ----------------------------------------------------------------------------------------------------------------------------
                                                          SURVEY OF INDIA
                                                    MARINE GEODESY WING (G&RB)
                                                     HOURLY HEIGHTS IN METRES
  NAME OF PORT:- TUTICORIN                                                                          MONTH JUNE      YEAR 2011
 ----------------------------------------------------------------------------------------------------------------------------
 DAYS 0000 0001 0002 0003 0004 0005 0006 0007 0008 0009 0010 0011 0012 0013 0014 0015 0016 0017 0018 0019 0020 0021 0022 0023
 ----------------------------------------------------------------------------------------------------------------------------
  1   0.74 0.79 0.79 0.74 0.64 0.53 0.44 0.38 0.39 0.47 0.61 0.77 0.92 1.04 1.07 1.02 0.88 0.73 0.57 0.44 0.35 0.35 0.39 0.47
  2   0.56 0.68 0.75 0.72 0.62 0.50 0.39 0.33 0.32 0.37 0.50 0.66 0.81 0.96 1.05 1.06 0.96 0.83 0.67 0.52 0.42 0.37 0.41 0.49
  3   0.58 0.70 0.79 0.78 0.72 0.62 0.51 0.42 0.34 0.34 0.42 0.56 0.71 0.86 1.01 1.10 1.08 0.97 0.81 0.65 0.50 0.39 0.36 0.44
  4   0.54 0.65 0.76 0.83 0.79 0.72 0.61 0.48 0.37 0.33 0.39 0.50 0.63 0.78 0.93 1.04 1.06 0.99 0.85 0.71 0.57 0.42 0.32 0.36
  5   0.43 0.53 0.66 0.75 0.78 0.74 0.65 0.55 0.43 0.34 0.35 0.44 0.57 0.71 0.85 0.97 1.05 1.05 0.97 0.85 0.70 0.55 0.43 0.41
  6   0.46 0.55 0.64 0.73 0.81 0.81 0.76 0.66 0.56 0.46 0.38 0.40 0.51 0.64 0.78 0.90 0.97 0.97 0.93 0.83 0.69 0.53 0.40 0.35
  7   0.39 0.46 0.57 0.69 0.78 0.83 0.81 0.74 0.67 0.59 0.52 0.46 0.50 0.61 0.72 0.83 0.94 1.01 1.00 0.92 0.81 0.69 0.57 0.49
  8   0.43 0.50 0.58 0.67 0.75 0.82 0.87 0.85 0.79 0.73 0.67 0.62 0.61 0.65 0.72 0.79 0.86 0.93 0.97 0.94 0.85 0.76 0.65 0.54
  9   0.47 0.49 0.52 0.58 0.67 0.75 0.83 0.87 0.86 0.80 0.74 0.68 0.64 0.64 0.67 0.70 0.74 0.78 0.82 0.84 0.80 0.75 0.68 0.60
 10   0.48 0.44 0.45 0.48 0.55 0.62 0.70 0.77 0.83 0.85 0.83 0.78 0.72 0.68 0.65 0.65 0.66 0.68 0.70 0.72 0.74 0.73 0.69 0.64
 11   0.56 0.48 0.44 0.43 0.48 0.56 0.64 0.72 0.81 0.89 0.95 0.96 0.92 0.85 0.79 0.73 0.68 0.65 0.67 0.70 0.73 0.74 0.74 0.72
 12   0.68 0.59 0.53 0.49 0.46 0.47 0.52 0.61 0.72 0.84 0.95 1.00 0.99 0.92 0.85 0.77 0.68 0.60 0.55 0.53 0.56 0.62 0.67 0.70
 13   0.68 0.63 0.57 0.50 0.43 0.37 0.39 0.46 0.56 0.67 0.78 0.87 0.91 0.90 0.83 0.71 0.60 0.50 0.41 0.34 0.32 0.37 0.44 0.51
 14   0.60 0.62 0.57 0.49 0.38 0.31 0.28 0.29 0.34 0.45 0.60 0.76 0.88 0.94 0.92 0.82 0.64 0.48 0.37 0.28 0.25 0.26 0.33 0.42
 15   0.52 0.60 0.60 0.54 0.45 0.33 0.23 0.20 0.23 0.32 0.47 0.63 0.77 0.88 0.91 0.86 0.73 0.59 0.45 0.33 0.26 0.25 0.29 0.40
 16   0.53 0.59 0.63 0.62 0.55 0.44 0.33 0.24 0.22 0.26 0.39 0.54 0.69 0.85 0.95 0.93 0.83 0.69 0.53 0.40 0.28 0.23 0.26 0.31
 17   0.43 0.55 0.65 0.68 0.63 0.54 0.40 0.28 0.19 0.21 0.29 0.42 0.58 0.73 0.86 0.90 0.87 0.75 0.56 0.40 0.27 0.22 0.21 0.27
 18   0.37 0.49 0.62 0.68 0.67 0.60 0.49 0.38 0.27 0.20 0.24 0.37 0.50 0.65 0.80 0.88 0.88 0.82 0.68 0.50 0.35 0.26 0.24 0.27
 19   0.31 0.44 0.57 0.68 0.72 0.68 0.60 0.50 0.37 0.26 0.26 0.33 0.43 0.56 0.70 0.83 0.90 0.88 0.79 0.65 0.48 0.33 0.24 0.24
 20   0.31 0.40 0.52 0.63 0.72 0.74 0.69 0.60 0.46 0.34 0.27 0.30 0.37 0.47 0.61 0.74 0.82 0.83 0.78 0.64 0.50 0.38 0.27 0.21
 21   0.24 0.30 0.41 0.51 0.61 0.67 0.66 0.60 0.52 0.43 0.37 0.34 0.39 0.48 0.59 0.70 0.79 0.84 0.83 0.73 0.59 0.46 0.35 0.28
 22   0.29 0.36 0.44 0.54 0.63 0.70 0.73 0.70 0.63 0.55 0.47 0.41 0.41 0.47 0.56 0.66 0.74 0.79 0.79 0.72 0.63 0.53 0.43 0.34
 23   0.31 0.35 0.42 0.49 0.58 0.66 0.71 0.73 0.71 0.67 0.62 0.59 0.58 0.62 0.67 0.74 0.80 0.85 0.88 0.85 0.78 0.70 0.60 0.52
 24   0.46 0.45 0.50 0.56 0.63 0.70 0.78 0.83 0.84 0.82 0.76 0.71 0.66 0.63 0.63 0.65 0.68 0.71 0.73 0.73 0.69 0.63 0.55 0.49
 25   0.39 0.39 0.41 0.45 0.50 0.56 0.62 0.67 0.72 0.76 0.76 0.73 0.67 0.62 0.59 0.56 0.55 0.56 0.58 0.61 0.62 0.59 0.56 0.53
 26   0.47 0.43 0.39 0.39 0.42 0.48 0.54 0.61 0.67 0.72 0.76 0.79 0.76 0.70 0.64 0.60 0.56 0.54 0.55 0.57 0.60 0.64 0.64 0.61
 27   0.56 0.52 0.49 0.46 0.45 0.46 0.49 0.56 0.63 0.71 0.79 0.84 0.86 0.83 0.76 0.69 0.62 0.56 0.53 0.52 0.54 0.57 0.60 0.63
 28   0.63 0.60 0.56 0.51 0.46 0.42 0.42 0.45 0.51 0.61 0.71 0.81 0.89 0.90 0.86 0.78 0.66 0.54 0.46 0.40 0.39 0.42 0.47 0.53
 29   0.58 0.59 0.56 0.51 0.45 0.40 0.36 0.39 0.45 0.55 0.66 0.77 0.89 0.99 0.98 0.87 0.74 0.62 0.50 0.42 0.36 0.38 0.44 0.54
 30   0.64 0.68 0.68 0.64 0.56 0.48 0.39 0.36 0.40 0.50 0.64 0.78 0.91 1.02 1.07 1.02 0.90 0.77 0.63 0.50 0.43 0.43 0.49 0.59
 ----------------------------------------------------------------------------------------------------------------------------
                                                                                               
 ----------------------------------------------------------------------------------------------------------------------------
 ----------------------------------------------------------------------------------------------------------------------------
                                                          SURVEY OF INDIA
                                                    MARINE GEODESY WING (G&RB)
                                                     HOURLY HEIGHTS IN METRES
  NAME OF PORT:- TUTICORIN                                                                          MONTH JULY      YEAR 2011
 ----------------------------------------------------------------------------------------------------------------------------
 DAYS 0000 0001 0002 0003 0004 0005 0006 0007 0008 0009 0010 0011 0012 0013 0014 0015 0016 0017 0018 0019 0020 0021 0022 0023
 ----------------------------------------------------------------------------------------------------------------------------
  1   0.68 0.77 0.82 0.80 0.72 0.62 0.52 0.44 0.43 0.48 0.59 0.75 0.90 1.05 1.16 1.13 1.05 0.89 0.72 0.54 0.43 0.39 0.42 0.53
  2   0.65 0.77 0.85 0.87 0.80 0.71 0.61 0.49 0.39 0.41 0.52 0.64 0.78 0.94 1.07 1.14 1.06 0.95 0.80 0.60 0.45 0.36 0.38 0.43
  3   0.50 0.64 0.79 0.87 0.85 0.75 0.62 0.50 0.37 0.30 0.35 0.47 0.60 0.74 0.90 1.00 1.02 0.97 0.83 0.66 0.48 0.34 0.27 0.31
  4   0.38 0.52 0.67 0.79 0.81 0.75 0.66 0.54 0.41 0.32 0.31 0.40 0.50 0.64 0.79 0.92 0.98 0.97 0.84 0.67 0.53 0.40 0.30 0.27
  5   0.35 0.49 0.65 0.79 0.87 0.87 0.80 0.70 0.58 0.48 0.40 0.46 0.55 0.66 0.79 0.91 1.02 1.04 0.99 0.87 0.73 0.59 0.46 0.42
  6   0.44 0.50 0.63 0.79 0.92 0.96 0.92 0.82 0.71 0.61 0.51 0.48 0.53 0.63 0.73 0.83 0.93 0.99 0.95 0.84 0.70 0.56 0.43 0.34
  7   0.37 0.43 0.54 0.65 0.77 0.87 0.90 0.86 0.78 0.69 0.61 0.53 0.54 0.60 0.67 0.75 0.82 0.89 0.90 0.85 0.74 0.62 0.49 0.39
  8   0.32 0.36 0.44 0.53 0.64 0.74 0.82 0.85 0.81 0.75 0.67 0.58 0.52 0.53 0.59 0.65 0.70 0.75 0.79 0.77 0.73 0.65 0.55 0.45
  9   0.36 0.37 0.41 0.49 0.58 0.68 0.77 0.83 0.86 0.85 0.82 0.77 0.71 0.68 0.69 0.70 0.71 0.73 0.75 0.75 0.73 0.69 0.63 0.57
 10   0.48 0.45 0.46 0.48 0.54 0.61 0.68 0.74 0.80 0.85 0.85 0.81 0.76 0.71 0.68 0.65 0.63 0.62 0.63 0.63 0.63 0.62 0.60 0.57
 11   0.48 0.42 0.37 0.36 0.39 0.43 0.49 0.57 0.65 0.73 0.81 0.85 0.81 0.77 0.72 0.66 0.59 0.54 0.50 0.48 0.47 0.49 0.52 0.55
 12   0.59 0.53 0.46 0.42 0.38 0.38 0.40 0.45 0.51 0.62 0.76 0.86 0.90 0.87 0.81 0.73 0.65 0.58 0.51 0.44 0.44 0.49 0.55 0.61
 13   0.69 0.69 0.66 0.59 0.53 0.47 0.41 0.43 0.51 0.62 0.73 0.84 0.91 0.95 0.93 0.86 0.74 0.63 0.54 0.45 0.40 0.41 0.46 0.54
 14   0.63 0.72 0.72 0.65 0.56 0.47 0.40 0.35 0.36 0.46 0.58 0.72 0.85 0.94 0.99 0.94 0.82 0.69 0.56 0.45 0.37 0.37 0.43 0.49
 15   0.59 0.70 0.76 0.72 0.62 0.51 0.41 0.32 0.28 0.33 0.43 0.60 0.78 0.92 1.01 1.00 0.89 0.75 0.60 0.45 0.34 0.30 0.34 0.42
 16   0.51 0.63 0.72 0.75 0.69 0.57 0.45 0.34 0.27 0.28 0.36 0.48 0.62 0.78 0.91 0.95 0.89 0.77 0.62 0.46 0.33 0.24 0.26 0.35
 17   0.47 0.64 0.76 0.83 0.81 0.72 0.60 0.45 0.33 0.27 0.33 0.48 0.64 0.78 0.91 1.00 0.99 0.91 0.75 0.60 0.47 0.35 0.32 0.36
 18   0.41 0.57 0.77 0.87 0.89 0.84 0.74 0.62 0.49 0.39 0.39 0.47 0.59 0.73 0.86 0.98 1.02 0.95 0.82 0.67 0.51 0.36 0.29 0.33
 19   0.41 0.53 0.67 0.79 0.90 0.88 0.78 0.67 0.53 0.41 0.37 0.42 0.52 0.65 0.78 0.90 0.96 0.94 0.86 0.71 0.56 0.40 0.28 0.28
 20   0.37 0.47 0.57 0.67 0.76 0.81 0.76 0.66 0.53 0.44 0.37 0.37 0.44 0.55 0.69 0.79 0.86 0.86 0.81 0.71 0.58 0.44 0.32 0.27
 21   0.33 0.44 0.57 0.70 0.81 0.87 0.85 0.77 0.68 0.60 0.51 0.45 0.47 0.56 0.65 0.75 0.84 0.89 0.86 0.77 0.67 0.55 0.43 0.35
 22   0.39 0.45 0.55 0.66 0.77 0.86 0.88 0.84 0.78 0.71 0.62 0.55 0.55 0.59 0.66 0.73 0.79 0.83 0.83 0.78 0.70 0.59 0.48 0.36
 23   0.34 0.42 0.50 0.58 0.66 0.73 0.79 0.80 0.76 0.71 0.65 0.59 0.55 0.56 0.59 0.63 0.67 0.71 0.72 0.70 0.65 0.59 0.51 0.44
 24   0.33 0.37 0.43 0.49 0.57 0.64 0.71 0.76 0.75 0.73 0.69 0.65 0.61 0.60 0.61 0.63 0.65 0.66 0.67 0.65 0.61 0.57 0.53 0.49
 25   0.42 0.41 0.44 0.47 0.52 0.58 0.63 0.67 0.71 0.74 0.75 0.74 0.72 0.70 0.68 0.66 0.64 0.62 0.60 0.58 0.56 0.54 0.52 0.50
 26   0.48 0.46 0.45 0.47 0.50 0.53 0.57 0.63 0.69 0.75 0.81 0.85 0.83 0.78 0.73 0.67 0.61 0.56 0.51 0.48 0.51 0.55 0.58 0.59
 27   0.58 0.55 0.52 0.50 0.48 0.47 0.50 0.55 0.61 0.69 0.76 0.84 0.90 0.87 0.80 0.73 0.65 0.58 0.51 0.48 0.49 0.53 0.56 0.59
 28   0.61 0.61 0.57 0.51 0.47 0.45 0.44 0.46 0.52 0.60 0.72 0.83 0.93 0.97 0.93 0.85 0.73 0.61 0.50 0.43 0.42 0.45 0.50 0.58
 29   0.65 0.69 0.70 0.65 0.58 0.51 0.45 0.41 0.42 0.50 0.61 0.75 0.86 0.95 0.98 0.92 0.79 0.63 0.50 0.39 0.32 0.35 0.41 0.50
 30   0.58 0.71 0.78 0.74 0.63 0.52 0.44 0.36 0.31 0.37 0.49 0.64 0.78 0.90 1.00 0.96 0.86 0.70 0.54 0.40 0.30 0.25 0.29 0.38
 31   0.53 0.69 0.78 0.76 0.67 0.57 0.46 0.36 0.26 0.27 0.39 0.54 0.70 0.85 0.97 1.01 0.97 0.82 0.62 0.44 0.31 0.24 0.25 0.34
 ----------------------------------------------------------------------------------------------------------------------------
                                                                                               
 ----------------------------------------------------------------------------------------------------------------------------
 ----------------------------------------------------------------------------------------------------------------------------
                                                          SURVEY OF INDIA
                                                    MARINE GEODESY WING (G&RB)
                                                     HOURLY HEIGHTS IN METRES
  NAME OF PORT:- TUTICORIN                                                                          MONTH AUGUST    YEAR 2011
 ----------------------------------------------------------------------------------------------------------------------------
 DAYS 0000 0001 0002 0003 0004 0005 0006 0007 0008 0009 0010 0011 0012 0013 0014 0015 0016 0017 0018 0019 0020 0021 0022 0023
 ----------------------------------------------------------------------------------------------------------------------------
  1   0.47 0.63 0.77 0.83 0.79 0.68 0.56 0.42 0.31 0.28 0.34 0.45 0.59 0.74 0.89 1.00 0.99 0.89 0.74 0.58 0.39 0.27 0.23 0.27
  2   0.38 0.61 0.79 0.89 0.90 0.84 0.72 0.60 0.48 0.39 0.39 0.47 0.58 0.73 0.87 0.97 1.00 0.93 0.80 0.62 0.45 0.29 0.23 0.26
  3   0.37 0.49 0.68 0.83 0.92 0.91 0.81 0.69 0.55 0.43 0.36 0.40 0.50 0.62 0.76 0.89 0.97 0.95 0.86 0.70 0.55 0.37 0.25 0.25
  4   0.37 0.51 0.67 0.83 0.95 0.97 0.91 0.81 0.69 0.57 0.50 0.49 0.56 0.66 0.76 0.86 0.96 0.96 0.91 0.78 0.65 0.51 0.36 0.34
  5   0.40 0.54 0.69 0.83 0.95 1.04 1.05 0.95 0.85 0.73 0.61 0.52 0.56 0.62 0.71 0.79 0.86 0.90 0.88 0.80 0.69 0.55 0.43 0.33
  6   0.33 0.43 0.53 0.66 0.79 0.89 0.96 0.96 0.90 0.80 0.70 0.63 0.61 0.65 0.70 0.75 0.80 0.83 0.81 0.76 0.67 0.57 0.48 0.39
  7   0.27 0.35 0.45 0.55 0.64 0.73 0.80 0.83 0.81 0.77 0.70 0.64 0.61 0.62 0.65 0.69 0.73 0.77 0.79 0.77 0.74 0.69 0.61 0.52
  8   0.46 0.40 0.44 0.51 0.59 0.67 0.75 0.82 0.87 0.89 0.86 0.81 0.78 0.75 0.73 0.71 0.69 0.67 0.65 0.63 0.61 0.59 0.57 0.55
  9   0.54 0.53 0.52 0.54 0.58 0.63 0.69 0.75 0.81 0.85 0.88 0.88 0.86 0.83 0.79 0.75 0.71 0.67 0.63 0.62 0.63 0.65 0.67 0.69
 10   0.69 0.67 0.65 0.63 0.61 0.62 0.64 0.68 0.73 0.79 0.86 0.92 0.95 0.94 0.89 0.83 0.76 0.68 0.61 0.55 0.55 0.59 0.64 0.69
 11   0.71 0.73 0.69 0.63 0.57 0.53 0.49 0.51 0.58 0.67 0.78 0.88 0.97 0.99 0.95 0.86 0.77 0.67 0.57 0.48 0.47 0.50 0.57 0.67
 12   0.74 0.79 0.79 0.71 0.63 0.53 0.46 0.42 0.47 0.55 0.67 0.80 0.91 1.01 1.02 0.95 0.83 0.69 0.56 0.47 0.39 0.36 0.41 0.53
 13   0.68 0.80 0.86 0.82 0.73 0.62 0.50 0.38 0.36 0.42 0.54 0.68 0.83 0.97 1.02 1.01 0.91 0.77 0.61 0.47 0.36 0.34 0.39 0.50
 14   0.66 0.79 0.87 0.89 0.80 0.70 0.59 0.49 0.43 0.46 0.55 0.66 0.80 0.96 1.07 1.09 1.01 0.87 0.71 0.55 0.41 0.33 0.39 0.49
 15   0.61 0.79 0.91 0.95 0.92 0.81 0.67 0.52 0.40 0.36 0.45 0.57 0.72 0.88 0.99 1.04 0.97 0.85 0.69 0.53 0.37 0.28 0.31 0.40
 16   0.51 0.69 0.83 0.91 0.93 0.83 0.70 0.56 0.42 0.35 0.41 0.49 0.63 0.78 0.91 1.01 1.03 0.93 0.75 0.59 0.43 0.31 0.25 0.35
 17   0.47 0.64 0.82 0.94 0.98 0.93 0.81 0.69 0.57 0.46 0.43 0.53 0.65 0.77 0.91 1.04 1.06 1.00 0.87 0.71 0.54 0.39 0.34 0.39
 18   0.52 0.67 0.82 0.94 1.02 1.03 0.94 0.80 0.68 0.56 0.49 0.52 0.62 0.73 0.86 0.98 1.05 1.00 0.90 0.74 0.57 0.43 0.35 0.36
 19   0.47 0.60 0.73 0.86 0.97 0.99 0.93 0.82 0.69 0.56 0.43 0.42 0.50 0.62 0.73 0.84 0.89 0.88 0.80 0.68 0.55 0.41 0.30 0.26
 20   0.32 0.44 0.56 0.68 0.78 0.86 0.84 0.77 0.67 0.58 0.51 0.46 0.48 0.56 0.66 0.76 0.83 0.84 0.78 0.69 0.60 0.50 0.40 0.35
 21   0.41 0.47 0.57 0.68 0.78 0.84 0.86 0.82 0.75 0.67 0.59 0.52 0.52 0.59 0.66 0.73 0.79 0.82 0.80 0.73 0.64 0.54 0.46 0.41
 22   0.42 0.48 0.58 0.68 0.77 0.84 0.86 0.84 0.80 0.74 0.68 0.63 0.61 0.62 0.64 0.68 0.73 0.76 0.76 0.71 0.64 0.56 0.49 0.44
 23   0.42 0.46 0.51 0.58 0.65 0.72 0.78 0.82 0.82 0.81 0.79 0.77 0.76 0.75 0.74 0.73 0.72 0.71 0.69 0.67 0.64 0.62 0.60 0.58
 24   0.55 0.55 0.57 0.60 0.63 0.66 0.69 0.72 0.75 0.78 0.81 0.82 0.80 0.78 0.75 0.72 0.69 0.66 0.63 0.62 0.61 0.62 0.64 0.65
 25   0.63 0.61 0.59 0.58 0.57 0.57 0.60 0.66 0.72 0.78 0.85 0.91 0.95 0.94 0.88 0.82 0.75 0.67 0.59 0.56 0.58 0.61 0.66 0.71
 26   0.75 0.74 0.71 0.66 0.61 0.57 0.56 0.58 0.62 0.71 0.80 0.89 0.97 0.98 0.92 0.83 0.74 0.62 0.52 0.46 0.47 0.53 0.62 0.71
 27   0.79 0.84 0.81 0.74 0.66 0.57 0.51 0.48 0.52 0.61 0.72 0.84 0.96 1.06 1.07 0.98 0.84 0.68 0.54 0.47 0.44 0.46 0.54 0.68
 28   0.79 0.88 0.92 0.88 0.78 0.65 0.54 0.42 0.42 0.49 0.59 0.73 0.89 1.06 1.10 1.03 0.91 0.74 0.60 0.48 0.40 0.37 0.47 0.63
 29   0.74 0.88 0.99 0.98 0.88 0.75 0.60 0.45 0.35 0.38 0.49 0.65 0.82 0.98 1.09 1.08 1.00 0.83 0.63 0.45 0.35 0.31 0.42 0.58
 30   0.70 0.88 1.05 1.08 0.99 0.85 0.69 0.52 0.40 0.41 0.49 0.62 0.77 0.92 1.05 1.11 1.03 0.87 0.70 0.54 0.37 0.28 0.34 0.46
 31   0.62 0.88 1.06 1.14 1.10 0.96 0.80 0.62 0.48 0.40 0.42 0.56 0.70 0.86 0.99 1.04 0.98 0.82 0.63 0.46 0.32 0.24 0.26 0.35
 ----------------------------------------------------------------------------------------------------------------------------
                                                                                               
 ----------------------------------------------------------------------------------------------------------------------------
 ----------------------------------------------------------------------------------------------------------------------------
                                                          SURVEY OF INDIA
                                                    MARINE GEODESY WING (G&RB)
                                                     HOURLY HEIGHTS IN METRES
  NAME OF PORT:- TUTICORIN                                                                          MONTH SEPT      YEAR 2011
 ----------------------------------------------------------------------------------------------------------------------------
 DAYS 0000 0001 0002 0003 0004 0005 0006 0007 0008 0009 0010 0011 0012 0013 0014 0015 0016 0017 0018 0019 0020 0021 0022 0023
 ----------------------------------------------------------------------------------------------------------------------------
  1   0.53 0.75 0.96 1.08 1.12 1.08 0.96 0.76 0.55 0.43 0.42 0.48 0.58 0.68 0.81 0.94 1.00 0.95 0.79 0.61 0.45 0.34 0.27 0.34
  2   0.47 0.66 0.84 1.02 1.12 1.11 0.99 0.84 0.70 0.54 0.43 0.45 0.52 0.60 0.71 0.81 0.91 0.90 0.80 0.66 0.51 0.36 0.24 0.23
  3   0.35 0.52 0.69 0.85 0.98 1.04 0.98 0.87 0.75 0.63 0.51 0.48 0.53 0.60 0.68 0.76 0.82 0.83 0.78 0.70 0.58 0.46 0.35 0.30
  4   0.31 0.43 0.56 0.69 0.81 0.92 0.92 0.84 0.75 0.65 0.56 0.49 0.52 0.56 0.61 0.67 0.73 0.76 0.74 0.68 0.59 0.50 0.42 0.36
  5   0.35 0.41 0.50 0.60 0.70 0.79 0.85 0.83 0.78 0.71 0.64 0.59 0.56 0.58 0.61 0.65 0.69 0.71 0.70 0.66 0.62 0.58 0.53 0.47
  6   0.44 0.47 0.52 0.58 0.64 0.70 0.75 0.80 0.81 0.78 0.75 0.71 0.68 0.67 0.66 0.66 0.65 0.64 0.63 0.61 0.59 0.58 0.57 0.56
  7   0.55 0.54 0.56 0.59 0.62 0.65 0.69 0.73 0.78 0.83 0.86 0.86 0.82 0.78 0.74 0.70 0.67 0.64 0.61 0.59 0.60 0.64 0.68 0.71
  8   0.71 0.70 0.68 0.65 0.62 0.60 0.61 0.64 0.68 0.73 0.78 0.84 0.87 0.86 0.82 0.77 0.71 0.64 0.56 0.53 0.54 0.58 0.63 0.71
  9   0.78 0.80 0.77 0.72 0.65 0.58 0.52 0.53 0.58 0.66 0.76 0.84 0.89 0.92 0.90 0.83 0.72 0.60 0.48 0.43 0.45 0.52 0.61 0.71
 10   0.80 0.86 0.86 0.81 0.72 0.61 0.49 0.43 0.48 0.56 0.66 0.78 0.91 0.99 0.99 0.90 0.80 0.66 0.52 0.44 0.43 0.46 0.54 0.67
 11   0.86 0.96 1.00 0.97 0.88 0.74 0.58 0.45 0.43 0.51 0.62 0.76 0.90 1.01 1.06 1.02 0.91 0.75 0.59 0.46 0.40 0.46 0.54 0.66
 12   0.80 0.96 1.07 1.03 0.94 0.80 0.62 0.47 0.39 0.45 0.56 0.69 0.84 0.98 1.07 1.07 0.99 0.82 0.63 0.48 0.37 0.39 0.47 0.60
 13   0.75 0.91 1.02 1.04 0.95 0.80 0.63 0.46 0.33 0.34 0.42 0.54 0.69 0.83 0.94 0.98 0.92 0.76 0.58 0.42 0.31 0.28 0.36 0.49
 14   0.66 0.82 0.95 1.01 0.97 0.85 0.68 0.49 0.35 0.33 0.42 0.54 0.67 0.83 0.94 0.99 0.96 0.84 0.66 0.50 0.36 0.31 0.36 0.43
 15   0.57 0.74 0.88 0.98 0.97 0.87 0.73 0.57 0.42 0.32 0.33 0.43 0.57 0.71 0.85 0.93 0.91 0.79 0.65 0.49 0.35 0.29 0.30 0.39
 16   0.55 0.69 0.85 0.97 0.99 0.93 0.82 0.66 0.51 0.39 0.37 0.41 0.53 0.65 0.78 0.90 0.93 0.85 0.75 0.62 0.47 0.35 0.29 0.34
 17   0.50 0.64 0.80 0.93 0.99 0.98 0.88 0.73 0.60 0.48 0.39 0.41 0.48 0.59 0.71 0.83 0.89 0.85 0.75 0.63 0.49 0.36 0.32 0.36
 18   0.44 0.59 0.71 0.83 0.92 0.94 0.88 0.77 0.67 0.57 0.49 0.49 0.56 0.64 0.72 0.81 0.90 0.89 0.82 0.73 0.62 0.50 0.41 0.40
 19   0.48 0.58 0.70 0.81 0.90 0.96 0.95 0.89 0.80 0.69 0.60 0.57 0.59 0.63 0.69 0.76 0.84 0.85 0.79 0.70 0.60 0.51 0.42 0.40
 20   0.47 0.54 0.63 0.72 0.81 0.87 0.89 0.83 0.77 0.70 0.63 0.58 0.58 0.60 0.65 0.70 0.73 0.75 0.73 0.67 0.61 0.55 0.51 0.48
 21   0.51 0.58 0.64 0.71 0.78 0.83 0.85 0.85 0.83 0.81 0.78 0.75 0.73 0.73 0.74 0.76 0.77 0.78 0.77 0.75 0.72 0.69 0.68 0.67
 22   0.66 0.67 0.68 0.70 0.72 0.74 0.77 0.80 0.83 0.86 0.87 0.86 0.83 0.80 0.77 0.74 0.71 0.68 0.66 0.66 0.67 0.69 0.70 0.69
 23   0.67 0.66 0.65 0.64 0.63 0.64 0.66 0.69 0.74 0.80 0.87 0.90 0.90 0.88 0.84 0.79 0.74 0.69 0.65 0.65 0.66 0.69 0.73 0.79
 24   0.84 0.83 0.79 0.75 0.69 0.63 0.59 0.61 0.65 0.73 0.82 0.91 0.96 0.95 0.90 0.81 0.71 0.60 0.52 0.51 0.55 0.61 0.69 0.80
 25   0.87 0.89 0.84 0.76 0.66 0.57 0.48 0.43 0.49 0.58 0.69 0.81 0.91 0.94 0.91 0.84 0.70 0.57 0.45 0.36 0.38 0.48 0.58 0.71
 26   0.86 0.92 0.90 0.82 0.71 0.57 0.45 0.38 0.36 0.42 0.53 0.67 0.79 0.91 0.95 0.90 0.76 0.61 0.48 0.36 0.33 0.39 0.52 0.68
 27   0.87 1.00 1.03 0.99 0.88 0.72 0.57 0.45 0.40 0.43 0.50 0.65 0.81 0.95 1.01 0.98 0.87 0.69 0.50 0.35 0.28 0.33 0.45 0.58
 28   0.83 1.00 1.09 1.07 0.99 0.83 0.64 0.48 0.37 0.37 0.43 0.56 0.73 0.90 0.98 0.99 0.92 0.75 0.57 0.40 0.30 0.29 0.35 0.50
 29   0.76 0.94 1.08 1.14 1.09 0.95 0.78 0.60 0.44 0.38 0.43 0.50 0.63 0.78 0.91 0.98 0.96 0.86 0.70 0.52 0.34 0.29 0.33 0.44
 30   0.67 0.89 1.05 1.17 1.20 1.10 0.94 0.77 0.59 0.47 0.48 0.55 0.63 0.75 0.87 0.97 1.00 0.91 0.77 0.60 0.45 0.36 0.36 0.41
 ----------------------------------------------------------------------------------------------------------------------------
                                                                                               
 ----------------------------------------------------------------------------------------------------------------------------
 ----------------------------------------------------------------------------------------------------------------------------
                                                          SURVEY OF INDIA
                                                    MARINE GEODESY WING (G&RB)
                                                     HOURLY HEIGHTS IN METRES
  NAME OF PORT:- TUTICORIN                                                                          MONTH OCTOBER   YEAR 2011
 ----------------------------------------------------------------------------------------------------------------------------
 DAYS 0000 0001 0002 0003 0004 0005 0006 0007 0008 0009 0010 0011 0012 0013 0014 0015 0016 0017 0018 0019 0020 0021 0022 0023
 ----------------------------------------------------------------------------------------------------------------------------
  1   0.56 0.77 0.93 1.05 1.14 1.08 0.95 0.80 0.63 0.47 0.43 0.46 0.55 0.65 0.76 0.86 0.91 0.86 0.75 0.63 0.52 0.42 0.35 0.36
  2   0.47 0.62 0.79 0.93 1.02 1.04 0.98 0.86 0.71 0.56 0.50 0.49 0.53 0.60 0.68 0.78 0.83 0.83 0.77 0.68 0.60 0.50 0.41 0.37
  3   0.49 0.59 0.70 0.83 0.95 1.00 0.97 0.88 0.78 0.65 0.56 0.53 0.54 0.59 0.66 0.73 0.77 0.79 0.72 0.65 0.57 0.50 0.43 0.36
  4   0.38 0.47 0.55 0.64 0.73 0.78 0.79 0.76 0.70 0.63 0.57 0.51 0.50 0.54 0.59 0.64 0.68 0.70 0.70 0.66 0.62 0.58 0.54 0.51
  5   0.53 0.57 0.62 0.67 0.72 0.77 0.81 0.82 0.80 0.77 0.73 0.70 0.68 0.67 0.66 0.67 0.68 0.69 0.70 0.71 0.72 0.72 0.71 0.70
  6   0.69 0.68 0.69 0.70 0.71 0.73 0.75 0.77 0.79 0.81 0.81 0.79 0.75 0.71 0.68 0.65 0.63 0.61 0.60 0.61 0.63 0.66 0.70 0.75
  7   0.79 0.77 0.73 0.68 0.66 0.65 0.66 0.68 0.71 0.75 0.79 0.83 0.82 0.79 0.75 0.70 0.65 0.59 0.54 0.55 0.60 0.65 0.70 0.75
  8   0.83 0.85 0.79 0.70 0.62 0.55 0.51 0.53 0.58 0.67 0.77 0.88 0.93 0.91 0.87 0.81 0.72 0.65 0.59 0.54 0.56 0.61 0.71 0.83
  9   0.92 0.96 0.91 0.84 0.76 0.65 0.55 0.54 0.59 0.66 0.75 0.85 0.93 0.96 0.93 0.87 0.76 0.65 0.55 0.49 0.52 0.60 0.70 0.81
 10   0.96 1.01 0.98 0.91 0.79 0.65 0.52 0.48 0.50 0.59 0.69 0.80 0.90 0.97 0.95 0.87 0.75 0.63 0.51 0.43 0.46 0.53 0.62 0.76
 11   0.90 1.01 1.03 0.97 0.86 0.71 0.57 0.47 0.43 0.47 0.58 0.72 0.86 0.95 0.99 0.95 0.83 0.69 0.55 0.45 0.41 0.48 0.58 0.71
 12   0.95 1.05 1.11 1.07 0.96 0.81 0.64 0.49 0.45 0.49 0.57 0.69 0.81 0.93 0.99 0.95 0.85 0.73 0.58 0.42 0.34 0.38 0.50 0.66
 13   0.83 0.99 1.08 1.07 0.98 0.85 0.68 0.51 0.39 0.38 0.43 0.55 0.69 0.82 0.91 0.95 0.85 0.74 0.60 0.44 0.34 0.34 0.41 0.53
 14   0.77 0.95 1.09 1.13 1.09 1.00 0.82 0.64 0.50 0.41 0.44 0.54 0.67 0.80 0.92 0.98 0.92 0.82 0.68 0.53 0.40 0.37 0.45 0.60
 15   0.72 0.87 0.98 1.07 1.08 0.99 0.83 0.69 0.55 0.44 0.44 0.51 0.61 0.75 0.90 0.96 0.95 0.86 0.76 0.64 0.53 0.44 0.45 0.55
 16   0.74 0.86 0.97 1.08 1.13 1.06 0.93 0.78 0.64 0.52 0.48 0.53 0.60 0.70 0.81 0.91 0.92 0.84 0.73 0.62 0.49 0.38 0.36 0.44
 17   0.60 0.74 0.88 0.99 1.02 0.99 0.90 0.79 0.66 0.55 0.46 0.47 0.54 0.64 0.74 0.82 0.86 0.82 0.74 0.65 0.58 0.54 0.52 0.58
 18   0.64 0.74 0.84 0.94 1.03 1.03 0.97 0.88 0.77 0.67 0.58 0.55 0.59 0.66 0.74 0.82 0.89 0.89 0.82 0.75 0.68 0.61 0.56 0.58
 19   0.64 0.70 0.78 0.86 0.93 0.96 0.93 0.87 0.80 0.72 0.66 0.62 0.63 0.67 0.74 0.80 0.84 0.86 0.85 0.80 0.74 0.69 0.64 0.60
 20   0.64 0.71 0.77 0.83 0.89 0.93 0.96 0.94 0.91 0.86 0.80 0.75 0.70 0.72 0.74 0.77 0.79 0.81 0.82 0.79 0.76 0.72 0.69 0.66
 21   0.66 0.68 0.70 0.73 0.76 0.79 0.82 0.85 0.86 0.84 0.80 0.76 0.72 0.70 0.69 0.68 0.67 0.68 0.70 0.72 0.74 0.76 0.77 0.76
 22   0.74 0.73 0.72 0.71 0.70 0.72 0.74 0.76 0.78 0.80 0.82 0.81 0.78 0.75 0.72 0.69 0.66 0.64 0.64 0.68 0.74 0.80 0.86 0.88
 23   0.91 0.85 0.80 0.75 0.70 0.66 0.66 0.68 0.72 0.78 0.86 0.92 0.92 0.88 0.82 0.74 0.66 0.60 0.57 0.60 0.66 0.75 0.84 0.94
 24   1.04 0.95 0.86 0.78 0.70 0.63 0.57 0.56 0.62 0.71 0.81 0.90 0.95 0.94 0.90 0.82 0.71 0.61 0.54 0.54 0.60 0.70 0.82 0.95
 25   1.11 1.14 1.09 0.99 0.85 0.71 0.57 0.49 0.53 0.61 0.74 0.87 0.98 1.02 0.98 0.90 0.76 0.64 0.53 0.47 0.52 0.63 0.77 0.94
 26   1.06 1.18 1.16 1.08 0.94 0.78 0.64 0.52 0.48 0.55 0.66 0.80 0.92 1.03 1.03 0.92 0.80 0.64 0.47 0.36 0.39 0.50 0.64 0.83
 27   1.03 1.18 1.24 1.18 1.06 0.89 0.72 0.57 0.47 0.48 0.57 0.69 0.81 0.92 1.00 0.98 0.86 0.73 0.55 0.38 0.34 0.42 0.53 0.70
 28   0.92 1.08 1.21 1.24 1.14 0.99 0.82 0.63 0.49 0.48 0.54 0.63 0.74 0.85 0.95 0.97 0.91 0.81 0.67 0.52 0.40 0.40 0.52 0.64
 29   0.74 0.94 1.08 1.18 1.17 1.06 0.88 0.69 0.50 0.39 0.42 0.53 0.65 0.79 0.93 0.98 0.94 0.84 0.71 0.57 0.44 0.36 0.42 0.52
 30   0.68 0.84 0.99 1.12 1.13 1.04 0.92 0.78 0.64 0.50 0.46 0.51 0.61 0.71 0.80 0.89 0.92 0.86 0.76 0.65 0.53 0.46 0.43 0.51
 31   0.64 0.80 0.96 1.07 1.14 1.12 1.04 0.93 0.79 0.65 0.57 0.61 0.68 0.77 0.87 0.94 0.98 0.96 0.90 0.83 0.74 0.65 0.57 0.60
 ----------------------------------------------------------------------------------------------------------------------------
                                                                                               
 ----------------------------------------------------------------------------------------------------------------------------
 ----------------------------------------------------------------------------------------------------------------------------
                                                          SURVEY OF INDIA
                                                    MARINE GEODESY WING (G&RB)
                                                     HOURLY HEIGHTS IN METRES
  NAME OF PORT:- TUTICORIN                                                                          MONTH NOVEMBER  YEAR 2011
 ----------------------------------------------------------------------------------------------------------------------------
 DAYS 0000 0001 0002 0003 0004 0005 0006 0007 0008 0009 0010 0011 0012 0013 0014 0015 0016 0017 0018 0019 0020 0021 0022 0023
 ----------------------------------------------------------------------------------------------------------------------------
  1   0.70 0.81 0.92 1.04 1.15 1.18 1.13 1.02 0.88 0.76 0.64 0.58 0.64 0.70 0.76 0.82 0.88 0.92 0.91 0.86 0.78 0.68 0.58 0.56
  2   0.62 0.71 0.80 0.88 0.96 1.04 1.05 1.00 0.91 0.80 0.70 0.62 0.59 0.62 0.66 0.70 0.75 0.80 0.83 0.81 0.77 0.72 0.68 0.63
  3   0.64 0.68 0.73 0.79 0.85 0.90 0.93 0.92 0.87 0.80 0.73 0.67 0.62 0.61 0.62 0.65 0.68 0.71 0.74 0.76 0.78 0.79 0.77 0.74
  4   0.71 0.70 0.72 0.74 0.76 0.79 0.82 0.85 0.86 0.83 0.79 0.75 0.70 0.66 0.64 0.63 0.62 0.64 0.67 0.70 0.75 0.80 0.85 0.87
  5   0.85 0.82 0.78 0.75 0.72 0.72 0.74 0.76 0.79 0.82 0.85 0.82 0.78 0.74 0.70 0.66 0.63 0.62 0.63 0.68 0.75 0.82 0.88 0.92
  6   0.93 0.90 0.84 0.77 0.71 0.67 0.65 0.67 0.72 0.78 0.83 0.86 0.84 0.79 0.72 0.66 0.60 0.55 0.53 0.56 0.64 0.74 0.84 0.93
  7   0.98 0.97 0.89 0.78 0.68 0.61 0.58 0.57 0.60 0.65 0.74 0.82 0.88 0.87 0.83 0.76 0.68 0.60 0.56 0.57 0.64 0.76 0.88 0.98
  8   1.08 1.10 1.06 0.95 0.81 0.70 0.62 0.58 0.62 0.67 0.75 0.84 0.92 0.94 0.88 0.79 0.69 0.59 0.51 0.48 0.54 0.65 0.76 0.90
  9   1.02 1.11 1.08 0.98 0.85 0.69 0.57 0.47 0.46 0.52 0.60 0.70 0.79 0.85 0.87 0.80 0.70 0.58 0.46 0.39 0.39 0.48 0.60 0.75
 10   0.96 1.04 1.06 0.99 0.85 0.69 0.56 0.45 0.38 0.40 0.48 0.60 0.73 0.82 0.85 0.81 0.72 0.61 0.48 0.35 0.33 0.42 0.52 0.65
 11   0.84 0.97 1.02 1.00 0.90 0.76 0.60 0.45 0.34 0.36 0.45 0.56 0.68 0.80 0.86 0.84 0.76 0.64 0.50 0.40 0.35 0.40 0.53 0.67
 12   0.86 1.02 1.10 1.10 1.02 0.90 0.75 0.59 0.45 0.40 0.46 0.56 0.67 0.78 0.89 0.91 0.85 0.76 0.64 0.52 0.42 0.41 0.51 0.64
 13   0.81 0.99 1.11 1.15 1.10 1.01 0.85 0.68 0.50 0.40 0.43 0.52 0.62 0.72 0.82 0.86 0.84 0.75 0.64 0.52 0.42 0.35 0.39 0.50
 14   0.68 0.82 0.96 1.04 1.04 0.94 0.81 0.68 0.54 0.42 0.36 0.40 0.49 0.59 0.69 0.79 0.79 0.70 0.62 0.52 0.43 0.35 0.36 0.44
 15   0.54 0.69 0.81 0.91 0.97 0.93 0.85 0.73 0.59 0.46 0.41 0.43 0.47 0.53 0.63 0.72 0.79 0.77 0.71 0.63 0.55 0.47 0.42 0.45
 16   0.55 0.65 0.76 0.87 0.96 0.98 0.93 0.85 0.71 0.57 0.47 0.45 0.48 0.53 0.61 0.70 0.78 0.81 0.78 0.74 0.68 0.61 0.53 0.52
 17   0.59 0.66 0.73 0.79 0.85 0.91 0.89 0.83 0.74 0.63 0.53 0.46 0.48 0.52 0.57 0.63 0.69 0.73 0.73 0.69 0.65 0.60 0.55 0.52
 18   0.55 0.60 0.66 0.72 0.78 0.84 0.86 0.83 0.78 0.72 0.64 0.57 0.54 0.56 0.59 0.62 0.66 0.71 0.76 0.77 0.76 0.73 0.69 0.64
 19   0.61 0.64 0.68 0.72 0.76 0.80 0.83 0.86 0.83 0.78 0.72 0.66 0.60 0.56 0.55 0.59 0.63 0.67 0.71 0.75 0.78 0.81 0.79 0.76
 20   0.73 0.71 0.69 0.68 0.70 0.72 0.74 0.76 0.78 0.79 0.78 0.73 0.68 0.63 0.59 0.57 0.57 0.59 0.66 0.74 0.82 0.88 0.93 0.93
 21   0.89 0.83 0.78 0.73 0.68 0.63 0.64 0.67 0.71 0.76 0.78 0.76 0.71 0.64 0.58 0.54 0.50 0.48 0.51 0.59 0.70 0.80 0.90 0.98
 22   1.02 0.96 0.87 0.79 0.71 0.65 0.61 0.62 0.66 0.74 0.81 0.85 0.86 0.81 0.74 0.64 0.57 0.51 0.49 0.55 0.66 0.79 0.91 1.04
 23   1.13 1.12 1.07 0.95 0.82 0.73 0.65 0.58 0.57 0.63 0.70 0.79 0.83 0.84 0.79 0.71 0.59 0.51 0.45 0.45 0.53 0.64 0.79 0.97
 24   1.14 1.18 1.13 1.02 0.86 0.70 0.59 0.49 0.47 0.53 0.62 0.74 0.84 0.89 0.87 0.79 0.67 0.51 0.39 0.37 0.44 0.55 0.74 0.92
 25   1.10 1.20 1.21 1.13 0.98 0.83 0.67 0.55 0.50 0.53 0.60 0.69 0.81 0.91 0.95 0.89 0.80 0.69 0.54 0.42 0.42 0.49 0.63 0.83
 26   0.92 1.12 1.20 1.18 1.07 0.92 0.77 0.62 0.54 0.57 0.62 0.70 0.79 0.91 1.01 1.01 0.92 0.80 0.66 0.52 0.46 0.48 0.58 0.71
 27   0.83 1.00 1.14 1.19 1.14 1.01 0.86 0.71 0.58 0.52 0.58 0.68 0.79 0.92 1.05 1.11 1.09 1.01 0.86 0.69 0.56 0.50 0.55 0.66
 28   0.79 0.93 1.08 1.17 1.18 1.10 0.95 0.79 0.65 0.54 0.50 0.57 0.65 0.74 0.84 0.91 0.94 0.90 0.83 0.73 0.64 0.54 0.50 0.59
 29   0.73 0.85 0.98 1.08 1.11 1.09 0.97 0.79 0.64 0.52 0.46 0.43 0.50 0.60 0.71 0.80 0.89 0.91 0.85 0.76 0.67 0.58 0.51 0.54
 30   0.62 0.75 0.87 0.97 1.04 1.04 0.96 0.83 0.71 0.57 0.46 0.45 0.49 0.56 0.65 0.73 0.80 0.86 0.87 0.82 0.74 0.67 0.60 0.56
 ----------------------------------------------------------------------------------------------------------------------------
                                                                                               
 ----------------------------------------------------------------------------------------------------------------------------
 ----------------------------------------------------------------------------------------------------------------------------
                                                          SURVEY OF INDIA
                                                    MARINE GEODESY WING (G&RB)
                                                     HOURLY HEIGHTS IN METRES
  NAME OF PORT:- TUTICORIN                                                                          MONTH DECEMBER  YEAR 2011
 ----------------------------------------------------------------------------------------------------------------------------
 DAYS 0000 0001 0002 0003 0004 0005 0006 0007 0008 0009 0010 0011 0012 0013 0014 0015 0016 0017 0018 0019 0020 0021 0022 0023
 ----------------------------------------------------------------------------------------------------------------------------
  1   0.62 0.70 0.80 0.89 0.97 1.00 0.98 0.92 0.81 0.70 0.57 0.49 0.50 0.55 0.62 0.69 0.75 0.81 0.85 0.83 0.78 0.73 0.68 0.63
  2   0.63 0.69 0.76 0.83 0.90 0.96 0.97 0.94 0.87 0.78 0.69 0.62 0.58 0.60 0.65 0.71 0.77 0.83 0.88 0.90 0.89 0.86 0.82 0.77
  3   0.74 0.75 0.78 0.83 0.88 0.93 0.96 0.95 0.90 0.82 0.74 0.68 0.64 0.63 0.65 0.68 0.72 0.76 0.80 0.84 0.88 0.91 0.89 0.87
  4   0.85 0.83 0.81 0.82 0.83 0.85 0.87 0.89 0.89 0.85 0.79 0.73 0.68 0.65 0.64 0.64 0.67 0.71 0.75 0.79 0.83 0.87 0.91 0.91
  5   0.88 0.84 0.80 0.76 0.73 0.70 0.71 0.74 0.77 0.81 0.82 0.77 0.72 0.67 0.64 0.63 0.62 0.65 0.69 0.75 0.82 0.89 0.95 1.01
  6   1.03 0.98 0.92 0.85 0.78 0.73 0.70 0.71 0.73 0.77 0.81 0.85 0.85 0.81 0.75 0.69 0.65 0.62 0.61 0.65 0.73 0.83 0.91 0.98
  7   1.04 1.02 0.93 0.81 0.71 0.63 0.59 0.58 0.60 0.65 0.70 0.75 0.80 0.80 0.74 0.67 0.59 0.51 0.47 0.51 0.58 0.68 0.80 0.91
  8   0.98 0.99 0.95 0.85 0.71 0.61 0.52 0.47 0.51 0.59 0.67 0.74 0.78 0.79 0.77 0.71 0.62 0.53 0.47 0.47 0.53 0.65 0.76 0.89
  9   0.99 1.01 0.94 0.84 0.74 0.64 0.53 0.42 0.38 0.43 0.53 0.63 0.73 0.81 0.82 0.78 0.70 0.59 0.51 0.46 0.47 0.55 0.67 0.84
 10   0.95 1.03 1.05 0.93 0.81 0.67 0.53 0.39 0.31 0.37 0.50 0.63 0.75 0.86 0.89 0.87 0.79 0.67 0.56 0.49 0.45 0.50 0.63 0.79
 11   0.94 1.07 1.20 1.17 1.08 0.95 0.79 0.64 0.54 0.52 0.58 0.67 0.76 0.85 0.92 0.92 0.88 0.77 0.65 0.53 0.45 0.47 0.55 0.70
 12   0.90 1.05 1.14 1.18 1.13 1.00 0.84 0.65 0.51 0.46 0.45 0.52 0.62 0.75 0.84 0.88 0.84 0.76 0.64 0.53 0.45 0.42 0.48 0.61
 13   0.71 0.90 1.02 1.10 1.09 1.01 0.86 0.70 0.55 0.45 0.39 0.47 0.57 0.69 0.79 0.86 0.85 0.77 0.67 0.56 0.47 0.41 0.44 0.56
 14   0.67 0.79 0.95 1.07 1.12 1.07 0.95 0.80 0.65 0.54 0.48 0.49 0.57 0.66 0.77 0.88 0.94 0.89 0.79 0.69 0.60 0.51 0.47 0.51
 15   0.61 0.75 0.87 0.98 1.08 1.08 1.00 0.87 0.74 0.62 0.50 0.46 0.51 0.60 0.70 0.80 0.87 0.88 0.81 0.73 0.65 0.57 0.49 0.49
 16   0.55 0.65 0.75 0.86 0.95 1.01 0.98 0.89 0.79 0.66 0.53 0.44 0.46 0.53 0.63 0.75 0.85 0.89 0.89 0.84 0.77 0.70 0.63 0.56
 17   0.57 0.64 0.72 0.81 0.90 0.97 0.99 0.93 0.85 0.74 0.59 0.52 0.51 0.55 0.63 0.73 0.83 0.89 0.92 0.91 0.87 0.82 0.75 0.66
 18   0.65 0.71 0.77 0.83 0.89 0.95 0.97 0.95 0.89 0.82 0.71 0.61 0.54 0.55 0.61 0.69 0.79 0.88 0.94 0.95 0.91 0.86 0.80 0.73
 19   0.65 0.62 0.67 0.75 0.85 0.93 0.97 0.98 0.94 0.87 0.77 0.67 0.61 0.57 0.56 0.58 0.62 0.69 0.78 0.86 0.92 0.96 0.97 0.92
 20   0.85 0.81 0.78 0.76 0.74 0.75 0.78 0.82 0.84 0.84 0.81 0.75 0.68 0.59 0.54 0.50 0.52 0.56 0.60 0.65 0.71 0.77 0.82 0.84
 21   0.82 0.80 0.78 0.76 0.74 0.72 0.70 0.71 0.74 0.77 0.79 0.80 0.76 0.71 0.66 0.61 0.57 0.58 0.61 0.67 0.73 0.80 0.86 0.90
 22   0.92 0.90 0.86 0.80 0.75 0.70 0.65 0.62 0.64 0.67 0.73 0.80 0.82 0.78 0.70 0.62 0.55 0.48 0.45 0.48 0.56 0.69 0.82 0.95
 23   1.02 1.06 0.99 0.89 0.77 0.68 0.59 0.51 0.49 0.55 0.61 0.69 0.75 0.79 0.76 0.67 0.58 0.47 0.40 0.39 0.46 0.55 0.69 0.83
 24   0.97 1.07 1.09 1.01 0.87 0.73 0.59 0.49 0.42 0.44 0.50 0.61 0.71 0.79 0.83 0.79 0.71 0.59 0.47 0.39 0.37 0.45 0.59 0.73
 25   0.90 1.07 1.14 1.08 0.97 0.85 0.70 0.57 0.47 0.43 0.49 0.58 0.70 0.81 0.88 0.89 0.83 0.74 0.63 0.52 0.44 0.47 0.56 0.67
 26   0.82 0.99 1.10 1.12 1.05 0.90 0.74 0.60 0.46 0.35 0.36 0.44 0.56 0.70 0.84 0.91 0.91 0.83 0.69 0.55 0.44 0.38 0.45 0.58
 27   0.69 0.89 1.05 1.13 1.09 0.97 0.81 0.64 0.51 0.41 0.39 0.45 0.56 0.69 0.84 0.97 1.00 0.94 0.82 0.69 0.58 0.51 0.49 0.58
 28   0.73 0.91 1.05 1.15 1.19 1.13 1.00 0.82 0.66 0.52 0.44 0.48 0.56 0.68 0.82 0.95 1.04 1.01 0.93 0.84 0.73 0.63 0.57 0.61
 29   0.73 0.86 0.99 1.11 1.19 1.17 1.07 0.93 0.78 0.61 0.45 0.46 0.53 0.62 0.73 0.84 0.94 0.97 0.91 0.82 0.71 0.60 0.53 0.53
 30   0.59 0.67 0.77 0.87 0.97 1.03 0.96 0.84 0.72 0.58 0.48 0.41 0.43 0.49 0.59 0.72 0.84 0.91 0.93 0.89 0.83 0.75 0.66 0.63
 31   0.65 0.74 0.84 0.94 1.04 1.11 1.09 0.99 0.87 0.75 0.63 0.54 0.54 0.59 0.68 0.77 0.86 0.94 0.99 0.99 0.94 0.89 0.85 0.80
 ----------------------------------------------------------------------------------------------------------------------------
                                                                                               
 ----------------------------------------------------------------------------------------------------------------------------
 ----------------------------------------------------------------------------------------------------------------------------
