                                                          SURVEY OF INDIA
                                                    MARINE GEODESY WING (G&RB)
                                                     HOURLY HEIGHTS IN METRES
  NAME OF PORT:- PARADIP                                                                            MONTH JANUARY   YEAR 2008
 ----------------------------------------------------------------------------------------------------------------------------
 DAYS 0000 0001 0002 0003 0004 0005 0006 0007 0008 0009 0010 0011 0012 0013 0014 0015 0016 0017 0018 0019 0020 0021 0022 0023
 ----------------------------------------------------------------------------------------------------------------------------
  1   1.96 2.06 2.12 2.06 1.93 1.73 1.52 1.35 1.27 1.28 1.38 1.56 1.73 1.94 2.08 2.14 2.11 2.02 1.88 1.74 1.62 1.56 1.57 1.64
  2   1.76 1.90 1.98 2.02 1.98 1.88 1.74 1.58 1.42 1.28 1.28 1.36 1.52 1.67 1.86 2.02 2.10 2.10 2.02 1.90 1.74 1.61 1.50 1.47
  3   1.54 1.64 1.73 1.82 1.86 1.86 1.79 1.68 1.54 1.40 1.30 1.29 1.36 1.54 1.72 1.92 2.06 2.19 2.21 2.12 1.97 1.80 1.64 1.49
  4   1.45 1.50 1.59 1.74 1.86 1.94 1.96 1.88 1.74 1.54 1.39 1.27 1.26 1.34 1.54 1.76 2.01 2.19 2.28 2.28 2.18 1.98 1.74 1.55
  5   1.44 1.43 1.49 1.62 1.77 1.92 2.01 2.00 1.89 1.72 1.48 1.30 1.18 1.19 1.32 1.55 1.84 2.12 2.32 2.44 2.39 2.23 1.98 1.68
  6   1.48 1.35 1.32 1.44 1.64 1.85 2.04 2.14 2.11 1.97 1.72 1.45 1.23 1.12 1.15 1.35 1.64 1.98 2.28 2.44 2.50 2.38 2.12 1.81
  7   1.52 1.31 1.24 1.26 1.45 1.68 1.96 2.14 2.18 2.10 1.89 1.57 1.28 1.06 1.02 1.14 1.44 1.80 2.15 2.44 2.53 2.52 2.32 2.00
  8   1.66 1.38 1.18 1.14 1.28 1.54 1.84 2.11 2.24 2.22 2.08 1.77 1.42 1.11 0.93 0.93 1.16 1.52 1.93 2.37 2.59 2.66 2.54 2.19
  9   1.82 1.44 1.16 1.04 1.12 1.34 1.66 1.97 2.19 2.28 2.18 1.94 1.58 1.24 0.96 0.89 1.06 1.34 1.77 2.20 2.52 2.67 2.64 2.46
 10   2.10 1.69 1.30 1.04 0.99 1.15 1.44 1.82 2.12 2.32 2.33 2.14 1.83 1.44 1.12 0.92 0.94 1.15 1.50 1.94 2.36 2.64 2.72 2.60
 11   2.34 1.94 1.52 1.17 1.02 1.06 1.30 1.66 2.02 2.30 2.40 2.34 2.14 1.77 1.38 1.06 0.96 1.06 1.34 1.75 2.20 2.54 2.70 2.67
 12   2.48 2.13 1.71 1.28 1.05 0.97 1.10 1.38 1.78 2.16 2.36 2.38 2.24 1.96 1.60 1.24 1.05 1.04 1.19 1.52 1.93 2.34 2.58 2.68
 13   2.60 2.32 1.91 1.48 1.14 0.99 1.04 1.27 1.59 1.96 2.26 2.39 2.36 2.21 1.93 1.57 1.27 1.14 1.18 1.38 1.70 2.08 2.41 2.58
 14   2.56 2.39 2.10 1.74 1.36 1.12 1.02 1.10 1.34 1.65 2.00 2.22 2.32 2.29 2.12 1.82 1.50 1.29 1.20 1.24 1.42 1.70 2.00 2.28
 15   2.40 2.38 2.22 1.92 1.56 1.24 1.06 1.02 1.13 1.36 1.70 1.99 2.19 2.30 2.24 2.08 1.82 1.56 1.36 1.28 1.30 1.45 1.66 1.94
 16   2.14 2.24 2.22 2.06 1.84 1.54 1.27 1.10 1.08 1.14 1.38 1.66 1.93 2.13 2.22 2.18 2.06 1.85 1.63 1.45 1.36 1.36 1.45 1.62
 17   1.81 1.96 2.06 2.05 1.94 1.74 1.52 1.30 1.12 1.08 1.18 1.36 1.61 1.86 2.06 2.16 2.17 2.09 1.94 1.75 1.56 1.42 1.36 1.41
 18   1.54 1.70 1.86 1.97 1.97 1.88 1.70 1.50 1.30 1.16 1.07 1.11 1.26 1.51 1.76 2.00 2.17 2.24 2.20 2.04 1.82 1.60 1.40 1.28
 19   1.28 1.41 1.58 1.76 1.90 1.96 1.93 1.81 1.62 1.38 1.18 1.06 1.05 1.19 1.45 1.74 2.02 2.25 2.34 2.32 2.20 1.94 1.66 1.37
 20   1.20 1.16 1.24 1.44 1.68 1.90 2.02 2.04 1.92 1.70 1.42 1.17 0.99 0.96 1.08 1.34 1.67 2.04 2.32 2.47 2.44 2.25 1.94 1.56
 21
 22
 23
 24
 25
 26   2.45 2.09 1.67 1.29 0.99 0.93 1.05 1.35 1.75 2.13 2.40 2.44 2.33 2.03 1.67 1.31 1.08 1.07 1.19 1.48 1.83 2.23 2.49 2.59
 27   2.54 2.26 1.85 1.46 1.14 0.97 1.00 1.20 1.55 1.93 2.22 2.34 2.33 2.19 1.92 1.59 1.30 1.15 1.15 1.31 1.58 1.92 2.19 2.37
 28   2.39 2.25 1.93 1.58 1.27 1.03 0.96 1.07 1.29 1.63 1.93 2.15 2.23 2.17 1.98 1.73 1.46 1.25 1.21 1.27 1.45 1.71 1.95 2.13
 29   2.22 2.14 1.97 1.72 1.43 1.17 1.04 1.05 1.17 1.43 1.68 1.93 2.09 2.13 2.06 1.88 1.67 1.46 1.33 1.32 1.40 1.55 1.75 1.92
 30   2.04 2.04 1.96 1.80 1.59 1.38 1.19 1.15 1.18 1.33 1.53 1.73 1.91 2.01 2.03 1.98 1.85 1.69 1.56 1.45 1.45 1.49 1.61 1.74
 31   1.85 1.91 1.90 1.85 1.70 1.55 1.38 1.26 1.21 1.27 1.39 1.55 1.71 1.85 1.94 1.97 1.94 1.86 1.75 1.64 1.57 1.54 1.55 1.59
 ----------------------------------------------------------------------------------------------------------------------------
                                                                                               
 ----------------------------------------------------------------------------------------------------------------------------
 ----------------------------------------------------------------------------------------------------------------------------
                                                          SURVEY OF INDIA
                                                    MARINE GEODESY WING (G&RB)
                                                     HOURLY HEIGHTS IN METRES
  NAME OF PORT:- PARADIP                                                                            MONTH FEBRUARY  YEAR 2008
 ----------------------------------------------------------------------------------------------------------------------------
 DAYS 0000 0001 0002 0003 0004 0005 0006 0007 0008 0009 0010 0011 0012 0013 0014 0015 0016 0017 0018 0019 0020 0021 0022 0023
 ----------------------------------------------------------------------------------------------------------------------------
  1   1.68 1.76 1.79 1.79 1.74 1.66 1.55 1.43 1.37 1.35 1.37 1.43 1.55 1.69 1.81 1.90 1.97 2.00 1.98 1.91 1.80 1.69 1.60 1.57
  2   1.57 1.62 1.67 1.72 1.75 1.75 1.71 1.65 1.54 1.45 1.38 1.34 1.37 1.45 1.61 1.77 1.93 2.05 2.11 2.07 1.95 1.81 1.64 1.51
  3   1.44 1.42 1.48 1.55 1.67 1.77 1.82 1.80 1.70 1.55 1.40 1.25 1.21 1.25 1.37 1.58 1.83 2.03 2.19 2.23 2.15 1.97 1.75 1.49
  4   1.33 1.25 1.28 1.41 1.59 1.76 1.92 1.97 1.89 1.71 1.49 1.27 1.10 1.05 1.13 1.36 1.67 1.97 2.25 2.36 2.31 2.13 1.85 1.55
  5   1.31 1.15 1.13 1.21 1.41 1.67 1.89 2.05 2.05 1.90 1.63 1.33 1.05 0.92 0.91 1.10 1.45 1.83 2.17 2.39 2.45 2.35 2.11 1.73
  6   1.37 1.12 0.98 1.03 1.23 1.53 1.85 2.08 2.20 2.14 1.90 1.58 1.22 0.95 0.83 0.91 1.20 1.61 2.03 2.39 2.54 2.52 2.27 1.91
  7   1.51 1.16 0.92 0.86 1.01 1.31 1.65 2.00 2.22 2.27 2.19 1.77 1.37 0.99 0.77 0.77 1.01 1.39 1.87 2.29 2.56 2.63 2.47 2.17
  8   1.73 1.28 0.93 0.76 0.82 1.11 1.51 1.93 2.26 2.41 2.37 2.12 1.74 1.31 0.95 0.78 0.81 1.07 1.51 1.98 2.41 2.65 2.65 2.45
  9   2.01 1.53 1.08 0.81 0.72 0.87 1.21 1.65 2.08 2.35 2.45 2.32 2.01 1.53 1.13 0.83 0.73 0.89 1.29 1.77 2.23 2.55 2.65 2.52
 10   2.23 1.81 1.29 0.93 0.73 0.75 1.04 1.45 1.91 2.29 2.49 2.44 2.21 1.84 1.34 0.97 0.75 0.73 0.95 1.33 1.77 2.17 2.41 2.46
 11   2.30 1.94 1.45 1.01 0.68 0.57 0.71 1.01 1.43 1.87 2.17 2.32 2.27 2.07 1.69 1.29 0.97 0.81 0.89 1.15 1.51 1.91 2.21 2.35
 12   2.29 2.05 1.67 1.25 0.89 0.71 0.69 0.89 1.33 1.73 2.10 2.32 2.38 2.25 1.97 1.61 1.29 1.09 1.05 1.14 1.39 1.70 2.03 2.23
 13   2.28 2.16 1.91 1.55 1.20 0.93 0.85 0.95 1.11 1.43 1.78 2.05 2.25 2.27 2.16 1.93 1.65 1.41 1.24 1.20 1.28 1.49 1.74 2.00
 14   2.12 2.10 1.97 1.74 1.48 1.21 1.05 1.00 1.05 1.21 1.48 1.72 1.95 2.08 2.11 2.02 1.85 1.65 1.47 1.36 1.33 1.35 1.47 1.61
 15   1.78 1.87 1.91 1.83 1.67 1.49 1.30 1.16 1.11 1.15 1.27 1.45 1.64 1.82 1.95 2.02 2.01 1.91 1.79 1.65 1.53 1.41 1.37 1.39
 16   1.49 1.59 1.69 1.74 1.74 1.66 1.55 1.42 1.29 1.21 1.16 1.19 1.30 1.49 1.67 1.83 1.97 2.03 2.01 1.91 1.76 1.58 1.41 1.29
 17   1.25 1.31 1.44 1.57 1.71 1.79 1.79 1.72 1.59 1.43 1.25 1.13 1.09 1.20 1.40 1.61 1.87 2.07 2.20 2.22 2.11 1.91 1.66 1.39
 18   1.21 1.13 1.19 1.35 1.54 1.75 1.88 1.93 1.87 1.70 1.49 1.24 1.04 0.95 1.04 1.25 1.55 1.91 2.21 2.38 2.37 2.20 1.88 1.51
 19   1.20 0.99 0.93 1.03 1.28 1.57 1.85 2.06 2.11 2.01 1.75 1.42 1.09 0.87 0.83 1.01 1.33 1.73 2.11 2.39 2.49 2.41 2.15 1.75
 20   1.36 1.02 0.80 0.89 1.03 1.35 1.73 2.07 2.23 2.19 1.98 1.65 1.23 0.91 0.73 0.75 0.99 1.36 1.81 2.22 2.52 2.54 2.35 1.99
 21   1.53 1.11 0.78 0.68 0.78 1.11 1.51 1.92 2.23 2.35 2.24 1.93 1.53 1.13 0.87 0.74 0.80 1.22 1.69 2.16 2.48 2.62 2.53 2.27
 22   1.83 1.39 0.97 0.73 0.71 0.96 1.36 1.81 2.23 2.43 2.41 2.16 1.76 1.35 0.97 0.80 0.82 1.08 1.49 1.93 2.33 2.54 2.55 2.33
 23   1.95 1.49 1.07 0.77 0.70 0.88 1.24 1.69 2.13 2.40 2.49 2.39 2.13 1.73 1.23 0.97 0.84 0.98 1.29 1.69 2.11 2.41 2.52 2.43
 24   2.17 1.75 1.33 0.97 0.80 0.84 1.09 1.49 1.91 2.29 2.47 2.48 2.27 1.91 1.51 1.15 0.95 0.96 1.19 1.53 1.89 2.21 2.41 2.43
 25   2.29 1.97 1.55 1.18 0.91 0.85 1.02 1.35 1.74 2.08 2.34 2.42 2.32 2.07 1.71 1.37 1.10 1.02 1.11 1.37 1.71 2.02 2.25 2.30
 26   2.18 1.90 1.56 1.23 0.97 0.88 0.99 1.24 1.55 1.89 2.17 2.31 2.29 2.12 1.84 1.54 1.25 1.12 1.16 1.33 1.59 1.85 2.07 2.19
 27   2.18 2.01 1.78 1.47 1.18 1.02 1.03 1.17 1.40 1.68 1.96 2.13 2.19 2.14 1.95 1.73 1.48 1.32 1.25 1.32 1.47 1.67 1.88 2.01
 28   2.01 1.94 1.76 1.52 1.28 1.13 1.08 1.13 1.31 1.54 1.79 1.99 2.11 2.11 2.03 1.87 1.67 1.52 1.43 1.44 1.51 1.61 1.75 1.88
 29   1.93 1.90 1.82 1.68 1.50 1.35 1.23 1.23 1.32 1.47 1.63 1.79 1.93 1.99 1.99 1.93 1.83 1.73 1.63 1.59 1.57 1.58 1.64 1.71
 ----------------------------------------------------------------------------------------------------------------------------
                                                                                               
 ----------------------------------------------------------------------------------------------------------------------------
 ----------------------------------------------------------------------------------------------------------------------------
                                                          SURVEY OF INDIA
                                                    MARINE GEODESY WING (G&RB)
                                                     HOURLY HEIGHTS IN METRES
  NAME OF PORT:- PARADIP                                                                            MONTH MARCH     YEAR 2008
 ----------------------------------------------------------------------------------------------------------------------------
 DAYS 0000 0001 0002 0003 0004 0005 0006 0007 0008 0009 0010 0011 0012 0013 0014 0015 0016 0017 0018 0019 0020 0021 0022 0023
 ----------------------------------------------------------------------------------------------------------------------------
  1   1.78 1.80 1.78 1.73 1.63 1.54 1.45 1.40 1.36 1.40 1.48 1.57 1.67 1.77 1.86 1.92 1.91 1.87 1.81 1.74 1.67 1.62 1.57 1.57
  2   1.59 1.62 1.65 1.67 1.67 1.66 1.62 1.55 1.50 1.45 1.42 1.43 1.50 1.60 1.74 1.86 1.95 2.01 2.01 1.98 1.88 1.75 1.61 1.52
  3   1.46 1.45 1.52 1.60 1.68 1.75 1.78 1.76 1.65 1.53 1.41 1.31 1.30 1.35 1.47 1.64 1.83 1.98 2.11 2.13 2.04 1.88 1.65 1.46
  4   1.31 1.27 1.32 1.44 1.59 1.76 1.90 1.95 1.92 1.76 1.55 1.33 1.18 1.13 1.24 1.46 1.72 1.99 2.21 2.31 2.26 2.07 1.80 1.47
  5   1.26 1.13 1.14 1.26 1.46 1.72 1.97 2.10 2.09 1.94 1.68 1.36 1.09 0.96 0.99 1.19 1.51 1.84 2.16 2.36 2.41 2.27 1.95 1.56
  6   1.25 0.98 0.89 1.01 1.28 1.63 1.96 2.18 2.27 2.18 1.91 1.54 1.18 0.93 0.85 0.98 1.31 1.74 2.16 2.46 2.57 2.45 2.16 1.71
  7   1.31 0.96 0.79 0.79 1.05 1.46 1.90 2.25 2.44 2.42 2.19 1.79 1.33 0.98 0.79 0.86 1.14 1.57 2.03 2.43 2.64 2.64 2.42 2.00
  8   1.46 1.02 0.72 0.66 0.88 1.29 1.81 2.23 2.52 2.59 2.48 2.13 1.66 1.22 0.88 0.73 0.89 1.25 1.74 2.24 2.58 2.69 2.56 2.23
  9   1.67 1.21 0.82 0.61 0.70 1.01 1.46 1.96 2.40 2.65 2.64 2.42 2.00 1.50 1.07 0.80 0.79 1.03 1.47 1.97 2.38 2.61 2.65 2.45
 10   2.09 1.56 1.08 0.75 0.60 0.73 1.10 1.60 2.13 2.51 2.65 2.56 2.26 1.83 1.34 1.00 0.81 0.87 1.17 1.59 2.07 2.40 2.56 2.47
 11   2.21 1.75 1.27 0.87 0.67 0.70 1.00 1.40 1.88 2.31 2.57 2.65 2.52 2.19 1.73 1.30 1.05 0.95 1.09 1.41 1.83 2.17 2.39 2.45
 12   2.33 2.05 1.63 1.25 0.95 0.81 0.89 1.19 1.53 1.93 2.25 2.44 2.43 2.26 1.91 1.56 1.27 1.07 1.05 1.19 1.43 1.75 2.03 2.17
 13   2.22 2.10 1.81 1.47 1.15 0.96 0.89 1.01 1.25 1.57 1.91 2.17 2.29 2.29 2.17 1.93 1.65 1.41 1.25 1.21 1.30 1.49 1.73 1.96
 14   2.07 2.06 1.93 1.73 1.48 1.28 1.12 1.09 1.19 1.39 1.62 1.88 2.05 2.13 2.12 2.03 1.86 1.66 1.50 1.39 1.37 1.43 1.53 1.68
 15   1.81 1.87 1.86 1.80 1.68 1.54 1.38 1.29 1.27 1.30 1.40 1.56 1.74 1.89 2.00 2.04 2.03 1.95 1.84 1.69 1.56 1.45 1.42 1.46
 16   1.58 1.63 1.70 1.76 1.78 1.74 1.66 1.56 1.46 1.39 1.36 1.36 1.45 1.60 1.79 1.95 2.08 2.16 2.16 2.05 1.88 1.68 1.53 1.41
 17   1.35 1.40 1.52 1.65 1.77 1.89 1.94 1.89 1.76 1.61 1.43 1.30 1.28 1.38 1.55 1.78 2.01 2.21 2.33 2.33 2.18 1.94 1.68 1.41
 18   1.23 1.17 1.26 1.46 1.68 1.90 2.09 2.14 2.08 1.90 1.67 1.42 1.23 1.17 1.26 1.49 1.79 2.12 2.36 2.45 2.40 2.21 1.88 1.52
 19   1.23 1.04 1.04 1.18 1.47 1.81 2.10 2.30 2.32 2.17 1.88 1.56 1.24 1.05 1.04 1.23 1.57 1.94 2.28 2.50 2.54 2.38 2.13 1.68
 20   1.34 1.03 0.89 0.98 1.27 1.64 2.04 2.32 2.41 2.36 2.11 1.76 1.37 1.09 0.95 1.01 1.28 1.67 2.08 2.40 2.57 2.53 2.28 1.83
 21   1.41 1.00 0.80 0.82 1.06 1.43 1.88 2.26 2.48 2.52 2.39 2.00 1.56 1.15 0.89 0.87 1.07 1.41 1.88 2.24 2.46 2.49 2.35 1.97
 22   1.56 1.15 0.81 0.72 0.86 1.22 1.67 2.09 2.39 2.51 2.41 2.08 1.65 1.26 0.90 0.80 0.90 1.21 1.61 2.06 2.35 2.48 2.43 2.12
 23   1.73 1.27 0.91 0.71 0.77 1.05 1.45 1.95 2.33 2.51 2.49 2.30 1.93 1.51 1.09 0.86 0.85 1.07 1.46 1.89 2.26 2.43 2.39 2.19
 24   1.87 1.39 1.03 0.77 0.73 0.90 1.28 1.74 2.17 2.46 2.53 2.40 2.09 1.64 1.22 0.97 0.90 1.02 1.33 1.70 2.07 2.31 2.38 2.28
 25   2.01 1.59 1.18 0.87 0.79 0.91 1.22 1.61 1.99 2.33 2.49 2.46 2.28 1.96 1.55 1.21 1.01 1.00 1.17 1.49 1.84 2.14 2.28 2.26
 26   2.07 1.75 1.37 1.07 0.88 0.88 1.05 1.36 1.77 2.11 2.34 2.38 2.28 2.02 1.67 1.35 1.13 1.06 1.17 1.42 1.72 2.01 2.18 2.21
 27   2.11 1.84 1.52 1.22 0.99 0.93 1.05 1.30 1.63 1.95 2.20 2.35 2.31 2.16 1.90 1.62 1.40 1.24 1.22 1.34 1.54 1.79 1.98 2.08
 28   2.08 1.94 1.72 1.46 1.25 1.11 1.10 1.22 1.47 1.70 1.96 2.15 2.23 2.18 2.02 1.78 1.58 1.40 1.32 1.36 1.52 1.70 1.85 1.96
 29   1.98 1.92 1.75 1.56 1.35 1.23 1.16 1.19 1.35 1.56 1.77 1.95 2.08 2.10 2.04 1.91 1.73 1.58 1.49 1.47 1.50 1.56 1.66 1.77
 30   1.83 1.85 1.79 1.70 1.57 1.45 1.38 1.36 1.39 1.47 1.59 1.76 1.88 1.99 2.04 2.04 1.97 1.88 1.78 1.68 1.57 1.50 1.51 1.56
 31   1.63 1.70 1.75 1.75 1.73 1.68 1.61 1.54 1.48 1.47 1.48 1.56 1.67 1.78 1.89 1.98 2.02 2.00 1.96 1.85 1.73 1.59 1.48 1.43
 ----------------------------------------------------------------------------------------------------------------------------
                                                                                               
 ----------------------------------------------------------------------------------------------------------------------------
 ----------------------------------------------------------------------------------------------------------------------------
                                                          SURVEY OF INDIA
                                                    MARINE GEODESY WING (G&RB)
                                                     HOURLY HEIGHTS IN METRES
  NAME OF PORT:- PARADIP                                                                            MONTH APRIL     YEAR 2008
 ----------------------------------------------------------------------------------------------------------------------------
 DAYS 0000 0001 0002 0003 0004 0005 0006 0007 0008 0009 0010 0011 0012 0013 0014 0015 0016 0017 0018 0019 0020 0021 0022 0023
 ----------------------------------------------------------------------------------------------------------------------------
  1   1.45 1.51 1.59 1.69 1.78 1.84 1.85 1.79 1.66 1.51 1.41 1.41 1.46 1.58 1.73 1.90 2.08 2.18 2.19 2.13 1.97 1.78 1.57 1.42
  2   1.33 1.34 1.46 1.63 1.83 1.99 2.06 2.04 1.91 1.71 1.51 1.33 1.25 1.29 1.45 1.69 1.96 2.20 2.33 2.33 2.20 1.97 1.62 1.34
  3   1.11 1.08 1.17 1.39 1.66 1.94 2.18 2.26 2.18 1.94 1.62 1.34 1.12 1.08 1.20 1.50 1.86 2.17 2.42 2.51 2.40 2.11 1.75 1.37
  4   1.09 0.94 0.99 1.24 1.59 1.98 2.31 2.49 2.48 2.27 1.93 1.51 1.14 0.98 0.98 1.22 1.59 2.04 2.39 2.58 2.60 2.42 2.04 1.53
  5   1.09 0.78 0.75 0.97 1.34 1.80 2.27 2.59 2.70 2.60 2.27 1.84 1.34 1.00 0.87 0.94 1.30 1.78 2.25 2.60 2.69 2.57 2.24 1.72
  6   1.24 0.82 0.71 0.76 1.06 1.55 2.12 2.58 2.84 2.79 2.54 2.05 1.53 1.11 0.84 0.86 1.10 1.53 2.08 2.48 2.72 2.72 2.47 1.98
  7   1.47 0.99 0.71 0.68 0.95 1.43 1.99 2.51 2.82 2.94 2.82 2.52 2.02 1.49 1.07 0.85 0.92 1.25 1.72 2.23 2.62 2.76 2.65 2.30
  8   1.83 1.34 0.91 0.70 0.76 1.08 1.57 2.14 2.56 2.89 2.93 2.75 2.36 1.86 1.38 1.05 0.93 1.06 1.42 1.86 2.29 2.56 2.66 2.50
  9   2.17 1.69 1.23 0.91 0.79 0.92 1.29 1.79 2.19 2.59 2.79 2.76 2.56 2.18 1.73 1.32 1.06 1.00 1.16 1.47 1.89 2.24 2.44 2.44
 10   2.30 1.94 1.52 1.12 0.91 0.89 1.04 1.35 1.82 2.23 2.52 2.61 2.54 2.29 1.95 1.61 1.28 1.14 1.16 1.34 1.64 1.98 2.22 2.32
 11   2.28 2.10 1.80 1.46 1.17 1.02 1.04 1.20 1.46 1.83 2.17 2.38 2.46 2.39 2.20 1.93 1.64 1.42 1.30 1.28 1.41 1.62 1.85 2.00
 12   2.09 2.06 1.92 1.70 1.47 1.28 1.18 1.20 1.31 1.52 1.81 2.04 2.24 2.30 2.26 2.12 1.90 1.70 1.52 1.38 1.37 1.44 1.58 1.72
 13   1.85 1.93 1.94 1.87 1.76 1.60 1.46 1.37 1.29 1.34 1.49 1.68 1.90 2.04 2.13 2.12 2.06 1.94 1.79 1.62 1.47 1.38 1.38 1.43
 14   1.52 1.65 1.79 1.86 1.88 1.80 1.69 1.57 1.48 1.39 1.38 1.44 1.58 1.75 1.92 2.05 2.12 2.11 2.03 1.88 1.69 1.50 1.34 1.28
 15   1.30 1.41 1.56 1.73 1.88 1.95 1.94 1.87 1.72 1.54 1.38 1.29 1.31 1.42 1.65 1.86 2.07 2.18 2.17 2.07 1.89 1.66 1.40 1.20
 16   1.14 1.20 1.36 1.61 1.85 2.04 2.14 2.13 1.99 1.77 1.53 1.34 1.20 1.21 1.39 1.63 1.89 2.14 2.28 2.29 2.16 1.91 1.60 1.29
 17   1.07 1.04 1.15 1.41 1.73 2.00 2.23 2.31 2.24 2.05 1.78 1.47 1.23 1.12 1.19 1.41 1.69 2.03 2.28 2.37 2.30 2.12 1.80 1.45
 18   1.15 0.98 0.99 1.18 1.52 1.89 2.22 2.42 2.43 2.26 1.97 1.60 1.27 1.08 1.06 1.24 1.52 1.88 2.19 2.36 2.39 2.24 1.95 1.56
 19   1.19 0.96 0.88 1.05 1.40 1.82 2.20 2.48 2.56 2.47 2.21 1.84 1.45 1.17 1.01 1.06 1.34 1.69 2.07 2.34 2.44 2.36 2.11 1.74
 20   1.35 1.02 0.83 0.90 1.17 1.58 1.99 2.39 2.62 2.61 2.41 2.05 1.61 1.24 1.03 1.02 1.21 1.53 1.91 2.23 2.41 2.40 2.22 1.88
 21   1.47 1.10 0.88 0.86 1.07 1.42 1.88 2.29 2.57 2.65 2.56 2.30 1.89 1.45 1.16 0.99 1.01 1.24 1.61 1.97 2.28 2.39 2.30 2.05
 22   1.67 1.27 0.97 0.83 0.91 1.19 1.57 2.01 2.36 2.59 2.59 2.42 2.07 1.62 1.27 1.07 1.02 1.22 1.52 1.86 2.16 2.32 2.30 2.12
 23   1.81 1.45 1.08 0.86 0.84 1.03 1.38 1.79 2.15 2.42 2.52 2.43 2.15 1.79 1.43 1.16 1.04 1.10 1.29 1.62 1.93 2.20 2.28 2.19
 24   1.95 1.62 1.20 0.94 0.86 0.96 1.23 1.59 1.97 2.27 2.46 2.47 2.31 2.01 1.65 1.32 1.11 1.07 1.22 1.48 1.79 2.04 2.16 2.15
 25   1.99 1.71 1.35 1.09 0.92 0.91 1.06 1.36 1.72 2.06 2.30 2.39 2.31 2.09 1.75 1.42 1.22 1.13 1.17 1.36 1.62 1.84 2.02 2.08
 26   2.04 1.86 1.60 1.36 1.14 1.06 1.12 1.32 1.58 1.88 2.17 2.32 2.36 2.29 2.07 1.79 1.53 1.32 1.28 1.34 1.52 1.72 1.93 2.04
 27   2.04 1.96 1.76 1.56 1.36 1.22 1.18 1.29 1.46 1.70 1.96 2.16 2.28 2.28 2.16 1.96 1.74 1.56 1.44 1.40 1.45 1.58 1.72 1.86
 28   1.96 1.98 1.93 1.81 1.66 1.51 1.42 1.40 1.48 1.60 1.80 2.01 2.18 2.26 2.26 2.18 2.03 1.86 1.69 1.58 1.52 1.54 1.62 1.76
 29   1.88 1.98 2.00 1.98 1.90 1.79 1.68 1.60 1.56 1.58 1.66 1.82 1.98 2.14 2.24 2.26 2.22 2.08 1.95 1.78 1.64 1.56 1.55 1.61
 30   1.72 1.84 1.96 2.05 2.10 2.08 2.00 1.88 1.77 1.68 1.65 1.70 1.85 2.01 2.20 2.33 2.39 2.38 2.27 2.11 1.91 1.71 1.57 1.52
 ----------------------------------------------------------------------------------------------------------------------------
                                                                                               
 ----------------------------------------------------------------------------------------------------------------------------
 ----------------------------------------------------------------------------------------------------------------------------
                                                          SURVEY OF INDIA
                                                    MARINE GEODESY WING (G&RB)
                                                     HOURLY HEIGHTS IN METRES
  NAME OF PORT:- PARADIP                                                                            MONTH MAY       YEAR 2008
 ----------------------------------------------------------------------------------------------------------------------------
 DAYS 0000 0001 0002 0003 0004 0005 0006 0007 0008 0009 0010 0011 0012 0013 0014 0015 0016 0017 0018 0019 0020 0021 0022 0023
 ----------------------------------------------------------------------------------------------------------------------------
  1   1.57 1.71 1.90 2.11 2.28 2.35 2.33 2.25 2.08 1.89 1.69 1.58 1.58 1.68 1.89 2.13 2.33 2.48 2.49 2.36 2.12 1.84 1.54 1.40
  2   1.35 1.43 1.64 1.92 2.19 2.42 2.53 2.49 2.34 2.06 1.78 1.52 1.43 1.48 1.71 1.98 2.27 2.47 2.54 2.49 2.30 1.97 1.57 1.29
  3   1.17 1.19 1.38 1.74 2.13 2.46 2.68 2.73 2.62 2.34 1.98 1.64 1.39 1.29 1.40 1.63 1.99 2.34 2.59 2.67 2.57 2.27 1.83 1.43
  4   1.11 1.00 1.09 1.42 1.85 2.30 2.68 2.89 2.92 2.72 2.37 1.90 1.50 1.24 1.19 1.40 1.74 2.19 2.51 2.73 2.72 2.46 2.11 1.61
  5   1.19 0.94 0.91 1.13 1.57 2.02 2.54 2.86 3.00 2.95 2.65 2.17 1.68 1.30 1.11 1.14 1.39 1.82 2.19 2.55 2.72 2.67 2.41 1.93
  6   1.49 1.01 0.82 0.87 1.18 1.66 2.18 2.57 2.88 2.96 2.81 2.48 1.99 1.53 1.16 1.01 1.08 1.41 1.78 2.18 2.52 2.64 2.53 2.14
  7   1.77 1.32 0.97 0.80 0.88 1.27 1.72 2.26 2.69 2.95 2.99 2.74 2.38 1.92 1.47 1.22 1.17 1.32 1.65 2.06 2.43 2.63 2.68 2.54
  8   2.26 1.80 1.36 1.06 0.96 1.07 1.40 1.87 2.35 2.67 2.86 2.83 2.62 2.27 1.83 1.46 1.21 1.16 1.27 1.64 1.99 2.31 2.45 2.44
  9   2.29 1.98 1.60 1.26 1.08 1.07 1.25 1.55 2.00 2.38 2.65 2.75 2.69 2.48 2.16 1.78 1.47 1.31 1.30 1.52 1.81 2.08 2.32 2.40
 10   2.36 2.20 1.90 1.59 1.37 1.24 1.28 1.47 1.74 2.09 2.42 2.61 2.66 2.59 2.41 2.13 1.83 1.58 1.36 1.33 1.50 1.76 2.01 2.20
 11   2.29 2.26 2.14 1.92 1.69 1.52 1.44 1.46 1.61 1.85 2.11 2.31 2.48 2.55 2.49 2.34 2.11 1.87 1.62 1.46 1.50 1.61 1.76 1.90
 12   2.02 2.09 2.11 2.05 1.95 1.82 1.69 1.59 1.57 1.68 1.85 2.04 2.21 2.35 2.43 2.41 2.29 2.13 1.91 1.70 1.51 1.43 1.49 1.65
 13   1.81 1.97 2.08 2.13 2.13 2.07 1.95 1.79 1.68 1.61 1.67 1.79 1.95 2.12 2.27 2.36 2.37 2.29 2.14 1.94 1.72 1.53 1.46 1.52
 14   1.63 1.78 1.95 2.11 2.23 2.26 2.20 2.07 1.92 1.75 1.63 1.62 1.72 1.89 2.08 2.23 2.33 2.34 2.25 2.08 1.85 1.65 1.45 1.38
 15   1.43 1.57 1.78 2.02 2.25 2.38 2.39 2.31 2.14 1.91 1.70 1.57 1.54 1.63 1.81 2.02 2.20 2.32 2.35 2.28 2.06 1.78 1.50 1.31
 16   1.24 1.33 1.55 1.84 2.12 2.34 2.44 2.43 2.29 2.06 1.78 1.54 1.41 1.41 1.56 1.79 2.02 2.21 2.30 2.28 2.12 1.84 1.57 1.30
 17   1.18 1.19 1.36 1.61 1.96 2.25 2.47 2.51 2.41 2.14 1.85 1.57 1.34 1.27 1.38 1.59 1.84 2.06 2.25 2.32 2.24 1.95 1.63 1.33
 18   1.15 1.07 1.18 1.47 1.83 2.21 2.48 2.62 2.59 2.43 2.11 1.80 1.48 1.32 1.29 1.42 1.70 1.99 2.25 2.39 2.35 2.14 1.85 1.52
 19   1.23 1.10 1.11 1.31 1.64 2.04 2.40 2.65 2.72 2.62 2.37 2.02 1.65 1.39 1.27 1.31 1.57 1.88 2.17 2.37 2.43 2.37 2.17 1.80
 20   1.47 1.19 1.08 1.18 1.47 1.82 2.25 2.60 2.77 2.74 2.55 2.25 1.85 1.53 1.34 1.29 1.42 1.70 2.02 2.32 2.49 2.47 2.28 1.98
 21   1.64 1.31 1.14 1.18 1.43 1.76 2.12 2.42 2.69 2.76 2.68 2.41 2.07 1.68 1.38 1.26 1.30 1.51 1.81 2.15 2.36 2.43 2.34 2.08
 22   1.75 1.43 1.14 1.07 1.15 1.41 1.83 2.25 2.53 2.69 2.73 2.57 2.28 1.90 1.58 1.35 1.29 1.37 1.62 1.89 2.20 2.37 2.42 2.28
 23   2.01 1.67 1.36 1.09 1.03 1.24 1.63 1.99 2.37 2.63 2.76 2.65 2.42 2.11 1.74 1.43 1.27 1.29 1.48 1.79 2.09 2.30 2.34 2.29
 24   2.08 1.77 1.46 1.21 1.11 1.17 1.39 1.73 2.09 2.41 2.59 2.64 2.50 2.25 1.90 1.58 1.39 1.34 1.41 1.60 1.87 2.11 2.26 2.27
 25   2.18 2.00 1.73 1.43 1.25 1.19 1.29 1.50 1.82 2.15 2.39 2.54 2.54 2.41 2.14 1.84 1.54 1.34 1.28 1.37 1.59 1.84 2.05 2.17
 26   2.16 2.05 1.82 1.59 1.37 1.27 1.28 1.41 1.64 1.94 2.19 2.41 2.49 2.44 2.25 1.98 1.71 1.44 1.33 1.31 1.41 1.59 1.80 2.04
 27   2.16 2.14 2.00 1.81 1.61 1.44 1.34 1.35 1.45 1.66 1.89 2.14 2.33 2.40 2.33 2.16 1.88 1.61 1.42 1.33 1.32 1.38 1.57 1.80
 28   1.98 2.10 2.11 2.03 1.89 1.72 1.54 1.43 1.40 1.49 1.67 1.88 2.10 2.26 2.34 2.29 2.12 1.91 1.66 1.42 1.29 1.26 1.34 1.50
 29   1.72 1.89 2.03 2.10 2.07 1.96 1.79 1.60 1.46 1.41 1.47 1.63 1.83 2.04 2.20 2.25 2.19 2.04 1.79 1.53 1.33 1.20 1.17 1.29
 30   1.45 1.70 1.94 2.12 2.21 2.17 2.04 1.84 1.64 1.45 1.36 1.35 1.50 1.71 1.94 2.12 2.21 2.18 2.05 1.78 1.49 1.25 1.14 1.11
 31   1.23 1.50 1.78 2.08 2.28 2.38 2.34 2.19 1.92 1.64 1.40 1.26 1.25 1.42 1.68 1.92 2.12 2.28 2.25 2.11 1.86 1.54 1.24 1.03
 ----------------------------------------------------------------------------------------------------------------------------
                                                                                               
 ----------------------------------------------------------------------------------------------------------------------------
 ----------------------------------------------------------------------------------------------------------------------------
                                                          SURVEY OF INDIA
                                                    MARINE GEODESY WING (G&RB)
                                                     HOURLY HEIGHTS IN METRES
  NAME OF PORT:- PARADIP                                                                            MONTH JUNE      YEAR 2008
 ----------------------------------------------------------------------------------------------------------------------------
 DAYS 0000 0001 0002 0003 0004 0005 0006 0007 0008 0009 0010 0011 0012 0013 0014 0015 0016 0017 0018 0019 0020 0021 0022 0023
 ----------------------------------------------------------------------------------------------------------------------------
  1   1.00 1.11 1.38 1.72 2.08 2.37 2.50 2.50 2.31 1.95 1.63 1.35 1.19 1.18 1.34 1.60 1.92 2.18 2.31 2.29 2.12 1.80 1.40 1.07
  2   0.84 0.84 1.07 1.47 1.90 2.30 2.57 2.68 2.60 2.39 1.99 1.60 1.27 1.09 1.13 1.32 1.65 2.00 2.27 2.37 2.30 2.05 1.68 1.25
  3   0.96 0.77 0.80 1.10 1.50 1.98 2.40 2.70 2.75 2.60 2.28 1.82 1.41 1.09 0.99 1.10 1.38 1.75 2.07 2.32 2.38 2.29 2.00 1.57
  4   1.13 0.86 0.74 0.86 1.20 1.70 2.17 2.57 2.78 2.79 2.57 2.19 1.75 1.34 1.05 0.95 1.07 1.40 1.79 2.16 2.39 2.42 2.24 1.88
  5   1.44 1.07 0.79 0.75 0.90 1.30 1.73 2.20 2.59 2.77 2.73 2.52 2.10 1.65 1.26 0.94 0.95 1.18 1.55 1.91 2.26 2.44 2.40 2.13
  6   1.82 1.42 1.07 0.87 0.85 1.08 1.44 1.89 2.30 2.67 2.82 2.76 2.47 2.09 1.64 1.30 1.06 1.00 1.17 1.52 1.87 2.18 2.33 2.33
  7   2.12 1.74 1.35 1.04 0.91 0.94 1.17 1.52 1.95 2.31 2.60 2.74 2.66 2.39 1.98 1.60 1.25 1.08 1.10 1.37 1.67 1.99 2.25 2.35
  8   2.28 2.05 1.75 1.43 1.20 1.09 1.20 1.46 1.83 2.16 2.47 2.66 2.66 2.49 2.20 1.82 1.50 1.25 1.14 1.19 1.41 1.71 2.00 2.22
  9   2.30 2.27 2.09 1.82 1.57 1.37 1.30 1.36 1.53 1.80 2.12 2.38 2.53 2.59 2.49 2.22 1.90 1.63 1.40 1.30 1.34 1.52 1.77 2.01
 10   2.22 2.34 2.32 2.18 1.96 1.74 1.56 1.54 1.57 1.75 2.00 2.26 2.48 2.58 2.58 2.48 2.24 1.96 1.72 1.53 1.46 1.49 1.66 1.86
 11   2.08 2.27 2.37 2.38 2.27 2.10 1.92 1.76 1.69 1.74 1.88 2.06 2.26 2.43 2.51 2.50 2.37 2.16 1.93 1.71 1.56 1.50 1.56 1.71
 12   1.90 2.14 2.30 2.40 2.40 2.33 2.18 2.00 1.86 1.77 1.75 1.81 1.95 2.13 2.28 2.38 2.38 2.27 2.09 1.88 1.69 1.55 1.52 1.57
 13   1.72 1.92 2.17 2.36 2.48 2.49 2.41 2.22 2.05 1.87 1.73 1.71 1.78 1.92 2.08 2.26 2.36 2.35 2.28 2.13 1.92 1.70 1.53 1.48
 14   1.53 1.73 1.96 2.21 2.39 2.50 2.51 2.42 2.23 2.02 1.82 1.68 1.62 1.66 1.81 1.99 2.17 2.28 2.32 2.25 2.07 1.83 1.60 1.46
 15   1.43 1.50 1.68 1.96 2.23 2.47 2.60 2.60 2.52 2.30 2.05 1.80 1.64 1.61 1.70 1.86 2.03 2.21 2.35 2.36 2.26 2.06 1.82 1.58
 16   1.36 1.36 1.48 1.69 1.97 2.26 2.52 2.60 2.56 2.40 2.16 1.86 1.58 1.43 1.39 1.48 1.67 1.89 2.08 2.19 2.17 2.03 1.78 1.49
 17   1.25 1.11 1.11 1.27 1.56 1.89 2.17 2.38 2.45 2.37 2.13 1.82 1.48 1.23 1.11 1.14 1.33 1.56 1.79 1.96 2.02 1.98 1.79 1.43
 18   1.25 1.06 0.99 1.06 1.30 1.65 2.02 2.30 2.48 2.48 2.33 2.00 1.69 1.43 1.25 1.22 1.33 1.59 1.84 2.10 2.24 2.26 2.12 1.75
 19   1.54 1.23 1.10 1.13 1.32 1.65 2.01 2.34 2.56 2.62 2.56 2.36 2.03 1.66 1.36 1.21 1.22 1.40 1.68 1.98 2.17 2.26 2.20 1.98
 20   1.70 1.40 1.16 1.08 1.16 1.45 1.79 2.20 2.52 2.70 2.68 2.51 2.21 1.85 1.53 1.33 1.26 1.36 1.60 1.88 2.15 2.32 2.35 2.22
 21   1.95 1.63 1.32 1.13 1.13 1.32 1.64 1.94 2.27 2.52 2.64 2.64 2.44 2.10 1.74 1.44 1.24 1.21 1.37 1.64 1.98 2.18 2.32 2.30
 22   2.11 1.87 1.55 1.27 1.11 1.16 1.36 1.68 2.01 2.31 2.58 2.60 2.46 2.17 1.81 1.48 1.26 1.18 1.26 1.48 1.78 2.06 2.25 2.28
 23   2.20 1.97 1.66 1.36 1.17 1.12 1.25 1.54 1.89 2.20 2.46 2.58 2.51 2.29 2.00 1.67 1.38 1.20 1.18 1.32 1.62 1.90 2.12 2.24
 24   2.21 2.10 1.85 1.59 1.37 1.27 1.27 1.45 1.68 1.99 2.29 2.46 2.49 2.44 2.21 1.91 1.55 1.33 1.21 1.28 1.49 1.74 1.99 2.21
 25   2.30 2.28 2.14 1.93 1.67 1.49 1.38 1.39 1.57 1.83 2.09 2.35 2.47 2.47 2.35 2.10 1.83 1.54 1.36 1.30 1.36 1.54 1.79 2.07
 26   2.26 2.32 2.27 2.12 1.92 1.70 1.55 1.47 1.49 1.62 1.84 2.06 2.27 2.37 2.37 2.25 1.99 1.73 1.47 1.31 1.26 1.33 1.53 1.78
 27   2.01 2.19 2.28 2.27 2.16 1.99 1.79 1.63 1.53 1.54 1.66 1.84 2.02 2.18 2.24 2.20 2.06 1.85 1.62 1.39 1.26 1.21 1.31 1.51
 28   1.75 1.99 2.20 2.33 2.34 2.23 2.05 1.83 1.66 1.54 1.53 1.60 1.76 1.95 2.14 2.23 2.23 2.11 1.91 1.68 1.46 1.29 1.25 1.35
 29   1.51 1.75 1.99 2.24 2.39 2.44 2.36 2.19 1.94 1.69 1.51 1.44 1.49 1.65 1.85 2.03 2.14 2.14 2.04 1.86 1.61 1.37 1.19 1.13
 30   1.20 1.41 1.67 1.97 2.27 2.44 2.49 2.39 2.20 1.91 1.61 1.39 1.29 1.33 1.49 1.73 1.94 2.11 2.15 2.08 1.89 1.63 1.34 1.11
 ----------------------------------------------------------------------------------------------------------------------------
                                                                                               
 ----------------------------------------------------------------------------------------------------------------------------
 ----------------------------------------------------------------------------------------------------------------------------
                                                          SURVEY OF INDIA
                                                    MARINE GEODESY WING (G&RB)
                                                     HOURLY HEIGHTS IN METRES
  NAME OF PORT:- PARADIP                                                                            MONTH JULY      YEAR 2008
 ----------------------------------------------------------------------------------------------------------------------------
 DAYS 0000 0001 0002 0003 0004 0005 0006 0007 0008 0009 0010 0011 0012 0013 0014 0015 0016 0017 0018 0019 0020 0021 0022 0023
 ----------------------------------------------------------------------------------------------------------------------------
  1   1.03 1.11 1.33 1.68 2.04 2.36 2.57 2.63 2.54 2.29 1.93 1.60 1.31 1.16 1.20 1.39 1.67 1.96 2.19 2.26 2.16 1.93 1.63 1.27
  2   1.04 0.95 1.03 1.27 1.62 2.03 2.39 2.62 2.66 2.52 2.23 1.82 1.42 1.13 1.03 1.11 1.39 1.71 2.02 2.25 2.33 2.24 1.98 1.63
  3   1.28 0.98 0.89 1.03 1.37 1.85 2.27 2.58 2.76 2.73 2.52 2.15 1.72 1.32 1.04 0.97 1.13 1.43 1.82 2.17 2.37 2.38 2.22 1.89
  4   1.49 1.12 0.87 0.86 1.06 1.44 1.86 2.33 2.65 2.79 2.71 2.44 2.02 1.59 1.19 0.97 0.99 1.20 1.57 1.96 2.24 2.38 2.37 2.16
  5   1.82 1.40 1.07 0.88 0.90 1.19 1.58 2.06 2.46 2.69 2.71 2.54 2.33 1.94 1.50 1.11 0.89 0.85 1.06 1.43 1.79 2.10 2.29 2.29
  6   2.09 1.79 1.39 1.07 0.91 0.92 1.14 1.51 1.91 2.35 2.62 2.70 2.59 2.32 1.91 1.48 1.16 1.01 1.07 1.31 1.66 2.02 2.29 2.39
  7   2.33 2.14 1.82 1.50 1.26 1.15 1.23 1.47 1.82 2.17 2.47 2.62 2.60 2.41 2.10 1.75 1.37 1.14 1.08 1.18 1.44 1.75 2.04 2.26
  8   2.32 2.22 1.98 1.71 1.43 1.24 1.21 1.35 1.56 1.85 2.15 2.39 2.45 2.41 2.21 1.91 1.57 1.29 1.13 1.15 1.31 1.57 1.87 2.13
  9   2.27 2.28 2.18 1.99 1.76 1.54 1.43 1.42 1.57 1.80 2.05 2.27 2.38 2.41 2.28 2.07 1.81 1.56 1.39 1.33 1.40 1.56 1.80 2.05
 10   2.23 2.31 2.30 2.20 2.04 1.84 1.67 1.56 1.56 1.65 1.81 2.01 2.16 2.22 2.22 2.12 1.95 1.73 1.53 1.39 1.35 1.41 1.58 1.77
 11   1.97 2.13 2.20 2.19 2.11 1.96 1.80 1.69 1.62 1.61 1.66 1.76 1.91 2.01 2.05 2.04 1.94 1.79 1.64 1.49 1.42 1.42 1.49 1.62
 12   1.77 1.94 2.07 2.15 2.15 2.09 1.98 1.84 1.71 1.63 1.65 1.72 1.80 1.89 1.97 1.98 1.96 1.88 1.77 1.64 1.53 1.46 1.44 1.50
 13   1.62 1.75 1.93 2.08 2.18 2.21 2.16 2.05 1.90 1.77 1.67 1.61 1.62 1.69 1.76 1.84 1.89 1.89 1.86 1.77 1.62 1.48 1.37 1.39
 14   1.45 1.57 1.75 1.93 2.11 2.23 2.26 2.18 2.05 1.87 1.71 1.60 1.51 1.51 1.59 1.69 1.81 1.91 1.95 1.90 1.79 1.63 1.46 1.33
 15   1.28 1.33 1.46 1.68 1.94 2.15 2.30 2.33 2.25 2.11 1.89 1.66 1.48 1.36 1.37 1.45 1.62 1.79 1.93 1.97 1.91 1.79 1.59 1.36
 16   1.19 1.12 1.19 1.39 1.67 1.95 2.20 2.37 2.37 2.26 2.03 1.77 1.48 1.30 1.25 1.34 1.51 1.76 1.97 2.11 2.12 2.01 1.79 1.49
 17   1.24 1.09 1.07 1.19 1.49 1.83 2.17 2.39 2.49 2.41 2.19 1.91 1.62 1.34 1.19 1.19 1.34 1.59 1.86 2.09 2.20 2.14 1.97 1.64
 18   1.32 1.07 0.98 1.07 1.37 1.71 2.09 2.45 2.58 2.59 2.43 2.12 1.74 1.42 1.19 1.13 1.24 1.52 1.84 2.11 2.28 2.28 2.12 1.79
 19   1.47 1.19 0.99 1.01 1.19 1.54 1.94 2.33 2.54 2.62 2.56 2.36 2.02 1.61 1.27 1.10 1.09 1.28 1.59 1.92 2.18 2.32 2.32 2.14
 20   1.82 1.45 1.14 0.98 1.04 1.29 1.69 2.08 2.39 2.61 2.65 2.52 2.22 1.86 1.46 1.16 1.05 1.15 1.43 1.78 2.12 2.37 2.43 2.29
 21   2.05 1.70 1.34 1.09 1.02 1.14 1.44 1.84 2.26 2.55 2.68 2.65 2.40 2.02 1.59 1.25 1.06 1.06 1.26 1.59 1.98 2.27 2.45 2.44
 22   2.27 1.98 1.60 1.26 1.10 1.12 1.33 1.71 2.08 2.44 2.65 2.66 2.53 2.21 1.80 1.42 1.12 1.01 1.11 1.38 1.74 2.11 2.37 2.48
 23   2.44 2.19 1.83 1.51 1.23 1.15 1.24 1.52 1.81 2.18 2.47 2.59 2.55 2.37 1.99 1.63 1.28 1.07 1.06 1.25 1.61 1.97 2.27 2.46
 24   2.49 2.37 2.14 1.80 1.54 1.33 1.29 1.40 1.67 1.98 2.28 2.50 2.55 2.43 2.16 1.84 1.48 1.23 1.11 1.20 1.45 1.74 2.07 2.30
 25   2.43 2.44 2.31 2.04 1.76 1.53 1.43 1.43 1.59 1.83 2.06 2.28 2.42 2.41 2.28 2.02 1.73 1.44 1.25 1.21 1.32 1.56 1.85 2.15
 26   2.34 2.43 2.42 2.31 2.10 1.86 1.69 1.57 1.55 1.64 1.83 2.03 2.21 2.34 2.31 2.20 2.00 1.75 1.49 1.35 1.34 1.43 1.61 1.83
 27   2.05 2.27 2.43 2.48 2.42 2.28 2.07 1.87 1.71 1.65 1.70 1.81 1.98 2.14 2.26 2.31 2.27 2.15 1.96 1.77 1.60 1.53 1.55 1.66
 28   1.86 2.08 2.30 2.49 2.57 2.56 2.46 2.28 2.09 1.91 1.77 1.72 1.76 1.88 2.04 2.19 2.29 2.30 2.21 2.03 1.84 1.66 1.52 1.47
 29   1.54 1.71 1.94 2.20 2.45 2.60 2.64 2.57 2.37 2.12 1.86 1.65 1.58 1.64 1.78 1.98 2.17 2.32 2.36 2.31 2.13 1.89 1.65 1.44
 30   1.35 1.42 1.65 1.94 2.28 2.56 2.76 2.80 2.69 2.47 2.15 1.84 1.60 1.48 1.51 1.68 1.96 2.24 2.43 2.50 2.43 2.20 1.92 1.60
 31   1.33 1.27 1.36 1.62 1.98 2.36 2.70 2.94 2.96 2.82 2.50 2.12 1.72 1.46 1.38 1.53 1.78 2.13 2.44 2.66 2.71 2.60 2.33 1.94
 ----------------------------------------------------------------------------------------------------------------------------
                                                                                               
 ----------------------------------------------------------------------------------------------------------------------------
 ----------------------------------------------------------------------------------------------------------------------------
                                                          SURVEY OF INDIA
                                                    MARINE GEODESY WING (G&RB)
                                                     HOURLY HEIGHTS IN METRES
  NAME OF PORT:- PARADIP                                                                            MONTH AUGUST    YEAR 2008
 ----------------------------------------------------------------------------------------------------------------------------
 DAYS 0000 0001 0002 0003 0004 0005 0006 0007 0008 0009 0010 0011 0012 0013 0014 0015 0016 0017 0018 0019 0020 0021 0022 0023
 ----------------------------------------------------------------------------------------------------------------------------
  1   1.57 1.31 1.24 1.39 1.71 2.17 2.59 2.97 3.14 3.10 2.84 2.43 2.00 1.59 1.34 1.30 1.48 1.84 2.22 2.59 2.79 2.78 2.58 2.20
  2   1.80 1.46 1.25 1.26 1.50 1.92 2.38 2.81 3.13 3.23 3.13 2.79 2.31 1.84 1.46 1.30 1.36 1.68 2.11 2.52 2.85 3.00 2.93 2.66
  3   2.25 1.82 1.50 1.35 1.44 1.77 2.23 2.68 3.00 3.24 3.28 3.08 2.68 2.22 1.79 1.46 1.36 1.50 1.83 2.26 2.66 2.95 3.04 2.93
  4   2.64 2.24 1.80 1.53 1.46 1.62 1.95 2.36 2.76 3.08 3.22 3.15 2.86 2.44 2.01 1.62 1.42 1.43 1.68 2.11 2.54 2.87 3.07 3.04
  5   2.85 2.51 2.11 1.80 1.60 1.60 1.78 2.12 2.51 2.83 3.06 3.07 2.90 2.55 2.17 1.80 1.53 1.43 1.52 1.78 2.16 2.52 2.79 2.91
  6   2.87 2.65 2.32 1.97 1.69 1.55 1.61 1.81 2.12 2.46 2.71 2.84 2.81 2.63 2.32 1.98 1.67 1.47 1.44 1.60 1.92 2.24 2.54 2.69
  7   2.72 2.59 2.36 2.08 1.83 1.65 1.61 1.71 1.92 2.20 2.47 2.64 2.70 2.59 2.35 2.07 1.78 1.60 1.56 1.65 1.82 2.10 2.38 2.60
  8   2.70 2.71 2.60 2.41 2.18 2.00 1.87 1.88 1.94 2.12 2.30 2.48 2.56 2.57 2.48 2.32 2.12 1.93 1.77 1.76 1.86 2.05 2.28 2.51
  9   2.67 2.72 2.70 2.61 2.46 2.29 2.17 2.09 2.08 2.16 2.28 2.43 2.54 2.58 2.55 2.47 2.34 2.19 2.06 1.99 2.00 2.10 2.22 2.38
 10   2.52 2.61 2.66 2.65 2.58 2.48 2.37 2.26 2.18 2.19 2.24 2.30 2.37 2.43 2.46 2.43 2.37 2.28 2.18 2.08 2.02 1.98 2.00 2.09
 11   2.21 2.29 2.39 2.46 2.49 2.48 2.45 2.37 2.26 2.18 2.13 2.11 2.13 2.16 2.21 2.25 2.26 2.25 2.18 2.10 2.01 1.94 1.88 1.88
 12   1.91 2.00 2.13 2.27 2.41 2.51 2.53 2.49 2.37 2.23 2.08 1.96 1.88 1.88 1.96 2.04 2.13 2.19 2.20 2.17 2.09 1.97 1.84 1.70
 13   1.67 1.73 1.87 2.07 2.30 2.50 2.62 2.63 2.54 2.37 2.16 1.95 1.76 1.71 1.77 1.91 2.08 2.23 2.31 2.30 2.22 2.06 1.86 1.68
 14   1.56 1.55 1.68 1.92 2.18 2.46 2.65 2.72 2.77 2.59 2.28 1.98 1.72 1.55 1.54 1.66 1.86 2.11 2.33 2.43 2.40 2.26 2.04 1.74
 15   1.51 1.41 1.43 1.62 1.96 2.30 2.63 2.80 2.82 2.71 2.43 2.10 1.76 1.53 1.44 1.48 1.69 2.00 2.31 2.55 2.60 2.51 2.26 1.93
 16   1.61 1.37 1.28 1.38 1.71 2.08 2.50 2.81 2.94 2.89 2.64 2.20 1.83 1.51 1.35 1.36 1.53 1.82 2.15 2.42 2.58 2.55 2.38 2.07
 17   1.69 1.43 1.26 1.26 1.46 1.84 2.23 2.60 2.84 2.88 2.73 2.40 1.96 1.56 1.26 1.17 1.28 1.58 1.95 2.30 2.53 2.61 2.50 2.25
 18   1.86 1.47 1.25 1.15 1.24 1.54 1.97 2.38 2.70 2.86 2.83 2.57 2.17 1.72 1.29 1.01 1.00 1.21 1.64 2.08 2.45 2.65 2.65 2.46
 19   2.12 1.68 1.28 1.06 1.04 1.23 1.62 2.10 2.52 2.78 2.80 2.61 2.21 1.73 1.24 1.00 0.94 1.14 1.47 1.93 2.34 2.60 2.70 2.57
 20   2.31 1.87 1.46 1.08 0.99 1.09 1.38 1.87 2.26 2.59 2.72 2.64 2.38 1.98 1.57 1.17 0.98 0.99 1.26 1.64 2.13 2.47 2.67 2.67
 21   2.52 2.17 1.74 1.38 1.15 1.13 1.30 1.64 1.99 2.35 2.58 2.65 2.50 2.20 1.77 1.37 1.07 0.98 1.09 1.41 1.82 2.22 2.49 2.62
 22   2.59 2.41 2.09 1.72 1.42 1.28 1.28 1.48 1.78 2.15 2.41 2.53 2.49 2.29 1.98 1.66 1.33 1.16 1.12 1.29 1.61 1.98 2.33 2.54
 23   2.61 2.55 2.31 2.00 1.71 1.50 1.39 1.44 1.65 1.91 2.17 2.37 2.46 2.42 2.24 1.96 1.68 1.44 1.31 1.34 1.50 1.78 2.07 2.33
 24   2.47 2.52 2.44 2.30 2.05 1.83 1.63 1.55 1.57 1.71 1.90 2.10 2.26 2.31 2.27 2.11 1.90 1.68 1.52 1.41 1.42 1.53 1.74 1.94
 25   2.14 2.30 2.38 2.38 2.28 2.12 1.96 1.78 1.69 1.62 1.69 1.78 1.92 2.07 2.13 2.15 2.09 1.97 1.82 1.65 1.51 1.46 1.48 1.61
 26   1.78 1.97 2.16 2.29 2.35 2.32 2.22 2.07 1.89 1.72 1.60 1.55 1.58 1.68 1.83 1.97 2.07 2.09 2.03 1.90 1.74 1.56 1.43 1.36
 27   1.39 1.52 1.74 1.98 2.20 2.38 2.44 2.39 2.21 1.95 1.67 1.45 1.34 1.36 1.50 1.69 1.92 2.10 2.19 2.17 2.04 1.81 1.54 1.28
 28   1.16 1.20 1.37 1.68 2.01 2.30 2.50 2.56 2.45 2.23 1.89 1.54 1.25 1.12 1.17 1.38 1.70 1.98 2.22 2.32 2.25 2.03 1.70 1.38
 29   1.14 0.99 1.06 1.34 1.68 2.08 2.46 2.63 2.64 2.47 2.11 1.67 1.23 1.01 0.93 1.11 1.45 1.86 2.24 2.37 2.41 2.26 1.94 1.56
 30   1.21 0.99 0.92 1.08 1.46 1.82 2.22 2.55 2.65 2.57 2.39 1.95 1.45 1.10 0.85 0.88 1.12 1.54 1.99 2.35 2.52 2.50 2.27 1.85
 31   1.41 1.04 0.84 0.85 1.09 1.49 1.95 2.37 2.64 2.67 2.50 2.10 1.59 1.17 0.84 0.73 0.93 1.30 1.76 2.20 2.49 2.59 2.46 2.15
 ----------------------------------------------------------------------------------------------------------------------------
                                                                                               
 ----------------------------------------------------------------------------------------------------------------------------
 ----------------------------------------------------------------------------------------------------------------------------
                                                          SURVEY OF INDIA
                                                    MARINE GEODESY WING (G&RB)
                                                     HOURLY HEIGHTS IN METRES
  NAME OF PORT:- PARADIP                                                                            MONTH SEPT      YEAR 2008
 ----------------------------------------------------------------------------------------------------------------------------
 DAYS 0000 0001 0002 0003 0004 0005 0006 0007 0008 0009 0010 0011 0012 0013 0014 0015 0016 0017 0018 0019 0020 0021 0022 0023
 ----------------------------------------------------------------------------------------------------------------------------
  1   1.71 1.27 0.95 0.85 0.97 1.32 1.79 2.23 2.55 2.69 2.63 2.35 1.91 1.41 1.03 0.75 0.76 1.01 1.41 1.91 2.31 2.59 2.57 2.39
  2   1.99 1.53 1.13 0.92 0.89 1.12 1.49 1.94 2.33 2.56 2.62 2.46 2.10 1.67 1.22 0.91 0.80 0.96 1.32 1.81 2.22 2.51 2.61 2.55
  3   2.25 1.85 1.41 1.13 0.96 1.05 1.34 1.76 2.13 2.37 2.48 2.44 2.18 1.83 1.45 1.11 0.91 0.95 1.19 1.53 1.98 2.30 2.48 2.50
  4   2.36 2.05 1.70 1.38 1.18 1.12 1.21 1.51 1.85 2.17 2.37 2.39 2.24 1.95 1.61 1.27 1.05 1.02 1.17 1.47 1.83 2.15 2.38 2.45
  5   2.39 2.17 1.85 1.56 1.35 1.24 1.29 1.49 1.76 2.03 2.21 2.27 2.21 2.02 1.75 1.48 1.24 1.15 1.20 1.36 1.65 1.95 2.20 2.35
  6   2.36 2.23 2.01 1.75 1.54 1.42 1.40 1.51 1.70 1.89 2.07 2.17 2.20 2.12 1.96 1.72 1.52 1.37 1.32 1.40 1.56 1.77 1.99 2.19
  7   2.28 2.26 2.14 1.97 1.79 1.65 1.56 1.56 1.64 1.76 1.89 2.01 2.07 2.07 1.98 1.83 1.68 1.52 1.47 1.46 1.53 1.65 1.80 1.97
  8   2.09 2.17 2.16 2.11 1.98 1.86 1.79 1.74 1.73 1.76 1.81 1.86 1.94 1.99 2.00 1.95 1.85 1.76 1.67 1.61 1.60 1.65 1.74 1.83
  9   1.96 2.06 2.15 2.18 2.17 2.11 2.02 1.94 1.85 1.81 1.80 1.81 1.83 1.88 1.93 1.97 2.01 2.01 1.95 1.86 1.78 1.73 1.71 1.74
 10   1.82 1.93 2.05 2.17 2.26 2.30 2.26 2.17 2.05 1.93 1.84 1.77 1.77 1.80 1.87 1.98 2.07 2.13 2.17 2.11 2.01 1.87 1.73 1.65
 11   1.65 1.75 1.91 2.10 2.28 2.43 2.48 2.45 2.33 2.13 1.94 1.77 1.64 1.63 1.73 1.87 2.05 2.21 2.32 2.30 2.17 2.00 1.79 1.62
 12   1.53 1.54 1.68 1.91 2.18 2.43 2.61 2.63 2.53 2.30 2.01 1.74 1.51 1.43 1.50 1.69 1.95 2.20 2.39 2.48 2.43 2.25 1.96 1.66
 13   1.46 1.38 1.46 1.71 2.06 2.37 2.63 2.73 2.68 2.50 2.20 1.83 1.50 1.31 1.30 1.48 1.80 2.16 2.46 2.66 2.64 2.45 2.13 1.76
 14   1.46 1.27 1.26 1.47 1.81 2.21 2.57 2.81 2.88 2.72 2.40 1.98 1.58 1.28 1.21 1.37 1.67 2.08 2.47 2.74 2.84 2.73 2.46 2.08
 15   1.66 1.32 1.20 1.30 1.62 2.07 2.51 2.83 3.00 2.91 2.67 2.23 1.82 1.45 1.24 1.21 1.50 2.00 2.48 2.93 3.21 3.21 3.00 2.55
 16   2.08 1.66 1.45 1.48 1.73 2.14 2.60 3.05 3.32 3.32 3.10 2.72 2.21 1.71 1.37 1.28 1.44 1.83 2.29 2.77 3.03 3.11 2.99 2.62
 17   2.17 1.77 1.35 1.17 1.23 1.57 2.00 2.42 2.75 2.94 2.85 2.56 2.11 1.63 1.27 1.07 1.13 1.43 1.88 2.40 2.84 3.08 3.04 2.86
 18   2.44 1.97 1.51 1.21 1.17 1.37 1.78 2.21 2.54 2.83 2.89 2.74 2.39 1.96 1.52 1.23 1.14 1.28 1.62 2.06 2.50 2.85 2.98 2.95
 19   2.71 2.32 1.88 1.51 1.31 1.32 1.48 1.89 2.26 2.54 2.74 2.80 2.56 2.22 1.81 1.42 1.19 1.20 1.43 1.80 2.23 2.60 2.86 2.89
 20   2.83 2.56 2.19 1.79 1.51 1.41 1.46 1.60 2.00 2.30 2.54 2.64 2.56 2.34 2.02 1.66 1.39 1.25 1.30 1.41 1.87 2.20 2.50 2.69
 21   2.76 2.64 2.40 2.08 1.80 1.58 1.53 1.58 1.72 1.96 2.19 2.36 2.42 2.32 2.17 1.92 1.68 1.48 1.43 1.48 1.63 1.85 2.12 2.34
 22   2.50 2.56 2.50 2.34 2.10 1.91 1.75 1.68 1.68 1.74 1.87 2.01 2.15 2.24 2.21 2.10 1.93 1.74 1.63 1.56 1.58 1.66 1.78 1.98
 23   2.16 2.30 2.38 2.39 2.33 2.20 2.05 1.92 1.81 1.73 1.72 1.78 1.88 1.98 2.08 2.16 2.16 2.07 1.97 1.86 1.77 1.69 1.68 1.73
 24   1.88 2.05 2.21 2.36 2.46 2.49 2.41 2.28 2.11 1.92 1.80 1.72 1.72 1.83 2.00 2.15 2.31 2.38 2.36 2.28 2.12 1.96 1.78 1.68
 25   1.68 1.79 2.00 2.21 2.46 2.64 2.68 2.61 2.40 2.13 1.87 1.64 1.51 1.53 1.70 1.94 2.18 2.42 2.56 2.54 2.42 2.16 1.90 1.66
 26   1.54 1.56 1.74 1.98 2.32 2.60 2.80 2.84 2.68 2.38 2.04 1.66 1.38 1.31 1.40 1.66 1.99 2.32 2.56 2.66 2.60 2.35 2.03 1.65
 27   1.42 1.33 1.38 1.64 1.98 2.38 2.66 2.84 2.84 2.59 2.20 1.78 1.40 1.17 1.16 1.36 1.68 2.12 2.50 2.74 2.77 2.60 2.28 1.88
 28   1.46 1.23 1.15 1.35 1.67 2.08 2.48 2.75 2.84 2.70 2.37 1.94 1.50 1.14 1.01 1.10 1.44 1.88 2.32 2.68 2.84 2.75 2.48 2.07
 29   1.62 1.24 1.04 1.08 1.35 1.76 2.20 2.59 2.72 2.70 2.47 2.10 1.69 1.34 1.12 1.12 1.33 1.71 2.13 2.50 2.73 2.78 2.59 2.26
 30   1.74 1.48 1.20 1.12 1.26 1.57 1.96 2.33 2.60 2.69 2.56 2.24 1.83 1.44 1.18 1.10 1.23 1.56 1.98 2.38 2.68 2.78 2.72 2.43
 ----------------------------------------------------------------------------------------------------------------------------
                                                                                               
 ----------------------------------------------------------------------------------------------------------------------------
 ----------------------------------------------------------------------------------------------------------------------------
                                                          SURVEY OF INDIA
                                                    MARINE GEODESY WING (G&RB)
                                                     HOURLY HEIGHTS IN METRES
  NAME OF PORT:- PARADIP                                                                            MONTH OCTOBER   YEAR 2008
 ----------------------------------------------------------------------------------------------------------------------------
 DAYS 0000 0001 0002 0003 0004 0005 0006 0007 0008 0009 0010 0011 0012 0013 0014 0015 0016 0017 0018 0019 0020 0021 0022 0023
 ----------------------------------------------------------------------------------------------------------------------------
  1   1.98 1.60 1.34 1.16 1.20 1.44 1.79 2.16 2.46 2.70 2.67 2.43 2.00 1.56 1.19 1.02 1.07 1.34 1.78 2.25 2.62 2.85 2.83 2.65
  2   2.28 1.83 1.49 1.20 1.13 1.28 1.62 2.00 2.37 2.59 2.63 2.48 2.15 1.74 1.36 1.13 1.06 1.21 1.55 1.99 2.36 2.67 2.76 2.69
  3   2.41 2.04 1.65 1.36 1.20 1.25 1.47 1.79 2.15 2.40 2.50 2.43 2.21 1.87 1.51 1.25 1.16 1.23 1.46 1.81 2.18 2.49 2.67 2.68
  4   2.49 2.21 1.88 1.55 1.35 1.32 1.46 1.71 1.99 2.22 2.38 2.38 2.26 2.01 1.70 1.41 1.24 1.22 1.34 1.60 1.95 2.25 2.46 2.55
  5   2.50 2.33 2.06 1.77 1.54 1.44 1.45 1.60 1.82 2.04 2.19 2.25 2.21 2.06 1.84 1.62 1.43 1.34 1.37 1.51 1.77 2.00 2.23 2.36
  6   2.40 2.32 2.15 1.92 1.70 1.58 1.52 1.57 1.69 1.84 1.98 2.09 2.13 2.08 1.97 1.82 1.65 1.54 1.49 1.54 1.67 1.85 2.03 2.17
  7   2.26 2.27 2.22 2.13 1.97 1.82 1.70 1.67 1.74 1.82 1.90 1.97 2.03 2.05 2.02 1.94 1.84 1.74 1.67 1.63 1.65 1.73 1.84 1.97
  8   2.09 2.17 2.19 2.17 2.12 2.04 1.91 1.83 1.76 1.75 1.76 1.81 1.86 1.91 1.95 1.97 1.95 1.90 1.84 1.76 1.68 1.64 1.69 1.76
  9   1.89 1.98 2.07 2.16 2.19 2.19 2.14 2.01 1.83 1.72 1.63 1.60 1.62 1.68 1.77 1.87 1.96 1.99 1.97 1.89 1.77 1.65 1.58 1.54
 10   1.58 1.70 1.87 2.02 2.16 2.25 2.24 2.15 1.97 1.76 1.54 1.42 1.37 1.46 1.61 1.80 2.00 2.14 2.20 2.14 1.99 1.77 1.54 1.42
 11   1.39 1.47 1.65 1.87 2.10 2.28 2.36 2.31 2.13 1.89 1.58 1.37 1.27 1.29 1.46 1.70 1.99 2.27 2.43 2.44 2.32 2.05 1.75 1.48
 12   1.30 1.29 1.45 1.70 2.03 2.31 2.52 2.55 2.43 2.14 1.77 1.41 1.18 1.13 1.24 1.51 1.86 2.23 2.52 2.64 2.54 2.30 1.93 1.56
 13   1.27 1.13 1.19 1.45 1.81 2.21 2.52 2.69 2.63 2.37 1.94 1.53 1.18 0.96 1.02 1.26 1.69 2.09 2.53 2.76 2.78 2.60 2.23 1.80
 14   1.35 1.11 1.06 1.23 1.59 2.01 2.39 2.64 2.69 2.51 2.13 1.65 1.22 0.92 0.86 1.04 1.43 1.92 2.42 2.76 2.91 2.84 2.51 2.05
 15   1.57 1.24 1.01 1.05 1.35 1.78 2.22 2.58 2.76 2.71 2.42 1.95 1.49 1.05 0.83 0.87 1.18 1.64 2.19 2.65 2.93 2.99 2.83 2.42
 16   1.95 1.47 1.15 1.01 1.12 1.46 1.93 2.35 2.65 2.76 2.59 2.21 1.71 1.25 0.91 0.81 0.97 1.35 1.87 2.39 2.78 2.98 2.95 2.67
 17   2.24 1.72 1.33 1.04 1.03 1.23 1.63 2.06 2.42 2.65 2.63 2.44 2.03 1.58 1.17 0.96 0.90 1.11 1.53 2.05 2.49 2.81 2.94 2.84
 18   2.54 2.11 1.69 1.34 1.13 1.15 1.36 1.75 2.12 2.38 2.54 2.50 2.30 1.93 1.55 1.22 1.05 1.06 1.28 1.66 2.09 2.47 2.72 2.80
 19   2.70 2.44 2.06 1.70 1.42 1.26 1.30 1.48 1.82 2.12 2.34 2.44 2.36 2.15 1.83 1.52 1.26 1.14 1.21 1.46 1.80 2.15 2.45 2.63
 20   2.67 2.55 2.33 2.01 1.71 1.49 1.40 1.44 1.61 1.89 2.13 2.28 2.34 2.27 2.11 1.88 1.66 1.47 1.36 1.42 1.61 1.88 2.15 2.38
 21   2.54 2.58 2.51 2.33 2.11 1.87 1.69 1.58 1.58 1.72 1.89 2.07 2.20 2.28 2.29 2.21 2.04 1.88 1.72 1.64 1.63 1.74 1.92 2.15
 22   2.32 2.46 2.55 2.53 2.45 2.27 2.07 1.88 1.74 1.65 1.67 1.76 1.92 2.07 2.20 2.27 2.26 2.18 2.05 1.88 1.76 1.69 1.72 1.84
 23   2.01 2.18 2.34 2.46 2.49 2.46 2.32 2.11 1.91 1.71 1.59 1.57 1.67 1.82 2.01 2.20 2.31 2.37 2.33 2.18 1.99 1.80 1.68 1.64
 24   1.71 1.89 2.09 2.29 2.46 2.54 2.50 2.37 2.14 1.87 1.64 1.50 1.49 1.62 1.81 2.09 2.35 2.54 2.62 2.54 2.37 2.10 1.86 1.67
 25   1.64 1.71 1.91 2.17 2.45 2.65 2.73 2.67 2.47 2.17 1.82 1.54 1.43 1.44 1.62 1.92 2.28 2.59 2.79 2.84 2.69 2.43 2.11 1.79
 26   1.63 1.57 1.68 1.94 2.27 2.58 2.79 2.84 2.72 2.43 2.07 1.72 1.48 1.41 1.53 1.83 2.20 2.56 2.87 3.02 2.95 2.73 2.36 1.98
 27   1.66 1.53 1.55 1.78 2.10 2.46 2.77 2.92 2.89 2.67 2.28 1.87 1.55 1.32 1.37 1.60 2.00 2.38 2.76 3.00 3.00 2.84 2.48 2.11
 28   1.73 1.49 1.42 1.52 1.80 2.16 2.50 2.73 2.81 2.68 2.32 1.91 1.48 1.24 1.15 1.28 1.63 2.07 2.51 2.82 2.94 2.84 2.60 2.18
 29   1.80 1.48 1.32 1.32 1.56 1.92 2.32 2.64 2.80 2.77 2.50 2.14 1.73 1.39 1.20 1.23 1.48 1.86 2.30 2.69 2.91 2.94 2.76 2.40
 30   1.98 1.62 1.34 1.25 1.35 1.63 2.01 2.35 2.59 2.65 2.49 2.21 1.84 1.48 1.22 1.12 1.30 1.64 2.07 2.50 2.80 2.91 2.84 2.58
 31   2.19 1.79 1.45 1.27 1.29 1.48 1.82 2.18 2.45 2.58 2.52 2.30 1.98 1.57 1.28 1.17 1.25 1.50 1.88 2.28 2.64 2.84 2.86 2.70
 ----------------------------------------------------------------------------------------------------------------------------
                                                                                               
 ----------------------------------------------------------------------------------------------------------------------------
 ----------------------------------------------------------------------------------------------------------------------------
                                                          SURVEY OF INDIA
                                                    MARINE GEODESY WING (G&RB)
                                                     HOURLY HEIGHTS IN METRES
  NAME OF PORT:- PARADIP                                                                            MONTH NOVEMBER  YEAR 2008
 ----------------------------------------------------------------------------------------------------------------------------
 DAYS 0000 0001 0002 0003 0004 0005 0006 0007 0008 0009 0010 0011 0012 0013 0014 0015 0016 0017 0018 0019 0020 0021 0022 0023
 ----------------------------------------------------------------------------------------------------------------------------
  1   2.41 2.05 1.69 1.43 1.31 1.43 1.67 1.99 2.29 2.51 2.54 2.43 2.17 1.83 1.47 1.27 1.21 1.36 1.64 2.01 2.37 2.63 2.73 2.67
  2   2.49 2.17 1.83 1.56 1.40 1.40 1.55 1.80 2.10 2.32 2.43 2.44 2.25 2.01 1.67 1.45 1.31 1.33 1.51 1.81 2.14 2.45 2.65 2.70
  3   2.62 2.39 2.08 1.79 1.58 1.47 1.50 1.68 1.93 2.17 2.32 2.35 2.28 2.09 1.85 1.63 1.48 1.41 1.51 1.67 1.97 2.23 2.46 2.58
  4   2.59 2.49 2.27 2.05 1.81 1.63 1.59 1.67 1.83 2.05 2.20 2.33 2.35 2.25 2.06 1.85 1.67 1.56 1.53 1.64 1.83 2.08 2.30 2.45
  5   2.55 2.51 2.39 2.21 2.01 1.85 1.73 1.68 1.74 1.89 2.03 2.14 2.22 2.24 2.19 2.10 1.97 1.81 1.69 1.68 1.78 1.92 2.13 2.31
  6   2.45 2.53 2.53 2.42 2.25 2.05 1.89 1.77 1.74 1.79 1.90 2.03 2.17 2.25 2.28 2.27 2.18 2.07 1.94 1.87 1.83 1.85 1.97 2.11
  7   2.27 2.41 2.51 2.53 2.48 2.30 2.12 1.93 1.76 1.69 1.71 1.81 1.93 2.07 2.20 2.29 2.31 2.25 2.13 1.99 1.87 1.80 1.79 1.85
  8   2.01 2.17 2.32 2.44 2.48 2.42 2.25 2.04 1.81 1.62 1.52 1.52 1.63 1.83 2.03 2.24 2.39 2.42 2.33 2.23 2.12 2.01 1.92 1.86
  9   1.90 1.99 2.11 2.24 2.40 2.43 2.36 2.19 1.95 1.67 1.49 1.38 1.39 1.55 1.81 2.11 2.35 2.49 2.53 2.41 2.18 2.00 1.85 1.73
 10   1.69 1.81 1.96 2.14 2.33 2.49 2.53 2.42 2.19 1.86 1.53 1.31 1.21 1.31 1.58 1.94 2.32 2.61 2.77 2.75 2.56 2.28 2.05 1.84
 11   1.69 1.69 1.87 2.02 2.22 2.43 2.59 2.61 2.44 2.11 1.71 1.33 1.11 1.07 1.25 1.63 2.06 2.47 2.79 2.91 2.81 2.53 2.12 1.75
 12   1.38 1.18 1.23 1.49 1.83 2.22 2.48 2.63 2.55 2.26 1.81 1.44 1.01 0.86 0.92 1.19 1.69 2.19 2.65 2.94 3.02 2.85 2.49 2.02
 13   1.58 1.27 1.09 1.20 1.49 1.93 2.33 2.63 2.71 2.59 2.29 1.81 1.33 0.99 0.85 0.97 1.34 1.84 2.38 2.85 3.07 3.07 2.83 2.39
 14   1.87 1.44 1.10 1.05 1.23 1.59 2.07 2.43 2.69 2.76 2.58 2.19 1.73 1.27 0.97 0.95 1.13 1.54 2.05 2.57 2.97 3.13 3.08 2.81
 15   2.33 1.84 1.43 1.19 1.15 1.39 1.76 2.21 2.55 2.75 2.73 2.45 2.07 1.59 1.19 0.99 1.03 1.31 1.74 2.27 2.69 3.00 3.08 2.97
 16   2.63 2.21 1.72 1.39 1.19 1.25 1.50 1.87 2.27 2.55 2.67 2.59 2.35 1.93 1.49 1.18 1.04 1.13 1.42 1.85 2.29 2.69 2.92 2.97
 17   2.83 2.49 2.10 1.67 1.37 1.23 1.30 1.55 1.90 2.23 2.45 2.51 2.47 2.25 1.87 1.51 1.29 1.20 1.37 1.57 1.97 2.35 2.63 2.79
 18   2.84 2.70 2.35 2.02 1.65 1.42 1.33 1.40 1.61 1.91 2.17 2.38 2.45 2.39 2.16 1.86 1.59 1.41 1.35 1.44 1.67 1.97 2.27 2.53
 19   2.69 2.71 2.58 2.28 1.96 1.67 1.46 1.37 1.43 1.62 1.84 2.07 2.26 2.36 2.33 2.16 1.97 1.75 1.61 1.54 1.59 1.73 1.97 2.22
 20   2.44 2.58 2.60 2.50 2.27 2.01 1.76 1.57 1.46 1.47 1.58 1.79 2.00 2.17 2.29 2.31 2.21 2.05 1.88 1.72 1.63 1.64 1.72 1.91
 21   2.13 2.34 2.49 2.53 2.45 2.25 1.99 1.74 1.54 1.41 1.38 1.49 1.64 1.88 2.17 2.33 2.38 2.31 2.16 1.96 1.78 1.64 1.60 1.67
 22   1.83 2.04 2.24 2.40 2.46 2.40 2.23 1.97 1.72 1.56 1.40 1.34 1.45 1.63 1.92 2.17 2.37 2.46 2.41 2.26 2.04 1.83 1.64 1.57
 23   1.62 1.76 1.96 2.15 2.30 2.38 2.35 2.20 1.95 1.70 1.49 1.35 1.35 1.48 1.75 2.04 2.33 2.53 2.58 2.50 2.32 2.03 1.76 1.53
 24   1.50 1.57 1.74 1.98 2.20 2.36 2.40 2.32 2.15 1.88 1.58 1.36 1.25 1.29 1.52 1.80 2.15 2.43 2.57 2.59 2.46 2.16 1.85 1.56
 25   1.39 1.35 1.48 1.68 1.98 2.21 2.35 2.37 2.25 2.03 1.71 1.40 1.19 1.14 1.27 1.53 1.90 2.27 2.55 2.66 2.64 2.43 2.13 1.74
 26   1.49 1.34 1.31 1.45 1.70 2.01 2.26 2.38 2.34 2.16 1.87 1.53 1.22 1.09 1.12 1.33 1.68 2.08 2.42 2.64 2.69 2.55 2.27 1.91
 27   1.54 1.32 1.21 1.27 1.51 1.80 2.09 2.29 2.36 2.25 2.01 1.68 1.33 1.08 1.01 1.14 1.41 1.80 2.20 2.52 2.69 2.67 2.47 2.13
 28   1.71 1.42 1.22 1.20 1.36 1.64 1.94 2.23 2.38 2.35 2.17 1.86 1.48 1.18 1.00 1.03 1.25 1.63 2.02 2.40 2.65 2.71 2.58 2.27
 29   1.89 1.54 1.29 1.17 1.23 1.45 1.77 2.09 2.29 2.39 2.30 2.03 1.69 1.34 1.12 1.04 1.17 1.44 1.84 2.24 2.56 2.72 2.69 2.50
 30   2.14 1.75 1.43 1.24 1.21 1.34 1.62 1.96 2.22 2.38 2.39 2.21 1.90 1.55 1.24 1.08 1.12 1.32 1.68 2.08 2.44 2.67 2.75 2.66
 ----------------------------------------------------------------------------------------------------------------------------
                                                                                               
 ----------------------------------------------------------------------------------------------------------------------------
 ----------------------------------------------------------------------------------------------------------------------------
                                                          SURVEY OF INDIA
                                                    MARINE GEODESY WING (G&RB)
                                                     HOURLY HEIGHTS IN METRES
  NAME OF PORT:- PARADIP                                                                            MONTH DECEMBER  YEAR 2008
 ----------------------------------------------------------------------------------------------------------------------------
 DAYS 0000 0001 0002 0003 0004 0005 0006 0007 0008 0009 0010 0011 0012 0013 0014 0015 0016 0017 0018 0019 0020 0021 0022 0023
 ----------------------------------------------------------------------------------------------------------------------------
  1   2.37 2.02 1.65 1.39 1.25 1.33 1.55 1.84 2.13 2.32 2.41 2.35 2.15 1.84 1.50 1.25 1.18 1.28 1.53 1.90 2.27 2.59 2.75 2.76
  2   2.57 2.28 1.92 1.59 1.38 1.34 1.44 1.69 1.97 2.23 2.37 2.39 2.27 2.01 1.71 1.44 1.30 1.33 1.49 1.77 2.13 2.43 2.65 2.73
  3   2.66 2.44 2.10 1.77 1.51 1.40 1.39 1.55 1.75 2.01 2.23 2.34 2.33 2.18 1.93 1.67 1.46 1.37 1.41 1.57 1.85 2.15 2.42 2.59
  4   2.63 2.54 2.31 2.01 1.71 1.50 1.42 1.44 1.59 1.82 2.03 2.20 2.28 2.25 2.09 1.86 1.67 1.51 1.44 1.53 1.71 1.94 2.20 2.40
  5   2.51 2.50 2.36 2.13 1.87 1.63 1.48 1.42 1.48 1.63 1.83 2.03 2.18 2.26 2.22 2.07 1.89 1.73 1.58 1.54 1.59 1.70 1.93 2.14
  6   2.33 2.44 2.43 2.30 2.08 1.84 1.63 1.49 1.44 1.51 1.65 1.83 2.03 2.19 2.26 2.23 2.13 1.97 1.81 1.67 1.61 1.61 1.74 1.91
  7   2.13 2.28 2.37 2.36 2.23 2.02 1.80 1.59 1.44 1.39 1.43 1.56 1.76 1.99 2.18 2.29 2.31 2.25 2.11 1.91 1.75 1.62 1.60 1.67
  8   1.84 2.03 2.20 2.31 2.34 2.25 2.06 1.82 1.60 1.42 1.35 1.41 1.54 1.79 2.07 2.31 2.46 2.51 2.44 2.27 2.04 1.82 1.66 1.58
  9   1.63 1.79 2.00 2.21 2.36 2.39 2.30 2.11 1.86 1.58 1.37 1.27 1.31 1.51 1.82 2.15 2.45 2.65 2.70 2.62 2.37 2.09 1.80 1.58
 10   1.51 1.59 1.77 2.03 2.28 2.46 2.51 2.40 2.15 1.82 1.51 1.28 1.20 1.29 1.56 1.93 2.33 2.69 2.86 2.89 2.72 2.42 2.09 1.70
 11   1.47 1.39 1.49 1.76 2.10 2.38 2.59 2.61 2.44 2.15 1.76 1.41 1.16 1.10 1.26 1.61 2.03 2.47 2.83 3.00 2.97 2.74 2.37 1.93
 12   1.57 1.33 1.30 1.45 1.78 2.14 2.48 2.66 2.66 2.44 2.10 1.65 1.22 1.01 0.97 1.16 1.57 2.03 2.53 2.89 3.04 2.97 2.68 2.25
 13   1.79 1.40 1.17 1.17 1.40 1.73 2.15 2.50 2.66 2.63 2.37 2.00 1.51 1.12 0.91 0.94 1.21 1.67 2.19 2.65 2.95 3.05 2.93 2.59
 14   2.11 1.67 1.29 1.08 1.12 1.35 1.75 2.18 2.50 2.65 2.56 2.29 1.86 1.42 1.06 0.87 0.97 1.29 1.74 2.24 2.71 2.95 3.00 2.83
 15   2.47 2.00 1.53 1.19 1.03 1.11 1.38 1.79 2.20 2.49 2.59 2.49 2.19 1.81 1.39 1.09 0.97 1.09 1.38 1.83 2.34 2.73 2.92 2.95
 16   2.76 2.38 1.92 1.50 1.19 1.06 1.17 1.45 1.83 2.22 2.43 2.48 2.35 2.05 1.70 1.34 1.12 1.08 1.24 1.55 1.99 2.41 2.71 2.80
 17   2.75 2.57 2.15 1.74 1.39 1.14 1.08 1.23 1.52 1.93 2.23 2.37 2.39 2.27 2.00 1.70 1.41 1.26 1.26 1.41 1.72 2.09 2.42 2.64
 18   2.69 2.61 2.37 2.03 1.69 1.38 1.24 1.22 1.34 1.59 1.91 2.18 2.33 2.34 2.23 2.01 1.77 1.55 1.40 1.42 1.53 1.79 2.06 2.33
 19   2.50 2.54 2.43 2.25 1.97 1.68 1.44 1.32 1.30 1.43 1.66 1.94 2.18 2.28 2.30 2.20 2.05 1.84 1.68 1.56 1.53 1.62 1.81 2.02
 20   2.23 2.38 2.39 2.32 2.14 1.92 1.68 1.49 1.38 1.38 1.47 1.64 1.85 2.07 2.23 2.26 2.23 2.12 1.95 1.79 1.66 1.62 1.68 1.78
 21   1.96 2.11 2.24 2.25 2.20 2.08 1.89 1.71 1.52 1.42 1.43 1.50 1.69 1.91 2.11 2.24 2.30 2.28 2.18 2.04 1.87 1.72 1.66 1.66
 22   1.73 1.87 2.01 2.12 2.17 2.17 2.06 1.89 1.73 1.56 1.46 1.44 1.54 1.71 1.94 2.15 2.31 2.38 2.37 2.23 2.06 1.87 1.68 1.59
 23   1.57 1.65 1.81 1.96 2.07 2.17 2.14 2.04 1.88 1.70 1.53 1.43 1.41 1.52 1.73 1.98 2.20 2.36 2.46 2.45 2.32 2.11 1.89 1.67
 24   1.53 1.51 1.58 1.72 1.90 2.08 2.17 2.17 2.03 1.86 1.63 1.42 1.29 1.29 1.42 1.68 1.96 2.26 2.44 2.49 2.42 2.24 1.96 1.71
 25   1.51 1.40 1.41 1.54 1.74 1.94 2.11 2.19 2.13 1.97 1.74 1.48 1.25 1.17 1.22 1.44 1.74 2.08 2.36 2.53 2.55 2.42 2.17 1.85
 26   1.56 1.39 1.31 1.38 1.54 1.79 2.02 2.18 2.21 2.09 1.88 1.57 1.28 1.09 1.05 1.19 1.49 1.85 2.22 2.48 2.59 2.53 2.31 1.97
 27   1.65 1.38 1.21 1.20 1.33 1.60 1.86 2.08 2.18 2.15 1.96 1.66 1.32 1.05 0.93 1.01 1.23 1.60 1.99 2.35 2.56 2.59 2.44 2.16
 28   1.80 1.40 1.19 1.09 1.18 1.40 1.71 1.99 2.18 2.23 2.14 1.87 1.53 1.20 0.98 0.95 1.12 1.42 1.82 2.20 2.49 2.61 2.54 2.31
 29   1.96 1.55 1.21 1.03 1.03 1.19 1.49 1.80 2.07 2.23 2.24 2.05 1.70 1.35 1.02 0.88 0.92 1.14 1.50 1.90 2.28 2.49 2.54 2.41
 30   2.14 1.75 1.37 1.10 0.96 1.04 1.30 1.63 1.96 2.19 2.24 2.14 1.88 1.53 1.18 0.94 0.90 1.04 1.34 1.71 2.12 2.41 2.54 2.48
 31   2.28 1.93 1.56 1.20 1.00 0.98 1.14 1.44 1.79 2.07 2.22 2.20 2.05 1.74 1.40 1.10 0.95 0.98 1.18 1.50 1.88 2.22 2.43 2.48
 ----------------------------------------------------------------------------------------------------------------------------
                                                                                               
 ----------------------------------------------------------------------------------------------------------------------------
 ----------------------------------------------------------------------------------------------------------------------------
