                                                          SURVEY OF INDIA
                                                    MARINE GEODESY WING (G&RB)
                                                     HOURLY HEIGHTS IN METRES
  NAME OF PORT:- PARADIP                                                                            MONTH JANUARY   YEAR 2013
 ----------------------------------------------------------------------------------------------------------------------------
 DAYS 0000 0001 0002 0003 0004 0005 0006 0007 0008 0009 0010 0011 0012 0013 0014 0015 0016 0017 0018 0019 0020 0021 0022 0023
 ----------------------------------------------------------------------------------------------------------------------------
  1   2.39 2.08 1.64 1.26 1.02 0.93 1.08 1.35 1.72 2.06 2.29 2.34 2.19 1.90 1.53 1.21 1.01 1.00 1.17 1.47 1.87 2.23 2.48 2.56
  2   2.49 2.24 1.87 1.46 1.13 0.97 1.01 1.22 1.52 1.91 2.20 2.33 2.30 2.10 1.80 1.44 1.16 1.03 1.04 1.28 1.60 1.96 2.29 2.49
  3   2.53 2.39 2.11 1.70 1.34 1.05 0.95 1.03 1.26 1.57 1.89 2.15 2.28 2.22 2.01 1.70 1.42 1.19 1.09 1.17 1.36 1.65 1.97 2.23
  4   2.37 2.35 2.20 1.91 1.57 1.24 1.03 0.97 1.09 1.35 1.63 1.91 2.14 2.23 2.18 1.97 1.72 1.48 1.30 1.24 1.32 1.49 1.74 1.98
  5   2.19 2.29 2.24 2.09 1.80 1.52 1.25 1.09 1.06 1.19 1.41 1.69 1.97 2.15 2.25 2.21 2.04 1.83 1.59 1.41 1.33 1.37 1.52 1.71
  6   1.94 2.11 2.20 2.19 2.05 1.83 1.56 1.33 1.15 1.12 1.21 1.40 1.63 1.90 2.11 2.23 2.22 2.11 1.91 1.71 1.54 1.43 1.43 1.54
  7   1.70 1.89 2.07 2.17 2.15 2.03 1.83 1.57 1.35 1.16 1.09 1.17 1.37 1.61 1.90 2.15 2.33 2.39 2.29 2.09 1.84 1.60 1.43 1.35
  8   1.39 1.57 1.75 1.95 2.11 2.15 2.09 1.88 1.64 1.37 1.15 1.02 1.07 1.24 1.50 1.85 2.17 2.41 2.49 2.42 2.23 1.92 1.59 1.33
  9   1.19 1.24 1.37 1.62 1.87 2.09 2.21 2.15 1.97 1.68 1.36 1.07 0.91 0.98 1.18 1.55 1.95 2.33 2.56 2.63 2.50 2.21 1.81 1.45
 10   1.18 1.03 1.10 1.30 1.64 1.97 2.24 2.33 2.27 2.04 1.65 1.25 0.91 0.77 0.84 1.09 1.53 2.00 2.43 2.67 2.74 2.56 2.23 1.79
 11   1.37 1.05 0.93 1.03 1.31 1.69 2.08 2.38 2.49 2.31 2.00 1.60 1.14 0.81 0.67 0.83 1.16 1.68 2.20 2.65 2.86 2.84 2.61 2.21
 12   1.67 1.23 0.87 0.79 0.95 1.30 1.76 2.17 2.46 2.50 2.33 1.98 1.50 1.05 0.75 0.64 0.83 1.22 1.73 2.26 2.68 2.86 2.76 2.50
 13   2.03 1.50 1.06 0.74 0.71 0.92 1.34 1.83 2.25 2.50 2.51 2.29 1.91 1.42 0.96 0.67 0.62 0.86 1.28 1.82 2.34 2.68 2.80 2.65
 14   2.33 1.85 1.33 0.91 0.69 0.72 1.01 1.44 1.93 2.28 2.47 2.41 2.18 1.78 1.28 0.93 0.70 0.77 1.05 1.47 2.00 2.45 2.69 2.73
 15   2.51 2.18 1.68 1.21 0.85 0.74 0.87 1.21 1.63 2.07 2.37 2.44 2.34 2.07 1.66 1.26 0.94 0.86 1.00 1.30 1.70 2.15 2.48 2.62
 16   2.55 2.33 1.93 1.49 1.10 0.87 0.85 1.04 1.36 1.78 2.11 2.31 2.32 2.17 1.88 1.51 1.19 1.02 0.98 1.15 1.45 1.79 2.11 2.39
 17   2.46 2.34 2.09 1.70 1.31 1.02 0.89 0.99 1.19 1.49 1.84 2.11 2.29 2.25 2.05 1.76 1.47 1.21 1.11 1.13 1.29 1.57 1.89 2.11
 18   2.27 2.29 2.18 1.89 1.57 1.29 1.13 1.13 1.27 1.47 1.73 2.02 2.22 2.29 2.23 2.07 1.86 1.63 1.47 1.41 1.45 1.58 1.79 2.00
 19   2.16 2.25 2.21 2.05 1.83 1.58 1.37 1.28 1.29 1.39 1.56 1.76 1.96 2.12 2.23 2.20 2.06 1.90 1.74 1.62 1.54 1.58 1.68 1.82
 20   1.94 2.05 2.10 2.09 1.97 1.77 1.59 1.42 1.33 1.33 1.41 1.55 1.73 1.89 2.03 2.09 2.09 2.02 1.91 1.79 1.69 1.63 1.61 1.65
 21   1.75 1.86 1.95 2.02 2.02 1.93 1.81 1.67 1.55 1.46 1.42 1.47 1.59 1.72 1.87 2.03 2.13 2.18 2.13 2.03 1.91 1.79 1.69 1.61
 22   1.61 1.68 1.77 1.87 1.97 1.99 1.95 1.85 1.73 1.59 1.47 1.39 1.40 1.49 1.67 1.86 2.04 2.20 2.29 2.26 2.15 1.99 1.83 1.65
 23   1.54 1.51 1.56 1.67 1.84 1.97 2.05 2.04 1.92 1.77 1.58 1.40 1.30 1.32 1.44 1.63 1.89 2.14 2.32 2.39 2.34 2.18 1.95 1.70
 24   1.50 1.38 1.37 1.49 1.68 1.89 2.07 2.15 2.13 1.99 1.78 1.50 1.29 1.19 1.23 1.40 1.68 2.03 2.30 2.49 2.53 2.42 2.18 1.87
 25   1.59 1.38 1.29 1.34 1.52 1.78 2.05 2.23 2.27 2.15 1.93 1.62 1.31 1.14 1.07 1.21 1.48 1.83 2.18 2.48 2.60 2.56 2.34 2.01
 26   1.65 1.35 1.15 1.15 1.31 1.58 1.90 2.17 2.33 2.31 2.10 1.79 1.42 1.12 0.96 1.01 1.23 1.59 2.01 2.37 2.61 2.65 2.47 2.18
 27   1.77 1.40 1.10 1.00 1.09 1.36 1.69 2.05 2.29 2.39 2.27 1.99 1.61 1.24 0.97 0.87 1.04 1.34 1.78 2.20 2.54 2.67 2.60 2.35
 28   1.97 1.52 1.15 0.93 0.93 1.13 1.46 1.87 2.21 2.41 2.39 2.20 1.87 1.46 1.08 0.88 0.91 1.15 1.51 1.97 2.39 2.67 2.69 2.53
 29   2.19 1.72 1.28 0.96 0.85 0.97 1.27 1.69 2.09 2.39 2.47 2.35 2.05 1.64 1.23 0.93 0.85 0.99 1.32 1.73 2.20 2.54 2.67 2.59
 30   2.31 1.93 1.46 1.05 0.84 0.83 1.06 1.43 1.86 2.25 2.45 2.43 2.19 1.86 1.44 1.07 0.88 0.93 1.16 1.56 2.01 2.37 2.59 2.59
 31   2.37 2.03 1.57 1.15 0.87 0.79 0.92 1.23 1.61 2.05 2.38 2.47 2.38 2.12 1.78 1.38 1.08 0.99 1.10 1.37 1.76 2.12 2.42 2.55
 ----------------------------------------------------------------------------------------------------------------------------
                                                                                               
 ----------------------------------------------------------------------------------------------------------------------------
 ----------------------------------------------------------------------------------------------------------------------------
                                                          SURVEY OF INDIA
                                                    MARINE GEODESY WING (G&RB)
                                                     HOURLY HEIGHTS IN METRES
  NAME OF PORT:- PARADIP                                                                            MONTH FEBRUARY  YEAR 2013
 ----------------------------------------------------------------------------------------------------------------------------
 DAYS 0000 0001 0002 0003 0004 0005 0006 0007 0008 0009 0010 0011 0012 0013 0014 0015 0016 0017 0018 0019 0020 0021 0022 0023
 ----------------------------------------------------------------------------------------------------------------------------
  1   2.49 2.27 1.90 1.48 1.11 0.89 0.88 1.09 1.42 1.81 2.19 2.40 2.45 2.31 2.00 1.64 1.31 1.09 1.07 1.22 1.49 1.85 2.18 2.37
  2   2.45 2.35 2.10 1.75 1.36 1.07 0.95 0.99 1.21 1.51 1.86 2.14 2.32 2.36 2.21 1.97 1.65 1.38 1.21 1.21 1.36 1.58 1.88 2.16
  3   2.30 2.35 2.24 2.03 1.70 1.36 1.14 1.05 1.11 1.29 1.58 1.87 2.14 2.31 2.31 2.18 1.99 1.75 1.50 1.36 1.31 1.42 1.59 1.81
  4   2.01 2.16 2.19 2.11 1.94 1.68 1.38 1.19 1.11 1.15 1.28 1.53 1.78 2.02 2.19 2.25 2.21 2.06 1.84 1.64 1.48 1.41 1.43 1.55
  5   1.70 1.87 2.01 2.05 2.01 1.87 1.69 1.48 1.28 1.17 1.15 1.27 1.44 1.68 1.92 2.13 2.25 2.24 2.15 1.96 1.75 1.55 1.42 1.37
  6   1.42 1.53 1.69 1.85 1.98 2.03 1.99 1.84 1.63 1.41 1.23 1.14 1.18 1.31 1.54 1.80 2.06 2.28 2.37 2.33 2.13 1.88 1.60 1.37
  7   1.25 1.26 1.38 1.57 1.80 2.02 2.16 2.15 2.02 1.73 1.44 1.17 1.01 1.03 1.18 1.46 1.82 2.17 2.45 2.56 2.49 2.27 1.93 1.55
  8   1.25 1.10 1.11 1.27 1.54 1.85 2.15 2.29 2.30 2.12 1.80 1.41 1.07 0.89 0.95 1.16 1.49 1.93 2.34 2.67 2.72 2.55 2.23 1.78
  9   1.36 1.06 0.94 1.02 1.26 1.64 2.03 2.34 2.46 2.38 2.11 1.73 1.31 0.97 0.83 0.93 1.21 1.64 2.13 2.53 2.77 2.77 2.53 2.14
 10   1.65 1.23 0.91 0.85 1.00 1.32 1.77 2.15 2.44 2.55 2.41 2.08 1.66 1.21 0.89 0.78 0.95 1.30 1.78 2.28 2.69 2.84 2.75 2.46
 11   2.00 1.47 1.06 0.79 0.81 1.03 1.43 1.90 2.33 2.57 2.55 2.34 1.95 1.47 1.07 0.81 0.83 1.06 1.49 2.01 2.47 2.74 2.79 2.58
 12   2.19 1.70 1.21 0.86 0.72 0.84 1.15 1.61 2.02 2.39 2.55 2.45 2.15 1.75 1.28 0.93 0.79 0.89 1.19 1.61 2.10 2.48 2.66 2.61
 13   2.33 1.94 1.45 1.05 0.78 0.77 0.99 1.37 1.80 2.19 2.45 2.49 2.30 1.98 1.54 1.14 0.88 0.85 0.98 1.32 1.73 2.13 2.41 2.49
 14   2.37 2.09 1.68 1.23 0.89 0.77 0.89 1.13 1.51 1.92 2.27 2.40 2.37 2.14 1.81 1.41 1.09 0.94 0.99 1.22 1.53 1.89 2.21 2.38
 15   2.37 2.19 1.91 1.51 1.15 0.93 0.95 1.12 1.42 1.74 2.07 2.29 2.35 2.23 2.01 1.67 1.35 1.12 1.07 1.17 1.39 1.70 2.01 2.20
 16   2.27 2.19 1.98 1.68 1.36 1.09 1.01 1.07 1.24 1.53 1.83 2.11 2.25 2.27 2.14 1.92 1.67 1.43 1.31 1.32 1.44 1.60 1.81 2.01
 17   2.17 2.17 2.04 1.85 1.61 1.38 1.21 1.17 1.25 1.45 1.67 1.89 2.07 2.19 2.17 2.05 1.86 1.66 1.50 1.45 1.47 1.55 1.71 1.87
 18   2.00 2.07 2.05 1.93 1.76 1.58 1.44 1.34 1.33 1.40 1.56 1.73 1.90 2.05 2.13 2.09 2.00 1.89 1.78 1.66 1.57 1.57 1.64 1.72
 19   1.81 1.89 1.91 1.89 1.81 1.69 1.57 1.45 1.38 1.38 1.47 1.58 1.69 1.80 1.91 2.00 2.03 2.00 1.91 1.81 1.71 1.63 1.57 1.58
 20   1.62 1.69 1.76 1.82 1.85 1.82 1.74 1.63 1.52 1.42 1.35 1.35 1.40 1.53 1.68 1.83 1.95 2.04 2.04 1.98 1.86 1.70 1.56 1.46
 21   1.44 1.47 1.54 1.63 1.74 1.82 1.84 1.78 1.68 1.54 1.40 1.30 1.28 1.33 1.44 1.62 1.80 1.98 2.12 2.14 2.06 1.89 1.68 1.47
 22   1.31 1.24 1.28 1.39 1.56 1.73 1.88 1.92 1.84 1.67 1.46 1.26 1.09 1.04 1.15 1.33 1.55 1.81 2.03 2.16 2.14 2.00 1.78 1.47
 23   1.22 1.04 1.01 1.11 1.30 1.53 1.76 1.92 1.95 1.84 1.62 1.36 1.11 0.94 0.90 1.02 1.26 1.61 1.94 2.16 2.24 2.14 1.92 1.62
 24   1.24 0.98 0.84 0.88 1.07 1.37 1.68 1.94 2.06 2.01 1.82 1.52 1.18 0.88 0.76 0.83 1.06 1.41 1.83 2.17 2.34 2.34 2.14 1.79
 25   1.38 1.01 0.78 0.75 0.92 1.21 1.62 1.97 2.17 2.21 2.06 1.74 1.37 0.98 0.74 0.72 0.90 1.25 1.65 2.07 2.36 2.44 2.31 1.99
 26   1.58 1.12 0.79 0.62 0.70 0.97 1.35 1.78 2.12 2.31 2.26 2.01 1.60 1.15 0.79 0.64 0.69 0.97 1.37 1.86 2.25 2.46 2.41 2.17
 27   1.74 1.28 0.84 0.59 0.58 0.78 1.17 1.62 2.06 2.37 2.42 2.21 1.84 1.38 0.95 0.68 0.64 0.84 1.18 1.65 2.12 2.43 2.48 2.34
 28   2.00 1.51 1.04 0.68 0.55 0.67 0.96 1.38 1.80 2.20 2.42 2.36 2.09 1.68 1.22 0.83 0.64 0.72 0.98 1.34 1.80 2.20 2.40 2.38
 ----------------------------------------------------------------------------------------------------------------------------
                                                                                               
 ----------------------------------------------------------------------------------------------------------------------------
 ----------------------------------------------------------------------------------------------------------------------------
                                                          SURVEY OF INDIA
                                                    MARINE GEODESY WING (G&RB)
                                                     HOURLY HEIGHTS IN METRES
  NAME OF PORT:- PARADIP                                                                            MONTH MARCH     YEAR 2013
 ----------------------------------------------------------------------------------------------------------------------------
 DAYS 0000 0001 0002 0003 0004 0005 0006 0007 0008 0009 0010 0011 0012 0013 0014 0015 0016 0017 0018 0019 0020 0021 0022 0023
 ----------------------------------------------------------------------------------------------------------------------------
  1   2.15 1.74 1.27 0.85 0.55 0.52 0.75 1.12 1.59 2.03 2.34 2.42 2.30 2.00 1.56 1.12 0.84 0.74 0.86 1.17 1.57 1.97 2.27 2.38
  2   2.29 2.00 1.58 1.13 0.80 0.63 0.71 0.95 1.33 1.77 2.16 2.37 2.37 2.17 1.84 1.44 1.09 0.86 0.84 1.01 1.31 1.65 1.98 2.21
  3   2.23 2.07 1.77 1.38 1.02 0.76 0.70 0.80 1.06 1.42 1.80 2.10 2.27 2.24 2.06 1.75 1.41 1.12 0.97 1.00 1.13 1.38 1.66 1.95
  4   2.07 2.07 1.93 1.67 1.33 1.04 0.87 0.83 0.95 1.18 1.49 1.81 2.07 2.20 2.15 1.98 1.73 1.48 1.29 1.24 1.27 1.39 1.61 1.83
  5   2.02 2.15 2.14 2.04 1.84 1.60 1.37 1.23 1.18 1.25 1.41 1.65 1.90 2.13 2.26 2.26 2.19 2.03 1.85 1.67 1.52 1.44 1.49 1.60
  6   1.73 1.88 1.99 2.03 2.00 1.87 1.72 1.55 1.40 1.31 1.32 1.42 1.59 1.81 2.03 2.21 2.28 2.26 2.16 2.01 1.81 1.62 1.50 1.44
  7   1.46 1.56 1.70 1.86 2.00 2.05 2.00 1.88 1.69 1.51 1.36 1.29 1.31 1.42 1.64 1.91 2.15 2.30 2.34 2.26 2.05 1.80 1.55 1.36
  8   1.27 1.28 1.41 1.61 1.84 2.04 2.15 2.13 2.00 1.78 1.53 1.29 1.17 1.18 1.31 1.56 1.87 2.18 2.40 2.47 2.37 2.12 1.79 1.45
  9   1.22 1.08 1.12 1.32 1.59 1.90 2.17 2.33 2.30 2.12 1.84 1.50 1.22 1.09 1.12 1.30 1.62 1.99 2.35 2.59 2.62 2.45 2.12 1.72
 10   1.33 1.08 1.01 1.13 1.39 1.76 2.11 2.38 2.48 2.39 2.12 1.72 1.32 1.01 0.97 1.09 1.38 1.79 2.23 2.56 2.73 2.66 2.38 1.95
 11   1.50 1.12 0.90 0.90 1.13 1.50 1.93 2.32 2.52 2.53 2.38 2.02 1.59 1.18 0.92 0.91 1.12 1.47 1.92 2.35 2.62 2.66 2.47 2.09
 12   1.60 1.14 0.86 0.77 0.94 1.26 1.71 2.15 2.49 2.66 2.58 2.31 1.87 1.42 1.06 0.88 0.93 1.20 1.60 2.06 2.45 2.67 2.62 2.36
 13   1.95 1.48 1.07 0.83 0.85 1.07 1.45 1.91 2.36 2.64 2.70 2.49 2.15 1.68 1.26 0.98 0.92 1.08 1.42 1.86 2.30 2.60 2.67 2.53
 14   2.20 1.75 1.32 1.00 0.88 1.01 1.32 1.72 2.18 2.54 2.70 2.62 2.37 1.98 1.54 1.19 1.02 1.09 1.30 1.68 2.08 2.38 2.53 2.50
 15   2.31 1.94 1.52 1.16 0.94 0.95 1.18 1.54 1.90 2.21 2.39 2.41 2.28 1.98 1.59 1.25 0.97 0.90 1.03 1.29 1.62 1.98 2.23 2.30
 16   2.19 1.93 1.57 1.20 0.92 0.82 0.92 1.16 1.52 1.92 2.22 2.34 2.29 2.10 1.80 1.44 1.18 1.03 1.03 1.20 1.46 1.76 2.01 2.15
 17   2.12 1.98 1.70 1.38 1.11 0.96 0.97 1.11 1.38 1.72 2.02 2.20 2.23 2.13 1.93 1.66 1.38 1.18 1.16 1.23 1.41 1.62 1.86 2.02
 18   2.04 1.97 1.78 1.53 1.29 1.12 1.07 1.17 1.33 1.59 1.84 2.05 2.15 2.15 2.03 1.85 1.65 1.44 1.30 1.30 1.38 1.52 1.67 1.84
 19   1.96 1.96 1.87 1.70 1.50 1.32 1.20 1.18 1.27 1.42 1.60 1.79 1.93 2.00 1.97 1.87 1.73 1.58 1.45 1.38 1.38 1.44 1.55 1.66
 20   1.74 1.79 1.78 1.69 1.58 1.47 1.37 1.30 1.30 1.35 1.45 1.57 1.71 1.83 1.90 1.90 1.83 1.74 1.65 1.57 1.50 1.44 1.42 1.46
 21   1.51 1.57 1.63 1.67 1.65 1.59 1.52 1.45 1.40 1.37 1.36 1.40 1.48 1.59 1.72 1.82 1.88 1.88 1.83 1.75 1.64 1.53 1.43 1.36
 22   1.37 1.38 1.48 1.59 1.69 1.76 1.75 1.68 1.59 1.49 1.39 1.31 1.31 1.38 1.51 1.67 1.81 1.92 1.96 1.91 1.79 1.64 1.49 1.34
 23   1.22 1.19 1.27 1.43 1.59 1.75 1.85 1.85 1.78 1.65 1.47 1.31 1.22 1.21 1.33 1.50 1.73 1.95 2.12 2.17 2.12 1.95 1.67 1.41
 24   1.20 1.10 1.15 1.31 1.53 1.79 2.00 2.13 2.09 1.95 1.71 1.45 1.21 1.11 1.15 1.32 1.57 1.89 2.17 2.29 2.29 2.13 1.85 1.50
 25   1.15 0.93 0.92 1.09 1.37 1.71 2.03 2.26 2.29 2.15 1.89 1.51 1.17 0.96 0.94 1.09 1.38 1.74 2.09 2.35 2.40 2.30 1.97 1.55
 26   1.18 0.88 0.78 0.88 1.17 1.55 1.96 2.29 2.45 2.37 2.13 1.72 1.29 0.95 0.83 0.91 1.17 1.55 1.97 2.33 2.50 2.45 2.19 1.77
 27   1.32 0.93 0.68 0.69 0.92 1.29 1.79 2.21 2.52 2.55 2.37 1.97 1.51 1.06 0.81 0.77 0.98 1.33 1.79 2.23 2.53 2.58 2.39 2.01
 28   1.57 1.07 0.69 0.59 0.73 1.08 1.58 2.09 2.47 2.68 2.62 2.33 1.88 1.35 0.96 0.73 0.78 1.03 1.45 1.91 2.34 2.54 2.51 2.27
 29   1.81 1.30 0.85 0.57 0.55 0.75 1.19 1.71 2.24 2.58 2.71 2.53 2.19 1.68 1.19 0.84 0.70 0.83 1.14 1.61 2.07 2.42 2.55 2.45
 30   2.13 1.65 1.16 0.75 0.56 0.64 0.92 1.38 1.89 2.35 2.62 2.64 2.41 2.01 1.53 1.09 0.83 0.78 0.97 1.30 1.72 2.12 2.39 2.42
 31   2.27 1.91 1.45 1.01 0.71 0.60 0.76 1.07 1.51 2.01 2.38 2.56 2.48 2.24 1.85 1.41 1.06 0.88 0.91 1.13 1.44 1.81 2.13 2.28
 ----------------------------------------------------------------------------------------------------------------------------
                                                                                               
 ----------------------------------------------------------------------------------------------------------------------------
 ----------------------------------------------------------------------------------------------------------------------------
                                                          SURVEY OF INDIA
                                                    MARINE GEODESY WING (G&RB)
                                                     HOURLY HEIGHTS IN METRES
  NAME OF PORT:- PARADIP                                                                            MONTH APRIL     YEAR 2013
 ----------------------------------------------------------------------------------------------------------------------------
 DAYS 0000 0001 0002 0003 0004 0005 0006 0007 0008 0009 0010 0011 0012 0013 0014 0015 0016 0017 0018 0019 0020 0021 0022 0023
 ----------------------------------------------------------------------------------------------------------------------------
  1   2.29 2.09 1.72 1.34 1.00 0.78 0.77 0.91 1.22 1.61 1.98 2.30 2.43 2.36 2.12 1.75 1.39 1.11 0.95 1.00 1.20 1.47 1.73 1.98
  2   2.15 2.12 1.90 1.61 1.30 1.03 0.89 0.90 1.07 1.35 1.70 2.03 2.27 2.37 2.30 2.10 1.81 1.51 1.29 1.16 1.17 1.30 1.53 1.74
  3   1.96 2.10 2.10 1.95 1.71 1.49 1.29 1.15 1.11 1.23 1.43 1.69 1.96 2.17 2.29 2.27 2.14 1.94 1.73 1.51 1.35 1.31 1.38 1.50
  4   1.64 1.80 1.96 2.03 1.98 1.84 1.64 1.46 1.32 1.25 1.29 1.43 1.63 1.84 2.03 2.19 2.25 2.17 1.98 1.77 1.57 1.38 1.27 1.25
  5   1.35 1.51 1.69 1.87 2.01 2.03 1.93 1.77 1.60 1.41 1.28 1.25 1.33 1.53 1.78 2.01 2.18 2.29 2.28 2.11 1.88 1.60 1.33 1.17
  6   1.13 1.21 1.43 1.67 1.90 2.07 2.15 2.09 1.89 1.66 1.41 1.21 1.15 1.20 1.42 1.69 1.97 2.20 2.31 2.30 2.13 1.86 1.53 1.25
  7   1.05 1.01 1.11 1.38 1.70 2.03 2.25 2.32 2.24 2.01 1.70 1.37 1.10 0.99 1.09 1.33 1.66 2.02 2.29 2.39 2.33 2.10 1.78 1.41
  8   1.10 0.89 0.91 1.11 1.45 1.82 2.16 2.37 2.37 2.25 1.95 1.60 1.23 0.99 0.93 1.09 1.41 1.80 2.16 2.39 2.44 2.31 2.03 1.61
  9   1.21 0.89 0.77 0.86 1.17 1.56 2.00 2.33 2.50 2.45 2.22 1.88 1.46 1.11 0.92 0.94 1.18 1.54 1.95 2.29 2.47 2.43 2.21 1.86
 10   1.43 1.06 0.81 0.79 1.00 1.38 1.83 2.24 2.50 2.55 2.39 2.07 1.64 1.24 0.95 0.87 1.01 1.32 1.74 2.13 2.41 2.47 2.34 2.04
 11   1.59 1.18 0.85 0.75 0.85 1.17 1.61 2.06 2.41 2.55 2.48 2.26 1.87 1.44 1.08 0.88 0.87 1.10 1.45 1.84 2.19 2.37 2.34 2.17
 12   1.79 1.38 1.01 0.78 0.79 1.02 1.42 1.87 2.27 2.53 2.56 2.39 2.07 1.63 1.26 1.00 0.93 1.07 1.35 1.73 2.08 2.31 2.35 2.20
 13   1.93 1.55 1.16 0.90 0.83 0.98 1.29 1.71 2.10 2.41 2.51 2.45 2.22 1.87 1.50 1.18 1.00 1.00 1.20 1.51 1.87 2.15 2.30 2.29
 14   2.05 1.73 1.35 1.03 0.89 0.89 1.13 1.50 1.87 2.20 2.43 2.49 2.37 2.06 1.72 1.38 1.15 1.05 1.15 1.41 1.75 2.06 2.25 2.31
 15   2.19 1.93 1.58 1.28 1.05 0.98 1.10 1.37 1.70 2.01 2.29 2.45 2.41 2.21 1.94 1.67 1.41 1.25 1.26 1.40 1.61 1.86 2.08 2.25
 16   2.23 2.04 1.76 1.50 1.26 1.15 1.16 1.34 1.61 1.88 2.16 2.34 2.39 2.30 2.08 1.82 1.56 1.37 1.32 1.38 1.53 1.76 2.00 2.20
 17   2.24 2.10 1.88 1.67 1.45 1.29 1.24 1.34 1.54 1.78 2.00 2.20 2.35 2.38 2.28 2.10 1.88 1.69 1.54 1.50 1.56 1.68 1.83 2.00
 18   2.10 2.14 2.08 1.94 1.78 1.61 1.49 1.42 1.49 1.67 1.87 2.07 2.22 2.29 2.30 2.21 2.06 1.88 1.72 1.60 1.54 1.57 1.70 1.86
 19   2.02 2.11 2.15 2.11 2.00 1.87 1.73 1.64 1.59 1.61 1.69 1.79 1.93 2.05 2.15 2.19 2.13 1.99 1.83 1.67 1.54 1.43 1.41 1.47
 20   1.58 1.73 1.87 1.97 2.03 1.99 1.87 1.75 1.64 1.56 1.53 1.59 1.71 1.84 1.97 2.09 2.17 2.16 2.04 1.90 1.74 1.59 1.45 1.37
 21   1.41 1.56 1.71 1.88 2.01 2.11 2.09 2.00 1.84 1.67 1.52 1.44 1.47 1.59 1.79 1.99 2.15 2.25 2.23 2.13 1.95 1.72 1.50 1.32
 22   1.23 1.31 1.47 1.73 1.99 2.17 2.27 2.26 2.09 1.85 1.60 1.41 1.29 1.33 1.49 1.73 2.01 2.26 2.41 2.39 2.20 1.95 1.65 1.30
 23   1.09 1.09 1.22 1.51 1.84 2.17 2.41 2.49 2.37 2.11 1.81 1.46 1.21 1.14 1.23 1.47 1.83 2.17 2.41 2.51 2.42 2.15 1.76 1.37
 24   1.07 0.89 0.93 1.19 1.60 2.00 2.41 2.63 2.64 2.45 2.09 1.65 1.29 1.07 1.07 1.24 1.61 2.02 2.37 2.59 2.61 2.40 2.05 1.55
 25   1.15 0.85 0.81 0.96 1.36 1.89 2.35 2.73 2.89 2.83 2.53 2.10 1.61 1.23 1.02 1.07 1.33 1.73 2.20 2.54 2.73 2.69 2.43 2.01
 26   1.47 1.05 0.79 0.80 1.06 1.51 2.06 2.55 2.87 2.96 2.80 2.39 1.89 1.40 1.05 0.94 1.07 1.42 1.87 2.30 2.65 2.73 2.60 2.25
 27   1.70 1.24 0.88 0.71 0.83 1.17 1.68 2.27 2.70 2.97 2.95 2.71 2.27 1.73 1.31 1.01 0.95 1.13 1.51 1.98 2.41 2.63 2.66 2.46
 28   2.13 1.61 1.16 0.85 0.75 0.93 1.30 1.81 2.31 2.74 2.90 2.85 2.58 2.13 1.62 1.27 1.03 1.05 1.25 1.64 2.07 2.41 2.61 2.57
 29   2.36 1.97 1.50 1.13 0.89 0.85 1.08 1.43 1.94 2.38 2.71 2.81 2.73 2.43 2.02 1.57 1.25 1.09 1.14 1.37 1.75 2.10 2.40 2.49
 30   2.43 2.19 1.85 1.47 1.16 0.99 1.04 1.27 1.62 2.05 2.41 2.65 2.71 2.62 2.34 1.96 1.54 1.24 1.11 1.16 1.36 1.65 1.96 2.20
 ----------------------------------------------------------------------------------------------------------------------------
                                                                                               
 ----------------------------------------------------------------------------------------------------------------------------
 ----------------------------------------------------------------------------------------------------------------------------
                                                          SURVEY OF INDIA
                                                    MARINE GEODESY WING (G&RB)
                                                     HOURLY HEIGHTS IN METRES
  NAME OF PORT:- PARADIP                                                                            MONTH MAY       YEAR 2013
 ----------------------------------------------------------------------------------------------------------------------------
 DAYS 0000 0001 0002 0003 0004 0005 0006 0007 0008 0009 0010 0011 0012 0013 0014 0015 0016 0017 0018 0019 0020 0021 0022 0023
 ----------------------------------------------------------------------------------------------------------------------------
  1   2.27 2.21 2.01 1.73 1.42 1.16 1.04 1.08 1.26 1.56 1.90 2.20 2.40 2.45 2.37 2.11 1.80 1.50 1.26 1.13 1.17 1.32 1.54 1.78
  2   1.99 2.12 2.09 1.97 1.78 1.56 1.36 1.20 1.21 1.36 1.58 1.83 2.08 2.28 2.36 2.28 2.11 1.85 1.58 1.39 1.29 1.28 1.37 1.55
  3   1.76 1.94 2.06 2.10 2.02 1.86 1.69 1.52 1.38 1.36 1.42 1.58 1.80 2.01 2.17 2.24 2.21 2.07 1.88 1.66 1.46 1.29 1.24 1.30
  4   1.46 1.64 1.85 2.04 2.13 2.10 1.99 1.82 1.63 1.46 1.36 1.39 1.52 1.70 1.89 2.07 2.18 2.18 2.08 1.92 1.70 1.48 1.27 1.21
  5   1.26 1.43 1.64 1.86 2.07 2.20 2.20 2.11 1.94 1.70 1.50 1.39 1.38 1.48 1.70 1.94 2.15 2.28 2.29 2.16 1.94 1.69 1.41 1.22
  6   1.14 1.24 1.42 1.68 1.96 2.21 2.35 2.34 2.21 1.97 1.70 1.43 1.26 1.26 1.38 1.60 1.89 2.12 2.28 2.30 2.16 1.91 1.60 1.26
  7   1.06 1.04 1.16 1.40 1.70 2.00 2.30 2.45 2.39 2.18 1.88 1.56 1.29 1.14 1.15 1.30 1.61 1.94 2.20 2.33 2.27 2.08 1.79 1.44
  8   1.18 1.02 1.02 1.18 1.54 1.90 2.26 2.48 2.54 2.42 2.14 1.79 1.45 1.18 1.10 1.20 1.42 1.74 2.06 2.30 2.36 2.26 1.98 1.62
  9   1.30 1.00 0.94 1.04 1.32 1.66 2.10 2.45 2.60 2.57 2.39 2.04 1.64 1.30 1.12 1.09 1.29 1.60 1.96 2.26 2.44 2.42 2.22 1.90
 10   1.52 1.20 0.98 0.98 1.20 1.52 1.93 2.32 2.59 2.66 2.56 2.29 1.87 1.49 1.22 1.10 1.16 1.40 1.73 2.07 2.29 2.39 2.29 2.03
 11   1.66 1.34 1.08 0.97 1.09 1.35 1.75 2.18 2.50 2.67 2.67 2.48 2.16 1.75 1.40 1.20 1.14 1.28 1.58 1.90 2.21 2.40 2.41 2.25
 12   1.96 1.58 1.27 1.04 1.04 1.20 1.54 1.93 2.33 2.58 2.66 2.58 2.30 1.91 1.53 1.28 1.18 1.22 1.44 1.72 2.04 2.24 2.33 2.26
 13   2.08 1.73 1.37 1.13 1.02 1.11 1.40 1.77 2.13 2.49 2.66 2.68 2.49 2.20 1.82 1.48 1.27 1.23 1.36 1.62 1.92 2.20 2.34 2.36
 14   2.20 1.96 1.65 1.35 1.21 1.20 1.37 1.68 2.02 2.38 2.60 2.68 2.59 2.38 2.04 1.72 1.47 1.35 1.37 1.57 1.84 2.10 2.32 2.42
 15   2.38 2.18 1.92 1.62 1.42 1.32 1.39 1.60 1.90 2.21 2.48 2.66 2.66 2.50 2.27 2.02 1.76 1.60 1.54 1.60 1.79 2.01 2.21 2.39
 16   2.44 2.35 2.16 1.92 1.70 1.55 1.54 1.62 1.84 2.12 2.40 2.58 2.66 2.59 2.43 2.18 1.93 1.71 1.56 1.56 1.68 1.84 2.02 2.21
 17   2.36 2.36 2.23 2.06 1.86 1.70 1.59 1.58 1.70 1.92 2.14 2.36 2.52 2.56 2.50 2.36 2.14 1.91 1.72 1.58 1.58 1.70 1.87 2.04
 18   2.18 2.30 2.30 2.20 2.07 1.92 1.78 1.69 1.69 1.81 2.00 2.18 2.35 2.47 2.50 2.44 2.30 2.10 1.90 1.72 1.61 1.58 1.66 1.78
 19   1.93 2.08 2.20 2.26 2.24 2.13 1.97 1.81 1.68 1.67 1.73 1.86 2.02 2.18 2.31 2.37 2.34 2.22 2.06 1.87 1.68 1.57 1.53 1.58
 20   1.70 1.89 2.07 2.23 2.33 2.36 2.27 2.12 1.95 1.79 1.69 1.69 1.78 1.95 2.14 2.29 2.39 2.38 2.28 2.10 1.89 1.69 1.52 1.42
 21   1.47 1.65 1.88 2.15 2.39 2.55 2.55 2.45 2.21 1.95 1.73 1.60 1.59 1.67 1.87 2.12 2.32 2.46 2.45 2.30 2.06 1.81 1.57 1.35
 22   1.29 1.39 1.58 1.90 2.23 2.55 2.72 2.73 2.57 2.29 1.95 1.69 1.53 1.53 1.67 1.95 2.23 2.50 2.64 2.65 2.46 2.17 1.83 1.46
 23   1.25 1.22 1.34 1.70 2.07 2.47 2.77 2.91 2.85 2.56 2.21 1.84 1.50 1.39 1.43 1.64 1.96 2.30 2.59 2.72 2.65 2.39 2.01 1.59
 24   1.25 1.08 1.09 1.34 1.76 2.22 2.69 2.97 3.07 2.93 2.58 2.15 1.67 1.39 1.28 1.36 1.68 2.06 2.45 2.71 2.81 2.69 2.35 1.92
 25   1.47 1.14 0.97 1.09 1.39 1.89 2.40 2.85 3.08 3.10 2.89 2.51 2.02 1.58 1.27 1.19 1.36 1.67 2.07 2.48 2.76 2.82 2.66 2.29
 26   1.79 1.35 1.08 0.95 1.13 1.52 2.07 2.57 2.99 3.19 3.16 2.89 2.47 1.96 1.52 1.25 1.23 1.41 1.79 2.20 2.58 2.84 2.84 2.64
 27   2.25 1.80 1.37 1.12 1.10 1.28 1.72 2.24 2.73 3.09 3.26 3.22 2.89 2.37 1.89 1.50 1.27 1.28 1.54 1.92 2.31 2.65 2.86 2.85
 28   2.63 2.26 1.84 1.46 1.23 1.21 1.47 1.89 2.34 2.81 3.11 3.24 3.11 2.78 2.34 1.87 1.53 1.35 1.44 1.67 1.99 2.36 2.69 2.87
 29   2.86 2.60 2.24 1.85 1.49 1.35 1.42 1.68 2.01 2.41 2.80 3.02 3.02 2.88 2.61 2.21 1.84 1.53 1.40 1.51 1.78 2.08 2.37 2.60
 30   2.69 2.65 2.42 2.10 1.77 1.55 1.45 1.47 1.68 2.02 2.37 2.66 2.86 2.88 2.75 2.45 2.12 1.79 1.57 1.48 1.55 1.75 2.00 2.25
 31   2.46 2.61 2.57 2.41 2.19 1.95 1.77 1.67 1.67 1.83 2.11 2.38 2.64 2.79 2.83 2.68 2.42 2.15 1.90 1.70 1.60 1.69 1.87 2.08
 ----------------------------------------------------------------------------------------------------------------------------
                                                                                               
 ----------------------------------------------------------------------------------------------------------------------------
 ----------------------------------------------------------------------------------------------------------------------------
                                                          SURVEY OF INDIA
                                                    MARINE GEODESY WING (G&RB)
                                                     HOURLY HEIGHTS IN METRES
  NAME OF PORT:- PARADIP                                                                            MONTH JUNE      YEAR 2013
 ----------------------------------------------------------------------------------------------------------------------------
 DAYS 0000 0001 0002 0003 0004 0005 0006 0007 0008 0009 0010 0011 0012 0013 0014 0015 0016 0017 0018 0019 0020 0021 0022 0023
 ----------------------------------------------------------------------------------------------------------------------------
  1   2.29 2.46 2.55 2.53 2.43 2.24 2.03 1.82 1.70 1.72 1.87 2.07 2.28 2.47 2.60 2.60 2.50 2.33 2.11 1.89 1.70 1.60 1.64 1.77
  2   1.96 2.17 2.34 2.45 2.48 2.43 2.28 2.10 1.94 1.82 1.75 1.81 1.95 2.13 2.30 2.43 2.48 2.45 2.29 2.08 1.87 1.70 1.59 1.61
  3   1.71 1.92 2.13 2.32 2.46 2.53 2.49 2.35 2.15 1.93 1.77 1.71 1.75 1.88 2.08 2.26 2.39 2.43 2.37 2.23 2.01 1.78 1.60 1.53
  4   1.53 1.66 1.87 2.12 2.35 2.53 2.57 2.53 2.37 2.16 1.93 1.74 1.65 1.67 1.83 2.03 2.25 2.40 2.48 2.43 2.25 2.00 1.77 1.57
  5   1.48 1.53 1.67 1.94 2.21 2.46 2.63 2.67 2.58 2.38 2.09 1.83 1.67 1.59 1.64 1.83 2.07 2.31 2.46 2.52 2.42 2.23 1.95 1.69
  6   1.49 1.41 1.51 1.73 2.05 2.36 2.61 2.79 2.76 2.59 2.34 2.01 1.75 1.59 1.57 1.70 1.97 2.23 2.46 2.58 2.59 2.44 2.15 1.87
  7   1.57 1.41 1.39 1.52 1.85 2.19 2.53 2.77 2.89 2.79 2.57 2.25 1.94 1.67 1.55 1.59 1.79 2.07 2.33 2.55 2.65 2.55 2.32 2.03
  8   1.69 1.45 1.37 1.46 1.74 2.06 2.40 2.73 2.93 2.95 2.76 2.47 2.12 1.79 1.57 1.50 1.61 1.87 2.16 2.44 2.63 2.63 2.44 2.14
  9   1.82 1.52 1.32 1.32 1.50 1.81 2.19 2.57 2.83 2.96 2.86 2.63 2.29 1.89 1.61 1.48 1.49 1.69 1.97 2.27 2.53 2.63 2.57 2.36
 10   2.03 1.67 1.41 1.28 1.37 1.59 1.98 2.36 2.65 2.83 2.87 2.72 2.43 2.04 1.69 1.48 1.41 1.55 1.79 2.09 2.37 2.57 2.58 2.44
 11   2.16 1.79 1.47 1.29 1.27 1.44 1.79 2.18 2.53 2.79 2.89 2.79 2.55 2.19 1.83 1.54 1.41 1.46 1.66 1.96 2.27 2.48 2.57 2.49
 12   2.27 1.94 1.66 1.40 1.30 1.38 1.67 2.09 2.46 2.78 2.95 2.95 2.80 2.47 2.15 1.81 1.61 1.55 1.69 1.95 2.25 2.49 2.67 2.70
 13   2.55 2.29 2.00 1.74 1.55 1.53 1.71 1.99 2.32 2.65 2.91 2.99 2.93 2.71 2.37 2.04 1.75 1.61 1.61 1.79 2.09 2.36 2.56 2.69
 14   2.65 2.49 2.24 1.95 1.75 1.63 1.67 1.83 2.12 2.43 2.69 2.85 2.89 2.76 2.48 2.19 1.89 1.67 1.59 1.68 1.86 2.09 2.35 2.51
 15   2.55 2.50 2.34 2.09 1.83 1.67 1.60 1.67 1.85 2.15 2.42 2.65 2.76 2.73 2.59 2.33 2.05 1.77 1.61 1.55 1.67 1.86 2.11 2.31
 16   2.47 2.49 2.43 2.28 2.06 1.85 1.72 1.67 1.77 1.95 2.20 2.43 2.59 2.65 2.60 2.47 2.23 1.96 1.72 1.57 1.57 1.65 1.85 2.05
 17   2.25 2.41 2.50 2.45 2.33 2.15 1.95 1.79 1.75 1.79 1.97 2.16 2.35 2.49 2.57 2.54 2.41 2.19 1.95 1.73 1.56 1.53 1.62 1.79
 18   2.01 2.23 2.38 2.47 2.46 2.37 2.19 1.99 1.77 1.67 1.68 1.81 2.01 2.20 2.35 2.43 2.40 2.29 2.08 1.84 1.60 1.42 1.37 1.47
 19   1.66 1.90 2.14 2.36 2.49 2.50 2.42 2.23 2.03 1.82 1.70 1.68 1.78 1.96 2.13 2.30 2.42 2.44 2.31 2.10 1.85 1.60 1.39 1.32
 20   1.39 1.60 1.88 2.17 2.46 2.63 2.68 2.53 2.30 2.04 1.76 1.56 1.48 1.59 1.80 2.06 2.30 2.45 2.50 2.40 2.17 1.87 1.51 1.26
 21   1.20 1.27 1.51 1.86 2.24 2.60 2.80 2.82 2.66 2.38 2.02 1.69 1.44 1.40 1.49 1.76 2.08 2.34 2.54 2.58 2.44 2.12 1.78 1.38
 22   1.14 1.04 1.14 1.46 1.90 2.35 2.73 2.93 2.94 2.72 2.36 1.90 1.50 1.29 1.24 1.40 1.72 2.14 2.50 2.70 2.72 2.54 2.20 1.79
 23   1.38 1.08 1.03 1.18 1.56 2.07 2.57 2.98 3.18 3.12 2.87 2.44 1.93 1.52 1.29 1.29 1.51 1.89 2.31 2.69 2.90 2.90 2.68 2.28
 24   1.80 1.40 1.11 1.10 1.36 1.82 2.35 2.85 3.25 3.36 3.28 2.94 2.44 1.94 1.56 1.33 1.38 1.66 2.06 2.53 2.87 3.04 2.98 2.70
 25   2.28 1.77 1.37 1.15 1.16 1.44 1.89 2.42 2.88 3.20 3.26 3.12 2.73 2.22 1.75 1.35 1.18 1.29 1.58 2.01 2.42 2.76 2.88 2.77
 26   2.50 2.05 1.55 1.20 1.03 1.11 1.37 1.87 2.35 2.79 3.06 3.08 2.85 2.44 1.91 1.46 1.16 1.04 1.19 1.50 1.97 2.35 2.64 2.70
 27   2.58 2.29 1.90 1.49 1.20 1.12 1.21 1.53 1.95 2.40 2.76 2.97 2.91 2.66 2.25 1.81 1.42 1.18 1.12 1.30 1.62 2.01 2.37 2.59
 28   2.63 2.47 2.21 1.87 1.54 1.32 1.27 1.38 1.66 2.05 2.44 2.71 2.79 2.72 2.45 2.08 1.69 1.38 1.20 1.20 1.40 1.68 2.03 2.34
 29   2.51 2.51 2.36 2.12 1.83 1.57 1.42 1.38 1.49 1.77 2.10 2.41 2.59 2.62 2.48 2.24 1.93 1.59 1.35 1.26 1.32 1.50 1.80 2.08
 30   2.29 2.40 2.40 2.25 2.04 1.81 1.60 1.46 1.45 1.56 1.78 2.01 2.26 2.41 2.44 2.31 2.08 1.80 1.55 1.36 1.26 1.33 1.51 1.74
 ----------------------------------------------------------------------------------------------------------------------------
                                                                                               
 ----------------------------------------------------------------------------------------------------------------------------
 ----------------------------------------------------------------------------------------------------------------------------
                                                          SURVEY OF INDIA
                                                    MARINE GEODESY WING (G&RB)
                                                     HOURLY HEIGHTS IN METRES
  NAME OF PORT:- PARADIP                                                                            MONTH JULY      YEAR 2013
 ----------------------------------------------------------------------------------------------------------------------------
 DAYS 0000 0001 0002 0003 0004 0005 0006 0007 0008 0009 0010 0011 0012 0013 0014 0015 0016 0017 0018 0019 0020 0021 0022 0023
 ----------------------------------------------------------------------------------------------------------------------------
  1   1.97 2.15 2.29 2.30 2.23 2.08 1.88 1.72 1.62 1.60 1.65 1.81 2.02 2.22 2.35 2.38 2.28 2.08 1.87 1.68 1.54 1.47 1.51 1.62
  2   1.81 2.00 2.19 2.30 2.34 2.28 2.16 2.02 1.88 1.76 1.70 1.75 1.85 2.00 2.15 2.28 2.32 2.26 2.12 1.94 1.76 1.60 1.53 1.54
  3   1.63 1.80 1.99 2.18 2.34 2.42 2.38 2.25 2.10 1.93 1.77 1.66 1.66 1.75 1.88 2.03 2.15 2.22 2.19 2.07 1.90 1.72 1.56 1.43
  4   1.43 1.52 1.69 1.93 2.17 2.33 2.42 2.38 2.24 2.04 1.83 1.64 1.51 1.51 1.63 1.79 1.95 2.12 2.20 2.18 2.03 1.82 1.61 1.42
  5   1.32 1.33 1.46 1.70 1.99 2.25 2.45 2.50 2.43 2.23 2.00 1.74 1.50 1.40 1.44 1.60 1.82 2.03 2.20 2.26 2.17 2.00 1.77 1.51
  6   1.28 1.22 1.29 1.49 1.78 2.08 2.38 2.54 2.58 2.47 2.22 1.94 1.66 1.44 1.36 1.42 1.65 1.93 2.19 2.36 2.40 2.28 2.05 1.77
  7   1.45 1.26 1.18 1.32 1.60 1.95 2.31 2.59 2.71 2.68 2.47 2.18 1.85 1.56 1.35 1.35 1.52 1.79 2.09 2.36 2.50 2.45 2.27 1.97
  8   1.62 1.35 1.19 1.23 1.44 1.79 2.20 2.57 2.78 2.82 2.68 2.38 2.01 1.64 1.38 1.26 1.36 1.61 1.93 2.27 2.49 2.54 2.44 2.15
  9   1.80 1.48 1.20 1.14 1.28 1.57 1.96 2.38 2.73 2.88 2.83 2.60 2.25 1.84 1.49 1.30 1.30 1.49 1.80 2.18 2.47 2.63 2.60 2.40
 10   2.07 1.70 1.41 1.22 1.25 1.48 1.88 2.28 2.66 2.90 2.98 2.83 2.52 2.14 1.74 1.48 1.34 1.43 1.68 2.05 2.44 2.68 2.76 2.66
 11   2.40 2.04 1.66 1.41 1.32 1.44 1.76 2.16 2.58 2.90 3.06 3.03 2.83 2.44 2.05 1.68 1.51 1.47 1.66 2.00 2.35 2.66 2.87 2.88
 12   2.70 2.39 2.02 1.66 1.44 1.46 1.64 1.98 2.35 2.70 2.93 3.00 2.89 2.61 2.18 1.80 1.48 1.38 1.48 1.70 2.04 2.38 2.64 2.77
 13   2.69 2.46 2.15 1.81 1.51 1.39 1.43 1.68 2.00 2.35 2.65 2.81 2.76 2.58 2.29 1.92 1.54 1.30 1.28 1.43 1.69 2.04 2.37 2.58
 14   2.63 2.53 2.28 1.99 1.69 1.48 1.44 1.56 1.79 2.10 2.45 2.67 2.78 2.69 2.48 2.19 1.83 1.51 1.37 1.38 1.53 1.86 2.16 2.42
 15   2.56 2.58 2.46 2.26 2.00 1.74 1.56 1.54 1.66 1.95 2.24 2.50 2.64 2.68 2.54 2.30 2.00 1.70 1.47 1.38 1.44 1.65 1.94 2.21
 16   2.42 2.56 2.56 2.44 2.23 2.01 1.80 1.67 1.64 1.76 1.97 2.19 2.41 2.55 2.56 2.44 2.24 1.96 1.69 1.48 1.40 1.45 1.63 1.86
 17   2.10 2.33 2.51 2.53 2.45 2.28 2.06 1.84 1.67 1.64 1.72 1.88 2.09 2.29 2.43 2.46 2.36 2.19 1.97 1.72 1.50 1.38 1.38 1.54
 18   1.80 2.03 2.27 2.45 2.54 2.48 2.34 2.14 1.90 1.72 1.62 1.66 1.77 1.96 2.15 2.32 2.41 2.38 2.22 2.02 1.78 1.55 1.40 1.41
 19   1.50 1.76 2.06 2.34 2.58 2.71 2.71 2.56 2.30 2.03 1.80 1.62 1.60 1.68 1.90 2.15 2.36 2.50 2.52 2.40 2.16 1.85 1.56 1.36
 20   1.28 1.42 1.67 2.02 2.38 2.68 2.84 2.84 2.68 2.38 2.02 1.72 1.54 1.49 1.63 1.91 2.22 2.48 2.66 2.68 2.51 2.20 1.85 1.52
 21   1.27 1.22 1.36 1.70 2.12 2.56 2.91 3.06 3.03 2.78 2.36 1.93 1.60 1.40 1.38 1.60 1.94 2.33 2.66 2.84 2.82 2.63 2.24 1.83
 22   1.42 1.22 1.19 1.36 1.78 2.25 2.73 3.07 3.24 3.13 2.84 2.36 1.90 1.49 1.32 1.33 1.59 1.97 2.40 2.77 2.98 2.94 2.70 2.28
 23   1.82 1.42 1.17 1.17 1.43 1.85 2.34 2.87 3.23 3.33 3.20 2.80 2.30 1.75 1.40 1.20 1.29 1.59 2.04 2.53 2.86 3.02 2.92 2.60
 24   2.18 1.68 1.31 1.13 1.21 1.52 2.00 2.50 2.94 3.24 3.27 3.08 2.63 2.13 1.63 1.28 1.18 1.31 1.69 2.13 2.60 2.92 3.00 2.82
 25   2.48 2.06 1.61 1.27 1.16 1.30 1.61 2.06 2.51 2.91 3.09 3.05 2.76 2.30 1.79 1.33 1.12 1.12 1.32 1.72 2.17 2.54 2.76 2.79
 26   2.58 2.24 1.80 1.41 1.17 1.12 1.31 1.62 2.01 2.40 2.68 2.78 2.68 2.40 1.97 1.51 1.20 1.06 1.09 1.37 1.75 2.09 2.39 2.54
 27   2.52 2.35 2.04 1.67 1.35 1.13 1.13 1.36 1.68 2.03 2.33 2.55 2.58 2.47 2.17 1.76 1.40 1.16 1.10 1.24 1.54 1.86 2.16 2.39
 28   2.48 2.43 2.22 1.95 1.64 1.41 1.34 1.40 1.64 1.90 2.16 2.39 2.48 2.44 2.26 1.97 1.67 1.38 1.26 1.26 1.45 1.74 1.99 2.19
 29   2.32 2.36 2.28 2.10 1.89 1.64 1.48 1.42 1.50 1.70 1.91 2.14 2.29 2.32 2.24 2.07 1.83 1.58 1.40 1.34 1.40 1.57 1.80 2.00
 30   2.14 2.23 2.25 2.18 2.04 1.87 1.71 1.60 1.56 1.61 1.74 1.90 2.07 2.17 2.20 2.14 2.01 1.82 1.64 1.52 1.46 1.50 1.62 1.78
 31   1.94 2.10 2.22 2.26 2.24 2.16 2.04 1.93 1.82 1.76 1.77 1.84 1.95 2.06 2.15 2.16 2.11 2.02 1.89 1.74 1.63 1.58 1.60 1.69
 ----------------------------------------------------------------------------------------------------------------------------
                                                                                               
 ----------------------------------------------------------------------------------------------------------------------------
 ----------------------------------------------------------------------------------------------------------------------------
                                                          SURVEY OF INDIA
                                                    MARINE GEODESY WING (G&RB)
                                                     HOURLY HEIGHTS IN METRES
  NAME OF PORT:- PARADIP                                                                            MONTH AUGUST    YEAR 2013
 ----------------------------------------------------------------------------------------------------------------------------
 DAYS 0000 0001 0002 0003 0004 0005 0006 0007 0008 0009 0010 0011 0012 0013 0014 0015 0016 0017 0018 0019 0020 0021 0022 0023
 ----------------------------------------------------------------------------------------------------------------------------
  1   1.80 1.94 2.08 2.20 2.25 2.26 2.20 2.10 1.98 1.86 1.77 1.72 1.73 1.82 1.91 1.99 2.03 2.03 1.97 1.88 1.76 1.64 1.54 1.52
  2   1.59 1.71 1.86 2.03 2.19 2.29 2.32 2.26 2.15 1.99 1.83 1.69 1.62 1.65 1.74 1.88 2.04 2.14 2.17 2.12 1.99 1.84 1.68 1.54
  3   1.48 1.53 1.65 1.86 2.09 2.29 2.43 2.44 2.37 2.22 2.00 1.80 1.64 1.56 1.60 1.76 1.93 2.10 2.24 2.28 2.20 2.04 1.83 1.61
  4   1.46 1.39 1.46 1.66 1.94 2.24 2.45 2.58 2.58 2.45 2.22 1.92 1.68 1.51 1.48 1.56 1.78 2.02 2.26 2.38 2.40 2.26 2.03 1.75
  5   1.48 1.34 1.34 1.47 1.74 2.10 2.44 2.66 2.72 2.62 2.40 2.04 1.73 1.47 1.36 1.42 1.62 1.93 2.23 2.45 2.53 2.44 2.22 1.90
  6   1.60 1.39 1.28 1.37 1.61 1.96 2.36 2.65 2.82 2.80 2.60 2.29 1.90 1.56 1.35 1.30 1.46 1.74 2.08 2.40 2.58 2.59 2.42 2.10
  7   1.72 1.38 1.18 1.16 1.34 1.69 2.09 2.48 2.72 2.82 2.72 2.41 2.02 1.62 1.32 1.18 1.24 1.48 1.84 2.24 2.52 2.64 2.53 2.28
  8   1.90 1.52 1.21 1.08 1.18 1.43 1.89 2.30 2.69 2.88 2.83 2.57 2.20 1.79 1.38 1.18 1.18 1.37 1.70 2.12 2.48 2.72 2.69 2.50
  9   2.20 1.74 1.36 1.14 1.13 1.32 1.70 2.12 2.54 2.79 2.86 2.74 2.41 1.99 1.57 1.27 1.15 1.27 1.55 1.97 2.37 2.69 2.78 2.67
 10   2.40 2.01 1.62 1.30 1.18 1.28 1.57 1.97 2.39 2.72 2.88 2.84 2.60 2.21 1.76 1.36 1.16 1.14 1.37 1.70 2.14 2.50 2.72 2.76
 11   2.58 2.27 1.89 1.50 1.29 1.24 1.41 1.70 2.07 2.44 2.74 2.84 2.70 2.35 1.96 1.54 1.26 1.14 1.25 1.52 1.88 2.25 2.57 2.73
 12   2.68 2.45 2.15 1.79 1.50 1.36 1.38 1.61 1.93 2.29 2.60 2.76 2.76 2.57 2.24 1.86 1.51 1.29 1.25 1.40 1.68 2.05 2.37 2.63
 13   2.72 2.63 2.40 2.10 1.77 1.54 1.44 1.52 1.74 2.06 2.40 2.59 2.66 2.58 2.36 2.04 1.71 1.48 1.34 1.36 1.56 1.87 2.17 2.46
 14   2.64 2.69 2.57 2.36 2.08 1.83 1.64 1.62 1.69 1.88 2.12 2.36 2.54 2.60 2.52 2.34 2.10 1.85 1.60 1.50 1.49 1.65 1.88 2.16
 15   2.42 2.58 2.65 2.60 2.41 2.18 1.98 1.83 1.76 1.82 1.96 2.15 2.33 2.46 2.52 2.48 2.31 2.11 1.90 1.71 1.59 1.60 1.69 1.87
 16   2.10 2.35 2.54 2.64 2.62 2.50 2.32 2.13 1.95 1.82 1.79 1.84 2.00 2.19 2.35 2.46 2.48 2.40 2.24 2.04 1.83 1.64 1.58 1.62
 17   1.76 2.01 2.26 2.50 2.67 2.76 2.70 2.54 2.30 2.07 1.85 1.74 1.76 1.88 2.08 2.32 2.50 2.58 2.56 2.44 2.20 1.94 1.70 1.53
 18   1.50 1.65 1.88 2.19 2.50 2.76 2.90 2.88 2.68 2.38 2.07 1.80 1.60 1.54 1.65 1.90 2.21 2.50 2.69 2.72 2.61 2.33 2.00 1.64
 19   1.41 1.33 1.46 1.73 2.15 2.56 2.90 3.04 2.97 2.71 2.30 1.88 1.50 1.30 1.29 1.50 1.86 2.24 2.58 2.78 2.80 2.57 2.23 1.80
 20   1.42 1.16 1.14 1.36 1.76 2.24 2.67 2.99 3.08 2.91 2.58 2.08 1.57 1.21 1.04 1.14 1.45 1.90 2.33 2.67 2.83 2.74 2.47 2.00
 21   1.53 1.12 0.94 1.02 1.37 1.80 2.35 2.79 3.06 3.08 2.86 2.46 1.94 1.46 1.10 0.98 1.15 1.50 2.01 2.49 2.82 2.98 2.82 2.48
 22   2.00 1.50 1.16 1.06 1.22 1.57 2.09 2.59 2.98 3.17 3.14 2.83 2.33 1.78 1.30 1.03 1.02 1.30 1.73 2.26 2.69 2.97 2.98 2.79
 23   2.36 1.87 1.40 1.12 1.06 1.28 1.66 2.17 2.60 2.93 3.06 2.91 2.56 2.06 1.56 1.17 1.00 1.12 1.42 1.90 2.40 2.75 2.91 2.85
 24   2.62 2.19 1.73 1.33 1.12 1.14 1.38 1.79 2.27 2.65 2.90 2.92 2.68 2.29 1.80 1.38 1.13 1.10 1.29 1.64 2.13 2.53 2.78 2.85
 25   2.70 2.40 2.00 1.60 1.32 1.20 1.30 1.60 2.00 2.42 2.74 2.84 2.75 2.48 2.10 1.68 1.35 1.20 1.25 1.48 1.83 2.22 2.56 2.76
 26   2.74 2.54 2.24 1.86 1.57 1.38 1.36 1.52 1.80 2.12 2.41 2.60 2.62 2.52 2.22 1.88 1.54 1.32 1.28 1.40 1.66 1.98 2.30 2.52
 27   2.62 2.56 2.36 2.08 1.80 1.57 1.48 1.50 1.64 1.88 2.14 2.35 2.46 2.47 2.30 2.06 1.78 1.56 1.43 1.42 1.56 1.78 2.04 2.27
 28   2.42 2.47 2.39 2.22 2.02 1.82 1.69 1.62 1.64 1.78 1.96 2.14 2.27 2.34 2.31 2.17 1.96 1.74 1.58 1.52 1.58 1.69 1.88 2.08
 29   2.26 2.35 2.37 2.30 2.18 2.05 1.92 1.81 1.74 1.76 1.86 1.98 2.10 2.20 2.24 2.18 2.07 1.92 1.77 1.65 1.60 1.63 1.71 1.84
 30   1.99 2.11 2.21 2.26 2.26 2.18 2.05 1.93 1.84 1.76 1.73 1.78 1.86 1.93 2.00 2.05 2.07 2.01 1.90 1.78 1.68 1.61 1.58 1.60
 31   1.68 1.83 1.98 2.10 2.19 2.22 2.19 2.08 1.94 1.78 1.66 1.59 1.58 1.65 1.76 1.86 1.96 2.00 1.98 1.90 1.78 1.64 1.50 1.42
 ----------------------------------------------------------------------------------------------------------------------------
                                                                                               
 ----------------------------------------------------------------------------------------------------------------------------
 ----------------------------------------------------------------------------------------------------------------------------
                                                          SURVEY OF INDIA
                                                    MARINE GEODESY WING (G&RB)
                                                     HOURLY HEIGHTS IN METRES
  NAME OF PORT:- PARADIP                                                                            MONTH SEPT      YEAR 2013
 ----------------------------------------------------------------------------------------------------------------------------
 DAYS 0000 0001 0002 0003 0004 0005 0006 0007 0008 0009 0010 0011 0012 0013 0014 0015 0016 0017 0018 0019 0020 0021 0022 0023
 ----------------------------------------------------------------------------------------------------------------------------
  1   1.40 1.51 1.66 1.86 2.04 2.18 2.24 2.21 2.09 1.91 1.70 1.54 1.43 1.43 1.55 1.72 1.90 2.06 2.14 2.12 2.02 1.83 1.60 1.42
  2   1.34 1.34 1.48 1.70 1.96 2.19 2.35 2.40 2.30 2.10 1.87 1.61 1.37 1.28 1.32 1.53 1.79 2.05 2.24 2.32 2.26 2.04 1.77 1.50
  3   1.28 1.22 1.29 1.49 1.80 2.14 2.42 2.60 2.58 2.40 2.11 1.79 1.50 1.29 1.26 1.39 1.66 1.97 2.25 2.42 2.45 2.29 2.00 1.67
  4   1.34 1.16 1.12 1.29 1.62 1.98 2.33 2.60 2.68 2.58 2.31 1.93 1.52 1.23 1.10 1.18 1.43 1.78 2.16 2.46 2.58 2.52 2.27 1.90
  5   1.50 1.20 1.06 1.10 1.34 1.74 2.19 2.52 2.72 2.70 2.45 2.05 1.60 1.24 1.00 1.02 1.24 1.62 2.08 2.46 2.70 2.69 2.48 2.10
  6   1.64 1.28 1.00 0.96 1.17 1.53 2.02 2.42 2.70 2.78 2.66 2.31 1.85 1.41 1.07 0.93 1.07 1.42 1.89 2.37 2.72 2.84 2.70 2.40
  7   1.96 1.49 1.14 0.98 1.07 1.32 1.79 2.29 2.66 2.88 2.83 2.56 2.10 1.60 1.18 0.94 0.94 1.17 1.61 2.11 2.55 2.83 2.86 2.65
  8   2.24 1.80 1.39 1.09 1.03 1.22 1.59 2.05 2.49 2.80 2.86 2.74 2.40 1.92 1.47 1.10 0.94 1.00 1.34 1.80 2.30 2.69 2.88 2.85
  9   2.60 2.18 1.72 1.33 1.12 1.12 1.34 1.72 2.17 2.52 2.74 2.74 2.50 2.10 1.62 1.24 0.99 0.96 1.14 1.55 2.00 2.44 2.70 2.80
 10   2.66 2.34 1.96 1.54 1.25 1.11 1.22 1.48 1.84 2.18 2.48 2.59 2.55 2.30 1.92 1.52 1.20 1.00 1.04 1.24 1.62 2.04 2.38 2.58
 11   2.62 2.47 2.18 1.83 1.49 1.24 1.17 1.27 1.50 1.84 2.15 2.38 2.44 2.38 2.16 1.86 1.51 1.25 1.10 1.13 1.36 1.66 2.01 2.30
 12   2.50 2.50 2.37 2.15 1.85 1.57 1.38 1.30 1.35 1.57 1.84 2.08 2.26 2.29 2.19 2.00 1.73 1.48 1.26 1.16 1.21 1.38 1.63 1.93
 13   2.16 2.30 2.36 2.30 2.13 1.90 1.65 1.47 1.39 1.41 1.56 1.74 1.95 2.12 2.19 2.18 2.05 1.86 1.64 1.44 1.30 1.28 1.38 1.59
 14   1.83 2.06 2.25 2.36 2.35 2.25 2.06 1.84 1.64 1.50 1.44 1.50 1.64 1.82 2.00 2.15 2.20 2.16 2.04 1.84 1.64 1.46 1.38 1.40
 15   1.56 1.76 2.03 2.30 2.47 2.52 2.44 2.28 2.03 1.76 1.56 1.43 1.45 1.59 1.80 2.04 2.25 2.38 2.40 2.30 2.05 1.80 1.55 1.36
 16   1.36 1.48 1.70 2.04 2.36 2.60 2.70 2.64 2.40 2.07 1.74 1.45 1.32 1.33 1.50 1.80 2.10 2.40 2.58 2.59 2.46 2.12 1.80 1.46
 17   1.24 1.22 1.38 1.66 2.07 2.47 2.74 2.84 2.75 2.48 2.10 1.67 1.28 1.18 1.32 1.65 2.05 2.46 2.75 2.82 2.70 2.40 2.00 1.60
 18   1.28 1.19 1.27 1.55 2.00 2.46 2.82 3.00 3.01 2.84 2.44 1.92 1.46 1.16 1.12 1.31 1.70 2.17 2.60 2.90 2.92 2.77 2.40 1.96
 19   1.54 1.20 1.10 1.22 1.57 2.03 2.50 2.92 3.04 2.96 2.68 2.26 1.76 1.32 1.04 1.06 1.30 1.70 2.20 2.65 2.96 2.96 2.79 2.40
 20   1.92 1.45 1.12 1.03 1.20 1.57 2.05 2.54 2.87 3.02 2.86 2.48 1.97 1.49 1.13 1.00 1.16 1.52 2.02 2.50 2.89 3.02 2.92 2.60
 21   2.15 1.69 1.30 1.08 1.14 1.42 1.85 2.33 2.74 2.96 2.96 2.68 2.14 1.65 1.27 1.09 1.16 1.44 1.88 2.36 2.76 2.98 2.96 2.74
 22   2.36 1.91 1.52 1.23 1.15 1.34 1.68 2.13 2.53 2.80 2.88 2.75 2.48 2.06 1.63 1.28 1.10 1.13 1.40 1.80 2.27 2.64 2.88 2.87
 23   2.66 2.33 1.94 1.55 1.30 1.25 1.40 1.70 2.08 2.44 2.66 2.66 2.47 2.14 1.78 1.42 1.22 1.20 1.39 1.68 2.10 2.46 2.69 2.76
 24   2.63 2.36 2.00 1.68 1.41 1.32 1.37 1.62 1.91 2.20 2.42 2.54 2.51 2.33 2.02 1.72 1.41 1.28 1.29 1.46 1.77 2.10 2.42 2.58
 25   2.64 2.52 2.27 1.96 1.70 1.48 1.42 1.48 1.66 1.94 2.18 2.34 2.37 2.31 2.14 1.90 1.67 1.48 1.40 1.46 1.66 1.91 2.18 2.39
 26   2.48 2.45 2.32 2.14 1.92 1.70 1.55 1.56 1.68 1.83 2.00 2.17 2.30 2.32 2.22 2.06 1.85 1.67 1.53 1.52 1.60 1.78 1.98 2.19
 27   2.32 2.39 2.36 2.27 2.12 1.97 1.82 1.72 1.68 1.75 1.86 2.00 2.14 2.24 2.26 2.18 2.06 1.94 1.82 1.71 1.69 1.75 1.87 2.04
 28   2.18 2.29 2.35 2.36 2.30 2.20 2.10 1.99 1.90 1.84 1.86 1.94 2.04 2.14 2.23 2.28 2.26 2.20 2.10 1.99 1.91 1.88 1.90 1.95
 29   2.05 2.17 2.29 2.40 2.48 2.46 2.37 2.24 2.10 1.97 1.88 1.84 1.89 1.97 2.10 2.23 2.32 2.37 2.35 2.24 2.10 1.98 1.90 1.87
 30   1.92 2.02 2.16 2.32 2.46 2.56 2.58 2.49 2.32 2.12 1.94 1.81 1.76 1.83 1.96 2.14 2.31 2.45 2.50 2.47 2.33 2.12 1.92 1.77
 ----------------------------------------------------------------------------------------------------------------------------
                                                                                               
 ----------------------------------------------------------------------------------------------------------------------------
 ----------------------------------------------------------------------------------------------------------------------------
                                                          SURVEY OF INDIA
                                                    MARINE GEODESY WING (G&RB)
                                                     HOURLY HEIGHTS IN METRES
  NAME OF PORT:- PARADIP                                                                            MONTH OCTOBER   YEAR 2013
 ----------------------------------------------------------------------------------------------------------------------------
 DAYS 0000 0001 0002 0003 0004 0005 0006 0007 0008 0009 0010 0011 0012 0013 0014 0015 0016 0017 0018 0019 0020 0021 0022 0023
 ----------------------------------------------------------------------------------------------------------------------------
  1   1.72 1.78 1.92 2.14 2.36 2.56 2.68 2.68 2.54 2.33 2.06 1.82 1.67 1.64 1.75 1.96 2.20 2.44 2.59 2.64 2.54 2.34 2.07 1.82
  2   1.63 1.61 1.68 1.91 2.19 2.47 2.71 2.79 2.73 2.49 2.17 1.86 1.60 1.47 1.52 1.70 2.00 2.35 2.65 2.80 2.76 2.57 2.25 1.92
  3   1.60 1.44 1.45 1.65 1.96 2.30 2.64 2.81 2.84 2.65 2.31 1.91 1.55 1.29 1.27 1.43 1.73 2.11 2.51 2.82 2.90 2.75 2.45 2.06
  4   1.62 1.35 1.28 1.40 1.68 2.06 2.47 2.77 2.90 2.79 2.49 2.03 1.57 1.20 1.07 1.13 1.43 1.84 2.30 2.70 2.90 2.86 2.60 2.19
  5   1.74 1.33 1.10 1.08 1.28 1.63 2.08 2.48 2.75 2.80 2.58 2.20 1.70 1.25 0.95 0.91 1.10 1.46 1.95 2.42 2.78 2.88 2.75 2.41
  6   1.96 1.48 1.13 0.97 1.08 1.37 1.82 2.27 2.63 2.82 2.75 2.43 1.98 1.48 1.05 0.88 0.94 1.23 1.68 2.20 2.67 2.94 2.95 2.75
  7   2.36 1.86 1.42 1.13 1.08 1.25 1.63 2.08 2.52 2.80 2.86 2.66 2.27 1.80 1.30 1.00 0.92 1.10 1.47 1.98 2.47 2.86 3.04 2.94
  8   2.66 2.24 1.76 1.36 1.13 1.17 1.42 1.82 2.23 2.60 2.79 2.74 2.52 2.10 1.64 1.23 1.06 1.08 1.31 1.70 2.17 2.60 2.91 3.00
  9   2.82 2.50 2.07 1.63 1.32 1.22 1.29 1.57 1.95 2.36 2.65 2.78 2.66 2.40 2.00 1.60 1.30 1.16 1.26 1.50 1.90 2.30 2.62 2.86
 10   2.90 2.76 2.43 2.05 1.68 1.46 1.40 1.50 1.74 2.08 2.38 2.57 2.64 2.53 2.26 1.91 1.60 1.37 1.30 1.38 1.62 1.96 2.31 2.60
 11
 12
 13
 14
 15   1.62 1.76 1.98 2.24 2.47 2.63 2.64 2.51 2.26 1.91 1.60 1.42 1.34 1.41 1.69 2.00 2.30 2.54 2.65 2.60 2.40 2.07 1.74 1.48
 16   1.36 1.40 1.58 1.90 2.24 2.57 2.71 2.71 2.55 2.22 1.83 1.46 1.24 1.20 1.35 1.68 2.04 2.41 2.67 2.77 2.66 2.40 2.02 1.62
 17   1.33 1.20 1.28 1.50 1.87 2.28 2.59 2.75 2.70 2.48 2.06 1.62 1.28 1.10 1.15 1.38 1.80 2.23 2.60 2.81 2.82 2.64 2.27 1.86
 18   1.48 1.25 1.16 1.30 1.64 2.06 2.44 2.67 2.77 2.65 2.31 1.87 1.46 1.12 1.02 1.17 1.51 1.97 2.42 2.77 2.94 2.86 2.56 2.13
 19   1.69 1.31 1.10 1.09 1.34 1.70 2.13 2.47 2.69 2.71 2.50 2.10 1.65 1.27 1.07 1.08 1.30 1.70 2.14 2.54 2.72 2.76 2.62 2.28
 20   1.74 1.34 1.04 0.90 1.00 1.32 1.69 2.08 2.46 2.64 2.58 2.29 1.89 1.48 1.20 1.12 1.23 1.56 1.98 2.39 2.69 2.80 2.74 2.50
 21   2.13 1.75 1.37 1.17 1.16 1.36 1.70 2.11 2.50 2.74 2.74 2.50 2.14 1.74 1.38 1.20 1.23 1.44 1.88 2.31 2.70 2.91 2.95 2.78
 22   2.44 2.04 1.68 1.41 1.30 1.42 1.71 2.10 2.42 2.67 2.74 2.64 2.38 2.00 1.64 1.39 1.32 1.48 1.74 2.10 2.49 2.81 2.93 2.89
 23   2.66 2.34 1.94 1.62 1.43 1.44 1.61 1.92 2.26 2.55 2.68 2.68 2.48 2.18 1.87 1.60 1.44 1.48 1.70 2.00 2.31 2.62 2.82 2.88
 24   2.78 2.53 2.20 1.88 1.65 1.55 1.62 1.79 2.04 2.28 2.48 2.54 2.49 2.30 2.04 1.77 1.52 1.42 1.49 1.68 1.94 2.22 2.47 2.64
 25   2.71 2.59 2.38 2.12 1.86 1.66 1.58 1.66 1.86 2.08 2.26 2.40 2.47 2.39 2.24 2.04 1.82 1.66 1.64 1.75 1.92 2.12 2.34 2.50
 26   2.57 2.54 2.43 2.25 2.06 1.88 1.75 1.71 1.77 1.87 2.01 2.13 2.22 2.25 2.18 2.06 1.90 1.74 1.61 1.60 1.71 1.87 2.04 2.20
 27   2.32 2.40 2.39 2.30 2.17 2.03 1.89 1.80 1.76 1.80 1.90 2.00 2.10 2.17 2.20 2.17 2.09 2.00 1.90 1.84 1.82 1.86 1.94 2.04
 28   2.14 2.22 2.28 2.29 2.24 2.14 2.00 1.86 1.76 1.70 1.69 1.76 1.87 1.98 2.08 2.16 2.18 2.14 2.07 1.97 1.87 1.79 1.75 1.80
 29   1.89 2.00 2.12 2.23 2.29 2.27 2.18 2.04 1.87 1.71 1.59 1.55 1.62 1.76 1.92 2.07 2.20 2.26 2.22 2.11 1.95 1.80 1.66 1.60
 30   1.62 1.75 1.92 2.08 2.24 2.34 2.32 2.21 2.01 1.78 1.56 1.42 1.38 1.46 1.68 1.92 2.14 2.33 2.40 2.36 2.20 1.96 1.70 1.54
 31   1.48 1.52 1.69 1.93 2.18 2.37 2.47 2.44 2.24 1.94 1.64 1.37 1.23 1.25 1.43 1.73 2.08 2.37 2.55 2.62 2.51 2.23 1.92 1.60
 ----------------------------------------------------------------------------------------------------------------------------
                                                                                               
 ----------------------------------------------------------------------------------------------------------------------------
 ----------------------------------------------------------------------------------------------------------------------------
                                                          SURVEY OF INDIA
                                                    MARINE GEODESY WING (G&RB)
                                                     HOURLY HEIGHTS IN METRES
  NAME OF PORT:- PARADIP                                                                            MONTH NOVEMBER  YEAR 2013
 ----------------------------------------------------------------------------------------------------------------------------
 DAYS 0000 0001 0002 0003 0004 0005 0006 0007 0008 0009 0010 0011 0012 0013 0014 0015 0016 0017 0018 0019 0020 0021 0022 0023
 ----------------------------------------------------------------------------------------------------------------------------
  1   1.39 1.32 1.43 1.65 1.95 2.25 2.48 2.56 2.46 2.20 1.82 1.44 1.18 1.09 1.20 1.50 1.90 2.29 2.61 2.78 2.73 2.49 2.12 1.73
  2   1.40 1.24 1.25 1.46 1.80 2.16 2.50 2.67 2.70 2.48 2.08 1.62 1.25 1.05 1.03 1.29 1.70 2.15 2.60 2.85 2.94 2.79 2.43 2.00
  3   1.56 1.26 1.14 1.26 1.54 1.95 2.37 2.67 2.78 2.66 2.31 1.86 1.40 1.05 0.92 1.05 1.40 1.88 2.40 2.80 3.00 3.00 2.71 2.27
  4   1.78 1.37 1.10 1.06 1.28 1.64 2.12 2.53 2.74 2.77 2.54 2.15 1.63 1.18 0.84 0.78 1.00 1.41 1.98 2.51 2.92 3.07 2.96 2.63
  5   2.12 1.64 1.20 0.98 0.98 1.25 1.68 2.15 2.55 2.77 2.74 2.46 2.00 1.50 1.07 0.84 0.88 1.16 1.61 2.18 2.68 3.00 3.08 2.87
  6   2.50 2.01 1.54 1.17 1.03 1.12 1.40 1.84 2.27 2.60 2.70 2.61 2.26 1.81 1.39 1.00 0.88 0.99 1.29 1.75 2.27 2.69 2.95 2.95
  7   2.74 2.32 1.85 1.43 1.12 1.02 1.18 1.48 1.89 2.28 2.54 2.60 2.43 2.09 1.68 1.31 1.05 0.98 1.14 1.46 1.90 2.34 2.69 2.87
  8   2.84 2.58 2.20 1.77 1.38 1.16 1.14 1.26 1.58 1.95 2.27 2.49 2.55 2.40 2.09 1.72 1.42 1.20 1.17 1.30 1.59 1.94 2.34 2.64
  9   2.76 2.69 2.44 2.10 1.77 1.45 1.26 1.22 1.36 1.61 1.92 2.21 2.41 2.43 2.29 2.05 1.77 1.48 1.31 1.26 1.39 1.62 1.91 2.19
 10   2.44 2.60 2.60 2.40 2.13 1.81 1.53 1.35 1.28 1.37 1.56 1.80 2.06 2.26 2.32 2.24 2.07 1.86 1.66 1.47 1.40 1.46 1.62 1.84
 11   2.10 2.34 2.50 2.50 2.32 2.08 1.82 1.57 1.38 1.32 1.37 1.54 1.77 1.99 2.18 2.30 2.32 2.21 2.02 1.81 1.63 1.50 1.50 1.60
 12   1.80 2.02 2.26 2.42 2.44 2.34 2.15 1.90 1.66 1.44 1.30 1.30 1.41 1.63 1.90 2.18 2.36 2.41 2.36 2.16 1.92 1.68 1.51 1.44
 13   1.50 1.66 1.90 2.14 2.34 2.45 2.44 2.26 2.00 1.70 1.46 1.31 1.30 1.44 1.67 1.98 2.28 2.49 2.59 2.55 2.33 2.04 1.77 1.53
 14   1.44 1.49 1.65 1.90 2.17 2.40 2.52 2.46 2.28 1.97 1.64 1.35 1.20 1.21 1.37 1.65 2.00 2.34 2.59 2.65 2.56 2.29 1.94 1.60
 15   1.40 1.30 1.35 1.55 1.83 2.16 2.40 2.51 2.44 2.20 1.85 1.50 1.22 1.11 1.19 1.40 1.79 2.20 2.57 2.78 2.77 2.60 2.24 1.84
 16   1.50 1.27 1.21 1.34 1.60 1.94 2.30 2.53 2.58 2.41 2.09 1.70 1.31 1.08 1.05 1.19 1.50 1.95 2.38 2.70 2.80 2.72 2.44 2.03
 17   1.66 1.32 1.17 1.21 1.40 1.75 2.14 2.44 2.60 2.57 2.36 1.98 1.49 1.12 1.02 1.13 1.37 1.70 2.15 2.56 2.84 2.88 2.72 2.38
 18   1.97 1.57 1.27 1.18 1.26 1.50 1.86 2.22 2.48 2.60 2.43 2.14 1.74 1.36 1.09 1.05 1.19 1.49 1.91 2.37 2.73 2.89 2.84 2.58
 19   2.18 1.76 1.40 1.20 1.19 1.37 1.69 2.08 2.41 2.59 2.57 2.36 2.04 1.64 1.30 1.10 1.13 1.35 1.68 2.12 2.54 2.82 2.89 2.75
 20   2.46 2.07 1.66 1.33 1.20 1.26 1.50 1.84 2.24 2.50 2.58 2.46 2.22 1.85 1.48 1.23 1.14 1.23 1.52 1.90 2.30 2.63 2.80 2.78
 21   2.56 2.25 1.86 1.53 1.30 1.26 1.42 1.70 2.07 2.36 2.52 2.54 2.37 2.08 1.73 1.43 1.25 1.23 1.44 1.77 2.15 2.49 2.75 2.82
 22   2.72 2.49 2.14 1.80 1.52 1.34 1.30 1.48 1.76 2.06 2.30 2.40 2.37 2.21 1.94 1.66 1.42 1.28 1.34 1.55 1.80 2.12 2.42 2.60
 23   2.63 2.52 2.27 1.99 1.70 1.46 1.35 1.42 1.58 1.82 2.08 2.27 2.33 2.27 2.10 1.86 1.62 1.44 1.38 1.44 1.65 1.90 2.18 2.40
 24   2.51 2.52 2.40 2.20 1.92 1.64 1.48 1.43 1.49 1.65 1.85 2.04 2.18 2.22 2.16 2.00 1.80 1.60 1.50 1.48 1.59 1.76 1.98 2.19
 25   2.35 2.40 2.36 2.23 2.02 1.79 1.60 1.48 1.46 1.54 1.68 1.86 2.02 2.13 2.15 2.07 1.97 1.84 1.72 1.61 1.59 1.67 1.82 2.00
 26   2.16 2.28 2.32 2.29 2.19 2.02 1.82 1.62 1.50 1.46 1.54 1.66 1.82 1.98 2.08 2.12 2.10 2.01 1.89 1.77 1.65 1.61 1.66 1.76
 27   1.89 2.02 2.14 2.21 2.20 2.13 2.00 1.83 1.63 1.49 1.43 1.48 1.60 1.76 1.93 2.08 2.20 2.23 2.18 2.04 1.87 1.73 1.64 1.62
 28   1.70 1.82 1.97 2.12 2.23 2.27 2.19 2.01 1.80 1.60 1.42 1.35 1.40 1.54 1.74 1.97 2.19 2.34 2.38 2.30 2.14 1.92 1.71 1.56
 29   1.55 1.62 1.76 1.96 2.16 2.32 2.34 2.26 2.06 1.82 1.55 1.33 1.25 1.34 1.54 1.83 2.16 2.45 2.61 2.60 2.46 2.20 1.90 1.64
 30   1.49 1.47 1.60 1.80 2.05 2.29 2.44 2.43 2.26 1.98 1.65 1.37 1.16 1.12 1.25 1.53 1.90 2.29 2.60 2.73 2.67 2.43 2.09 1.69
 ----------------------------------------------------------------------------------------------------------------------------
                                                                                               
 ----------------------------------------------------------------------------------------------------------------------------
 ----------------------------------------------------------------------------------------------------------------------------
                                                          SURVEY OF INDIA
                                                    MARINE GEODESY WING (G&RB)
                                                     HOURLY HEIGHTS IN METRES
  NAME OF PORT:- PARADIP                                                                            MONTH DECEMBER  YEAR 2013
 ----------------------------------------------------------------------------------------------------------------------------
 DAYS 0000 0001 0002 0003 0004 0005 0006 0007 0008 0009 0010 0011 0012 0013 0014 0015 0016 0017 0018 0019 0020 0021 0022 0023
 ----------------------------------------------------------------------------------------------------------------------------
  1   1.40 1.24 1.26 1.45 1.74 2.08 2.36 2.50 2.49 2.24 1.87 1.50 1.16 0.97 1.00 1.22 1.60 2.06 2.47 2.74 2.80 2.63 2.30 1.86
  2   1.42 1.14 1.02 1.10 1.38 1.75 2.13 2.42 2.50 2.32 2.00 1.58 1.14 0.83 0.74 0.87 1.19 1.66 2.17 2.59 2.80 2.74 2.48 2.06
  3   1.58 1.21 0.92 0.90 1.06 1.34 1.79 2.25 2.52 2.50 2.28 1.92 1.46 1.01 0.72 0.69 0.89 1.30 1.84 2.38 2.77 2.92 2.79 2.47
  4   1.98 1.48 1.07 0.84 0.88 1.13 1.54 1.96 2.36 2.59 2.56 2.30 1.88 1.40 0.97 0.71 0.75 1.01 1.44 2.00 2.50 2.84 2.94 2.76
  5   2.40 1.92 1.44 1.03 0.85 0.94 1.22 1.64 2.08 2.43 2.61 2.54 2.25 1.81 1.35 0.96 0.78 0.85 1.15 1.63 2.22 2.69 2.94 2.92
  6   2.70 2.27 1.78 1.30 0.97 0.86 1.03 1.34 1.78 2.18 2.46 2.55 2.41 2.11 1.72 1.31 0.99 0.91 1.04 1.36 1.79 2.28 2.63 2.82
  7   2.76 2.53 2.15 1.70 1.30 1.03 0.95 1.10 1.43 1.83 2.17 2.40 2.46 2.32 2.06 1.72 1.34 1.10 1.02 1.18 1.47 1.87 2.26 2.56
  8   2.72 2.63 2.41 2.04 1.63 1.29 1.04 1.03 1.18 1.50 1.82 2.13 2.32 2.39 2.28 2.04 1.73 1.46 1.24 1.22 1.32 1.58 1.90 2.21
  9   2.46 2.57 2.49 2.28 1.99 1.63 1.31 1.12 1.10 1.26 1.52 1.78 2.05 2.23 2.29 2.24 2.08 1.84 1.61 1.40 1.34 1.39 1.58 1.83
 10   2.12 2.34 2.47 2.42 2.26 2.01 1.73 1.45 1.28 1.24 1.35 1.56 1.83 2.06 2.26 2.36 2.32 2.17 1.95 1.75 1.57 1.46 1.49 1.64
 11   1.84 2.06 2.27 2.37 2.33 2.19 1.97 1.74 1.50 1.31 1.26 1.32 1.52 1.76 2.01 2.23 2.34 2.33 2.21 2.02 1.82 1.61 1.49 1.48
 12   1.60 1.77 1.97 2.16 2.27 2.28 2.17 1.98 1.74 1.50 1.30 1.24 1.29 1.45 1.68 1.93 2.17 2.33 2.35 2.24 2.04 1.81 1.58 1.42
 13   1.40 1.46 1.62 1.82 2.02 2.18 2.22 2.14 1.94 1.66 1.40 1.20 1.12 1.20 1.41 1.68 1.98 2.24 2.39 2.40 2.27 2.04 1.74 1.48
 14   1.29 1.24 1.30 1.49 1.74 1.98 2.14 2.18 2.11 1.91 1.62 1.34 1.14 1.11 1.20 1.44 1.75 2.10 2.36 2.48 2.44 2.24 1.98 1.64
 15   1.34 1.19 1.15 1.30 1.52 1.80 2.06 2.22 2.24 2.10 1.82 1.49 1.20 1.05 1.06 1.24 1.54 1.90 2.24 2.48 2.54 2.44 2.20 1.86
 16   1.52 1.25 1.11 1.14 1.33 1.59 1.90 2.14 2.26 2.21 2.00 1.67 1.34 1.07 0.97 1.06 1.32 1.67 2.07 2.39 2.56 2.55 2.37 2.07
 17   1.72 1.37 1.11 1.04 1.17 1.42 1.74 2.06 2.25 2.25 2.10 1.81 1.45 1.10 0.92 0.92 1.13 1.46 1.86 2.26 2.51 2.60 2.48 2.23
 18   1.87 1.47 1.17 1.02 1.05 1.26 1.57 1.92 2.20 2.30 2.23 2.00 1.67 1.31 1.01 0.89 0.98 1.23 1.62 2.03 2.39 2.59 2.59 2.42
 19   2.10 1.71 1.35 1.09 1.01 1.13 1.39 1.72 2.05 2.28 2.30 2.18 1.89 1.51 1.15 0.95 0.92 1.07 1.39 1.79 2.22 2.49 2.60 2.54
 20   2.31 1.96 1.58 1.25 1.03 1.04 1.22 1.53 1.87 2.17 2.31 2.28 2.06 1.77 1.42 1.11 0.99 1.07 1.28 1.62 2.01 2.34 2.55 2.57
 21   2.45 2.17 1.82 1.47 1.19 1.08 1.17 1.40 1.70 2.02 2.27 2.33 2.21 1.96 1.65 1.33 1.09 1.07 1.22 1.50 1.86 2.21 2.47 2.57
 22   2.52 2.32 2.03 1.68 1.35 1.13 1.15 1.30 1.57 1.88 2.16 2.29 2.29 2.13 1.90 1.61 1.36 1.23 1.26 1.44 1.74 2.06 2.37 2.56
 23   2.58 2.47 2.22 1.91 1.59 1.31 1.21 1.28 1.47 1.74 2.03 2.26 2.32 2.26 2.07 1.81 1.51 1.29 1.24 1.32 1.53 1.81 2.10 2.34
 24   2.49 2.47 2.31 2.05 1.76 1.47 1.27 1.23 1.32 1.54 1.80 2.05 2.21 2.26 2.18 1.99 1.78 1.60 1.45 1.43 1.53 1.71 1.94 2.18
 25   2.37 2.43 2.36 2.19 1.93 1.67 1.43 1.31 1.30 1.42 1.61 1.85 2.05 2.19 2.21 2.13 1.98 1.80 1.65 1.54 1.53 1.61 1.76 1.96
 26   2.16 2.31 2.33 2.25 2.08 1.87 1.65 1.45 1.30 1.29 1.40 1.59 1.80 2.02 2.17 2.25 2.19 2.06 1.89 1.72 1.59 1.55 1.59 1.70
 27   1.86 2.03 2.14 2.19 2.15 2.01 1.81 1.60 1.40 1.28 1.26 1.35 1.53 1.77 2.01 2.21 2.30 2.28 2.16 1.97 1.79 1.62 1.51 1.52
 28   1.61 1.76 1.92 2.07 2.15 2.13 2.00 1.81 1.59 1.37 1.20 1.17 1.27 1.46 1.72 2.00 2.23 2.38 2.37 2.23 2.02 1.77 1.55 1.38
 29   1.38 1.48 1.64 1.84 2.03 2.17 2.19 2.07 1.85 1.57 1.31 1.10 1.05 1.15 1.40 1.70 2.05 2.34 2.53 2.52 2.36 2.09 1.77 1.46
 30   1.27 1.23 1.32 1.55 1.81 2.07 2.26 2.29 2.16 1.91 1.57 1.24 0.97 0.90 1.03 1.30 1.70 2.17 2.53 2.71 2.67 2.46 2.12 1.70
 31   1.36 1.12 1.08 1.24 1.53 1.87 2.22 2.43 2.45 2.29 1.97 1.55 1.15 0.87 0.82 1.00 1.35 1.81 2.30 2.67 2.87 2.77 2.50 2.08
 ----------------------------------------------------------------------------------------------------------------------------
                                                                                               
 ----------------------------------------------------------------------------------------------------------------------------
 ----------------------------------------------------------------------------------------------------------------------------
