                                                          SURVEY OF INDIA
                                                    MARINE GEODESY WING (G&RB)
                                                     HOURLY HEIGHTS IN METRES
  NAME OF PORT:- PARADIP                                                                            MONTH JANUARY   YEAR 2010
 ----------------------------------------------------------------------------------------------------------------------------
 DAYS 0000 0001 0002 0003 0004 0005 0006 0007 0008 0009 0010 0011 0012 0013 0014 0015 0016 0017 0018 0019 0020 0021 0022 0023
 ----------------------------------------------------------------------------------------------------------------------------
  1   1.51 1.11 0.87 0.85 1.05 1.37 1.77 2.10 2.32 2.31 2.17 1.80 1.35 0.95 0.69 0.67 0.89 1.29 1.78 2.29 2.64 2.79 2.68 2.39
  2   1.94 1.44 1.01 0.76 0.76 0.98 1.38 1.80 2.15 2.39 2.34 2.12 1.75 1.31 0.89 0.68 0.69 0.95 1.37 1.88 2.33 2.65 2.74 2.63
  3   2.26 1.85 1.33 0.91 0.68 0.75 0.98 1.41 1.85 2.21 2.36 2.28 1.98 1.59 1.15 0.83 0.69 0.81 1.09 1.55 2.01 2.40 2.63 2.64
  4   2.47 2.11 1.61 1.16 0.85 0.71 0.83 1.11 1.53 1.91 2.22 2.33 2.28 2.00 1.62 1.25 0.95 0.86 1.00 1.30 1.79 2.19 2.46 2.55
  5   2.45 2.20 1.79 1.36 0.99 0.77 0.79 0.95 1.19 1.51 1.90 2.13 2.26 2.20 1.97 1.66 1.32 1.09 1.01 1.14 1.40 1.76 2.10 2.34
  6   2.41 2.34 2.10 1.79 1.40 1.09 0.91 0.89 1.08 1.36 1.71 1.99 2.16 2.21 2.10 1.84 1.53 1.29 1.14 1.19 1.34 1.57 1.85 2.11
  7   2.22 2.23 2.09 1.84 1.56 1.28 1.08 0.99 1.06 1.20 1.42 1.68 1.93 2.07 2.10 2.02 1.83 1.59 1.41 1.29 1.30 1.42 1.60 1.79
  8   1.94 2.04 2.06 1.92 1.71 1.51 1.29 1.15 1.10 1.15 1.27 1.46 1.72 1.91 2.05 2.08 2.03 1.91 1.76 1.60 1.49 1.43 1.47 1.53
  9   1.68 1.79 1.89 1.91 1.85 1.74 1.61 1.45 1.31 1.23 1.20 1.27 1.42 1.61 1.80 1.99 2.07 2.10 2.02 1.91 1.76 1.63 1.51 1.45
 10   1.47 1.56 1.68 1.77 1.83 1.84 1.81 1.72 1.59 1.43 1.29 1.24 1.29 1.42 1.63 1.83 2.02 2.15 2.20 2.15 2.00 1.79 1.61 1.46
 11   1.40 1.43 1.51 1.65 1.77 1.85 1.89 1.86 1.75 1.58 1.41 1.28 1.19 1.23 1.37 1.61 1.86 2.11 2.27 2.32 2.25 2.06 1.83 1.60
 12   1.40 1.30 1.31 1.44 1.60 1.80 1.95 2.00 1.93 1.77 1.57 1.35 1.13 1.10 1.17 1.36 1.65 1.99 2.23 2.38 2.38 2.27 2.01 1.69
 13   1.44 1.26 1.17 1.24 1.40 1.65 1.87 2.03 2.05 1.97 1.77 1.49 1.25 1.06 1.01 1.13 1.39 1.74 2.09 2.38 2.48 2.40 2.17 1.81
 14   1.49 1.23 1.08 1.08 1.21 1.46 1.71 1.96 2.09 2.07 1.89 1.60 1.32 1.04 0.93 0.99 1.23 1.62 2.00 2.31 2.47 2.47 2.26 1.90
 15   1.56 1.24 1.02 0.99 1.14 1.42 1.77 2.03 2.19 2.21 2.11 1.83 1.48 1.16 0.94 0.89 1.08 1.42 1.86 2.23 2.50 2.59 2.49 2.22
 16   1.86 1.44 1.15 0.99 1.04 1.25 1.59 1.91 2.19 2.28 2.23 1.99 1.63 1.26 0.97 0.87 0.98 1.27 1.67 2.09 2.45 2.61 2.60 2.39
 17   2.05 1.61 1.24 0.98 0.93 1.06 1.38 1.73 2.08 2.29 2.30 2.14 1.80 1.42 1.08 0.88 0.89 1.09 1.42 1.86 2.27 2.53 2.61 2.47
 18   2.16 1.80 1.36 1.04 0.87 0.94 1.17 1.52 1.89 2.17 2.32 2.25 2.01 1.65 1.28 0.99 0.88 0.97 1.24 1.64 2.05 2.36 2.54 2.53
 19   2.33 1.97 1.55 1.16 0.93 0.89 1.09 1.38 1.72 2.06 2.29 2.33 2.19 1.91 1.56 1.22 1.01 0.97 1.13 1.43 1.81 2.18 2.42 2.49
 20   2.40 2.11 1.74 1.36 1.02 0.87 0.93 1.15 1.50 1.84 2.13 2.28 2.28 2.11 1.81 1.45 1.17 1.01 1.05 1.27 1.63 1.97 2.23 2.35
 21   2.32 2.12 1.80 1.43 1.13 0.95 0.93 1.09 1.35 1.64 1.94 2.16 2.27 2.21 2.03 1.73 1.45 1.22 1.12 1.18 1.39 1.74 2.05 2.23
 22   2.29 2.23 2.01 1.69 1.38 1.11 0.96 0.99 1.17 1.46 1.77 2.03 2.15 2.17 2.02 1.81 1.57 1.39 1.24 1.27 1.40 1.61 1.84 2.03
 23   2.14 2.13 2.01 1.74 1.49 1.23 1.07 1.01 1.11 1.27 1.49 1.75 1.96 2.11 2.09 1.97 1.80 1.61 1.43 1.33 1.36 1.45 1.60 1.77
 24   1.93 1.99 1.97 1.83 1.65 1.45 1.27 1.13 1.12 1.17 1.35 1.54 1.77 1.95 2.04 2.05 1.98 1.85 1.69 1.55 1.45 1.43 1.48 1.59
 25   1.72 1.81 1.87 1.85 1.78 1.64 1.46 1.31 1.22 1.17 1.21 1.34 1.52 1.71 1.88 1.99 2.07 2.06 1.97 1.83 1.67 1.52 1.43 1.42
 26   1.49 1.58 1.69 1.77 1.81 1.77 1.67 1.53 1.35 1.20 1.12 1.10 1.18 1.35 1.57 1.81 2.03 2.15 2.18 2.09 1.89 1.67 1.45 1.28
 27   1.25 1.28 1.41 1.57 1.73 1.85 1.90 1.80 1.64 1.41 1.21 1.03 0.95 1.01 1.19 1.49 1.81 2.10 2.31 2.36 2.25 1.97 1.66 1.37
 28   1.13 1.06 1.11 1.29 1.55 1.80 1.99 2.05 1.98 1.75 1.41 1.07 0.85 0.80 0.89 1.15 1.54 1.95 2.31 2.50 2.52 2.34 2.01 1.58
 29   1.20 0.93 0.86 0.94 1.22 1.59 1.92 2.17 2.23 2.10 1.76 1.33 0.91 0.67 0.63 0.85 1.23 1.72 2.20 2.55 2.71 2.60 2.33 1.85
 30   1.38 0.95 0.72 0.71 0.94 1.32 1.77 2.16 2.35 2.37 2.15 1.73 1.23 0.81 0.59 0.62 0.89 1.34 1.90 2.39 2.69 2.79 2.63 2.24
 31   1.70 1.15 0.75 0.54 0.62 0.95 1.41 1.92 2.30 2.47 2.40 2.07 1.61 1.10 0.71 0.54 0.63 0.97 1.47 2.02 2.47 2.71 2.71 2.47
 ----------------------------------------------------------------------------------------------------------------------------
                                                                                               
 ----------------------------------------------------------------------------------------------------------------------------
 ----------------------------------------------------------------------------------------------------------------------------
                                                          SURVEY OF INDIA
                                                    MARINE GEODESY WING (G&RB)
                                                     HOURLY HEIGHTS IN METRES
  NAME OF PORT:- PARADIP                                                                            MONTH FEBRUARY  YEAR 2010
 ----------------------------------------------------------------------------------------------------------------------------
 DAYS 0000 0001 0002 0003 0004 0005 0006 0007 0008 0009 0010 0011 0012 0013 0014 0015 0016 0017 0018 0019 0020 0021 0022 0023
 ----------------------------------------------------------------------------------------------------------------------------
  1   2.04 1.46 0.95 0.57 0.46 0.62 1.02 1.52 1.98 2.35 2.49 2.38 2.03 1.55 1.05 0.71 0.58 0.71 1.08 1.57 2.11 2.50 2.69 2.59
  2   2.22 1.72 1.17 0.71 0.49 0.53 0.84 1.31 1.77 2.12 2.41 2.47 2.32 1.99 1.48 1.06 0.77 0.70 0.87 1.23 1.72 2.15 2.45 2.53
  3   2.39 2.06 1.54 1.07 0.71 0.57 0.67 0.99 1.42 1.81 2.21 2.41 2.41 2.23 1.83 1.45 1.09 0.92 0.88 1.06 1.40 1.79 2.16 2.36
  4   2.35 2.15 1.81 1.40 1.05 0.79 0.76 0.86 1.17 1.51 1.81 2.09 2.29 2.29 2.13 1.83 1.49 1.23 1.07 1.04 1.19 1.47 1.80 2.07
  5   2.17 2.15 1.96 1.68 1.38 1.11 0.96 0.89 1.03 1.25 1.52 1.77 2.02 2.09 2.05 1.87 1.63 1.37 1.19 1.12 1.13 1.29 1.46 1.67
  6   1.81 1.88 1.83 1.69 1.51 1.29 1.12 1.04 0.99 1.07 1.23 1.45 1.66 1.83 1.90 1.90 1.81 1.65 1.49 1.37 1.27 1.25 1.34 1.44
  7   1.55 1.64 1.67 1.63 1.55 1.44 1.30 1.20 1.14 1.13 1.19 1.29 1.46 1.61 1.74 1.81 1.83 1.79 1.72 1.61 1.49 1.39 1.34 1.32
  8   1.37 1.42 1.47 1.52 1.52 1.50 1.44 1.38 1.30 1.24 1.19 1.20 1.28 1.39 1.53 1.67 1.77 1.84 1.86 1.80 1.68 1.55 1.41 1.32
  9   1.26 1.27 1.32 1.40 1.48 1.56 1.58 1.53 1.43 1.32 1.22 1.14 1.12 1.16 1.29 1.47 1.66 1.83 1.94 1.96 1.88 1.72 1.53 1.34
 10   1.20 1.12 1.14 1.22 1.39 1.54 1.67 1.72 1.68 1.54 1.37 1.17 1.03 0.99 1.09 1.27 1.52 1.79 2.00 2.11 2.08 1.95 1.71 1.43
 11   1.27 1.04 1.00 1.05 1.22 1.45 1.67 1.81 1.83 1.73 1.52 1.27 1.01 0.91 0.91 1.07 1.33 1.65 1.96 2.17 2.23 2.14 1.86 1.54
 12   1.24 0.97 0.89 0.94 1.15 1.41 1.71 1.90 1.97 1.87 1.66 1.40 1.13 0.89 0.79 0.87 1.11 1.45 1.82 2.14 2.29 2.24 2.03 1.70
 13   1.35 1.03 0.82 0.79 0.96 1.23 1.59 1.89 2.07 2.08 1.93 1.65 1.25 0.96 0.78 0.79 0.98 1.34 1.75 2.14 2.36 2.42 2.27 1.99
 14   1.62 1.19 0.91 0.79 0.87 1.13 1.53 1.91 2.17 2.23 2.08 1.81 1.41 1.05 0.77 0.74 0.89 1.23 1.63 2.06 2.36 2.44 2.34 2.02
 15   1.55 1.20 0.87 0.70 0.73 0.95 1.33 1.75 2.06 2.23 2.21 2.00 1.63 1.23 0.87 0.71 0.74 0.99 1.37 1.84 2.20 2.40 2.37 2.14
 16   1.77 1.30 0.93 0.69 0.69 0.92 1.31 1.70 2.11 2.29 2.35 2.18 1.87 1.44 1.05 0.79 0.73 0.88 1.23 1.66 2.10 2.37 2.44 2.29
 17   1.97 1.52 1.08 0.78 0.65 0.77 1.07 1.47 1.83 2.19 2.35 2.30 2.06 1.69 1.27 0.93 0.77 0.79 1.06 1.43 1.86 2.20 2.35 2.31
 18   2.09 1.69 1.24 0.88 0.66 0.65 0.85 1.22 1.62 2.04 2.27 2.31 2.14 1.86 1.50 1.15 0.90 0.85 1.00 1.32 1.69 2.06 2.29 2.32
 19   2.18 1.89 1.48 1.06 0.80 0.69 0.80 1.06 1.45 1.84 2.14 2.24 2.20 1.97 1.64 1.30 1.06 0.91 1.00 1.19 1.54 1.84 2.09 2.19
 20   2.12 1.89 1.57 1.21 0.90 0.74 0.74 0.94 1.24 1.62 1.93 2.14 2.18 2.10 1.87 1.58 1.31 1.12 1.06 1.15 1.36 1.62 1.87 2.02
 21   2.04 1.95 1.72 1.46 1.14 0.90 0.82 0.90 1.12 1.40 1.72 1.95 2.09 2.10 2.03 1.80 1.57 1.36 1.24 1.23 1.30 1.45 1.64 1.79
 22   1.90 1.89 1.78 1.57 1.35 1.14 0.98 0.96 1.07 1.25 1.46 1.66 1.86 1.96 1.98 1.90 1.76 1.60 1.46 1.37 1.34 1.38 1.47 1.57
 23   1.68 1.75 1.75 1.70 1.56 1.42 1.28 1.15 1.08 1.08 1.20 1.34 1.50 1.67 1.78 1.84 1.83 1.78 1.67 1.55 1.42 1.34 1.28 1.30
 24   1.37 1.46 1.54 1.60 1.61 1.56 1.46 1.33 1.20 1.10 1.05 1.06 1.16 1.32 1.49 1.68 1.84 1.92 1.93 1.85 1.70 1.48 1.28 1.10
 25   1.11 1.12 1.24 1.40 1.56 1.67 1.69 1.63 1.49 1.27 1.07 0.91 0.90 0.97 1.17 1.44 1.74 1.98 2.11 2.12 1.99 1.74 1.45 1.14
 26   0.92 0.87 0.95 1.15 1.44 1.71 1.90 1.98 1.89 1.66 1.36 1.03 0.80 0.74 0.86 1.13 1.50 1.88 2.23 2.36 2.34 2.13 1.75 1.34
 27   0.98 0.72 0.66 0.85 1.16 1.56 1.90 2.13 2.17 2.00 1.74 1.32 0.94 0.68 0.61 0.76 1.12 1.64 2.14 2.46 2.59 2.42 2.07 1.54
 28   1.04 0.68 0.48 0.54 0.84 1.28 1.82 2.16 2.35 2.32 2.04 1.71 1.26 0.80 0.53 0.50 0.72 1.18 1.76 2.24 2.56 2.61 2.36 1.87
 ----------------------------------------------------------------------------------------------------------------------------
                                                                                               
 ----------------------------------------------------------------------------------------------------------------------------
 ----------------------------------------------------------------------------------------------------------------------------
                                                          SURVEY OF INDIA
                                                    MARINE GEODESY WING (G&RB)
                                                     HOURLY HEIGHTS IN METRES
  NAME OF PORT:- PARADIP                                                                            MONTH MARCH     YEAR 2010
 ----------------------------------------------------------------------------------------------------------------------------
 DAYS 0000 0001 0002 0003 0004 0005 0006 0007 0008 0009 0010 0011 0012 0013 0014 0015 0016 0017 0018 0019 0020 0021 0022 0023
 ----------------------------------------------------------------------------------------------------------------------------
  1   1.37 0.83 0.45 0.32 0.47 0.85 1.38 1.96 2.34 2.52 2.42 2.07 1.55 1.01 0.62 0.47 0.63 1.01 1.60 2.15 2.54 2.66 2.52 2.10
  2   1.56 1.01 0.53 0.33 0.38 0.72 1.25 1.83 2.29 2.50 2.54 2.36 1.94 1.39 0.91 0.57 0.52 0.77 1.17 1.74 2.22 2.50 2.58 2.39
  3   2.02 1.43 0.93 0.50 0.33 0.44 0.80 1.35 1.85 2.27 2.47 2.43 2.16 1.63 1.12 0.71 0.55 0.65 0.94 1.39 1.85 2.20 2.35 2.30
  4   2.02 1.59 1.12 0.68 0.45 0.49 0.73 1.13 1.63 2.01 2.27 2.38 2.28 1.95 1.49 1.10 0.80 0.73 0.85 1.12 1.50 1.87 2.13 2.20
  5   2.10 1.85 1.47 1.06 0.72 0.59 0.64 0.91 1.25 1.69 2.07 2.22 2.25 2.11 1.82 1.46 1.14 0.94 0.94 1.07 1.31 1.61 1.85 2.01
  6   2.05 1.92 1.69 1.36 1.05 0.84 0.81 0.91 1.15 1.45 1.75 2.00 2.10 2.07 1.87 1.61 1.35 1.17 1.10 1.15 1.26 1.47 1.66 1.82
  7   1.85 1.84 1.69 1.47 1.24 1.07 0.98 1.02 1.14 1.33 1.55 1.74 1.90 1.96 1.95 1.83 1.62 1.45 1.35 1.31 1.34 1.39 1.51 1.61
  8   1.71 1.70 1.67 1.57 1.41 1.29 1.19 1.14 1.17 1.26 1.36 1.49 1.63 1.77 1.82 1.83 1.76 1.66 1.55 1.49 1.44 1.40 1.40 1.43
  9   1.47 1.50 1.53 1.53 1.50 1.43 1.35 1.29 1.27 1.27 1.29 1.36 1.44 1.54 1.63 1.72 1.78 1.78 1.73 1.67 1.57 1.47 1.37 1.31
 10   1.29 1.33 1.38 1.44 1.48 1.51 1.52 1.50 1.45 1.37 1.29 1.24 1.25 1.33 1.43 1.57 1.70 1.81 1.86 1.85 1.75 1.60 1.43 1.27
 11   1.21 1.15 1.21 1.31 1.44 1.56 1.63 1.64 1.60 1.48 1.33 1.17 1.06 1.08 1.20 1.40 1.62 1.80 1.94 1.96 1.92 1.78 1.51 1.25
 12   1.01 0.99 1.04 1.19 1.41 1.62 1.76 1.85 1.79 1.66 1.47 1.23 1.02 0.93 1.01 1.17 1.43 1.73 1.97 2.11 2.08 1.95 1.63 1.34
 13   1.05 0.87 0.91 1.04 1.30 1.59 1.87 2.00 1.99 1.87 1.67 1.36 1.08 0.89 0.87 1.02 1.33 1.66 1.99 2.21 2.31 2.18 1.88 1.51
 14   1.17 0.95 0.85 0.91 1.15 1.49 1.86 2.11 2.22 2.17 1.91 1.57 1.23 0.95 0.82 0.91 1.17 1.54 1.91 2.23 2.37 2.30 2.05 1.69
 15   1.29 0.95 0.76 0.79 0.99 1.33 1.73 2.08 2.30 2.32 2.15 1.79 1.39 1.01 0.81 0.79 1.01 1.43 1.87 2.23 2.41 2.35 2.11 1.69
 16   1.31 0.91 0.69 0.69 0.91 1.26 1.69 2.07 2.33 2.39 2.26 1.99 1.53 1.13 0.81 0.69 0.80 1.17 1.61 2.04 2.31 2.39 2.23 1.91
 17   1.48 1.04 0.73 0.61 0.71 1.03 1.47 1.91 2.21 2.37 2.37 2.16 1.71 1.27 0.87 0.71 0.83 1.09 1.49 1.91 2.18 2.31 2.24 1.96
 18   1.59 1.09 0.77 0.59 0.62 0.91 1.31 1.79 2.15 2.35 2.39 2.31 1.95 1.48 1.05 0.76 0.75 0.95 1.29 1.69 2.05 2.23 2.27 2.07
 19   1.77 1.31 0.90 0.68 0.63 0.82 1.16 1.52 1.86 2.20 2.34 2.33 2.11 1.75 1.36 1.00 0.80 0.81 1.03 1.32 1.69 2.00 2.14 2.15
 20   1.98 1.65 1.23 0.89 0.69 0.68 0.87 1.22 1.60 1.95 2.24 2.31 2.19 1.87 1.47 1.13 0.93 0.92 1.08 1.35 1.67 1.96 2.09 2.10
 21   1.96 1.65 1.32 0.99 0.79 0.75 0.92 1.20 1.53 1.85 2.07 2.21 2.24 2.09 1.81 1.51 1.27 1.10 1.10 1.24 1.44 1.69 1.92 2.04
 22   2.03 1.85 1.62 1.35 1.06 0.92 0.88 1.02 1.27 1.59 1.87 2.07 2.17 2.13 1.99 1.77 1.53 1.34 1.22 1.23 1.33 1.49 1.68 1.83
 23   1.89 1.85 1.76 1.55 1.31 1.13 1.02 1.05 1.12 1.33 1.56 1.80 1.96 2.02 2.02 1.92 1.76 1.59 1.43 1.32 1.26 1.28 1.40 1.52
 24   1.63 1.70 1.72 1.67 1.56 1.41 1.28 1.19 1.14 1.18 1.28 1.44 1.63 1.80 1.90 1.94 1.92 1.82 1.69 1.54 1.39 1.28 1.24 1.26
 25   1.36 1.49 1.60 1.68 1.70 1.68 1.56 1.41 1.26 1.19 1.16 1.22 1.36 1.57 1.77 1.94 2.07 2.10 2.05 1.90 1.68 1.46 1.26 1.14
 26   1.13 1.25 1.43 1.62 1.79 1.90 1.90 1.81 1.62 1.42 1.21 1.07 1.10 1.24 1.49 1.78 2.04 2.20 2.26 2.16 1.95 1.64 1.30 0.99
 27   0.90 0.89 1.10 1.39 1.70 1.99 2.14 2.13 2.00 1.78 1.43 1.10 0.92 0.94 1.11 1.41 1.79 2.13 2.32 2.40 2.26 1.96 1.52 1.09
 28   0.80 0.67 0.74 1.04 1.45 1.89 2.23 2.41 2.36 2.10 1.71 1.29 0.91 0.77 0.85 1.10 1.50 1.94 2.31 2.53 2.51 2.28 1.84 1.33
 29   0.86 0.61 0.54 0.71 1.10 1.62 2.08 2.44 2.56 2.39 2.02 1.53 1.11 0.75 0.63 0.78 1.12 1.63 2.07 2.43 2.57 2.45 2.12 1.57
 30   1.11 0.65 0.44 0.53 0.87 1.41 1.97 2.45 2.67 2.67 2.52 2.10 1.57 1.07 0.73 0.64 0.81 1.18 1.67 2.15 2.47 2.58 2.43 2.01
 31   1.51 0.98 0.58 0.40 0.53 0.91 1.43 2.03 2.44 2.67 2.61 2.34 1.84 1.30 0.84 0.62 0.61 0.90 1.36 1.87 2.27 2.47 2.40 2.13
 ----------------------------------------------------------------------------------------------------------------------------
                                                                                               
 ----------------------------------------------------------------------------------------------------------------------------
 ----------------------------------------------------------------------------------------------------------------------------
                                                          SURVEY OF INDIA
                                                    MARINE GEODESY WING (G&RB)
                                                     HOURLY HEIGHTS IN METRES
  NAME OF PORT:- PARADIP                                                                            MONTH APRIL     YEAR 2010
 ----------------------------------------------------------------------------------------------------------------------------
 DAYS 0000 0001 0002 0003 0004 0005 0006 0007 0008 0009 0010 0011 0012 0013 0014 0015 0016 0017 0018 0019 0020 0021 0022 0023
 ----------------------------------------------------------------------------------------------------------------------------
  1   1.70 1.16 0.72 0.47 0.48 0.74 1.18 1.73 2.20 2.54 2.64 2.48 2.17 1.68 1.17 0.83 0.68 0.80 1.11 1.59 2.01 2.32 2.40 2.25
  2   1.95 1.50 1.06 0.72 0.59 0.70 1.03 1.49 1.89 2.31 2.53 2.55 2.37 2.01 1.56 1.13 0.89 0.85 1.00 1.37 1.77 2.10 2.30 2.32
  3   2.10 1.70 1.31 0.96 0.77 0.80 1.02 1.30 1.68 2.05 2.34 2.47 2.42 2.20 1.85 1.46 1.17 1.04 1.08 1.25 1.61 1.94 2.14 2.20
  4   2.10 1.90 1.57 1.28 1.01 0.96 1.04 1.25 1.57 1.84 2.10 2.30 2.34 2.24 2.01 1.72 1.44 1.20 1.16 1.24 1.42 1.68 1.90 2.00
  5   2.03 1.90 1.68 1.46 1.24 1.09 1.08 1.18 1.32 1.56 1.85 2.06 2.16 2.18 2.09 1.90 1.70 1.49 1.37 1.32 1.38 1.50 1.69 1.80
  6   1.91 1.85 1.78 1.64 1.48 1.33 1.28 1.30 1.36 1.49 1.66 1.82 1.96 2.06 2.07 2.00 1.87 1.73 1.59 1.46 1.41 1.44 1.49 1.58
  7   1.66 1.72 1.74 1.73 1.67 1.58 1.49 1.41 1.39 1.40 1.45 1.56 1.69 1.82 1.90 1.93 1.92 1.84 1.73 1.62 1.53 1.44 1.41 1.41
  8   1.45 1.54 1.63 1.69 1.74 1.73 1.67 1.58 1.50 1.42 1.38 1.40 1.48 1.60 1.72 1.84 1.93 1.95 1.90 1.79 1.65 1.51 1.37 1.29
  9   1.28 1.34 1.45 1.58 1.72 1.81 1.83 1.76 1.65 1.54 1.41 1.31 1.29 1.36 1.52 1.71 1.88 2.00 2.01 1.96 1.80 1.60 1.40 1.23
 10   1.14 1.19 1.30 1.50 1.73 1.90 2.00 2.00 1.91 1.72 1.49 1.30 1.18 1.21 1.35 1.58 1.83 2.04 2.16 2.16 2.01 1.74 1.46 1.19
 11   1.06 1.02 1.13 1.36 1.65 1.94 2.10 2.15 2.06 1.84 1.56 1.27 1.07 1.06 1.17 1.43 1.72 2.01 2.19 2.24 2.13 1.89 1.54 1.22
 12   1.00 0.90 1.00 1.22 1.58 1.93 2.20 2.31 2.32 2.14 1.86 1.53 1.20 0.97 0.97 1.12 1.41 1.74 2.08 2.28 2.31 2.14 1.83 1.45
 13   1.08 0.87 0.80 0.93 1.27 1.69 2.05 2.33 2.43 2.34 2.07 1.67 1.28 1.00 0.87 0.98 1.24 1.61 1.99 2.27 2.36 2.23 1.94 1.50
 14   1.17 0.83 0.74 0.86 1.16 1.59 2.05 2.39 2.52 2.50 2.29 1.88 1.46 1.06 0.87 0.88 1.06 1.43 1.84 2.20 2.42 2.36 2.14 1.73
 15   1.36 0.94 0.73 0.75 1.01 1.42 1.91 2.37 2.58 2.61 2.48 2.19 1.74 1.30 0.98 0.89 0.95 1.24 1.62 2.06 2.32 2.42 2.30 1.97
 16   1.58 1.13 0.80 0.68 0.79 1.10 1.59 2.05 2.37 2.60 2.59 2.37 2.02 1.52 1.12 0.91 0.91 1.14 1.48 1.88 2.21 2.38 2.35 2.11
 17   1.71 1.32 0.95 0.74 0.76 0.99 1.34 1.77 2.17 2.48 2.59 2.48 2.21 1.78 1.36 1.04 0.90 0.97 1.24 1.60 1.96 2.21 2.30 2.17
 18   1.94 1.53 1.16 0.86 0.75 0.85 1.10 1.50 1.89 2.21 2.41 2.45 2.28 1.95 1.55 1.22 1.02 1.02 1.17 1.46 1.80 2.04 2.17 2.16
 19   1.99 1.73 1.38 1.08 0.90 0.86 1.04 1.34 1.67 2.00 2.27 2.40 2.37 2.17 1.86 1.56 1.23 1.08 1.10 1.27 1.53 1.79 1.96 2.06
 20   2.02 1.88 1.60 1.30 1.10 0.96 0.97 1.15 1.37 1.66 1.96 2.21 2.28 2.24 2.04 1.76 1.50 1.31 1.20 1.23 1.38 1.59 1.76 1.94
 21   2.00 2.01 1.92 1.70 1.45 1.27 1.12 1.09 1.20 1.40 1.65 1.91 2.12 2.22 2.20 2.06 1.84 1.60 1.41 1.27 1.24 1.32 1.49 1.64
 22   1.80 1.94 2.00 1.96 1.80 1.60 1.40 1.28 1.21 1.25 1.44 1.65 1.86 2.02 2.15 2.17 2.09 1.93 1.71 1.51 1.34 1.25 1.27 1.39
 23   1.53 1.72 1.88 1.98 2.00 1.91 1.76 1.60 1.45 1.33 1.29 1.38 1.53 1.71 1.94 2.12 2.21 2.18 2.03 1.78 1.52 1.34 1.17 1.15
 24   1.24 1.41 1.61 1.84 2.03 2.14 2.09 1.94 1.73 1.50 1.29 1.22 1.29 1.50 1.76 2.02 2.19 2.29 2.25 2.07 1.78 1.46 1.17 1.00
 25   0.98 1.13 1.40 1.74 2.04 2.25 2.32 2.24 1.98 1.66 1.37 1.12 1.06 1.16 1.40 1.74 2.02 2.25 2.36 2.28 2.01 1.67 1.29 0.98
 26   0.83 0.82 1.07 1.42 1.85 2.21 2.48 2.55 2.46 2.10 1.70 1.40 1.11 0.97 1.07 1.34 1.69 2.08 2.36 2.48 2.38 2.10 1.69 1.23
 27   0.90 0.70 0.75 1.03 1.50 1.92 2.37 2.66 2.65 2.48 2.12 1.68 1.26 1.00 0.93 1.09 1.41 1.82 2.21 2.47 2.54 2.36 2.02 1.54
 28   1.13 0.80 0.68 0.84 1.20 1.69 2.18 2.58 2.69 2.64 2.37 1.88 1.45 1.05 0.86 0.88 1.10 1.50 1.92 2.26 2.44 2.39 2.18 1.79
 29   1.37 0.93 0.66 0.64 0.93 1.35 1.87 2.33 2.66 2.70 2.61 2.27 1.73 1.28 0.96 0.84 0.95 1.27 1.66 2.06 2.34 2.43 2.30 1.99
 30   1.64 1.13 0.84 0.69 0.83 1.14 1.60 2.09 2.46 2.67 2.65 2.44 2.06 1.63 1.20 0.96 0.93 1.10 1.41 1.79 2.11 2.33 2.33 2.19
 ----------------------------------------------------------------------------------------------------------------------------
                                                                                               
 ----------------------------------------------------------------------------------------------------------------------------
 ----------------------------------------------------------------------------------------------------------------------------
                                                          SURVEY OF INDIA
                                                    MARINE GEODESY WING (G&RB)
                                                     HOURLY HEIGHTS IN METRES
  NAME OF PORT:- PARADIP                                                                            MONTH MAY       YEAR 2010
 ----------------------------------------------------------------------------------------------------------------------------
 DAYS 0000 0001 0002 0003 0004 0005 0006 0007 0008 0009 0010 0011 0012 0013 0014 0015 0016 0017 0018 0019 0020 0021 0022 0023
 ----------------------------------------------------------------------------------------------------------------------------
  1   1.84 1.48 1.07 0.86 0.81 0.98 1.31 1.75 2.18 2.45 2.62 2.49 2.25 1.84 1.44 1.14 1.01 1.05 1.29 1.60 1.94 2.17 2.26 2.19
  2   1.96 1.63 1.30 1.01 0.91 0.98 1.22 1.58 1.96 2.24 2.46 2.52 2.38 2.10 1.73 1.41 1.16 1.10 1.19 1.41 1.67 1.94 2.11 2.15
  3   2.06 1.81 1.52 1.28 1.05 1.03 1.15 1.38 1.72 2.05 2.33 2.44 2.43 2.28 2.03 1.72 1.43 1.23 1.21 1.32 1.50 1.75 1.95 2.06
  4   2.09 1.99 1.79 1.53 1.33 1.16 1.19 1.29 1.50 1.79 2.07 2.28 2.37 2.33 2.18 1.92 1.66 1.43 1.33 1.34 1.49 1.67 1.83 1.96
  5   2.02 1.98 1.85 1.68 1.51 1.35 1.29 1.35 1.47 1.64 1.86 2.07 2.23 2.27 2.22 2.05 1.86 1.66 1.50 1.39 1.38 1.45 1.58 1.74
  6   1.87 1.96 1.99 1.93 1.81 1.67 1.56 1.49 1.45 1.57 1.75 1.92 2.07 2.17 2.20 2.14 2.03 1.86 1.70 1.55 1.47 1.46 1.53 1.66
  7   1.79 1.89 1.97 2.00 1.92 1.82 1.72 1.62 1.55 1.56 1.62 1.74 1.88 2.04 2.15 2.22 2.20 2.08 1.93 1.76 1.62 1.52 1.50 1.52
  8   1.64 1.76 1.90 2.00 2.08 2.10 2.04 1.93 1.78 1.62 1.55 1.56 1.66 1.80 1.93 2.07 2.16 2.15 2.07 1.94 1.74 1.56 1.42 1.37
  9   1.39 1.52 1.67 1.88 2.07 2.19 2.19 2.11 1.95 1.76 1.58 1.48 1.47 1.54 1.71 1.90 2.09 2.18 2.19 2.08 1.90 1.67 1.46 1.29
 10   1.21 1.29 1.46 1.71 1.97 2.19 2.30 2.28 2.17 1.91 1.66 1.44 1.34 1.35 1.47 1.69 1.92 2.15 2.27 2.27 2.13 1.87 1.57 1.31
 11   1.15 1.15 1.26 1.53 1.83 2.17 2.39 2.47 2.38 2.20 1.89 1.57 1.33 1.21 1.28 1.48 1.78 2.09 2.30 2.33 2.22 1.97 1.65 1.29
 12   1.08 0.98 1.03 1.31 1.66 2.05 2.40 2.56 2.52 2.32 1.95 1.58 1.28 1.10 1.10 1.29 1.57 1.90 2.19 2.32 2.27 2.06 1.70 1.33
 13   1.02 0.87 0.89 1.09 1.42 1.90 2.31 2.55 2.62 2.50 2.22 1.84 1.47 1.14 1.01 1.03 1.28 1.61 1.98 2.25 2.33 2.26 1.96 1.56
 14   1.19 0.91 0.79 0.87 1.14 1.57 2.04 2.41 2.62 2.63 2.45 2.13 1.71 1.28 1.03 0.94 1.10 1.43 1.81 2.13 2.32 2.33 2.15 1.81
 15   1.40 0.99 0.75 0.71 0.86 1.28 1.74 2.20 2.50 2.68 2.64 2.34 1.95 1.51 1.16 0.94 1.00 1.21 1.57 1.96 2.24 2.38 2.28 2.04
 16   1.61 1.20 0.90 0.74 0.80 1.05 1.44 1.88 2.29 2.60 2.68 2.52 2.20 1.73 1.33 1.02 0.95 1.03 1.29 1.68 2.03 2.25 2.30 2.15
 17   1.88 1.46 1.12 0.85 0.79 0.94 1.24 1.58 2.02 2.40 2.61 2.67 2.51 2.16 1.78 1.36 1.09 1.00 1.10 1.36 1.73 2.03 2.25 2.26
 18   2.12 1.85 1.51 1.18 0.99 0.95 1.06 1.37 1.72 2.12 2.42 2.59 2.57 2.41 2.07 1.71 1.35 1.11 1.07 1.16 1.40 1.71 2.00 2.15
 19   2.21 2.09 1.87 1.59 1.31 1.12 1.05 1.15 1.41 1.74 2.12 2.37 2.54 2.50 2.33 2.04 1.69 1.37 1.15 1.11 1.24 1.49 1.79 2.00
 20   2.17 2.19 2.09 1.91 1.67 1.47 1.31 1.27 1.39 1.60 1.88 2.17 2.38 2.48 2.44 2.25 1.95 1.63 1.38 1.22 1.21 1.34 1.56 1.80
 21   2.06 2.15 2.19 2.12 1.96 1.77 1.56 1.45 1.40 1.49 1.68 1.90 2.13 2.32 2.42 2.39 2.23 1.99 1.70 1.48 1.30 1.26 1.37 1.58
 22   1.81 2.05 2.24 2.34 2.31 2.19 1.99 1.80 1.64 1.53 1.54 1.66 1.85 2.08 2.30 2.45 2.47 2.32 2.09 1.81 1.53 1.35 1.30 1.37
 23   1.56 1.82 2.10 2.32 2.48 2.50 2.39 2.18 1.94 1.74 1.60 1.57 1.67 1.91 2.15 2.37 2.52 2.54 2.38 2.13 1.81 1.52 1.30 1.27
 24   1.37 1.61 1.92 2.26 2.53 2.68 2.66 2.55 2.32 2.00 1.70 1.52 1.47 1.60 1.86 2.15 2.39 2.50 2.49 2.34 2.07 1.74 1.47 1.26
 25   1.21 1.31 1.56 1.86 2.21 2.56 2.76 2.76 2.61 2.31 1.97 1.62 1.42 1.41 1.58 1.88 2.15 2.44 2.58 2.54 2.32 2.00 1.64 1.30
 26   1.12 1.09 1.24 1.56 1.98 2.38 2.69 2.86 2.82 2.60 2.25 1.85 1.51 1.33 1.31 1.47 1.77 2.10 2.41 2.55 2.54 2.36 1.98 1.62
 27   1.32 1.15 1.13 1.29 1.68 2.13 2.54 2.80 2.89 2.84 2.50 2.06 1.70 1.42 1.30 1.35 1.62 1.98 2.30 2.53 2.62 2.48 2.14 1.78
 28   1.40 1.15 1.07 1.20 1.50 1.91 2.39 2.73 2.91 2.89 2.69 2.31 1.92 1.53 1.30 1.26 1.42 1.73 2.08 2.41 2.58 2.59 2.40 2.10
 29   1.70 1.38 1.14 1.13 1.28 1.63 2.06 2.48 2.75 2.88 2.81 2.58 2.16 1.76 1.42 1.25 1.29 1.47 1.76 2.14 2.38 2.48 2.46 2.24
 30   1.87 1.53 1.20 1.07 1.14 1.42 1.78 2.16 2.54 2.78 2.84 2.67 2.30 1.93 1.58 1.31 1.23 1.31 1.60 1.92 2.21 2.43 2.47 2.34
 31   2.03 1.72 1.42 1.21 1.16 1.30 1.60 1.98 2.32 2.59 2.74 2.71 2.52 2.19 1.84 1.52 1.32 1.27 1.40 1.65 1.98 2.24 2.38 2.38
 ----------------------------------------------------------------------------------------------------------------------------
                                                                                               
 ----------------------------------------------------------------------------------------------------------------------------
 ----------------------------------------------------------------------------------------------------------------------------
                                                          SURVEY OF INDIA
                                                    MARINE GEODESY WING (G&RB)
                                                     HOURLY HEIGHTS IN METRES
  NAME OF PORT:- PARADIP                                                                            MONTH JUNE      YEAR 2010
 ----------------------------------------------------------------------------------------------------------------------------
 DAYS 0000 0001 0002 0003 0004 0005 0006 0007 0008 0009 0010 0011 0012 0013 0014 0015 0016 0017 0018 0019 0020 0021 0022 0023
 ----------------------------------------------------------------------------------------------------------------------------
  1   2.27 1.96 1.66 1.37 1.18 1.22 1.37 1.68 2.00 2.33 2.57 2.68 2.60 2.35 2.00 1.69 1.42 1.33 1.39 1.59 1.84 2.08 2.25 2.32
  2   2.24 2.04 1.78 1.52 1.34 1.29 1.34 1.55 1.80 2.10 2.37 2.53 2.55 2.40 2.14 1.83 1.57 1.39 1.36 1.44 1.67 1.91 2.10 2.23
  3   2.26 2.15 1.97 1.75 1.55 1.41 1.38 1.49 1.66 1.91 2.15 2.36 2.45 2.42 2.26 2.04 1.78 1.54 1.43 1.45 1.57 1.74 1.94 2.09
  4   2.21 2.21 2.14 2.00 1.84 1.66 1.55 1.54 1.63 1.79 2.03 2.22 2.37 2.43 2.38 2.24 2.02 1.80 1.60 1.46 1.49 1.62 1.79 1.96
  5   2.13 2.18 2.20 2.18 2.08 1.94 1.80 1.70 1.69 1.76 1.92 2.11 2.28 2.36 2.39 2.34 2.16 1.97 1.77 1.64 1.54 1.56 1.67 1.83
  6   1.98 2.12 2.21 2.24 2.22 2.14 1.99 1.85 1.76 1.71 1.78 1.89 2.03 2.16 2.26 2.29 2.23 2.08 1.91 1.73 1.60 1.52 1.55 1.64
  7   1.80 1.97 2.12 2.24 2.30 2.28 2.18 2.03 1.90 1.78 1.70 1.71 1.84 1.97 2.13 2.24 2.27 2.22 2.06 1.85 1.65 1.51 1.46 1.49
  8   1.56 1.77 1.98 2.19 2.37 2.43 2.42 2.27 2.08 1.91 1.73 1.59 1.59 1.71 1.89 2.08 2.22 2.26 2.20 2.04 1.81 1.60 1.40 1.35
  9   1.39 1.54 1.76 2.02 2.28 2.46 2.53 2.48 2.34 2.12 1.86 1.66 1.54 1.54 1.68 1.89 2.12 2.29 2.36 2.32 2.14 1.88 1.61 1.37
 10   1.24 1.29 1.45 1.76 2.09 2.43 2.64 2.71 2.62 2.39 2.10 1.78 1.54 1.43 1.50 1.70 1.96 2.22 2.39 2.46 2.35 2.13 1.84 1.50
 11   1.37 1.19 1.29 1.54 1.91 2.30 2.60 2.81 2.78 2.60 2.31 1.96 1.66 1.43 1.37 1.45 1.71 2.01 2.29 2.45 2.50 2.37 2.14 1.76
 12   1.43 1.20 1.14 1.25 1.57 1.94 2.36 2.73 2.92 2.93 2.76 2.34 1.92 1.57 1.35 1.34 1.56 1.85 2.16 2.45 2.60 2.54 2.32 2.00
 13   1.63 1.33 1.11 1.12 1.34 1.75 2.17 2.57 2.90 3.02 2.93 2.53 2.07 1.68 1.38 1.31 1.38 1.66 2.03 2.39 2.63 2.71 2.57 2.21
 14   1.80 1.41 1.16 1.11 1.28 1.62 2.08 2.50 2.74 2.91 2.96 2.85 2.52 2.10 1.65 1.35 1.21 1.29 1.59 1.96 2.35 2.55 2.63 2.47
 15   2.19 1.77 1.40 1.07 0.99 1.11 1.42 1.83 2.33 2.69 2.88 2.88 2.68 2.15 1.66 1.32 1.09 1.09 1.29 1.64 2.03 2.36 2.51 2.47
 16   2.28 1.89 1.52 1.18 1.01 1.02 1.24 1.62 1.98 2.36 2.65 2.80 2.74 2.40 1.93 1.52 1.19 1.00 1.06 1.29 1.64 2.02 2.28 2.45
 17
 18
 19
 20
 21
 22
 23
 24
 25
 26
 27
 28
 29
 30
 ----------------------------------------------------------------------------------------------------------------------------
                                                                                               
 ----------------------------------------------------------------------------------------------------------------------------
 ----------------------------------------------------------------------------------------------------------------------------
                                                          SURVEY OF INDIA
                                                    MARINE GEODESY WING (G&RB)
                                                     HOURLY HEIGHTS IN METRES
  NAME OF PORT:- PARADIP                                                                            MONTH JULY      YEAR 2010
 ----------------------------------------------------------------------------------------------------------------------------
 DAYS 0000 0001 0002 0003 0004 0005 0006 0007 0008 0009 0010 0011 0012 0013 0014 0015 0016 0017 0018 0019 0020 0021 0022 0023
 ----------------------------------------------------------------------------------------------------------------------------
  1
  2
  3
  4
  5
  6
  7
  8
  9
 10
 11
 12
 13
 14
 15
 16
 17   2.63 2.56 2.39 2.06 1.72 1.46 1.30 1.36 1.56 1.90 2.24 2.49 2.63 2.60 2.43 2.11 1.76 1.44 1.24 1.19 1.31 1.61 1.95 2.27
 18   2.48 2.55 2.50 2.34 2.07 1.79 1.57 1.45 1.48 1.66 1.92 2.19 2.40 2.48 2.45 2.30 2.06 1.77 1.50 1.34 1.33 1.42 1.68 1.95
 19   2.22 2.38 2.47 2.45 2.33 2.13 1.89 1.69 1.59 1.60 1.72 1.91 2.12 2.28 2.38 2.36 2.26 2.06 1.82 1.59 1.43 1.39 1.48 1.65
 20   1.89 2.13 2.33 2.44 2.47 2.39 2.25 2.04 1.84 1.72 1.66 1.74 1.87 2.03 2.19 2.30 2.33 2.27 2.11 1.90 1.69 1.54 1.47 1.56
 21   1.69 1.88 2.12 2.35 2.52 2.57 2.52 2.36 2.11 1.91 1.76 1.67 1.68 1.77 1.93 2.08 2.21 2.29 2.28 2.13 1.94 1.74 1.60 1.51
 22   1.54 1.66 1.85 2.10 2.36 2.55 2.63 2.56 2.40 2.18 1.95 1.76 1.64 1.63 1.73 1.90 2.11 2.28 2.35 2.35 2.21 2.00 1.77 1.55
 23   1.44 1.44 1.59 1.84 2.12 2.41 2.61 2.70 2.61 2.40 2.14 1.86 1.62 1.52 1.52 1.70 1.90 2.12 2.32 2.41 2.35 2.16 1.91 1.65
 24   1.45 1.31 1.37 1.57 1.88 2.25 2.54 2.76 2.77 2.67 2.42 2.08 1.75 1.54 1.43 1.53 1.74 2.01 2.28 2.47 2.54 2.40 2.17 1.86
 25   1.55 1.36 1.26 1.39 1.65 2.02 2.40 2.71 2.87 2.82 2.62 2.29 1.90 1.59 1.42 1.40 1.53 1.80 2.14 2.40 2.54 2.53 2.36 2.03
 26   1.73 1.43 1.26 1.22 1.44 1.78 2.20 2.58 2.80 2.89 2.76 2.46 2.06 1.71 1.42 1.30 1.36 1.61 1.96 2.29 2.55 2.62 2.52 2.27
 27   1.94 1.62 1.37 1.25 1.35 1.66 2.08 2.50 2.85 2.98 2.90 2.65 2.28 1.86 1.54 1.38 1.36 1.57 1.89 2.28 2.57 2.74 2.69 2.47
 28   2.18 1.78 1.48 1.28 1.32 1.52 1.91 2.32 2.67 2.90 2.96 2.82 2.48 2.06 1.72 1.44 1.35 1.42 1.71 2.10 2.44 2.71 2.81 2.69
 29   2.42 2.14 1.79 1.55 1.42 1.50 1.74 2.16 2.58 2.96 3.09 3.00 2.76 2.29 1.88 1.59 1.42 1.52 1.71 2.04 2.42 2.74 2.92 2.91
 30   2.60 2.37 2.09 1.79 1.62 1.55 1.69 1.96 2.40 2.74 2.94 2.98 2.82 2.47 2.10 1.70 1.46 1.40 1.52 1.79 2.17 2.49 2.73 2.79
 31   2.70 2.56 2.32 2.04 1.80 1.69 1.68 1.88 2.18 2.51 2.76 2.84 2.77 2.52 2.21 1.81 1.56 1.42 1.47 1.68 2.02 2.36 2.61 2.76
 ----------------------------------------------------------------------------------------------------------------------------
                                                                                               
 ----------------------------------------------------------------------------------------------------------------------------
 ----------------------------------------------------------------------------------------------------------------------------
                                                          SURVEY OF INDIA
                                                    MARINE GEODESY WING (G&RB)
                                                     HOURLY HEIGHTS IN METRES
  NAME OF PORT:- PARADIP                                                                            MONTH AUGUST    YEAR 2010
 ----------------------------------------------------------------------------------------------------------------------------
 DAYS 0000 0001 0002 0003 0004 0005 0006 0007 0008 0009 0010 0011 0012 0013 0014 0015 0016 0017 0018 0019 0020 0021 0022 0023
 ----------------------------------------------------------------------------------------------------------------------------
  1   2.76 2.57 2.29 2.00 1.72 1.59 1.62 1.79 2.06 2.39 2.65 2.77 2.75 2.62 2.33 2.02 1.72 1.53 1.52 1.63 1.90 2.20 2.47 2.68
  2   2.78 2.70 2.52 2.28 2.00 1.82 1.76 1.81 2.01 2.27 2.48 2.64 2.72 2.66 2.45 2.18 1.92 1.69 1.58 1.59 1.75 1.99 2.26 2.49
  3   2.61 2.66 2.58 2.43 2.22 2.01 1.87 1.82 1.89 2.04 2.24 2.44 2.59 2.62 2.54 2.37 2.14 1.90 1.74 1.70 1.74 1.90 2.10 2.34
  4   2.55 2.60 2.62 2.57 2.44 2.28 2.13 2.01 1.96 1.99 2.09 2.23 2.37 2.49 2.53 2.48 2.36 2.20 2.01 1.86 1.78 1.77 1.87 2.03
  5   2.23 2.41 2.57 2.67 2.67 2.61 2.49 2.33 2.19 2.11 2.09 2.13 2.24 2.35 2.48 2.55 2.55 2.46 2.33 2.16 1.98 1.88 1.83 1.89
  6   2.05 2.21 2.43 2.62 2.73 2.78 2.74 2.60 2.44 2.24 2.07 1.97 1.95 2.02 2.12 2.28 2.42 2.50 2.48 2.36 2.17 1.97 1.78 1.67
  7   1.60 1.78 2.00 2.27 2.54 2.73 2.85 2.80 2.66 2.39 2.13 1.87 1.74 1.69 1.80 1.98 2.23 2.45 2.57 2.54 2.37 2.13 1.85 1.59
  8   1.45 1.43 1.60 1.90 2.26 2.60 2.85 2.94 2.87 2.67 2.36 2.01 1.69 1.50 1.47 1.66 1.95 2.29 2.57 2.73 2.71 2.49 2.18 1.77
  9   1.48 1.31 1.33 1.55 1.93 2.36 2.77 3.04 3.12 3.00 2.74 2.18 1.71 1.43 1.28 1.39 1.66 2.07 2.46 2.77 2.87 2.77 2.45 2.01
 10   1.55 1.25 1.12 1.25 1.60 2.08 2.60 3.01 3.20 3.18 2.92 2.49 1.97 1.47 1.16 1.14 1.35 1.80 2.27 2.68 2.97 3.03 2.75 2.35
 11   1.80 1.44 1.15 1.11 1.31 1.69 2.17 2.69 3.05 3.23 3.18 2.85 2.27 1.73 1.25 1.04 1.09 1.41 1.89 2.43 2.85 3.09 3.06 2.71
 12   2.26 1.79 1.39 1.13 1.15 1.41 1.83 2.34 2.86 3.19 3.20 2.98 2.53 1.99 1.47 1.12 1.03 1.24 1.65 2.16 2.66 2.96 3.11 2.97
 13   2.66 2.23 1.76 1.42 1.19 1.27 1.59 2.09 2.53 2.94 3.14 3.10 2.77 2.29 1.80 1.29 1.07 1.07 1.32 1.79 2.28 2.71 2.98 2.99
 14   2.84 2.46 2.03 1.63 1.35 1.23 1.33 1.62 2.08 2.51 2.80 2.90 2.79 2.46 2.03 1.57 1.27 1.07 1.09 1.36 1.77 2.20 2.54 2.75
 15   2.80 2.60 2.29 1.93 1.59 1.37 1.37 1.45 1.72 2.09 2.39 2.55 2.59 2.51 2.28 1.97 1.62 1.30 1.19 1.23 1.45 1.76 2.08 2.37
 16   2.53 2.59 2.47 2.26 1.96 1.69 1.50 1.46 1.59 1.81 2.05 2.25 2.42 2.44 2.35 2.11 1.83 1.56 1.39 1.37 1.48 1.70 1.93 2.18
 17   2.36 2.45 2.47 2.38 2.23 2.01 1.82 1.66 1.64 1.69 1.87 2.03 2.18 2.28 2.31 2.23 2.10 1.90 1.68 1.52 1.45 1.49 1.62 1.81
 18   1.99 2.15 2.27 2.35 2.35 2.24 2.08 1.89 1.73 1.63 1.66 1.75 1.87 1.99 2.09 2.15 2.13 2.03 1.88 1.73 1.60 1.51 1.52 1.61
 19   1.72 1.89 2.08 2.23 2.33 2.34 2.28 2.18 2.01 1.83 1.72 1.68 1.69 1.76 1.89 2.02 2.13 2.19 2.16 2.06 1.90 1.76 1.62 1.54
 20   1.60 1.65 1.84 2.02 2.22 2.40 2.46 2.42 2.28 2.06 1.84 1.68 1.60 1.62 1.69 1.85 2.03 2.16 2.24 2.24 2.12 1.93 1.73 1.51
 21   1.39 1.45 1.58 1.83 2.10 2.36 2.54 2.60 2.52 2.31 2.06 1.81 1.60 1.50 1.54 1.69 1.92 2.16 2.36 2.43 2.36 2.18 1.91 1.66
 22   1.45 1.36 1.40 1.64 1.96 2.29 2.57 2.70 2.70 2.50 2.20 1.87 1.58 1.38 1.37 1.51 1.80 2.10 2.37 2.52 2.49 2.31 2.02 1.71
 23   1.43 1.29 1.30 1.50 1.81 2.20 2.55 2.79 2.82 2.71 2.44 2.05 1.66 1.37 1.28 1.38 1.62 1.97 2.31 2.57 2.63 2.52 2.25 1.88
 24   1.56 1.31 1.17 1.29 1.53 1.89 2.29 2.65 2.88 2.88 2.62 2.23 1.76 1.43 1.26 1.30 1.54 1.92 2.29 2.60 2.72 2.69 2.41 2.05
 25   1.64 1.33 1.17 1.21 1.46 1.79 2.20 2.59 2.84 2.90 2.71 2.33 1.86 1.48 1.23 1.22 1.39 1.75 2.16 2.56 2.78 2.77 2.56 2.21
 26   1.83 1.45 1.21 1.16 1.33 1.68 2.07 2.46 2.75 2.90 2.84 2.54 2.10 1.70 1.32 1.16 1.21 1.44 1.84 2.22 2.61 2.79 2.75 2.55
 27   2.17 1.76 1.38 1.16 1.18 1.37 1.80 2.20 2.57 2.80 2.79 2.58 2.18 1.76 1.37 1.13 1.15 1.36 1.71 2.15 2.51 2.74 2.79 2.64
 28   2.32 1.88 1.50 1.23 1.14 1.27 1.60 2.01 2.39 2.63 2.75 2.63 2.36 1.99 1.60 1.31 1.16 1.20 1.45 1.82 2.22 2.59 2.76 2.75
 29   2.52 2.18 1.78 1.48 1.28 1.30 1.52 1.86 2.23 2.57 2.75 2.77 2.61 2.24 1.88 1.55 1.31 1.28 1.42 1.73 2.14 2.51 2.76 2.86
 30   2.71 2.44 2.10 1.79 1.54 1.43 1.54 1.77 2.07 2.37 2.62 2.66 2.58 2.37 2.06 1.70 1.45 1.36 1.43 1.65 1.98 2.30 2.58 2.75
 31   2.74 2.56 2.30 1.98 1.73 1.56 1.56 1.68 1.92 2.17 2.43 2.58 2.61 2.51 2.30 1.98 1.69 1.45 1.39 1.47 1.71 2.02 2.33 2.55
 ----------------------------------------------------------------------------------------------------------------------------
                                                                                               
 ----------------------------------------------------------------------------------------------------------------------------
 ----------------------------------------------------------------------------------------------------------------------------
                                                          SURVEY OF INDIA
                                                    MARINE GEODESY WING (G&RB)
                                                     HOURLY HEIGHTS IN METRES
  NAME OF PORT:- PARADIP                                                                            MONTH SEPT      YEAR 2010
 ----------------------------------------------------------------------------------------------------------------------------
 DAYS 0000 0001 0002 0003 0004 0005 0006 0007 0008 0009 0010 0011 0012 0013 0014 0015 0016 0017 0018 0019 0020 0021 0022 0023
 ----------------------------------------------------------------------------------------------------------------------------
  1   2.67 2.66 2.51 2.28 2.03 1.83 1.73 1.74 1.87 2.07 2.28 2.45 2.50 2.49 2.37 2.19 1.91 1.70 1.60 1.58 1.72 1.93 2.17 2.38
  2   2.58 2.64 2.61 2.50 2.31 2.14 1.98 1.88 1.88 1.98 2.11 2.25 2.36 2.45 2.47 2.38 2.22 2.03 1.86 1.75 1.73 1.81 1.98 2.15
  3   2.37 2.53 2.61 2.61 2.52 2.41 2.29 2.17 2.04 1.97 1.96 2.04 2.15 2.27 2.37 2.41 2.39 2.28 2.15 2.02 1.88 1.80 1.79 1.87
  4   1.99 2.19 2.37 2.55 2.67 2.68 2.62 2.46 2.30 2.10 1.96 1.86 1.88 1.97 2.11 2.26 2.40 2.45 2.41 2.30 2.11 1.92 1.74 1.65
  5   1.69 1.83 2.04 2.34 2.61 2.79 2.85 2.77 2.57 2.24 1.91 1.70 1.59 1.66 1.84 2.09 2.35 2.53 2.61 2.55 2.36 2.09 1.79 1.53
  6   1.41 1.49 1.77 2.11 2.49 2.79 2.97 2.97 2.79 2.44 2.13 1.75 1.47 1.35 1.44 1.69 2.04 2.43 2.75 2.88 2.79 2.51 2.14 1.71
  7   1.43 1.31 1.41 1.75 2.19 2.65 3.00 3.19 3.13 2.85 2.42 1.99 1.52 1.27 1.22 1.43 1.83 2.27 2.73 2.99 3.09 2.91 2.55 2.08
  8   1.64 1.29 1.21 1.40 1.79 2.29 2.76 3.14 3.26 3.15 2.75 2.23 1.68 1.26 1.06 1.14 1.41 1.94 2.48 2.95 3.19 3.17 2.89 2.40
  9   1.87 1.41 1.11 1.12 1.36 1.86 2.40 2.91 3.22 3.23 2.97 2.49 1.85 1.36 0.98 0.88 1.07 1.53 2.09 2.65 3.05 3.18 3.04 2.62
 10   2.11 1.55 1.15 1.01 1.12 1.49 2.07 2.55 2.95 3.14 3.09 2.76 2.23 1.68 1.18 0.92 0.92 1.23 1.73 2.31 2.81 3.15 3.19 2.92
 11   2.50 1.91 1.44 1.12 1.07 1.26 1.66 2.19 2.63 2.91 3.03 2.94 2.59 2.07 1.56 1.14 0.96 1.00 1.33 1.89 2.42 2.86 3.12 3.01
 12   2.74 2.25 1.81 1.43 1.21 1.20 1.43 1.78 2.19 2.58 2.89 2.98 2.76 2.45 2.02 1.50 1.22 1.15 1.26 1.61 2.08 2.54 2.96 3.05
 13   2.85 2.54 2.18 1.83 1.51 1.37 1.37 1.62 1.94 2.31 2.59 2.73 2.71 2.49 2.18 1.86 1.57 1.39 1.37 1.50 1.81 2.17 2.55 2.77
 14   2.83 2.67 2.45 2.17 1.87 1.65 1.52 1.58 1.77 2.05 2.31 2.53 2.59 2.53 2.32 2.08 1.83 1.63 1.50 1.50 1.64 1.91 2.21 2.48
 15   2.63 2.69 2.60 2.39 2.16 1.95 1.80 1.73 1.76 1.93 2.10 2.27 2.41 2.47 2.43 2.31 2.07 1.87 1.73 1.70 1.71 1.85 2.02 2.22
 16   2.42 2.54 2.56 2.53 2.45 2.33 2.18 2.05 1.95 1.92 1.96 2.06 2.19 2.28 2.33 2.34 2.26 2.14 2.01 1.90 1.83 1.83 1.89 2.01
 17   2.19 2.33 2.45 2.51 2.54 2.52 2.42 2.29 2.17 2.06 1.98 1.96 2.03 2.14 2.25 2.32 2.35 2.34 2.28 2.19 2.07 1.96 1.89 1.91
 18   1.95 2.09 2.29 2.47 2.59 2.64 2.64 2.52 2.37 2.21 2.03 1.92 1.87 1.92 2.04 2.21 2.35 2.43 2.45 2.39 2.25 2.05 1.87 1.75
 19   1.74 1.83 2.01 2.24 2.42 2.58 2.67 2.62 2.49 2.27 2.02 1.79 1.69 1.68 1.81 2.00 2.23 2.43 2.54 2.55 2.41 2.19 1.96 1.77
 20   1.61 1.63 1.77 2.00 2.24 2.48 2.67 2.71 2.61 2.36 2.06 1.75 1.51 1.47 1.57 1.77 2.07 2.33 2.55 2.61 2.49 2.26 1.96 1.67
 21   1.45 1.38 1.47 1.70 2.00 2.33 2.58 2.71 2.66 2.43 2.10 1.75 1.45 1.33 1.33 1.51 1.82 2.20 2.51 2.64 2.55 2.34 2.02 1.67
 22   1.39 1.23 1.24 1.44 1.77 2.14 2.50 2.69 2.68 2.50 2.19 1.85 1.50 1.27 1.22 1.35 1.62 2.00 2.40 2.66 2.71 2.54 2.26 1.87
 23   1.53 1.28 1.17 1.24 1.49 1.85 2.23 2.57 2.74 2.63 2.43 2.11 1.70 1.37 1.16 1.20 1.45 1.81 2.23 2.59 2.78 2.78 2.59 2.26
 24   1.84 1.48 1.21 1.13 1.28 1.65 2.09 2.46 2.69 2.73 2.58 2.25 1.81 1.44 1.19 1.10 1.26 1.62 2.03 2.46 2.73 2.86 2.73 2.45
 25   2.05 1.62 1.33 1.13 1.18 1.48 1.87 2.27 2.58 2.69 2.65 2.42 2.03 1.62 1.26 1.07 1.08 1.34 1.73 2.18 2.58 2.77 2.79 2.56
 26   2.23 1.82 1.44 1.18 1.11 1.29 1.59 2.01 2.36 2.57 2.59 2.42 2.10 1.74 1.32 1.07 0.99 1.20 1.55 1.96 2.40 2.67 2.79 2.65
 27   2.40 1.98 1.61 1.28 1.11 1.21 1.42 1.82 2.14 2.42 2.54 2.48 2.24 1.92 1.50 1.21 1.00 1.08 1.30 1.71 2.11 2.44 2.65 2.64
 28   2.49 2.16 1.83 1.45 1.24 1.16 1.32 1.56 1.89 2.18 2.36 2.39 2.28 2.02 1.67 1.33 1.09 1.04 1.18 1.48 1.84 2.20 2.45 2.58
 29   2.52 2.32 2.03 1.70 1.42 1.28 1.29 1.43 1.71 1.97 2.19 2.32 2.30 2.16 1.90 1.62 1.35 1.22 1.24 1.41 1.70 1.99 2.29 2.46
 30   2.53 2.45 2.27 1.99 1.72 1.52 1.44 1.49 1.64 1.88 2.09 2.25 2.32 2.26 2.09 1.85 1.62 1.43 1.36 1.41 1.58 1.83 2.09 2.32
 ----------------------------------------------------------------------------------------------------------------------------
                                                                                               
 ----------------------------------------------------------------------------------------------------------------------------
 ----------------------------------------------------------------------------------------------------------------------------
                                                          SURVEY OF INDIA
                                                    MARINE GEODESY WING (G&RB)
                                                     HOURLY HEIGHTS IN METRES
  NAME OF PORT:- PARADIP                                                                            MONTH OCTOBER   YEAR 2010
 ----------------------------------------------------------------------------------------------------------------------------
 DAYS 0000 0001 0002 0003 0004 0005 0006 0007 0008 0009 0010 0011 0012 0013 0014 0015 0016 0017 0018 0019 0020 0021 0022 0023
 ----------------------------------------------------------------------------------------------------------------------------
  1   2.46 2.50 2.43 2.26 2.07 1.86 1.72 1.63 1.63 1.76 1.91 2.05 2.18 2.26 2.24 2.11 1.95 1.78 1.65 1.57 1.58 1.68 1.83 2.05
  2   2.25 2.40 2.47 2.48 2.37 2.22 2.05 1.88 1.74 1.68 1.70 1.80 1.95 2.07 2.18 2.23 2.20 2.09 1.96 1.82 1.71 1.61 1.62 1.75
  3   1.92 2.13 2.33 2.45 2.49 2.45 2.31 2.12 1.91 1.68 1.54 1.55 1.63 1.79 2.01 2.19 2.31 2.35 2.30 2.14 1.90 1.68 1.51 1.47
  4   1.54 1.76 2.01 2.27 2.49 2.63 2.63 2.47 2.22 1.91 1.59 1.38 1.35 1.45 1.71 2.02 2.31 2.52 2.61 2.53 2.33 2.00 1.67 1.43
  5   1.37 1.48 1.71 2.09 2.42 2.73 2.86 2.83 2.61 2.23 1.78 1.40 1.18 1.18 1.40 1.80 2.24 2.64 2.90 2.92 2.75 2.39 1.96 1.60
  6   1.34 1.32 1.48 1.83 2.29 2.74 3.02 3.10 2.97 2.64 2.14 1.69 1.34 1.16 1.26 1.62 2.12 2.66 3.08 3.28 3.22 2.97 2.49 2.00
  7   1.69 1.37 1.40 1.65 2.12 2.62 3.08 3.30 3.33 3.12 2.70 2.11 1.62 1.25 1.20 1.40 1.88 2.43 2.97 3.37 3.49 3.37 3.02 2.46
  8   1.97 1.52 1.41 1.52 1.85 2.39 2.86 3.25 3.33 3.25 2.97 2.44 1.85 1.37 1.12 1.13 1.47 1.99 2.55 3.07 3.36 3.39 3.19 2.72
  9   2.23 1.69 1.36 1.27 1.44 1.86 2.37 2.84 3.13 3.27 3.10 2.70 2.20 1.69 1.30 1.16 1.30 1.68 2.20 2.78 3.20 3.41 3.36 3.08
 10   2.62 2.10 1.63 1.34 1.28 1.47 1.90 2.37 2.80 3.04 3.08 2.89 2.48 2.01 1.57 1.30 1.23 1.44 1.86 2.36 2.82 3.18 3.31 3.20
 11   2.93 2.49 2.04 1.64 1.42 1.47 1.70 2.10 2.53 2.82 2.99 2.97 2.70 2.30 1.87 1.55 1.36 1.36 1.60 2.00 2.47 2.86 3.10 3.19
 12   3.05 2.71 2.31 1.94 1.65 1.57 1.66 1.90 2.24 2.55 2.78 2.83 2.72 2.48 2.16 1.82 1.58 1.50 1.59 1.84 2.19 2.54 2.85 2.99
 13   2.98 2.84 2.57 2.23 1.96 1.78 1.74 1.86 2.04 2.32 2.56 2.72 2.72 2.59 2.36 2.12 1.91 1.78 1.76 1.90 2.08 2.37 2.65 2.84
 14   2.95 2.91 2.77 2.55 2.31 2.11 1.98 1.95 2.05 2.19 2.36 2.50 2.61 2.63 2.55 2.40 2.26 2.12 2.04 2.03 2.07 2.22 2.43 2.67
 15   2.86 2.91 2.92 2.86 2.73 2.60 2.47 2.36 2.34 2.38 2.46 2.58 2.69 2.75 2.74 2.67 2.57 2.45 2.35 2.28 2.24 2.28 2.39 2.54
 16   2.67 2.78 2.88 2.90 2.80 2.69 2.56 2.41 2.29 2.22 2.22 2.26 2.36 2.48 2.60 2.67 2.68 2.65 2.57 2.47 2.35 2.26 2.22 2.24
 17   2.30 2.41 2.54 2.65 2.71 2.72 2.66 2.53 2.36 2.20 2.09 2.02 2.04 2.12 2.27 2.42 2.54 2.61 2.60 2.49 2.34 2.19 2.06 1.99
 18   1.97 2.08 2.25 2.44 2.59 2.69 2.70 2.60 2.41 2.20 2.00 1.85 1.79 1.84 1.98 2.21 2.41 2.60 2.67 2.65 2.47 2.26 2.01 1.84
 19   1.75 1.80 1.96 2.17 2.42 2.64 2.76 2.69 2.53 2.21 1.93 1.68 1.57 1.58 1.71 2.00 2.29 2.54 2.71 2.72 2.59 2.38 2.08 1.80
 20   1.60 1.58 1.69 1.93 2.24 2.49 2.69 2.76 2.62 2.40 2.09 1.79 1.55 1.48 1.56 1.82 2.15 2.51 2.64 2.66 2.52 2.30 1.98 1.62
 21   1.31 1.18 1.18 1.36 1.69 2.02 2.30 2.45 2.45 2.32 2.10 1.88 1.63 1.49 1.53 1.75 2.09 2.47 2.79 2.90 2.87 2.65 2.34 1.96
 22   1.63 1.40 1.37 1.48 1.77 2.12 2.43 2.63 2.68 2.55 2.32 2.02 1.72 1.47 1.44 1.58 1.94 2.36 2.77 3.07 3.16 3.08 2.78 2.38
 23   1.94 1.65 1.49 1.56 1.78 2.17 2.55 2.84 2.97 2.91 2.65 2.26 1.86 1.57 1.39 1.46 1.74 2.15 2.63 2.98 3.20 3.18 2.99 2.61
 24   2.14 1.80 1.56 1.49 1.62 1.97 2.34 2.67 2.89 2.92 2.74 2.40 1.96 1.56 1.32 1.30 1.50 1.91 2.36 2.77 3.07 3.17 3.06 2.77
 25   2.38 1.96 1.60 1.41 1.46 1.72 2.07 2.46 2.75 2.87 2.80 2.55 2.18 1.77 1.44 1.29 1.41 1.68 2.11 2.57 2.94 3.12 3.11 2.91
 26   2.57 2.15 1.77 1.50 1.44 1.58 1.91 2.25 2.63 2.81 2.83 2.66 2.31 1.91 1.58 1.35 1.33 1.51 1.83 2.27 2.69 2.98 3.09 3.00
 27   2.77 2.39 2.00 1.68 1.52 1.53 1.73 2.04 2.36 2.64 2.75 2.67 2.46 2.13 1.80 1.48 1.32 1.36 1.56 1.90 2.27 2.64 2.86 2.92
 28   2.87 2.57 2.25 1.91 1.67 1.54 1.58 1.77 2.06 2.35 2.52 2.58 2.51 2.30 1.99 1.70 1.50 1.42 1.51 1.71 2.02 2.35 2.62 2.79
 29   2.82 2.68 2.46 2.18 1.90 1.68 1.59 1.66 1.82 2.06 2.30 2.43 2.47 2.37 2.19 1.97 1.74 1.61 1.59 1.68 1.89 2.14 2.38 2.59
 30   2.66 2.69 2.56 2.35 2.09 1.87 1.72 1.67 1.74 1.86 2.04 2.24 2.37 2.41 2.37 2.25 2.08 1.90 1.77 1.71 1.76 1.86 2.09 2.32
 31   2.50 2.61 2.64 2.58 2.40 2.20 1.96 1.77 1.68 1.69 1.76 1.89 2.06 2.22 2.35 2.40 2.36 2.23 2.07 1.91 1.78 1.74 1.78 1.95
 ----------------------------------------------------------------------------------------------------------------------------
                                                                                               
 ----------------------------------------------------------------------------------------------------------------------------
 ----------------------------------------------------------------------------------------------------------------------------
                                                          SURVEY OF INDIA
                                                    MARINE GEODESY WING (G&RB)
                                                     HOURLY HEIGHTS IN METRES
  NAME OF PORT:- PARADIP                                                                            MONTH NOVEMBER  YEAR 2010
 ----------------------------------------------------------------------------------------------------------------------------
 DAYS 0000 0001 0002 0003 0004 0005 0006 0007 0008 0009 0010 0011 0012 0013 0014 0015 0016 0017 0018 0019 0020 0021 0022 0023
 ----------------------------------------------------------------------------------------------------------------------------
  1   2.11 2.33 2.49 2.59 2.59 2.50 2.30 2.05 1.80 1.61 1.52 1.56 1.72 1.95 2.21 2.42 2.53 2.52 2.40 2.22 2.00 1.77 1.64 1.70
  2   1.80 2.02 2.27 2.49 2.63 2.64 2.54 2.30 2.00 1.69 1.43 1.38 1.46 1.68 2.00 2.33 2.61 2.74 2.72 2.54 2.24 1.90 1.64 1.48
  3   1.50 1.66 1.95 2.28 2.54 2.72 2.74 2.56 2.33 1.94 1.52 1.26 1.18 1.30 1.60 2.04 2.46 2.76 2.90 2.84 2.59 2.20 1.82 1.47
  4   1.36 1.36 1.59 1.92 2.30 2.60 2.76 2.70 2.47 2.12 1.68 1.29 1.08 1.10 1.32 1.72 2.20 2.64 2.90 2.97 2.82 2.48 2.02 1.62
  5   1.32 1.22 1.31 1.62 2.00 2.40 2.68 2.78 2.68 2.38 1.90 1.42 1.06 0.91 1.02 1.34 1.83 2.36 2.81 3.05 3.04 2.78 2.38 1.84
  6   1.42 1.16 1.09 1.26 1.64 2.08 2.49 2.76 2.81 2.62 2.29 1.89 1.40 1.04 0.91 1.03 1.39 1.88 2.45 2.90 3.13 3.07 2.79 2.35
  7   1.82 1.42 1.14 1.11 1.30 1.68 2.14 2.52 2.78 2.79 2.58 2.15 1.64 1.26 1.02 1.04 1.28 1.73 2.26 2.74 2.94 2.92 2.76 2.37
  8   2.00 1.48 1.16 0.97 1.06 1.35 1.78 2.18 2.47 2.70 2.68 2.41 2.02 1.60 1.22 1.05 1.05 1.34 1.75 2.24 2.68 2.91 2.98 2.82
  9   2.52 2.08 1.66 1.34 1.18 1.24 1.53 1.91 2.26 2.53 2.62 2.51 2.26 1.89 1.53 1.25 1.19 1.29 1.58 2.00 2.40 2.72 2.89 2.87
 10   2.72 2.41 2.00 1.66 1.41 1.36 1.49 1.76 2.07 2.33 2.49 2.51 2.38 2.13 1.81 1.52 1.35 1.34 1.46 1.75 2.11 2.44 2.66 2.75
 11   2.70 2.50 2.21 1.88 1.59 1.42 1.41 1.56 1.79 2.05 2.21 2.31 2.29 2.15 1.91 1.69 1.48 1.38 1.41 1.55 1.81 2.08 2.34 2.48
 12   2.52 2.47 2.29 2.01 1.75 1.57 1.45 1.48 1.62 1.82 2.00 2.15 2.22 2.19 2.07 1.91 1.70 1.55 1.48 1.51 1.64 1.85 2.08 2.27
 13   2.40 2.42 2.37 2.21 2.00 1.78 1.60 1.54 1.57 1.70 1.84 1.97 2.09 2.15 2.14 2.06 1.93 1.80 1.70 1.64 1.68 1.77 1.94 2.12
 14   2.29 2.36 2.41 2.35 2.21 2.05 1.87 1.74 1.67 1.68 1.76 1.88 2.01 2.11 2.19 2.20 2.15 2.06 1.95 1.85 1.79 1.78 1.85 1.97
 15   2.10 2.24 2.33 2.37 2.33 2.21 2.06 1.88 1.74 1.64 1.63 1.71 1.83 1.99 2.13 2.25 2.29 2.27 2.17 2.06 1.93 1.83 1.79 1.82
 16   1.92 2.07 2.20 2.31 2.37 2.33 2.22 2.06 1.89 1.73 1.61 1.58 1.65 1.80 2.00 2.18 2.33 2.41 2.38 2.28 2.09 1.90 1.77 1.70
 17   1.71 1.83 1.98 2.13 2.26 2.32 2.30 2.18 1.98 1.76 1.57 1.46 1.45 1.55 1.76 2.02 2.23 2.40 2.47 2.42 2.26 2.05 1.82 1.63
 18   1.54 1.58 1.74 1.95 2.16 2.32 2.41 2.34 2.18 1.92 1.64 1.43 1.35 1.37 1.56 1.84 2.16 2.43 2.59 2.64 2.50 2.26 1.96 1.70
 19   1.50 1.45 1.52 1.74 2.02 2.26 2.44 2.45 2.32 2.04 1.73 1.43 1.26 1.22 1.38 1.66 2.05 2.39 2.64 2.72 2.64 2.40 2.06 1.72
 20   1.46 1.32 1.35 1.54 1.82 2.12 2.38 2.46 2.42 2.21 1.85 1.43 1.16 1.08 1.19 1.48 1.86 2.27 2.62 2.79 2.79 2.60 2.26 1.87
 21   1.54 1.32 1.25 1.37 1.67 2.01 2.29 2.45 2.47 2.33 2.05 1.69 1.30 1.07 0.98 1.15 1.47 1.92 2.37 2.71 2.87 2.83 2.61 2.21
 22   1.84 1.47 1.27 1.22 1.39 1.68 2.07 2.37 2.56 2.53 2.26 1.88 1.46 1.15 1.00 1.08 1.36 1.78 2.25 2.64 2.88 2.92 2.72 2.38
 23   1.94 1.56 1.26 1.17 1.26 1.53 1.92 2.25 2.52 2.56 2.37 2.08 1.64 1.28 1.02 0.98 1.14 1.49 1.93 2.40 2.73 2.89 2.82 2.57
 24   2.18 1.72 1.38 1.16 1.14 1.30 1.64 2.03 2.35 2.53 2.51 2.31 1.93 1.54 1.20 0.99 1.03 1.27 1.66 2.12 2.56 2.83 2.91 2.75
 25   2.47 2.05 1.64 1.34 1.16 1.16 1.36 1.73 2.10 2.34 2.46 2.41 2.16 1.82 1.44 1.15 1.02 1.08 1.29 1.66 2.09 2.47 2.71 2.74
 26   2.66 2.33 1.94 1.57 1.28 1.19 1.25 1.48 1.80 2.13 2.35 2.41 2.35 2.11 1.77 1.44 1.21 1.12 1.17 1.41 1.77 2.17 2.50 2.69
 27   2.74 2.57 2.28 1.90 1.54 1.31 1.21 1.29 1.50 1.89 2.20 2.33 2.35 2.25 2.03 1.76 1.49 1.34 1.30 1.40 1.65 1.98 2.31 2.54
 28   2.61 2.56 2.35 2.07 1.74 1.46 1.30 1.27 1.35 1.58 1.88 2.13 2.28 2.33 2.27 2.12 1.89 1.67 1.48 1.41 1.48 1.68 1.98 2.25
 29   2.44 2.54 2.52 2.37 2.12 1.86 1.60 1.42 1.33 1.40 1.56 1.80 2.01 2.19 2.28 2.28 2.17 2.00 1.80 1.62 1.50 1.52 1.67 1.91
 30   2.14 2.32 2.44 2.44 2.34 2.14 1.89 1.60 1.42 1.34 1.39 1.55 1.77 2.02 2.22 2.35 2.38 2.34 2.18 1.96 1.74 1.62 1.57 1.68
 ----------------------------------------------------------------------------------------------------------------------------
                                                                                               
 ----------------------------------------------------------------------------------------------------------------------------
 ----------------------------------------------------------------------------------------------------------------------------
                                                          SURVEY OF INDIA
                                                    MARINE GEODESY WING (G&RB)
                                                     HOURLY HEIGHTS IN METRES
  NAME OF PORT:- PARADIP                                                                            MONTH DECEMBER  YEAR 2010
 ----------------------------------------------------------------------------------------------------------------------------
 DAYS 0000 0001 0002 0003 0004 0005 0006 0007 0008 0009 0010 0011 0012 0013 0014 0015 0016 0017 0018 0019 0020 0021 0022 0023
 ----------------------------------------------------------------------------------------------------------------------------
  1   1.86 2.08 2.26 2.40 2.43 2.35 2.16 1.89 1.63 1.39 1.27 1.30 1.46 1.71 2.01 2.28 2.47 2.58 2.53 2.35 2.08 1.83 1.59 1.50
  2   1.54 1.71 1.92 2.16 2.31 2.39 2.35 2.18 1.93 1.61 1.34 1.19 1.23 1.39 1.68 2.03 2.35 2.57 2.67 2.59 2.37 2.05 1.73 1.50
  3   1.43 1.47 1.63 1.89 2.14 2.34 2.43 2.38 2.20 1.90 1.56 1.28 1.11 1.14 1.35 1.70 2.12 2.49 2.72 2.80 2.69 2.41 2.03 1.66
  4   1.41 1.27 1.33 1.55 1.88 2.20 2.42 2.51 2.44 2.20 1.85 1.47 1.16 1.03 1.11 1.38 1.82 2.25 2.63 2.85 2.89 2.74 2.37 1.95
  5   1.59 1.33 1.22 1.33 1.60 1.96 2.28 2.50 2.53 2.34 2.00 1.58 1.22 1.01 0.98 1.22 1.62 2.13 2.55 2.84 2.93 2.80 2.48 2.03
  6   1.64 1.33 1.15 1.18 1.42 1.78 2.13 2.41 2.53 2.47 2.27 1.92 1.50 1.15 0.95 0.98 1.26 1.70 2.19 2.62 2.85 2.93 2.76 2.42
  7   1.96 1.58 1.26 1.11 1.20 1.46 1.84 2.20 2.46 2.60 2.46 2.18 1.82 1.41 1.11 0.99 1.11 1.46 1.92 2.39 2.76 2.91 2.84 2.59
  8   2.25 1.81 1.46 1.25 1.20 1.35 1.68 2.03 2.34 2.53 2.55 2.41 2.11 1.74 1.39 1.17 1.15 1.29 1.64 2.07 2.54 2.81 2.93 2.86
  9   2.58 2.19 1.78 1.46 1.27 1.27 1.49 1.82 2.15 2.46 2.57 2.53 2.31 1.98 1.62 1.38 1.25 1.33 1.57 1.98 2.38 2.72 2.88 2.88
 10   2.68 2.31 1.95 1.63 1.43 1.35 1.48 1.76 2.07 2.36 2.53 2.57 2.51 2.28 1.98 1.71 1.49 1.46 1.54 1.79 2.14 2.50 2.75 2.87
 11   2.81 2.62 2.30 1.98 1.68 1.50 1.47 1.58 1.84 2.10 2.35 2.50 2.54 2.41 2.17 1.94 1.73 1.59 1.59 1.74 1.99 2.27 2.56 2.75
 12   2.80 2.70 2.46 2.20 1.90 1.66 1.54 1.59 1.72 1.96 2.20 2.40 2.51 2.45 2.33 2.15 1.94 1.76 1.68 1.69 1.85 2.07 2.33 2.53
 13   2.60 2.60 2.51 2.32 2.06 1.86 1.68 1.62 1.66 1.77 1.97 2.19 2.38 2.44 2.40 2.29 2.16 1.99 1.87 1.81 1.85 1.96 2.12 2.33
 14   2.41 2.49 2.49 2.40 2.22 2.01 1.83 1.69 1.64 1.69 1.81 1.98 2.15 2.29 2.39 2.38 2.31 2.20 2.07 1.96 1.88 1.89 1.96 2.06
 15   2.18 2.28 2.33 2.31 2.20 2.06 1.88 1.73 1.61 1.58 1.62 1.75 1.92 2.08 2.22 2.31 2.31 2.24 2.13 2.01 1.87 1.78 1.77 1.86
 16   1.93 2.05 2.17 2.25 2.23 2.14 1.99 1.84 1.68 1.55 1.51 1.53 1.66 1.87 2.07 2.27 2.39 2.38 2.28 2.13 1.99 1.83 1.70 1.66
 17   1.70 1.80 1.91 2.05 2.16 2.20 2.16 2.02 1.80 1.58 1.44 1.38 1.43 1.60 1.84 2.10 2.35 2.48 2.50 2.39 2.19 1.95 1.72 1.60
 18   1.55 1.61 1.75 1.94 2.14 2.27 2.26 2.18 2.03 1.77 1.51 1.31 1.27 1.37 1.62 1.96 2.27 2.54 2.65 2.60 2.41 2.15 1.83 1.56
 19   1.40 1.38 1.50 1.72 1.98 2.19 2.32 2.30 2.14 1.90 1.63 1.36 1.18 1.18 1.36 1.66 2.02 2.38 2.66 2.75 2.70 2.46 2.12 1.76
 20   1.49 1.34 1.34 1.50 1.77 2.07 2.31 2.44 2.38 2.22 1.88 1.52 1.22 1.08 1.15 1.40 1.78 2.22 2.56 2.81 2.85 2.70 2.36 1.95
 21   1.58 1.34 1.22 1.33 1.53 1.90 2.25 2.47 2.58 2.46 2.20 1.85 1.45 1.13 0.98 1.02 1.30 1.70 2.19 2.60 2.86 2.90 2.73 2.40
 22   1.97 1.54 1.25 1.17 1.30 1.61 2.00 2.33 2.56 2.62 2.46 2.12 1.68 1.26 1.01 0.98 1.12 1.43 1.89 2.40 2.76 2.93 2.88 2.60
 23   2.16 1.68 1.30 1.08 1.09 1.28 1.66 2.06 2.35 2.53 2.48 2.23 1.89 1.45 1.09 0.91 0.97 1.23 1.64 2.16 2.58 2.87 2.96 2.78
 24   2.42 1.95 1.52 1.18 1.00 1.10 1.38 1.79 2.18 2.46 2.59 2.50 2.21 1.84 1.40 1.11 1.00 1.12 1.42 1.89 2.35 2.75 2.94 2.91
 25   2.69 2.28 1.80 1.40 1.10 1.02 1.19 1.50 1.90 2.27 2.49 2.59 2.44 2.13 1.73 1.37 1.14 1.12 1.28 1.60 2.05 2.45 2.72 2.79
 26   2.74 2.45 2.08 1.64 1.26 1.10 1.06 1.29 1.60 1.98 2.29 2.46 2.50 2.36 2.08 1.72 1.42 1.27 1.25 1.45 1.74 2.11 2.42 2.67
 27   2.70 2.62 2.35 1.98 1.58 1.28 1.12 1.13 1.30 1.60 1.94 2.24 2.42 2.43 2.30 2.05 1.76 1.51 1.37 1.39 1.54 1.82 2.08 2.35
 28   2.46 2.56 2.39 2.14 1.82 1.49 1.28 1.16 1.22 1.38 1.64 1.89 2.17 2.33 2.38 2.29 2.11 1.88 1.65 1.52 1.49 1.59 1.74 1.93
 29   2.18 2.35 2.38 2.30 2.10 1.85 1.57 1.38 1.27 1.27 1.40 1.59 1.84 2.11 2.29 2.34 2.30 2.15 1.98 1.77 1.63 1.56 1.62 1.73
 30   1.86 2.09 2.21 2.26 2.20 2.06 1.85 1.62 1.43 1.30 1.31 1.40 1.62 1.84 2.08 2.27 2.37 2.34 2.24 2.04 1.83 1.63 1.54 1.55
 31   1.59 1.77 1.96 2.09 2.16 2.15 2.03 1.84 1.65 1.46 1.30 1.26 1.35 1.53 1.81 2.08 2.30 2.42 2.44 2.31 2.08 1.84 1.60 1.45
 ----------------------------------------------------------------------------------------------------------------------------
                                                                                               
 ----------------------------------------------------------------------------------------------------------------------------
 ----------------------------------------------------------------------------------------------------------------------------
