                                                          SURVEY OF INDIA
                                                    MARINE GEODESY WING (G&RB)
                                                     HOURLY HEIGHTS IN METRES
  NAME OF PORT:- KANDLA                                                                             MONTH JANUARY   YEAR 2013
 ----------------------------------------------------------------------------------------------------------------------------
 DAYS 0000 0001 0002 0003 0004 0005 0006 0007 0008 0009 0010 0011 0012 0013 0014 0015 0016 0017 0018 0019 0020 0021 0022 0023
 ----------------------------------------------------------------------------------------------------------------------------
  1   2.10 3.68 4.98 5.92 6.56 6.68 6.28 5.36 4.12 2.99 2.08 1.51 1.62 2.60 3.97 5.07 5.75 5.96 5.60 4.63 3.46 2.40 1.57 1.12
  2   1.60 2.90 4.32 5.48 6.28 6.68 6.56 5.93 4.77 3.59 2.54 1.74 1.35 1.62 2.84 4.20 5.12 5.64 5.70 5.16 4.12 3.08 2.12 1.48
  3   1.24 1.90 3.22 4.60 5.58 6.24 6.46 6.10 5.20 4.00 2.90 1.96 1.30 1.14 1.92 3.28 4.48 5.26 5.64 5.56 4.92 3.92 2.96 2.16
  4   1.54 1.60 2.38 3.68 4.88 5.74 6.26 6.28 5.72 4.68 3.52 2.46 1.64 1.12 1.24 2.16 3.48 4.58 5.26 5.58 5.44 4.84 3.92 3.04
  5   2.24 1.84 1.96 2.72 3.88 4.96 5.72 6.10 6.00 5.36 4.30 3.20 2.20 1.46 1.04 1.30 2.28 3.52 4.56 5.22 5.56 5.48 4.96 4.14
  6   3.24 2.54 2.12 2.14 2.80 3.88 4.88 5.56 5.92 5.76 5.08 4.08 3.04 2.12 1.38 0.94 1.20 2.16 3.40 4.48 5.18 5.60 5.68 5.34
  7   4.52 3.66 2.92 2.40 2.24 2.68 3.60 4.60 5.34 5.70 5.60 5.00 4.16 3.12 2.22 1.46 0.97 1.06 1.92 3.26 4.42 5.26 5.82 6.08
  8   5.87 5.04 4.12 3.26 2.62 2.28 2.52 3.28 4.28 5.08 5.54 5.64 5.20 4.32 3.28 2.28 1.40 0.80 0.68 1.50 2.94 4.32 5.34 6.08
  9   6.30 6.23 5.46 4.44 3.40 2.60 2.12 2.12 2.86 3.98 4.90 5.52 5.76 5.44 4.56 3.46 2.30 1.32 0.60 0.36 1.20 2.80 4.40 5.52
 10   6.31 6.67 6.40 5.64 4.48 3.36 2.48 1.84 1.78 2.58 3.80 4.88 5.64 5.96 5.70 4.80 3.54 2.28 1.22 0.44 0.14 1.06 2.92 4.66
 11   5.80 6.60 6.82 6.54 5.72 4.48 3.34 2.36 1.68 1.60 2.48 3.88 5.24 5.98 6.28 5.88 4.80 3.48 2.20 1.16 0.37 0.11 1.30 3.40
 12   5.20 6.24 6.84 6.94 6.52 5.60 4.28 3.08 2.04 1.40 1.42 2.64 4.28 5.52 6.22 6.40 5.88 4.72 3.40 2.16 1.16 0.38 0.20 1.76
 13   4.12 5.69 6.54 7.04 7.00 6.46 5.40 4.06 2.84 1.84 1.21 1.43 2.84 4.56 5.74 6.36 6.44 5.80 4.60 3.26 2.08 1.00 0.38 0.60
 14   2.72 4.68 5.92 6.76 7.08 6.88 6.14 4.92 3.56 2.44 1.50 0.98 1.52 3.12 4.74 5.78 6.32 6.24 5.46 4.10 2.92 1.76 0.86 0.40
 15   1.36 3.28 4.94 6.00 6.72 6.88 6.52 5.60 4.20 3.00 1.92 1.08 0.80 1.80 3.56 5.00 6.00 6.40 6.20 5.40 4.12 2.96 1.92 1.16
 16   1.04 2.20 4.00 5.40 6.40 6.92 6.86 6.28 5.20 3.90 2.70 1.72 1.06 1.16 2.40 4.00 5.22 5.96 6.24 5.96 5.12 4.00 2.88 2.04
 17   1.44 1.72 2.84 4.36 5.60 6.44 6.78 6.56 5.80 4.60 3.40 2.32 1.52 1.12 1.60 2.88 4.24 5.28 5.88 6.04 5.68 4.80 3.84 3.04
 18   2.20 1.80 2.16 3.24 4.52 5.54 6.16 6.36 5.96 5.00 3.88 2.80 1.96 1.34 1.18 1.84 3.00 4.20 5.06 5.54 5.68 5.36 4.60 3.80
 19   2.92 2.34 2.14 2.56 3.52 4.64 5.48 5.92 5.90 5.40 4.44 3.44 2.54 1.84 1.40 1.46 2.20 3.28 4.34 5.08 5.50 5.62 5.36 4.74
 20   3.88 3.22 2.70 2.48 2.76 3.56 4.46 5.12 5.48 5.42 4.92 4.12 3.28 2.52 1.88 1.46 1.50 2.12 3.14 4.14 4.92 5.40 5.62 5.48
 21   4.88 4.16 3.46 2.92 2.68 2.84 3.42 4.14 4.78 5.14 5.20 4.88 4.20 3.46 2.72 2.06 1.64 1.56 2.04 3.00 4.00 4.86 5.48 5.80
 22   5.76 5.28 4.56 3.80 3.16 2.72 2.66 3.08 3.76 4.48 4.96 5.16 5.00 4.48 3.70 2.90 2.20 1.68 1.50 1.92 2.86 4.00 5.04 5.72
 23   6.16 6.10 5.56 4.72 3.80 3.08 2.60 2.46 2.82 3.60 4.40 5.00 5.28 5.16 4.64 3.80 2.92 2.12 1.52 1.34 1.84 3.00 4.32 5.34
 24   6.04 6.42 6.26 5.60 4.64 3.64 2.86 2.34 2.26 2.74 3.68 4.58 5.20 5.38 5.16 4.48 3.52 2.56 1.72 1.18 1.18 2.00 3.40 4.70
 25   5.80 6.36 6.48 6.08 5.20 4.08 3.12 2.38 1.96 2.16 3.00 4.08 4.96 5.48 5.64 5.22 4.32 3.24 2.24 1.46 1.02 1.30 2.54 4.08
 26   5.44 6.20 6.64 6.52 5.90 4.80 3.68 2.72 2.02 1.76 2.40 3.50 4.61 5.39 5.82 5.76 5.12 4.00 2.86 1.88 1.14 0.84 1.54 3.10
 27   4.64 5.84 6.52 6.68 6.34 5.48 4.28 3.16 2.24 1.66 1.70 2.64 4.00 5.14 5.82 6.08 5.72 4.74 3.54 2.40 1.50 0.88 0.94 2.16
 28   3.92 5.44 6.30 6.72 6.62 6.00 4.86 3.66 2.66 1.76 1.36 1.90 3.28 4.68 5.62 6.14 6.12 5.46 4.26 3.06 2.02 1.18 0.76 1.40
 29   3.00 4.80 5.94 6.62 6.80 6.46 5.56 4.28 3.16 2.12 1.42 1.36 2.40 3.96 5.22 6.02 6.32 6.00 5.06 3.82 2.68 1.70 1.04 1.00
 30   2.10 4.12 5.50 6.38 6.84 6.76 6.12 5.00 3.74 2.60 1.70 1.12 1.52 2.94 4.52 5.60 6.16 6.20 5.62 4.48 3.32 2.26 1.44 1.00
 31   1.68 3.28 4.80 5.90 6.60 6.74 6.36 5.44 4.20 3.00 1.96 1.20 1.00 2.00 3.66 5.00 5.84 6.26 6.10 5.36 4.18 3.06 2.08 1.44
 ----------------------------------------------------------------------------------------------------------------------------
                                                                                               
 ----------------------------------------------------------------------------------------------------------------------------
 ----------------------------------------------------------------------------------------------------------------------------
                                                          SURVEY OF INDIA
                                                    MARINE GEODESY WING (G&RB)
                                                     HOURLY HEIGHTS IN METRES
  NAME OF PORT:- KANDLA                                                                             MONTH FEBRUARY  YEAR 2013
 ----------------------------------------------------------------------------------------------------------------------------
 DAYS 0000 0001 0002 0003 0004 0005 0006 0007 0008 0009 0010 0011 0012 0013 0014 0015 0016 0017 0018 0019 0020 0021 0022 0023
 ----------------------------------------------------------------------------------------------------------------------------
  1   1.38 2.44 3.99 5.31 6.20 6.66 6.56 5.96 4.80 3.58 2.44 1.54 0.96 1.24 2.59 4.14 5.27 5.98 6.22 5.90 5.01 3.93 2.93 2.12
  2   1.53 1.88 3.04 4.45 5.55 6.30 6.57 6.26 5.43 4.23 3.08 2.07 1.28 0.90 1.56 2.97 4.40 5.37 5.92 6.07 5.69 4.82 3.84 2.96
  3   2.12 1.84 2.32 3.44 4.68 5.65 6.25 6.37 5.94 5.01 3.85 2.79 1.88 1.22 1.04 1.80 3.16 4.46 5.36 5.88 6.03 5.72 4.96 4.09
  4   3.09 2.48 2.21 2.56 3.48 4.60 5.48 6.00 6.07 5.61 4.70 3.65 2.68 1.85 1.23 1.11 1.80 3.07 4.28 5.15 5.70 5.93 5.76 5.17
  5   4.28 3.52 2.90 2.51 2.64 3.36 4.28 5.11 5.64 5.78 5.49 4.71 3.72 2.79 1.96 1.36 1.15 1.64 2.76 4.01 5.04 5.70 6.11 6.12
  6   5.61 4.80 3.95 3.18 2.61 2.40 2.77 3.62 4.56 5.28 5.67 5.57 5.03 4.11 3.13 2.21 1.41 0.90 1.04 2.05 3.44 4.68 5.56 6.14
  7   6.34 6.00 5.21 4.16 3.20 2.47 2.02 2.14 2.92 3.96 4.86 5.41 5.58 5.24 4.40 3.36 2.32 1.40 0.76 0.69 1.65 3.22 4.66 5.63
  8   6.33 6.50 6.14 5.27 4.16 3.08 2.24 1.68 1.72 2.56 3.80 4.85 5.56 5.94 5.60 4.65 3.49 2.36 1.37 0.69 0.58 1.69 3.50 4.96
  9   6.08 6.65 6.74 6.32 5.32 4.09 2.93 2.01 1.42 1.61 2.78 4.22 5.35 6.01 6.26 5.87 4.81 3.56 2.32 1.32 0.64 0.59 2.00 3.94
 10   5.56 6.45 6.94 6.90 6.30 5.20 3.88 2.71 1.69 1.20 1.67 3.08 4.63 5.72 6.36 6.49 5.94 4.80 3.48 2.26 1.27 0.61 0.86 2.56
 11   4.76 6.01 6.80 7.09 6.86 6.08 4.80 3.48 2.36 1.47 1.04 1.92 3.56 5.04 5.87 6.38 6.32 5.63 4.46 3.18 2.05 1.18 0.89 1.56
 12   3.23 5.09 6.16 6.76 6.83 6.36 5.42 4.16 2.92 1.90 1.20 1.04 2.24 3.90 5.26 6.02 6.40 6.16 5.32 4.12 2.89 1.84 1.10 1.17
 13   2.26 3.90 5.42 6.32 6.72 6.56 5.86 4.76 3.52 2.36 1.45 0.94 1.04 2.56 4.25 5.47 6.18 6.41 6.00 5.01 3.77 2.60 1.63 1.02
 14   1.44 2.96 4.56 5.74 6.48 6.69 6.29 5.36 4.10 2.88 1.80 1.00 0.68 1.60 3.28 4.70 5.67 6.21 6.22 5.69 4.64 3.44 2.40 1.63
 15   1.30 2.17 3.65 5.00 5.93 6.48 6.44 5.86 4.76 3.52 2.39 1.49 0.92 1.09 2.25 3.80 4.99 5.76 6.15 6.01 5.33 4.25 3.20 2.37
 16   1.72 1.86 2.80 4.12 5.23 5.93 6.22 5.94 5.11 4.00 2.90 1.96 1.25 0.99 1.66 2.88 4.16 5.12 5.71 5.92 5.66 4.92 3.96 3.12
 17   2.36 2.05 2.34 3.25 4.34 5.24 5.98 5.88 5.46 4.56 3.58 2.64 1.88 1.34 1.32 2.04 3.19 4.28 5.09 5.57 5.70 5.42 4.72 3.96
 18   3.14 2.64 2.44 2.72 3.48 4.38 5.08 5.46 5.46 5.04 4.22 3.35 2.59 1.96 1.60 1.72 2.40 3.40 4.36 5.04 5.50 5.64 5.46 4.94
 19   4.16 3.49 3.01 2.75 2.89 3.45 4.16 4.76 5.10 5.12 4.78 4.13 3.40 2.73 2.17 1.86 1.91 2.41 3.29 4.19 4.92 5.43 5.68 5.62
 20   5.13 4.46 3.77 3.18 2.80 2.76 3.08 3.68 4.32 4.81 5.02 4.88 4.41 3.75 3.07 2.43 1.94 1.72 2.04 2.80 3.80 4.70 5.39 5.84
 21   5.91 5.56 4.88 4.07 3.34 2.79 2.50 2.68 3.24 4.00 4.66 5.07 5.14 4.84 4.16 3.40 2.60 1.96 1.62 1.78 2.52 3.65 4.74 5.50
 22   6.05 6.09 5.68 4.84 3.90 3.08 2.50 2.20 2.47 3.24 4.16 4.88 5.33 5.42 5.02 4.24 3.29 2.42 1.76 1.42 1.76 2.83 4.16 5.24
 23   6.04 6.38 6.24 5.62 4.58 3.56 2.72 2.10 1.89 2.40 3.44 4.47 5.20 5.58 5.50 4.91 3.92 2.88 2.00 1.32 1.08 1.70 3.12 4.52
 24   5.63 6.23 6.40 6.02 5.08 3.92 2.88 2.02 1.48 1.60 2.49 3.80 4.88 5.52 5.80 5.52 4.64 3.50 2.44 1.58 1.00 1.00 2.12 3.78
 25   5.22 6.05 6.51 6.41 5.74 4.57 3.41 2.36 1.58 1.20 1.74 3.08 4.44 5.40 5.96 6.03 5.45 4.32 3.12 2.12 1.29 0.84 1.36 2.90
 26   4.68 5.80 6.48 6.68 6.32 5.38 4.12 2.92 1.90 1.24 1.20 2.32 3.94 5.18 6.02 6.41 6.21 5.34 4.10 2.92 1.86 1.12 0.96 2.08
 27   4.02 5.37 6.26 6.72 6.62 5.94 4.77 3.48 2.32 1.41 0.90 1.44 3.02 4.56 5.68 6.32 6.48 5.96 4.84 3.56 2.38 1.46 0.96 1.40
 28   3.29 4.80 5.88 6.54 6.71 6.24 5.17 3.86 2.62 1.46 0.83 0.76 2.02 3.76 5.18 6.04 6.46 6.30 5.52 4.24 3.02 1.98 1.21 0.98
 ----------------------------------------------------------------------------------------------------------------------------
                                                                                               
 ----------------------------------------------------------------------------------------------------------------------------
 ----------------------------------------------------------------------------------------------------------------------------
                                                          SURVEY OF INDIA
                                                    MARINE GEODESY WING (G&RB)
                                                     HOURLY HEIGHTS IN METRES
  NAME OF PORT:- KANDLA                                                                             MONTH MARCH     YEAR 2013
 ----------------------------------------------------------------------------------------------------------------------------
 DAYS 0000 0001 0002 0003 0004 0005 0006 0007 0008 0009 0010 0011 0012 0013 0014 0015 0016 0017 0018 0019 0020 0021 0022 0023
 ----------------------------------------------------------------------------------------------------------------------------
  1   2.23 3.89 5.24 6.14 6.61 6.47 5.70 4.37 3.08 1.96 1.03 0.49 1.00 2.60 4.28 5.44 6.15 6.42 6.08 5.14 3.90 2.76 1.82 1.22
  2   1.57 2.92 4.41 5.56 6.30 6.56 6.16 5.12 3.80 2.60 1.56 0.80 0.56 1.52 3.24 4.73 5.72 6.32 6.44 5.96 4.89 3.74 2.70 1.92
  3   1.52 2.21 3.54 4.88 5.84 6.40 6.44 5.82 4.66 3.42 2.32 1.40 0.80 0.85 2.08 3.72 5.00 5.84 6.33 6.32 5.76 4.76 3.68 2.80
  4   2.04 1.94 2.60 3.82 4.98 5.82 6.25 6.14 5.44 4.32 3.16 2.16 1.38 0.74 0.96 2.12 3.57 4.76 5.58 6.03 6.04 5.56 4.64 3.72
  5   2.74 2.20 2.06 2.56 3.58 4.60 5.35 5.75 5.66 5.08 4.08 3.08 2.16 1.44 0.96 1.16 2.12 3.46 4.60 5.39 5.86 5.96 5.64 4.88
  6   3.86 3.08 2.52 2.24 2.48 3.22 4.12 4.88 5.36 5.45 5.11 4.34 3.46 2.56 1.80 1.25 1.16 1.80 3.02 4.21 5.11 5.75 6.09 6.04
  7   5.36 4.51 3.60 2.84 2.33 2.17 2.56 3.42 4.34 5.01 5.40 5.39 4.94 4.08 3.16 2.27 1.53 1.11 1.37 2.40 3.72 4.88 5.70 6.24
  8   6.28 5.84 4.94 3.88 2.96 2.25 1.84 2.00 2.85 3.96 4.88 5.48 5.75 5.52 4.68 3.64 2.58 1.70 1.12 1.16 2.08 3.60 4.88 5.80
  9   6.44 6.48 6.01 5.04 3.88 2.84 2.01 1.52 1.75 2.80 4.17 5.21 5.88 6.14 5.83 4.92 3.76 2.64 1.70 1.05 0.97 2.08 3.80 5.16
 10   6.20 6.64 6.56 5.99 4.88 3.67 2.56 1.69 1.18 1.60 2.96 4.46 5.52 6.18 6.36 5.94 4.98 3.72 2.54 1.56 0.90 0.97 2.41 4.16
 11   5.67 6.42 6.72 6.46 5.69 4.41 3.19 2.08 1.23 0.86 1.72 3.38 4.85 5.84 6.40 6.41 5.82 4.66 3.40 2.24 1.30 0.76 1.35 3.00
 12   4.94 6.00 6.62 6.68 6.20 5.12 3.80 2.60 1.60 0.86 0.84 2.20 3.94 5.29 6.20 6.58 6.38 5.60 4.32 3.12 2.03 1.12 0.83 1.88
 13   4.00 5.41 6.31 6.72 6.55 5.81 4.56 3.28 2.10 1.17 0.64 1.19 2.60 4.28 5.48 6.22 6.45 6.10 5.20 3.92 2.72 1.68 1.00 1.12
 14   2.84 4.44 5.60 6.32 6.51 6.10 5.12 3.80 2.55 1.47 0.68 0.48 1.60 3.36 4.80 5.76 6.30 6.28 5.70 4.60 3.36 2.25 1.37 0.95
 15   1.91 3.48 4.84 5.79 6.28 6.20 5.49 4.24 2.99 1.88 0.96 0.44 0.88 2.32 3.92 5.12 5.80 6.23 6.00 5.24 4.08 2.92 1.94 1.30
 16   1.44 2.59 3.96 5.08 5.79 6.07 5.70 4.70 3.42 2.28 1.33 0.67 0.56 1.48 3.04 4.38 5.32 5.88 6.01 5.59 4.61 3.52 2.52 1.80
 17   1.38 1.95 3.12 4.35 5.24 5.73 5.72 5.12 4.00 2.91 1.92 1.16 0.75 1.08 2.20 3.56 4.71 5.48 5.87 5.80 5.20 4.24 3.28 2.48
 18   1.87 1.87 2.50 3.60 4.61 5.31 5.60 5.38 4.60 3.56 2.60 1.80 1.20 1.10 1.68 2.84 4.04 4.96 5.56 5.80 5.60 4.94 4.04 3.22
 19   2.45 2.16 2.33 3.03 3.93 4.73 5.23 5.36 5.02 4.24 3.35 2.50 1.84 1.45 1.52 2.12 3.16 4.20 4.96 5.46 5.63 5.41 4.79 4.04
 20   3.19 2.66 2.37 2.48 3.04 3.84 4.52 4.94 5.02 4.70 4.06 3.32 2.64 2.08 1.73 1.78 2.31 3.24 4.16 4.85 5.32 5.50 5.37 4.90
 21   4.08 3.39 2.83 2.46 2.40 2.76 3.42 4.10 4.60 4.80 4.69 4.28 3.67 3.02 2.40 1.94 1.76 2.04 2.78 3.72 4.56 5.16 5.52 5.57
 22   5.12 4.45 3.68 2.96 2.42 2.14 2.28 2.87 3.66 4.32 4.77 4.91 4.68 4.20 3.48 2.77 2.18 1.82 1.92 2.60 3.60 4.56 5.32 5.81
 23   5.91 5.51 4.71 3.80 2.99 2.34 1.97 2.09 2.82 3.80 4.62 5.18 5.40 5.16 4.53 3.68 2.84 2.09 1.62 1.68 2.44 3.63 4.76 5.56
 24   6.12 6.10 5.61 4.64 3.60 2.67 1.96 1.62 1.98 2.96 4.10 5.04 5.60 5.78 5.45 4.62 3.60 2.64 1.88 1.42 1.59 2.56 3.92 5.08
 25   5.96 6.31 6.10 5.33 4.20 3.08 2.16 1.44 1.24 2.00 3.35 4.60 5.48 5.98 6.00 5.41 4.36 3.27 2.28 1.49 1.09 1.60 3.00 4.44
 26   5.60 6.26 6.38 5.94 4.92 3.68 2.54 1.61 1.04 1.18 2.64 4.05 5.20 6.00 6.34 6.08 5.24 4.06 2.88 1.91 1.22 1.14 2.16 3.76
 27   5.24 6.11 6.52 6.32 5.57 4.29 3.00 1.90 1.08 0.96 1.60 3.28 4.76 5.80 6.44 6.53 6.09 5.08 3.83 2.66 1.72 1.12 1.39 2.78
 28   4.68 5.80 6.46 6.59 6.10 5.02 3.68 2.45 1.40 0.67 0.68 2.12 3.92 5.32 6.25 6.68 6.57 5.93 4.76 3.52 2.40 1.50 1.05 1.87
 29   3.80 5.22 6.13 6.58 6.42 5.66 4.36 3.04 1.84 0.86 0.29 0.88 2.68 4.44 5.67 6.43 6.68 6.38 5.52 4.24 3.08 2.04 1.28 1.18
 30   2.66 4.31 5.52 6.28 6.50 6.08 5.04 3.68 2.42 1.29 0.47-0.01 0.96 2.85 4.54 5.61 6.30 6.46 6.06 5.16 3.92 2.74 1.76 1.10
 31   1.40 2.78 4.28 5.40 6.05 6.18 5.64 4.52 3.19 1.95 0.92 0.20 0.10 1.44 3.32 4.79 5.74 6.29 6.33 5.87 4.88 3.68 2.56 1.72
 ----------------------------------------------------------------------------------------------------------------------------
                                                                                               
 ----------------------------------------------------------------------------------------------------------------------------
 ----------------------------------------------------------------------------------------------------------------------------
                                                          SURVEY OF INDIA
                                                    MARINE GEODESY WING (G&RB)
                                                     HOURLY HEIGHTS IN METRES
  NAME OF PORT:- KANDLA                                                                             MONTH APRIL     YEAR 2013
 ----------------------------------------------------------------------------------------------------------------------------
 DAYS 0000 0001 0002 0003 0004 0005 0006 0007 0008 0009 0010 0011 0012 0013 0014 0015 0016 0017 0018 0019 0020 0021 0022 0023
 ----------------------------------------------------------------------------------------------------------------------------
  1   1.20 1.80 3.14 4.46 5.40 5.92 5.88 5.24 4.00 2.80 1.69 0.80 0.20 0.46 1.82 3.54 4.88 5.72 6.20 6.16 5.63 4.60 3.46 2.50
  2   1.66 1.47 2.12 3.35 4.50 5.34 5.76 5.68 5.00 3.85 2.76 1.76 0.99 0.56 0.97 2.23 3.77 4.94 5.70 6.12 6.08 5.53 4.56 3.42
  3   2.42 1.89 1.68 2.16 3.20 4.26 5.01 5.45 5.43 4.91 3.96 2.96 2.05 1.36 0.96 1.26 2.37 3.78 4.88 5.64 6.08 6.08 5.60 4.74
  4   3.64 2.80 2.13 1.76 1.99 2.80 3.86 4.69 5.16 5.28 4.98 4.28 3.40 2.52 1.76 1.21 1.19 1.96 3.25 4.46 5.30 5.85 6.04 5.76
  5   4.88 3.92 3.00 2.20 1.64 1.54 2.14 3.23 4.25 4.94 5.28 5.22 4.75 3.90 3.00 2.12 1.40 1.06 1.52 2.74 4.08 5.06 5.76 6.09
  6   5.92 5.20 4.20 3.13 2.22 1.52 1.20 1.70 2.82 4.03 4.92 5.44 5.60 5.28 4.44 3.40 2.40 1.60 1.12 1.33 2.40 3.84 5.00 5.76
  7   6.16 6.00 5.28 4.16 3.04 2.04 1.28 0.91 1.44 2.76 4.11 5.12 5.73 5.95 5.62 4.73 3.62 2.54 1.68 1.14 1.33 2.47 3.96 5.16
  8   5.96 6.24 5.96 5.13 3.95 2.76 1.74 0.99 0.71 1.55 3.10 4.52 5.60 6.14 6.20 5.70 4.64 3.44 2.37 1.54 1.07 1.53 2.96 4.45
  9   5.66 6.26 6.35 5.81 4.70 3.40 2.28 1.30 0.66 0.77 2.05 3.71 5.04 5.89 6.36 6.25 5.58 4.38 3.18 2.12 1.36 1.06 1.88 3.42
 10   5.00 5.87 6.30 6.16 5.36 4.06 2.80 1.76 0.84 0.40 1.05 2.66 4.35 5.46 6.19 6.44 6.12 5.24 4.00 2.82 1.84 1.18 1.20 2.36
 11   4.20 5.34 6.00 6.20 5.74 4.61 3.36 2.16 1.16 0.48 0.44 1.64 3.40 4.81 5.77 6.32 6.36 5.82 4.72 3.50 2.40 1.56 1.16 1.74
 12   3.40 4.72 5.60 6.06 6.00 5.20 3.96 2.74 1.66 0.80 0.38 0.92 2.38 3.99 5.19 5.97 6.34 6.16 5.40 4.20 3.04 2.08 1.36 1.24
 13   2.44 3.86 5.00 5.68 5.92 5.52 4.48 3.20 2.06 1.12 0.48 0.44 1.54 3.20 4.60 5.56 6.16 6.28 5.80 4.80 3.64 2.58 1.74 1.28
 14   1.84 3.12 4.40 5.28 5.76 5.70 5.00 3.80 2.68 1.67 0.88 0.49 1.02 2.40 3.90 5.04 5.82 6.20 6.08 5.40 4.28 3.20 2.28 1.64
 15   1.60 2.44 3.68 4.76 5.40 5.65 5.33 4.42 3.32 2.27 1.40 0.80 0.80 1.74 3.20 4.48 5.40 5.98 6.12 5.72 4.84 3.80 2.80 2.07
 16   1.64 1.97 2.92 4.06 4.90 5.36 5.40 4.86 3.94 2.90 1.97 1.28 0.93 1.27 2.32 3.64 4.77 5.49 5.90 5.84 5.34 4.44 3.48 2.68
 17   2.00 1.88 2.36 3.33 4.28 4.96 5.28 5.16 4.54 3.64 2.72 2.00 1.48 1.32 1.86 2.96 4.15 5.02 5.63 5.92 5.80 5.20 4.34 3.47
 18   2.64 2.20 2.10 2.56 3.40 4.26 4.84 5.08 4.92 4.36 3.57 2.82 2.17 1.76 1.71 2.19 3.15 4.20 4.97 5.52 5.79 5.66 5.12 4.34
 19   3.46 2.73 2.24 2.08 2.43 3.21 4.00 4.60 4.93 4.93 4.56 3.93 3.20 2.58 2.12 1.92 2.17 2.91 3.88 4.72 5.32 5.64 5.64 5.23
 20   4.40 3.56 2.78 2.18 1.87 2.06 2.70 3.60 4.40 4.86 5.04 4.85 4.32 3.60 2.91 2.31 1.95 2.03 2.65 3.62 4.56 5.24 5.68 5.78
 21   5.32 4.48 3.55 2.64 1.98 1.56 1.68 2.46 3.52 4.42 5.04 5.33 5.20 4.65 3.80 2.92 2.16 1.64 1.64 2.28 3.42 4.52 5.32 5.80
 22   5.64 5.24 4.30 3.36 2.38 1.60 1.16 1.36 2.32 3.64 4.66 5.32 5.63 5.46 4.76 3.74 2.76 1.98 1.45 1.40 2.14 3.46 4.67 5.48
 23   5.93 5.84 5.14 4.00 2.88 1.86 1.10 0.72 1.28 2.66 4.08 5.12 5.74 5.96 5.64 4.74 3.68 2.62 1.80 1.26 1.38 2.41 3.87 5.04
 24   5.80 6.08 5.76 4.80 3.56 2.37 1.36 0.62 0.39 1.43 3.12 4.55 5.52 6.09 6.18 5.69 4.68 3.54 2.48 1.61 1.14 1.48 2.85 4.35
 25   5.48 6.04 6.13 5.56 4.38 3.08 1.90 0.90 0.26 0.42 1.94 3.77 5.10 5.96 6.44 6.34 5.73 4.60 3.38 2.28 1.44 1.03 1.72 3.28
 26   4.92 5.79 6.23 6.04 5.21 3.85 2.58 1.43 0.52-0.01 0.58 2.46 4.31 5.49 6.25 6.56 6.32 5.55 4.28 3.08 2.02 1.24 1.02 2.08
 27   4.00 5.30 5.99 6.25 5.84 4.76 3.39 2.08 0.96 0.12-0.13 1.14 3.16 4.79 5.88 6.52 6.64 6.24 5.37 4.08 2.94 1.93 1.20 1.24
 28   2.84 4.42 5.50 6.14 6.22 5.61 4.36 3.00 1.74 0.68 0.00 0.02 1.64 3.68 5.15 6.08 6.64 6.65 6.16 5.16 3.89 2.73 1.78 1.17
 29   1.78 3.25 4.68 5.65 6.17 6.06 5.32 3.99 2.68 1.48 0.54-0.01 0.40 2.16 4.08 5.38 6.23 6.65 6.53 5.93 4.84 3.65 2.56 1.72
 30   1.30 2.08 3.50 4.80 5.64 6.06 5.88 5.02 3.76 2.53 1.45 0.63 0.22 0.94 2.60 4.28 5.45 6.24 6.56 6.36 5.73 4.58 3.42 2.40
 ----------------------------------------------------------------------------------------------------------------------------
                                                                                               
 ----------------------------------------------------------------------------------------------------------------------------
 ----------------------------------------------------------------------------------------------------------------------------
                                                          SURVEY OF INDIA
                                                    MARINE GEODESY WING (G&RB)
                                                     HOURLY HEIGHTS IN METRES
  NAME OF PORT:- KANDLA                                                                             MONTH MAY       YEAR 2013
 ----------------------------------------------------------------------------------------------------------------------------
 DAYS 0000 0001 0002 0003 0004 0005 0006 0007 0008 0009 0010 0011 0012 0013 0014 0015 0016 0017 0018 0019 0020 0021 0022 0023
 ----------------------------------------------------------------------------------------------------------------------------
  1   1.56 1.42 2.28 3.60 4.76 5.48 5.81 5.59 4.76 3.61 2.45 1.50 0.78 0.57 1.37 2.93 4.41 5.44 6.14 6.43 6.24 5.56 4.40 3.32
  2   2.28 1.64 1.53 2.26 3.44 4.52 5.24 5.56 5.41 4.76 3.76 2.77 1.91 1.27 1.04 1.69 3.04 4.40 5.39 6.05 6.32 6.15 5.49 4.48
  3   3.31 2.40 1.76 1.52 2.00 3.08 4.16 4.92 5.37 5.48 5.12 4.36 3.46 2.61 1.92 1.56 1.83 2.84 4.11 5.12 5.80 6.17 6.09 5.55
  4   4.45 3.37 2.48 1.77 1.39 1.70 2.66 3.80 4.70 5.29 5.59 5.47 4.89 4.04 3.16 2.37 1.83 1.78 2.53 3.77 4.88 5.65 6.10 6.08
  5   5.51 4.52 3.48 2.51 1.72 1.19 1.32 2.21 3.52 4.64 5.37 5.82 5.84 5.34 4.40 3.41 2.55 1.92 1.71 2.32 3.52 4.69 5.52 6.02
  6   6.04 5.49 4.52 3.40 2.37 1.52 0.93 1.01 2.04 3.52 4.76 5.56 6.05 6.05 5.55 4.56 3.49 2.54 1.86 1.62 2.21 3.48 4.73 5.56
  7   6.08 5.98 5.36 4.24 3.12 2.08 1.23 0.71 1.01 2.28 3.88 5.05 5.84 6.24 6.14 5.52 4.47 3.38 2.42 1.74 1.57 2.29 3.66 4.89
  8   5.69 6.03 5.81 4.98 3.84 2.68 1.69 0.91 0.56 1.24 2.80 4.34 5.46 6.12 6.39 6.11 5.34 4.20 3.08 2.16 1.56 1.53 2.52 3.96
  9   5.14 5.79 6.01 5.60 4.60 3.36 2.22 1.26 0.58 0.58 1.74 3.48 4.88 5.76 6.35 6.41 5.96 5.02 3.84 2.78 1.94 1.48 1.82 3.11
 10   4.54 5.45 5.94 5.92 5.23 4.00 2.80 1.73 0.90 0.47 1.00 2.58 4.22 5.36 6.12 6.48 6.32 5.66 4.48 3.36 2.37 1.69 1.52 2.36
 11   3.84 5.01 5.70 5.97 5.62 4.64 3.43 2.28 1.32 0.68 0.66 1.76 3.48 4.87 5.82 6.42 6.52 6.14 5.24 4.05 2.98 2.11 1.56 1.78
 12   3.12 4.44 5.36 5.88 5.88 5.28 4.10 2.90 1.80 1.00 0.62 1.16 2.64 4.16 5.33 6.12 6.49 6.36 5.77 4.69 3.56 2.58 1.83 1.55
 13   2.34 3.67 4.80 5.50 5.77 5.47 4.50 3.36 2.25 1.36 0.73 0.76 1.80 3.36 4.73 5.68 6.30 6.44 6.12 5.32 4.18 3.10 2.24 1.72
 14   1.88 2.92 4.16 5.07 5.55 5.60 5.05 4.00 2.91 1.92 1.14 0.77 1.20 2.45 3.95 5.08 5.88 6.30 6.24 5.72 4.72 3.64 2.64 1.96
 15   1.63 2.20 3.32 4.44 5.14 5.45 5.28 4.55 3.52 2.53 1.67 1.09 1.04 1.80 3.20 4.44 5.36 5.97 6.20 5.92 5.16 4.12 3.05 2.24
 16   1.62 1.69 2.50 3.64 4.56 5.12 5.30 5.00 4.18 3.24 2.32 1.63 1.23 1.40 2.28 3.56 4.68 5.49 6.00 6.10 5.74 4.88 3.80 2.88
 17   2.04 1.68 1.92 2.78 3.80 4.60 5.04 5.16 4.84 4.08 3.20 2.39 1.78 1.49 1.76 2.64 3.87 4.84 5.54 5.94 5.94 5.45 4.52 3.52
 18   2.56 1.92 1.65 1.96 2.76 3.76 4.54 5.00 5.12 4.87 4.20 3.39 2.60 2.01 1.64 1.80 2.56 3.74 4.76 5.44 5.84 5.82 5.34 4.48
 19   3.40 2.52 1.84 1.48 1.70 2.48 3.48 4.36 4.88 5.11 4.99 4.50 3.74 2.98 2.32 1.88 1.88 2.48 3.56 4.58 5.29 5.74 5.78 5.36
 20   4.36 3.38 2.48 1.77 1.32 1.44 2.24 3.34 4.29 4.96 5.32 5.34 4.94 4.16 3.32 2.56 2.04 1.90 2.44 3.52 4.60 5.32 5.78 5.82
 21   5.24 4.36 3.30 2.32 1.55 1.08 1.35 2.26 3.52 4.57 5.28 5.70 5.70 5.22 4.34 3.40 2.56 2.00 1.82 2.36 3.48 4.60 5.40 5.86
 22   5.82 5.18 4.14 3.05 2.02 1.24 0.82 1.16 2.36 3.80 4.92 5.68 6.14 6.10 5.52 4.52 3.44 2.54 1.92 1.70 2.36 3.60 4.78 5.58
 23   6.04 5.88 5.10 3.92 2.74 1.72 0.90 0.49 1.10 2.60 4.20 5.32 6.08 6.44 6.28 5.62 4.49 3.40 2.46 1.83 1.66 2.44 3.80 5.04
 24   5.88 6.18 5.88 4.92 3.60 2.34 1.29 0.52 0.30 1.29 3.12 4.68 5.74 6.46 6.68 6.40 5.62 4.36 3.26 2.30 1.64 1.62 2.66 4.16
 25   5.48 6.13 6.33 5.84 4.68 3.32 2.05 1.00 0.24 0.17 1.52 3.52 5.02 6.04 6.66 6.76 6.36 5.48 4.18 3.06 2.10 1.46 1.62 2.88
 26   4.68 5.72 6.29 6.34 5.68 4.40 3.08 1.80 0.76 0.08 0.20 1.85 3.92 5.32 6.24 6.76 6.76 6.30 5.35 4.04 2.94 2.00 1.36 1.64
 27   3.24 4.76 5.76 6.28 6.17 5.40 4.04 2.74 1.50 0.52-0.08 0.40 2.32 4.22 5.54 6.44 6.82 6.72 6.12 5.09 3.84 2.74 1.78 1.26
 28   1.96 3.48 4.96 5.84 6.28 6.08 5.24 3.89 2.64 1.50 0.56 0.12 0.80 2.64 4.52 5.76 6.53 6.83 6.65 5.96 4.88 3.64 2.54 1.64
 29   1.20 2.04 3.52 4.89 5.72 6.10 5.86 4.94 3.68 2.48 1.42 0.64 0.34 1.20 3.04 4.72 5.81 6.49 6.70 6.44 5.72 4.52 3.30 2.28
 30   1.36 1.14 2.04 3.60 4.80 5.54 5.86 5.62 4.72 3.64 2.56 1.60 0.95 0.76 1.68 3.36 4.84 5.80 6.43 6.54 6.20 5.38 4.16 3.08
 31   1.92 1.20 1.30 2.28 3.48 4.56 5.26 5.58 5.42 4.80 3.83 2.86 2.02 1.39 1.16 1.86 3.32 4.74 5.67 6.28 6.47 6.05 5.21 3.96
 ----------------------------------------------------------------------------------------------------------------------------
                                                                                               
 ----------------------------------------------------------------------------------------------------------------------------
 ----------------------------------------------------------------------------------------------------------------------------
                                                          SURVEY OF INDIA
                                                    MARINE GEODESY WING (G&RB)
                                                     HOURLY HEIGHTS IN METRES
  NAME OF PORT:- KANDLA                                                                             MONTH JUNE      YEAR 2013
 ----------------------------------------------------------------------------------------------------------------------------
 DAYS 0000 0001 0002 0003 0004 0005 0006 0007 0008 0009 0010 0011 0012 0013 0014 0015 0016 0017 0018 0019 0020 0021 0022 0023
 ----------------------------------------------------------------------------------------------------------------------------
  1   2.89 1.89 1.22 1.20 2.05 3.26 4.38 5.13 5.55 5.58 5.18 4.38 3.28 2.44 1.82 1.56 2.04 3.28 4.64 5.54 6.12 6.28 5.90 5.04
  2   3.76 2.71 1.86 1.23 1.10 1.83 3.04 4.20 5.00 5.52 5.68 5.41 4.69 3.76 2.88 2.16 1.76 2.04 3.09 4.32 5.30 5.92 6.13 5.84
  3   4.84 3.82 2.78 1.94 1.24 0.99 1.56 2.78 4.05 4.98 5.60 5.89 5.74 5.10 4.16 3.22 2.46 1.98 2.08 3.00 4.04 5.08 5.70 5.94
  4   5.60 4.76 3.76 2.75 1.91 1.22 0.95 1.50 2.77 4.14 5.14 5.82 6.12 5.96 5.28 4.26 3.29 2.50 2.01 2.00 2.76 3.88 4.96 5.60
  5   5.87 5.52 4.68 3.62 2.61 1.73 1.04 0.84 1.56 3.06 4.49 5.44 6.08 6.31 6.04 5.28 4.24 3.26 2.46 2.01 2.03 2.84 4.06 5.05
  6   5.74 5.89 5.48 4.52 3.42 2.36 1.48 0.90 0.86 1.88 3.49 4.84 5.74 6.31 6.42 6.06 5.22 4.12 3.12 2.40 1.97 2.14 3.14 4.32
  7   5.36 5.84 5.82 5.22 4.14 3.01 2.00 1.20 0.76 1.14 2.53 4.16 5.32 6.10 6.52 6.40 5.86 4.76 3.68 2.80 2.18 1.99 2.60 3.80
  8   5.04 5.72 6.00 5.72 4.82 3.58 2.44 1.54 0.91 0.86 1.92 3.54 4.92 5.88 6.52 6.64 6.32 5.48 4.36 3.32 2.50 1.97 2.11 3.06
  9   4.52 5.44 5.94 6.00 5.44 4.30 3.10 2.04 1.19 0.77 1.29 2.74 4.34 5.48 6.30 6.69 6.60 6.04 5.00 3.92 2.90 2.18 1.90 2.46
 10   3.90 5.06 5.80 6.17 5.92 5.02 3.84 2.70 1.76 1.08 1.00 2.00 3.64 5.04 6.02 6.64 6.83 6.52 5.74 4.58 3.50 2.60 1.96 1.92
 11   3.12 4.44 5.44 6.02 6.13 5.63 4.52 3.40 2.32 1.48 1.00 1.38 2.74 4.30 5.52 6.32 6.76 6.68 6.18 5.24 4.08 3.04 2.24 1.86
 12   2.40 3.64 4.84 5.64 6.04 5.85 5.04 3.90 2.74 1.80 1.12 1.00 1.88 3.42 4.84 5.80 6.46 6.69 6.48 5.80 4.66 3.56 2.60 1.98
 13   1.96 2.92 4.19 5.20 5.81 6.00 5.60 4.69 3.54 2.54 1.72 1.25 1.26 2.26 3.88 5.14 6.06 6.60 6.65 6.26 5.36 4.24 3.18 2.38
 14   1.80 2.07 3.09 4.32 5.26 5.80 5.88 5.40 4.39 3.33 2.40 1.71 1.40 1.80 2.94 4.32 5.44 6.24 6.62 6.55 5.91 4.88 3.76 2.83
 15   2.00 1.76 2.27 3.42 4.60 5.36 5.76 5.72 5.14 4.20 3.22 2.43 1.88 1.76 2.34 3.54 4.79 5.76 6.40 6.56 6.30 5.56 4.50 3.44
 16   2.40 1.84 1.76 2.48 3.70 4.75 5.40 5.72 5.60 5.00 4.11 3.25 2.54 2.04 1.99 2.60 3.76 4.99 5.84 6.36 6.43 6.00 5.16 4.12
 17   3.00 2.24 1.80 1.82 2.69 3.82 4.80 5.44 5.79 5.68 5.14 4.32 3.48 2.80 2.32 2.20 2.73 3.86 4.99 5.79 6.25 6.25 5.77 4.66
 18   3.68 2.71 1.98 1.50 1.60 2.42 3.62 4.63 5.33 5.72 5.76 5.38 4.64 3.80 3.04 2.48 2.24 2.64 3.66 4.72 5.54 6.00 6.06 5.60
 19   4.56 3.50 2.54 1.71 1.16 1.20 2.08 3.40 4.55 5.34 5.84 6.00 5.74 5.10 4.16 3.30 2.60 2.25 2.56 3.55 4.59 5.58 6.11 6.16
 20   5.67 4.59 3.46 2.42 1.54 0.98 1.05 2.12 3.62 4.83 5.68 6.20 6.42 6.13 5.41 4.38 3.42 2.64 2.22 2.44 3.44 4.56 5.62 6.22
 21   6.26 5.74 4.62 3.43 2.31 1.38 0.79 0.90 2.16 3.84 5.12 6.02 6.56 6.84 6.52 5.72 4.60 3.54 2.68 2.20 2.33 3.32 4.64 5.66
 22   6.32 6.36 5.80 4.64 3.40 2.20 1.22 0.60 0.76 2.20 4.06 5.40 6.36 6.92 7.00 6.60 5.76 4.54 3.44 2.55 1.96 2.12 3.32 4.76
 23   5.90 6.44 6.47 5.80 4.57 3.20 2.00 1.00 0.38 0.66 2.40 4.30 5.66 6.56 7.08 7.06 6.56 5.58 4.32 3.20 2.26 1.70 2.08 3.40
 24   5.08 6.09 6.60 6.52 5.78 4.44 3.08 1.86 0.86 0.27 0.71 2.67 4.62 5.91 6.78 7.20 7.12 6.52 5.46 4.16 3.08 2.12 1.56 2.10
 25   3.88 5.32 6.22 6.68 6.51 5.66 4.30 2.96 1.74 0.80 0.28 1.00 2.90 4.72 5.94 6.74 7.06 6.88 6.17 5.00 3.72 2.60 1.68 1.22
 26   2.24 3.86 5.24 6.09 6.51 6.26 5.35 3.96 2.60 1.44 0.60 0.26 1.28 3.24 4.98 6.08 6.78 6.99 6.69 5.87 4.60 3.32 2.24 1.42
 27   1.20 2.40 4.00 5.28 6.04 6.39 6.06 5.12 3.77 2.56 1.52 0.78 0.66 1.88 3.76 5.26 6.28 6.86 6.90 6.46 5.52 4.20 3.00 1.96
 28   1.15 1.24 2.51 4.08 5.24 5.91 6.18 5.88 4.92 3.70 2.55 1.62 1.00 1.08 2.28 4.00 5.37 6.25 6.73 6.67 6.12 5.04 3.77 2.60
 29   1.59 1.04 1.38 2.68 4.14 5.18 5.76 5.99 5.69 4.80 3.76 2.74 1.92 1.40 1.60 2.68 4.20 5.44 6.24 6.60 6.44 5.80 4.64 3.49
 30   2.32 1.50 1.09 1.56 2.76 4.12 5.06 5.62 5.86 5.62 4.88 4.02 3.15 2.45 2.01 2.15 3.10 4.40 5.49 6.16 6.44 6.20 5.44 4.40
 ----------------------------------------------------------------------------------------------------------------------------
                                                                                               
 ----------------------------------------------------------------------------------------------------------------------------
 ----------------------------------------------------------------------------------------------------------------------------
                                                          SURVEY OF INDIA
                                                    MARINE GEODESY WING (G&RB)
                                                     HOURLY HEIGHTS IN METRES
  NAME OF PORT:- KANDLA                                                                             MONTH JULY      YEAR 2013
 ----------------------------------------------------------------------------------------------------------------------------
 DAYS 0000 0001 0002 0003 0004 0005 0006 0007 0008 0009 0010 0011 0012 0013 0014 0015 0016 0017 0018 0019 0020 0021 0022 0023
 ----------------------------------------------------------------------------------------------------------------------------
  1   3.21 2.29 1.60 1.27 1.76 2.91 4.19 5.09 5.68 5.96 5.82 5.24 4.41 3.60 2.88 2.41 2.33 3.00 4.17 5.18 5.82 6.10 5.88 5.14
  2   4.04 3.08 2.24 1.56 1.29 1.72 2.77 3.92 4.89 5.54 5.91 5.92 5.48 4.70 3.86 3.13 2.59 2.43 2.88 3.84 4.82 5.46 5.76 5.64
  3   4.92 4.00 3.11 2.26 1.60 1.25 1.60 2.60 3.88 4.88 5.53 5.96 6.04 5.66 4.88 4.00 3.16 2.58 2.38 2.72 3.61 4.56 5.27 5.59
  4   5.48 4.87 3.95 3.01 2.19 1.47 1.16 1.44 2.53 3.84 5.02 5.73 6.16 6.16 5.66 4.75 3.80 3.00 2.43 2.25 2.72 3.66 4.61 5.26
  5   5.60 5.42 4.74 3.79 2.80 1.93 1.30 1.08 1.72 3.04 4.38 5.34 6.00 6.32 6.18 5.54 4.53 3.50 2.68 2.16 2.10 2.70 3.76 4.72
  6   5.40 5.60 5.31 4.48 3.44 2.36 1.56 1.07 1.08 1.98 3.48 4.78 5.68 6.24 6.40 6.05 5.19 4.12 3.14 2.42 1.99 2.12 3.00 4.16
  7   5.18 5.63 5.68 5.16 4.14 3.05 2.04 1.28 0.86 1.32 2.43 4.01 5.20 6.01 6.53 6.53 6.02 5.04 3.95 2.98 2.26 1.88 2.26 3.34
  8   4.68 5.44 5.82 5.70 4.99 3.86 2.76 1.81 1.10 0.87 1.70 3.31 4.74 5.72 6.41 6.66 6.40 5.64 4.53 3.48 2.58 2.00 1.88 2.66
  9   4.16 5.20 5.76 5.96 5.58 4.56 3.40 2.32 1.48 0.98 1.24 2.48 4.06 5.26 6.18 6.68 6.65 6.18 5.16 4.04 3.02 2.20 1.77 2.08
 10   3.52 4.80 5.60 6.01 5.96 5.22 4.04 2.92 1.94 1.25 0.99 1.79 3.24 4.68 5.75 6.44 6.74 6.50 5.76 4.60 3.48 2.52 1.89 1.74
 11   2.76 4.16 5.21 5.88 6.16 5.84 4.84 3.64 2.54 1.68 1.16 1.32 2.40 3.94 5.26 6.13 6.68 6.76 6.28 5.28 4.06 2.99 2.34 1.82
 12
 13
 14
 15
 16
 17
 18
 19
 20
 21
 22   6.04 6.47 6.39 5.64 4.32 2.92 1.70 0.77 0.28 1.00 2.86 4.62 5.81 6.64 7.04 6.92 6.31 5.12 3.81 2.68 1.79 1.42 2.24 3.78
 23   5.32 6.20 6.63 6.48 5.65 4.22 2.84 1.60 0.65 0.18 1.16 3.16 4.88 6.08 6.86 7.10 6.82 5.98 4.64 3.40 2.27 1.42 1.18 2.40
 24   4.36 5.64 6.40 6.71 6.36 5.32 3.88 2.52 1.36 0.58 0.25 1.56 3.64 5.28 6.37 7.03 7.19 6.82 5.88 4.48 3.20 2.08 1.27 1.14
 25   2.80 4.50 5.74 6.50 6.79 6.40 5.40 3.97 2.64 1.48 0.70 0.66 2.13 4.16 5.66 6.62 7.13 7.12 6.56 5.48 4.05 2.84 1.78 1.08
 26   1.52 3.12 4.80 5.92 6.56 6.72 6.23 5.08 3.77 2.46 1.51 0.94 1.28 2.59 4.44 5.79 6.64 7.00 6.84 6.16 4.96 3.67 2.44 1.48
 27   0.86 1.60 3.22 4.76 5.76 6.36 6.46 5.94 4.83 3.58 2.46 1.54 1.06 1.52 3.06 4.70 5.90 6.64 6.88 6.54 5.73 4.44 3.20 2.08
 28   1.22 0.99 1.96 3.56 4.86 5.72 6.22 6.23 5.68 4.59 3.48 2.53 1.84 1.61 2.26 3.62 5.03 5.98 6.53 6.59 6.08 5.07 3.86 2.72
 29   1.68 1.16 1.28 2.45 3.82 4.96 5.69 6.12 6.10 5.54 4.62 3.72 2.94 2.36 2.14 2.73 3.92 5.06 5.85 6.22 6.12 5.50 4.45 3.39
 30   2.32 1.60 1.22 1.54 2.60 3.86 4.88 5.53 5.88 5.80 5.28 4.49 3.64 2.97 2.45 2.28 2.76 3.80 4.86 5.61 5.97 5.89 5.26 4.33
 31   3.29 2.43 1.79 1.42 1.65 2.53 3.68 4.67 5.32 5.72 5.84 5.58 4.94 4.14 3.36 2.72 2.43 2.60 3.36 4.30 5.04 5.46 5.50 5.10
 ----------------------------------------------------------------------------------------------------------------------------
                                                                                               
 ----------------------------------------------------------------------------------------------------------------------------
 ----------------------------------------------------------------------------------------------------------------------------
                                                          SURVEY OF INDIA
                                                    MARINE GEODESY WING (G&RB)
                                                     HOURLY HEIGHTS IN METRES
  NAME OF PORT:- KANDLA                                                                             MONTH AUGUST    YEAR 2013
 ----------------------------------------------------------------------------------------------------------------------------
 DAYS 0000 0001 0002 0003 0004 0005 0006 0007 0008 0009 0010 0011 0012 0013 0014 0015 0016 0017 0018 0019 0020 0021 0022 0023
 ----------------------------------------------------------------------------------------------------------------------------
  1
  2
  3
  4
  5
  6
  7
  8
  9
 10   1.80 3.24 4.59 5.50 5.95 5.86 5.08 3.84 2.65 1.64 0.88 0.79 1.64 3.08 4.64 5.63 6.26 6.38 5.80 4.79 3.50 2.28 1.30 0.70
 11   0.96 2.36 3.88 5.00 5.64 5.89 5.50 4.48 3.30 2.20 1.32 0.79 1.04 2.20 3.80 5.04 5.82 6.22 6.02 5.26 4.00 2.78 1.68 0.94
 12   0.46 1.32 2.88 4.26 5.18 5.72 5.80 5.24 4.16 3.06 2.04 1.32 1.02 1.52 2.86 4.28 5.32 5.96 6.14 5.72 4.72 3.52 2.30 1.36
 13   0.68 0.72 1.73 3.16 4.58 5.32 5.72 5.67 4.98 3.92 2.88 2.04 1.48 1.34 2.04 3.34 4.56 5.42 5.90 5.89 5.28 4.20 3.00 1.96
 14   1.16 0.68 0.85 2.20 3.60 4.68 5.34 5.70 5.56 4.90 3.93 3.00 2.26 1.75 1.72 2.36 3.52 4.60 5.41 5.78 5.67 4.97 3.90 2.80
 15   1.71 1.00 0.60 1.04 2.24 3.60 4.64 5.28 5.64 5.56 4.96 4.12 3.26 2.55 2.07 1.90 2.43 3.43 4.43 5.19 5.55 5.51 4.91 3.95
 16   2.81 1.87 1.15 0.75 1.03 2.07 3.39 4.43 5.13 5.61 5.75 5.43 4.67 3.75 2.91 2.23 1.93 2.19 3.03 4.03 4.87 5.41 5.55 5.19
 17   4.23 3.19 2.19 1.33 0.79 0.85 1.71 3.11 4.31 5.19 5.81 6.11 5.95 5.31 4.31 3.35 2.51 1.99 1.87 2.43 3.55 4.55 5.27 5.63
 18
 19
 20
 21
 22
 23
 24
 25
 26
 27
 28
 29
 30
 31
 ----------------------------------------------------------------------------------------------------------------------------
                                                                                               
 ----------------------------------------------------------------------------------------------------------------------------
 ----------------------------------------------------------------------------------------------------------------------------
                                                          SURVEY OF INDIA
                                                    MARINE GEODESY WING (G&RB)
                                                     HOURLY HEIGHTS IN METRES
  NAME OF PORT:- KANDLA                                                                             MONTH SEPT      YEAR 2013
 ----------------------------------------------------------------------------------------------------------------------------
 DAYS 0000 0001 0002 0003 0004 0005 0006 0007 0008 0009 0010 0011 0012 0013 0014 0015 0016 0017 0018 0019 0020 0021 0022 0023
 ----------------------------------------------------------------------------------------------------------------------------
  1
  2
  3
  4
  5
  6
  7
  8
  9
 10
 11
 12
 13
 14
 15
 16
 17
 18
 19
 20
 21
 22
 23
 24
 25
 26
 27
 28
 29
 30
 ----------------------------------------------------------------------------------------------------------------------------
                                                          SURVEY OF INDIA
                                                    MARINE GEODESY WING (G&RB)
                                                     HOURLY HEIGHTS IN METRES
  NAME OF PORT:- KANDLA                                                                             MONTH OCTOBER   YEAR 2013
 ----------------------------------------------------------------------------------------------------------------------------
 DAYS 0000 0001 0002 0003 0004 0005 0006 0007 0008 0009 0010 0011 0012 0013 0014 0015 0016 0017 0018 0019 0020 0021 0022 0023
 ----------------------------------------------------------------------------------------------------------------------------
  1
  2
  3
  4
  5
  6
  7
  8
  9
 10
 11
 12
 13
 14
 15
 16
 17
 18
 19
 20
 21
 22
 23
 24
 25
 26
 27
 28
 29
 30
 31
 ----------------------------------------------------------------------------------------------------------------------------
                                                          SURVEY OF INDIA
                                                    MARINE GEODESY WING (G&RB)
                                                     HOURLY HEIGHTS IN METRES
  NAME OF PORT:- KANDLA                                                                             MONTH NOVEMBER  YEAR 2013
 ----------------------------------------------------------------------------------------------------------------------------
 DAYS 0000 0001 0002 0003 0004 0005 0006 0007 0008 0009 0010 0011 0012 0013 0014 0015 0016 0017 0018 0019 0020 0021 0022 0023
 ----------------------------------------------------------------------------------------------------------------------------
  1
  2
  3
  4
  5
  6
  7
  8
  9
 10
 11   3.00 2.26 1.73 1.72 2.52 3.84 4.96 5.80 6.33 6.46 6.09 5.26 4.26 3.24 2.38 1.80 1.59 2.14 3.26 4.36 5.17 5.68 5.86 5.56
 12   4.64 3.78 2.86 2.19 1.87 2.25 3.35 4.56 5.48 6.08 6.36 6.13 5.39 4.37 3.28 2.40 1.66 1.26 1.64 2.72 4.05 5.04 5.74 6.08
 13   5.90 5.15 4.18 3.20 2.42 1.96 2.11 2.96 4.20 5.26 6.00 6.36 6.22 5.55 4.48 3.36 2.36 1.56 1.10 1.42 2.60 4.08 5.24 5.98
 14   6.40 6.26 5.60 4.52 3.44 2.52 1.96 1.98 2.84 4.12 5.24 5.97 6.36 6.20 5.46 4.32 2.88 1.92 1.16 0.85 1.57 3.04 4.58 5.65
 15   6.41 6.62 6.28 5.38 4.20 3.10 2.26 1.79 2.04 3.10 4.42 5.42 6.05 6.25 5.86 4.84 3.64 2.48 1.53 0.85 0.74 1.78 3.56 5.00
 16   6.08 6.62 6.67 6.19 5.16 3.97 2.88 2.08 1.67 2.11 3.32 4.65 5.60 6.13 6.20 5.59 4.42 3.20 2.08 1.20 0.64 0.90 2.38 4.12
 17   5.56 6.36 6.78 6.66 6.02 4.84 3.66 2.64 1.92 1.68 2.40 3.78 5.00 5.80 6.22 6.02 5.16 3.92 2.69 1.64 0.88 0.59 1.40 3.02
 18   4.92 5.92 6.62 6.82 6.48 5.62 4.40 3.20 2.32 1.75 1.84 2.88 4.22 5.28 5.96 6.16 5.68 4.60 3.36 2.20 1.28 0.73 0.90 2.20
 19   4.20 5.48 6.34 6.82 6.79 6.22 5.16 3.94 2.88 2.10 1.72 2.24 3.48 4.72 5.64 6.12 6.04 5.28 4.08 2.88 1.80 1.06 0.75 1.48
 20   3.42 4.88 5.94 6.66 6.88 6.59 5.80 4.60 3.46 2.52 1.88 1.84 2.72 4.04 5.19 5.90 6.16 5.80 4.80 3.64 2.48 1.59 1.02 1.12
 21   2.60 4.12 5.36 6.28 6.80 6.78 6.28 5.26 4.10 3.04 2.24 1.84 2.20 3.28 4.56 5.50 6.08 6.04 5.36 4.24 3.12 2.16 1.44 1.18
 22   1.96 3.44 4.80 5.82 6.52 6.78 6.52 5.76 4.64 3.56 2.64 2.02 1.86 2.52 3.80 4.88 5.62 5.90 5.64 4.80 3.72 2.72 1.90 1.41
 23   1.56 2.56 3.96 5.14 5.97 6.52 6.56 6.08 5.16 4.06 3.06 2.36 1.96 2.18 3.08 4.22 5.08 5.62 5.74 5.32 4.46 3.52 2.62 2.00
 24   1.69 2.19 3.26 4.48 5.46 6.16 6.50 6.36 5.72 4.72 3.70 2.84 2.24 1.97 2.36 3.28 4.30 5.07 5.48 5.48 5.02 4.20 3.36 2.64
 25   2.07 2.05 2.58 3.60 4.67 5.52 6.12 6.34 6.10 5.40 4.42 3.50 2.74 2.22 2.06 2.52 3.40 4.36 5.04 5.42 5.46 5.11 4.40 3.66
 26   2.86 2.42 2.32 2.72 3.60 4.64 5.44 5.98 6.16 5.90 5.19 4.26 3.36 2.61 2.09 1.96 2.40 3.28 4.24 4.94 5.36 5.48 5.26 4.66
 27   3.80 3.10 2.60 2.43 2.75 3.56 4.52 5.32 5.86 6.08 5.84 5.14 4.26 3.36 2.58 2.00 1.64 2.08 2.98 4.02 4.80 5.34 5.56 5.42
 28   4.68 3.90 3.14 2.54 2.24 2.44 3.16 4.16 5.00 5.60 5.83 5.63 4.92 3.98 3.00 2.18 1.54 1.30 1.76 2.80 4.00 4.90 5.56 5.90
 29   5.70 5.04 4.14 3.24 2.56 2.18 2.29 3.00 4.03 4.92 5.57 5.87 5.69 4.99 3.92 2.90 2.00 1.32 1.06 1.60 2.85 4.20 5.28 5.96
 30   6.30 6.04 5.32 4.30 3.32 2.56 2.09 2.16 2.96 4.08 5.08 5.72 6.00 5.74 4.88 3.76 2.64 1.68 0.98 0.76 1.56 3.16 4.64 5.66
 ----------------------------------------------------------------------------------------------------------------------------
                                                                                               
 ----------------------------------------------------------------------------------------------------------------------------
 ----------------------------------------------------------------------------------------------------------------------------
                                                          SURVEY OF INDIA
                                                    MARINE GEODESY WING (G&RB)
                                                     HOURLY HEIGHTS IN METRES
  NAME OF PORT:- KANDLA                                                                             MONTH DECEMBER  YEAR 2013
 ----------------------------------------------------------------------------------------------------------------------------
 DAYS 0000 0001 0002 0003 0004 0005 0006 0007 0008 0009 0010 0011 0012 0013 0014 0015 0016 0017 0018 0019 0020 0021 0022 0023
 ----------------------------------------------------------------------------------------------------------------------------
  1   6.40 6.57 6.22 5.41 4.28 3.20 2.40 1.93 2.07 3.02 4.30 5.32 5.98 6.18 5.75 4.73 3.49 2.30 1.36 0.64 0.57 1.76 3.65 5.10
  2   6.18 6.72 6.75 6.29 5.33 4.13 3.06 2.25 1.77 2.06 3.22 4.58 5.60 6.18 6.23 5.64 4.42 3.12 1.92 0.94 0.32 0.48 2.14 4.18
  3   5.66 6.54 6.94 6.84 6.22 5.12 3.87 2.80 1.98 1.58 2.15 3.55 4.94 5.86 6.35 6.22 5.38 4.04 2.70 1.50 0.60 0.10 0.74 2.74
  4   4.78 5.98 6.74 7.01 6.79 6.00 4.78 3.54 2.50 1.72 1.46 2.34 3.84 5.18 6.06 6.44 6.12 5.13 3.76 2.42 1.30 0.46 0.08 1.10
  5   3.42 5.16 6.19 6.87 7.00 6.66 5.74 4.42 3.30 2.34 1.54 1.40 2.38 4.10 5.32 6.18 6.44 5.98 4.86 3.54 2.26 1.22 0.46 0.30
  6   1.78 3.94 5.46 6.46 7.00 7.02 6.54 5.53 4.22 3.10 2.14 1.48 1.58 2.78 4.42 5.54 6.22 6.36 5.80 4.66 3.38 2.20 1.12 0.57
  7   0.82 2.52 4.32 5.66 6.52 6.96 6.89 6.28 5.20 3.94 2.82 1.90 1.34 1.62 2.80 4.30 5.36 5.96 6.02 5.50 4.38 3.26 2.14 1.28
  8   0.68 1.20 2.74 4.42 5.55 6.46 6.78 6.58 5.90 4.74 3.58 2.50 1.66 1.18 1.50 2.74 4.14 5.18 5.74 5.86 5.46 4.50 3.42 2.44
  9   1.50 1.12 1.54 2.86 4.38 5.54 6.30 6.58 6.34 5.59 4.44 3.30 2.30 1.54 1.12 1.54 2.66 3.98 4.96 5.52 5.72 5.46 4.70 3.82
 10   2.74 2.02 1.62 1.92 2.94 4.32 5.42 6.12 6.38 6.12 5.34 4.26 3.22 2.30 1.58 1.14 1.40 2.32 3.70 4.70 5.38 5.72 5.70 5.18
 11   4.14 3.26 2.54 2.05 2.09 2.84 4.04 5.08 5.78 6.06 5.86 5.14 4.18 3.20 2.30 1.56 1.10 1.24 2.14 3.46 4.54 5.32 5.79 5.89
 12   5.38 4.54 3.66 2.82 2.25 2.07 2.58 3.62 4.64 5.38 5.76 5.68 5.10 4.16 3.24 2.30 1.52 1.04 1.18 2.12 3.48 4.64 5.48 6.04
 13   6.20 5.80 4.96 3.94 3.06 2.42 2.18 2.59 3.53 4.56 5.30 5.72 5.74 5.24 4.32 3.28 2.30 1.48 0.96 1.10 2.08 3.58 4.82 5.68
 14   6.30 6.39 5.96 5.02 3.96 3.02 2.35 2.08 2.50 3.48 4.52 5.29 5.72 5.70 5.16 4.16 3.08 2.08 1.26 0.81 1.13 2.22 3.92 5.16
 15   6.06 6.52 6.48 5.88 4.88 3.80 2.86 2.20 2.00 2.56 3.64 4.72 5.46 5.81 5.68 5.00 3.92 2.80 1.80 1.04 0.74 1.40 2.92 4.48
 16   5.69 6.40 6.67 6.42 5.64 4.56 3.50 2.60 2.04 2.02 2.78 4.00 5.04 5.74 5.99 5.64 4.72 3.56 2.44 1.52 0.92 0.92 2.08 3.80
 17   5.30 6.20 6.74 6.78 6.34 5.40 4.24 3.16 2.36 1.92 2.22 3.28 4.52 5.40 5.94 5.96 5.36 4.24 3.04 2.00 1.20 0.78 1.32 2.88
 18   4.68 5.80 6.56 6.92 6.70 6.04 4.90 3.76 2.78 2.12 1.94 2.60 3.88 5.00 5.78 6.11 5.84 4.94 3.76 2.60 1.64 1.04 1.00 2.08
 19   3.96 5.32 6.24 6.80 6.90 6.44 5.52 4.32 3.24 2.40 1.88 2.08 3.12 4.40 5.40 5.95 6.02 5.44 4.32 3.12 2.08 1.28 0.90 1.48
 20   3.24 4.64 5.76 6.50 6.82 6.62 5.92 4.76 3.60 2.64 1.92 1.70 2.40 3.52 4.72 5.50 5.86 5.64 4.80 3.64 2.52 1.60 1.00 1.02
 21   2.32 3.85 5.08 6.00 6.56 6.66 6.24 5.28 4.08 2.98 2.12 1.60 1.80 2.76 4.04 5.08 5.68 5.84 5.40 4.40 3.28 2.28 1.52 1.20
 22   1.80 3.12 4.48 5.52 6.28 6.66 6.50 5.85 4.70 3.56 2.60 1.88 1.58 2.12 3.32 4.50 5.36 5.76 5.68 5.04 4.00 2.97 2.10 1.52
 23   1.52 2.32 3.60 4.82 5.76 6.36 6.50 6.09 5.16 4.04 3.00 2.18 1.63 1.64 2.44 3.67 4.68 5.33 5.58 5.32 4.56 3.56 2.64 1.96
 24   1.57 1.88 2.80 4.00 5.04 5.82 6.26 6.20 5.59 4.57 3.52 2.60 1.89 1.53 1.84 2.84 4.00 4.82 5.32 5.46 5.10 4.32 3.44 2.68
 25   2.04 1.88 2.32 3.32 4.40 5.28 5.90 6.11 5.84 5.04 4.04 3.04 2.20 1.64 1.46 2.02 3.08 4.12 4.88 5.32 5.40 5.08 4.38 3.60
 26   2.76 2.28 2.12 2.49 3.40 4.42 5.24 5.77 5.90 5.52 4.72 3.76 2.84 2.08 1.52 1.40 1.92 2.96 4.02 4.80 5.30 5.48 5.31 4.71
 27   3.80 3.08 2.52 2.26 2.50 3.30 4.28 5.09 5.60 5.76 5.46 4.68 3.72 2.80 2.00 1.41 1.22 1.68 2.76 3.92 4.80 5.40 5.72 5.64
 28   5.00 4.16 3.36 2.69 2.33 2.40 3.00 3.96 4.84 5.41 5.63 5.37 4.63 3.67 2.68 1.84 1.18 0.88 1.32 2.44 3.80 4.84 5.56 5.96
 29   5.87 5.30 4.40 3.44 2.69 2.20 2.14 2.72 3.72 4.64 5.36 5.63 5.45 4.76 3.74 2.64 1.72 1.02 0.60 1.00 2.24 3.80 5.00 5.82
 30   6.22 6.24 5.66 4.66 3.64 2.76 2.16 1.94 2.44 3.52 4.64 5.40 5.80 5.68 4.98 3.84 2.70 1.68 0.84 0.38 0.80 2.28 4.04 5.28
 31   6.14 6.53 6.38 5.72 4.60 3.47 2.52 1.84 1.60 2.24 3.48 4.64 5.44 5.84 5.70 4.88 3.68 2.44 1.34 0.49 0.05 0.58 2.40 4.20
 ----------------------------------------------------------------------------------------------------------------------------
                                                                                               
 ----------------------------------------------------------------------------------------------------------------------------
 ----------------------------------------------------------------------------------------------------------------------------
