                                                          SURVEY OF INDIA
                                                    MARINE GEODESY WING (G&RB)
                                                     HOURLY HEIGHTS IN METRES
  NAME OF PORT:- KANDLA                                                                             MONTH JANUARY   YEAR 2010
 ----------------------------------------------------------------------------------------------------------------------------
 DAYS 0000 0001 0002 0003 0004 0005 0006 0007 0008 0009 0010 0011 0012 0013 0014 0015 0016 0017 0018 0019 0020 0021 0022 0023
 ----------------------------------------------------------------------------------------------------------------------------
  1   5.14 6.16 6.77 6.89 6.50 5.64 4.34 3.20 2.22 1.64 1.80 2.90 4.34 5.40 6.02 6.11 5.50 4.26 2.90 1.70 0.72 0.12 0.32 2.00
  2   4.12 5.56 6.48 6.99 6.96 6.42 5.40 4.06 2.94 2.00 1.44 1.82 3.22 4.78 5.80 6.28 6.16 5.36 4.04 2.74 1.56 0.64 0.09 0.51
  3   2.32 4.36 5.70 6.55 6.97 6.87 6.29 5.21 3.84 2.68 1.70 1.24 2.31 3.91 5.24 6.01 6.30 5.94 4.92 3.53 2.27 1.21 0.46 0.20
  4   1.39 3.53 5.11 6.17 6.79 6.88 6.46 5.54 4.17 2.89 1.87 1.08 0.92 2.10 3.76 5.14 5.93 6.25 5.95 4.97 3.56 2.39 1.36 0.67
  5   0.55 1.86 3.67 5.15 6.17 6.73 6.75 6.26 5.22 3.88 2.70 1.61 0.85 0.75 1.96 3.66 4.99 5.74 6.05 5.80 4.89 3.70 2.57 1.64
  6   1.00 1.07 2.22 3.91 5.24 6.12 6.60 6.50 5.87 4.69 3.43 2.24 1.26 0.66 0.84 2.18 3.79 4.96 5.62 5.82 5.66 4.85 3.79 2.82
  7   1.96 1.47 1.65 2.73 4.10 5.29 6.05 6.40 6.12 5.39 4.05 2.85 1.92 1.14 0.67 1.10 2.37 3.78 4.86 5.49 5.77 5.65 5.00 3.94
  8   2.90 2.27 1.96 2.27 3.26 4.43 5.38 5.94 6.07 5.65 4.82 3.94 3.11 2.26 1.42 0.90 1.01 1.93 3.30 4.40 5.14 5.58 5.72 5.43
  9   4.76 3.86 3.11 2.53 2.25 2.47 3.27 4.27 5.07 5.48 5.53 5.12 4.27 3.15 2.01 1.29 0.92 1.24 2.23 3.48 4.52 5.23 5.72 5.84
 10   5.51 4.81 3.96 3.19 2.63 2.34 2.58 3.27 4.14 4.82 5.18 5.15 4.66 3.84 2.94 2.08 1.40 1.00 1.22 2.08 3.33 4.40 5.25 5.80
 11   6.04 5.80 5.11 4.20 3.37 2.71 2.32 2.38 2.96 3.80 4.55 5.03 5.15 4.85 4.08 3.17 2.29 1.53 1.03 1.10 1.90 3.25 4.50 5.40
 12   6.03 6.25 5.99 5.24 4.29 3.38 2.65 2.18 2.18 2.78 3.70 4.55 5.08 5.22 4.90 4.07 3.10 2.15 1.36 0.86 0.96 1.90 3.44 4.69
 13   5.58 6.11 6.24 5.86 5.02 4.00 3.04 2.31 1.87 2.03 2.79 3.81 4.67 5.17 5.27 4.85 3.89 2.83 1.81 1.02 0.62 1.01 2.33 3.91
 14   5.10 5.89 6.33 6.27 5.71 4.67 3.60 2.66 1.98 1.64 2.03 3.00 4.08 4.87 5.29 5.23 4.68 3.61 2.51 1.56 0.85 0.59 1.35 2.85
 15   4.42 5.45 6.10 6.36 6.06 5.22 4.12 3.10 2.26 1.68 1.64 2.40 3.59 4.65 5.32 5.56 5.23 4.30 3.17 2.09 1.23 0.70 0.87 2.06
 16   3.78 5.08 5.91 6.40 6.37 5.80 4.72 3.62 2.63 1.90 1.52 1.92 3.01 4.24 5.18 5.67 5.67 5.05 3.90 2.78 1.78 1.07 0.86 1.67
 17   3.38 4.82 5.83 6.46 6.60 6.20 5.27 4.07 2.97 2.07 1.46 1.47 2.42 3.80 4.97 5.64 5.90 5.56 4.50 3.28 2.20 1.28 0.74 0.94
 18   2.23 3.98 5.26 6.10 6.54 6.37 5.86 4.74 3.56 2.60 1.82 1.46 1.90 3.08 4.36 5.30 5.80 5.80 5.12 3.96 2.84 1.88 1.16 1.02
 19   1.82 3.52 4.94 5.90 6.48 6.58 6.10 5.12 3.93 2.82 1.92 1.34 1.46 2.46 3.61 4.77 5.50 5.81 5.56 4.72 3.58 2.50 1.66 1.18
 20   1.42 2.60 4.04 5.25 6.06 6.45 6.25 5.55 4.37 3.23 2.22 1.44 1.10 1.63 2.87 4.18 5.10 5.62 5.69 5.21 4.20 3.16 2.22 1.58
 21   1.34 2.04 3.34 4.64 5.59 6.19 6.31 5.84 4.82 3.65 2.61 1.76 1.18 1.22 2.10 3.42 4.56 5.31 5.68 5.57 4.94 3.93 2.99 2.26
 22   1.74 1.87 2.70 3.96 5.07 5.85 6.24 6.09 5.39 4.25 3.18 2.23 1.47 1.10 1.53 2.60 3.87 4.83 5.40 5.62 5.42 4.74 3.87 3.10
 23   2.42 2.10 2.35 3.21 4.32 5.27 5.87 6.04 5.70 4.82 3.73 2.75 1.90 1.31 1.17 1.74 2.83 4.08 4.89 5.38 5.55 5.33 4.70 3.94
 24   3.16 2.64 2.46 2.73 3.54 4.52 5.28 5.70 5.68 5.17 4.26 3.37 2.47 1.72 1.22 1.22 1.87 2.97 4.03 4.81 5.33 5.58 5.49 4.99
 25   4.22 3.47 2.92 2.60 2.70 3.31 4.13 4.83 5.25 5.27 4.89 4.12 3.27 2.45 1.75 1.27 1.20 1.77 2.82 3.87 4.94 5.58 5.82 5.68
 26   4.98 4.10 3.30 2.72 2.51 2.80 3.56 4.42 5.08 5.39 5.30 4.74 3.98 3.26 2.58 1.99 1.34 1.06 1.40 2.42 3.58 4.70 5.60 6.07
 27   6.29 6.04 5.34 4.48 3.68 3.06 2.66 2.68 3.16 3.92 4.64 5.10 5.18 4.88 4.15 3.18 2.23 1.42 0.93 1.04 2.02 3.50 4.84 5.79
 28   6.49 6.66 6.39 5.67 4.61 3.58 2.81 2.34 2.41 3.13 4.20 5.09 5.67 5.82 5.41 4.44 3.30 2.21 1.30 0.69 0.71 1.87 3.66 5.07
 29   6.10 6.74 6.85 6.54 5.74 4.54 3.47 2.57 1.98 2.08 3.05 4.36 5.40 5.99 6.11 5.58 4.44 3.22 2.03 1.06 0.42 0.47 1.98 3.94
 30   5.46 6.42 6.93 6.90 6.41 5.42 4.10 2.99 2.02 1.43 1.81 3.18 4.70 5.76 6.33 6.30 5.62 4.34 3.06 1.84 0.84 0.20 0.58 1.43
 31   4.57 5.88 6.72 7.08 6.95 6.25 5.09 3.73 2.58 1.63 1.15 1.92 3.50 5.10 6.06 6.54 6.38 5.58 4.26 2.94 1.70 0.76 0.22 0.92
 ----------------------------------------------------------------------------------------------------------------------------
                                                                                               
 ----------------------------------------------------------------------------------------------------------------------------
 ----------------------------------------------------------------------------------------------------------------------------
                                                          SURVEY OF INDIA
                                                    MARINE GEODESY WING (G&RB)
                                                     HOURLY HEIGHTS IN METRES
  NAME OF PORT:- KANDLA                                                                             MONTH FEBRUARY  YEAR 2010
 ----------------------------------------------------------------------------------------------------------------------------
 DAYS 0000 0001 0002 0003 0004 0005 0006 0007 0008 0009 0010 0011 0012 0013 0014 0015 0016 0017 0018 0019 0020 0021 0022 0023
 ----------------------------------------------------------------------------------------------------------------------------
  1   3.12 5.12 6.34 7.02 7.19 6.88 5.96 4.66 3.36 2.21 1.29 0.96 2.17 4.04 5.53 6.45 6.80 6.48 5.59 4.21 2.95 1.77 0.90 0.57
  2   1.74 3.98 5.60 6.60 7.13 7.10 6.52 5.42 4.06 2.78 1.69 0.92 0.88 2.53 4.42 5.77 6.52 6.72 6.30 5.36 4.00 2.76 1.70 0.98
  3   1.00 2.64 4.56 5.92 6.76 7.06 6.82 6.05 4.77 3.42 2.24 1.23 0.61 1.12 2.90 4.69 5.84 6.47 6.56 6.10 5.04 3.80 2.72 1.84
  4
  5
  6
  7
  8
  9   6.12 5.70 4.99 4.16 3.45 2.91 2.67 2.78 3.36 4.12 4.74 5.10 5.14 4.80 4.13 3.36 2.59 1.94 1.60 2.03 3.05 4.16 5.08 5.76
 10   6.16 6.18 5.74 4.88 3.96 3.18 2.58 2.30 2.58 3.32 4.12 4.81 5.18 5.23 4.88 4.24 3.32 2.42 1.68 1.27 1.50 2.48 3.80 4.96
 11   5.76 6.22 6.17 5.81 4.89 3.89 3.01 2.32 1.95 2.22 3.00 3.92 4.74 5.25 5.41 5.06 4.12 3.11 2.14 1.41 1.12 1.63 2.91 4.22
 12   5.36 6.03 6.33 6.20 5.48 4.40 3.40 2.54 1.92 1.76 2.33 3.46 4.59 5.36 5.70 5.44 4.50 3.40 2.36 1.52 1.04 1.20 2.40 3.97
 13   5.28 6.06 6.48 6.46 5.84 4.75 3.63 2.66 1.92 1.63 2.15 3.06 4.12 5.12 5.68 5.84 5.40 4.36 3.24 2.20 1.38 0.93 1.34 2.68
 14   4.40 5.54 6.26 6.54 6.04 5.00 3.80 2.74 1.90 1.38 1.60 2.22 3.50 4.69 5.52 5.90 5.76 5.00 3.80 2.72 1.74 1.07 0.98 1.98
 15   3.78 5.12 6.00 6.50 6.47 5.87 4.74 3.56 2.48 1.64 1.18 1.60 2.88 4.28 5.30 5.90 6.03 5.56 4.49 3.34 2.24 1.38 0.93 1.46
 16   3.12 4.65 5.72 6.41 6.61 6.20 5.27 4.00 2.84 1.88 1.24 1.19 2.20 3.68 4.98 5.80 6.20 6.02 5.20 4.00 2.84 1.88 1.20 1.15
 17   2.38 4.00 5.24 6.06 6.47 6.28 5.50 4.27 3.07 2.01 1.21 0.83 1.47 2.88 4.32 5.37 5.98 6.12 5.66 4.60 3.40 2.36 1.54 1.15
 18   1.81 3.27 4.66 5.70 6.31 6.42 5.88 4.80 3.56 2.44 1.52 0.92 1.01 2.09 3.65 4.92 5.72 6.12 6.00 5.28 4.12 3.05 2.16 1.56
 19   1.60 2.64 4.07 5.26 6.04 6.37 6.12 5.24 4.00 2.88 1.90 1.12 0.82 1.48 2.86 4.27 5.28 5.88 6.08 5.72 4.80 3.76 2.79 2.08
 20   1.69 2.22 3.40 4.66 5.62 6.17 6.24 5.72 4.40 3.26 2.24 1.40 0.92 1.19 2.28 3.76 4.91 5.62 5.98 5.89 5.28 4.34 3.40 2.64
 21   2.10 2.20 3.00 4.15 5.16 5.82 6.06 5.78 4.92 3.84 2.80 1.92 1.32 1.00 1.44 2.60 3.94 4.94 5.60 5.95 5.86 5.32 4.48 3.64
 22   2.86 2.48 2.57 3.22 4.16 5.06 5.62 5.80 5.52 4.40 3.42 2.50 1.72 1.24 1.28 2.00 3.20 4.34 5.16 5.66 5.86 5.70 5.16 4.44
 23   3.60 3.04 2.71 2.78 3.36 4.18 4.92 5.36 5.45 5.10 4.36 3.48 2.62 1.92 1.56 1.31 1.64 2.54 3.64 4.62 5.32 5.78 5.96 5.75
 24   5.06 4.30 3.56 2.98 2.64 2.68 3.22 4.00 4.70 5.27 5.27 4.74 4.13 3.33 2.59 1.76 1.31 1.26 1.86 3.02 4.22 5.12 5.84 6.22
 25   6.16 5.66 4.78 3.84 3.07 2.48 2.24 2.60 3.46 4.40 5.09 5.42 5.33 4.79 3.84 2.88 1.97 1.24 0.91 1.34 2.56 3.96 5.14 5.96
 26   6.46 6.48 6.00 5.00 3.88 2.92 2.19 1.84 2.38 3.50 4.61 5.40 5.75 5.74 5.18 4.12 3.00 1.94 1.08 0.58 0.93 2.29 4.00 5.34
 27   6.20 6.69 6.59 5.98 4.82 3.63 2.56 1.72 1.34 1.96 3.36 4.79 5.66 6.13 6.12 5.44 4.20 3.00 1.86 0.92 0.39 0.85 2.60 4.46
 28   5.78 6.58 6.89 6.66 5.88 4.60 3.38 2.20 1.32 0.99 2.00 3.68 5.16 6.06 6.53 6.36 5.60 4.29 3.00 1.80 0.84 0.34 1.12 3.13
 ----------------------------------------------------------------------------------------------------------------------------
                                                                                               
 ----------------------------------------------------------------------------------------------------------------------------
 ----------------------------------------------------------------------------------------------------------------------------
                                                          SURVEY OF INDIA
                                                    MARINE GEODESY WING (G&RB)
                                                     HOURLY HEIGHTS IN METRES
  NAME OF PORT:- KANDLA                                                                             MONTH MARCH     YEAR 2010
 ----------------------------------------------------------------------------------------------------------------------------
 DAYS 0000 0001 0002 0003 0004 0005 0006 0007 0008 0009 0010 0011 0012 0013 0014 0015 0016 0017 0018 0019 0020 0021 0022 0023
 ----------------------------------------------------------------------------------------------------------------------------
  1   5.04 6.20 6.86 6.98 6.56 5.56 4.12 2.86 1.72 0.88 0.74 2.20 4.10 5.52 6.40 6.74 6.44 5.56 4.17 2.88 1.70 0.80 0.46 1.73
  2   3.96 5.60 6.54 7.01 6.92 6.20 4.96 3.52 2.28 1.19 0.50 0.80 2.74 4.68 5.96 6.67 6.82 6.40 5.44 4.08 2.84 1.72 0.90 0.92
  3   2.60 4.60 5.96 6.75 6.99 6.66 5.72 4.36 3.02 1.80 0.84 0.34 1.49 3.53 5.50 6.42 6.86 6.67 5.96 4.76 3.46 2.29 1.38 1.01
  4   2.14 4.00 5.48 6.46 6.86 6.66 5.88 4.48 3.17 1.97 0.98 0.40 0.44 1.84 3.84 5.33 6.26 6.72 6.60 6.00 4.88 3.64 2.52 1.70
  5   1.35 2.22 3.75 5.20 6.12 6.56 6.41 5.68 4.24 2.98 1.85 0.96 0.47 0.92 2.52 4.22 5.42 6.18 6.50 6.28 5.57 4.40 3.33 2.44
  6   1.81 1.87 2.80 4.16 5.30 6.02 6.28 5.93 4.99 3.80 2.68 1.73 1.02 0.77 1.54 3.00 4.44 5.42 6.02 6.21 5.93 5.13 4.14 3.24
  7   2.50 2.10 2.21 2.98 4.08 5.04 5.58 5.70 5.31 4.39 3.39 2.42 1.62 1.10 1.08 1.84 3.04 4.28 5.17 5.73 5.94 5.80 5.14 4.31
  8   3.33 2.82 2.37 2.33 2.84 3.69 4.52 5.07 5.27 5.06 4.41 3.58 2.75 2.01 1.49 1.34 2.02 3.08 4.12 4.92 5.44 5.68 5.61 5.16
  9   4.46 3.72 3.11 2.64 2.46 2.70 3.30 4.00 4.56 4.85 4.82 4.44 3.78 3.08 2.41 1.88 1.60 1.80 2.56 3.60 4.52 5.18 5.60 5.73
 10   5.46 4.84 4.08 3.34 2.71 2.30 2.28 2.66 3.63 4.36 4.81 4.97 4.77 4.20 3.44 2.65 2.06 1.59 1.59 2.16 3.25 4.30 5.10 5.64
 11   5.90 5.72 5.12 4.24 3.36 2.60 2.08 1.96 2.38 3.26 4.14 4.78 5.12 5.10 4.62 3.80 2.90 2.10 1.56 1.50 2.12 3.29 4.47 5.32
 12   5.96 6.16 5.90 5.10 4.10 3.14 2.38 1.88 1.90 2.56 3.61 4.60 5.26 5.56 5.42 4.76 3.76 2.80 2.00 1.48 1.52 2.40 3.74 4.92
 13
 14
 15
 16
 17
 18
 19   2.74 4.29 5.49 6.28 6.58 6.26 5.32 4.04 2.82 1.79 1.00 0.76 1.70 3.34 4.84 5.86 6.46 6.61 6.18 5.20 4.02 2.96 2.12 1.68
 20   2.20 3.50 4.88 5.84 6.40 6.41 5.80 4.62 3.39 2.26 1.36 0.82 1.14 2.44 4.10 5.34 6.16 6.59 6.44 5.76 4.60 3.54 2.62 2.04
 21   2.08 3.02 4.32 5.44 6.12 6.36 5.96 4.99 3.79 2.66 1.73 1.08 0.92 1.64 3.11 4.56 5.50 6.13 6.38 6.18 5.50 4.60 3.66 2.96
 22   2.24 2.44 3.40 4.56 5.51 6.05 6.11 5.59 4.52 3.44 2.61 1.78 1.23 1.18 1.92 3.28 4.56 5.61 6.29 6.56 6.33 5.64 4.58 3.57
 23   2.77 2.51 2.56 3.25 4.26 5.15 5.72 5.86 5.50 4.62 3.64 2.73 1.84 1.38 1.44 2.20 3.46 4.58 5.40 5.94 6.16 6.00 5.38 4.56
 24   3.68 3.05 2.66 2.69 3.24 4.12 4.92 5.44 5.58 5.21 4.44 3.68 2.88 2.14 1.62 1.50 2.02 3.09 4.26 5.17 5.80 6.17 6.17 5.74
 25   4.90 4.00 3.26 2.69 2.47 2.76 3.50 4.37 5.06 5.43 5.44 5.06 4.25 3.40 2.56 1.87 1.46 1.68 2.55 3.78 4.88 5.68 6.26 6.44
 26   6.18 5.40 4.39 3.40 2.62 2.14 2.13 2.80 3.88 4.84 5.46 5.75 5.58 4.91 3.82 2.96 2.06 1.42 1.29 2.02 3.40 4.70 5.70 6.37
 27   6.67 6.40 5.66 4.48 3.33 2.39 1.73 1.60 2.42 3.76 4.90 5.69 6.11 6.04 5.36 4.28 3.14 2.12 1.36 1.08 1.80 3.32 4.80 5.87
 28   6.60 6.78 6.40 5.50 4.20 2.98 1.98 1.24 1.14 2.57 4.14 5.35 6.12 6.49 6.32 5.58 4.42 3.28 2.19 1.34 1.03 1.94 3.72 5.25
 29   6.29 6.88 6.88 6.35 5.24 3.84 2.64 1.56 0.87 1.10 2.72 4.52 5.78 6.56 6.87 6.60 5.80 4.50 3.28 2.16 1.32 1.12 2.32 4.17
 30   5.70 6.61 7.00 6.78 6.00 4.66 3.32 2.10 1.08 0.54 1.28 3.24 5.04 6.20 6.86 7.02 6.66 5.76 4.40 3.20 2.13 1.40 1.46 2.93
 31   4.88 6.12 6.82 6.98 6.54 5.52 4.08 2.76 1.60 0.72 0.40 1.74 3.86 5.46 6.49 7.06 7.02 6.48 5.46 4.12 2.96 1.99 1.40 1.88
 ----------------------------------------------------------------------------------------------------------------------------
                                                                                               
 ----------------------------------------------------------------------------------------------------------------------------
 ----------------------------------------------------------------------------------------------------------------------------
                                                          SURVEY OF INDIA
                                                    MARINE GEODESY WING (G&RB)
                                                     HOURLY HEIGHTS IN METRES
  NAME OF PORT:- KANDLA                                                                             MONTH APRIL     YEAR 2010
 ----------------------------------------------------------------------------------------------------------------------------
 DAYS 0000 0001 0002 0003 0004 0005 0006 0007 0008 0009 0010 0011 0012 0013 0014 0015 0016 0017 0018 0019 0020 0021 0022 0023
 ----------------------------------------------------------------------------------------------------------------------------
  1   3.64 5.28 6.32 6.89 6.81 6.16 4.92 3.40 2.12 1.10 0.44 0.76 2.65 4.40 5.80 6.66 7.04 6.89 6.28 5.12 3.85 2.76 1.89 1.52
  2   2.52 4.12 5.50 6.40 6.76 6.48 5.64 4.28 2.96 1.80 0.89 0.45 1.24 3.04 4.84 6.02 6.76 6.97 6.68 5.94 4.71 3.60 2.56 1.88
  3   1.85 2.92 4.41 5.62 6.32 6.51 6.06 5.00 3.70 2.52 1.52 0.81 0.82 1.80 3.58 5.03 6.02 6.59 6.68 6.30 5.42 4.26 3.20 2.39
  4   1.92 2.20 3.26 4.54 5.50 6.02 6.05 5.45 4.30 3.22 2.18 1.37 0.90 1.18 2.37 3.90 5.11 5.90 6.31 6.30 5.79 4.82 3.82 2.94
  5   2.28 2.02 2.44 3.44 4.50 5.24 5.60 5.50 4.86 3.88 2.94 2.08 1.44 1.17 1.60 2.72 4.04 5.04 5.69 6.03 5.96 5.40 4.52 3.67
  6   2.93 2.44 2.28 2.65 3.46 4.30 4.92 5.18 5.04 4.50 3.70 2.92 2.22 1.72 1.56 1.95 2.90 4.00 4.90 5.53 5.84 5.80 5.34 4.62
  7   3.80 3.13 2.64 2.39 2.55 3.12 3.88 4.49 4.85 4.90 4.61 4.02 3.36 2.72 2.18 1.92 2.04 2.72 3.72 4.68 5.33 5.72 5.80 5.52
  8   4.87 4.11 3.38 2.74 2.32 2.25 2.64 3.40 4.16 4.74 5.03 4.99 4.62 3.98 3.29 2.64 2.16 2.04 2.44 3.32 4.32 5.10 5.64 5.88
  9   5.71 5.13 4.32 3.47 2.74 2.20 1.99 2.32 3.13 4.04 4.80 5.22 5.35 5.06 4.39 3.59 2.82 2.25 2.00 2.30 3.24 4.32 5.21 5.79
 10   6.05 5.86 5.20 4.27 3.38 2.59 2.04 1.86 2.36 3.40 4.47 5.27 5.72 5.78 5.38 4.53 3.60 2.80 2.20 1.98 2.45 3.48 4.62 5.52
 11   6.09 6.19 5.80 4.92 3.85 2.88 2.12 1.63 1.74 2.60 3.80 5.04 5.72 6.08 5.96 5.28 4.27 3.28 2.44 1.90 1.90 2.68 3.96 5.16
 12   5.94 6.34 6.20 5.48 4.40 3.28 2.32 1.58 1.28 1.88 3.24 4.59 5.53 6.13 6.32 5.94 5.04 3.94 2.91 2.12 1.72 2.05 3.22 4.61
 13   5.64 6.24 6.34 5.86 4.80 3.59 2.48 1.58 1.00 1.21 2.44 4.04 5.25 6.04 6.48 6.38 5.74 4.60 3.48 2.50 1.82 1.65 2.48 3.94
 14   5.28 6.04 6.42 6.20 5.36 4.08 2.88 1.87 1.07 0.78 1.64 3.30 4.80 5.82 6.48 6.64 6.26 5.36 4.12 3.02 2.15 1.61 1.90 3.17
 15   4.68 5.70 6.30 6.39 5.82 4.62 3.37 2.20 1.26 0.68 0.96 2.34 4.08 5.36 6.23 6.69 6.60 6.00 4.86 3.68 2.64 1.87 1.58 2.42
 16   3.98 5.22 6.06 6.44 6.18 5.27 3.94 2.71 1.66 0.88 0.60 1.53 3.16 4.69 5.81 6.50 6.72 6.40 5.60 4.34 3.20 2.26 1.65 1.79
 17   3.00 4.48 5.52 6.15 6.24 5.69 4.51 3.26 2.09 1.16 0.58 0.80 2.16 3.89 5.29 6.20 6.70 6.68 6.16 5.17 3.99 2.96 2.12 1.75
 18   2.38 3.68 4.99 5.86 6.25 6.08 5.24 3.98 2.79 1.75 0.94 0.64 1.34 2.90 4.53 5.67 6.41 6.72 6.52 5.92 4.80 3.73 2.76 2.12
 19   2.02 2.85 4.20 5.32 5.98 6.18 5.76 4.74 3.56 2.47 1.54 0.93 0.92 1.87 3.47 4.86 5.85 6.48 6.62 6.32 5.54 4.40 3.36 2.56
 20   2.04 2.20 3.16 4.42 5.36 5.88 5.94 5.40 4.36 3.28 2.28 1.52 1.08 1.26 2.28 3.76 5.02 5.86 6.40 6.48 6.14 5.34 4.27 3.32
 21   2.52 2.12 2.31 3.18 4.30 5.18 5.66 5.72 5.24 4.30 3.36 2.49 1.76 1.32 1.42 2.28 3.66 4.99 5.70 6.20 6.32 6.00 5.17 4.20
 22   3.20 2.51 2.09 2.18 2.89 3.96 4.84 5.35 5.50 5.20 4.47 3.58 2.74 2.02 1.50 1.44 2.12 3.43 4.64 5.48 6.04 6.27 6.05 5.34
 23   4.28 3.32 2.53 1.94 1.76 2.26 3.32 4.32 5.04 5.42 5.42 4.97 4.12 3.22 2.35 1.68 1.36 1.78 2.88 4.18 5.20 5.88 6.25 6.17
 24   5.50 4.44 3.39 2.44 1.72 1.34 1.74 2.80 4.08 5.00 5.56 5.78 5.50 4.72 3.72 2.78 1.98 1.46 1.60 2.54 3.98 5.12 5.86 6.30
 25   6.20 5.56 4.46 3.28 2.23 1.38 0.94 1.38 2.70 4.16 5.20 5.86 6.14 5.91 5.10 3.98 2.91 1.98 1.38 1.36 2.38 3.91 5.19 6.00
 26   6.42 6.22 5.48 4.24 3.02 1.92 1.02 0.58 1.24 2.84 4.44 5.52 6.22 6.48 6.20 5.36 4.15 3.02 2.04 1.40 1.38 2.48 4.08 5.36
 27   6.18 6.48 6.14 5.26 3.82 2.56 1.44 0.60 0.26 1.28 3.20 4.80 5.88 6.52 6.68 6.31 5.40 4.12 2.96 1.99 1.35 1.54 2.82 4.42
 28   5.62 6.30 6.44 5.94 4.74 3.38 2.12 1.04 0.30 0.26 1.78 3.76 5.26 6.18 6.74 6.76 6.31 5.30 3.98 2.86 1.92 1.38 1.78 3.18
 29   4.80 5.82 6.36 6.32 5.60 4.24 2.92 1.72 0.72 0.12 0.56 2.34 4.32 5.60 6.46 6.84 6.72 6.12 4.98 3.74 2.60 1.76 1.38 2.14
 30   3.72 5.14 6.02 6.38 6.08 5.10 3.75 2.44 1.32 0.50 0.18 1.14 3.12 4.80 5.92 6.60 6.82 6.56 5.82 4.62 3.44 2.40 1.72 1.64
 ----------------------------------------------------------------------------------------------------------------------------
                                                                                               
 ----------------------------------------------------------------------------------------------------------------------------
 ----------------------------------------------------------------------------------------------------------------------------
                                                          SURVEY OF INDIA
                                                    MARINE GEODESY WING (G&RB)
                                                     HOURLY HEIGHTS IN METRES
  NAME OF PORT:- KANDLA                                                                             MONTH MAY       YEAR 2010
 ----------------------------------------------------------------------------------------------------------------------------
 DAYS 0000 0001 0002 0003 0004 0005 0006 0007 0008 0009 0010 0011 0012 0013 0014 0015 0016 0017 0018 0019 0020 0021 0022 0023
 ----------------------------------------------------------------------------------------------------------------------------
  1   2.62 4.10 5.38 6.03 6.20 5.67 4.54 3.26 2.06 1.10 0.46 0.51 1.83 3.70 5.18 6.08 6.67 6.72 6.30 5.38 4.15 3.07 2.21 1.68
  2   1.94 3.09 4.54 5.50 5.99 5.96 5.26 4.05 2.87 1.84 1.04 0.63 1.16 2.65 4.27 5.47 6.27 6.67 6.54 6.00 4.94 3.86 2.86 2.14
  3   1.84 2.36 3.63 4.80 5.50 5.80 5.58 4.76 3.66 2.64 1.76 1.13 0.95 1.74 3.22 4.58 5.60 6.26 6.51 6.28 5.58 4.51 3.51 2.70
  4   2.17 2.08 2.78 3.86 4.82 5.38 5.55 5.23 4.39 3.46 2.56 1.91 1.48 1.57 2.39 3.70 4.91 5.72 6.25 6.38 6.06 5.28 4.26 3.38
  5   2.64 2.25 2.32 3.00 3.92 4.74 5.24 5.38 5.07 4.36 3.56 2.80 2.18 1.85 2.02 2.78 3.92 4.98 5.68 6.11 6.17 5.78 4.96 4.04
  6   3.18 2.58 2.24 2.36 2.96 3.80 4.54 5.02 5.19 5.02 4.50 3.79 3.10 2.54 2.18 2.20 2.83 3.88 4.87 5.56 5.98 6.02 5.66 4.94
  7   4.02 3.24 2.62 2.19 2.15 2.62 3.44 4.23 4.79 5.11 5.11 4.78 4.14 3.49 2.87 2.43 2.35 2.79 3.71 4.68 5.39 5.82 5.94 5.69
  8   4.96 4.07 3.24 2.54 2.06 1.94 2.35 3.22 4.16 4.86 5.30 5.43 5.18 4.60 3.82 3.10 2.56 2.34 2.66 3.52 4.51 5.26 5.75 5.90
  9   5.60 4.86 3.94 3.06 2.30 1.74 1.66 2.28 3.34 4.40 5.16 5.64 5.78 5.48 4.78 3.88 3.08 2.52 2.27 2.63 3.58 4.60 5.40 5.86
 10   5.96 5.52 4.66 3.62 2.68 1.92 1.42 1.55 2.40 3.68 4.82 5.58 6.05 6.11 5.66 4.76 3.79 2.94 2.38 2.23 2.78 3.82 4.88 5.60
 11   6.02 5.92 5.28 4.24 3.20 2.24 1.52 1.20 1.71 2.98 4.36 5.39 6.12 6.46 6.32 5.70 4.62 3.60 2.74 2.23 2.22 2.98 4.18 5.20
 12   5.88 6.10 5.79 4.88 3.71 2.63 1.72 1.08 1.02 1.96 3.52 4.88 5.82 6.42 6.60 6.28 5.46 4.32 3.30 2.50 2.08 2.32 3.40 4.64
 13   5.60 6.08 6.12 5.52 4.38 3.22 2.16 1.28 0.78 1.16 2.54 4.14 5.40 6.22 6.68 6.64 6.14 5.14 4.02 3.02 2.28 1.98 2.54 3.80
 14   5.06 5.84 6.16 5.94 5.08 3.84 2.64 1.60 0.84 0.66 1.62 3.36 4.90 5.90 6.60 6.86 6.63 5.94 4.80 3.70 2.72 2.08 2.02 2.92
 15   4.40 5.47 6.07 6.22 5.72 4.56 3.32 2.12 1.18 0.60 0.84 2.24 4.02 5.34 6.28 6.84 6.88 6.48 5.62 4.38 3.30 2.40 1.84 2.14
 16   3.50 4.84 5.74 6.20 6.10 5.34 4.06 2.83 1.72 0.88 0.50 1.18 2.86 4.50 5.70 6.52 6.89 6.80 6.26 5.26 4.06 3.00 2.18 1.82
 17   2.54 3.86 5.10 5.88 6.20 5.88 4.92 3.62 2.43 1.42 0.72 0.86 1.60 3.34 4.88 5.92 6.62 6.86 6.64 6.00 4.80 3.70 2.68 1.94
 18   1.83 2.76 4.12 5.26 5.88 6.06 5.60 4.48 3.31 2.18 1.31 0.76 0.85 1.96 3.72 5.16 6.09 6.68 6.80 6.48 5.73 4.56 3.45 2.52
 19   1.82 1.86 2.86 4.22 5.22 5.77 5.87 5.40 4.36 3.28 2.27 1.44 0.92 1.06 2.20 3.86 5.20 6.08 6.62 6.68 6.32 5.48 4.31 3.24
 20   2.28 1.75 1.88 2.88 4.13 5.10 5.62 5.73 5.32 4.41 3.45 2.48 1.74 1.29 1.44 2.52 4.06 5.26 6.08 6.56 6.59 6.20 5.26 4.13
 21   2.98 2.14 1.64 1.78 2.72 3.96 4.94 5.49 5.72 5.45 4.66 3.70 2.80 2.12 1.61 1.65 2.52 3.92 5.16 5.96 6.44 6.48 6.06 5.12
 22   3.88 2.84 2.04 1.46 1.50 2.44 3.74 4.80 5.46 5.78 5.74 5.22 4.40 3.52 2.66 2.04 1.88 2.56 3.82 5.06 5.92 6.46 6.52 6.09
 23   5.04 3.86 2.76 1.90 1.30 1.28 2.17 3.60 4.80 5.58 6.08 6.20 5.82 4.96 3.96 3.05 2.36 2.04 2.44 3.58 4.82 5.72 6.30 6.45
 24   6.00 5.00 3.84 2.73 1.80 1.12 1.05 2.00 3.60 4.90 5.76 6.34 6.51 6.18 5.34 4.26 3.28 2.50 2.08 2.30 3.38 4.68 5.68 6.27
 25   6.38 5.88 4.84 3.62 2.50 1.56 0.92 0.88 2.00 3.76 5.14 6.04 6.60 6.73 6.40 5.64 4.48 3.48 2.66 2.18 2.38 3.47 4.80 5.73
 26   6.26 6.32 5.74 4.60 3.42 2.30 1.40 0.82 0.98 2.36 4.12 5.46 6.33 6.84 6.87 6.48 5.64 4.45 3.42 2.60 2.12 2.40 3.59 4.88
 27   5.84 6.30 6.30 5.64 4.44 3.20 2.12 1.20 0.71 1.13 2.76 4.48 5.72 6.54 6.94 6.86 6.38 5.26 4.17 3.19 2.38 1.98 2.52 3.80
 28   5.16 5.97 6.34 6.16 5.28 3.97 2.76 1.70 0.92 0.64 1.68 3.49 5.04 6.08 6.79 7.01 6.80 6.12 4.96 3.84 2.88 2.16 1.96 2.76
 29   4.24 5.42 6.08 6.29 5.88 4.78 3.54 2.37 1.38 0.74 0.82 2.13 3.98 5.38 6.30 6.86 6.92 6.56 5.69 4.46 3.41 2.50 1.92 2.06
 30   3.20 4.56 5.56 6.08 6.12 5.47 4.22 3.06 1.96 1.14 0.76 1.29 2.84 4.48 5.68 6.49 6.89 6.78 6.24 5.19 4.04 3.00 2.20 1.81
 31   2.38 3.64 4.87 5.68 6.04 5.88 5.00 3.84 2.69 1.74 1.09 0.96 1.88 3.49 4.96 5.96 6.63 6.84 6.56 5.84 4.69 3.60 2.65 2.08
 ----------------------------------------------------------------------------------------------------------------------------
                                                                                               
 ----------------------------------------------------------------------------------------------------------------------------
 ----------------------------------------------------------------------------------------------------------------------------
                                                          SURVEY OF INDIA
                                                    MARINE GEODESY WING (G&RB)
                                                     HOURLY HEIGHTS IN METRES
  NAME OF PORT:- KANDLA                                                                             MONTH JUNE      YEAR 2010
 ----------------------------------------------------------------------------------------------------------------------------
 DAYS 0000 0001 0002 0003 0004 0005 0006 0007 0008 0009 0010 0011 0012 0013 0014 0015 0016 0017 0018 0019 0020 0021 0022 0023
 ----------------------------------------------------------------------------------------------------------------------------
  1
  2
  3
  4
  5
  6
  7
  8
  9
 10
 11
 12
 13
 14
 15
 16
 17
 18
 19
 20
 21
 22
 23
 24
 25
 26
 27
 28
 29
 30
 ----------------------------------------------------------------------------------------------------------------------------
                                                          SURVEY OF INDIA
                                                    MARINE GEODESY WING (G&RB)
                                                     HOURLY HEIGHTS IN METRES
  NAME OF PORT:- KANDLA                                                                             MONTH JULY      YEAR 2010
 ----------------------------------------------------------------------------------------------------------------------------
 DAYS 0000 0001 0002 0003 0004 0005 0006 0007 0008 0009 0010 0011 0012 0013 0014 0015 0016 0017 0018 0019 0020 0021 0022 0023
 ----------------------------------------------------------------------------------------------------------------------------
  1
  2
  3
  4
  5
  6
  7
  8
  9
 10
 11
 12
 13
 14
 15
 16
 17
 18
 19
 20
 21
 22
 23
 24
 25
 26
 27
 28
 29
 30
 31
 ----------------------------------------------------------------------------------------------------------------------------
                                                          SURVEY OF INDIA
                                                    MARINE GEODESY WING (G&RB)
                                                     HOURLY HEIGHTS IN METRES
  NAME OF PORT:- KANDLA                                                                             MONTH AUGUST    YEAR 2010
 ----------------------------------------------------------------------------------------------------------------------------
 DAYS 0000 0001 0002 0003 0004 0005 0006 0007 0008 0009 0010 0011 0012 0013 0014 0015 0016 0017 0018 0019 0020 0021 0022 0023
 ----------------------------------------------------------------------------------------------------------------------------
  1
  2
  3
  4
  5
  6
  7
  8
  9
 10
 11
 12
 13
 14
 15
 16
 17
 18
 19
 20
 21
 22
 23
 24
 25
 26
 27
 28
 29
 30
 31
 ----------------------------------------------------------------------------------------------------------------------------
                                                          SURVEY OF INDIA
                                                    MARINE GEODESY WING (G&RB)
                                                     HOURLY HEIGHTS IN METRES
  NAME OF PORT:- KANDLA                                                                             MONTH SEPT      YEAR 2010
 ----------------------------------------------------------------------------------------------------------------------------
 DAYS 0000 0001 0002 0003 0004 0005 0006 0007 0008 0009 0010 0011 0012 0013 0014 0015 0016 0017 0018 0019 0020 0021 0022 0023
 ----------------------------------------------------------------------------------------------------------------------------
  1
  2
  3
  4
  5
  6
  7
  8
  9
 10
 11
 12
 13
 14
 15
 16
 17
 18
 19
 20
 21
 22
 23
 24
 25
 26
 27
 28
 29
 30
 ----------------------------------------------------------------------------------------------------------------------------
                                                          SURVEY OF INDIA
                                                    MARINE GEODESY WING (G&RB)
                                                     HOURLY HEIGHTS IN METRES
  NAME OF PORT:- KANDLA                                                                             MONTH OCTOBER   YEAR 2010
 ----------------------------------------------------------------------------------------------------------------------------
 DAYS 0000 0001 0002 0003 0004 0005 0006 0007 0008 0009 0010 0011 0012 0013 0014 0015 0016 0017 0018 0019 0020 0021 0022 0023
 ----------------------------------------------------------------------------------------------------------------------------
  1
  2
  3
  4
  5
  6
  7
  8
  9
 10
 11
 12
 13
 14
 15
 16
 17
 18
 19
 20
 21
 22
 23
 24
 25
 26
 27
 28
 29
 30
 31
 ----------------------------------------------------------------------------------------------------------------------------
                                                          SURVEY OF INDIA
                                                    MARINE GEODESY WING (G&RB)
                                                     HOURLY HEIGHTS IN METRES
  NAME OF PORT:- KANDLA                                                                             MONTH NOVEMBER  YEAR 2010
 ----------------------------------------------------------------------------------------------------------------------------
 DAYS 0000 0001 0002 0003 0004 0005 0006 0007 0008 0009 0010 0011 0012 0013 0014 0015 0016 0017 0018 0019 0020 0021 0022 0023
 ----------------------------------------------------------------------------------------------------------------------------
  1
  2
  3
  4
  5
  6
  7
  8
  9
 10
 11
 12
 13
 14
 15
 16
 17
 18
 19
 20
 21
 22
 23
 24
 25
 26
 27
 28
 29
 30
 ----------------------------------------------------------------------------------------------------------------------------
                                                          SURVEY OF INDIA
                                                    MARINE GEODESY WING (G&RB)
                                                     HOURLY HEIGHTS IN METRES
  NAME OF PORT:- KANDLA                                                                             MONTH DECEMBER  YEAR 2010
 ----------------------------------------------------------------------------------------------------------------------------
 DAYS 0000 0001 0002 0003 0004 0005 0006 0007 0008 0009 0010 0011 0012 0013 0014 0015 0016 0017 0018 0019 0020 0021 0022 0023
 ----------------------------------------------------------------------------------------------------------------------------
  1
  2
  3
  4
  5
  6
  7
  8
  9
 10
 11
 12
 13
 14
 15
 16
 17
 18
 19
 20
 21
 22
 23
 24
 25
 26
 27
 28
 29
 30
 31
 ----------------------------------------------------------------------------------------------------------------------------
