                                                          SURVEY OF INDIA
                                                    MARINE GEODESY WING (G&RB)
                                                     HOURLY HEIGHTS IN METRES
  NAME OF PORT:- KANDLA                                                                             MONTH JANUARY   YEAR 2014
 ----------------------------------------------------------------------------------------------------------------------------
 DAYS 0000 0001 0002 0003 0004 0005 0006 0007 0008 0009 0010 0011 0012 0013 0014 0015 0016 0017 0018 0019 0020 0021 0022 0023
 ----------------------------------------------------------------------------------------------------------------------------
  1   5.52 6.28 6.60 6.40 5.66 4.48 3.24 2.24 1.56 1.36 2.18 3.60 4.86 5.68 6.06 5.82 4.88 3.56 2.26 1.14 0.28-0.11 0.62 2.68
  2   4.76 5.80 6.53 6.76 6.48 5.62 4.32 3.12 2.06 1.33 1.24 2.36 3.92 5.18 6.12 6.43 6.02 4.92 3.50 2.20 1.11 0.32 0.10 1.44
  3   3.96 5.48 6.45 7.06 7.12 6.66 5.68 4.32 3.08 2.04 1.34 1.44 2.76 4.40 5.66 6.40 6.60 6.08 4.92 3.54 2.24 1.16 0.44 0.40
  4   2.40 4.40 5.76 6.68 7.14 7.05 6.44 5.34 3.96 2.80 1.80 1.16 1.52 3.00 4.60 5.80 6.44 6.52 5.92 4.68 3.40 2.20 1.20 0.56
  5   1.16 3.00 4.80 6.04 6.84 7.16 6.94 6.20 4.96 3.72 2.56 1.56 1.02 1.52 3.08 4.68 5.74 6.29 6.35 5.75 4.60 3.35 2.20 1.32
  6   0.80 1.56 3.28 4.92 6.08 6.80 6.98 6.64 5.80 4.44 3.22 2.15 1.30 0.96 1.80 3.31 4.72 5.64 6.15 6.18 5.60 4.52 3.40 2.41
  7   1.52 1.30 2.08 3.60 5.00 6.08 6.69 6.78 6.32 5.28 4.08 2.89 1.95 1.24 1.07 1.88 3.40 4.64 5.52 6.00 6.00 5.52 4.56 3.60
  8   2.60 1.96 1.81 2.48 3.80 5.08 6.00 6.53 6.51 5.96 4.94 3.84 2.80 1.96 1.36 1.28 2.08 3.40 4.60 5.40 5.87 6.00 5.66 4.92
  9   3.88 3.06 2.48 2.21 2.60 3.62 4.76 5.60 6.06 6.04 5.48 4.52 3.54 2.63 1.88 1.30 1.30 2.00 3.24 4.36 5.16 5.66 5.88 5.67
 10   4.90 4.07 3.28 2.70 2.44 2.68 3.48 4.41 5.18 5.61 5.64 5.18 4.46 3.48 2.62 1.88 1.36 1.28 1.92 3.10 4.24 5.09 5.71 6.00
 11   5.84 5.18 4.34 3.50 2.80 2.38 2.44 3.04 3.92 4.68 5.16 5.30 5.04 4.38 3.52 2.65 1.92 1.40 1.24 1.76 2.84 4.06 5.05 5.72
 12   6.08 5.95 5.28 4.34 3.43 2.73 2.28 2.27 2.82 3.74 4.57 5.13 5.36 5.14 4.50 3.60 2.68 1.88 1.24 1.04 1.64 2.86 4.24 5.24
 13   6.00 6.31 6.11 5.38 4.40 3.42 2.68 2.22 2.24 2.82 3.82 4.72 5.32 5.59 5.35 4.60 3.58 2.56 1.68 1.12 1.05 1.86 3.36 4.68
 14   5.74 6.34 6.52 6.15 5.28 4.16 3.16 2.44 2.00 2.20 3.00 4.08 4.98 5.52 5.68 5.28 4.28 3.20 2.16 1.36 0.90 1.20 2.40 4.00
 15   5.36 6.14 6.56 6.48 5.88 4.80 3.68 2.76 2.12 1.84 2.29 3.38 4.50 5.32 5.76 5.68 5.00 3.90 2.76 1.80 1.10 0.84 1.56 3.12
 16   4.79 5.76 6.40 6.64 6.28 5.40 4.20 3.14 2.30 1.73 1.76 2.60 3.88 4.96 5.64 5.88 5.56 4.60 3.40 2.32 1.40 0.84 1.00 2.20
 17   4.12 5.36 6.16 6.64 6.59 6.00 4.91 3.74 2.68 1.89 1.56 2.12 3.32 4.56 5.45 5.96 5.86 5.12 3.93 2.80 1.80 1.04 0.82 1.65
 18   3.60 4.96 5.88 6.54 6.70 6.29 5.36 4.14 3.00 2.10 1.52 1.66 2.68 4.04 5.13 5.80 6.04 5.64 4.64 3.48 2.36 1.48 0.96 1.24
 19   2.80 4.32 5.47 6.29 6.72 6.60 5.90 4.74 3.52 2.50 1.70 1.35 1.96 3.24 4.56 5.48 5.97 5.96 5.27 4.12 3.00 2.00 1.24 1.02
 20   2.12 3.56 4.84 5.80 6.44 6.60 6.16 5.20 3.96 2.84 1.96 1.40 1.50 2.54 3.94 5.10 5.80 6.12 5.84 5.00 3.80 2.76 1.88 1.36
 21   1.65 2.86 4.24 5.40 6.19 6.61 6.48 5.82 4.65 3.48 2.44 1.66 1.28 1.60 2.84 4.20 5.20 5.73 5.81 5.34 4.32 3.24 2.32 1.61
 22   1.36 2.02 3.26 4.52 5.49 6.13 6.34 5.98 5.00 3.84 2.73 1.84 1.24 1.16 2.00 3.36 4.50 5.28 5.68 5.60 5.00 4.00 3.04 2.28
 23   1.69 1.80 2.52 3.72 4.84 5.68 6.16 6.16 5.59 4.52 3.40 2.37 1.60 1.14 1.36 2.32 3.60 4.64 5.32 5.64 5.52 4.92 4.00 3.16
 24   2.36 2.00 2.16 2.90 4.00 5.00 5.66 6.00 5.80 5.04 4.00 3.00 2.16 1.48 1.15 1.54 2.54 3.75 4.65 5.28 5.58 5.48 4.96 4.16
 25   3.28 2.64 2.28 2.36 3.00 4.00 4.90 5.50 5.76 5.56 4.85 3.89 2.96 2.12 1.44 1.12 1.44 2.40 3.60 4.60 5.24 5.64 5.66 5.27
 26   4.44 3.64 2.96 2.52 2.43 2.88 3.76 4.64 5.28 5.60 5.49 4.92 4.00 3.04 2.16 1.44 1.01 1.20 2.06 3.28 4.40 5.20 5.76 5.99
 27   5.68 4.94 4.04 3.22 2.62 2.30 2.50 3.20 4.16 4.96 5.44 5.52 5.12 4.28 3.26 2.32 1.48 0.92 0.84 1.60 3.00 4.30 5.32 6.04
 28   6.40 6.16 5.44 4.36 3.40 2.62 2.16 2.20 2.88 4.00 4.92 5.54 5.80 5.52 4.64 3.56 2.48 1.52 0.84 0.60 1.36 2.88 4.48 5.60
 29   6.44 6.68 6.44 5.68 4.56 3.44 2.52 1.92 1.88 2.68 3.92 5.04 5.76 6.09 5.84 4.96 3.73 2.48 1.44 0.64 0.35 1.20 3.08 4.80
 30   6.04 6.70 6.88 6.56 5.72 4.44 3.28 2.28 1.60 1.60 2.60 4.04 5.36 6.12 6.44 6.08 5.06 3.69 2.42 1.32 0.53 0.27 1.56 3.64
 31   5.47 6.46 7.01 7.04 6.56 5.53 4.19 3.04 2.02 1.33 1.44 2.76 4.44 5.68 6.40 6.62 6.12 4.98 3.62 2.34 1.24 0.47 0.40 2.00
 ----------------------------------------------------------------------------------------------------------------------------
                                                                                               
 ----------------------------------------------------------------------------------------------------------------------------
 ----------------------------------------------------------------------------------------------------------------------------
                                                          SURVEY OF INDIA
                                                    MARINE GEODESY WING (G&RB)
                                                     HOURLY HEIGHTS IN METRES
  NAME OF PORT:- KANDLA                                                                             MONTH FEBRUARY  YEAR 2014
 ----------------------------------------------------------------------------------------------------------------------------
 DAYS 0000 0001 0002 0003 0004 0005 0006 0007 0008 0009 0010 0011 0012 0013 0014 0015 0016 0017 0018 0019 0020 0021 0022 0023
 ----------------------------------------------------------------------------------------------------------------------------
  1   4.44 5.86 6.76 7.18 7.09 6.42 5.31 3.90 2.72 1.72 1.08 1.48 3.08 4.78 6.00 6.64 6.70 6.12 4.92 3.56 2.28 1.20 0.50 0.70
  2   2.60 4.94 6.20 6.96 7.21 6.96 6.08 4.80 3.44 2.28 1.36 0.88 1.66 3.48 5.08 6.18 6.74 6.68 6.00 4.80 3.40 2.20 1.24 0.72
  3   1.68 3.70 5.34 6.45 7.09 7.14 6.70 5.69 4.28 3.08 1.96 1.12 0.81 1.98 3.82 5.32 6.21 6.65 6.45 5.68 4.40 3.16 2.06 1.26
  4   1.04 2.28 4.09 5.52 6.48 6.96 6.84 6.20 5.00 3.68 2.48 1.48 0.84 0.89 2.32 4.04 5.36 6.12 6.45 6.20 5.40 4.16 3.04 2.12
  5   1.48 1.60 2.80 4.44 5.68 6.50 6.80 6.50 5.68 4.44 3.24 2.16 1.32 0.88 1.36 2.75 4.24 5.32 5.96 6.19 5.88 5.00 3.96 3.00
  6   2.12 1.73 2.10 3.24 4.58 5.60 6.25 6.40 6.00 5.08 3.92 2.82 1.92 1.28 1.06 1.76 3.04 4.32 5.24 5.79 5.98 5.72 4.99 4.09
  7   3.25 2.55 2.23 2.48 3.36 4.44 5.36 5.89 6.00 5.60 4.68 3.68 2.76 2.00 1.44 1.38 2.00 3.10 4.20 5.06 5.60 5.82 5.69 5.16
  8   4.30 3.56 2.95 2.55 2.60 3.21 4.10 4.88 5.33 5.44 5.11 4.40 3.56 2.80 2.12 1.64 1.51 1.93 2.88 3.92 4.76 5.36 5.68 5.67
  9   5.16 4.45 3.72 3.05 2.60 2.51 2.88 3.62 4.40 4.94 5.18 5.04 4.52 3.80 3.04 2.32 1.75 1.46 1.74 2.60 3.68 4.65 5.40 5.88
 10   5.98 5.62 4.88 4.00 3.20 2.64 2.38 2.59 3.24 4.06 4.76 5.18 5.24 4.89 4.20 3.36 2.59 1.96 1.60 1.69 2.52 3.76 4.88 5.66
 11   6.19 6.24 5.80 4.93 4.00 3.15 2.52 2.22 2.48 3.26 4.22 4.98 5.41 5.48 5.04 4.20 3.25 2.36 1.65 1.28 1.57 2.60 4.00 5.15
 12   6.00 6.40 6.31 5.68 4.68 3.62 2.76 2.16 1.93 2.42 3.42 4.48 5.24 5.68 5.66 5.12 4.12 3.10 2.16 1.48 1.19 1.74 3.12 4.56
 13   5.76 6.40 6.63 6.32 5.52 4.40 3.31 2.46 1.93 1.95 2.74 3.96 4.98 5.68 5.96 5.73 4.96 3.86 2.78 1.88 1.29 1.24 2.20 3.76
 14   5.24 6.08 6.56 6.57 6.04 5.00 3.84 2.78 2.02 1.64 2.08 3.25 4.49 5.42 5.98 6.05 5.52 4.44 3.29 2.24 1.42 1.02 1.56 3.00
 15   4.72 5.79 6.48 6.70 6.40 5.52 4.32 3.20 2.24 1.60 1.60 2.54 3.96 5.10 5.96 6.28 6.00 5.08 3.92 2.78 1.84 1.20 1.24 2.38
 16   4.26 5.48 6.32 6.75 6.62 5.95 4.72 3.52 2.47 1.67 1.32 1.98 3.36 4.70 5.68 6.20 6.24 5.62 4.44 3.24 2.17 1.36 0.99 1.62
 17   3.48 4.92 5.96 6.60 6.73 6.28 5.24 3.96 2.84 1.96 1.36 1.54 2.67 4.06 5.28 6.05 6.39 6.12 5.20 3.96 2.80 1.80 1.18 1.20
 18   2.60 4.20 5.44 6.28 6.69 6.52 5.76 4.49 3.24 2.16 1.36 1.04 1.76 3.26 4.72 5.72 6.30 6.38 5.80 4.68 3.50 2.44 1.64 1.27
 19   1.90 3.56 4.94 5.95 6.57 6.68 6.18 5.08 3.84 2.68 1.74 1.12 1.22 2.38 3.96 5.21 6.00 6.41 6.24 5.48 4.32 3.24 2.29 1.66
 20   1.72 2.80 4.20 5.36 6.19 6.58 6.40 5.62 4.40 3.20 2.20 1.39 0.99 1.56 3.00 4.40 5.45 6.12 6.32 5.96 5.04 3.96 2.92 2.16
 21   1.73 2.20 3.38 4.60 5.60 6.28 6.43 6.00 5.00 3.80 2.72 1.84 1.22 1.19 2.08 3.52 4.76 5.61 6.12 6.19 5.76 4.84 3.84 3.00
 22   2.32 2.19 2.72 3.80 4.86 5.68 6.13 6.13 5.56 4.58 3.48 2.48 1.70 1.19 1.28 2.20 3.56 4.70 5.49 5.93 6.00 5.60 4.76 3.92
 23   3.08 2.49 2.32 2.69 3.54 4.55 5.28 5.68 5.67 5.15 4.20 3.24 2.36 1.65 1.20 1.32 2.12 3.38 4.50 5.26 5.76 5.89 5.64 4.96
 24   4.10 3.28 2.71 2.39 2.56 3.20 4.10 4.81 5.29 5.41 5.08 4.33 3.44 2.60 1.84 1.36 1.32 1.93 3.08 4.21 5.08 5.72 6.08 6.05
 25   5.52 4.62 3.76 3.04 2.52 2.37 2.80 3.64 4.50 5.18 5.52 5.48 5.00 4.12 3.20 2.32 1.60 1.19 1.45 2.40 3.76 4.90 5.76 6.30
 26   6.44 6.00 5.12 4.06 3.12 2.40 2.00 2.20 3.00 4.12 5.02 5.60 5.76 5.40 4.53 3.48 2.48 1.56 1.00 1.00 2.00 3.60 5.00 5.92
 27   6.56 6.64 6.20 5.26 4.12 3.02 2.17 1.67 1.88 2.96 4.26 5.29 5.96 6.22 5.92 5.00 3.84 2.68 1.68 0.98 0.81 1.96 3.80 5.28
 28   6.32 6.84 6.84 6.32 5.28 4.04 2.86 1.92 1.34 1.60 2.95 4.49 5.62 6.32 6.56 6.16 5.12 3.80 2.52 1.48 0.76 0.80 2.32 4.24
 ----------------------------------------------------------------------------------------------------------------------------
                                                                                               
 ----------------------------------------------------------------------------------------------------------------------------
 ----------------------------------------------------------------------------------------------------------------------------
                                                          SURVEY OF INDIA
                                                    MARINE GEODESY WING (G&RB)
                                                     HOURLY HEIGHTS IN METRES
  NAME OF PORT:- KANDLA                                                                             MONTH MARCH     YEAR 2014
 ----------------------------------------------------------------------------------------------------------------------------
 DAYS 0000 0001 0002 0003 0004 0005 0006 0007 0008 0009 0010 0011 0012 0013 0014 0015 0016 0017 0018 0019 0020 0021 0022 0023
 ----------------------------------------------------------------------------------------------------------------------------
  1   5.80 6.68 7.04 6.88 6.16 4.92 3.60 2.44 1.46 0.97 1.64 3.28 4.88 5.96 6.62 6.70 6.12 4.92 3.56 2.32 1.29 0.64 0.98 2.80
  2   4.96 6.16 6.89 7.10 6.74 5.80 4.40 3.09 1.92 1.06 0.74 1.88 3.72 5.27 6.28 6.80 6.72 6.02 4.72 3.40 2.20 1.20 0.68 1.40
  3   3.80 5.40 6.42 7.04 7.04 6.45 5.30 3.88 2.60 1.48 0.72 0.72 2.21 4.00 5.48 6.37 6.84 6.65 5.88 4.56 3.22 2.08 1.20 0.90
  4   2.36 4.20 5.62 6.56 7.02 6.85 6.10 4.80 3.44 2.20 1.16 0.56 0.96 2.64 4.40 5.68 6.48 6.78 6.48 5.60 4.28 3.02 2.00 1.30
  5   1.56 3.00 4.60 5.82 6.60 6.85 6.45 5.50 4.12 2.85 1.76 0.96 0.65 1.60 3.32 4.84 5.90 6.54 6.68 6.24 5.22 4.02 2.90 2.06
  6   1.58 2.20 3.52 4.92 5.95 6.57 6.64 6.08 4.92 3.68 2.52 1.60 0.97 1.04 2.20 3.80 5.07 5.95 6.44 6.45 5.89 4.88 3.78 2.84
  7   2.12 2.00 2.68 3.92 5.09 5.92 6.33 6.24 5.50 4.40 3.28 2.32 1.56 1.19 1.61 2.76 4.12 5.20 5.90 6.26 6.20 5.60 4.64 3.72
  8   2.85 2.42 2.44 3.08 4.08 5.02 5.65 5.93 5.72 5.02 4.04 3.08 2.24 1.68 1.50 2.01 3.04 4.20 5.10 5.72 6.03 5.98 5.44 4.65
  9   3.80 3.10 2.69 2.63 3.09 3.90 4.69 5.28 5.55 5.42 4.79 3.95 3.15 2.44 1.96 1.83 2.16 3.00 4.00 4.84 5.44 5.80 5.84 5.48
 10   4.76 4.00 3.36 2.85 2.61 2.80 3.42 4.18 4.82 5.16 5.20 4.87 4.22 3.52 2.84 2.28 1.95 2.04 2.65 3.62 4.52 5.22 5.70 5.88
 11   5.75 5.18 4.40 3.60 2.95 2.55 2.55 3.00 3.76 4.48 5.00 5.24 5.16 4.65 3.98 3.24 2.54 2.02 1.89 2.32 3.24 4.31 5.18 5.77
 12   6.10 6.02 5.40 4.50 3.60 2.84 2.33 2.24 2.75 3.58 4.42 5.04 5.38 5.37 4.92 4.08 3.20 2.42 1.87 1.72 2.20 3.24 4.42 5.32
 13   6.02 6.30 6.05 5.24 4.20 3.21 2.46 1.99 2.02 2.60 3.76 4.76 5.38 5.70 5.60 4.80 3.80 2.85 2.08 1.59 1.66 2.52 3.84 5.00
 14   5.94 6.38 6.38 5.80 4.75 3.64 2.68 2.00 1.70 2.16 3.24 4.44 5.35 5.88 6.01 5.60 4.60 3.48 2.52 1.76 1.36 1.80 3.04 4.44
 15   5.74 6.38 6.61 6.32 5.48 4.26 3.14 2.24 1.64 1.68 2.60 3.98 5.16 5.93 6.31 6.18 5.40 4.24 3.14 2.20 1.54 1.36 2.16 3.68
 16   5.28 6.16 6.61 6.59 5.96 4.76 3.60 2.52 1.70 1.34 1.90 3.32 4.72 5.73 6.36 6.52 6.04 4.96 3.76 2.68 1.80 1.29 1.56 2.92
 17   4.76 5.80 6.46 6.68 6.26 5.25 3.96 2.78 1.80 1.14 1.24 2.44 4.06 5.33 6.20 6.64 6.48 5.80 4.56 3.36 2.28 1.56 1.44 1.93
 18   3.90 5.36 6.24 6.68 6.56 5.84 4.60 3.34 2.20 1.36 0.90 1.56 3.14 4.70 5.80 6.46 6.62 6.20 5.20 3.96 2.80 1.88 1.31 1.58
 19   3.10 4.78 5.85 6.52 6.69 6.21 5.18 3.88 2.64 1.64 0.95 0.95 2.20 3.92 5.29 6.19 6.65 6.55 5.88 4.72 3.52 2.48 1.68 1.38
 20   2.27 4.00 5.29 6.20 6.64 6.49 5.79 4.52 3.28 2.19 1.29 0.83 1.40 2.96 4.60 5.78 6.52 6.76 6.44 5.60 4.40 3.32 2.36 1.72
 21   1.92 3.12 4.56 5.68 6.38 6.60 6.20 5.24 4.00 2.84 1.84 1.12 1.00 1.96 3.64 5.04 6.01 6.59 6.66 6.21 5.20 4.12 3.08 2.28
 22   1.83 2.38 3.60 4.88 5.80 6.33 6.36 5.74 4.60 3.48 2.44 1.56 1.04 1.20 2.40 3.96 5.22 6.04 6.50 6.48 5.94 4.96 3.92 3.00
 23   2.26 2.14 2.76 3.92 5.00 5.80 6.18 6.06 5.36 4.36 3.22 2.25 1.51 1.12 1.54 2.72 4.12 5.20 5.94 6.33 6.28 5.75 4.80 3.84
 24   2.92 2.38 2.25 2.78 3.73 4.73 5.44 5.80 5.73 5.15 4.20 3.30 2.40 1.68 1.37 1.64 2.64 3.96 5.04 5.76 6.16 6.21 5.80 5.00
 25   4.00 3.20 2.56 2.26 2.52 3.28 4.24 5.00 5.48 5.60 5.28 4.55 3.64 2.72 1.96 1.42 1.41 2.20 3.45 4.60 5.48 6.04 6.28 6.08
 26   5.32 4.40 3.48 2.72 2.20 2.12 2.68 3.66 4.61 5.29 5.68 5.65 5.14 4.21 3.26 2.36 1.64 1.30 1.76 2.96 4.26 5.26 6.00 6.41
 27   6.36 5.76 4.76 3.61 2.68 1.98 1.61 2.06 3.16 4.36 5.25 5.81 5.99 5.64 4.72 3.64 2.60 1.72 1.20 1.44 2.60 4.04 5.28 6.12
 28   6.66 6.57 5.98 4.81 3.60 2.52 1.69 1.27 1.76 3.01 4.44 5.48 6.12 6.34 5.96 4.96 3.76 2.60 1.68 1.09 1.36 2.64 4.36 5.59
 29   6.48 6.80 6.56 5.80 4.52 3.26 2.14 1.30 0.96 1.76 3.34 4.82 5.86 6.45 6.58 6.08 5.00 3.68 2.48 1.53 0.95 1.30 2.92 4.64
 30   5.98 6.65 6.84 6.40 5.40 4.00 2.76 1.68 0.88 0.65 1.92 3.72 5.20 6.16 6.69 6.66 6.04 4.80 3.56 2.36 1.44 0.95 1.68 3.40
 31   5.15 6.28 6.84 6.80 6.20 4.96 3.56 2.35 1.29 0.61 0.72 2.30 4.24 5.60 6.48 6.89 6.72 6.00 4.68 3.44 2.32 1.42 1.14 2.20
 ----------------------------------------------------------------------------------------------------------------------------
                                                                                               
 ----------------------------------------------------------------------------------------------------------------------------
 ----------------------------------------------------------------------------------------------------------------------------
                                                          SURVEY OF INDIA
                                                    MARINE GEODESY WING (G&RB)
                                                     HOURLY HEIGHTS IN METRES
  NAME OF PORT:- KANDLA                                                                             MONTH APRIL     YEAR 2014
 ----------------------------------------------------------------------------------------------------------------------------
 DAYS 0000 0001 0002 0003 0004 0005 0006 0007 0008 0009 0010 0011 0012 0013 0014 0015 0016 0017 0018 0019 0020 0021 0022 0023
 ----------------------------------------------------------------------------------------------------------------------------
  1   4.30 5.68 6.52 6.89 6.64 5.80 4.40 3.12 1.93 1.00 0.51 1.22 3.04 4.80 6.00 6.74 6.96 6.64 5.72 4.40 3.20 2.12 1.38 1.43
  2   3.16 4.80 5.94 6.62 6.76 6.25 5.18 3.84 2.60 1.52 0.78 0.64 1.96 3.80 5.36 6.32 6.84 6.82 6.26 5.20 3.85 2.69 1.76 1.32
  3   2.26 3.80 5.20 6.12 6.60 6.48 5.70 4.40 3.08 1.94 1.06 0.58 1.12 2.68 4.40 5.57 6.36 6.72 6.54 5.80 4.60 3.40 2.39 1.68
  4   1.68 2.72 4.20 5.34 6.05 6.33 6.00 4.97 3.74 2.58 1.62 0.95 0.82 1.73 3.20 4.64 5.66 6.28 6.47 6.11 5.20 4.09 3.00 2.20
  5   1.72 2.06 3.13 4.40 5.32 5.88 5.96 5.44 4.40 3.32 2.32 1.52 1.08 1.28 2.36 3.80 4.96 5.74 6.23 6.28 5.80 4.88 3.84 2.94
  6   2.24 2.06 2.56 3.60 4.60 5.34 5.72 5.65 5.08 4.14 3.20 2.36 1.76 1.50 1.89 2.92 4.16 5.12 5.78 6.15 6.07 5.52 4.65 3.80
  7   2.94 2.44 2.32 2.76 3.60 4.45 5.08 5.38 5.30 4.80 4.00 3.18 2.48 1.96 1.78 2.12 3.00 4.08 4.93 5.52 5.84 5.80 5.38 4.65
  8   3.80 3.14 2.64 2.44 2.68 3.36 4.15 4.76 5.09 5.11 4.79 4.16 3.48 2.85 2.34 2.08 2.24 2.89 3.84 4.72 5.36 5.72 5.79 5.48
  9   4.72 4.00 3.28 2.72 2.39 2.45 2.98 3.74 4.45 4.92 5.13 5.00 4.56 3.88 3.14 2.54 2.15 2.09 2.56 3.48 4.46 5.16 5.68 5.88
 10   5.64 4.96 4.08 3.28 2.59 2.10 2.07 2.56 3.48 4.36 5.00 5.36 5.36 4.94 4.17 3.38 2.64 2.08 1.89 2.32 3.28 4.36 5.24 5.80
 11   6.06 5.76 4.96 3.96 3.00 2.24 1.76 1.80 2.52 3.60 4.60 5.28 5.66 5.64 5.12 4.28 3.36 2.54 1.96 1.79 2.32 3.40 4.58 5.44
 12   6.01 6.14 5.68 4.70 3.60 2.60 1.84 1.41 1.72 2.76 4.04 5.01 5.66 5.97 5.80 5.08 4.08 3.06 2.20 1.68 1.72 2.54 3.88 5.00
 13   5.87 6.32 6.16 5.40 4.28 3.10 2.12 1.41 1.18 1.96 3.36 4.64 5.60 6.18 6.30 5.88 4.92 3.80 2.72 1.96 1.52 1.81 2.98 4.36
 14   5.51 6.22 6.43 6.00 4.96 3.68 2.53 1.60 0.99 1.16 2.40 3.96 5.20 6.00 6.46 6.38 5.74 4.56 3.36 2.36 1.64 1.40 2.15 3.60
 15   5.04 6.00 6.48 6.40 5.64 4.36 3.04 1.94 1.08 0.72 1.52 3.12 4.66 5.72 6.42 6.64 6.28 5.32 4.08 2.92 2.00 1.44 1.66 2.88
 16   4.56 5.76 6.44 6.60 6.09 4.96 3.68 2.44 1.40 0.72 0.81 2.21 4.04 5.40 6.28 6.76 6.68 6.08 4.92 3.72 2.60 1.80 1.43 2.12
 17   3.92 5.25 6.13 6.60 6.45 5.65 4.32 3.00 1.88 0.98 0.55 1.24 3.00 4.64 5.80 6.56 6.84 6.60 5.80 4.56 3.40 2.40 1.66 1.58
 18   2.76 4.44 5.59 6.29 6.52 6.08 5.00 3.72 2.44 1.42 0.68 0.58 1.80 3.64 5.12 6.12 6.76 6.80 6.36 5.40 4.12 3.00 2.08 1.55
 19   1.91 3.36 4.76 5.76 6.28 6.33 5.68 4.48 3.16 2.04 1.12 0.54 0.88 2.36 4.08 5.40 6.24 6.68 6.59 6.00 4.88 3.74 2.66 1.88
 20   1.56 2.36 3.72 5.00 5.80 6.19 6.00 5.20 4.00 2.88 1.84 1.02 0.60 1.12 2.56 4.16 5.36 6.12 6.53 6.44 5.84 4.80 3.64 2.70
 21   1.86 1.75 2.44 3.66 4.79 5.53 5.89 5.80 5.04 3.92 2.84 1.85 1.10 0.80 1.40 2.76 4.26 5.36 6.08 6.48 6.36 5.73 4.65 3.59
 22   2.52 1.93 1.78 2.39 3.50 4.55 5.21 5.59 5.48 4.88 3.92 2.88 2.00 1.32 1.02 1.48 2.72 4.10 5.13 5.85 6.25 6.24 5.68 4.69
 23   3.48 2.60 2.00 1.72 2.12 3.05 4.09 4.88 5.36 5.49 5.16 4.40 3.44 2.56 1.80 1.33 1.49 2.40 3.74 4.88 5.68 6.16 6.28 5.90
 24   4.80 3.77 2.84 2.09 1.62 1.74 2.53 3.65 4.61 5.26 5.62 5.59 5.05 4.16 3.20 2.29 1.64 1.45 2.08 3.36 4.60 5.48 6.10 6.33
 25   6.00 5.09 4.00 2.96 2.08 1.44 1.31 2.04 3.36 4.53 5.36 5.88 6.03 5.64 4.60 3.52 2.56 1.84 1.52 2.12 3.40 4.70 5.70 6.34
 26   6.52 6.12 5.20 3.94 2.80 1.84 1.17 1.16 2.12 3.60 4.90 5.80 6.36 6.44 6.00 4.96 3.80 2.72 1.92 1.49 2.00 3.32 4.72 5.76
 27   6.48 6.55 6.00 4.92 3.64 2.48 1.49 0.84 0.92 2.16 3.85 5.20 6.05 6.56 6.56 6.00 4.92 3.72 2.60 1.80 1.42 2.04 3.53 5.00
 28   6.08 6.60 6.52 5.84 4.60 3.32 2.16 1.16 0.60 0.96 2.52 4.28 5.54 6.36 6.77 6.64 6.00 4.80 3.54 2.45 1.68 1.45 2.38 4.00
 29   5.49 6.30 6.64 6.37 5.48 4.12 2.84 1.68 0.80 0.46 1.40 3.20 4.80 5.88 6.61 6.85 6.56 5.76 4.48 3.28 2.28 1.60 1.64 2.82
 30   4.70 5.79 6.46 6.60 6.08 4.92 3.60 2.32 1.29 0.64 0.66 2.08 3.92 5.29 6.28 6.88 6.88 6.36 5.36 4.12 3.00 2.08 1.54 1.98
 ----------------------------------------------------------------------------------------------------------------------------
                                                                                               
 ----------------------------------------------------------------------------------------------------------------------------
 ----------------------------------------------------------------------------------------------------------------------------
                                                          SURVEY OF INDIA
                                                    MARINE GEODESY WING (G&RB)
                                                     HOURLY HEIGHTS IN METRES
  NAME OF PORT:- KANDLA                                                                             MONTH MAY       YEAR 2014
 ----------------------------------------------------------------------------------------------------------------------------
 DAYS 0000 0001 0002 0003 0004 0005 0006 0007 0008 0009 0010 0011 0012 0013 0014 0015 0016 0017 0018 0019 0020 0021 0022 0023
 ----------------------------------------------------------------------------------------------------------------------------
  1   3.49 5.04 5.96 6.46 6.36 5.56 4.26 3.04 1.90 1.04 0.59 1.22 2.88 4.56 5.80 6.58 6.91 6.69 6.00 4.88 3.76 2.68 1.88 1.60
  2   2.46 4.12 5.33 6.06 6.36 6.00 5.00 3.80 2.60 1.60 0.92 0.84 1.88 3.60 5.05 6.04 6.68 6.80 6.45 5.62 4.45 3.32 2.40 1.80
  3   1.91 3.20 4.60 5.56 6.08 6.12 5.56 4.40 3.28 2.24 1.44 1.00 1.36 2.68 4.28 5.40 6.20 6.65 6.60 6.08 5.05 3.96 2.92 2.20
  4   1.86 2.40 3.60 4.80 5.60 5.96 5.80 5.00 3.89 2.84 1.96 1.35 1.20 1.84 3.20 4.60 5.60 6.28 6.56 6.34 5.64 4.60 3.54 2.72
  5   2.10 2.04 2.80 3.92 4.89 5.45 5.68 5.40 4.56 3.60 2.68 1.96 1.52 1.60 2.40 3.72 4.85 5.69 6.24 6.38 6.04 5.24 4.24 3.29
  6   2.53 2.04 2.20 2.96 4.00 4.80 5.24 5.35 4.96 4.22 3.42 2.64 2.08 1.79 1.96 2.79 3.96 4.99 5.70 6.16 6.20 5.80 5.00 4.08
  7   3.18 2.46 2.15 2.29 3.00 3.92 4.68 5.09 5.23 4.99 4.40 3.68 2.98 2.44 2.12 2.20 2.84 3.88 4.85 5.56 5.96 6.04 5.66 4.92
  8   3.99 3.14 2.54 2.16 2.24 2.75 3.60 4.40 4.95 5.20 5.12 4.72 4.08 3.44 2.80 2.40 2.36 2.84 3.78 4.76 5.45 5.89 6.00 5.69
  9   4.94 4.00 3.19 2.48 2.03 2.01 2.59 3.56 4.44 4.98 5.32 5.36 5.00 4.40 3.65 2.99 2.48 2.30 2.68 3.60 4.60 5.32 5.80 5.92
 10   5.56 4.72 3.80 2.92 2.20 1.70 1.77 2.46 3.60 4.56 5.25 5.68 5.75 5.40 4.64 3.76 2.96 2.41 2.24 2.61 3.58 4.60 5.44 5.96
 11   6.07 5.55 4.60 3.56 2.61 1.84 1.38 1.52 2.48 3.80 4.88 5.60 6.04 6.02 5.52 4.60 3.61 2.80 2.21 2.05 2.60 3.68 4.83 5.63
 12   6.13 6.09 5.45 4.33 3.20 2.26 1.49 1.15 1.64 2.92 4.36 5.40 6.12 6.44 6.32 5.64 4.56 3.52 2.64 2.08 1.98 2.68 4.00 5.15
 13   5.97 6.33 6.08 5.20 3.96 2.76 1.80 1.08 0.96 1.88 3.50 4.88 5.88 6.48 6.65 6.32 5.48 4.32 3.24 2.36 1.80 1.90 2.92 4.36
 14   5.50 6.16 6.28 5.72 4.60 3.32 2.16 1.20 0.59 0.76 2.24 4.00 5.30 6.13 6.65 6.61 6.09 5.04 3.88 2.80 1.99 1.53 2.00 3.36
 15   4.86 5.88 6.33 6.19 5.36 4.04 2.76 1.60 0.73 0.32 1.05 2.84 4.56 5.68 6.50 6.83 6.60 5.90 4.70 3.55 2.52 1.78 1.55 2.46
 16   4.20 5.40 6.12 6.36 5.92 4.88 3.56 2.28 1.24 0.48 0.32 1.68 3.64 5.16 6.20 6.73 6.89 6.52 5.66 4.40 3.28 2.28 1.60 1.61
 17   3.10 4.60 5.64 6.26 6.32 5.68 4.48 3.12 1.92 1.00 0.36 0.52 2.12 4.04 5.40 6.32 6.83 6.76 6.24 5.24 4.00 2.92 2.00 1.48
 18   2.02 3.44 4.84 5.76 6.24 6.13 5.36 4.08 2.80 1.68 0.84 0.35 0.88 2.56 4.36 5.63 6.48 6.84 6.70 6.08 4.97 3.84 2.76 1.89
 19   1.58 2.20 3.66 4.92 5.73 6.08 5.88 5.00 3.80 2.64 1.64 0.84 0.61 1.24 2.95 4.55 5.72 6.45 6.73 6.52 5.84 4.68 3.49 2.48
 20   1.81 1.45 2.28 3.68 4.80 5.56 5.85 5.60 4.76 3.68 2.63 1.72 1.04 0.84 1.63 3.28 4.76 5.80 6.48 6.66 6.36 5.57 4.44 3.32
 21   2.42 1.52 1.50 2.36 3.68 4.73 5.51 5.73 5.56 4.88 3.92 2.96 2.12 1.48 1.20 1.88 3.36 4.80 5.76 6.40 6.60 6.32 5.52 4.44
 22   3.36 2.24 1.61 1.44 2.08 3.28 4.44 5.23 5.66 5.72 5.28 4.37 3.43 2.55 1.87 1.56 2.02 3.28 4.66 5.63 6.26 6.48 6.24 5.48
 23   4.45 3.16 2.26 1.56 1.26 1.81 3.00 4.20 5.08 5.66 5.92 5.73 5.04 4.08 3.16 2.40 1.92 2.01 2.96 4.26 5.33 6.03 6.37 6.21
 24   5.48 4.30 3.24 2.28 1.52 1.12 1.48 2.64 4.04 5.08 5.80 6.17 6.08 5.48 4.48 3.48 2.60 2.03 1.96 2.68 4.00 5.13 5.89 6.29
 25   6.13 5.36 4.24 3.08 2.08 1.28 0.84 1.28 2.57 4.04 5.10 5.96 6.36 6.28 5.68 4.60 3.56 2.60 2.00 1.89 2.60 3.88 5.07 5.83
 26   6.23 6.03 5.24 4.14 2.88 1.84 1.01 0.59 1.16 2.64 4.26 5.40 6.13 6.50 6.36 5.68 4.54 3.40 2.48 1.84 1.74 2.56 3.96 5.16
 27   5.92 6.25 5.96 5.02 3.82 2.64 1.63 0.84 0.56 1.43 3.08 4.68 5.73 6.41 6.68 6.40 5.64 4.48 3.40 2.48 1.88 1.80 2.77 4.20
 28   5.36 6.04 6.22 5.76 4.68 3.48 2.28 1.32 0.67 0.69 1.96 3.76 5.16 6.08 6.68 6.73 6.32 5.36 4.20 3.14 2.28 1.81 2.18 3.40
 29   4.81 5.79 6.24 6.16 5.40 4.16 2.94 1.88 1.07 0.68 1.33 2.96 4.56 5.68 6.50 6.84 6.68 6.04 4.88 3.76 2.72 1.96 1.68 2.44
 30   3.95 5.26 5.97 6.28 5.97 4.98 3.72 2.52 1.54 0.88 0.84 1.93 3.68 5.04 6.00 6.64 6.80 6.45 5.64 4.44 3.32 2.42 1.83 1.93
 31   3.12 4.60 5.52 6.08 6.16 5.56 4.40 3.20 2.12 1.28 0.90 1.40 2.80 4.28 5.48 6.32 6.76 6.67 6.12 5.08 3.88 2.84 2.08 1.72
 ----------------------------------------------------------------------------------------------------------------------------
                                                                                               
 ----------------------------------------------------------------------------------------------------------------------------
 ----------------------------------------------------------------------------------------------------------------------------
                                                          SURVEY OF INDIA
                                                    MARINE GEODESY WING (G&RB)
                                                     HOURLY HEIGHTS IN METRES
  NAME OF PORT:- KANDLA                                                                             MONTH JUNE      YEAR 2014
 ----------------------------------------------------------------------------------------------------------------------------
 DAYS 0000 0001 0002 0003 0004 0005 0006 0007 0008 0009 0010 0011 0012 0013 0014 0015 0016 0017 0018 0019 0020 0021 0022 0023
 ----------------------------------------------------------------------------------------------------------------------------
  1   2.44 3.76 4.93 5.72 6.08 5.88 5.00 3.80 2.64 1.72 1.09 1.03 1.96 3.44 4.84 5.80 6.48 6.69 6.40 5.64 4.48 3.40 2.45 1.74
  2   1.88 2.88 4.16 5.16 5.76 5.92 5.49 4.48 3.34 2.32 1.56 1.16 1.48 2.60 4.04 5.20 6.04 6.56 6.56 6.08 5.08 4.00 2.96 2.20
  3   1.78 2.24 3.28 4.48 5.28 5.72 5.68 5.08 4.04 3.08 2.24 1.63 1.44 1.96 3.14 4.44 5.44 6.12 6.44 6.28 5.60 4.52 3.48 2.60
  4   1.93 1.88 2.48 3.60 4.60 5.28 5.58 5.44 4.82 3.88 2.96 2.22 1.80 1.80 2.40 3.60 4.84 5.72 6.32 6.48 6.13 5.34 4.28 3.32
  5   2.49 1.96 1.96 2.68 3.76 4.69 5.28 5.52 5.36 4.76 3.92 3.16 2.52 2.12 2.16 2.80 3.96 5.05 5.84 6.32 6.33 5.92 5.04 4.04
  6   3.12 2.39 1.98 2.08 2.79 3.80 4.69 5.26 5.51 5.40 4.90 4.16 3.44 2.84 2.44 2.41 2.96 4.00 5.04 5.76 6.19 6.20 5.76 4.88
  7   3.83 2.95 2.28 1.86 2.04 2.76 3.80 4.72 5.32 5.63 5.62 5.24 4.56 3.81 3.12 2.65 2.54 2.99 3.95 4.96 5.68 6.08 6.12 5.72
  8   4.79 3.80 2.92 2.20 1.76 1.85 2.60 3.72 4.72 5.40 5.84 5.92 5.56 4.88 4.04 3.28 2.76 2.56 2.92 3.80 4.84 5.60 6.08 6.12
  9   5.62 4.66 3.64 2.72 2.00 1.52 1.64 2.52 3.80 4.90 5.72 6.20 6.25 5.88 5.08 4.12 3.32 2.70 2.42 2.76 3.72 4.80 5.68 6.19
 10   6.18 5.64 4.63 3.52 2.60 1.76 1.28 1.52 2.60 4.04 5.22 6.04 6.52 6.52 6.16 5.25 4.20 3.28 2.64 2.40 2.84 3.96 5.14 5.98
 11   6.49 6.44 5.76 4.60 3.40 2.36 1.56 1.29 1.80 3.28 4.80 5.94 6.72 7.08 6.96 6.45 5.48 4.36 3.40 2.71 2.48 3.09 4.37 5.56
 12   6.40 6.80 6.56 5.76 4.52 3.24 2.14 1.33 1.02 1.96 3.72 5.28 6.40 7.08 7.29 7.08 6.40 5.32 4.16 3.24 2.49 2.27 3.16 4.52
 13   5.80 6.64 6.80 6.40 5.40 4.00 2.69 1.60 0.80 0.72 2.16 4.12 5.56 6.56 7.16 7.28 6.90 6.00 4.80 3.74 2.76 2.04 2.08 3.32
 14   4.94 6.12 6.72 6.76 6.16 4.92 3.60 2.32 1.21 0.52 0.80 2.59 4.48 5.85 6.76 7.24 7.20 6.72 5.72 4.44 3.36 2.42 1.80 2.12
 15   3.66 5.25 6.20 6.72 6.64 5.86 4.52 3.16 1.88 0.96 0.44 1.12 3.00 4.80 6.08 6.92 7.28 7.19 6.56 5.40 4.13 3.00 2.08 1.60
 16   2.35 4.00 5.40 6.25 6.69 6.48 5.64 4.29 2.94 1.75 0.88 0.49 1.48 3.40 5.12 6.24 7.01 7.26 7.05 6.32 5.12 3.85 2.70 1.88
 17   1.54 2.64 4.20 5.49 6.28 6.65 6.40 5.50 4.20 2.92 1.84 1.09 0.89 1.96 3.84 5.35 6.40 7.08 7.19 6.84 6.00 4.76 3.60 2.50
 18   1.70 1.60 2.70 4.18 5.45 6.16 6.47 6.17 5.28 4.08 2.93 2.00 1.32 1.16 2.20 3.96 5.48 6.48 7.04 7.08 6.64 5.72 4.44 3.34
 19   2.29 1.53 1.60 2.72 4.16 5.32 6.00 6.32 6.09 5.33 4.28 3.24 2.33 1.72 1.60 2.52 4.08 5.48 6.40 6.92 6.88 6.40 5.40 4.24
 20   3.05 2.04 1.44 1.49 2.52 4.00 5.09 5.80 6.18 6.12 5.56 4.62 3.64 2.80 2.18 2.00 2.60 4.00 5.36 6.24 6.73 6.71 6.24 5.26
 21   4.09 2.92 2.08 1.50 1.50 2.40 3.76 4.92 5.68 6.16 6.28 5.97 5.20 4.30 3.44 2.73 2.38 2.64 3.72 4.96 5.88 6.40 6.48 6.04
 22   5.09 3.92 2.92 2.08 1.49 1.40 2.16 3.52 4.76 5.60 6.20 6.44 6.25 5.60 4.60 3.64 2.84 2.40 2.52 3.40 4.56 5.52 6.08 6.28
 23   5.94 5.00 4.00 2.96 2.08 1.44 1.28 1.93 3.36 4.69 5.62 6.28 6.56 6.40 5.72 4.72 3.72 2.88 2.40 2.40 3.16 4.32 5.36 6.00
 24   6.22 5.81 4.96 3.88 2.84 1.93 1.28 1.08 1.88 3.40 4.76 5.76 6.42 6.68 6.40 5.68 4.60 3.60 2.76 2.28 2.32 3.08 4.33 5.36
 25   5.95 6.12 5.72 4.73 3.64 2.53 1.68 1.08 1.05 2.12 3.74 5.12 6.02 6.60 6.69 6.33 5.48 4.36 3.32 2.52 2.08 2.24 3.28 4.52
 26   5.50 6.04 6.08 5.48 4.40 3.20 2.14 1.32 0.85 1.16 2.60 4.28 5.48 6.30 6.76 6.68 6.12 5.00 3.88 2.88 2.12 1.76 2.28 3.56
 27   4.86 5.72 6.08 5.92 5.12 3.96 2.80 1.76 1.00 0.72 1.56 3.24 4.76 5.80 6.52 6.76 6.52 5.73 4.60 3.48 2.56 1.92 1.82 2.68
 28   4.12 5.32 5.93 6.14 5.72 4.64 3.44 2.32 1.44 0.85 0.96 2.20 4.00 5.28 6.20 6.72 6.73 6.24 5.25 4.08 3.00 2.20 1.73 2.08
 29   3.27 4.80 5.66 6.12 6.09 5.40 4.20 3.08 2.04 1.24 0.92 1.60 3.13 4.64 5.73 6.48 6.76 6.56 5.88 4.76 3.64 2.68 1.97 1.76
 30   2.57 4.04 5.17 5.88 6.16 5.84 4.88 3.72 2.60 1.76 1.22 1.36 2.44 3.96 5.28 6.16 6.70 6.77 6.33 5.40 4.24 3.16 2.29 1.81
 ----------------------------------------------------------------------------------------------------------------------------
                                                                                               
 ----------------------------------------------------------------------------------------------------------------------------
 ----------------------------------------------------------------------------------------------------------------------------
                                                          SURVEY OF INDIA
                                                    MARINE GEODESY WING (G&RB)
                                                     HOURLY HEIGHTS IN METRES
  NAME OF PORT:- KANDLA                                                                             MONTH JULY      YEAR 2014
 ----------------------------------------------------------------------------------------------------------------------------
 DAYS 0000 0001 0002 0003 0004 0005 0006 0007 0008 0009 0010 0011 0012 0013 0014 0015 0016 0017 0018 0019 0020 0021 0022 0023
 ----------------------------------------------------------------------------------------------------------------------------
  1   2.07 3.28 4.54 5.44 5.96 6.04 5.50 4.40 3.25 2.28 1.59 1.32 1.84 3.16 4.60 5.60 6.32 6.64 6.41 5.73 4.60 3.48 2.52 1.88
  2   1.70 2.54 3.86 4.96 5.60 5.92 5.70 4.88 3.82 2.80 1.96 1.48 1.51 2.34 3.80 5.08 5.93 6.52 6.60 6.16 5.20 4.08 3.00 2.18
  3   1.66 1.92 2.96 4.20 5.16 5.69 5.84 5.41 4.49 3.49 2.60 1.98 1.68 2.00 3.00 4.32 5.40 6.14 6.52 6.38 5.72 4.60 3.50 2.60
  4   1.86 1.59 2.16 3.40 4.52 5.30 5.72 5.72 5.16 4.24 3.32 2.53 2.02 1.84 2.29 3.36 4.56 5.52 6.16 6.36 6.04 5.20 4.12 3.09
  5   2.19 1.58 1.56 2.32 3.52 4.56 5.24 5.56 5.52 5.00 4.20 3.40 2.66 2.15 2.03 2.54 3.60 4.76 5.60 6.12 6.20 5.80 4.84 3.84
  6   2.79 1.95 1.48 1.56 2.36 3.55 4.56 5.21 5.58 5.56 5.12 4.40 3.61 2.92 2.40 2.24 2.60 3.56 4.64 5.48 5.96 6.00 5.56 4.64
  7   3.58 2.56 1.81 1.39 1.48 2.28 3.48 4.54 5.24 5.68 5.79 5.48 4.80 4.00 3.20 2.64 2.36 2.57 3.40 4.45 5.28 5.76 5.85 5.44
  8   4.52 3.44 2.54 1.76 1.28 1.32 2.12 3.40 4.49 5.28 5.84 6.02 5.80 5.12 4.12 3.28 2.60 2.27 2.44 3.20 4.24 5.08 5.63 5.76
  9   5.40 4.42 3.40 2.40 1.60 1.00 1.00 1.90 3.32 4.54 5.40 6.00 6.25 6.00 5.24 4.24 3.24 2.52 2.08 2.16 2.92 4.04 5.01 5.62
 10   5.84 5.44 4.48 3.35 2.24 1.32 0.68 0.68 1.72 3.36 4.72 5.64 6.28 6.51 6.20 5.40 4.32 3.28 2.41 1.95 2.02 2.89 4.18 5.20
 11   5.84 6.00 5.52 4.44 3.20 2.04 1.04 0.44 0.45 1.76 3.60 5.00 5.97 6.60 6.72 6.36 5.48 4.28 3.16 2.28 1.72 1.88 2.91 4.32
 12   5.42 6.07 6.14 5.52 4.32 3.00 1.78 0.80 0.16 0.28 1.92 3.88 5.24 6.16 6.72 6.74 6.26 5.20 3.94 2.80 1.92 1.37 1.70 3.04
 13   4.64 5.74 6.28 6.25 5.54 4.17 2.84 1.60 0.64 0.08 0.56 2.45 4.32 5.62 6.52 6.95 6.84 6.20 5.00 3.77 2.60 1.68 1.19 1.76
 14   3.42 5.08 6.00 6.48 6.36 5.52 4.12 2.76 1.52 0.60 0.08 0.84 2.88 4.68 5.92 6.72 7.00 6.76 6.00 4.72 3.46 2.32 1.44 1.05
 15   2.08 3.96 5.32 6.18 6.58 6.22 5.26 3.92 2.62 1.48 0.66 0.36 1.12 3.44 5.24 6.32 6.96 7.03 6.60 5.64 4.28 3.09 2.00 1.20
 16   1.02 2.52 4.20 5.49 6.21 6.48 6.07 5.00 3.72 2.48 1.44 0.72 0.64 1.96 4.00 5.48 6.40 6.96 6.88 6.29 5.24 3.92 2.68 1.69
 17   0.98 1.25 2.76 4.40 5.52 6.16 6.39 5.96 4.92 3.76 2.60 1.68 1.04 1.18 2.50 4.30 5.64 6.49 6.92 6.72 6.02 4.84 3.60 2.48
 18   1.49 0.90 1.44 2.92 4.40 5.44 6.04 6.25 5.86 4.96 3.88 2.88 2.08 1.63 1.87 3.08 4.60 5.80 6.55 6.79 6.48 5.69 4.49 3.36
 19   2.24 1.40 1.08 1.76 3.20 4.52 5.44 6.00 6.16 5.84 5.04 4.12 3.24 2.52 2.08 2.20 3.16 4.52 5.64 6.28 6.52 6.20 5.32 4.24
 20   3.14 2.12 1.44 1.16 1.75 3.08 4.32 5.24 5.80 6.08 5.90 5.32 4.48 3.67 2.95 2.44 2.36 3.00 4.20 5.24 5.85 6.12 5.89 5.16
 21   4.14 3.05 2.20 1.50 1.23 1.65 2.80 4.06 5.00 5.67 6.05 6.09 5.68 4.92 4.00 3.20 2.60 2.39 2.80 3.76 4.72 5.44 5.80 5.76
 22   5.17 4.19 3.20 2.40 1.69 1.31 1.56 2.54 3.84 4.95 5.69 6.20 6.32 5.96 5.16 4.20 3.28 2.60 2.28 2.56 3.40 4.40 5.18 5.61
 23   5.69 5.20 4.32 3.36 2.44 1.65 1.21 1.38 2.32 3.75 4.96 5.78 6.32 6.44 6.08 5.20 4.20 3.28 2.60 2.21 2.40 3.28 4.38 5.20
 24   5.70 5.75 5.20 4.29 3.29 2.32 1.61 1.19 1.46 2.60 4.09 5.29 6.08 6.56 6.56 6.12 5.16 4.12 3.16 2.52 2.16 2.40 3.40 4.52
 25   5.38 5.80 5.68 5.00 3.88 2.80 1.88 1.16 0.86 1.52 3.00 4.50 5.56 6.28 6.58 6.37 5.60 4.48 3.40 2.56 1.92 1.82 2.56 3.80
 26   4.98 5.69 5.98 5.69 4.80 3.60 2.52 1.59 0.93 0.93 2.12 3.76 5.12 6.00 6.60 6.65 6.20 5.20 4.04 3.00 2.12 1.60 1.84 2.95
 27   4.38 5.43 5.93 6.00 5.40 4.28 3.09 2.04 1.20 0.79 1.36 2.89 4.48 5.58 6.35 6.71 6.56 5.88 4.72 3.60 2.60 1.88 1.65 2.39
 28   3.86 5.10 5.82 6.16 5.96 5.08 3.89 2.76 1.76 1.12 1.12 2.20 3.80 5.16 6.08 6.66 6.74 6.29 5.32 4.14 3.00 2.16 1.60 1.80
 29   3.06 4.62 5.54 6.10 6.23 5.70 4.56 3.40 2.30 1.48 1.08 1.60 3.04 4.54 5.69 6.45 6.79 6.58 5.86 4.66 3.52 2.47 1.72 1.47
 30   2.30 3.92 5.09 5.85 6.21 6.07 5.24 4.04 2.89 1.94 1.28 1.24 2.21 3.78 5.12 6.04 6.63 6.68 6.20 5.20 3.98 2.88 1.99 1.41
 31   1.71 3.12 4.52 5.52 6.09 6.20 5.70 4.60 3.48 2.44 1.64 1.24 1.72 2.96 4.45 5.60 6.36 6.68 6.45 5.68 4.52 3.33 2.32 1.60
 ----------------------------------------------------------------------------------------------------------------------------
                                                                                               
 ----------------------------------------------------------------------------------------------------------------------------
 ----------------------------------------------------------------------------------------------------------------------------
                                                          SURVEY OF INDIA
                                                    MARINE GEODESY WING (G&RB)
                                                     HOURLY HEIGHTS IN METRES
  NAME OF PORT:- KANDLA                                                                             MONTH AUGUST    YEAR 2014
 ----------------------------------------------------------------------------------------------------------------------------
 DAYS 0000 0001 0002 0003 0004 0005 0006 0007 0008 0009 0010 0011 0012 0013 0014 0015 0016 0017 0018 0019 0020 0021 0022 0023
 ----------------------------------------------------------------------------------------------------------------------------
  1   1.33 2.28 3.72 4.96 5.76 6.16 6.01 5.25 4.18 3.08 2.16 1.52 1.44 2.24 3.65 4.96 5.88 6.44 6.52 6.05 5.04 3.84 2.73 1.90
  2   1.32 1.60 2.80 4.16 5.16 5.78 6.02 5.84 4.96 3.92 2.88 2.16 1.80 2.04 2.92 4.20 5.33 6.15 6.56 6.44 5.76 4.66 3.48 2.48
  3   1.68 1.33 1.96 3.26 4.50 5.36 5.89 6.04 5.64 4.80 3.88 3.04 2.48 2.22 2.50 3.44 4.58 5.52 6.14 6.36 6.04 5.24 4.17 3.16
  4   2.24 1.60 1.56 2.28 3.56 4.68 5.41 5.85 5.90 5.50 4.76 3.96 3.20 2.66 2.38 2.60 3.52 4.60 5.43 5.94 6.04 5.64 4.76 3.80
  5   2.78 1.92 1.40 1.44 2.20 3.46 4.52 5.25 5.72 5.85 5.60 4.98 4.20 3.48 2.86 2.51 2.60 3.32 4.30 5.16 5.68 5.84 5.53 4.78
  6   3.74 2.73 1.96 1.37 1.27 1.92 3.16 4.32 5.18 5.76 6.04 5.99 5.44 4.64 3.70 2.92 2.39 2.26 2.78 3.68 4.68 5.35 5.66 5.54
  7   4.91 3.88 2.88 2.00 1.28 0.99 1.49 2.76 4.07 5.08 5.84 6.28 6.33 5.86 4.96 3.92 3.02 2.40 2.10 2.45 3.40 4.50 5.32 5.80
  8   5.84 5.23 4.20 3.08 2.04 1.20 0.74 1.13 2.48 4.08 5.25 6.08 6.58 6.58 6.11 5.13 4.04 3.02 2.24 1.85 2.20 3.34 4.60 5.53
  9   6.05 6.12 5.48 4.32 3.08 1.96 1.04 0.50 0.89 2.44 4.20 5.48 6.36 6.82 6.77 6.20 5.13 3.92 2.80 1.93 1.48 1.96 3.44 4.89
 10   5.88 6.44 6.36 5.62 4.26 3.04 1.88 0.92 0.35 0.84 2.72 4.60 5.84 6.68 7.04 6.85 6.16 5.00 3.72 2.60 1.68 1.24 1.96 3.64
 11   5.08 6.16 6.64 6.48 5.72 4.36 3.00 1.76 0.80 0.28 1.12 3.20 5.00 6.16 6.92 7.12 6.84 6.00 4.69 3.44 2.30 1.41 1.06 2.20
 12   4.08 5.64 6.44 6.80 6.52 5.60 4.20 2.88 1.65 0.76 0.38 1.60 3.76 5.40 6.48 7.13 7.16 6.68 5.64 4.20 3.00 1.84 1.04 1.00
 13   2.70 4.68 5.89 6.64 6.88 6.45 5.48 4.04 2.72 1.60 0.80 0.76 2.36 4.38 5.88 6.76 7.18 7.01 6.32 5.12 3.72 2.54 1.49 0.80
 14   1.29 3.33 4.98 6.05 6.71 6.84 6.33 5.28 3.92 2.68 1.68 1.08 1.36 2.96 4.72 5.98 6.80 7.05 6.76 5.92 4.60 3.32 2.14 1.24
 15   0.82 1.96 3.72 5.13 6.08 6.64 6.66 6.16 5.04 3.80 2.64 1.80 1.40 1.96 3.56 5.08 6.16 6.82 6.92 6.48 5.52 4.20 3.00 1.92
 16   1.15 1.08 2.28 3.92 5.20 6.04 6.52 6.49 5.92 4.88 3.80 2.80 2.12 1.84 2.44 3.80 5.12 6.08 6.60 6.60 6.02 4.92 3.70 2.61
 17   1.69 1.10 1.34 2.52 4.00 5.12 5.86 6.26 6.20 5.60 4.64 3.68 2.84 2.26 2.06 2.58 3.73 4.96 5.80 6.25 6.22 5.60 4.52 3.44
 18   2.45 1.64 1.24 1.52 2.52 3.88 4.90 5.57 5.97 5.98 5.52 4.70 3.84 3.04 2.44 2.16 2.52 3.48 4.56 5.34 5.76 5.76 5.28 4.40
 19   3.46 2.52 1.87 1.47 1.59 2.40 3.60 4.64 5.39 5.85 6.00 5.76 5.12 4.28 3.44 2.74 2.36 2.44 3.08 4.04 4.88 5.40 5.60 5.38
 20   4.70 3.74 2.88 2.12 1.60 1.49 2.08 3.16 4.32 5.16 5.77 6.08 6.02 5.48 4.60 3.68 2.88 2.36 2.20 2.64 3.56 4.52 5.16 5.48
 21   5.38 4.80 3.96 3.04 2.23 1.60 1.35 1.80 2.88 4.16 5.14 5.83 6.22 6.16 5.56 4.61 3.64 2.84 2.24 2.04 2.48 3.46 4.50 5.22
 22   5.58 5.48 4.88 3.98 3.00 2.12 1.46 1.24 1.76 3.04 4.40 5.40 6.07 6.38 6.19 5.46 4.44 3.40 2.54 1.96 1.84 2.48 3.68 4.73
 23   5.42 5.74 5.53 4.80 3.76 2.69 1.81 1.24 1.16 2.00 3.48 4.80 5.72 6.32 6.48 6.08 5.20 4.04 3.00 2.20 1.70 1.88 2.88 4.16
 24   5.20 5.80 5.95 5.52 4.52 3.40 2.34 1.54 1.08 1.40 2.60 4.06 5.28 6.04 6.50 6.40 5.79 4.64 3.50 2.48 1.76 1.46 2.08 3.40
 25   4.75 5.60 6.04 6.00 5.28 4.13 2.96 1.96 1.20 1.00 1.80 3.36 4.72 5.72 6.40 6.60 6.20 5.24 4.02 2.90 1.98 1.42 1.64 2.78
 26   4.37 5.48 6.10 6.30 5.86 4.76 3.56 2.44 1.58 1.12 1.46 2.78 4.42 5.54 6.32 6.72 6.54 5.80 4.60 3.40 2.36 1.58 1.32 2.12
 27   3.76 5.10 5.94 6.38 6.24 5.46 4.26 3.02 2.00 1.28 1.12 2.00 3.70 4.98 5.94 6.54 6.62 6.10 5.02 3.80 2.60 1.70 1.12 1.48
 28   2.96 4.56 5.58 6.22 6.38 5.90 4.80 3.52 2.38 1.54 1.08 1.40 2.70 4.32 5.52 6.30 6.64 6.36 5.52 4.28 3.04 2.00 1.26 1.04
 29   2.14 3.84 5.10 5.96 6.44 6.32 5.58 4.36 3.12 2.16 1.45 1.24 2.10 3.60 5.00 5.96 6.56 6.60 6.04 4.96 3.70 2.56 1.60 1.08
 30   1.40 2.90 4.38 5.48 6.16 6.40 6.06 5.10 3.90 2.84 2.00 1.48 1.74 2.80 4.24 5.44 6.24 6.60 6.36 5.58 4.34 3.16 2.12 1.38
 31   1.07 1.98 3.50 4.80 5.68 6.22 6.24 5.72 4.66 3.58 2.66 1.98 1.72 2.26 3.46 4.74 5.68 6.23 6.29 5.80 4.78 3.64 2.56 1.74
 ----------------------------------------------------------------------------------------------------------------------------
                                                                                               
 ----------------------------------------------------------------------------------------------------------------------------
 ----------------------------------------------------------------------------------------------------------------------------
                                                          SURVEY OF INDIA
                                                    MARINE GEODESY WING (G&RB)
                                                     HOURLY HEIGHTS IN METRES
  NAME OF PORT:- KANDLA                                                                             MONTH SEPT      YEAR 2014
 ----------------------------------------------------------------------------------------------------------------------------
 DAYS 0000 0001 0002 0003 0004 0005 0006 0007 0008 0009 0010 0011 0012 0013 0014 0015 0016 0017 0018 0019 0020 0021 0022 0023
 ----------------------------------------------------------------------------------------------------------------------------
  1   1.20 1.48 2.58 4.00 5.08 5.78 6.12 6.00 5.32 4.30 3.30 2.44 1.92 1.94 2.66 3.84 4.90 5.64 6.04 5.94 5.30 4.24 3.12 2.18
  2   1.38 1.08 1.64 2.84 4.14 5.08 5.68 5.96 5.64 4.96 4.16 3.32 2.68 2.16 2.16 2.86 4.00 4.94 5.60 5.90 5.74 5.10 4.14 3.16
  3   2.24 1.52 1.36 1.94 3.08 4.28 5.20 5.80 6.10 6.00 5.48 4.64 3.80 3.14 2.64 2.50 2.92 3.80 4.74 5.44 5.80 5.76 5.24 4.38
  4   3.36 2.44 1.80 1.50 1.81 2.80 4.00 5.04 5.76 6.24 6.34 6.00 5.30 4.38 3.52 2.90 2.50 2.50 3.14 4.12 4.98 5.54 5.80 5.60
  5   4.89 3.86 2.94 2.14 1.56 1.48 2.16 3.50 4.70 5.56 6.18 6.46 6.30 5.70 4.74 3.74 2.90 2.36 2.20 2.76 3.84 4.86 5.60 6.00
  6   5.93 5.22 4.20 3.10 2.16 1.44 1.16 1.76 3.14 4.56 5.60 6.34 6.68 6.54 5.92 4.84 3.72 2.72 1.98 1.66 2.18 3.42 4.76 5.66
  7   6.18 6.12 5.46 4.26 3.08 2.02 1.18 0.74 1.34 2.96 4.60 5.74 6.52 6.82 6.54 5.78 4.50 3.26 2.16 1.40 1.18 2.06 3.76 5.08
  8   6.06 6.50 6.32 5.50 4.20 2.86 1.68 0.80 0.50 1.46 3.38 4.98 6.04 6.72 6.88 6.48 5.54 4.18 2.90 1.78 1.02 0.96 2.34 4.16
  9   5.56 6.40 6.76 6.44 5.54 4.18 2.74 1.62 0.76 0.54 1.86 3.86 5.40 6.34 6.86 6.84 6.24 5.08 3.68 2.40 1.34 0.62 0.84 2.66
 10   4.60 5.86 6.60 6.79 6.38 5.26 3.92 2.58 1.44 0.72 0.76 2.50 4.36 5.70 6.60 6.96 6.74 5.96 4.60 3.24 1.98 1.00 0.40 1.12
 11   3.28 5.10 6.12 6.74 6.80 6.26 5.10 3.68 2.40 1.36 0.72 1.20 3.00 4.80 6.04 6.76 6.94 6.50 5.54 4.10 2.76 1.60 0.70 0.34
 12   1.76 3.90 5.32 6.28 6.74 6.66 6.00 4.70 3.40 2.24 1.34 0.94 1.80 3.56 5.14 6.18 6.76 6.72 6.12 4.90 3.54 2.30 1.24 0.54
 13   0.72 2.56 4.34 5.60 6.34 6.70 6.50 5.70 4.44 3.28 2.22 1.50 1.32 2.26 3.90 5.32 6.20 6.62 6.44 5.66 4.40 3.12 1.98 1.10
 14   0.64 1.40 3.00 4.54 5.60 6.26 6.50 6.18 5.30 4.19 3.10 2.20 1.62 1.62 2.59 4.06 5.26 6.02 6.34 6.06 5.20 4.04 2.86 1.94
 15   1.18 0.98 1.78 3.24 4.56 5.48 6.07 6.27 5.94 5.10 4.10 3.15 2.38 1.92 2.02 2.86 4.10 5.14 5.76 6.00 5.70 4.88 3.83 2.85
 16   1.99 1.40 1.39 2.12 3.40 4.54 5.36 5.86 6.04 5.76 5.02 4.14 3.32 2.64 2.23 2.25 2.90 3.90 4.78 5.36 5.58 5.36 4.70 3.84
 17   2.94 2.18 1.72 1.68 2.20 3.28 4.30 5.10 5.64 5.88 5.76 5.24 4.44 3.66 2.96 2.44 2.24 2.58 3.40 4.28 4.92 5.28 5.26 4.87
 18   4.17 3.30 2.60 2.04 1.75 2.00 2.82 3.84 4.72 5.40 5.80 5.86 5.50 4.80 3.94 3.14 2.53 2.25 2.34 2.92 3.86 4.63 5.16 5.36
 19   5.19 4.49 3.73 2.94 2.28 1.98 2.16 2.68 3.60 4.62 5.38 5.91 6.05 5.79 5.04 3.97 3.06 2.38 1.97 2.08 2.76 3.80 4.74 5.36
 20   5.59 5.28 4.54 3.66 2.76 2.00 1.56 1.67 2.42 3.70 4.86 5.68 6.12 6.12 5.64 4.70 3.70 2.74 2.04 1.67 1.96 2.92 4.10 5.02
 21   5.62 5.76 5.34 4.44 3.40 2.46 1.74 1.36 1.70 2.74 4.14 5.24 5.90 6.26 6.12 5.40 4.28 3.20 2.28 1.62 1.49 2.16 3.46 4.62
 22   5.54 5.96 5.86 5.18 4.12 3.00 2.12 1.44 1.26 1.96 3.32 4.68 5.64 6.22 6.36 5.92 4.90 3.72 2.62 1.78 1.28 1.54 2.70 4.12
 23   5.20 6.00 6.21 5.82 4.86 3.72 2.60 1.74 1.22 1.42 2.52 4.10 5.30 6.08 6.48 6.28 5.46 4.26 3.08 2.06 1.34 1.14 2.00 3.50
 24   4.96 5.86 6.32 6.24 5.54 4.36 3.20 2.16 1.40 1.12 1.86 3.40 4.82 5.78 6.36 6.44 5.88 4.74 3.52 2.36 1.50 0.96 1.30 2.72
 25   4.42 5.60 6.26 6.48 6.06 5.06 3.82 2.64 1.72 1.14 1.32 2.56 4.20 5.40 6.14 6.50 6.20 5.30 4.00 2.76 1.72 1.00 0.80 1.82
 26   3.69 5.18 6.02 6.51 6.42 5.70 4.48 3.24 2.18 1.40 1.10 1.88 3.44 4.82 5.82 6.39 6.40 5.74 4.52 3.30 2.10 1.20 0.63 1.03
 27   2.69 4.40 5.58 6.26 6.50 6.10 5.12 3.90 2.76 1.86 1.26 1.36 2.50 4.06 5.30 6.06 6.36 6.05 5.10 3.88 2.62 1.54 0.80 0.66
 28   1.74 3.70 5.04 5.94 6.46 6.45 5.80 4.70 3.54 2.46 1.70 1.32 1.88 3.24 4.64 5.63 6.18 6.22 5.60 4.40 3.22 2.06 1.20 0.66
 29   1.04 2.60 4.26 5.36 6.08 6.43 6.19 5.38 4.24 3.14 2.24 1.63 1.58 2.38 3.78 4.96 5.76 6.16 5.98 5.14 4.06 2.90 1.86 1.12
 30   0.80 1.62 3.10 4.56 5.50 6.14 6.36 6.00 5.16 4.10 3.10 2.32 1.86 1.98 2.80 4.08 5.08 5.74 6.00 5.70 4.84 3.80 2.70 1.81
 ----------------------------------------------------------------------------------------------------------------------------
                                                                                               
 ----------------------------------------------------------------------------------------------------------------------------
 ----------------------------------------------------------------------------------------------------------------------------
                                                          SURVEY OF INDIA
                                                    MARINE GEODESY WING (G&RB)
                                                     HOURLY HEIGHTS IN METRES
  NAME OF PORT:- KANDLA                                                                             MONTH OCTOBER   YEAR 2014
 ----------------------------------------------------------------------------------------------------------------------------
 DAYS 0000 0001 0002 0003 0004 0005 0006 0007 0008 0009 0010 0011 0012 0013 0014 0015 0016 0017 0018 0019 0020 0021 0022 0023
 ----------------------------------------------------------------------------------------------------------------------------
  1   1.16 1.16 2.02 3.50 4.68 5.56 6.12 6.26 5.90 5.06 4.08 3.16 2.50 2.10 2.18 2.94 4.04 4.96 5.54 5.76 5.46 4.70 3.70 2.76
  2
  3
  4
  5
  6   6.40 6.20 5.50 4.32 3.12 2.10 1.36 1.10 1.92 3.50 4.88 5.86 6.50 6.65 6.22 5.22 3.96 2.70 1.68 0.98 0.94 2.12 3.90 5.28
  7   6.30 6.62 6.42 5.62 4.34 3.04 1.96 1.18 0.92 1.92 3.72 5.16 6.14 6.70 6.70 6.10 4.92 3.54 2.30 1.28 0.62 0.84 2.50 4.36
  8   5.72 6.54 6.84 6.54 5.64 4.24 3.00 1.90 1.10 1.00 2.34 4.16 5.58 6.46 6.86 6.66 5.86 4.50 3.20 1.96 0.96 0.41 1.10 3.04
  9   4.90 6.14 6.78 6.92 6.50 5.46 4.08 2.80 1.74 1.06 1.20 2.74 4.50 5.80 6.64 6.76 6.22 5.10 3.72 2.40 1.30 0.50 0.32 1.80
 10   4.00 5.56 6.44 6.88 6.78 6.10 4.84 3.50 2.32 1.42 0.98 1.84 3.60 5.12 6.14 6.68 6.56 5.82 4.50 3.20 1.96 0.96 0.30 0.66
 11   2.60 4.60 5.84 6.60 6.88 6.64 5.80 4.52 3.30 2.18 1.42 1.24 2.32 4.00 5.40 6.24 6.56 6.24 5.30 4.00 2.72 1.62 0.76 0.38
 12   1.39 3.44 4.98 5.98 6.62 6.76 6.30 5.34 4.10 2.92 2.00 1.40 1.58 2.78 4.36 5.52 6.18 6.34 5.80 4.72 3.50 2.34 1.40 0.76
 13
 14
 15
 16
 17
 18
 19
 20
 21
 22
 23
 24
 25
 26
 27
 28
 29
 30
 31
 ----------------------------------------------------------------------------------------------------------------------------
                                                                                               
 ----------------------------------------------------------------------------------------------------------------------------
 ----------------------------------------------------------------------------------------------------------------------------
                                                          SURVEY OF INDIA
                                                    MARINE GEODESY WING (G&RB)
                                                     HOURLY HEIGHTS IN METRES
  NAME OF PORT:- KANDLA                                                                             MONTH NOVEMBER  YEAR 2014
 ----------------------------------------------------------------------------------------------------------------------------
 DAYS 0000 0001 0002 0003 0004 0005 0006 0007 0008 0009 0010 0011 0012 0013 0014 0015 0016 0017 0018 0019 0020 0021 0022 0023
 ----------------------------------------------------------------------------------------------------------------------------
  1
  2
  3
  4
  5
  6
  7
  8
  9
 10
 11
 12
 13
 14
 15
 16
 17
 18
 19
 20
 21
 22
 23
 24
 25
 26
 27
 28
 29
 30
 ----------------------------------------------------------------------------------------------------------------------------
                                                          SURVEY OF INDIA
                                                    MARINE GEODESY WING (G&RB)
                                                     HOURLY HEIGHTS IN METRES
  NAME OF PORT:- KANDLA                                                                             MONTH DECEMBER  YEAR 2014
 ----------------------------------------------------------------------------------------------------------------------------
 DAYS 0000 0001 0002 0003 0004 0005 0006 0007 0008 0009 0010 0011 0012 0013 0014 0015 0016 0017 0018 0019 0020 0021 0022 0023
 ----------------------------------------------------------------------------------------------------------------------------
  1
  2
  3
  4
  5
  6   5.70 6.50 6.90 6.74 6.10 4.92 3.74 2.70 1.94 1.68 2.36 3.64 4.92 5.78 6.20 6.04 5.18 3.94 2.68 1.62 0.80 0.48 1.30 3.08
  7   4.86 6.04 6.74 6.94 6.64 5.82 4.60 3.44 2.44 1.78 1.74 2.70 4.10 5.28 6.00 6.26 5.84 4.76 3.52 2.34 1.32 0.68 0.66 1.90
  8   3.87 5.44 6.32 6.86 6.87 6.38 5.38 4.16 2.98 2.12 1.60 1.92 3.14 4.50 5.52 6.10 6.14 5.50 4.30 3.10 2.00 1.16 0.68 1.16
  9   2.87 4.60 5.78 6.54 6.86 6.64 5.94 4.76 3.58 2.56 1.84 1.60 2.36 3.66 4.90 5.70 6.10 5.90 5.04 3.84 2.68 1.70 1.04 0.92
 10   2.01 3.78 5.06 6.00 6.60 6.74 6.34 5.42 4.22 3.12 2.24 1.68 1.80 2.76 4.06 5.12 5.76 5.96 5.54 4.52 3.40 2.36 1.54 1.12
 11   1.54 2.92 4.28 5.40 6.18 6.60 6.50 5.84 4.74 3.60 2.64 1.90 1.62 2.12 3.24 4.40 5.28 5.74 5.72 5.12 4.10 3.08 2.20 1.58
 12   1.41 2.20 3.46 4.68 5.62 6.26 6.52 6.22 5.42 4.32 3.28 2.42 1.88 1.85 2.36 3.52 4.54 5.22 5.50 5.30 4.58 3.64 2.72 2.00
 13   1.52 1.76 2.64 3.84 4.88 5.66 6.10 6.08 5.54 4.60 3.60 2.70 2.02 1.62 1.80 2.64 3.72 4.58 5.12 5.24 4.98 4.30 3.46 2.70
 14   2.05 1.76 2.10 2.98 4.10 5.00 5.68 5.98 5.82 5.18 4.24 3.28 2.46 1.84 1.55 1.86 2.68 3.66 4.46 4.94 5.12 4.93 4.36 3.60
 15   2.80 2.20 2.04 2.32 3.06 4.04 4.88 5.46 5.68 5.50 4.80 3.92 3.02 2.28 1.70 1.46 1.78 2.58 3.56 4.36 4.88 5.10 5.04 4.58
 16   3.78 2.97 2.45 2.16 2.32 2.96 3.88 4.70 5.24 5.44 5.20 4.56 3.68 2.84 2.10 1.50 1.26 1.56 2.40 3.44 4.30 4.90 5.26 5.24
 17   4.78 3.92 3.16 2.58 2.24 2.26 2.80 3.68 4.50 5.10 5.38 5.26 4.70 3.86 2.94 2.12 1.50 1.18 1.46 2.40 3.54 4.52 5.25 5.69
 18   5.65 5.12 4.28 3.40 2.70 2.25 2.21 2.68 3.58 4.48 5.14 5.46 5.34 4.76 3.80 2.90 2.00 1.26 0.90 1.27 2.36 3.72 4.82 5.60
 19   6.06 6.00 5.42 4.46 3.46 2.70 2.20 2.10 2.64 3.64 4.64 5.36 5.74 5.64 4.96 3.90 2.76 1.78 1.04 0.72 1.30 2.60 4.10 5.20
 20   6.05 6.41 6.20 5.50 4.40 3.36 2.56 2.02 2.00 2.70 3.80 4.88 5.60 5.92 5.68 4.82 3.60 2.44 1.44 0.72 0.54 1.40 3.12 4.64
 21   5.80 6.52 6.66 6.30 5.42 4.22 3.18 2.34 1.82 1.96 2.90 4.18 5.26 5.90 6.08 5.64 4.54 3.30 2.10 1.10 0.44 0.49 1.86 3.74
 22   5.31 6.33 6.82 6.80 6.30 5.30 4.10 3.00 2.16 1.71 2.08 3.24 4.60 5.60 6.20 6.24 5.60 4.34 3.04 1.84 0.88 0.32 0.72 2.40
 23   4.43 5.83 6.65 7.00 6.84 6.16 5.06 3.82 2.72 1.88 1.50 2.16 3.54 4.90 5.86 6.36 6.20 5.36 4.00 2.72 1.52 0.66 0.20 1.00
 24   3.15 5.00 6.08 6.78 6.98 6.70 5.86 4.60 3.38 2.32 1.56 1.40 2.36 3.88 5.40 6.18 6.46 6.06 5.00 3.70 2.46 1.40 0.62 0.46
 25   1.84 3.90 5.44 6.42 6.98 6.96 6.46 5.44 4.12 2.96 1.98 1.34 1.46 2.68 4.30 5.52 6.20 6.38 5.86 4.76 3.44 2.26 1.28 0.67
 26   0.88 2.56 4.40 5.70 6.58 6.98 6.84 6.20 5.10 3.82 2.70 1.78 1.24 1.58 2.84 4.44 5.54 6.14 6.24 5.70 4.56 3.40 2.30 1.47
 27   0.95 1.55 3.15 4.68 5.84 6.64 6.92 6.66 5.90 4.66 3.50 2.44 1.60 1.19 1.72 3.04 4.52 5.52 6.08 6.12 5.60 4.60 3.50 2.56
 28   1.72 1.30 1.92 3.30 4.72 5.90 6.60 6.76 6.40 5.56 4.36 3.20 2.20 1.46 1.12 1.72 3.04 4.40 5.32 5.86 5.96 5.60 4.72 3.78
 29   2.81 2.00 1.71 2.18 3.38 4.70 5.74 6.36 6.52 6.14 5.24 4.12 3.00 2.12 1.38 1.08 1.62 2.84 4.14 5.10 5.69 5.94 5.78 5.10
 30   4.14 3.16 2.46 2.03 2.22 3.16 4.40 5.36 6.02 6.24 5.90 5.06 4.00 2.98 2.04 1.38 1.06 1.52 2.62 3.90 4.88 5.56 5.98 5.98
 31   5.38 4.36 3.44 2.68 2.20 2.26 2.96 4.00 4.94 5.58 5.85 5.66 4.94 3.94 2.92 2.02 1.27 0.88 1.21 2.26 3.60 4.74 5.54 6.04
 ----------------------------------------------------------------------------------------------------------------------------
                                                                                               
 ----------------------------------------------------------------------------------------------------------------------------
 ----------------------------------------------------------------------------------------------------------------------------
