                                                          SURVEY OF INDIA
                                                    MARINE GEODESY WING (G&RB)
                                                     HOURLY HEIGHTS IN METRES
  NAME OF PORT:- OKHA                                                                               MONTH JANUARY   YEAR 2014
 ----------------------------------------------------------------------------------------------------------------------------
 DAYS 0000 0001 0002 0003 0004 0005 0006 0007 0008 0009 0010 0011 0012 0013 0014 0015 0016 0017 0018 0019 0020 0021 0022 0023
 ----------------------------------------------------------------------------------------------------------------------------
  1   3.68 3.71 3.37 2.78 2.16 1.57 1.28 1.37 1.70 2.15 2.61 3.03 3.12 2.94 2.43 1.71 0.89 0.19-0.20-0.01 0.56 1.40 2.33 3.14
  2   3.63 3.88 3.79 3.33 2.64 1.95 1.35 1.08 1.27 1.68 2.21 2.82 3.20 3.25 3.00 2.41 1.63 0.79 0.13-0.14 0.15 0.82 1.71 2.69
  3   3.47 3.91 4.06 3.86 3.26 2.47 1.72 1.16 1.00 1.23 1.73 2.35 2.98 3.34 3.34 3.04 2.45 1.63 0.83 0.24 0.04 0.39 1.15 2.05
  4   2.96 3.65 3.99 4.04 3.72 3.07 2.25 1.49 0.95 0.85 1.19 1.75 2.44 3.02 3.28 3.22 2.92 2.33 1.57 0.82 0.32 0.27 0.75 1.49
  5   2.38 3.23 3.78 4.02 3.96 3.51 2.77 1.96 1.22 0.77 0.80 1.18 1.77 2.40 2.92 3.15 3.10 2.82 2.31 1.60 0.96 0.56 0.60 1.09
  6   1.75 2.57 3.33 3.75 3.93 3.76 3.22 2.51 1.75 1.06 0.72 0.81 1.19 1.75 2.33 2.83 3.06 3.08 2.85 2.40 1.84 1.32 0.98 1.04
  7   1.45 2.02 2.70 3.35 3.69 3.76 3.55 3.02 2.32 1.63 1.05 0.75 0.81 1.19 1.68 2.24 2.69 2.94 3.00 2.89 2.57 2.12 1.66 1.39
  8   1.40 1.71 2.20 2.77 3.25 3.51 3.53 3.34 2.90 2.28 1.63 1.10 0.83 0.89 1.18 1.62 2.14 2.58 2.90 3.07 3.07 2.84 2.48 2.07
  9   1.77 1.72 1.91 2.26 2.66 3.02 3.18 3.16 2.99 2.62 2.13 1.54 1.06 0.77 0.77 1.05 1.48 2.00 2.48 2.83 3.04 3.11 2.94 2.62
 10   2.26 1.99 1.87 1.95 2.18 2.47 2.76 2.92 2.91 2.78 2.49 2.05 1.50 1.04 0.73 0.72 0.99 1.41 1.97 2.50 2.91 3.16 3.26 3.11
 11   2.79 2.38 2.00 1.86 1.88 2.05 2.26 2.48 2.64 2.71 2.66 2.41 1.99 1.49 1.03 0.74 0.71 0.96 1.39 1.97 2.56 3.01 3.26 3.30
 12   3.11 2.76 2.36 1.98 1.76 1.74 1.89 2.13 2.39 2.59 2.67 2.61 2.39 1.95 1.41 0.92 0.62 0.62 0.93 1.42 2.08 2.68 3.12 3.35
 13   3.40 3.19 2.78 2.32 1.92 1.72 1.72 1.88 2.14 2.46 2.71 2.76 2.64 2.33 1.84 1.28 0.80 0.56 0.67 1.07 1.67 2.35 2.95 3.34
 14   3.51 3.45 3.09 2.60 2.12 1.72 1.56 1.64 1.86 2.17 2.53 2.74 2.74 2.53 2.13 1.56 0.99 0.60 0.50 0.74 1.27 1.95 2.66 3.20
 15   3.50 3.54 3.35 2.90 2.35 1.86 1.52 1.46 1.64 1.97 2.36 2.70 2.84 2.73 2.43 1.94 1.33 0.79 0.49 0.54 0.97 1.55 2.28 2.94
 16   3.40 3.55 3.49 3.12 2.58 1.99 1.52 1.29 1.38 1.69 2.10 2.54 2.83 2.85 2.66 2.24 1.66 1.04 0.59 0.45 0.71 1.21 1.91 2.65
 17   3.24 3.54 3.62 3.38 2.89 2.27 1.68 1.30 1.28 1.53 1.91 2.36 2.76 2.94 2.84 2.50 1.98 1.34 0.78 0.48 0.56 1.00 1.60 2.35
 18   3.00 3.44 3.60 3.52 3.09 2.49 1.88 1.36 1.14 1.27 1.63 2.10 2.59 2.91 2.95 2.76 2.35 1.76 1.16 0.73 0.61 0.85 1.34 2.00
 19   2.72 3.32 3.63 3.65 3.36 2.81 2.18 1.57 1.15 1.09 1.35 1.78 2.29 2.75 2.95 2.89 2.61 2.14 1.53 1.00 0.70 0.74 1.11 1.67
 20   2.35 3.01 3.42 3.58 3.45 3.02 2.43 1.78 1.25 1.02 1.16 1.53 2.02 2.56 2.93 3.02 2.90 2.56 2.06 1.50 1.08 0.92 1.07 1.52
 21   2.08 2.77 3.27 3.55 3.57 3.29 2.76 2.09 1.47 1.04 0.96 1.22 1.65 2.18 2.63 2.86 2.86 2.67 2.30 1.80 1.35 1.07 1.06 1.35
 22   1.82 2.41 2.96 3.34 3.46 3.35 2.92 2.30 1.68 1.16 0.90 0.96 1.29 1.73 2.25 2.63 2.82 2.81 2.61 2.26 1.84 1.47 1.28 1.32
 23   1.60 2.05 2.60 3.09 3.35 3.38 3.14 2.68 2.07 1.48 1.05 0.86 0.98 1.34 1.78 2.27 2.64 2.81 2.83 2.67 2.34 1.98 1.68 1.55
 24   1.58 1.87 2.27 2.73 3.08 3.24 3.19 2.91 2.44 1.87 1.34 0.95 0.82 0.99 1.35 1.80 2.27 2.62 2.84 2.93 2.82 2.56 2.23 1.93
 25   1.75 1.80 2.02 2.34 2.73 3.00 3.12 3.08 2.83 2.38 1.82 1.27 0.89 0.75 0.88 1.24 1.70 2.20 2.60 2.89 3.06 3.02 2.80 2.48
 26   2.16 1.93 1.89 2.03 2.28 2.60 2.86 2.98 2.95 2.73 2.32 1.78 1.24 0.81 0.61 0.70 1.04 1.52 2.11 2.62 3.02 3.26 3.29 3.04
 27   2.68 2.30 2.00 1.85 1.90 2.11 2.40 2.70 2.87 2.88 2.72 2.37 1.83 1.26 0.77 0.48 0.54 0.92 1.47 2.15 2.80 3.26 3.53 3.56
 28   3.29 2.86 2.40 2.00 1.77 1.80 2.01 2.34 2.70 2.97 3.03 2.86 2.47 1.92 1.25 0.71 0.37 0.41 0.84 1.49 2.29 3.02 3.52 3.76
 29   3.75 3.41 2.89 2.32 1.82 1.56 1.63 1.93 2.32 2.78 3.11 3.19 3.02 2.54 1.87 1.12 0.50 0.17 0.37 0.90 1.70 2.54 3.30 3.74
 30   3.94 3.85 3.38 2.74 2.07 1.51 1.30 1.46 1.84 2.36 2.90 3.27 3.34 3.08 2.52 1.76 0.94 0.31 0.06 0.33 1.04 1.91 2.82 3.54
 31   3.95 4.03 3.82 3.21 2.46 1.73 1.18 1.02 1.29 1.82 2.48 3.10 3.44 3.44 3.14 2.53 1.75 0.91 0.27 0.11 0.50 1.28 2.20 3.13
 ----------------------------------------------------------------------------------------------------------------------------
                                                                                               
 ----------------------------------------------------------------------------------------------------------------------------
 ----------------------------------------------------------------------------------------------------------------------------
                                                          SURVEY OF INDIA
                                                    MARINE GEODESY WING (G&RB)
                                                     HOURLY HEIGHTS IN METRES
  NAME OF PORT:- OKHA                                                                               MONTH FEBRUARY  YEAR 2014
 ----------------------------------------------------------------------------------------------------------------------------
 DAYS 0000 0001 0002 0003 0004 0005 0006 0007 0008 0009 0010 0011 0012 0013 0014 0015 0016 0017 0018 0019 0020 0021 0022 0023
 ----------------------------------------------------------------------------------------------------------------------------
  1   3.80 4.12 4.15 3.77 3.06 2.23 1.47 0.93 0.88 1.26 1.94 2.65 3.28 3.58 3.52 3.14 2.46 1.62 0.82 0.29 0.31 0.81 1.65 2.60
  2   3.45 3.95 4.15 4.02 3.48 2.65 1.82 1.09 0.69 0.80 1.31 2.00 2.77 3.36 3.60 3.52 3.10 2.40 1.61 0.92 0.52 0.67 1.22 2.02
  3   2.88 3.63 4.03 4.10 3.82 3.17 2.33 1.52 0.87 0.58 0.77 1.33 2.06 2.80 3.30 3.43 3.33 2.94 2.30 1.58 0.98 0.72 0.92 1.52
  4   2.24 3.03 3.62 3.86 3.84 3.46 2.78 2.00 1.22 0.66 0.50 0.78 1.32 2.01 2.66 3.09 3.24 3.18 2.83 2.26 1.66 1.18 1.02 1.24
  5   1.70 2.36 3.04 3.50 3.66 3.55 3.16 2.50 1.78 1.09 0.64 0.58 0.88 1.40 2.02 2.61 2.97 3.10 3.07 2.78 2.34 1.87 1.49 1.38
  6   1.55 1.96 2.48 3.01 3.33 3.42 3.30 2.90 2.33 1.68 1.10 0.76 0.73 1.01 1.46 2.02 2.51 2.86 3.03 3.06 2.89 2.54 2.17 1.84
  7   1.70 1.82 2.10 2.46 2.86 3.08 3.15 3.02 2.70 2.22 1.67 1.18 0.87 0.83 1.04 1.42 1.89 2.35 2.73 2.98 3.10 3.01 2.74 2.38
  8   2.06 1.91 1.93 2.11 2.34 2.58 2.72 2.77 2.70 2.47 2.10 1.68 1.25 0.95 0.86 1.03 1.34 1.76 2.24 2.64 2.92 3.07 3.03 2.80
  9   2.46 2.14 1.92 1.86 1.95 2.13 2.35 2.52 2.60 2.58 2.45 2.16 1.77 1.34 1.00 0.86 0.98 1.28 1.73 2.25 2.72 3.09 3.25 3.23
 10   2.98 2.60 2.24 1.94 1.82 1.83 1.98 2.18 2.42 2.58 2.60 2.48 2.20 1.82 1.39 1.00 0.81 0.92 1.30 1.80 2.37 2.85 3.20 3.33
 11   3.28 2.98 2.57 2.14 1.80 1.67 1.74 1.95 2.21 2.51 2.67 2.69 2.56 2.24 1.78 1.28 0.90 0.77 0.93 1.36 1.94 2.56 3.07 3.35
 12   3.43 3.27 2.87 2.40 1.93 1.59 1.50 1.64 1.92 2.26 2.62 2.81 2.78 2.57 2.18 1.65 1.16 0.82 0.78 1.07 1.60 2.24 2.90 3.35
 13   3.54 3.52 3.21 2.72 2.16 1.69 1.45 1.49 1.74 2.09 2.51 2.83 2.92 2.84 2.51 2.00 1.42 0.94 0.70 0.83 1.30 1.89 2.56 3.13
 14   3.46 3.55 3.40 2.92 2.36 1.78 1.37 1.27 1.47 1.84 2.29 2.73 2.98 2.98 2.74 2.28 1.68 1.08 0.69 0.67 1.02 1.57 2.26 2.93
 15   3.39 3.58 3.54 3.16 2.56 1.94 1.40 1.14 1.25 1.60 2.07 2.58 2.99 3.10 2.97 2.58 2.00 1.36 0.84 0.64 0.84 1.34 2.00 2.78
 16   3.28 3.55 3.58 3.28 2.74 2.07 1.46 1.04 1.01 1.31 1.78 2.33 2.85 3.10 3.07 2.80 2.29 1.64 1.06 0.70 0.69 1.05 1.63 2.35
 17   3.06 3.45 3.56 3.43 2.94 2.28 1.60 1.04 0.82 0.99 1.44 2.01 2.61 3.05 3.19 3.07 2.67 2.08 1.44 0.94 0.72 0.88 1.37 2.00
 18   2.72 3.27 3.53 3.49 3.11 2.52 1.83 1.19 0.79 0.77 1.11 1.64 2.29 2.87 3.17 3.19 2.98 2.52 1.90 1.33 0.95 0.93 1.27 1.79
 19   2.45 3.07 3.46 3.55 3.35 2.86 2.19 1.48 0.95 0.70 0.85 1.31 1.91 2.55 3.02 3.20 3.14 2.86 2.37 1.80 1.30 1.08 1.20 1.60
 20   2.13 2.73 3.22 3.41 3.38 3.05 2.48 1.79 1.14 0.72 0.65 0.95 1.48 2.07 2.65 3.00 3.12 3.03 2.69 2.21 1.70 1.35 1.24 1.44
 21   1.83 2.35 2.87 3.23 3.30 3.16 2.75 2.17 1.51 0.97 0.69 0.74 1.13 1.62 2.21 2.71 3.02 3.13 3.05 2.73 2.31 1.91 1.64 1.60
 22   1.77 2.10 2.53 2.95 3.18 3.19 2.98 2.56 1.99 1.37 0.90 0.69 0.79 1.16 1.64 2.20 2.65 2.94 3.08 3.04 2.77 2.42 2.05 1.79
 23   1.71 1.83 2.09 2.44 2.76 2.92 2.91 2.72 2.35 1.84 1.31 0.87 0.65 0.72 1.06 1.51 2.04 2.51 2.86 3.06 3.08 2.89 2.59 2.23
 24   1.91 1.77 1.81 1.99 2.23 2.51 2.70 2.74 2.62 2.36 1.93 1.43 1.00 0.74 0.73 0.99 1.39 1.93 2.47 2.91 3.20 3.33 3.21 2.90
 25   2.49 2.09 1.84 1.80 1.89 2.10 2.38 2.65 2.80 2.79 2.60 2.23 1.73 1.19 0.78 0.66 0.82 1.22 1.79 2.41 2.93 3.36 3.51 3.44
 26   3.03 2.56 2.07 1.67 1.51 1.59 1.85 2.19 2.55 2.79 2.84 2.69 2.31 1.74 1.12 0.64 0.43 0.59 1.09 1.74 2.47 3.08 3.47 3.63
 27   3.51 3.02 2.45 1.87 1.40 1.25 1.41 1.79 2.22 2.71 3.04 3.13 2.99 2.54 1.88 1.18 0.61 0.38 0.61 1.19 1.94 2.74 3.37 3.74
 28   3.80 3.56 3.01 2.29 1.59 1.09 0.98 1.25 1.75 2.37 2.95 3.30 3.36 3.14 2.59 1.84 1.07 0.48 0.32 0.67 1.35 2.17 2.98 3.59
 ----------------------------------------------------------------------------------------------------------------------------
                                                                                               
 ----------------------------------------------------------------------------------------------------------------------------
 ----------------------------------------------------------------------------------------------------------------------------
                                                          SURVEY OF INDIA
                                                    MARINE GEODESY WING (G&RB)
                                                     HOURLY HEIGHTS IN METRES
  NAME OF PORT:- OKHA                                                                               MONTH MARCH     YEAR 2014
 ----------------------------------------------------------------------------------------------------------------------------
 DAYS 0000 0001 0002 0003 0004 0005 0006 0007 0008 0009 0010 0011 0012 0013 0014 0015 0016 0017 0018 0019 0020 0021 0022 0023
 ----------------------------------------------------------------------------------------------------------------------------
  1   3.87 3.85 3.45 2.75 1.94 1.21 0.74 0.74 1.14 1.77 2.50 3.13 3.45 3.43 3.13 2.48 1.69 0.92 0.39 0.34 0.80 1.53 2.41 3.23
  2   3.73 3.90 3.76 3.19 2.39 1.57 0.85 0.46 0.59 1.13 1.87 2.67 3.31 3.56 3.49 3.11 2.43 1.60 0.87 0.42 0.53 1.07 1.87 2.74
  3   3.47 3.84 3.86 3.55 2.87 2.02 1.17 0.51 0.27 0.57 1.23 2.05 2.85 3.41 3.57 3.45 3.02 2.29 1.51 0.90 0.61 0.82 1.43 2.20
  4   2.99 3.59 3.80 3.71 3.26 2.54 1.66 0.86 0.34 0.26 0.66 1.37 2.20 2.95 3.40 3.52 3.40 2.91 2.23 1.53 1.03 0.89 1.17 1.75
  5   2.41 3.15 3.57 3.64 3.41 2.92 2.19 1.40 0.75 0.37 0.55 1.10 1.69 2.28 2.86 3.35 3.47 3.21 2.65 2.08 1.49 1.12 1.14 1.50
  6   1.95 2.48 3.03 3.43 3.42 3.02 2.43 1.85 1.23 0.68 0.49 0.61 1.09 1.64 2.20 2.78 3.20 3.32 3.15 2.70 2.16 1.66 1.37 1.41
  7   1.71 2.09 2.55 2.96 3.23 3.21 2.86 2.30 1.74 1.14 0.77 0.67 0.77 1.18 1.73 2.27 2.81 3.17 3.21 2.99 2.55 2.05 1.65 1.55
  8   1.63 1.89 2.21 2.57 2.85 3.03 3.01 2.67 2.17 1.59 1.21 0.99 0.94 1.15 1.51 2.01 2.51 2.89 3.12 3.20 3.06 2.78 2.46 2.13
  9   1.90 1.87 1.99 2.20 2.47 2.68 2.76 2.71 2.55 2.25 1.88 1.50 1.24 1.14 1.27 1.57 1.99 2.42 2.78 3.05 3.19 3.14 2.92 2.60
 10   2.23 1.96 1.85 1.90 2.04 2.26 2.45 2.57 2.60 2.52 2.33 2.03 1.66 1.34 1.15 1.23 1.47 1.83 2.26 2.66 2.97 3.20 3.26 3.06
 11   2.70 2.31 2.01 1.81 1.79 1.89 2.05 2.29 2.48 2.60 2.58 2.46 2.18 1.82 1.45 1.24 1.20 1.41 1.76 2.23 2.70 3.07 3.30 3.35
 12   3.11 2.76 2.32 1.93 1.69 1.65 1.79 2.00 2.29 2.55 2.70 2.70 2.54 2.22 1.80 1.42 1.18 1.17 1.42 1.82 2.35 2.86 3.23 3.38
 13   3.32 2.99 2.57 2.08 1.68 1.48 1.50 1.75 2.08 2.47 2.76 2.86 2.81 2.55 2.14 1.67 1.27 1.08 1.19 1.54 2.05 2.63 3.13 3.43
 14   3.50 3.30 2.86 2.32 1.80 1.44 1.34 1.51 1.85 2.31 2.76 3.03 3.08 2.92 2.50 1.97 1.46 1.10 1.03 1.28 1.75 2.37 2.99 3.43
 15   3.58 3.52 3.13 2.57 1.97 1.48 1.23 1.33 1.68 2.16 2.70 3.13 3.29 3.24 2.89 2.38 1.78 1.27 0.99 1.08 1.50 2.08 2.74 3.30
 16   3.55 3.55 3.22 2.73 2.13 1.51 1.09 1.04 1.35 1.84 2.44 3.01 3.33 3.36 3.15 2.67 2.06 1.44 1.01 0.93 1.23 1.78 2.43 3.07
 17   3.47 3.56 3.40 2.93 2.27 1.57 1.00 0.75 0.97 1.43 2.05 2.76 3.26 3.43 3.36 2.98 2.39 1.72 1.15 0.88 1.01 1.45 2.06 2.78
 18   3.33 3.53 3.48 3.10 2.50 1.77 1.05 0.64 0.64 1.03 1.67 2.39 3.01 3.35 3.40 3.24 2.75 2.11 1.45 1.02 0.97 1.29 1.87 2.51
 19   3.12 3.48 3.53 3.31 2.79 2.06 1.33 0.73 0.52 0.74 1.29 1.99 2.73 3.25 3.48 3.47 3.14 2.57 1.92 1.35 1.05 1.17 1.61 2.16
 20   2.79 3.30 3.49 3.45 3.07 2.45 1.71 1.02 0.58 0.57 0.95 1.58 2.30 3.01 3.43 3.54 3.45 3.03 2.44 1.84 1.35 1.22 1.45 1.90
 21   2.44 3.02 3.37 3.42 3.24 2.79 2.13 1.42 0.82 0.53 0.67 1.16 1.80 2.51 3.11 3.42 3.50 3.34 2.89 2.35 1.83 1.47 1.45 1.71
 22   2.09 2.63 3.08 3.31 3.28 3.02 2.54 1.92 1.25 0.75 0.58 0.80 1.27 1.90 2.58 3.09 3.35 3.42 3.26 2.86 2.36 1.93 1.65 1.67
 23   1.87 2.22 2.65 3.04 3.20 3.16 2.90 2.44 1.85 1.26 0.85 0.73 0.94 1.40 1.99 2.61 3.05 3.29 3.37 3.22 2.86 2.43 2.02 1.75
 24   1.70 1.86 2.14 2.50 2.80 2.95 2.95 2.74 2.38 1.84 1.31 0.91 0.77 0.92 1.34 1.89 2.45 2.90 3.20 3.37 3.32 3.03 2.61 2.16
 25   1.84 1.69 1.76 1.95 2.24 2.54 2.76 2.82 2.76 2.48 2.04 1.52 1.03 0.79 0.86 1.22 1.67 2.22 2.74 3.13 3.36 3.40 3.17 2.74
 26   2.25 1.80 1.55 1.53 1.71 2.00 2.36 2.65 2.84 2.85 2.67 2.27 1.77 1.23 0.90 0.86 1.13 1.57 2.13 2.71 3.16 3.45 3.53 3.27
 27   2.79 2.22 1.69 1.27 1.20 1.41 1.78 2.23 2.65 2.93 3.00 2.89 2.47 1.93 1.33 0.89 0.77 1.01 1.48 2.10 2.77 3.29 3.56 3.60
 28   3.27 2.70 2.05 1.41 0.99 0.93 1.20 1.68 2.24 2.79 3.13 3.21 3.03 2.58 1.93 1.26 0.78 0.66 0.96 1.54 2.24 2.96 3.44 3.65
 29   3.60 3.18 2.55 1.77 1.08 0.67 0.72 1.12 1.72 2.40 3.02 3.34 3.40 3.14 2.55 1.80 1.11 0.62 0.61 1.04 1.71 2.44 3.16 3.55
 30   3.64 3.44 2.89 2.13 1.33 0.66 0.33 0.53 1.09 1.84 2.63 3.23 3.49 3.49 3.14 2.49 1.76 1.05 0.64 0.76 1.27 1.99 2.73 3.35
 31   3.64 3.61 3.28 2.61 1.81 1.00 0.38 0.19 0.53 1.22 2.06 2.85 3.41 3.62 3.55 3.07 2.39 1.65 1.02 0.75 0.98 1.55 2.26 2.99
 ----------------------------------------------------------------------------------------------------------------------------
                                                                                               
 ----------------------------------------------------------------------------------------------------------------------------
 ----------------------------------------------------------------------------------------------------------------------------
                                                          SURVEY OF INDIA
                                                    MARINE GEODESY WING (G&RB)
                                                     HOURLY HEIGHTS IN METRES
  NAME OF PORT:- OKHA                                                                               MONTH APRIL     YEAR 2014
 ----------------------------------------------------------------------------------------------------------------------------
 DAYS 0000 0001 0002 0003 0004 0005 0006 0007 0008 0009 0010 0011 0012 0013 0014 0015 0016 0017 0018 0019 0020 0021 0022 0023
 ----------------------------------------------------------------------------------------------------------------------------
  1   3.50 3.65 3.50 3.01 2.31 1.47 0.74 0.24 0.27 0.75 1.56 2.40 3.16 3.57 3.70 3.51 2.93 2.23 1.53 1.01 0.95 1.32 1.91 2.58
  2   3.20 3.53 3.51 3.26 2.68 1.95 1.15 0.53 0.25 0.49 1.09 1.85 2.71 3.33 3.64 3.68 3.36 2.77 2.08 1.42 1.04 1.12 1.54 2.10
  3   2.70 3.23 3.41 3.33 2.95 2.34 1.60 0.89 0.39 0.31 0.65 1.29 2.06 2.82 3.32 3.53 3.50 3.14 2.56 1.94 1.39 1.15 1.31 1.71
  4   2.21 2.74 3.08 3.15 3.00 2.60 2.04 1.35 0.78 0.42 0.50 0.91 1.51 2.23 2.87 3.27 3.39 3.30 2.91 2.39 1.86 1.46 1.34 1.49
  5   1.83 2.28 2.71 2.95 2.95 2.74 2.36 1.85 1.29 0.85 0.65 0.79 1.21 1.77 2.39 2.90 3.20 3.31 3.19 2.85 2.39 1.96 1.64 1.57
  6   1.72 1.99 2.34 2.67 2.84 2.83 2.67 2.36 1.91 1.44 1.10 0.96 1.13 1.48 1.96 2.51 2.92 3.16 3.26 3.16 2.85 2.46 2.07 1.78
  7   1.71 1.80 1.99 2.26 2.51 2.67 2.66 2.54 2.29 1.92 1.53 1.24 1.13 1.25 1.56 2.00 2.42 2.79 3.03 3.16 3.13 2.90 2.57 2.20
  8   1.89 1.76 1.78 1.92 2.14 2.35 2.49 2.56 2.53 2.37 2.10 1.78 1.48 1.32 1.38 1.61 1.96 2.38 2.73 2.99 3.15 3.15 2.93 2.60
  9   2.22 1.87 1.67 1.65 1.76 1.94 2.20 2.41 2.52 2.55 2.46 2.23 1.90 1.60 1.40 1.38 1.56 1.87 2.27 2.66 2.97 3.15 3.16 2.95
 10   2.58 2.15 1.75 1.50 1.45 1.59 1.84 2.17 2.45 2.64 2.68 2.58 2.34 1.99 1.62 1.35 1.33 1.52 1.85 2.29 2.74 3.07 3.22 3.18
 11   2.87 2.41 1.92 1.50 1.27 1.28 1.50 1.84 2.26 2.62 2.82 2.87 2.73 2.40 1.95 1.53 1.26 1.25 1.51 1.89 2.39 2.85 3.15 3.24
 12   3.10 2.71 2.18 1.61 1.16 1.04 1.19 1.55 2.01 2.49 2.85 3.01 2.99 2.77 2.27 1.76 1.33 1.15 1.27 1.62 2.11 2.65 3.07 3.31
 13   3.27 2.98 2.46 1.85 1.27 0.91 0.92 1.25 1.75 2.35 2.88 3.21 3.29 3.15 2.75 2.19 1.64 1.23 1.15 1.39 1.83 2.39 2.94 3.29
 14   3.35 3.19 2.72 2.07 1.42 0.89 0.69 0.90 1.39 2.00 2.64 3.21 3.45 3.42 3.09 2.55 1.93 1.38 1.12 1.21 1.59 2.14 2.79 3.24
 15   3.43 3.36 2.95 2.33 1.61 0.94 0.55 0.59 0.99 1.63 2.38 3.04 3.44 3.54 3.40 2.91 2.28 1.65 1.17 1.04 1.33 1.83 2.43 3.05
 16   3.39 3.42 3.17 2.63 1.93 1.16 0.57 0.34 0.58 1.21 1.94 2.71 3.31 3.60 3.61 3.30 2.72 2.08 1.47 1.11 1.18 1.57 2.13 2.75
 17   3.27 3.43 3.32 2.89 2.27 1.49 0.79 0.32 0.31 0.74 1.43 2.26 3.01 3.50 3.68 3.61 3.19 2.57 1.89 1.36 1.13 1.36 1.82 2.38
 18   2.91 3.29 3.36 3.14 2.62 1.91 1.15 0.53 0.23 0.38 0.94 1.71 2.55 3.24 3.61 3.68 3.50 3.01 2.34 1.73 1.27 1.19 1.47 1.96
 19   2.51 2.99 3.22 3.20 2.88 2.34 1.64 0.91 0.38 0.24 0.55 1.14 1.89 2.67 3.25 3.53 3.55 3.30 2.78 2.17 1.57 1.25 1.28 1.61
 20   2.05 2.56 2.95 3.09 3.01 2.71 2.16 1.49 0.85 0.41 0.36 0.70 1.29 2.01 2.75 3.25 3.48 3.51 3.23 2.73 2.16 1.66 1.36 1.40
 21   1.65 2.04 2.47 2.84 2.99 2.80 2.39 1.85 1.29 0.87 0.54 0.51 0.83 1.40 2.11 2.75 3.18 3.42 3.45 3.18 2.71 2.19 1.67 1.36
 22   1.35 1.57 1.91 2.25 2.57 2.74 2.71 2.49 2.11 1.56 1.03 0.71 0.64 0.93 1.43 2.04 2.61 3.03 3.31 3.38 3.17 2.75 2.25 1.73
 23   1.37 1.26 1.38 1.66 2.02 2.35 2.60 2.69 2.61 2.33 1.89 1.40 1.01 0.85 1.02 1.41 1.91 2.49 2.96 3.27 3.39 3.29 2.89 2.36
 24   1.79 1.35 1.12 1.18 1.45 1.81 2.22 2.59 2.77 2.81 2.64 2.25 1.74 1.26 1.00 1.05 1.38 1.86 2.39 2.89 3.25 3.40 3.34 2.94
 25   2.37 1.77 1.20 0.89 0.91 1.21 1.68 2.22 2.69 3.00 3.07 2.92 2.51 1.95 1.43 1.09 1.11 1.43 1.91 2.49 3.03 3.37 3.50 3.38
 26   2.94 2.27 1.59 0.99 0.71 0.81 1.21 1.75 2.38 2.95 3.29 3.36 3.19 2.70 2.09 1.51 1.14 1.14 1.48 1.96 2.56 3.09 3.41 3.45
 27   3.21 2.69 2.00 1.27 0.67 0.43 0.61 1.15 1.83 2.55 3.14 3.45 3.49 3.23 2.68 2.03 1.44 1.10 1.18 1.57 2.12 2.74 3.24 3.49
 28   3.44 3.09 2.49 1.75 0.97 0.41 0.28 0.63 1.28 2.07 2.82 3.37 3.63 3.61 3.22 2.60 1.94 1.36 1.10 1.27 1.72 2.27 2.89 3.33
 29   3.44 3.31 2.86 2.17 1.34 0.63 0.22 0.27 0.77 1.49 2.31 3.09 3.53 3.72 3.63 3.15 2.49 1.82 1.30 1.14 1.41 1.90 2.48 3.08
 30   3.38 3.40 3.14 2.58 1.83 1.07 0.45 0.20 0.44 1.05 1.83 2.65 3.33 3.69 3.76 3.52 2.96 2.28 1.63 1.20 1.21 1.55 2.04 2.63
 ----------------------------------------------------------------------------------------------------------------------------
                                                                                               
 ----------------------------------------------------------------------------------------------------------------------------
 ----------------------------------------------------------------------------------------------------------------------------
                                                          SURVEY OF INDIA
                                                    MARINE GEODESY WING (G&RB)
                                                     HOURLY HEIGHTS IN METRES
  NAME OF PORT:- OKHA                                                                               MONTH MAY       YEAR 2014
 ----------------------------------------------------------------------------------------------------------------------------
 DAYS 0000 0001 0002 0003 0004 0005 0006 0007 0008 0009 0010 0011 0012 0013 0014 0015 0016 0017 0018 0019 0020 0021 0022 0023
 ----------------------------------------------------------------------------------------------------------------------------
  1   3.10 3.30 3.19 2.82 2.22 1.48 0.79 0.34 0.28 0.67 1.33 2.13 2.93 3.47 3.71 3.69 3.31 2.73 2.05 1.48 1.18 1.31 1.68 2.20
  2   2.71 3.09 3.17 3.00 2.58 1.98 1.27 0.69 0.38 0.49 0.96 1.64 2.43 3.11 3.51 3.67 3.55 3.11 2.49 1.87 1.38 1.27 1.48 1.90
  3   2.36 2.82 3.03 3.01 2.78 2.34 1.75 1.12 0.67 0.53 0.80 1.33 1.99 2.67 3.23 3.53 3.60 3.37 2.91 2.33 1.79 1.43 1.40 1.64
  4   2.01 2.43 2.80 2.93 2.84 2.57 2.11 1.57 1.07 0.74 0.71 1.02 1.52 2.18 2.81 3.25 3.46 3.46 3.18 2.72 2.19 1.74 1.49 1.50
  5   1.73 2.04 2.42 2.66 2.75 2.67 2.40 2.01 1.55 1.15 0.92 1.00 1.33 1.80 2.40 2.88 3.22 3.37 3.31 2.98 2.51 2.08 1.69 1.51
  6   1.55 1.76 2.03 2.33 2.49 2.53 2.46 2.27 1.95 1.57 1.25 1.09 1.17 1.49 1.93 2.45 2.89 3.18 3.31 3.23 2.93 2.53 2.06 1.70
  7   1.55 1.57 1.75 1.97 2.23 2.43 2.53 2.53 2.40 2.13 1.78 1.49 1.33 1.36 1.62 1.98 2.43 2.83 3.08 3.21 3.15 2.90 2.54 2.08
  8   1.71 1.48 1.44 1.58 1.80 2.09 2.34 2.49 2.56 2.52 2.31 2.00 1.69 1.52 1.53 1.72 2.05 2.43 2.79 3.05 3.19 3.16 2.90 2.51
  9   2.02 1.60 1.37 1.34 1.51 1.77 2.10 2.40 2.61 2.71 2.69 2.48 2.17 1.82 1.57 1.55 1.74 2.04 2.40 2.75 3.03 3.15 3.08 2.78
 10   2.35 1.82 1.36 1.13 1.14 1.40 1.76 2.19 2.57 2.84 2.95 2.91 2.64 2.29 1.92 1.66 1.62 1.80 2.09 2.51 2.92 3.16 3.23 3.08
 11   2.70 2.19 1.62 1.16 0.91 1.00 1.36 1.84 2.37 2.81 3.07 3.15 3.04 2.66 2.20 1.76 1.50 1.52 1.77 2.14 2.61 3.01 3.23 3.23
 12   2.97 2.48 1.91 1.33 0.88 0.75 1.01 1.51 2.11 2.73 3.18 3.41 3.42 3.15 2.66 2.13 1.68 1.45 1.55 1.87 2.31 2.83 3.19 3.32
 13   3.20 2.81 2.22 1.55 0.93 0.57 0.66 1.08 1.70 2.42 3.06 3.43 3.60 3.52 3.09 2.52 1.94 1.48 1.34 1.56 2.00 2.53 2.96 3.23
 14   3.25 3.00 2.49 1.81 1.06 0.47 0.24 0.51 1.12 1.89 2.67 3.25 3.57 3.65 3.41 2.89 2.25 1.66 1.26 1.27 1.61 2.10 2.65 3.12
 15   3.28 3.16 2.77 2.14 1.37 0.67 0.18 0.18 0.62 1.33 2.24 3.03 3.55 3.77 3.71 3.30 2.67 2.01 1.45 1.20 1.39 1.84 2.38 2.95
 16   3.27 3.27 3.03 2.53 1.80 0.99 0.35 0.06 0.29 0.90 1.73 2.61 3.31 3.75 3.87 3.71 3.17 2.49 1.81 1.31 1.20 1.48 1.95 2.51
 17   3.04 3.28 3.19 2.89 2.31 1.55 0.79 0.23 0.07 0.39 1.08 1.93 2.77 3.41 3.72 3.79 3.54 2.99 2.30 1.65 1.22 1.22 1.56 2.07
 18   2.60 3.06 3.21 3.10 2.75 2.14 1.39 0.67 0.22 0.16 0.57 1.26 2.11 2.93 3.48 3.74 3.77 3.42 2.83 2.17 1.57 1.20 1.27 1.62
 19   2.10 2.59 2.97 3.07 2.94 2.60 2.05 1.36 0.72 0.32 0.34 0.78 1.44 2.23 2.96 3.41 3.64 3.62 3.25 2.68 2.02 1.47 1.16 1.23
 20   1.53 1.97 2.42 2.78 2.88 2.77 2.48 2.01 1.39 0.84 0.51 0.55 0.97 1.58 2.31 2.97 3.39 3.55 3.52 3.16 2.58 1.95 1.40 1.12
 21   1.21 1.49 1.85 2.31 2.67 2.80 2.80 2.62 2.24 1.69 1.18 0.83 0.83 1.19 1.74 2.39 2.97 3.36 3.51 3.49 3.14 2.57 1.97 1.39
 22   1.07 1.06 1.29 1.68 2.13 2.53 2.78 2.87 2.80 2.49 2.02 1.57 1.17 1.09 1.36 1.82 2.39 2.96 3.31 3.48 3.47 3.18 2.67 2.02
 23   1.43 1.00 0.89 1.08 1.48 1.93 2.42 2.82 3.04 3.08 2.86 2.43 1.98 1.56 1.36 1.52 1.88 2.35 2.85 3.22 3.41 3.42 3.16 2.66
 24   2.02 1.42 0.91 0.73 0.88 1.31 1.85 2.46 2.92 3.19 3.27 3.09 2.67 2.15 1.71 1.47 1.54 1.86 2.29 2.78 3.14 3.34 3.31 3.04
 25   2.54 1.86 1.19 0.68 0.52 0.73 1.24 1.88 2.53 3.05 3.33 3.41 3.21 2.77 2.22 1.73 1.46 1.53 1.83 2.23 2.71 3.08 3.26 3.21
 26   2.90 2.35 1.64 0.95 0.45 0.34 0.65 1.24 1.95 2.69 3.21 3.47 3.50 3.20 2.67 2.09 1.60 1.36 1.48 1.85 2.30 2.78 3.14 3.23
 27   3.09 2.72 2.13 1.39 0.75 0.35 0.38 0.82 1.48 2.27 2.99 3.44 3.65 3.62 3.23 2.68 2.06 1.56 1.35 1.53 1.94 2.41 2.88 3.16
 28   3.19 2.97 2.51 1.85 1.13 0.55 0.30 0.50 1.05 1.78 2.60 3.26 3.63 3.78 3.63 3.15 2.52 1.93 1.50 1.44 1.69 2.12 2.62 3.07
 29   3.24 3.16 2.87 2.33 1.64 1.00 0.50 0.42 0.75 1.38 2.17 2.95 3.49 3.76 3.77 3.48 2.91 2.27 1.69 1.35 1.44 1.77 2.23 2.74
 30   3.07 3.18 3.01 2.61 2.04 1.35 0.76 0.45 0.54 1.01 1.69 2.47 3.15 3.59 3.76 3.68 3.26 2.69 2.07 1.57 1.39 1.59 1.96 2.45
 31   2.86 3.10 3.07 2.83 2.36 1.75 1.12 0.67 0.54 0.83 1.35 2.00 2.77 3.35 3.68 3.73 3.46 2.97 2.37 1.80 1.40 1.38 1.64 2.07
 ----------------------------------------------------------------------------------------------------------------------------
                                                                                               
 ----------------------------------------------------------------------------------------------------------------------------
 ----------------------------------------------------------------------------------------------------------------------------
                                                          SURVEY OF INDIA
                                                    MARINE GEODESY WING (G&RB)
                                                     HOURLY HEIGHTS IN METRES
  NAME OF PORT:- OKHA                                                                               MONTH JUNE      YEAR 2014
 ----------------------------------------------------------------------------------------------------------------------------
 DAYS 0000 0001 0002 0003 0004 0005 0006 0007 0008 0009 0010 0011 0012 0013 0014 0015 0016 0017 0018 0019 0020 0021 0022 0023
 ----------------------------------------------------------------------------------------------------------------------------
  1   2.53 2.90 3.01 2.91 2.57 2.09 1.49 0.94 0.61 0.62 0.98 1.61 2.27 3.01 3.45 3.65 3.62 3.23 2.69 2.11 1.59 1.33 1.43 1.77
  2   2.15 2.57 2.86 2.93 2.76 2.42 1.90 1.37 0.95 0.76 0.91 1.33 1.90 2.60 3.18 3.51 3.62 3.44 3.00 2.45 1.90 1.51 1.38 1.54
  3   1.85 2.23 2.58 2.78 2.79 2.59 2.26 1.84 1.34 1.00 0.92 1.14 1.59 2.16 2.76 3.20 3.42 3.43 3.18 2.74 2.19 1.71 1.41 1.38
  4   1.55 1.83 2.18 2.52 2.68 2.69 2.53 2.19 1.79 1.43 1.17 1.15 1.38 1.81 2.37 2.91 3.27 3.42 3.36 3.08 2.62 2.12 1.67 1.40
  5   1.39 1.57 1.85 2.19 2.47 2.64 2.65 2.53 2.28 1.92 1.58 1.38 1.41 1.67 2.09 2.57 3.02 3.28 3.38 3.29 2.98 2.53 2.02 1.59
  6   1.36 1.37 1.58 1.88 2.23 2.50 2.68 2.74 2.69 2.45 2.11 1.81 1.61 1.60 1.83 2.18 2.63 2.99 3.23 3.32 3.22 2.89 2.43 1.91
  7   1.51 1.29 1.32 1.52 1.85 2.24 2.55 2.79 2.93 2.89 2.66 2.36 2.04 1.81 1.80 1.98 2.28 2.66 2.98 3.20 3.30 3.17 2.85 2.35
  8   1.81 1.39 1.14 1.16 1.43 1.79 2.23 2.65 2.95 3.09 3.09 2.87 2.53 2.19 1.92 1.86 2.01 2.27 2.61 2.97 3.19 3.24 3.11 2.76
  9   2.25 1.67 1.21 0.96 1.01 1.32 1.78 2.37 2.87 3.19 3.35 3.34 3.09 2.70 2.28 1.96 1.88 2.03 2.31 2.68 3.04 3.26 3.29 3.12
 10   2.71 2.15 1.54 1.05 0.85 0.95 1.41 1.99 2.62 3.13 3.49 3.65 3.56 3.20 2.73 2.25 1.91 1.85 2.05 2.39 2.83 3.21 3.41 3.38
 11   3.09 2.58 1.97 1.32 0.85 0.77 1.06 1.65 2.36 3.12 3.67 3.98 4.07 3.82 3.38 2.82 2.29 1.99 2.00 2.26 2.66 3.16 3.52 3.67
 12   3.53 3.15 2.54 1.81 1.13 0.68 0.71 1.16 1.87 2.69 3.45 3.95 4.17 4.14 3.75 3.20 2.57 2.00 1.70 1.85 2.24 2.70 3.21 3.53
 13   3.59 3.34 2.83 2.09 1.29 0.57 0.25 0.46 1.09 1.90 2.77 3.53 3.95 4.12 3.97 3.47 2.84 2.17 1.60 1.43 1.69 2.17 2.71 3.23
 14   3.50 3.47 3.12 2.58 1.78 0.94 0.28 0.08 0.44 1.19 2.09 3.00 3.63 4.00 4.10 3.84 3.26 2.54 1.84 1.35 1.31 1.65 2.16 2.73
 15   3.26 3.46 3.34 2.94 2.33 1.48 0.70 0.19 0.12 0.59 1.39 2.33 3.21 3.79 4.11 4.11 3.70 3.06 2.31 1.62 1.19 1.25 1.66 2.21
 16   2.75 3.24 3.39 3.25 2.85 2.21 1.40 0.65 0.20 0.27 0.79 1.56 2.50 3.29 3.84 4.05 3.99 3.52 2.84 2.08 1.45 1.10 1.23 1.67
 17   2.19 2.80 3.18 3.33 3.20 2.83 2.21 1.48 0.83 0.47 0.59 1.10 1.85 2.70 3.45 3.89 4.06 3.89 3.39 2.69 1.95 1.35 1.06 1.23
 18   1.65 2.16 2.73 3.11 3.23 3.15 2.82 2.29 1.64 1.07 0.75 0.87 1.37 2.05 2.82 3.48 3.85 3.95 3.71 3.19 2.49 1.81 1.24 1.00
 19   1.17 1.55 2.02 2.56 2.95 3.13 3.11 2.88 2.43 1.88 1.37 1.08 1.17 1.58 2.17 2.90 3.42 3.71 3.75 3.52 3.05 2.39 1.71 1.13
 20   0.86 0.99 1.34 1.82 2.36 2.77 3.03 3.11 2.99 2.66 2.18 1.73 1.42 1.42 1.75 2.23 2.81 3.27 3.51 3.55 3.37 2.95 2.35 1.69
 21   1.12 0.83 0.87 1.20 1.65 2.20 2.67 3.03 3.19 3.20 2.95 2.55 2.09 1.72 1.63 1.84 2.21 2.63 3.02 3.25 3.31 3.18 2.82 2.26
 22   1.61 1.07 0.71 0.69 1.01 1.49 2.09 2.62 3.04 3.29 3.34 3.12 2.66 2.19 1.77 1.63 1.77 2.03 2.39 2.76 3.00 3.11 3.03 2.73
 23   2.20 1.59 1.03 0.62 0.57 0.85 1.40 2.01 2.63 3.09 3.34 3.36 3.15 2.71 2.20 1.80 1.59 1.65 1.94 2.27 2.66 2.93 3.01 2.90
 24   2.55 2.05 1.45 0.87 0.48 0.45 0.82 1.39 2.07 2.73 3.15 3.39 3.41 3.12 2.57 2.04 1.65 1.50 1.64 1.96 2.33 2.71 2.93 2.95
 25   2.78 2.38 1.76 1.22 0.70 0.45 0.57 1.03 1.60 2.35 2.94 3.36 3.50 3.39 2.96 2.42 1.90 1.50 1.41 1.62 1.98 2.39 2.76 2.93
 26   2.90 2.66 2.21 1.55 0.99 0.53 0.42 0.69 1.24 1.90 2.63 3.20 3.56 3.60 3.37 2.85 2.27 1.71 1.35 1.33 1.61 1.99 2.43 2.80
 27   2.94 2.84 2.54 2.03 1.37 0.77 0.37 0.40 0.81 1.44 2.21 2.91 3.37 3.56 3.54 3.19 2.64 2.05 1.53 1.27 1.41 1.75 2.17 2.63
 28   2.91 2.95 2.77 2.37 1.79 1.13 0.59 0.33 0.53 1.07 1.76 2.55 3.16 3.49 3.58 3.43 2.95 2.35 1.74 1.32 1.25 1.49 1.89 2.37
 29   2.80 2.96 2.89 2.64 2.17 1.54 0.92 0.51 0.48 0.84 1.42 2.21 2.85 3.32 3.55 3.55 3.22 2.67 2.06 1.50 1.22 1.31 1.63 2.04
 30   2.55 2.88 2.91 2.76 2.41 1.87 1.25 0.78 0.59 0.76 1.20 1.82 2.56 3.16 3.49 3.57 3.41 2.95 2.36 1.76 1.33 1.22 1.41 1.79
 ----------------------------------------------------------------------------------------------------------------------------
                                                                                               
 ----------------------------------------------------------------------------------------------------------------------------
 ----------------------------------------------------------------------------------------------------------------------------
                                                          SURVEY OF INDIA
                                                    MARINE GEODESY WING (G&RB)
                                                     HOURLY HEIGHTS IN METRES
  NAME OF PORT:- OKHA                                                                               MONTH JULY      YEAR 2014
 ----------------------------------------------------------------------------------------------------------------------------
 DAYS 0000 0001 0002 0003 0004 0005 0006 0007 0008 0009 0010 0011 0012 0013 0014 0015 0016 0017 0018 0019 0020 0021 0022 0023
 ----------------------------------------------------------------------------------------------------------------------------
  1   2.23 2.65 2.88 2.86 2.62 2.20 1.64 1.12 0.78 0.73 1.02 1.52 2.11 2.78 3.28 3.52 3.48 3.18 2.63 2.04 1.50 1.22 1.24 1.56
  2   1.96 2.38 2.72 2.85 2.79 2.52 2.08 1.57 1.13 0.88 0.92 1.30 1.84 2.48 3.04 3.40 3.50 3.36 2.94 2.34 1.74 1.32 1.16 1.30
  3   1.62 2.06 2.47 2.74 2.78 2.68 2.40 1.98 1.56 1.20 1.08 1.18 1.58 2.10 2.70 3.17 3.39 3.40 3.10 2.62 2.05 1.51 1.16 1.10
  4   1.32 1.68 2.12 2.50 2.72 2.76 2.64 2.37 1.98 1.60 1.31 1.24 1.44 1.80 2.32 2.82 3.17 3.30 3.22 2.88 2.40 1.84 1.35 1.05
  5   1.07 1.31 1.63 2.07 2.43 2.64 2.72 2.65 2.44 2.07 1.70 1.48 1.45 1.64 2.01 2.46 2.88 3.14 3.22 3.12 2.77 2.26 1.72 1.23
  6   0.97 0.99 1.24 1.58 2.04 2.43 2.68 2.80 2.79 2.58 2.26 1.92 1.66 1.60 1.75 2.08 2.44 2.80 3.00 3.05 2.94 2.60 2.12 1.56
  7   1.08 0.83 0.83 1.12 1.49 1.96 2.40 2.76 2.96 2.96 2.77 2.46 2.11 1.79 1.68 1.80 2.06 2.40 2.72 2.90 2.94 2.82 2.48 2.00
  8   1.40 0.94 0.67 0.70 1.02 1.44 1.98 2.49 2.88 3.12 3.16 2.94 2.58 2.16 1.82 1.68 1.78 2.00 2.29 2.62 2.83 2.90 2.79 2.44
  9   1.92 1.32 0.80 0.48 0.55 0.90 1.42 2.02 2.60 3.07 3.30 3.33 3.06 2.62 2.16 1.76 1.57 1.62 1.87 2.20 2.59 2.86 2.92 2.77
 10   2.37 1.80 1.14 0.57 0.28 0.38 0.82 1.42 2.16 2.84 3.29 3.50 3.47 3.14 2.62 2.10 1.64 1.46 1.57 1.89 2.30 2.71 2.97 3.01
 11   2.76 2.34 1.68 0.92 0.33 0.05 0.24 0.82 1.58 2.40 3.08 3.50 3.66 3.57 3.12 2.50 1.89 1.42 1.26 1.46 1.88 2.36 2.82 3.08
 12   3.05 2.76 2.23 1.46 0.68 0.05-0.16 0.17 0.84 1.67 2.55 3.22 3.63 3.71 3.50 2.94 2.28 1.64 1.14 1.10 1.41 1.90 2.44 2.98
 13   3.20 3.12 2.75 2.15 1.35 0.56-0.02-0.09 0.35 1.14 2.02 2.91 3.54 3.86 3.88 3.52 2.78 2.08 1.42 0.98 1.04 1.44 2.01 2.65
 14   3.12 3.33 3.22 2.80 2.12 1.28 0.50-0.02 0.02 0.52 1.35 2.30 3.14 3.69 3.91 3.82 3.32 2.60 1.82 1.16 0.80 0.95 1.44 2.08
 15   2.75 3.25 3.36 3.18 2.75 2.04 1.24 0.50 0.13 0.30 0.89 1.70 2.60 3.36 3.80 3.92 3.68 3.12 2.34 1.54 0.89 0.62 0.86 1.42
 16   2.08 2.74 3.15 3.24 3.08 2.65 1.96 1.22 0.63 0.35 0.57 1.17 1.93 2.77 3.45 3.80 3.83 3.52 2.90 2.09 1.35 0.78 0.63 0.92
 17   1.44 2.08 2.70 3.11 3.20 3.10 2.69 2.10 1.47 0.94 0.72 0.93 1.50 2.18 2.94 3.52 3.74 3.70 3.35 2.72 1.96 1.23 0.72 0.61
 18   0.90 1.42 2.02 2.60 2.96 3.12 3.08 2.77 2.27 1.72 1.29 1.16 1.36 1.84 2.46 3.09 3.48 3.62 3.53 3.14 2.54 1.85 1.22 0.78
 19   0.71 0.99 1.45 2.02 2.56 2.92 3.09 3.10 2.90 2.50 2.03 1.60 1.42 1.55 1.95 2.45 2.94 3.26 3.38 3.29 2.98 2.50 1.88 1.26
 20   0.83 0.70 0.92 1.34 1.86 2.40 2.82 3.07 3.17 3.04 2.69 2.27 1.92 1.68 1.72 2.00 2.36 2.70 2.97 3.08 3.04 2.82 2.40 1.80
 21   1.23 0.82 0.68 0.85 1.24 1.73 2.27 2.72 3.05 3.25 3.19 2.87 2.48 2.08 1.80 1.75 1.92 2.16 2.45 2.71 2.86 2.87 2.72 2.40
 22   1.89 1.36 0.90 0.70 0.81 1.16 1.70 2.25 2.78 3.13 3.36 3.34 3.02 2.58 2.12 1.78 1.68 1.78 2.00 2.29 2.57 2.76 2.82 2.67
 23   2.34 1.90 1.34 0.92 0.80 0.90 1.18 1.66 2.26 2.83 3.20 3.36 3.34 3.04 2.54 2.08 1.72 1.56 1.68 1.94 2.27 2.58 2.79 2.78
 24   2.58 2.26 1.76 1.22 0.76 0.56 0.76 1.21 1.84 2.50 3.01 3.32 3.46 3.34 2.96 2.44 1.94 1.56 1.47 1.65 1.96 2.31 2.63 2.77
 25   2.68 2.44 2.04 1.48 0.90 0.50 0.45 0.77 1.34 2.02 2.67 3.19 3.41 3.42 3.13 2.68 2.14 1.64 1.36 1.40 1.68 2.04 2.45 2.80
 26   2.92 2.78 2.44 1.92 1.26 0.73 0.46 0.62 1.10 1.74 2.40 3.08 3.46 3.58 3.44 2.98 2.40 1.78 1.34 1.20 1.38 1.80 2.26 2.70
 27   2.93 2.90 2.64 2.24 1.60 0.96 0.52 0.46 0.80 1.40 2.06 2.74 3.29 3.54 3.56 3.24 2.70 2.10 1.54 1.24 1.30 1.66 2.08 2.58
 28   2.93 3.02 2.92 2.59 2.04 1.40 0.86 0.58 0.72 1.18 1.79 2.52 3.16 3.49 3.58 3.42 2.94 2.36 1.74 1.27 1.18 1.42 1.84 2.34
 29   2.90 3.10 3.08 2.81 2.38 1.80 1.17 0.78 0.70 0.99 1.48 2.22 2.90 3.38 3.60 3.55 3.18 2.61 1.94 1.38 1.06 1.14 1.52 2.02
 30   2.53 2.92 3.09 3.00 2.66 2.12 1.54 1.02 0.78 0.90 1.32 1.88 2.55 3.14 3.52 3.58 3.36 2.86 2.23 1.60 1.13 1.03 1.28 1.73
 31   2.24 2.75 3.04 3.07 2.90 2.45 1.92 1.38 1.00 0.91 1.15 1.64 2.23 2.88 3.34 3.56 3.50 3.10 2.50 1.85 1.27 0.98 1.05 1.42
 ----------------------------------------------------------------------------------------------------------------------------
                                                                                               
 ----------------------------------------------------------------------------------------------------------------------------
 ----------------------------------------------------------------------------------------------------------------------------
                                                          SURVEY OF INDIA
                                                    MARINE GEODESY WING (G&RB)
                                                     HOURLY HEIGHTS IN METRES
  NAME OF PORT:- OKHA                                                                               MONTH AUGUST    YEAR 2014
 ----------------------------------------------------------------------------------------------------------------------------
 DAYS 0000 0001 0002 0003 0004 0005 0006 0007 0008 0009 0010 0011 0012 0013 0014 0015 0016 0017 0018 0019 0020 0021 0022 0023
 ----------------------------------------------------------------------------------------------------------------------------
  1   1.88 2.41 2.83 3.03 3.00 2.78 2.32 1.78 1.30 1.05 1.10 1.44 1.91 2.52 3.08 3.42 3.48 3.26 2.79 2.17 1.52 1.08 0.92 1.12
  2   1.50 1.92 2.42 2.81 3.01 2.97 2.68 2.25 1.82 1.49 1.36 1.43 1.75 2.21 2.78 3.22 3.40 3.36 3.02 2.54 1.93 1.36 0.97 0.93
  3   1.18 1.56 2.03 2.48 2.81 2.92 2.89 2.66 2.31 1.94 1.63 1.50 1.60 1.94 2.38 2.82 3.13 3.26 3.14 2.81 2.30 1.70 1.20 0.92
  4   0.94 1.19 1.59 2.07 2.49 2.76 2.93 2.94 2.76 2.43 2.07 1.76 1.64 1.75 2.04 2.39 2.76 2.99 3.03 2.90 2.58 2.10 1.56 1.06
  5   0.78 0.78 1.04 1.45 1.92 2.37 2.71 2.95 3.05 2.92 2.60 2.23 1.92 1.76 1.82 2.04 2.33 2.62 2.84 2.91 2.83 2.58 2.10 1.57
  6   1.08 0.74 0.69 0.93 1.34 1.86 2.37 2.79 3.12 3.26 3.16 2.83 2.43 2.04 1.76 1.74 1.91 2.18 2.48 2.77 2.92 2.88 2.65 2.19
  7   1.64 1.08 0.65 0.53 0.76 1.22 1.83 2.43 2.94 3.31 3.46 3.33 2.97 2.53 2.07 1.72 1.64 1.77 2.03 2.37 2.71 2.93 2.93 2.72
  8   2.28 1.70 1.07 0.56 0.36 0.60 1.10 1.80 2.49 3.09 3.50 3.66 3.50 3.07 2.48 1.92 1.53 1.46 1.69 2.03 2.50 2.91 3.15 3.15
  9   2.86 2.36 1.65 0.93 0.37 0.25 0.59 1.20 1.95 2.75 3.40 3.76 3.84 3.56 3.00 2.32 1.68 1.26 1.26 1.60 2.13 2.68 3.13 3.35
 10   3.27 2.96 2.35 1.56 0.80 0.25 0.18 0.64 1.37 2.23 3.03 3.69 3.94 3.92 3.50 2.80 2.06 1.37 0.97 1.07 1.53 2.10 2.74 3.27
 11   3.52 3.40 2.98 2.26 1.45 0.66 0.17 0.24 0.77 1.59 2.49 3.30 3.86 4.05 3.90 3.30 2.54 1.76 1.08 0.76 0.99 1.56 2.22 2.92
 12   3.44 3.61 3.46 2.97 2.20 1.35 0.60 0.14 0.34 1.04 1.88 2.78 3.58 3.96 4.03 3.72 3.06 2.22 1.38 0.71 0.54 0.93 1.58 2.32
 13   3.00 3.45 3.56 3.39 2.88 2.11 1.33 0.68 0.38 0.67 1.34 2.16 2.98 3.59 3.94 3.88 3.46 2.70 1.88 1.05 0.47 0.44 0.87 1.60
 14   2.41 3.08 3.46 3.51 3.32 2.78 2.03 1.32 0.77 0.63 1.00 1.64 2.44 3.18 3.68 3.83 3.69 3.18 2.40 1.60 0.84 0.44 0.54 1.00
 15   1.70 2.43 3.06 3.35 3.42 3.25 2.71 2.10 1.47 1.04 0.98 1.36 1.94 2.62 3.26 3.64 3.70 3.50 2.92 2.21 1.45 0.83 0.52 0.68
 16   1.14 1.77 2.40 2.95 3.24 3.33 3.23 2.80 2.26 1.72 1.36 1.32 1.64 2.14 2.70 3.20 3.46 3.45 3.20 2.72 2.06 1.40 0.85 0.62
 17   0.76 1.20 1.73 2.33 2.84 3.13 3.23 3.16 2.82 2.36 1.94 1.60 1.53 1.76 2.15 2.59 3.00 3.20 3.18 2.96 2.52 2.01 1.44 0.96
 18   0.72 0.81 1.17 1.64 2.17 2.64 2.94 3.11 3.10 2.87 2.50 2.08 1.74 1.64 1.78 2.05 2.38 2.68 2.85 2.87 2.75 2.48 2.07 1.57
 19   1.15 0.87 0.89 1.20 1.60 2.10 2.55 2.92 3.15 3.22 3.06 2.73 2.30 1.95 1.75 1.76 1.96 2.20 2.44 2.65 2.76 2.75 2.55 2.18
 20   1.74 1.27 0.95 0.87 1.07 1.43 1.90 2.43 2.85 3.12 3.25 3.13 2.79 2.37 1.96 1.69 1.64 1.74 1.95 2.22 2.48 2.65 2.69 2.55
 21   2.23 1.79 1.31 0.95 0.82 0.99 1.38 1.90 2.44 2.90 3.20 3.29 3.14 2.78 2.32 1.88 1.59 1.52 1.64 1.90 2.25 2.55 2.72 2.74
 22   2.55 2.20 1.70 1.20 0.85 0.77 1.05 1.48 2.05 2.63 3.09 3.35 3.38 3.13 2.68 2.11 1.66 1.40 1.41 1.62 1.93 2.30 2.63 2.81
 23   2.76 2.50 2.08 1.51 1.02 0.72 0.75 1.15 1.66 2.28 2.87 3.28 3.43 3.35 2.95 2.40 1.84 1.41 1.26 1.37 1.69 2.09 2.54 2.85
 24   2.95 2.79 2.39 1.89 1.30 0.85 0.70 0.90 1.36 1.96 2.62 3.12 3.40 3.42 3.13 2.58 2.00 1.45 1.15 1.18 1.50 1.92 2.39 2.80
 25   2.99 2.94 2.66 2.19 1.55 0.98 0.68 0.73 1.11 1.65 2.32 2.93 3.33 3.45 3.29 2.79 2.17 1.56 1.10 0.98 1.22 1.64 2.14 2.70
 26   3.03 3.10 2.94 2.49 1.90 1.28 0.82 0.68 0.92 1.43 2.05 2.76 3.26 3.49 3.45 3.05 2.45 1.80 1.20 0.91 1.02 1.40 1.92 2.52
 27   2.98 3.18 3.11 2.81 2.25 1.62 1.02 0.72 0.78 1.18 1.76 2.44 3.05 3.38 3.42 3.15 2.60 1.94 1.28 0.82 0.78 1.10 1.60 2.18
 28   2.80 3.10 3.19 3.00 2.52 1.91 1.30 0.85 0.70 0.96 1.48 2.12 2.79 3.25 3.42 3.32 2.89 2.24 1.55 0.96 0.67 0.82 1.26 1.84
 29   2.47 3.00 3.23 3.20 2.91 2.38 1.77 1.22 0.90 0.97 1.34 1.85 2.52 3.09 3.42 3.45 3.12 2.57 1.89 1.23 0.81 0.71 0.94 1.37
 30   1.98 2.57 2.95 3.09 3.01 2.65 2.12 1.58 1.11 0.97 1.16 1.55 2.15 2.77 3.20 3.35 3.28 2.87 2.27 1.60 1.00 0.70 0.75 1.15
 31   1.66 2.26 2.77 3.07 3.13 3.01 2.61 2.12 1.67 1.33 1.29 1.54 1.93 2.43 2.91 3.14 3.18 2.97 2.50 1.90 1.29 0.85 0.68 0.85
 ----------------------------------------------------------------------------------------------------------------------------
                                                                                               
 ----------------------------------------------------------------------------------------------------------------------------
 ----------------------------------------------------------------------------------------------------------------------------
                                                          SURVEY OF INDIA
                                                    MARINE GEODESY WING (G&RB)
                                                     HOURLY HEIGHTS IN METRES
  NAME OF PORT:- OKHA                                                                               MONTH SEPT      YEAR 2014
 ----------------------------------------------------------------------------------------------------------------------------
 DAYS 0000 0001 0002 0003 0004 0005 0006 0007 0008 0009 0010 0011 0012 0013 0014 0015 0016 0017 0018 0019 0020 0021 0022 0023
 ----------------------------------------------------------------------------------------------------------------------------
  1   1.26 1.79 2.35 2.82 3.09 3.14 2.93 2.51 2.02 1.60 1.40 1.45 1.69 2.05 2.49 2.87 3.06 3.02 2.74 2.26 1.68 1.15 0.78 0.71
  2   0.94 1.35 1.84 2.38 2.78 3.06 3.13 3.00 2.61 2.19 1.81 1.56 1.62 1.88 2.20 2.55 2.84 2.99 2.96 2.76 2.34 1.81 1.30 0.94
  3   0.92 1.10 1.45 1.96 2.47 2.86 3.16 3.29 3.21 2.92 2.57 2.20 1.96 1.92 2.03 2.26 2.58 2.87 3.03 3.02 2.85 2.50 2.01 1.52
  4   1.15 0.99 1.10 1.42 1.88 2.40 2.84 3.22 3.46 3.44 3.19 2.82 2.40 2.02 1.81 1.83 1.99 2.24 2.54 2.78 2.90 2.85 2.60 2.18
  5   1.65 1.19 0.88 0.87 1.17 1.61 2.17 2.72 3.14 3.44 3.51 3.30 2.78 2.28 1.85 1.62 1.64 1.86 2.20 2.60 2.90 3.05 3.01 2.72
  6   2.23 1.63 1.07 0.73 0.73 1.07 1.60 2.27 2.90 3.36 3.62 3.63 3.28 2.75 2.16 1.59 1.27 1.29 1.59 2.04 2.55 2.97 3.16 3.10
  7   2.76 2.22 1.56 0.90 0.50 0.50 0.94 1.60 2.35 3.04 3.50 3.68 3.62 3.17 2.46 1.75 1.15 0.87 1.02 1.49 2.06 2.70 3.18 3.33
  8   3.26 2.82 2.15 1.38 0.68 0.30 0.44 0.98 1.70 2.50 3.21 3.60 3.76 3.60 3.02 2.24 1.44 0.81 0.56 0.80 1.38 2.08 2.81 3.33
  9   3.50 3.37 2.94 2.20 1.38 0.65 0.24 0.41 1.03 1.84 2.65 3.32 3.68 3.70 3.40 2.70 1.84 1.02 0.42 0.31 0.75 1.44 2.23 2.97
 10   3.44 3.56 3.43 2.86 2.05 1.22 0.57 0.34 0.65 1.32 2.16 2.93 3.52 3.76 3.70 3.20 2.40 1.52 0.72 0.21 0.29 0.82 1.59 2.44
 11   3.15 3.56 3.61 3.40 2.80 1.99 1.20 0.62 0.52 0.95 1.65 2.43 3.20 3.66 3.73 3.52 2.90 2.05 1.20 0.46 0.10 0.34 0.95 1.76
 12   2.57 3.22 3.51 3.56 3.30 2.62 1.90 1.20 0.77 0.80 1.27 1.92 2.63 3.28 3.59 3.57 3.26 2.62 1.80 0.99 0.36 0.18 0.50 1.16
 13   1.92 2.70 3.24 3.50 3.52 3.20 2.61 1.96 1.35 0.99 1.08 1.52 2.10 2.76 3.26 3.42 3.35 2.96 2.36 1.60 0.90 0.42 0.38 0.75
 14   1.34 2.05 2.70 3.15 3.35 3.35 3.07 2.53 1.97 1.45 1.20 1.32 1.70 2.19 2.72 3.07 3.18 3.10 2.75 2.20 1.55 0.98 0.62 0.63
 15   0.96 1.46 2.07 2.67 3.05 3.25 3.25 2.99 2.57 2.06 1.63 1.44 1.53 1.84 2.24 2.66 2.92 2.96 2.84 2.55 2.10 1.58 1.14 0.85
 16   0.86 1.14 1.55 2.10 2.59 2.94 3.14 3.15 2.98 2.61 2.21 1.82 1.62 1.65 1.84 2.10 2.40 2.62 2.70 2.66 2.47 2.15 1.75 1.33
 17   1.06 1.00 1.19 1.52 1.97 2.44 2.80 3.05 3.17 3.05 2.77 2.38 1.98 1.70 1.61 1.70 1.90 2.15 2.38 2.52 2.56 2.50 2.30 1.95
 18   1.59 1.25 1.09 1.15 1.44 1.80 2.26 2.66 2.97 3.12 3.08 2.83 2.45 2.03 1.68 1.50 1.53 1.70 1.96 2.25 2.48 2.60 2.60 2.41
 19   2.10 1.70 1.35 1.13 1.16 1.42 1.80 2.27 2.70 3.02 3.19 3.18 2.88 2.45 1.98 1.60 1.42 1.44 1.66 1.97 2.30 2.57 2.71 2.69
 20   2.46 2.09 1.65 1.25 1.02 1.08 1.40 1.82 2.33 2.80 3.10 3.22 3.12 2.75 2.25 1.73 1.35 1.22 1.35 1.67 2.06 2.46 2.74 2.85
 21   2.76 2.43 2.00 1.50 1.09 0.93 1.10 1.50 2.00 2.56 3.00 3.23 3.25 2.97 2.47 1.90 1.38 1.12 1.14 1.42 1.83 2.32 2.75 2.97
 22   2.97 2.74 2.32 1.78 1.25 0.93 0.92 1.22 1.70 2.29 2.86 3.20 3.30 3.17 2.71 2.10 1.50 1.06 0.94 1.16 1.59 2.10 2.65 3.02
 23   3.13 3.04 2.68 2.15 1.54 1.07 0.87 1.01 1.46 2.03 2.67 3.15 3.35 3.28 2.91 2.33 1.68 1.11 0.82 0.90 1.30 1.85 2.47 2.95
 24   3.22 3.22 2.97 2.46 1.85 1.26 0.90 0.90 1.25 1.78 2.40 2.98 3.29 3.30 3.07 2.52 1.85 1.20 0.72 0.65 0.97 1.52 2.16 2.80
 25   3.20 3.32 3.22 2.80 2.18 1.52 1.02 0.82 1.02 1.50 2.10 2.78 3.18 3.32 3.20 2.74 2.10 1.36 0.76 0.47 0.63 1.15 1.80 2.53
 26   3.08 3.35 3.34 3.06 2.50 1.85 1.25 0.87 0.90 1.28 1.82 2.44 3.00 3.27 3.22 2.89 2.30 1.58 0.85 0.40 0.36 0.75 1.35 2.07
 27   2.74 3.18 3.32 3.24 2.85 2.25 1.62 1.10 0.88 1.06 1.52 2.06 2.65 3.06 3.16 3.02 2.57 1.90 1.16 0.54 0.29 0.49 0.99 1.65
 28   2.37 2.99 3.28 3.36 3.17 2.70 2.08 1.48 1.10 1.06 1.35 1.84 2.40 2.90 3.11 3.05 2.77 2.21 1.50 0.85 0.40 0.34 0.68 1.25
 29   1.96 2.62 3.05 3.28 3.29 3.00 2.50 1.92 1.43 1.18 1.26 1.57 2.02 2.55 2.93 3.06 2.96 2.60 2.04 1.40 0.80 0.48 0.52 0.90
 30   1.47 2.10 2.70 3.10 3.30 3.27 2.99 2.50 2.00 1.58 1.41 1.50 1.79 2.17 2.60 2.89 2.96 2.82 2.50 2.00 1.40 0.90 0.64 0.70
 ----------------------------------------------------------------------------------------------------------------------------
                                                                                               
 ----------------------------------------------------------------------------------------------------------------------------
 ----------------------------------------------------------------------------------------------------------------------------
                                                          SURVEY OF INDIA
                                                    MARINE GEODESY WING (G&RB)
                                                     HOURLY HEIGHTS IN METRES
  NAME OF PORT:- OKHA                                                                               MONTH OCTOBER   YEAR 2014
 ----------------------------------------------------------------------------------------------------------------------------
 DAYS 0000 0001 0002 0003 0004 0005 0006 0007 0008 0009 0010 0011 0012 0013 0014 0015 0016 0017 0018 0019 0020 0021 0022 0023
 ----------------------------------------------------------------------------------------------------------------------------
  1   1.10 1.60 2.19 2.77 3.10 3.30 3.28 3.00 2.60 2.14 1.76 1.60 1.67 1.91 2.22 2.56 2.82 2.87 2.78 2.50 2.05 1.55 1.10 0.82
  2   0.86 1.17 1.61 2.19 2.69 3.04 3.26 3.32 3.12 2.75 2.30 1.93 1.70 1.68 1.83 2.10 2.40 2.66 2.79 2.78 2.61 2.27 1.83 1.38
  3   1.07 1.02 1.23 1.60 2.10 2.62 3.03 3.30 3.42 3.27 2.93 2.47 2.02 1.70 1.56 1.63 1.85 2.15 2.50 2.75 2.88 2.84 2.57 2.15
  4   1.64 1.24 1.04 1.13 1.48 1.96 2.51 3.00 3.32 3.50 3.45 3.09 2.59 2.03 1.53 1.30 1.36 1.62 2.01 2.48 2.85 3.05 3.04 2.80
  5   2.33 1.80 1.30 1.01 1.05 1.40 1.90 2.53 3.07 3.43 3.58 3.49 3.05 2.44 1.78 1.23 0.98 1.10 1.50 2.03 2.60 3.05 3.29 3.27
  6   2.96 2.40 1.78 1.20 0.87 0.94 1.35 1.90 2.58 3.18 3.54 3.61 3.40 2.83 2.14 1.37 0.80 0.60 0.86 1.40 2.10 2.82 3.30 3.50
  7   3.44 3.00 2.38 1.65 1.05 0.72 0.87 1.38 2.05 2.79 3.38 3.64 3.62 3.23 2.54 1.72 0.95 0.41 0.38 0.80 1.50 2.34 3.07 3.55
  8   3.70 3.57 3.04 2.30 1.59 0.97 0.73 1.02 1.60 2.32 3.07 3.57 3.70 3.58 3.03 2.23 1.40 0.63 0.22 0.35 0.90 1.70 2.57 3.34
  9   3.74 3.82 3.60 2.98 2.23 1.50 0.93 0.83 1.20 1.83 2.55 3.25 3.60 3.63 3.35 2.68 1.85 1.00 0.32 0.10 0.38 1.08 1.95 2.80
 10   3.44 3.78 3.80 3.46 2.80 2.04 1.33 0.89 0.96 1.42 2.06 2.75 3.34 3.55 3.49 3.05 2.40 1.55 0.75 0.17 0.15 0.60 1.30 2.19
 11   3.00 3.55 3.80 3.77 3.33 2.66 2.00 1.37 1.03 1.17 1.63 2.23 2.87 3.30 3.40 3.25 2.77 2.06 1.30 0.60 0.22 0.30 0.83 1.58
 12   2.40 3.10 3.52 3.68 3.57 3.14 2.48 1.85 1.32 1.12 1.34 1.82 2.38 2.90 3.19 3.18 2.95 2.45 1.80 1.12 0.57 0.38 0.60 1.13
 13   1.80 2.55 3.13 3.43 3.50 3.35 2.89 2.32 1.77 1.37 1.27 1.48 1.86 2.32 2.75 2.94 2.87 2.62 2.22 1.62 1.04 0.65 0.57 0.82
 14   1.28 1.90 2.50 3.00 3.26 3.32 3.11 2.70 2.20 1.70 1.37 1.34 1.55 1.86 2.25 2.55 2.67 2.64 2.46 2.12 1.65 1.20 0.90 0.84
 15   1.05 1.45 1.96 2.46 2.86 3.10 3.18 3.02 2.65 2.25 1.84 1.58 1.52 1.62 1.84 2.13 2.39 2.50 2.51 2.41 2.15 1.80 1.44 1.16
 16   1.08 1.22 1.54 1.96 2.40 2.75 3.02 3.12 3.00 2.70 2.32 1.94 1.62 1.50 1.52 1.67 1.90 2.15 2.31 2.40 2.39 2.25 2.00 1.68
 17   1.40 1.27 1.34 1.56 1.89 2.28 2.64 2.90 3.02 2.95 2.70 2.35 1.95 1.60 1.40 1.39 1.54 1.77 2.05 2.32 2.50 2.55 2.50 2.26
 18   1.90 1.58 1.39 1.38 1.55 1.85 2.24 2.63 2.91 3.06 3.04 2.77 2.38 1.93 1.51 1.27 1.24 1.41 1.72 2.10 2.43 2.64 2.70 2.63
 19   2.34 1.96 1.58 1.33 1.26 1.45 1.78 2.19 2.61 2.90 3.02 2.98 2.68 2.22 1.68 1.23 1.03 1.10 1.40 1.80 2.25 2.62 2.82 2.88
 20   2.70 2.35 1.92 1.49 1.23 1.25 1.51 1.90 2.38 2.81 3.08 3.12 2.95 2.50 1.96 1.40 1.01 0.92 1.14 1.56 2.06 2.60 2.94 3.08
 21   3.04 2.73 2.30 1.80 1.40 1.25 1.36 1.70 2.17 2.70 3.08 3.20 3.14 2.78 2.22 1.60 1.05 0.80 0.86 1.25 1.79 2.40 2.92 3.21
 22   3.27 3.10 2.68 2.14 1.62 1.25 1.21 1.46 1.90 2.43 2.94 3.20 3.20 2.95 2.44 1.79 1.14 0.68 0.60 0.92 1.46 2.10 2.79 3.23
 23   3.42 3.40 3.06 2.50 1.92 1.44 1.22 1.34 1.70 2.21 2.77 3.17 3.28 3.14 2.69 2.05 1.35 0.75 0.48 0.65 1.17 1.81 2.57 3.18
 24   3.50 3.58 3.40 2.89 2.27 1.69 1.28 1.22 1.49 1.96 2.50 3.07 3.29 3.26 2.95 2.38 1.64 0.91 0.47 0.41 0.79 1.40 2.19 2.95
 25   3.46 3.68 3.66 3.26 2.67 2.05 1.50 1.24 1.35 1.73 2.22 2.82 3.22 3.34 3.17 2.68 2.03 1.28 0.66 0.37 0.54 1.05 1.80 2.60
 26   3.30 3.68 3.80 3.64 3.15 2.54 1.90 1.44 1.32 1.55 1.97 2.54 3.06 3.34 3.28 3.00 2.48 1.78 1.05 0.56 0.46 0.78 1.40 2.17
 27   2.98 3.55 3.81 3.86 3.56 3.02 2.40 1.82 1.46 1.50 1.79 2.24 2.79 3.20 3.35 3.24 2.86 2.23 1.55 0.90 0.53 0.60 1.02 1.66
 28   2.50 3.22 3.65 3.83 3.78 3.40 2.83 2.22 1.73 1.48 1.60 1.93 2.39 2.87 3.18 3.23 3.05 2.61 2.01 1.36 0.82 0.60 0.74 1.24
 29   1.88 2.67 3.30 3.65 3.78 3.66 3.27 2.73 2.15 1.66 1.50 1.64 2.00 2.42 2.84 3.06 3.04 2.87 2.48 1.95 1.35 0.90 0.76 0.93
 30   1.40 2.02 2.73 3.28 3.57 3.70 3.55 3.15 2.62 2.09 1.67 1.52 1.64 1.94 2.31 2.67 2.90 2.95 2.83 2.50 2.02 1.50 1.07 0.93
 31   1.08 1.46 2.04 2.66 3.16 3.48 3.65 3.55 3.20 2.70 2.20 1.74 1.52 1.53 1.77 2.09 2.45 2.73 2.87 2.84 2.65 2.26 1.84 1.44
 ----------------------------------------------------------------------------------------------------------------------------
                                                                                               
 ----------------------------------------------------------------------------------------------------------------------------
 ----------------------------------------------------------------------------------------------------------------------------
                                                          SURVEY OF INDIA
                                                    MARINE GEODESY WING (G&RB)
                                                     HOURLY HEIGHTS IN METRES
  NAME OF PORT:- OKHA                                                                               MONTH NOVEMBER  YEAR 2014
 ----------------------------------------------------------------------------------------------------------------------------
 DAYS 0000 0001 0002 0003 0004 0005 0006 0007 0008 0009 0010 0011 0012 0013 0014 0015 0016 0017 0018 0019 0020 0021 0022 0023
 ----------------------------------------------------------------------------------------------------------------------------
  1   1.20 1.20 1.50 1.97 2.50 3.02 3.37 3.52 3.51 3.17 2.70 2.10 1.62 1.30 1.28 1.49 1.80 2.16 2.57 2.84 2.96 2.89 2.54 2.07
  2   1.62 1.29 1.20 1.43 1.87 2.38 2.91 3.30 3.48 3.49 3.18 2.68 2.09 1.50 1.08 0.95 1.14 1.53 2.04 2.57 2.96 3.14 3.12 2.80
  3   2.30 1.80 1.37 1.20 1.36 1.76 2.25 2.80 3.23 3.44 3.47 3.18 2.62 1.93 1.23 0.76 0.66 0.92 1.42 2.05 2.70 3.17 3.38 3.37
  4   3.03 2.47 1.90 1.43 1.23 1.38 1.79 2.30 2.90 3.33 3.51 3.48 3.10 2.47 1.70 1.00 0.55 0.52 0.90 1.53 2.27 3.00 3.47 3.66
  5   3.62 3.22 2.61 1.97 1.45 1.24 1.43 1.85 2.42 3.03 3.46 3.55 3.39 2.88 2.14 1.34 0.63 0.26 0.38 0.92 1.67 2.52 3.23 3.64
  6   3.79 3.65 3.15 2.45 1.83 1.35 1.23 1.50 2.00 2.60 3.17 3.48 3.49 3.22 2.60 1.80 0.97 0.33 0.11 0.42 1.09 1.92 2.79 3.46
  7   3.81 3.87 3.62 3.05 2.34 1.68 1.25 1.23 1.58 2.11 2.70 3.23 3.40 3.30 2.90 2.22 1.41 0.66 0.15 0.13 0.58 1.34 2.20 3.04
  8   3.60 3.85 3.85 3.42 2.79 2.08 1.46 1.13 1.26 1.66 2.20 2.78 3.18 3.26 3.10 2.60 1.91 1.13 0.48 0.14 0.29 0.84 1.60 2.45
  9   3.20 3.61 3.78 3.68 3.18 2.50 1.88 1.34 1.14 1.38 1.80 2.37 2.91 3.20 3.16 2.90 2.35 1.65 0.94 0.44 0.29 0.57 1.14 1.88
 10   2.70 3.35 3.67 3.73 3.48 2.95 2.32 1.73 1.32 1.30 1.53 1.98 2.50 2.93 3.10 3.00 2.67 2.14 1.49 0.90 0.52 0.50 0.85 1.43
 11   2.18 2.95 3.43 3.68 3.67 3.30 2.79 2.18 1.68 1.40 1.43 1.69 2.10 2.55 2.89 2.97 2.85 2.52 2.02 1.46 1.00 0.75 0.82 1.21
 12   1.77 2.47 3.08 3.44 3.60 3.53 3.15 2.63 2.10 1.64 1.44 1.52 1.80 2.15 2.53 2.76 2.80 2.68 2.40 1.98 1.52 1.19 1.05 1.18
 13   1.52 2.03 2.61 3.10 3.38 3.49 3.35 3.00 2.56 2.10 1.76 1.61 1.66 1.88 2.19 2.50 2.68 2.73 2.67 2.45 2.10 1.76 1.48 1.35
 14   1.46 1.75 2.17 2.67 3.06 3.30 3.39 3.25 2.95 2.50 2.06 1.73 1.56 1.60 1.77 2.02 2.30 2.50 2.60 2.57 2.45 2.20 1.90 1.65
 15   1.52 1.62 1.87 2.23 2.65 3.02 3.23 3.30 3.20 2.90 2.50 2.07 1.76 1.59 1.58 1.72 1.98 2.29 2.54 2.70 2.77 2.70 2.50 2.23
 16   2.00 1.84 1.87 2.07 2.34 2.70 3.02 3.24 3.32 3.21 2.92 2.48 2.04 1.66 1.46 1.47 1.65 1.95 2.30 2.64 2.87 2.98 2.95 2.75
 17   2.45 2.15 1.95 1.92 2.06 2.32 2.65 2.97 3.16 3.24 3.12 2.80 2.35 1.86 1.46 1.25 1.27 1.52 1.90 2.35 2.77 3.04 3.14 3.06
 18   2.80 2.43 2.09 1.85 1.81 1.97 2.24 2.62 2.95 3.13 3.15 2.96 2.58 2.05 1.53 1.13 0.99 1.14 1.49 2.00 2.57 3.00 3.25 3.34
 19   3.13 2.77 2.34 1.94 1.70 1.70 1.92 2.24 2.63 2.98 3.12 3.10 2.80 2.32 1.72 1.18 0.84 0.83 1.13 1.62 2.27 2.87 3.27 3.46
 20   3.45 3.12 2.67 2.18 1.79 1.59 1.69 1.97 2.37 2.83 3.15 3.24 3.08 2.66 2.04 1.40 0.85 0.63 0.79 1.26 1.92 2.64 3.22 3.54
 21   3.65 3.50 3.07 2.56 2.02 1.64 1.56 1.78 2.15 2.61 3.05 3.26 3.23 2.91 2.35 1.68 1.04 0.60 0.53 0.82 1.50 2.25 3.02 3.52
 22   3.76 3.80 3.47 2.95 2.34 1.82 1.50 1.58 1.90 2.33 2.86 3.22 3.33 3.15 2.70 2.05 1.30 0.66 0.35 0.50 1.05 1.80 2.62 3.34
 23   3.75 3.90 3.79 3.34 2.72 2.10 1.60 1.45 1.63 2.00 2.50 3.02 3.29 3.28 3.00 2.40 1.70 0.97 0.40 0.28 0.60 1.25 2.06 2.92
 24   3.54 3.88 3.97 3.70 3.17 2.50 1.90 1.48 1.47 1.73 2.18 2.73 3.17 3.34 3.21 2.80 2.20 1.42 0.74 0.30 0.37 0.82 1.52 2.40
 25   3.18 3.70 3.96 3.97 3.56 2.98 2.32 1.75 1.43 1.52 1.87 2.34 2.87 3.23 3.30 3.10 2.61 1.94 1.20 0.65 0.38 0.55 1.08 1.83
 26   2.67 3.41 3.82 4.01 3.88 3.40 2.74 2.10 1.60 1.40 1.58 1.94 2.43 2.90 3.19 3.20 2.98 2.50 1.85 1.20 0.70 0.54 0.78 1.35
 27   2.06 2.90 3.50 3.85 3.95 3.74 3.23 2.59 1.97 1.50 1.37 1.55 1.92 2.40 2.85 3.06 3.06 2.87 2.45 1.86 1.30 0.86 0.76 1.02
 28   1.55 2.24 2.98 3.53 3.84 3.89 3.60 3.10 2.50 1.89 1.44 1.33 1.49 1.84 2.26 2.66 2.90 2.95 2.85 2.50 2.02 1.51 1.14 1.02
 29   1.24 1.70 2.30 2.99 3.45 3.70 3.75 3.50 3.00 2.37 1.77 1.34 1.18 1.28 1.61 2.02 2.44 2.72 2.88 2.87 2.66 2.25 1.80 1.42
 30   1.24 1.37 1.76 2.27 2.85 3.29 3.53 3.58 3.36 2.89 2.27 1.66 1.18 0.94 1.03 1.35 1.76 2.23 2.64 2.92 3.02 2.91 2.56 2.10
 ----------------------------------------------------------------------------------------------------------------------------
                                                                                               
 ----------------------------------------------------------------------------------------------------------------------------
 ----------------------------------------------------------------------------------------------------------------------------
                                                          SURVEY OF INDIA
                                                    MARINE GEODESY WING (G&RB)
                                                     HOURLY HEIGHTS IN METRES
  NAME OF PORT:- OKHA                                                                               MONTH DECEMBER  YEAR 2014
 ----------------------------------------------------------------------------------------------------------------------------
 DAYS 0000 0001 0002 0003 0004 0005 0006 0007 0008 0009 0010 0011 0012 0013 0014 0015 0016 0017 0018 0019 0020 0021 0022 0023
 ----------------------------------------------------------------------------------------------------------------------------
  1   1.69 1.46 1.50 1.80 2.22 2.73 3.15 3.36 3.41 3.24 2.80 2.21 1.57 1.04 0.76 0.81 1.14 1.61 2.18 2.70 3.06 3.25 3.20 2.85
  2   2.38 1.94 1.66 1.63 1.85 2.19 2.62 3.05 3.28 3.34 3.17 2.76 2.15 1.46 0.87 0.55 0.59 0.95 1.50 2.18 2.78 3.20 3.39 3.35
  3   2.98 2.48 2.00 1.65 1.57 1.74 2.07 2.48 2.89 3.14 3.18 3.00 2.55 1.90 1.20 0.60 0.32 0.44 0.90 1.56 2.33 2.98 3.38 3.56
  4   3.49 3.06 2.52 1.99 1.60 1.50 1.70 2.07 2.48 2.91 3.17 3.16 2.93 2.43 1.72 0.99 0.41 0.20 0.41 1.00 1.75 2.55 3.15 3.57
  5   3.70 3.54 3.07 2.45 1.90 1.48 1.41 1.67 2.05 2.53 2.96 3.13 3.07 2.74 2.16 1.43 0.75 0.28 0.21 0.58 1.25 2.08 2.90 3.47
  6   3.76 3.82 3.50 2.94 2.32 1.77 1.42 1.45 1.75 2.18 2.69 3.06 3.17 3.03 2.60 1.95 1.22 0.60 0.24 0.35 0.85 1.60 2.44 3.21
  7   3.68 3.88 3.82 3.36 2.77 2.13 1.60 1.35 1.49 1.86 2.35 2.85 3.15 3.13 2.89 2.40 1.73 1.02 0.46 0.27 0.54 1.14 1.90 2.74
  8   3.38 3.75 3.87 3.67 3.15 2.52 1.87 1.41 1.30 1.54 1.97 2.45 2.90 3.08 3.00 2.67 2.15 1.50 0.84 0.43 0.43 0.79 1.41 2.20
  9   2.99 3.51 3.76 3.76 3.43 2.84 2.20 1.64 1.30 1.35 1.65 2.08 2.57 2.91 3.02 2.88 2.50 1.94 1.28 0.77 0.53 0.66 1.15 1.77
 10   2.53 3.21 3.59 3.75 3.65 3.20 2.59 2.01 1.52 1.33 1.47 1.80 2.22 2.66 2.90 2.88 2.70 2.28 1.74 1.19 0.84 0.75 0.97 1.44
 11   2.05 2.78 3.29 3.57 3.62 3.36 2.84 2.25 1.70 1.35 1.29 1.49 1.84 2.25 2.63 2.79 2.75 2.53 2.15 1.65 1.23 0.95 0.97 1.27
 12   1.74 2.36 2.92 3.35 3.54 3.50 3.15 2.64 2.09 1.64 1.40 1.40 1.61 1.94 2.34 2.62 2.74 2.68 2.44 2.10 1.68 1.35 1.19 1.27
 13   1.55 2.00 2.58 3.05 3.34 3.45 3.31 2.93 2.42 1.93 1.51 1.33 1.40 1.63 1.96 2.27 2.50 2.58 2.56 2.40 2.10 1.75 1.47 1.36
 14   1.45 1.75 2.18 2.67 3.06 3.27 3.32 3.14 2.73 2.24 1.75 1.38 1.25 1.30 1.53 1.85 2.16 2.41 2.55 2.59 2.46 2.19 1.90 1.67
 15   1.53 1.62 1.86 2.22 2.62 2.94 3.10 3.10 2.88 2.49 2.05 1.59 1.27 1.11 1.18 1.42 1.72 2.10 2.40 2.60 2.70 2.60 2.37 2.09
 16   1.83 1.69 1.72 1.94 2.21 2.55 2.82 2.94 2.93 2.70 2.35 1.86 1.41 1.05 0.89 0.99 1.27 1.65 2.09 2.45 2.71 2.84 2.80 2.57
 17   2.23 1.95 1.79 1.77 1.94 2.19 2.50 2.79 2.94 2.92 2.72 2.36 1.87 1.39 1.01 0.87 1.00 1.33 1.77 2.30 2.77 3.06 3.18 3.10
 18   2.82 2.43 2.08 1.86 1.80 1.95 2.20 2.50 2.80 2.93 2.92 2.67 2.24 1.69 1.12 0.73 0.63 0.83 1.27 1.83 2.44 2.95 3.25 3.35
 19   3.22 2.84 2.42 2.02 1.77 1.76 1.92 2.21 2.60 2.92 3.06 2.99 2.65 2.15 1.52 0.94 0.58 0.55 0.85 1.41 2.08 2.79 3.27 3.50
 20   3.54 3.27 2.84 2.34 1.90 1.66 1.70 1.96 2.30 2.69 3.02 3.10 2.93 2.50 1.90 1.22 0.66 0.34 0.45 0.90 1.61 2.43 3.17 3.57
 21   3.75 3.70 3.30 2.76 2.21 1.75 1.57 1.69 2.01 2.45 2.91 3.17 3.14 2.86 2.37 1.62 0.90 0.36 0.19 0.49 1.15 1.95 2.80 3.45
 22   3.83 3.95 3.75 3.25 2.62 2.03 1.61 1.54 1.76 2.14 2.66 3.13 3.34 3.23 2.84 2.20 1.46 0.72 0.25 0.22 0.65 1.38 2.25 3.14
 23   3.73 4.05 4.05 3.69 3.10 2.40 1.80 1.41 1.43 1.75 2.23 2.80 3.24 3.38 3.20 2.70 2.05 1.25 0.55 0.15 0.30 0.85 1.66 2.58
 24   3.40 3.87 4.08 3.99 3.50 2.81 2.10 1.52 1.24 1.38 1.78 2.32 2.90 3.28 3.33 3.10 2.60 1.88 1.10 0.48 0.22 0.45 1.08 1.90
 25   2.81 3.55 3.94 4.05 3.83 3.25 2.52 1.80 1.27 1.08 1.29 1.75 2.35 2.94 3.23 3.22 2.95 2.42 1.70 1.00 0.50 0.39 0.74 1.40
 26   2.21 3.06 3.68 3.96 4.00 3.65 3.05 2.30 1.60 1.12 1.05 1.32 1.82 2.38 2.90 3.15 3.13 2.90 2.42 1.80 1.20 0.80 0.74 1.10
 27   1.70 2.45 3.22 3.73 3.93 3.90 3.50 2.85 2.12 1.47 1.04 1.02 1.30 1.78 2.34 2.81 3.05 3.10 2.94 2.56 2.04 1.50 1.10 1.07
 28   1.38 1.91 2.60 3.24 3.64 3.79 3.70 3.29 2.65 1.98 1.35 0.96 0.94 1.21 1.65 2.18 2.67 2.95 3.09 3.02 2.73 2.28 1.80 1.47
 29   1.40 1.63 2.07 2.61 3.16 3.49 3.60 3.50 3.11 2.53 1.85 1.25 0.87 0.82 1.05 1.46 1.98 2.48 2.85 3.10 3.13 2.92 2.53 2.10
 30   1.75 1.62 1.78 2.10 2.52 2.96 3.27 3.37 3.28 2.93 2.42 1.80 1.23 0.84 0.70 0.90 1.30 1.82 2.35 2.82 3.12 3.24 3.10 2.76
 31   2.32 1.94 1.76 1.84 2.06 2.37 2.70 3.00 3.12 3.08 2.80 2.30 1.70 1.13 0.69 0.53 0.70 1.13 1.70 2.34 2.86 3.20 3.33 3.27
 ----------------------------------------------------------------------------------------------------------------------------
                                                                                               
 ----------------------------------------------------------------------------------------------------------------------------
 ----------------------------------------------------------------------------------------------------------------------------
