                                                          SURVEY OF INDIA
                                                    MARINE GEODESY WING (G&RB)
                                                     HOURLY HEIGHTS IN METRES
  NAME OF PORT:- OKHA                                                                               MONTH JANUARY   YEAR 2013
 ----------------------------------------------------------------------------------------------------------------------------
 DAYS 0000 0001 0002 0003 0004 0005 0006 0007 0008 0009 0010 0011 0012 0013 0014 0015 0016 0017 0018 0019 0020 0021 0022 0023
 ----------------------------------------------------------------------------------------------------------------------------
  1   2.31 2.94 3.41 3.57 3.47 3.00 2.37 1.71 1.21 1.00 1.15 1.51 1.97 2.45 2.76 2.79 2.59 2.22 1.65 1.08 0.71 0.62 0.88 1.38
  2   2.04 2.69 3.24 3.54 3.58 3.27 2.72 2.06 1.42 0.98 0.91 1.15 1.56 2.06 2.47 2.70 2.69 2.48 2.07 1.57 1.11 0.83 0.82 1.12
  3   1.61 2.22 2.87 3.30 3.46 3.37 3.05 2.61 2.18 1.77 1.50 1.56 1.86 2.30 2.79 3.18 3.35 3.33 3.13 2.77 2.33 1.92 1.72 1.78
  4   2.10 2.57 3.16 3.70 3.98 4.03 3.83 3.36 2.74 2.09 1.60 1.39 1.50 1.83 2.28 2.76 3.13 3.30 3.33 3.17 2.85 2.46 2.13 1.97
  5   2.03 2.31 2.73 3.26 3.67 3.88 3.89 3.64 3.15 2.52 1.90 1.46 1.31 1.44 1.80 2.26 2.74 3.12 3.35 3.45 3.35 3.07 2.71 2.38
  6   2.20 2.22 2.45 2.82 3.24 3.57 3.74 3.72 3.45 2.98 2.40 1.80 1.36 1.18 1.32 1.69 2.15 2.68 3.12 3.43 3.62 3.59 3.34 3.00
  7   2.62 2.40 2.37 2.54 2.82 3.17 3.47 3.60 3.58 3.36 2.94 2.37 1.76 1.28 1.04 1.14 1.50 2.02 2.62 3.16 3.59 3.83 3.86 3.62
  8   3.25 2.87 2.53 2.38 2.46 2.68 2.96 3.27 3.47 3.48 3.30 2.91 2.32 1.68 1.16 0.85 0.91 1.30 1.89 2.60 3.28 3.78 4.05 4.12
  9   3.84 3.40 2.92 2.47 2.24 2.26 2.49 2.81 3.16 3.44 3.48 3.30 2.87 2.24 1.52 0.93 0.61 0.75 1.24 1.96 2.80 3.52 4.00 4.22
 10   4.20 3.85 3.31 2.75 2.26 2.00 2.09 2.36 2.73 3.19 3.50 3.55 3.34 2.84 2.14 1.37 0.73 0.43 0.64 1.24 2.08 2.96 3.73 4.18
 11   4.40 4.31 3.89 3.27 2.64 2.09 1.83 1.96 2.30 2.82 3.36 3.70 3.72 3.43 2.88 2.10 1.28 0.64 0.40 0.70 1.42 2.34 3.25 3.98
 12   4.40 4.50 4.35 3.80 3.08 2.35 1.80 1.61 1.85 2.34 2.94 3.50 3.82 3.77 3.45 2.85 2.04 1.22 0.62 0.48 0.92 1.72 2.66 3.56
 13   4.24 4.55 4.61 4.31 3.66 2.86 2.11 1.58 1.47 1.82 2.36 3.00 3.59 3.86 3.78 3.44 2.82 2.00 1.19 0.69 0.71 1.20 2.00 2.86
 14   3.70 4.28 4.58 4.58 4.16 3.40 2.58 1.84 1.38 1.42 1.84 2.46 3.12 3.66 3.86 3.73 3.36 2.74 1.94 1.26 0.87 0.98 1.52 2.28
 15   3.14 3.89 4.37 4.52 4.40 3.85 3.06 2.26 1.60 1.28 1.45 1.92 2.55 3.18 3.64 3.78 3.68 3.31 2.71 2.00 1.42 1.18 1.38 1.95
 16   2.67 3.40 4.06 4.38 4.42 4.14 3.54 2.80 2.04 1.46 1.30 1.52 2.01 2.60 3.20 3.57 3.69 3.62 3.27 2.78 2.20 1.75 1.64 1.86
 17   2.30 2.90 3.60 4.10 4.31 4.26 3.86 3.26 2.58 1.88 1.46 1.40 1.68 2.14 2.70 3.20 3.48 3.58 3.50 3.23 2.82 2.36 1.98 1.92
 18   2.12 2.50 3.04 3.54 3.86 3.94 3.82 3.42 2.86 2.22 1.68 1.38 1.39 1.64 2.05 2.52 2.96 3.26 3.37 3.36 3.16 2.82 2.45 2.18
 19   2.16 2.32 2.66 3.06 3.44 3.64 3.64 3.50 3.13 2.62 2.07 1.63 1.38 1.39 1.64 2.00 2.47 2.88 3.18 3.38 3.43 3.29 3.00 2.70
 20   2.43 2.37 2.46 2.68 2.96 3.20 3.33 3.32 3.21 2.93 2.54 2.04 1.63 1.36 1.36 1.60 1.96 2.41 2.84 3.22 3.46 3.54 3.45 3.20
 21   2.90 2.67 2.54 2.56 2.66 2.80 2.96 3.05 3.02 2.89 2.62 2.25 1.75 1.34 1.08 1.10 1.38 1.75 2.28 2.77 3.16 3.38 3.42 3.26
 22   2.96 2.61 2.34 2.18 2.16 2.30 2.50 2.68 2.78 2.78 2.68 2.40 1.98 1.48 1.05 0.81 0.85 1.17 1.60 2.18 2.70 3.09 3.30 3.34
 23   3.11 2.74 2.34 2.03 1.84 1.84 2.02 2.25 2.44 2.54 2.54 2.43 2.14 1.71 1.18 0.74 0.50 0.60 0.96 1.44 2.07 2.63 3.02 3.22
 24   3.24 2.96 2.52 2.07 1.70 1.52 1.55 1.67 1.84 2.02 2.19 2.25 2.16 1.88 1.44 0.90 0.45 0.24 0.34 0.75 1.30 1.96 2.56 2.98
 25   3.18 3.14 2.80 2.30 1.80 1.38 1.18 1.24 1.48 1.81 2.15 2.38 2.40 2.20 1.80 1.26 0.70 0.31 0.21 0.47 0.99 1.64 2.36 2.91
 26   3.20 3.29 3.10 2.63 2.05 1.49 1.12 1.08 1.27 1.62 2.02 2.40 2.57 2.49 2.17 1.66 1.05 0.47 0.15 0.24 0.67 1.28 2.02 2.70
 27   3.13 3.33 3.29 2.90 2.30 1.66 1.15 0.92 1.04 1.39 1.82 2.30 2.62 2.68 2.49 2.02 1.40 0.76 0.27 0.11 0.39 0.96 1.66 2.43
 28   3.02 3.32 3.38 3.13 2.58 1.87 1.23 0.81 0.78 1.06 1.56 2.10 2.56 2.77 2.69 2.37 1.82 1.12 0.49 0.14 0.24 0.70 1.35 2.15
 29   2.74 3.24 3.44 3.34 2.86 2.20 1.50 0.90 0.67 0.86 1.27 1.82 2.41 2.79 2.85 2.68 2.24 1.60 0.93 0.43 0.27 0.52 1.10 1.83
 30   2.49 3.10 3.44 3.47 3.14 2.55 1.83 1.12 0.64 0.58 0.91 1.47 2.07 2.60 2.84 2.81 2.58 2.08 1.42 0.84 0.46 0.48 0.89 1.50
 31   2.25 2.85 3.29 3.45 3.32 2.85 2.15 1.39 0.77 0.47 0.62 1.08 1.66 2.26 2.70 2.88 2.83 2.52 1.96 1.35 0.86 0.65 0.82 1.28
 ----------------------------------------------------------------------------------------------------------------------------
                                                                                               -0.
 ----------------------------------------------------------------------------------------------------------------------------
 ----------------------------------------------------------------------------------------------------------------------------
                                                          SURVEY OF INDIA
                                                    MARINE GEODESY WING (G&RB)
                                                     HOURLY HEIGHTS IN METRES
  NAME OF PORT:- OKHA                                                                               MONTH FEBRUARY  YEAR 2013
 ----------------------------------------------------------------------------------------------------------------------------
 DAYS 0000 0001 0002 0003 0004 0005 0006 0007 0008 0009 0010 0011 0012 0013 0014 0015 0016 0017 0018 0019 0020 0021 0022 0023
 ----------------------------------------------------------------------------------------------------------------------------
  1   1.83 2.48 3.06 3.34 3.37 3.06 2.49 1.75 1.05 0.54 0.39 0.65 1.15 1.70 2.30 2.72 2.84 2.77 2.45 1.94 1.40 0.99 0.88 1.08
  2   1.48 2.00 2.60 3.08 3.26 3.20 2.82 2.20 1.49 0.83 0.40 0.37 0.70 1.20 1.77 2.31 2.63 2.76 2.72 2.43 1.99 1.52 1.20 1.16
  3   1.37 1.70 2.18 2.70 3.04 3.14 3.03 2.61 2.03 1.35 0.76 0.41 0.43 0.75 1.20 1.76 2.27 2.60 2.78 2.78 2.57 2.20 1.79 1.48
  4   1.34 1.53 1.85 2.24 2.65 2.88 2.94 2.81 2.44 1.90 1.24 0.70 0.37 0.36 0.64 1.09 1.63 2.13 2.50 2.75 2.87 2.74 2.42 2.09
  5
  6
  7
  8
  9
 10
 11
 12
 13   2.88 3.52 3.80 3.79 3.42 2.76 1.96 1.22 0.70 0.58 0.90 1.48 2.20 2.88 3.26 3.36 3.18 2.70 2.04 1.38 0.90 0.85 1.20 1.80
 14   2.50 3.14 3.59 3.70 3.58 3.08 2.38 1.60 0.94 0.57 0.65 1.06 1.68 2.37 2.94 3.22 3.26 3.04 2.56 1.97 1.40 1.10 1.18 1.58
 15   2.07 2.70 3.26 3.53 3.55 3.30 2.76 2.08 1.38 0.84 0.66 0.85 1.30 1.88 2.47 2.92 3.14 3.15 2.90 2.46 1.94 1.52 1.36 1.50
 16   1.83 2.32 2.82 3.18 3.32 3.28 2.96 2.42 1.77 1.12 0.77 0.75 1.04 1.46 2.00 2.52 2.86 3.04 3.04 2.81 2.44 2.04 1.74 1.64
 17   1.73 2.04 2.42 2.82 3.05 3.11 2.98 2.66 2.18 1.62 1.15 0.90 0.92 1.18 1.58 2.06 2.52 2.82 2.98 3.00 2.84 2.54 2.22 1.98
 18   1.88 1.96 2.18 2.44 2.72 2.88 2.90 2.80 2.49 2.08 1.62 1.26 1.05 1.05 1.28 1.63 2.06 2.46 2.78 2.99 3.05 2.96 2.75 2.46
 19   2.16 2.02 2.06 2.20 2.36 2.52 2.64 2.68 2.58 2.38 2.04 1.68 1.37 1.16 1.12 1.28 1.58 2.00 2.40 2.75 3.01 3.14 3.10 2.86
 20   2.58 2.30 2.10 2.02 2.04 2.16 2.32 2.48 2.56 2.52 2.40 2.16 1.84 1.44 1.16 1.04 1.16 1.42 1.83 2.28 2.74 3.06 3.24 3.24
 21   3.04 2.74 2.40 2.06 1.90 1.90 2.00 2.16 2.35 2.53 2.58 2.50 2.24 1.90 1.47 1.14 0.96 1.04 1.36 1.80 2.34 2.81 3.14 3.31
 22   3.28 2.98 2.60 2.20 1.85 1.68 1.74 1.92 2.16 2.46 2.64 2.70 2.56 2.26 1.81 1.33 0.96 0.85 1.04 1.46 2.02 2.62 3.08 3.38
 23   3.46 3.32 2.91 2.40 1.91 1.54 1.46 1.62 1.92 2.21 2.52 2.69 2.66 2.43 1.99 1.44 0.93 0.61 0.61 0.97 1.52 2.17 2.77 3.17
 24   3.36 3.32 2.97 2.44 1.82 1.32 1.09 1.19 1.50 1.92 2.38 2.69 2.80 2.66 2.30 1.75 1.14 0.65 0.44 0.62 1.14 1.81 2.52 3.08
 25   3.38 3.44 3.22 2.72 2.06 1.41 0.99 0.92 1.18 1.65 2.19 2.68 2.94 2.93 2.69 2.20 1.55 0.91 0.51 0.50 0.88 1.50 2.22 2.92
 26   3.37 3.55 3.50 3.06 2.38 1.64 1.03 0.76 0.91 1.38 1.94 2.55 3.02 3.18 3.08 2.66 2.04 1.33 0.75 0.51 0.74 1.26 1.92 2.66
 27   3.24 3.57 3.60 3.30 2.69 1.90 1.16 0.65 0.60 0.98 1.56 2.20 2.83 3.19 3.22 3.00 2.49 1.76 1.07 0.60 0.56 0.93 1.54 2.24
 28   2.92 3.38 3.54 3.41 2.89 2.13 1.32 0.64 0.32 0.51 1.02 1.70 2.40 2.98 3.19 3.16 2.82 2.22 1.52 0.91 0.59 0.71 1.19 1.83
 ----------------------------------------------------------------------------------------------------------------------------
                                                                                               -0.
 ----------------------------------------------------------------------------------------------------------------------------
 ----------------------------------------------------------------------------------------------------------------------------
                                                          SURVEY OF INDIA
                                                    MARINE GEODESY WING (G&RB)
                                                     HOURLY HEIGHTS IN METRES
  NAME OF PORT:- OKHA                                                                               MONTH MARCH     YEAR 2013
 ----------------------------------------------------------------------------------------------------------------------------
 DAYS 0000 0001 0002 0003 0004 0005 0006 0007 0008 0009 0010 0011 0012 0013 0014 0015 0016 0017 0018 0019 0020 0021 0022 0023
 ----------------------------------------------------------------------------------------------------------------------------
  1   2.48 3.11 3.44 3.43 3.17 2.43 1.63 0.86 0.32 0.22 0.53 1.16 1.88 2.59 3.04 3.22 3.14 2.74 2.13 1.47 0.96 0.79 1.03 1.53
  2   2.10 2.73 3.22 3.40 3.27 2.81 2.13 1.34 0.66 0.25 0.29 0.71 1.36 2.11 2.77 3.15 3.26 3.12 2.72 2.16 1.58 1.19 1.13 1.41
  3   1.86 2.36 2.95 3.29 3.34 3.13 2.63 1.94 1.20 0.60 0.30 0.44 0.93 1.58 2.26 2.83 3.14 3.23 3.11 2.74 2.25 1.77 1.44 1.42
  4   1.63 1.98 2.50 2.95 3.20 3.19 2.92 2.46 1.83 1.16 0.65 0.44 0.60 1.03 1.62 2.26 2.79 3.10 3.23 3.18 2.87 2.45 2.04 1.75
  5   1.68 1.81 2.10 2.46 2.82 3.01 3.02 2.83 2.45 1.88 1.28 0.82 0.59 0.72 1.10 1.60 2.18 2.69 3.03 3.24 3.24 3.04 2.68 2.27
  6   1.94 1.79 1.83 2.00 2.26 2.57 2.78 2.85 2.78 2.50 2.07 1.54 1.06 0.77 0.76 1.03 1.46 1.98 2.56 3.00 3.32 3.47 3.32 2.99
  7
  8
  9
 10
 11
 12
 13
 14
 15
 16
 17
 18
 19
 20
 21
 22
 23
 24
 25
 26
 27
 28
 29
 30
 31
 ----------------------------------------------------------------------------------------------------------------------------
                                                                                               -0.
 ----------------------------------------------------------------------------------------------------------------------------
 ----------------------------------------------------------------------------------------------------------------------------
                                                          SURVEY OF INDIA
                                                    MARINE GEODESY WING (G&RB)
                                                     HOURLY HEIGHTS IN METRES
  NAME OF PORT:- OKHA                                                                               MONTH APRIL     YEAR 2013
 ----------------------------------------------------------------------------------------------------------------------------
 DAYS 0000 0001 0002 0003 0004 0005 0006 0007 0008 0009 0010 0011 0012 0013 0014 0015 0016 0017 0018 0019 0020 0021 0022 0023
 ----------------------------------------------------------------------------------------------------------------------------
  1
  2
  3
  4
  5
  6
  7
  8
  9
 10
 11
 12
 13
 14
 15
 16
 17
 18
 19
 20
 21
 22
 23
 24
 25
 26
 27
 28
 29
 30
 ----------------------------------------------------------------------------------------------------------------------------
                                                          SURVEY OF INDIA
                                                    MARINE GEODESY WING (G&RB)
                                                     HOURLY HEIGHTS IN METRES
  NAME OF PORT:- OKHA                                                                               MONTH MAY       YEAR 2013
 ----------------------------------------------------------------------------------------------------------------------------
 DAYS 0000 0001 0002 0003 0004 0005 0006 0007 0008 0009 0010 0011 0012 0013 0014 0015 0016 0017 0018 0019 0020 0021 0022 0023
 ----------------------------------------------------------------------------------------------------------------------------
  1
  2
  3
  4
  5
  6
  7
  8
  9
 10
 11
 12
 13
 14
 15
 16
 17
 18
 19
 20
 21
 22
 23
 24
 25
 26
 27
 28
 29
 30
 31
 ----------------------------------------------------------------------------------------------------------------------------
                                                          SURVEY OF INDIA
                                                    MARINE GEODESY WING (G&RB)
                                                     HOURLY HEIGHTS IN METRES
  NAME OF PORT:- OKHA                                                                               MONTH JUNE      YEAR 2013
 ----------------------------------------------------------------------------------------------------------------------------
 DAYS 0000 0001 0002 0003 0004 0005 0006 0007 0008 0009 0010 0011 0012 0013 0014 0015 0016 0017 0018 0019 0020 0021 0022 0023
 ----------------------------------------------------------------------------------------------------------------------------
  1
  2
  3
  4
  5
  6
  7
  8
  9
 10
 11
 12
 13
 14
 15
 16
 17
 18
 19
 20
 21
 22
 23
 24
 25
 26
 27
 28
 29
 30
 ----------------------------------------------------------------------------------------------------------------------------
                                                          SURVEY OF INDIA
                                                    MARINE GEODESY WING (G&RB)
                                                     HOURLY HEIGHTS IN METRES
  NAME OF PORT:- OKHA                                                                               MONTH JULY      YEAR 2013
 ----------------------------------------------------------------------------------------------------------------------------
 DAYS 0000 0001 0002 0003 0004 0005 0006 0007 0008 0009 0010 0011 0012 0013 0014 0015 0016 0017 0018 0019 0020 0021 0022 0023
 ----------------------------------------------------------------------------------------------------------------------------
  1
  2
  3
  4
  5
  6
  7
  8
  9
 10
 11
 12
 13
 14
 15
 16
 17
 18
 19
 20
 21
 22
 23
 24
 25
 26
 27
 28
 29
 30
 31
 ----------------------------------------------------------------------------------------------------------------------------
                                                          SURVEY OF INDIA
                                                    MARINE GEODESY WING (G&RB)
                                                     HOURLY HEIGHTS IN METRES
  NAME OF PORT:- OKHA                                                                               MONTH AUGUST    YEAR 2013
 ----------------------------------------------------------------------------------------------------------------------------
 DAYS 0000 0001 0002 0003 0004 0005 0006 0007 0008 0009 0010 0011 0012 0013 0014 0015 0016 0017 0018 0019 0020 0021 0022 0023
 ----------------------------------------------------------------------------------------------------------------------------
  1
  2
  3
  4
  5
  6
  7
  8
  9
 10
 11
 12
 13
 14
 15
 16
 17
 18
 19
 20
 21
 22
 23   2.94 3.33 3.38 3.15 2.60 1.81 1.06 0.51 0.39 0.79 1.47 2.26 3.01 3.50 3.66 3.52 2.97 2.21 1.37 0.65 0.27 0.43 0.97 1.68
 24   2.40 3.03 3.30 3.31 3.02 2.41 1.69 1.01 0.58 0.64 1.13 1.82 2.55 3.17 3.51 3.53 3.24 2.60 1.79 1.03 0.44 0.28 0.60 1.20
 25   1.90 2.59 3.08 3.28 3.22 2.88 2.29 1.66 1.12 0.86 1.02 1.50 2.10 2.78 3.24 3.43 3.34 2.95 2.32 1.57 0.88 0.48 0.48 0.86
 26   1.40 2.07 2.68 3.06 3.21 3.14 2.80 2.28 1.74 1.34 1.22 1.40 1.83 2.37 2.90 3.23 3.28 3.12 2.69 2.11 1.49 0.96 0.67 0.74
 27   1.11 1.62 2.20 2.71 3.03 3.16 3.07 2.76 2.34 1.92 1.61 1.52 1.70 2.05 2.48 2.88 3.08 3.05 2.86 2.46 1.96 1.45 1.01 0.81
 28   0.92 1.26 1.73 2.27 2.69 2.96 3.09 3.05 2.79 2.42 2.06 1.80 1.71 1.86 2.10 2.43 2.70 2.84 2.81 2.67 2.37 1.95 1.50 1.15
 29   0.98 1.07 1.34 1.72 2.18 2.56 2.86 3.01 3.01 2.83 2.54 2.22 1.93 1.84 1.91 2.05 2.27 2.47 2.58 2.58 2.49 2.27 1.92 1.54
 30   1.19 1.02 1.07 1.32 1.66 2.07 2.49 2.81 3.02 3.07 2.91 2.61 2.25 1.95 1.79 1.80 1.92 2.10 2.26 2.40 2.48 2.48 2.33 2.04
 31   1.64 1.29 1.05 1.01 1.21 1.51 1.93 2.40 2.78 3.04 3.14 2.98 2.67 2.27 1.90 1.63 1.55 1.63 1.81 2.05 2.28 2.44 2.47 2.35
 ----------------------------------------------------------------------------------------------------------------------------
                                                                                               -0.
 ----------------------------------------------------------------------------------------------------------------------------
 ----------------------------------------------------------------------------------------------------------------------------
                                                          SURVEY OF INDIA
                                                    MARINE GEODESY WING (G&RB)
                                                     HOURLY HEIGHTS IN METRES
  NAME OF PORT:- OKHA                                                                               MONTH SEPT      YEAR 2013
 ----------------------------------------------------------------------------------------------------------------------------
 DAYS 0000 0001 0002 0003 0004 0005 0006 0007 0008 0009 0010 0011 0012 0013 0014 0015 0016 0017 0018 0019 0020 0021 0022 0023
 ----------------------------------------------------------------------------------------------------------------------------
  1   2.05 1.66 1.26 0.98 0.89 1.07 1.44 1.92 2.42 2.84 3.08 3.15 2.98 2.61 2.15 1.70 1.42 1.34 1.48 1.74 2.08 2.40 2.57 2.59
  2   2.44 2.10 1.67 1.22 0.89 0.82 1.07 1.51 2.07 2.63 3.03 3.21 3.21 2.90 2.43 1.91 1.48 1.23 1.25 1.54 1.90 2.30 2.64 2.78
  3   2.74 2.45 2.00 1.47 1.00 0.72 0.79 1.18 1.72 2.36 2.92 3.25 3.34 3.17 2.72 2.16 1.60 1.20 1.06 1.27 1.66 2.15 2.62 2.93
  4   2.99 2.79 2.38 1.82 1.24 0.82 0.68 0.93 1.44 2.06 2.74 3.22 3.44 3.40 3.03 2.43 1.76 1.20 0.92 1.03 1.44 1.96 2.50 2.94
  5   3.13 3.06 2.72 2.17 1.54 0.98 0.66 0.74 1.17 1.80 2.54 3.12 3.44 3.48 3.18 2.62 1.96 1.32 0.95 0.86 1.13 1.66 2.30 2.88
  6   3.22 3.27 3.08 2.58 1.94 1.28 0.80 0.66 0.93 1.50 2.20 2.92 3.37 3.53 3.40 2.93 2.28 1.59 0.97 0.64 0.80 1.32 1.96 2.67
  7   3.18 3.40 3.34 2.95 2.38 1.72 1.12 0.75 0.81 1.25 1.90 2.61 3.19 3.50 3.51 3.17 2.60 1.88 1.16 0.63 0.54 0.90 1.54 2.26
  8   2.94 3.34 3.46 3.30 2.83 2.20 1.56 1.02 0.82 1.04 1.56 2.23 2.94 3.40 3.55 3.42 2.92 2.24 1.48 0.84 0.47 0.56 1.06 1.76
  9   2.49 3.12 3.42 3.46 3.20 2.67 2.05 1.48 1.08 1.03 1.36 1.90 2.52 3.14 3.46 3.46 3.14 2.58 1.85 1.13 0.60 0.41 0.66 1.26
 10   1.94 2.67 3.16 3.38 3.36 3.04 2.52 1.94 1.45 1.17 1.24 1.60 2.14 2.74 3.16 3.34 3.24 2.84 2.24 1.52 0.87 0.47 0.46 0.84
 11   1.40 2.06 2.70 3.12 3.31 3.29 2.99 2.48 1.96 1.52 1.35 1.45 1.79 2.22 2.70 3.02 3.10 2.97 2.60 2.04 1.36 0.80 0.45 0.51
 12   0.87 1.40 2.04 2.62 3.01 3.21 3.18 2.93 2.50 2.02 1.63 1.48 1.56 1.84 2.20 2.60 2.86 2.95 2.86 2.53 2.02 1.44 0.93 0.62
 13   0.64 0.96 1.40 1.98 2.50 2.90 3.17 3.23 3.02 2.65 2.24 1.83 1.60 1.61 1.81 2.10 2.42 2.68 2.81 2.78 2.53 2.12 1.59 1.09
 14   0.73 0.67 0.89 1.30 1.84 2.40 2.85 3.18 3.34 3.25 2.90 2.49 2.05 1.71 1.59 1.69 1.93 2.26 2.58 2.78 2.86 2.75 2.43 1.97
 15   1.40 0.98 0.74 0.84 1.20 1.70 2.31 2.84 3.24 3.47 3.48 3.13 2.66 2.12 1.64 1.38 1.41 1.69 2.04 2.46 2.79 2.95 2.92 2.65
 16   2.16 1.58 1.02 0.66 0.68 1.04 1.62 2.28 2.86 3.31 3.56 3.56 3.18 2.62 1.98 1.41 1.11 1.17 1.50 1.95 2.46 2.90 3.14 3.16
 17   2.86 2.32 1.65 1.04 0.64 0.66 1.07 1.68 2.36 3.04 3.47 3.66 3.59 3.10 2.44 1.72 1.10 0.82 0.99 1.44 2.04 2.68 3.16 3.35
 18   3.32 2.94 2.32 1.59 0.93 0.54 0.63 1.14 1.84 2.60 3.24 3.58 3.67 3.43 2.84 2.06 1.30 0.70 0.50 0.80 1.42 2.14 2.84 3.31
 19   3.47 3.35 2.90 2.22 1.43 0.79 0.51 0.72 1.28 2.05 2.84 3.40 3.62 3.56 3.14 2.40 1.60 0.82 0.36 0.40 0.91 1.63 2.41 3.10
 20   3.48 3.56 3.37 2.79 2.05 1.30 0.74 0.61 1.00 1.66 2.38 3.08 3.49 3.59 3.43 2.84 2.05 1.22 0.54 0.25 0.49 1.12 1.88 2.66
 21   3.28 3.55 3.57 3.25 2.64 1.89 1.25 0.82 0.87 1.32 1.96 2.67 3.23 3.50 3.47 3.12 2.45 1.66 0.89 0.34 0.27 0.66 1.33 2.13
 22   2.83 3.36 3.54 3.49 3.03 2.37 1.70 1.13 0.90 1.12 1.62 2.23 2.87 3.33 3.44 3.30 2.81 2.11 1.35 0.68 0.31 0.45 0.96 1.63
 23   2.36 2.98 3.34 3.46 3.31 2.83 2.22 1.61 1.17 1.08 1.37 1.86 2.42 2.96 3.22 3.23 2.95 2.46 1.79 1.08 0.56 0.38 0.61 1.14
 24   1.84 2.48 3.00 3.28 3.35 3.13 2.66 2.13 1.61 1.28 1.34 1.63 2.04 2.53 2.91 3.04 2.94 2.64 2.17 1.56 1.00 0.65 0.64 0.95
 25   1.41 2.00 2.60 3.04 3.27 3.27 2.99 2.55 2.10 1.70 1.51 1.59 1.85 2.19 2.57 2.86 2.93 2.82 2.54 2.10 1.58 1.08 0.76 0.79
 26   1.13 1.57 2.13 2.64 3.01 3.18 3.17 2.90 2.54 2.16 1.84 1.70 1.74 1.99 2.30 2.62 2.81 2.83 2.68 2.40 2.03 1.62 1.28 1.09
 27   1.13 1.37 1.83 2.29 2.69 3.01 3.18 3.16 2.97 2.65 2.25 1.97 1.83 1.84 2.01 2.23 2.46 2.62 2.67 2.59 2.39 2.07 1.72 1.43
 28   1.28 1.28 1.49 1.82 2.24 2.61 2.93 3.15 3.20 3.06 2.78 2.40 2.07 1.82 1.78 1.86 2.03 2.24 2.42 2.55 2.59 2.52 2.32 2.02
 29   1.72 1.47 1.36 1.45 1.70 2.05 2.46 2.83 3.11 3.21 3.10 2.84 2.46 2.06 1.76 1.62 1.64 1.79 2.03 2.29 2.50 2.62 2.62 2.44
 30   2.13 1.79 1.49 1.33 1.39 1.62 1.97 2.41 2.83 3.13 3.25 3.13 2.80 2.38 1.90 1.53 1.39 1.46 1.71 2.04 2.41 2.68 2.82 2.76
 ----------------------------------------------------------------------------------------------------------------------------
                                                                                               -0.
 ----------------------------------------------------------------------------------------------------------------------------
 ----------------------------------------------------------------------------------------------------------------------------
                                                          SURVEY OF INDIA
                                                    MARINE GEODESY WING (G&RB)
                                                     HOURLY HEIGHTS IN METRES
  NAME OF PORT:- OKHA                                                                               MONTH OCTOBER   YEAR 2013
 ----------------------------------------------------------------------------------------------------------------------------
 DAYS 0000 0001 0002 0003 0004 0005 0006 0007 0008 0009 0010 0011 0012 0013 0014 0015 0016 0017 0018 0019 0020 0021 0022 0023
 ----------------------------------------------------------------------------------------------------------------------------
  1   2.55 2.19 1.74 1.36 1.16 1.23 1.55 2.00 2.49 2.95 3.21 3.25 3.04 2.59 2.02 1.51 1.18 1.14 1.38 1.74 2.18 2.62 2.86 2.92
  2   2.79 2.40 1.90 1.39 1.02 0.93 1.16 1.60 2.11 2.65 3.04 3.23 3.16 2.78 2.23 1.60 1.11 0.90 1.03 1.43 1.92 2.47 2.89 3.13
  3   3.13 2.88 2.40 1.82 1.30 1.01 1.07 1.42 1.90 2.51 3.03 3.32 3.36 3.09 2.57 1.91 1.27 0.84 0.80 1.14 1.66 2.28 2.87 3.24
  4   3.36 3.22 2.83 2.22 1.61 1.14 0.97 1.18 1.64 2.20 2.83 3.26 3.41 3.29 2.82 2.18 1.46 0.87 0.61 0.80 1.32 1.95 2.67 3.24
  5   3.52 3.52 3.26 2.70 2.03 1.41 1.02 1.04 1.40 1.93 2.57 3.16 3.44 3.43 3.09 2.47 1.72 1.00 0.51 0.49 0.91 1.57 2.31 3.03
  6   3.47 3.63 3.55 3.10 2.45 1.77 1.19 0.94 1.14 1.61 2.22 2.90 3.34 3.45 3.28 2.73 2.02 1.21 0.54 0.22 0.42 1.00 1.73 2.54
  7   3.19 3.54 3.64 3.44 2.89 2.20 1.52 1.05 1.00 1.31 1.88 2.50 3.08 3.38 3.35 3.03 2.41 1.61 0.83 0.29 0.18 0.56 1.23 2.02
  8   2.82 3.36 3.64 3.65 3.30 2.69 2.02 1.41 1.08 1.18 1.57 2.09 2.67 3.13 3.28 3.17 2.75 2.08 1.29 0.59 0.17 0.22 0.69 1.40
  9   2.21 2.92 3.37 3.56 3.54 3.14 2.58 1.97 1.44 1.20 1.35 1.74 2.23 2.77 3.11 3.17 3.00 2.54 1.91 1.18 0.57 0.28 0.43 0.92
 10   1.58 2.38 2.99 3.38 3.54 3.46 3.05 2.47 1.91 1.46 1.34 1.52 1.86 2.26 2.70 3.00 3.06 2.88 2.44 1.86 1.21 0.72 0.50 0.65
 11   1.10 1.67 2.33 2.95 3.31 3.47 3.43 3.08 2.58 2.07 1.65 1.50 1.60 1.87 2.22 2.62 2.85 2.91 2.81 2.48 1.99 1.45 0.98 0.72
 12   0.80 1.16 1.67 2.29 2.84 3.21 3.42 3.42 3.17 2.71 2.20 1.75 1.50 1.50 1.69 1.99 2.35 2.64 2.79 2.80 2.60 2.26 1.80 1.33
 13   0.99 0.94 1.19 1.60 2.14 2.69 3.13 3.39 3.50 3.29 2.89 2.37 1.81 1.45 1.34 1.47 1.74 2.11 2.49 2.76 2.88 2.83 2.53 2.08
 14   1.59 1.20 1.03 1.16 1.54 2.03 2.59 3.06 3.34 3.47 3.31 2.89 2.34 1.76 1.27 1.09 1.19 1.50 1.95 2.43 2.82 3.03 3.04 2.79
 15   2.34 1.81 1.32 1.06 1.12 1.50 1.99 2.56 3.06 3.37 3.48 3.33 2.84 2.22 1.56 1.03 0.82 0.97 1.42 1.94 2.55 3.00 3.25 3.26
 16   2.99 2.48 1.88 1.34 1.03 1.12 1.51 2.01 2.61 3.14 3.43 3.47 3.23 2.66 1.95 1.24 0.72 0.57 0.84 1.39 2.05 2.74 3.21 3.42
 17   3.39 3.02 2.44 1.80 1.25 1.00 1.16 1.61 2.15 2.79 3.27 3.46 3.44 3.00 2.35 1.57 0.86 0.41 0.41 0.84 1.49 2.24 2.95 3.38
 18   3.52 3.41 2.96 2.31 1.64 1.14 0.96 1.21 1.70 2.30 2.93 3.32 3.39 3.20 2.66 1.93 1.16 0.53 0.23 0.43 1.00 1.75 2.55 3.21
 19   3.54 3.62 3.40 2.84 2.15 1.52 1.07 1.05 1.41 1.94 2.54 3.10 3.32 3.24 2.88 2.27 1.51 0.76 0.25 0.18 0.56 1.22 2.04 2.85
 20   3.38 3.60 3.57 3.17 2.54 1.87 1.31 1.01 1.15 1.57 2.11 2.71 3.13 3.24 3.06 2.58 1.91 1.14 0.50 0.19 0.32 0.86 1.57 2.40
 21   3.07 3.48 3.62 3.48 2.99 2.36 1.75 1.27 1.14 1.37 1.81 2.35 2.89 3.16 3.12 2.84 2.31 1.61 0.92 0.41 0.32 0.61 1.20 1.95
 22   2.68 3.27 3.55 3.59 3.30 2.76 2.13 1.59 1.24 1.28 1.58 2.03 2.54 2.92 3.04 2.91 2.52 1.97 1.31 0.74 0.42 0.49 0.90 1.50
 23   2.22 2.88 3.31 3.47 3.41 3.03 2.48 1.90 1.45 1.27 1.39 1.73 2.14 2.58 2.82 2.84 2.64 2.23 1.68 1.10 0.69 0.54 0.74 1.20
 24   1.75 2.45 2.99 3.30 3.41 3.26 2.84 2.31 1.84 1.51 1.44 1.60 1.90 2.28 2.58 2.74 2.68 2.46 2.09 1.59 1.14 0.86 0.85 1.09
 25   1.49 2.05 2.62 3.05 3.28 3.34 3.12 2.70 2.25 1.83 1.58 1.58 1.75 1.99 2.32 2.57 2.65 2.58 2.36 2.04 1.63 1.29 1.09 1.11
 26   1.35 1.74 2.27 2.73 3.06 3.23 3.24 3.00 2.64 2.23 1.84 1.63 1.62 1.76 1.96 2.24 2.43 2.51 2.50 2.36 2.11 1.79 1.50 1.33
 27   1.34 1.54 1.88 2.32 2.73 3.02 3.18 3.20 3.01 2.69 2.27 1.92 1.69 1.64 1.73 1.90 2.14 2.37 2.53 2.58 2.52 2.32 2.06 1.76
 28   1.56 1.52 1.65 1.90 2.25 2.64 2.94 3.16 3.21 3.06 2.73 2.34 1.96 1.66 1.54 1.59 1.77 2.02 2.32 2.55 2.67 2.68 2.54 2.28
 29   1.96 1.69 1.56 1.61 1.83 2.16 2.56 2.89 3.11 3.19 3.05 2.74 2.31 1.85 1.49 1.35 1.40 1.61 1.95 2.34 2.66 2.83 2.85 2.69
 30   2.42 2.05 1.72 1.50 1.59 1.83 2.18 2.60 2.95 3.16 3.21 3.00 2.60 2.07 1.53 1.17 1.06 1.22 1.59 2.07 2.56 2.91 3.07 3.06
 31   2.81 2.41 1.97 1.60 1.44 1.54 1.82 2.22 2.69 3.07 3.21 3.17 2.84 2.31 1.68 1.13 0.80 0.83 1.16 1.67 2.27 2.82 3.17 3.27
 ----------------------------------------------------------------------------------------------------------------------------
                                                                                               -0.
 ----------------------------------------------------------------------------------------------------------------------------
 ----------------------------------------------------------------------------------------------------------------------------
                                                          SURVEY OF INDIA
                                                    MARINE GEODESY WING (G&RB)
                                                     HOURLY HEIGHTS IN METRES
  NAME OF PORT:- OKHA                                                                               MONTH NOVEMBER  YEAR 2013
 ----------------------------------------------------------------------------------------------------------------------------
 DAYS 0000 0001 0002 0003 0004 0005 0006 0007 0008 0009 0010 0011 0012 0013 0014 0015 0016 0017 0018 0019 0020 0021 0022 0023
 ----------------------------------------------------------------------------------------------------------------------------
  1   3.18 2.80 2.31 1.78 1.40 1.31 1.50 1.87 2.35 2.85 3.16 3.22 3.02 2.54 1.89 1.19 0.68 0.48 0.69 1.22 1.88 2.59 3.16 3.45
  2   3.50 3.25 2.77 2.18 1.64 1.29 1.32 1.60 2.06 2.61 3.08 3.31 3.25 2.87 2.27 1.51 0.82 0.37 0.36 0.78 1.45 2.23 2.99 3.48
  3   3.67 3.63 3.23 2.62 1.99 1.45 1.20 1.37 1.77 2.29 2.87 3.29 3.35 3.12 2.57 1.83 1.04 0.39 0.13 0.35 0.97 1.78 2.63 3.33
  4   3.71 3.82 3.62 3.08 2.41 1.78 1.30 1.19 1.47 1.95 2.54 3.11 3.37 3.29 2.93 2.27 1.49 0.71 0.16 0.07 0.47 1.20 2.06 2.94
  5   3.55 3.87 3.91 3.55 2.95 2.26 1.64 1.25 1.31 1.66 2.17 2.78 3.24 3.38 3.21 2.71 2.01 1.19 0.48 0.05 0.13 0.66 1.44 2.35
  6   3.19 3.70 3.95 3.91 3.45 2.78 2.13 1.55 1.27 1.42 1.80 2.32 2.90 3.26 3.30 3.07 2.54 1.81 1.02 0.40 0.11 0.31 0.91 1.73
  7   2.61 3.34 3.75 3.93 3.81 3.28 2.61 1.96 1.47 1.28 1.48 1.86 2.37 2.87 3.15 3.16 2.93 2.41 1.73 1.02 0.47 0.30 0.55 1.13
  8   1.89 2.68 3.31 3.68 3.81 3.61 3.13 2.49 1.89 1.45 1.31 1.49 1.86 2.33 2.79 3.05 3.04 2.83 2.37 1.78 1.16 0.73 0.58 0.79
  9   1.28 1.97 2.67 3.25 3.55 3.65 3.47 3.02 2.46 1.89 1.46 1.31 1.44 1.78 2.17 2.57 2.82 2.88 2.77 2.45 1.95 1.44 1.02 0.83
 10   1.00 1.44 2.01 2.65 3.17 3.47 3.55 3.37 2.96 2.41 1.87 1.43 1.26 1.33 1.59 1.95 2.35 2.67 2.84 2.84 2.63 2.26 1.79 1.37
 11   1.15 1.25 1.60 2.07 2.65 3.13 3.43 3.57 3.47 3.10 2.56 1.98 1.47 1.18 1.17 1.39 1.73 2.17 2.58 2.87 2.99 2.95 2.64 2.21
 12   1.77 1.45 1.40 1.61 1.99 2.46 2.95 3.27 3.43 3.38 3.05 2.52 1.90 1.32 0.94 0.87 1.09 1.49 2.01 2.53 2.92 3.12 3.13 2.86
 13   2.44 1.98 1.60 1.47 1.62 1.96 2.39 2.87 3.24 3.40 3.35 3.02 2.49 1.85 1.21 0.80 0.73 1.01 1.48 2.09 2.70 3.15 3.37 3.42
 14   3.13 2.63 2.09 1.67 1.51 1.65 1.99 2.40 2.87 3.23 3.36 3.28 2.88 2.29 1.59 0.97 0.59 0.63 1.01 1.59 2.32 2.99 3.40 3.55
 15   3.51 3.13 2.59 2.05 1.60 1.45 1.62 1.99 2.42 2.90 3.20 3.26 3.08 2.62 1.98 1.27 0.70 0.42 0.58 1.11 1.81 2.59 3.23 3.62
 16   3.72 3.51 3.07 2.47 1.90 1.48 1.40 1.64 2.05 2.51 2.98 3.20 3.18 2.88 2.35 1.67 0.98 0.49 0.35 0.67 1.27 2.05 2.86 3.45
 17   3.75 3.75 3.48 2.91 2.31 1.77 1.44 1.48 1.78 2.20 2.73 3.10 3.20 3.04 2.62 2.03 1.31 0.69 0.36 0.46 0.93 1.63 2.44 3.18
 18   3.61 3.78 3.68 3.25 2.67 2.07 1.60 1.43 1.60 1.97 2.41 2.89 3.14 3.10 2.82 2.32 1.66 1.01 0.53 0.39 0.67 1.26 2.04 2.87
 19   3.47 3.77 3.83 3.56 3.05 2.43 1.86 1.48 1.47 1.71 2.10 2.59 2.98 3.11 2.99 2.61 2.07 1.42 0.81 0.51 0.56 0.99 1.64 2.46
 20   3.19 3.63 3.84 3.77 3.35 2.78 2.18 1.67 1.43 1.54 1.87 2.29 2.73 3.03 3.05 2.85 2.42 1.85 1.24 0.79 0.60 0.80 1.30 1.96
 21   2.72 3.35 3.71 3.81 3.62 3.16 2.57 2.01 1.59 1.48 1.68 2.04 2.48 2.86 3.03 2.94 2.66 2.20 1.64 1.11 0.78 0.78 1.09 1.61
 22   2.29 2.99 3.47 3.69 3.70 3.37 2.87 2.28 1.78 1.47 1.49 1.74 2.11 2.51 2.80 2.87 2.74 2.44 1.98 1.47 1.06 0.86 0.94 1.34
 23   1.85 2.55 3.13 3.47 3.59 3.48 3.08 2.56 2.07 1.65 1.48 1.57 1.85 2.20 2.55 2.75 2.76 2.61 2.34 1.91 1.48 1.22 1.15 1.35
 24   1.71 2.25 2.83 3.27 3.49 3.53 3.30 2.89 2.40 1.93 1.58 1.48 1.59 1.85 2.17 2.46 2.62 2.63 2.52 2.29 1.94 1.61 1.38 1.35
 25   1.51 1.86 2.33 2.85 3.23 3.42 3.44 3.18 2.79 2.29 1.85 1.56 1.49 1.59 1.81 2.13 2.42 2.60 2.68 2.65 2.45 2.17 1.86 1.63
 26   1.56 1.69 1.99 2.40 2.83 3.15 3.31 3.29 3.05 2.64 2.16 1.71 1.42 1.35 1.45 1.68 2.01 2.33 2.57 2.73 2.74 2.58 2.31 2.01
 27   1.77 1.70 1.80 2.06 2.41 2.79 3.10 3.26 3.23 2.99 2.59 2.08 1.61 1.28 1.19 1.31 1.58 1.96 2.36 2.67 2.87 2.91 2.75 2.46
 28   2.12 1.83 1.70 1.78 2.02 2.33 2.71 3.00 3.14 3.12 2.86 2.41 1.86 1.35 1.02 0.92 1.10 1.45 1.92 2.44 2.84 3.10 3.16 2.96
 29   2.63 2.24 1.91 1.73 1.78 2.01 2.32 2.72 3.03 3.16 3.11 2.80 2.33 1.73 1.17 0.82 0.77 1.03 1.50 2.12 2.73 3.21 3.45 3.46
 30   3.20 2.79 2.32 1.90 1.71 1.78 2.03 2.39 2.79 3.09 3.21 3.09 2.72 2.13 1.46 0.86 0.53 0.60 1.00 1.62 2.37 3.01 3.47 3.67
 ----------------------------------------------------------------------------------------------------------------------------
                                                                                               -0.
 ----------------------------------------------------------------------------------------------------------------------------
 ----------------------------------------------------------------------------------------------------------------------------
                                                          SURVEY OF INDIA
                                                    MARINE GEODESY WING (G&RB)
                                                     HOURLY HEIGHTS IN METRES
  NAME OF PORT:- OKHA                                                                               MONTH DECEMBER  YEAR 2013
 ----------------------------------------------------------------------------------------------------------------------------
 DAYS 0000 0001 0002 0003 0004 0005 0006 0007 0008 0009 0010 0011 0012 0013 0014 0015 0016 0017 0018 0019 0020 0021 0022 0023
 ----------------------------------------------------------------------------------------------------------------------------
  1   3.63 3.25 2.78 2.23 1.80 1.60 1.74 2.06 2.47 2.92 3.21 3.26 3.07 2.55 1.87 1.11 0.55 0.30 0.50 1.07 1.82 2.64 3.32 3.73
  2   3.90 3.74 3.28 2.68 2.10 1.65 1.52 1.72 2.11 2.60 3.07 3.31 3.24 2.88 2.28 1.51 0.74 0.18 0.04 0.42 1.16 2.03 2.90 3.53
  3   3.89 3.97 3.68 3.13 2.45 1.84 1.43 1.41 1.72 2.16 2.70 3.18 3.33 3.18 2.71 2.01 1.19 0.45-0.01 0.02 0.56 1.34 2.27 3.14
  4   3.72 4.01 4.00 3.59 2.95 2.23 1.62 1.28 1.37 1.73 2.25 2.86 3.28 3.34 3.12 2.58 1.84 1.02 0.31-0.04 0.12 0.71 1.57 2.52
  5   3.35 3.84 4.05 3.96 3.44 2.74 2.04 1.45 1.18 1.35 1.77 2.34 2.93 3.28 3.28 3.02 2.48 1.75 0.96 0.33 0.07 0.31 0.96 1.84
  6   2.76 3.52 3.94 4.09 3.87 3.34 2.60 1.90 1.38 1.19 1.41 1.86 2.42 2.96 3.24 3.22 2.96 2.44 1.73 0.99 0.44 0.24 0.54 1.22
  7   2.04 2.91 3.56 3.92 4.01 3.73 3.14 2.42 1.72 1.23 1.10 1.34 1.79 2.32 2.81 3.06 3.03 2.81 2.36 1.72 1.10 0.66 0.55 0.88
  8   1.49 2.25 3.05 3.61 3.90 3.90 3.55 2.98 2.29 1.61 1.14 1.02 1.25 1.65 2.15 2.65 2.88 2.94 2.82 2.46 1.97 1.41 1.02 0.90
  9   1.15 1.67 2.33 3.01 3.48 3.69 3.69 3.34 2.79 2.13 1.51 1.06 0.97 1.14 1.52 2.00 2.44 2.75 2.91 2.91 2.69 2.30 1.84 1.46
 10   1.34 1.50 1.91 2.42 2.98 3.37 3.53 3.54 3.25 2.72 2.12 1.51 1.07 0.89 1.02 1.38 1.83 2.33 2.72 2.99 3.08 2.96 2.63 2.23
 11   1.85 1.66 1.75 2.04 2.42 2.86 3.18 3.32 3.30 3.07 2.65 2.08 1.47 0.99 0.78 0.88 1.23 1.70 2.25 2.73 3.05 3.20 3.15 2.85
 12   2.44 2.05 1.79 1.79 1.99 2.28 2.64 2.93 3.08 3.09 2.90 2.50 1.94 1.33 0.84 0.59 0.69 1.06 1.58 2.21 2.77 3.12 3.30 3.28
 13   2.97 2.55 2.15 1.83 1.75 1.88 2.14 2.47 2.77 2.96 2.97 2.81 2.42 1.88 1.24 0.76 0.54 0.64 1.06 1.65 2.33 2.91 3.27 3.45
 14   3.39 3.05 2.58 2.11 1.76 1.67 1.82 2.06 2.40 2.72 2.88 2.88 2.67 2.25 1.65 1.03 0.59 0.42 0.65 1.16 1.82 2.55 3.10 3.42
 15   3.54 3.40 2.99 2.48 2.03 1.68 1.64 1.82 2.11 2.47 2.78 2.91 2.84 2.54 2.06 1.41 0.83 0.46 0.45 0.82 1.44 2.16 2.86 3.37
 16   3.60 3.64 3.34 2.86 2.32 1.85 1.58 1.62 1.88 2.23 2.64 2.92 2.96 2.78 2.36 1.79 1.14 0.64 0.42 0.62 1.16 1.88 2.65 3.28
 17   3.66 3.77 3.66 3.22 2.64 2.08 1.64 1.54 1.71 2.03 2.44 2.81 2.98 2.94 2.64 2.17 1.54 0.91 0.52 0.47 0.83 1.44 2.21 2.98
 18   3.51 3.78 3.82 3.52 3.02 2.42 1.88 1.57 1.57 1.82 2.21 2.64 2.93 3.02 2.86 2.46 1.91 1.27 0.75 0.51 0.67 1.17 1.86 2.64
 19   3.31 3.68 3.85 3.73 3.30 2.71 2.11 1.64 1.46 1.61 1.95 2.36 2.78 2.98 2.92 2.64 2.17 1.57 0.97 0.60 0.59 0.93 1.53 2.24
 20   2.95 3.47 3.75 3.79 3.44 2.91 2.28 1.73 1.40 1.41 1.67 2.05 2.50 2.83 2.91 2.77 2.42 1.91 1.31 0.83 0.64 0.78 1.24 1.85
 21   2.62 3.22 3.61 3.79 3.64 3.18 2.57 1.97 1.49 1.32 1.45 1.77 2.20 2.61 2.85 2.84 2.64 2.27 1.75 1.26 0.92 0.86 1.11 1.59
 22   2.21 2.92 3.42 3.70 3.75 3.44 2.93 2.33 1.76 1.39 1.34 1.56 1.94 2.36 2.72 2.88 2.82 2.60 2.21 1.72 1.31 1.07 1.08 1.39
 23   1.87 2.49 3.09 3.49 3.63 3.53 3.14 2.59 2.02 1.53 1.28 1.33 1.61 1.99 2.38 2.66 2.75 2.66 2.40 2.01 1.60 1.29 1.16 1.29
 24   1.64 2.15 2.72 3.20 3.45 3.48 3.25 2.81 2.28 1.75 1.36 1.20 1.33 1.63 2.01 2.38 2.64 2.72 2.64 2.45 2.12 1.76 1.48 1.41
 25   1.55 1.85 2.32 2.82 3.18 3.35 3.35 3.08 2.60 2.03 1.53 1.20 1.13 1.28 1.58 1.95 2.34 2.59 2.71 2.72 2.56 2.26 1.92 1.67
 26   1.58 1.70 2.01 2.42 2.82 3.09 3.19 3.14 2.88 2.40 1.87 1.37 1.05 0.97 1.14 1.45 1.85 2.29 2.60 2.81 2.88 2.74 2.46 2.14
 27   1.85 1.68 1.61 1.74 2.06 2.40 2.65 2.73 2.66 2.37 1.93 1.54 1.19 0.89 0.79 0.96 1.30 1.75 2.27 2.68 2.94 3.06 2.94 2.66
 28   2.29 1.99 1.80 1.82 2.01 2.27 2.62 2.87 2.96 2.88 2.58 2.15 1.57 1.02 0.62 0.51 0.71 1.13 1.70 2.32 2.80 3.10 3.22 3.14
 29   2.78 2.36 1.98 1.73 1.72 1.90 2.19 2.53 2.80 2.92 2.86 2.57 2.11 1.47 0.86 0.42 0.32 0.59 1.10 1.79 2.50 3.04 3.36 3.49
 30   3.32 2.96 2.48 2.01 1.68 1.64 1.83 2.16 2.53 2.86 2.98 2.90 2.57 2.04 1.33 0.68 0.23 0.18 0.55 1.17 1.95 2.72 3.26 3.59
 31   3.68 3.41 2.92 2.34 1.82 1.48 1.48 1.71 2.09 2.54 2.89 3.01 2.87 2.44 1.82 1.04 0.36-0.06-0.01 0.43 1.18 2.04 2.83 3.38
 ----------------------------------------------------------------------------------------------------------------------------
                                                                                               -0.
 ----------------------------------------------------------------------------------------------------------------------------
 ----------------------------------------------------------------------------------------------------------------------------
