                                                          SURVEY OF INDIA
                                                    MARINE GEODESY WING (G&RB)
                                                     HOURLY HEIGHTS IN METRES
  NAME OF PORT:- OKHA                                                                               MONTH JANUARY   YEAR 2008
 ----------------------------------------------------------------------------------------------------------------------------
 DAYS 0000 0001 0002 0003 0004 0005 0006 0007 0008 0009 0010 0011 0012 0013 0014 0015 0016 0017 0018 0019 0020 0021 0022 0023
 ----------------------------------------------------------------------------------------------------------------------------
  1   1.81 1.81 1.98 2.26 2.62 2.92 3.07 3.06 2.86 2.50 2.02 1.50 1.15 0.98 1.04 1.30 1.66 2.10 2.44 2.70 2.86 2.86 2.68 2.45
  2   2.19 2.02 2.01 2.13 2.33 2.58 2.80 2.89 2.84 2.65 2.31 1.89 1.44 1.09 0.92 0.97 1.22 1.60 2.06 2.47 2.78 2.95 2.99 2.85
  3   2.60 2.34 2.14 2.06 2.08 2.20 2.36 2.53 2.62 2.60 2.44 2.17 1.77 1.36 1.00 0.83 0.89 1.16 1.58 2.09 2.58 2.95 3.16 3.22
  4   3.04 2.78 2.50 2.27 2.10 2.10 2.21 2.37 2.55 2.65 2.58 2.43 2.15 1.73 1.29 0.95 0.79 0.88 1.22 1.71 2.31 2.83 3.21 3.41
  5   3.40 3.18 2.86 2.49 2.20 2.02 2.01 2.10 2.27 2.48 2.58 2.54 2.36 2.01 1.58 1.10 0.79 0.71 0.91 1.36 1.95 2.58 3.10 3.42
  6   3.54 3.43 3.13 2.76 2.34 2.00 1.87 1.87 2.05 2.28 2.51 2.62 2.52 2.22 1.84 1.34 0.88 0.64 0.67 1.02 1.56 2.23 2.88 3.35
  7   3.63 3.66 3.39 2.99 2.52 2.08 1.84 1.82 1.96 2.21 2.49 2.75 2.78 2.62 2.24 1.72 1.14 0.71 0.57 0.74 1.22 1.84 2.55 3.18
  8   3.59 3.77 3.72 3.33 2.85 2.36 1.94 1.77 1.83 2.08 2.40 2.73 2.93 2.89 2.58 2.10 1.48 0.89 0.51 0.47 0.82 1.41 2.14 2.87
  9   3.42 3.72 3.80 3.54 3.06 2.50 1.99 1.66 1.65 1.85 2.16 2.57 2.88 2.95 2.77 2.34 1.79 1.14 0.61 0.39 0.55 1.05 1.75 2.52
 10   3.22 3.63 3.81 3.72 3.33 2.78 2.19 1.70 1.48 1.58 1.90 2.30 2.72 2.97 2.93 2.65 2.18 1.55 0.90 0.49 0.45 0.80 1.41 2.16
 11   2.92 3.48 3.77 3.82 3.53 3.00 2.39 1.80 1.41 1.36 1.60 2.00 2.48 2.86 3.00 2.89 2.57 2.04 1.39 0.82 0.54 0.66 1.12 1.79
 12   2.54 3.24 3.66 3.82 3.72 3.27 2.64 1.98 1.44 1.20 1.33 1.68 2.12 2.60 2.96 3.03 2.86 2.50 1.94 1.34 0.92 0.80 1.06 1.55
 13   2.22 2.96 3.50 3.78 3.82 3.51 2.96 2.30 1.67 1.23 1.14 1.35 1.76 2.28 2.75 3.00 3.03 2.86 2.49 1.97 1.47 1.14 1.12 1.44
 14   1.96 2.63 3.30 3.70 3.81 3.71 3.28 2.65 1.95 1.36 0.99 0.96 1.23 1.70 2.21 2.69 2.94 3.00 2.87 2.55 2.10 1.67 1.43 1.45
 15   1.76 2.21 2.80 3.34 3.64 3.68 3.49 3.02 2.39 1.72 1.18 0.90 0.96 1.28 1.72 2.24 2.70 2.99 3.12 3.06 2.81 2.44 2.06 1.84
 16   1.84 2.09 2.46 2.95 3.36 3.58 3.58 3.30 2.86 2.26 1.62 1.09 0.86 0.92 1.25 1.69 2.21 2.67 3.00 3.19 3.23 3.00 2.67 2.33
 17   2.10 2.08 2.25 2.55 2.90 3.19 3.32 3.28 3.04 2.60 2.01 1.42 0.93 0.67 0.72 1.06 1.50 2.06 2.54 3.00 3.29 3.42 3.28 2.95
 18   2.59 2.31 2.18 2.25 2.43 2.65 2.89 3.04 3.02 2.84 2.46 1.96 1.32 0.83 0.50 0.51 0.81 1.30 1.94 2.56 3.09 3.40 3.56 3.43
 19   3.09 2.71 2.36 2.14 2.11 2.24 2.45 2.69 2.87 2.90 2.76 2.46 1.99 1.37 0.80 0.42 0.38 0.69 1.22 1.92 2.64 3.23 3.62 3.77
 20   3.62 3.26 2.80 2.32 1.99 1.92 2.04 2.27 2.56 2.80 2.90 2.81 2.50 2.01 1.35 0.70 0.30 0.22 0.57 1.20 1.98 2.76 3.36 3.72
 21   3.87 3.69 3.26 2.69 2.14 1.78 1.71 1.89 2.19 2.56 2.88 3.02 2.94 2.60 2.08 1.38 0.72 0.27 0.22 0.63 1.30 2.16 2.98 3.58
 22   3.92 4.02 3.72 3.20 2.57 1.97 1.57 1.56 1.81 2.21 2.68 3.06 3.19 3.06 2.69 2.09 1.34 0.68 0.27 0.32 0.81 1.54 2.39 3.21
 23   3.76 4.03 4.02 3.61 2.94 2.30 1.69 1.38 1.48 1.81 2.29 2.81 3.16 3.26 3.06 2.61 1.94 1.17 0.56 0.28 0.48 1.06 1.85 2.71
 24   3.46 3.86 3.99 3.82 3.32 2.63 1.91 1.33 1.12 1.34 1.80 2.31 2.88 3.21 3.22 2.97 2.47 1.79 1.06 0.60 0.45 0.77 1.38 2.16
 25   3.00 3.61 3.90 3.92 3.57 2.98 2.23 1.52 1.06 1.01 1.32 1.84 2.44 2.96 3.16 3.10 2.80 2.30 1.63 1.00 0.64 0.67 1.08 1.72
 26   2.48 3.22 3.66 3.78 3.66 3.20 2.54 1.78 1.17 0.88 1.00 1.40 1.95 2.54 2.96 3.10 3.00 2.68 2.15 1.56 1.10 0.90 1.06 1.52
 27   2.10 2.80 3.37 3.64 3.66 3.37 2.82 2.14 1.44 0.98 0.84 1.05 1.50 2.06 2.60 2.92 2.98 2.86 2.54 2.09 1.63 1.30 1.22 1.43
 28   1.84 2.44 3.03 3.42 3.55 3.43 3.00 2.41 1.74 1.19 0.88 0.90 1.21 1.66 2.17 2.62 2.86 2.89 2.80 2.52 2.13 1.77 1.56 1.58
 29   1.84 2.20 2.70 3.13 3.34 3.34 3.10 2.67 2.10 1.52 1.11 0.95 1.06 1.40 1.82 2.30 2.66 2.87 2.93 2.85 2.60 2.32 2.06 1.92
 30   1.99 2.20 2.52 2.88 3.10 3.17 3.10 2.83 2.40 1.88 1.41 1.10 1.00 1.14 1.44 1.84 2.26 2.60 2.80 2.91 2.88 2.70 2.48 2.25
 31   2.13 2.14 2.28 2.47 2.71 2.85 2.87 2.76 2.52 2.15 1.72 1.33 1.07 0.97 1.09 1.40 1.77 2.17 2.52 2.80 2.97 2.96 2.82 2.64
 ----------------------------------------------------------------------------------------------------------------------------
                                                                                               
 ----------------------------------------------------------------------------------------------------------------------------
 ----------------------------------------------------------------------------------------------------------------------------
                                                          SURVEY OF INDIA
                                                    MARINE GEODESY WING (G&RB)
                                                     HOURLY HEIGHTS IN METRES
  NAME OF PORT:- OKHA                                                                               MONTH FEBRUARY  YEAR 2008
 ----------------------------------------------------------------------------------------------------------------------------
 DAYS 0000 0001 0002 0003 0004 0005 0006 0007 0008 0009 0010 0011 0012 0013 0014 0015 0016 0017 0018 0019 0020 0021 0022 0023
 ----------------------------------------------------------------------------------------------------------------------------
  1   2.43 2.28 2.25 2.28 2.37 2.51 2.63 2.63 2.55 2.36 2.07 1.70 1.35 1.07 0.94 1.06 1.32 1.67 2.09 2.49 2.84 3.05 3.11 3.00
  2   2.79 2.55 2.32 2.19 2.14 2.17 2.26 2.37 2.46 2.44 2.33 2.10 1.80 1.44 1.15 0.99 1.02 1.25 1.62 2.12 2.60 2.98 3.20 3.28
  3   3.15 2.88 2.60 2.22 1.96 1.88 1.94 2.06 2.20 2.35 2.36 2.29 2.06 1.72 1.29 0.94 0.76 0.84 1.15 1.60 2.19 2.73 3.12 3.34
  4   3.39 3.18 2.83 2.42 2.05 1.82 1.76 1.86 2.05 2.29 2.47 2.50 2.39 2.09 1.65 1.15 0.77 0.61 0.75 1.16 1.71 2.35 2.93 3.31
  5   3.48 3.43 3.10 2.67 2.17 1.78 1.57 1.62 1.82 2.09 2.39 2.59 2.58 2.37 1.99 1.44 0.89 0.50 0.43 0.73 1.29 1.95 2.61 3.16
  6   3.46 3.51 3.30 2.85 2.31 1.81 1.42 1.35 1.55 1.86 2.22 2.55 2.67 2.55 2.22 1.72 1.07 0.52 0.21 0.33 0.82 1.48 2.21 2.85
  7   3.28 3.47 3.39 2.99 2.40 1.81 1.29 1.08 1.19 1.54 1.99 2.48 2.78 2.82 2.59 2.14 1.49 0.80 0.31 0.19 0.53 1.14 1.90 2.65
  8   3.21 3.50 3.51 3.19 2.63 1.96 1.35 0.95 0.89 1.17 1.64 2.17 2.69 2.93 2.85 2.52 1.97 1.26 0.61 0.21 0.29 0.76 1.43 2.21
  9   2.93 3.40 3.53 3.39 2.91 2.22 1.51 0.92 0.64 0.77 1.19 1.75 2.41 2.88 3.01 2.85 2.44 1.81 1.09 0.52 0.33 0.58 1.16 1.90
 10   2.66 3.30 3.56 3.53 3.20 2.59 1.83 1.09 0.58 0.47 0.76 1.32 1.97 2.59 2.95 2.99 2.79 2.35 1.69 1.03 0.60 0.57 0.94 1.55
 11   2.26 2.99 3.42 3.53 3.37 2.87 2.16 1.36 0.71 0.35 0.43 0.84 1.46 2.15 2.71 2.99 3.00 2.77 2.31 1.71 1.17 0.89 0.98 1.41
 12   1.98 2.67 3.25 3.49 3.44 3.09 2.51 1.75 1.03 0.48 0.27 0.47 0.97 1.62 2.29 2.79 3.02 3.01 2.77 2.34 1.83 1.43 1.25 1.43
 13   1.83 2.31 2.88 3.27 3.37 3.25 2.83 2.19 1.49 0.85 0.41 0.33 0.61 1.11 1.75 2.37 2.81 3.03 3.08 2.90 2.54 2.15 1.79 1.63
 14   1.75 2.05 2.46 2.91 3.20 3.23 3.05 2.65 2.08 1.44 0.88 0.53 0.47 0.73 1.17 1.75 2.33 2.75 3.03 3.17 3.05 2.78 2.43 2.13
 15   1.92 1.97 2.17 2.45 2.76 2.95 2.95 2.82 2.52 2.06 1.49 0.98 0.61 0.51 0.70 1.11 1.64 2.19 2.66 3.01 3.22 3.23 3.01 2.69
 16   2.35 2.10 2.04 2.11 2.26 2.47 2.65 2.72 2.67 2.48 2.14 1.69 1.20 0.79 0.60 0.68 1.00 1.46 2.04 2.62 3.09 3.37 3.45 3.25
 17   2.89 2.53 2.19 1.96 1.91 2.02 2.18 2.41 2.61 2.68 2.61 2.35 1.95 1.45 0.93 0.60 0.55 0.81 1.30 1.95 2.63 3.17 3.51 3.64
 18   3.45 3.06 2.58 2.11 1.77 1.66 1.76 2.00 2.30 2.61 2.77 2.72 2.49 2.07 1.49 0.93 0.50 0.40 0.68 1.25 1.97 2.70 3.29 3.61
 19   3.69 3.45 2.98 2.39 1.83 1.44 1.38 1.59 1.93 2.35 2.75 2.93 2.87 2.58 2.09 1.43 0.79 0.38 0.37 0.79 1.47 2.24 2.99 3.51
 20   3.73 3.73 3.35 2.75 2.09 1.50 1.18 1.25 1.58 2.06 2.59 2.99 3.13 2.99 2.61 2.03 1.30 0.69 0.37 0.53 1.07 1.81 2.63 3.33
 21   3.73 3.84 3.65 3.13 2.44 1.74 1.20 1.03 1.28 1.74 2.31 2.88 3.23 3.25 3.00 2.52 1.85 1.15 0.62 0.47 0.79 1.43 2.21 3.03
 22   3.59 3.85 3.79 3.37 2.72 1.97 1.29 0.85 0.91 1.29 1.88 2.47 3.03 3.31 3.25 2.97 2.44 1.68 1.10 0.67 0.68 1.09 1.75 2.53
 23   3.24 3.66 3.77 3.58 3.08 2.35 1.61 0.99 0.72 0.91 1.39 2.03 2.69 3.16 3.29 3.17 2.79 2.19 1.53 0.99 0.77 0.99 1.51 2.15
 24   2.88 3.42 3.64 3.58 3.19 2.57 1.82 1.11 0.67 0.65 1.01 1.58 2.25 2.85 3.16 3.19 3.01 2.58 2.00 1.43 1.07 1.06 1.38 1.89
 25   2.54 3.14 3.47 3.47 3.24 2.74 2.04 1.32 0.77 0.55 0.73 1.17 1.76 2.41 2.89 3.09 3.05 2.82 2.37 1.84 1.39 1.18 1.30 1.67
 26   2.14 2.69 3.12 3.27 3.19 2.83 2.27 1.59 1.01 0.65 0.61 0.90 1.41 2.01 2.58 2.95 3.07 2.99 2.70 2.28 1.87 1.59 1.53 1.71
 27   2.05 2.48 2.91 3.14 3.15 2.93 2.51 1.95 1.37 0.93 0.73 0.83 1.20 1.70 2.27 2.73 2.97 3.07 2.99 2.72 2.37 2.07 1.89 1.88
 28   2.04 2.31 2.63 2.96 3.07 3.01 2.76 2.34 1.83 1.34 1.01 0.89 1.07 1.43 1.88 2.35 2.71 2.92 3.01 2.94 2.72 2.45 2.19 2.05
 29   2.06 2.19 2.39 2.65 2.80 2.86 2.77 2.53 2.16 1.73 1.36 1.13 1.09 1.25 1.55 1.95 2.37 2.69 2.93 3.05 3.00 2.83 2.62 2.39
 ----------------------------------------------------------------------------------------------------------------------------
                                                                                               
 ----------------------------------------------------------------------------------------------------------------------------
 ----------------------------------------------------------------------------------------------------------------------------
                                                          SURVEY OF INDIA
                                                    MARINE GEODESY WING (G&RB)
                                                     HOURLY HEIGHTS IN METRES
  NAME OF PORT:- OKHA                                                                               MONTH MARCH     YEAR 2008
 ----------------------------------------------------------------------------------------------------------------------------
 DAYS 0000 0001 0002 0003 0004 0005 0006 0007 0008 0009 0010 0011 0012 0013 0014 0015 0016 0017 0018 0019 0020 0021 0022 0023
 ----------------------------------------------------------------------------------------------------------------------------
  1   2.24 2.21 2.25 2.36 2.50 2.59 2.64 2.56 2.37 2.09 1.73 1.41 1.18 1.09 1.22 1.47 1.84 2.23 2.68 2.89 3.08 3.13 3.00 2.80
  2   2.57 2.34 2.21 2.16 2.20 2.28 2.39 2.46 2.48 2.39 2.21 1.94 1.64 1.36 1.19 1.20 1.38 1.67 2.09 2.54 2.92 3.18 3.31 3.21
  3   2.98 2.68 2.35 2.08 1.94 1.93 2.01 2.17 2.36 2.47 2.46 2.33 2.09 1.75 1.38 1.10 1.03 1.19 1.53 2.02 2.55 2.98 3.29 3.42
  4   3.33 3.03 2.65 2.21 1.87 1.75 1.80 1.99 2.24 2.49 2.64 2.65 2.49 2.17 1.72 1.29 0.99 0.93 1.18 1.62 2.20 2.79 3.25 3.54
  5   3.59 3.35 2.93 2.42 1.93 1.65 1.60 1.77 2.06 2.41 2.73 2.87 2.80 2.53 2.07 1.50 0.99 0.72 0.81 1.21 1.80 2.49 3.11 3.52
  6   3.66 3.57 3.16 2.59 1.98 1.49 1.31 1.44 1.77 2.21 2.69 3.03 3.10 2.95 2.53 1.93 1.29 0.81 0.66 0.94 1.51 2.19 2.93 3.47
  7   3.74 3.74 3.39 2.80 2.09 1.46 1.07 1.08 1.41 1.89 2.47 2.97 3.25 3.23 2.95 2.41 1.70 1.05 0.65 0.71 1.18 1.85 2.60 3.29
  8   3.67 3.75 3.57 3.05 2.33 1.57 0.97 0.74 0.96 1.45 2.11 2.80 3.29 3.46 3.38 2.98 2.35 1.61 0.99 0.73 0.95 1.51 2.23 2.99
  9   3.60 3.83 3.76 3.36 2.70 1.91 1.14 0.62 0.57 0.95 1.60 2.35 3.09 3.53 3.62 3.47 2.96 2.27 1.55 1.03 0.97 1.37 1.97 2.68
 10   3.39 3.80 3.86 3.61 3.05 2.27 1.45 0.74 0.37 0.53 1.09 1.86 2.66 3.31 3.60 3.62 3.33 2.75 2.07 1.45 1.11 1.27 1.73 2.33
 11   3.02 3.60 3.82 3.73 3.29 2.62 1.79 0.98 0.43 0.31 0.65 1.28 2.06 2.85 3.41 3.65 3.66 3.33 2.77 2.14 1.62 1.40 1.55 2.02
 12   2.56 3.20 3.58 3.65 3.45 2.96 2.29 1.48 0.79 0.36 0.34 0.76 1.43 2.19 2.91 3.37 3.58 3.57 3.24 2.73 2.19 1.75 1.63 1.81
 13   2.17 2.65 3.15 3.41 3.40 3.17 2.70 2.05 1.33 0.72 0.42 0.52 0.95 1.53 2.22 2.85 3.27 3.48 3.50 3.23 2.80 2.36 1.99 1.86
 14   1.98 2.27 2.64 3.01 3.19 3.16 2.95 2.55 2.02 1.43 0.93 0.67 0.73 1.07 1.59 2.23 2.80 3.19 3.41 3.48 3.27 2.95 2.55 2.20
 15   2.02 2.05 2.21 2.45 2.72 2.88 2.91 2.79 2.53 2.11 1.61 1.16 0.88 0.84 1.09 1.49 2.02 2.54 2.99 3.32 3.48 3.41 3.13 2.76
 16   2.34 2.05 1.94 1.99 2.14 2.36 2.57 2.71 2.72 2.59 2.33 1.95 1.49 1.13 0.94 1.02 1.31 1.76 2.33 2.86 3.28 3.50 3.56 3.31
 17   2.91 2.47 2.05 1.77 1.72 1.86 2.09 2.37 2.62 2.75 2.74 2.58 2.23 1.77 1.30 0.99 0.96 1.23 1.68 2.25 2.87 3.34 3.62 3.69
 18   3.44 3.02 2.49 1.95 1.61 1.57 1.76 2.08 2.45 2.79 2.99 3.01 2.86 2.47 1.93 1.36 0.98 0.91 1.19 1.71 2.35 3.01 3.49 3.74
 19   3.73 3.40 2.87 2.25 1.69 1.35 1.37 1.67 2.09 2.57 2.99 3.21 3.21 2.98 2.50 1.89 1.30 0.95 1.01 1.41 2.00 2.68 3.31 3.69
 20   3.80 3.63 3.09 2.50 1.84 1.28 1.07 1.26 1.68 2.23 2.79 3.20 3.34 3.26 2.91 2.35 1.69 1.12 0.89 1.08 1.59 2.22 2.94 3.47
 21   3.71 3.70 3.36 2.78 2.05 1.37 0.92 0.91 1.27 1.81 2.44 3.01 3.33 3.40 3.22 2.76 2.12 1.47 1.01 0.95 1.31 1.89 2.56 3.23
 22   3.59 3.66 3.48 2.98 2.29 1.55 0.99 0.77 0.99 1.51 2.15 2.84 3.35 3.56 3.54 3.20 2.63 1.98 1.41 1.13 1.28 1.75 2.33 2.97
 23   3.47 3.65 3.57 3.18 2.57 1.85 1.17 0.75 0.75 1.13 1.73 2.46 3.13 3.49 3.56 3.41 2.99 2.40 1.79 1.37 1.30 1.60 2.09 2.67
 24   3.20 3.50 3.50 3.25 2.73 2.05 1.35 0.81 0.63 0.85 1.37 2.06 2.80 3.34 3.58 3.56 3.29 2.81 2.25 1.73 1.44 1.53 1.87 2.33
 25   2.86 3.31 3.46 3.36 2.96 2.41 1.71 1.09 0.72 0.74 1.11 1.69 2.40 3.04 3.44 3.61 3.51 3.15 2.65 2.14 1.74 1.62 1.82 2.17
 26   2.61 3.08 3.34 3.34 3.09 2.65 2.06 1.42 0.95 0.78 0.94 1.42 2.01 2.68 3.19 3.46 3.51 3.32 2.90 2.42 1.99 1.76 1.79 2.03
 27   2.35 2.74 3.05 3.14 3.00 2.68 2.20 1.59 1.09 0.80 0.81 1.13 1.61 2.21 2.76 3.15 3.33 3.34 3.09 2.72 2.31 2.01 1.89 1.98
 28   2.19 2.49 2.81 2.99 2.98 2.79 2.45 1.98 1.47 1.07 0.90 1.01 1.34 1.81 2.35 2.81 3.11 3.24 3.21 2.98 2.67 2.34 2.09 2.01
 29   2.09 2.26 2.51 2.73 2.82 2.76 2.57 2.26 1.86 1.44 1.15 1.03 1.17 1.48 1.91 2.38 2.76 3.01 3.14 3.11 2.92 2.65 2.37 2.16
 30   2.06 2.10 2.22 2.37 2.54 2.61 2.57 2.45 2.23 1.90 1.57 1.31 1.19 1.29 1.54 1.91 2.32 2.68 2.97 3.15 3.18 3.03 2.81 2.52
 31   2.27 2.11 2.06 2.10 2.21 2.34 2.46 2.53 2.51 2.38 2.14 1.87 1.57 1.39 1.36 1.51 1.80 2.17 2.57 2.94 3.20 3.32 3.22 2.96
 ----------------------------------------------------------------------------------------------------------------------------
                                                                                               
 ----------------------------------------------------------------------------------------------------------------------------
 ----------------------------------------------------------------------------------------------------------------------------
                                                          SURVEY OF INDIA
                                                    MARINE GEODESY WING (G&RB)
                                                     HOURLY HEIGHTS IN METRES
  NAME OF PORT:- OKHA                                                                               MONTH APRIL     YEAR 2008
 ----------------------------------------------------------------------------------------------------------------------------
 DAYS 0000 0001 0002 0003 0004 0005 0006 0007 0008 0009 0010 0011 0012 0013 0014 0015 0016 0017 0018 0019 0020 0021 0022 0023
 ----------------------------------------------------------------------------------------------------------------------------
  1   2.62 2.30 2.00 1.81 1.79 1.90 2.09 2.32 2.49 2.54 2.47 2.28 1.98 1.62 1.36 1.25 1.34 1.62 2.04 2.51 2.94 3.25 3.37 3.28
  2   2.98 2.56 2.12 1.74 1.56 1.58 1.78 2.09 2.44 2.69 2.79 2.72 2.49 2.12 1.68 1.32 1.18 1.30 1.67 2.18 2.76 3.21 3.47 3.53
  3   3.33 2.92 2.39 1.83 1.42 1.27 1.43 1.80 2.23 2.69 2.96 3.05 2.93 2.57 2.07 1.54 1.15 1.05 1.30 1.77 2.37 3.00 3.43 3.62
  4   3.55 3.21 2.64 1.98 1.39 1.03 1.05 1.39 1.90 2.47 2.96 3.23 3.24 2.98 2.50 1.88 1.28 0.95 1.02 1.42 2.03 2.69 3.25 3.56
  5   3.57 3.30 2.74 2.02 1.28 0.71 0.54 0.80 1.36 2.04 2.75 3.26 3.46 3.40 3.01 2.40 1.70 1.15 0.93 1.16 1.69 2.34 3.04 3.51
  6   3.64 3.49 3.02 2.31 1.50 0.76 0.31 0.38 0.85 1.57 2.36 3.08 3.52 3.63 3.46 2.92 2.22 1.54 1.06 1.02 1.40 2.00 2.67 3.32
  7   3.66 3.62 3.30 2.66 1.82 0.98 0.34 0.10 0.38 1.02 1.86 2.76 3.42 3.75 3.79 3.49 2.93 2.23 1.57 1.15 1.24 1.68 2.26 2.92
  8   3.44 3.64 3.49 3.03 2.35 1.52 0.54 0.02 0.05 0.54 1.31 2.08 2.96 3.53 3.87 3.87 3.48 2.86 2.16 1.56 1.30 1.50 1.96 2.53
  9   3.14 3.52 3.54 3.26 2.72 1.96 1.12 0.43 0.06 0.13 0.66 1.44 2.26 3.10 3.64 3.86 3.80 3.38 2.78 2.21 1.58 1.41 1.64 2.06
 10   2.58 3.10 3.36 3.32 3.06 2.56 1.86 1.08 0.46 0.14 0.30 0.84 1.58 2.40 3.12 3.52 3.69 3.63 3.22 2.67 2.10 1.66 1.56 1.81
 11   2.16 2.58 2.99 3.16 3.10 2.82 2.38 1.75 1.09 0.57 0.36 0.56 1.06 1.73 2.45 3.06 3.43 3.62 3.58 3.24 2.76 2.26 1.83 1.72
 12   1.86 2.14 2.48 2.82 2.97 2.94 2.76 2.43 1.94 1.38 0.93 0.72 0.82 1.22 1.76 2.40 2.94 3.33 3.54 3.56 3.28 2.88 2.41 2.00
 13   1.79 1.82 1.99 2.24 2.52 2.72 2.79 2.73 2.53 2.16 1.72 1.29 0.99 0.96 1.24 1.66 2.22 2.76 3.19 3.47 3.58 3.42 3.06 2.59
 14   2.14 1.80 1.69 1.78 2.00 2.27 2.56 2.76 2.82 2.75 2.52 2.14 1.68 1.33 1.16 1.28 1.62 2.07 2.61 3.05 3.38 3.56 3.46 3.12
 15   2.66 2.13 1.69 1.47 1.52 1.76 2.07 2.45 2.75 2.91 2.94 2.79 2.44 1.97 1.54 1.30 1.35 1.65 2.07 2.61 3.12 3.46 3.61 3.52
 16   3.12 2.59 1.98 1.49 1.28 1.35 1.65 2.06 2.52 2.90 3.12 3.14 2.97 2.58 2.07 1.60 1.33 1.37 1.68 2.13 2.70 3.21 3.51 3.58
 17   3.41 2.95 2.33 1.68 1.20 1.02 1.20 1.63 2.13 2.66 3.06 3.25 3.24 3.00 2.53 1.99 1.52 1.31 1.42 1.82 2.34 2.92 3.36 3.55
 18   3.50 3.14 2.65 1.91 1.30 0.92 0.94 1.30 1.82 2.42 2.99 3.36 3.48 3.39 3.00 2.46 1.89 1.48 1.39 1.64 2.09 2.63 3.16 3.44
 19   3.48 3.27 2.80 2.14 1.45 0.92 0.74 0.94 1.43 2.04 2.74 3.24 3.53 3.59 3.36 2.90 2.34 1.80 1.49 1.52 1.84 2.28 2.82 3.26
 20   3.44 3.35 3.00 2.46 1.77 1.11 0.70 0.71 1.07 1.69 2.40 3.06 3.47 3.65 3.59 3.23 2.70 2.13 1.66 1.48 1.68 2.04 2.51 3.01
 21   3.30 3.31 3.08 2.60 1.96 1.28 0.80 0.64 0.86 1.38 2.04 2.78 3.33 3.63 3.67 3.42 2.95 2.40 1.85 1.53 1.56 1.84 2.22 2.70
 22   3.08 3.22 3.10 2.75 2.22 1.54 0.94 0.59 0.63 1.02 1.62 2.35 3.02 3.46 3.64 3.56 3.21 2.70 2.16 1.69 1.53 1.69 2.02 2.43
 23   2.86 3.09 3.06 2.81 2.35 1.75 1.13 0.68 0.54 0.78 1.30 1.96 2.68 3.26 3.54 3.61 3.42 3.04 2.52 2.00 1.66 1.67 1.91 2.24
 24   2.66 2.98 3.08 2.96 2.64 2.14 1.54 1.00 0.69 0.71 1.06 1.60 2.27 2.93 3.38 3.58 3.58 3.30 2.86 2.34 1.91 1.72 1.79 2.04
 25   2.36 2.69 2.88 2.88 2.71 2.38 1.86 1.30 0.88 0.70 0.84 1.24 1.83 2.48 3.02 3.35 3.52 3.43 3.10 2.67 2.23 1.92 1.83 1.95
 26   2.18 2.48 2.76 2.88 2.83 2.59 2.22 1.76 1.31 0.99 0.92 1.13 1.54 2.08 2.68 3.12 3.38 3.48 3.32 2.98 2.58 2.21 1.98 1.94
 27   2.04 2.23 2.48 2.68 2.76 2.66 2.46 2.14 1.74 1.36 1.14 1.13 1.36 1.72 2.24 2.76 3.14 3.36 3.42 3.25 2.95 2.59 2.24 2.00
 28   1.94 2.02 2.17 2.40 2.58 2.65 2.62 2.48 2.22 1.88 1.54 1.30 1.26 1.46 1.82 2.26 2.72 3.07 3.30 3.42 3.27 2.96 2.58 2.20
 29   1.94 1.82 1.84 2.00 2.19 2.39 2.54 2.60 2.56 2.38 2.08 1.75 1.48 1.41 1.54 1.84 2.26 2.70 3.04 3.29 3.37 3.24 2.94 2.52
 30   2.11 1.76 1.58 1.58 1.75 2.00 2.29 2.55 2.68 2.68 2.54 2.26 1.88 1.58 1.41 1.48 1.76 2.14 2.59 2.97 3.26 3.37 3.27 2.94
 ----------------------------------------------------------------------------------------------------------------------------
                                                                                               
 ----------------------------------------------------------------------------------------------------------------------------
 ----------------------------------------------------------------------------------------------------------------------------
                                                          SURVEY OF INDIA
                                                    MARINE GEODESY WING (G&RB)
                                                     HOURLY HEIGHTS IN METRES
  NAME OF PORT:- OKHA                                                                               MONTH MAY       YEAR 2008
 ----------------------------------------------------------------------------------------------------------------------------
 DAYS 0000 0001 0002 0003 0004 0005 0006 0007 0008 0009 0010 0011 0012 0013 0014 0015 0016 0017 0018 0019 0020 0021 0022 0023
 ----------------------------------------------------------------------------------------------------------------------------
  1   2.48 1.98 1.52 1.32 1.36 1.61 1.94 2.38 2.72 2.90 2.94 2.78 2.43 1.99 1.61 1.43 1.51 1.84 2.26 2.76 3.18 3.39 3.43 3.22
  2   2.77 2.20 1.61 1.18 1.01 1.19 1.59 2.06 2.58 2.99 3.19 3.19 2.94 2.47 1.96 1.53 1.37 1.53 1.93 2.43 2.97 3.35 3.51 3.44
  3   3.09 2.52 1.82 1.17 0.73 0.73 1.05 1.62 2.27 2.89 3.32 3.49 3.42 3.06 2.51 1.94 1.47 1.38 1.64 2.08 2.64 3.19 3.47 3.49
  4   3.24 2.77 2.06 1.28 0.62 0.31 0.50 1.04 1.76 2.56 3.21 3.56 3.71 3.60 3.12 2.47 1.85 1.40 1.37 1.68 2.19 2.76 3.26 3.50
  5   3.44 3.11 2.52 1.69 0.87 0.24 0.04 0.40 1.07 1.91 2.78 3.44 3.81 3.92 3.68 3.10 2.44 1.81 1.43 1.51 1.93 2.43 3.00 3.42
  6   3.52 3.34 2.88 2.16 1.28 0.49 0.00 0.01 0.48 1.26 2.15 3.03 3.64 3.96 3.98 3.60 2.96 2.26 1.64 1.35 1.55 2.00 2.50 3.05
  7   3.38 3.39 3.12 2.58 1.82 0.96 0.24-0.08 0.04 0.68 1.54 2.39 3.21 3.76 3.99 3.95 3.50 2.84 2.16 1.59 1.35 1.60 2.06 2.60
  8   3.16 3.38 3.32 2.96 2.40 1.64 0.82 0.20-0.02 0.18 0.81 1.60 2.48 3.23 3.73 3.93 3.84 3.35 2.69 2.02 1.52 1.37 1.62 2.06
  9   2.54 3.00 3.20 3.11 2.80 2.28 1.58 0.85 0.30 0.14 0.38 0.90 1.66 2.55 3.23 3.66 3.82 3.72 3.28 2.66 2.04 1.57 1.42 1.62
 10   2.00 2.40 2.83 3.04 3.00 2.77 2.32 1.69 1.03 0.58 0.41 0.64 1.15 1.84 2.58 3.18 3.56 3.70 3.58 3.13 2.55 2.00 1.55 1.43
 11   1.60 1.95 2.32 2.66 2.81 2.79 2.62 2.32 1.83 1.28 0.84 0.67 0.96 1.32 1.92 2.60 3.14 3.46 3.58 3.46 3.06 2.56 2.00 1.55
 12   1.36 1.46 1.74 2.08 2.45 2.65 2.77 2.69 2.48 2.10 1.64 1.24 1.02 1.12 1.49 2.01 2.58 3.06 3.40 3.54 3.45 3.06 2.56 1.98
 13   1.48 1.27 1.30 1.54 1.89 2.26 2.56 2.74 2.79 2.69 2.40 2.00 1.60 1.30 1.28 1.57 1.98 2.48 2.96 3.28 3.43 3.40 3.06 2.56
 14   1.98 1.47 1.16 1.14 1.37 1.70 2.14 2.56 2.84 2.96 2.94 2.70 2.30 1.88 1.55 1.48 1.67 2.02 2.44 2.88 3.20 3.35 3.30 2.97
 15   2.46 1.85 1.31 0.97 0.98 1.26 1.68 2.18 2.64 2.97 3.12 3.09 2.85 2.44 2.00 1.66 1.54 1.72 2.03 2.42 2.86 3.14 3.21 3.11
 16   2.76 2.24 1.64 1.14 0.83 0.87 1.24 1.69 2.28 2.81 3.16 3.29 3.25 2.95 2.51 2.08 1.73 1.65 1.81 2.15 2.56 2.95 3.14 3.14
 17   2.91 2.49 1.91 1.32 0.87 0.71 0.90 1.35 1.95 2.59 3.07 3.34 3.42 3.28 2.89 2.49 1.99 1.66 1.64 1.86 2.20 2.62 2.96 3.07
 18   2.86 2.67 2.24 1.66 1.07 0.69 0.67 1.02 1.60 2.27 2.89 3.35 3.58 3.62 3.36 2.90 2.40 1.95 1.73 1.80 2.08 2.43 2.82 3.08
 19   3.08 2.85 2.45 1.88 1.27 0.80 0.62 0.83 1.31 1.97 2.66 3.22 3.54 3.66 3.53 3.12 2.61 2.10 1.73 1.67 1.86 2.20 2.59 2.90
 20   3.06 2.94 2.63 2.12 1.48 0.91 0.56 0.61 1.01 1.60 2.30 2.99 3.44 3.68 3.70 3.41 2.92 2.39 1.91 1.66 1.76 2.04 2.42 2.82
 21   3.04 3.05 2.82 2.43 1.84 1.24 0.78 0.63 0.85 1.33 2.00 2.72 3.30 3.68 3.80 3.66 3.24 2.74 2.20 1.82 1.72 1.90 2.21 2.60
 22   2.96 3.08 2.99 2.68 2.19 1.59 1.04 0.72 0.74 1.06 1.61 2.28 2.98 3.47 3.75 3.80 3.50 3.06 2.56 2.06 1.78 1.82 2.05 2.40
 23   2.78 3.04 3.07 2.86 2.49 1.96 1.39 0.94 0.75 0.89 1.30 1.90 2.61 3.20 3.60 3.77 3.68 3.30 2.80 2.27 1.88 1.75 1.90 2.18
 24   2.52 2.83 2.99 2.92 2.66 2.26 1.72 1.22 0.86 0.79 1.04 1.50 2.15 2.82 3.35 3.63 3.70 3.49 3.08 2.62 2.16 1.85 1.81 1.99
 25   2.24 2.55 2.82 2.92 2.82 2.56 2.19 1.68 1.22 0.94 0.96 1.24 1.76 2.39 2.98 3.38 3.59 3.62 3.34 2.91 2.41 1.99 1.77 1.79
 26   1.96 2.22 2.50 2.71 2.78 2.67 2.43 2.08 1.61 1.26 1.10 1.19 1.50 2.00 2.61 3.12 3.47 3.62 3.52 3.19 2.74 2.26 1.87 1.70
 27   1.74 1.93 2.19 2.49 2.68 2.75 2.67 2.49 2.14 1.74 1.40 1.22 1.34 1.69 2.18 2.71 3.16 3.43 3.54 3.43 3.09 2.62 2.15 1.74
 28   1.58 1.62 1.81 2.08 2.40 2.63 2.78 2.77 2.64 2.32 1.93 1.59 1.42 1.50 1.82 2.24 2.77 3.15 3.41 3.49 3.35 2.98 2.49 2.00
 29   1.58 1.35 1.35 1.57 1.93 2.26 2.59 2.80 2.87 2.82 2.54 2.17 1.81 1.59 1.62 1.90 2.26 2.76 3.10 3.35 3.42 3.26 2.88 2.34
 30   1.78 1.29 1.04 1.10 1.40 1.81 2.26 2.68 2.98 3.11 3.09 2.79 2.36 1.94 1.69 1.73 2.01 2.38 2.80 3.17 3.38 3.38 3.16 2.70
 31   2.10 1.48 1.00 0.79 0.90 1.30 1.82 2.42 2.93 3.26 3.39 3.28 2.93 2.46 2.04 1.78 1.78 2.03 2.40 2.81 3.19 3.38 3.36 3.04
 ----------------------------------------------------------------------------------------------------------------------------
                                                                                               
 ----------------------------------------------------------------------------------------------------------------------------
 ----------------------------------------------------------------------------------------------------------------------------
                                                          SURVEY OF INDIA
                                                    MARINE GEODESY WING (G&RB)
                                                     HOURLY HEIGHTS IN METRES
  NAME OF PORT:- OKHA                                                                               MONTH JUNE      YEAR 2008
 ----------------------------------------------------------------------------------------------------------------------------
 DAYS 0000 0001 0002 0003 0004 0005 0006 0007 0008 0009 0010 0011 0012 0013 0014 0015 0016 0017 0018 0019 0020 0021 0022 0023
 ----------------------------------------------------------------------------------------------------------------------------
  1   2.50 1.85 1.19 0.66 0.48 0.66 1.15 1.82 2.53 3.14 3.49 3.65 3.53 3.11 2.59 2.09 1.80 1.83 2.10 2.47 2.90 3.24 3.38 3.27
  2   2.92 2.34 1.62 0.88 0.32 0.22 0.56 1.22 2.01 2.84 3.42 3.74 3.86 3.62 3.17 2.60 2.10 1.76 1.80 2.08 2.49 2.96 3.31 3.32
  3   3.08 2.68 2.04 1.35 0.55 0.06 0.03 0.47 1.30 2.22 3.06 3.65 3.96 4.06 3.80 3.22 2.56 1.99 1.67 1.79 2.15 2.56 3.02 3.32
  4
  5
  6
  7
  8   2.14 2.60 3.03 3.23 3.18 2.90 2.46 1.84 1.22 0.78 0.66 0.96 1.54 2.28 3.06 3.64 3.93 3.98 3.68 3.12 2.44 1.82 1.39 1.35
  9   1.59 1.99 2.43 2.83 2.98 2.94 2.76 2.44 1.90 1.34 0.90 0.86 1.16 1.67 2.32 3.02 3.49 3.75 3.78 3.44 2.86 2.19 1.60 1.24
 10   1.20 1.43 1.78 2.20 2.60 2.85 2.91 2.80 2.55 2.14 1.70 1.43 1.36 1.58 2.00 2.58 3.14 3.52 3.72 3.69 3.34 2.84 2.25 1.68
 11   1.32 1.26 1.44 1.76 2.17 2.59 2.89 3.02 3.06 2.87 2.55 2.15 1.82 1.70 1.85 2.19 2.60 3.06 3.40 3.56 3.52 3.23 2.76 2.16
 12   1.60 1.23 1.13 1.30 1.65 2.09 2.55 2.88 3.09 3.18 3.07 2.79 2.47 2.10 1.90 1.97 2.24 2.55 2.93 3.16 3.29 3.24 3.00 2.58
 13   2.04 1.50 1.14 1.04 1.23 1.58 2.06 2.54 2.94 3.19 3.36 3.23 2.92 2.58 2.22 2.03 2.04 2.22 2.48 2.78 3.02 3.14 3.06 2.80
 14   2.38 1.80 1.36 1.05 1.04 1.28 1.68 2.25 2.75 3.13 3.35 3.46 3.36 3.04 2.68 2.32 2.14 2.14 2.28 2.50 2.77 2.97 3.04 2.94
 15   2.62 2.19 1.68 1.23 0.98 1.03 1.33 1.80 2.39 2.94 3.34 3.56 3.63 3.40 3.04 2.63 2.27 2.07 2.09 2.27 2.54 2.81 3.00 3.04
 16   2.86 2.49 2.01 1.49 1.07 0.87 1.02 1.44 2.00 2.66 3.22 3.56 3.77 3.75 3.42 3.00 2.52 2.16 2.02 2.10 2.29 2.57 2.85 3.02
 17   2.98 2.75 2.36 1.82 1.28 0.90 0.83 1.11 1.62 2.26 2.92 3.43 3.73 3.81 3.63 3.23 2.75 2.27 1.94 1.89 2.06 2.33 2.66 2.90
 18   2.94 2.81 2.51 2.03 1.49 0.96 0.71 0.85 1.31 1.91 2.62 3.23 3.60 3.77 3.71 3.40 2.91 2.40 1.98 1.81 1.94 2.19 2.51 2.83
 19   2.97 2.94 2.68 2.25 1.65 1.08 0.70 0.69 1.03 1.58 2.27 2.93 3.42 3.70 3.79 3.56 3.13 2.62 2.11 1.79 1.78 1.99 2.33 2.71
 20   3.01 3.07 2.93 2.56 2.03 1.40 0.89 0.67 0.82 1.29 1.90 2.55 3.20 3.64 3.85 3.80 3.46 2.94 2.40 1.90 1.70 1.83 2.10 2.46
 21   2.83 3.03 3.01 2.77 2.37 1.79 1.18 0.75 0.63 0.89 1.43 2.09 2.80 3.40 3.73 3.82 3.64 3.19 2.64 2.09 1.68 1.62 1.82 2.15
 22   2.54 2.88 3.03 2.90 2.64 2.19 1.60 1.04 0.72 0.73 1.11 1.72 2.39 3.06 3.50 3.73 3.72 3.42 2.89 2.31 1.78 1.51 1.58 1.86
 23   2.20 2.62 2.88 2.98 2.84 2.54 2.00 1.38 0.95 0.82 1.02 1.42 1.97 2.67 3.28 3.67 3.79 3.62 3.17 2.60 2.02 1.58 1.44 1.58
 24   1.90 2.28 2.67 2.91 2.93 2.77 2.45 1.95 1.46 1.12 1.03 1.20 1.62 2.21 2.87 3.39 3.67 3.71 3.46 3.00 2.40 1.83 1.43 1.35
 25   1.52 1.85 2.24 2.62 2.83 2.88 2.76 2.46 2.02 1.57 1.26 1.23 1.48 1.93 2.51 3.10 3.48 3.64 3.56 3.18 2.63 2.02 1.48 1.17
 26   1.17 1.44 1.78 2.20 2.58 2.80 2.87 2.80 2.54 2.14 1.73 1.46 1.46 1.73 2.17 2.69 3.17 3.46 3.55 3.37 2.95 2.38 1.79 1.26
 27   1.00 1.01 1.27 1.67 2.18 2.58 2.88 3.03 2.99 2.77 2.40 2.05 1.79 1.74 1.94 2.30 2.77 3.18 3.42 3.45 3.25 2.84 2.26 1.63
 28   1.13 0.87 0.91 1.22 1.64 2.19 2.66 3.04 3.27 3.33 3.09 2.73 2.35 2.05 1.97 2.16 2.44 2.80 3.15 3.32 3.33 3.11 2.70 2.13
 29   1.49 0.95 0.66 0.72 1.08 1.60 2.22 2.79 3.24 3.49 3.58 3.38 3.00 2.59 2.19 2.04 2.16 2.39 2.68 3.00 3.22 3.26 3.04 2.64
 30   2.06 1.40 0.80 0.49 0.51 0.90 1.47 2.19 2.86 3.37 3.67 3.76 3.55 3.14 2.65 2.20 1.97 2.03 2.28 2.55 2.89 3.12 3.16 2.97
 ----------------------------------------------------------------------------------------------------------------------------
                                                                                               
 ----------------------------------------------------------------------------------------------------------------------------
 ----------------------------------------------------------------------------------------------------------------------------
                                                          SURVEY OF INDIA
                                                    MARINE GEODESY WING (G&RB)
                                                     HOURLY HEIGHTS IN METRES
  NAME OF PORT:- OKHA                                                                               MONTH JULY      YEAR 2008
 ----------------------------------------------------------------------------------------------------------------------------
 DAYS 0000 0001 0002 0003 0004 0005 0006 0007 0008 0009 0010 0011 0012 0013 0014 0015 0016 0017 0018 0019 0020 0021 0022 0023
 ----------------------------------------------------------------------------------------------------------------------------
  1   2.53 1.90 1.20 0.58 0.21 0.26 0.71 1.40 2.18 2.92 3.46 3.74 3.84 3.57 3.08 2.53 2.03 1.76 1.80 2.06 2.39 2.77 3.02 3.07
  2   2.84 2.42 1.76 1.03 0.39 0.04 0.14 0.66 1.39 2.26 3.08 3.62 3.92 3.93 3.56 2.99 2.38 1.84 1.54 1.67 2.03 2.45 2.90 3.16
  3   3.16 2.92 2.44 1.73 0.95 0.30-0.01 0.16 0.75 1.54 2.47 3.27 3.78 4.01 3.93 3.48 2.86 2.16 1.61 1.36 1.57 1.98 2.46 2.94
  4   3.16 3.18 2.92 2.44 1.70 0.93 0.30 0.06 0.29 0.92 1.75 2.64 3.38 3.84 3.99 3.86 3.30 2.58 1.88 1.32 1.17 1.47 1.94 2.48
  5   2.98 3.26 3.20 2.92 2.44 1.67 0.91 0.31 0.11 0.42 1.08 1.96 2.80 3.50 3.88 3.98 3.76 3.18 2.45 1.74 1.20 1.14 1.46 1.94
  6   2.48 3.00 3.22 3.20 2.96 2.48 1.78 1.05 0.52 0.38 0.66 1.32 2.14 2.98 3.58 3.87 3.96 3.68 3.08 2.34 1.62 1.13 1.10 1.42
  7   1.92 2.50 2.94 3.13 3.10 2.88 2.46 1.82 1.20 0.78 0.71 1.20 1.80 2.54 3.20 3.68 3.82 3.68 3.18 2.50 1.78 1.20 0.93 1.08
  8   1.44 1.92 2.44 2.80 2.96 2.90 2.70 2.26 1.74 1.28 1.00 1.06 1.47 2.05 2.74 3.30 3.61 3.63 3.39 2.82 2.26 1.60 1.08 0.87
  9   1.02 1.41 1.86 2.34 2.72 2.88 2.89 2.72 2.40 1.98 1.60 1.38 1.46 1.83 2.30 2.86 3.27 3.46 3.45 3.16 2.66 2.05 1.44 1.00
 10   0.86 1.04 1.37 1.80 2.26 2.61 2.82 2.88 2.78 2.54 2.18 1.85 1.66 1.72 2.01 2.39 2.78 3.04 3.14 3.08 2.82 2.38 1.83 1.30
 11   0.95 0.84 1.02 1.38 1.80 2.24 2.58 2.82 2.94 2.92 2.68 2.34 2.06 1.90 1.91 2.10 2.36 2.63 2.82 2.90 2.84 2.62 2.26 1.80
 12   1.35 1.02 0.90 1.04 1.36 1.78 2.23 2.63 2.92 3.12 3.12 2.92 2.62 2.33 2.12 2.09 2.17 2.32 2.52 2.70 2.77 2.74 2.56 2.26
 13   1.83 1.40 1.08 0.94 1.08 1.39 1.82 2.31 2.74 3.08 3.28 3.30 3.08 2.76 2.42 2.18 2.09 2.14 2.24 2.42 2.57 2.66 2.67 2.50
 14   2.19 1.78 1.34 1.02 0.90 1.06 1.42 1.88 2.40 2.88 3.24 3.41 3.38 3.10 2.74 2.38 2.10 1.96 1.98 2.13 2.33 2.52 2.62 2.58
 15   2.39 2.08 1.64 1.20 0.90 0.83 1.06 1.50 2.04 2.62 3.12 3.42 3.55 3.40 3.05 2.64 2.23 1.92 1.82 1.92 2.12 2.36 2.60 2.69
 16   2.60 2.34 1.94 1.43 0.98 0.72 0.77 1.14 1.64 2.26 2.86 3.28 3.48 3.50 3.26 2.84 2.36 1.92 1.69 1.75 1.96 2.23 2.52 2.74
 17   2.78 2.60 2.26 1.78 1.22 0.76 0.58 0.78 1.24 1.83 2.48 3.09 3.43 3.58 3.47 3.06 2.60 2.08 1.69 1.58 1.76 2.04 2.38 2.68
 18   2.84 2.76 2.50 2.03 1.44 0.88 0.53 0.54 0.88 1.46 2.18 2.82 3.31 3.58 3.62 3.34 2.87 2.30 1.78 1.52 1.56 1.84 2.20 2.62
 19   2.84 2.92 2.76 2.38 1.82 1.19 0.66 0.46 0.69 1.19 1.87 2.60 3.15 3.54 3.64 3.48 3.00 2.50 1.90 1.46 1.36 1.56 1.92 2.36
 20   2.75 2.95 2.92 2.64 2.20 1.58 0.97 0.57 0.52 0.88 1.46 2.26 3.00 3.48 3.68 3.67 3.34 2.78 2.16 1.60 1.28 1.36 1.71 2.14
 21   2.56 2.94 3.06 2.92 2.60 2.05 1.42 0.88 0.61 0.72 1.22 1.93 2.66 3.30 3.64 3.73 3.50 3.00 2.34 1.70 1.23 1.16 1.40 1.80
 22   2.24 2.72 2.98 3.00 2.80 2.38 1.78 1.19 0.80 0.74 1.06 1.56 2.24 2.94 3.44 3.68 3.62 3.23 2.62 1.94 1.38 0.98 1.02 1.35
 23   1.78 2.30 2.74 2.95 2.92 2.70 2.27 1.70 1.23 0.95 0.99 1.35 1.90 2.58 3.18 3.53 3.61 3.40 2.90 2.23 1.53 1.01 0.82 0.97
 24   1.34 1.84 2.36 2.74 2.94 2.93 2.71 2.28 1.78 1.36 1.17 1.30 1.68 2.23 2.84 3.28 3.48 3.46 3.12 2.60 1.90 1.26 0.84 0.74
 25   0.90 1.34 1.84 2.36 2.72 2.93 2.97 2.77 2.41 1.96 1.61 1.48 1.62 2.00 2.48 2.96 3.26 3.34 3.20 2.84 2.26 1.60 1.02 0.68
 26   0.66 0.92 1.34 1.86 2.35 2.74 2.94 3.00 2.88 2.54 2.18 1.88 1.75 1.85 2.12 2.50 2.86 3.08 3.11 2.92 2.58 2.04 1.42 0.88
 27   0.56 0.53 0.80 1.20 1.70 2.25 2.69 2.99 3.14 3.04 2.76 2.38 2.06 1.87 1.89 2.10 2.33 2.60 2.82 2.86 2.73 2.43 1.98 1.38
 28   0.86 0.48 0.38 0.61 1.00 1.54 2.16 2.69 3.08 3.32 3.30 3.01 2.62 2.22 1.92 1.83 1.95 2.16 2.40 2.62 2.75 2.68 2.46 2.06
 29   1.54 0.90 0.45 0.23 0.36 0.82 1.44 2.08 2.68 3.13 3.38 3.49 3.16 2.71 2.18 1.80 1.64 1.71 1.93 2.22 2.50 2.67 2.66 2.52
 30   2.14 1.55 0.90 0.36 0.06 0.20 0.68 1.31 2.05 2.76 3.30 3.59 3.63 3.28 2.74 2.17 1.72 1.50 1.64 1.92 2.26 2.64 2.92 2.98
 31   2.80 2.42 1.80 1.08 0.45 0.10 0.26 0.80 1.52 2.34 3.09 3.58 3.80 3.75 3.32 2.72 2.08 1.56 1.35 1.54 1.93 2.38 2.84 3.11
 ----------------------------------------------------------------------------------------------------------------------------
                                                                                               
 ----------------------------------------------------------------------------------------------------------------------------
 ----------------------------------------------------------------------------------------------------------------------------
                                                          SURVEY OF INDIA
                                                    MARINE GEODESY WING (G&RB)
                                                     HOURLY HEIGHTS IN METRES
  NAME OF PORT:- OKHA                                                                               MONTH AUGUST    YEAR 2008
 ----------------------------------------------------------------------------------------------------------------------------
 DAYS 0000 0001 0002 0003 0004 0005 0006 0007 0008 0009 0010 0011 0012 0013 0014 0015 0016 0017 0018 0019 0020 0021 0022 0023
 ----------------------------------------------------------------------------------------------------------------------------
  1   3.14 2.90 2.46 1.74 0.98 0.34 0.10 0.32 0.96 1.78 2.64 3.30 3.74 3.89 3.72 3.18 2.49 1.80 1.26 1.16 1.46 1.94 2.48 2.98
  2   3.25 3.22 2.94 2.40 1.64 0.86 0.29 0.12 0.47 1.18 2.01 2.86 3.48 3.85 3.89 3.56 2.92 2.14 1.43 0.97 1.02 1.44 1.98 2.58
  3   3.06 3.26 3.16 2.83 2.28 1.50 0.78 0.30 0.29 0.76 1.50 2.34 3.14 3.65 3.83 3.70 3.22 2.50 1.70 1.04 0.74 0.95 1.44 2.06
  4
  5
  6
  7
  8   1.07 1.46 1.94 2.40 2.75 2.92 2.96 2.84 2.56 2.22 1.91 1.75 1.80 2.06 2.38 2.74 2.96 3.04 2.92 2.64 2.17 1.62 1.16 0.88
  9   0.89 1.11 1.48 1.95 2.34 2.65 2.87 2.97 2.88 2.64 2.36 2.11 1.95 1.96 2.14 2.36 2.58 2.72 2.76 2.64 2.38 2.02 1.60 1.18
 10   0.98 0.94 1.14 1.46 1.88 2.26 2.58 2.82 2.98 2.94 2.76 2.49 2.22 2.02 1.96 2.02 2.14 2.30 2.40 2.44 2.40 2.26 2.00 1.60
 11   1.24 0.96 0.86 1.00 1.25 1.64 2.07 2.45 2.76 2.96 2.99 2.80 2.54 2.24 1.98 1.84 1.82 1.91 2.03 2.20 2.32 2.34 2.26 2.04
 12   1.70 1.33 1.00 0.84 0.91 1.18 1.58 2.10 2.56 2.92 3.14 3.16 2.96 2.66 2.34 2.02 1.80 1.74 1.82 2.02 2.24 2.42 2.46 2.33
 13   2.14 1.78 1.23 0.94 0.81 0.89 1.19 1.58 2.12 2.66 3.05 3.29 3.23 2.97 2.58 2.17 1.86 1.65 1.62 1.82 2.08 2.32 2.51 2.57
 14   2.45 2.16 1.74 1.24 0.85 0.68 0.84 1.26 1.83 2.48 3.00 3.34 3.46 3.39 3.00 2.52 2.04 1.66 1.56 1.68 1.96 2.30 2.62 2.78
 15   2.78 2.56 2.18 1.63 1.10 0.72 0.66 0.98 1.50 2.19 2.85 3.28 3.52 3.53 3.24 2.73 2.18 1.67 1.42 1.45 1.74 2.09 2.52 2.85
 16   2.98 2.85 2.52 1.99 1.37 0.83 0.56 0.73 1.22 1.85 2.57 3.17 3.53 3.64 3.48 3.02 2.42 1.82 1.37 1.26 1.50 1.90 2.38 2.85
 17   3.14 3.12 2.86 2.38 1.74 1.08 0.62 0.56 0.91 1.51 2.25 2.98 3.46 3.68 3.64 3.25 2.64 1.98 1.38 1.08 1.19 1.58 2.08 2.64
 18   3.05 3.20 3.10 2.74 2.18 1.47 0.89 0.59 0.75 1.27 1.96 2.70 3.32 3.66 3.71 3.44 2.88 2.18 1.46 0.95 0.86 1.16 1.68 2.27
 19   2.87 3.22 3.27 3.08 2.63 1.97 1.30 0.82 0.71 1.05 1.63 2.36 3.10 3.54 3.71 3.59 3.12 2.46 1.68 1.03 0.68 0.81 1.27 1.87
 20   2.50 3.06 3.30 3.28 3.01 2.49 1.83 1.24 0.90 0.98 1.42 2.01 2.70 3.31 3.62 3.62 3.31 2.74 1.98 1.23 0.70 0.58 0.88 1.44
 21   2.06 2.72 3.15 3.34 3.27 2.94 2.39 1.80 1.32 1.11 1.33 1.80 2.40 3.05 3.50 3.62 3.49 3.02 2.35 1.58 0.90 0.51 0.55 0.96
 22   1.54 2.20 2.78 3.16 3.30 3.23 2.89 2.36 1.84 1.46 1.38 1.63 2.06 2.61 3.14 3.42 3.39 3.14 2.64 1.96 1.22 0.66 0.41 0.56
 23   1.01 1.60 2.25 2.78 3.09 3.23 3.15 2.84 2.37 1.94 1.65 1.63 1.82 2.17 2.60 3.02 3.19 3.15 2.88 2.42 1.79 1.16 0.66 0.46
 24   0.58 1.01 1.52 2.12 2.62 2.98 3.16 3.18 2.94 2.58 2.20 1.90 1.80 1.94 2.22 2.55 2.84 2.97 2.91 2.66 2.26 1.72 1.16 0.72
 25   0.54 0.64 0.98 1.47 2.04 2.54 2.94 3.20 3.28 3.08 2.77 2.40 2.08 1.92 1.94 2.11 2.34 2.60 2.75 2.78 2.68 2.38 1.94 1.43
 26   0.98 0.68 0.66 0.91 1.32 1.86 2.43 2.94 3.30 3.48 3.42 3.12 2.70 2.28 1.97 1.85 1.93 2.12 2.36 2.56 2.72 2.72 2.56 2.24
 27   1.76 1.24 0.80 0.61 0.72 1.14 1.70 2.35 2.93 3.37 3.61 3.60 3.28 2.82 2.32 1.90 1.68 1.72 1.94 2.25 2.60 2.84 2.94 2.82
 28
 29
 30
 31
 ----------------------------------------------------------------------------------------------------------------------------
                                                                                               
 ----------------------------------------------------------------------------------------------------------------------------
 ----------------------------------------------------------------------------------------------------------------------------
                                                          SURVEY OF INDIA
                                                    MARINE GEODESY WING (G&RB)
                                                     HOURLY HEIGHTS IN METRES
  NAME OF PORT:- OKHA                                                                               MONTH SEPT      YEAR 2008
 ----------------------------------------------------------------------------------------------------------------------------
 DAYS 0000 0001 0002 0003 0004 0005 0006 0007 0008 0009 0010 0011 0012 0013 0014 0015 0016 0017 0018 0019 0020 0021 0022 0023
 ----------------------------------------------------------------------------------------------------------------------------
  1
  2
  3
  4
  5
  6
  7
  8
  9
 10
 11
 12
 13
 14
 15
 16
 17
 18
 19
 20
 21
 22
 23
 24
 25
 26
 27
 28
 29
 30
 ----------------------------------------------------------------------------------------------------------------------------
                                                          SURVEY OF INDIA
                                                    MARINE GEODESY WING (G&RB)
                                                     HOURLY HEIGHTS IN METRES
  NAME OF PORT:- OKHA                                                                               MONTH OCTOBER   YEAR 2008
 ----------------------------------------------------------------------------------------------------------------------------
 DAYS 0000 0001 0002 0003 0004 0005 0006 0007 0008 0009 0010 0011 0012 0013 0014 0015 0016 0017 0018 0019 0020 0021 0022 0023
 ----------------------------------------------------------------------------------------------------------------------------
  1
  2
  3
  4
  5
  6
  7
  8
  9
 10
 11
 12
 13
 14
 15
 16
 17
 18
 19
 20
 21
 22
 23
 24
 25
 26
 27
 28
 29
 30
 31
 ----------------------------------------------------------------------------------------------------------------------------
                                                          SURVEY OF INDIA
                                                    MARINE GEODESY WING (G&RB)
                                                     HOURLY HEIGHTS IN METRES
  NAME OF PORT:- OKHA                                                                               MONTH NOVEMBER  YEAR 2008
 ----------------------------------------------------------------------------------------------------------------------------
 DAYS 0000 0001 0002 0003 0004 0005 0006 0007 0008 0009 0010 0011 0012 0013 0014 0015 0016 0017 0018 0019 0020 0021 0022 0023
 ----------------------------------------------------------------------------------------------------------------------------
  1
  2
  3
  4
  5
  6
  7
  8
  9
 10
 11
 12
 13
 14
 15
 16
 17
 18
 19
 20
 21
 22
 23
 24
 25
 26
 27
 28
 29
 30
 ----------------------------------------------------------------------------------------------------------------------------
                                                          SURVEY OF INDIA
                                                    MARINE GEODESY WING (G&RB)
                                                     HOURLY HEIGHTS IN METRES
  NAME OF PORT:- OKHA                                                                               MONTH DECEMBER  YEAR 2008
 ----------------------------------------------------------------------------------------------------------------------------
 DAYS 0000 0001 0002 0003 0004 0005 0006 0007 0008 0009 0010 0011 0012 0013 0014 0015 0016 0017 0018 0019 0020 0021 0022 0023
 ----------------------------------------------------------------------------------------------------------------------------
  1
  2
  3
  4
  5
  6
  7
  8
  9
 10
 11
 12
 13
 14
 15
 16
 17
 18
 19
 20
 21
 22
 23
 24
 25
 26
 27
 28
 29
 30
 31
 ----------------------------------------------------------------------------------------------------------------------------
