                                                          SURVEY OF INDIA
                                                    MARINE GEODESY WING (G&RB)
                                                     HOURLY HEIGHTS IN METRES
  NAME OF PORT:- OKHA                                                                               MONTH JANUARY   YEAR 2012
 ----------------------------------------------------------------------------------------------------------------------------
 DAYS 0000 0001 0002 0003 0004 0005 0006 0007 0008 0009 0010 0011 0012 0013 0014 0015 0016 0017 0018 0019 0020 0021 0022 0023
 ----------------------------------------------------------------------------------------------------------------------------
  1
  2
  3
  4
  5
  6
  7
  8
  9
 10
 11
 12
 13
 14
 15
 16
 17
 18
 19
 20
 21
 22
 23
 24
 25
 26
 27
 28
 29
 30
 31
 ----------------------------------------------------------------------------------------------------------------------------
                                                          SURVEY OF INDIA
                                                    MARINE GEODESY WING (G&RB)
                                                     HOURLY HEIGHTS IN METRES
  NAME OF PORT:- OKHA                                                                               MONTH FEBRUARY  YEAR 2012
 ----------------------------------------------------------------------------------------------------------------------------
 DAYS 0000 0001 0002 0003 0004 0005 0006 0007 0008 0009 0010 0011 0012 0013 0014 0015 0016 0017 0018 0019 0020 0021 0022 0023
 ----------------------------------------------------------------------------------------------------------------------------
  1
  2
  3
  4
  5
  6
  7
  8
  9
 10
 11
 12
 13
 14
 15
 16
 17
 18
 19
 20
 21
 22
 23
 24   3.08 3.47 3.57 3.44 2.98 2.28 1.56 0.95 0.68 0.83 1.26 1.85 2.52 3.01 3.20 3.14 2.81 2.28 1.64 1.13 0.91 1.08 1.53 2.12
 25   2.74 3.27 3.51 3.49 3.15 2.55 1.84 1.18 0.76 0.73 1.03 1.54 2.20 2.80 3.14 3.24 3.09 2.66 2.10 1.54 1.17 1.13 1.41 1.88
 26   2.44 3.03 3.39 3.45 3.25 2.78 2.14 1.46 0.94 0.72 0.84 1.25 1.83 2.46 2.96 3.21 3.22 2.98 2.55 2.04 1.57 1.36 1.45 1.79
 27   2.18 2.75 3.21 3.39 3.32 2.99 2.46 1.81 1.23 0.86 0.80 1.04 1.50 2.08 2.65 3.02 3.16 3.10 2.82 2.39 1.95 1.64 1.55 1.72
 28   2.00 2.43 2.88 3.17 3.21 3.05 2.66 2.11 1.52 1.06 0.84 0.90 1.26 1.71 2.24 2.72 3.01 3.10 3.04 2.78 2.41 2.05 1.83 1.82
 29   1.98 2.25 2.62 2.97 3.12 3.10 2.88 2.49 1.99 1.50 1.15 1.03 1.15 1.46 1.90 2.40 2.80 3.03 3.14 3.09 2.85 2.55 2.26 2.06
 ----------------------------------------------------------------------------------------------------------------------------
                                                                                               
 ----------------------------------------------------------------------------------------------------------------------------
 ----------------------------------------------------------------------------------------------------------------------------
                                                          SURVEY OF INDIA
                                                    MARINE GEODESY WING (G&RB)
                                                     HOURLY HEIGHTS IN METRES
  NAME OF PORT:- OKHA                                                                               MONTH MARCH     YEAR 2012
 ----------------------------------------------------------------------------------------------------------------------------
 DAYS 0000 0001 0002 0003 0004 0005 0006 0007 0008 0009 0010 0011 0012 0013 0014 0015 0016 0017 0018 0019 0020 0021 0022 0023
 ----------------------------------------------------------------------------------------------------------------------------
  1   2.03 2.16 2.37 2.65 2.87 2.96 2.90 2.69 2.36 1.93 1.52 1.23 1.12 1.23 1.50 1.91 2.36 2.71 2.98 3.12 3.10 2.92 2.65 2.36
  2   2.18 2.10 2.16 2.29 2.48 2.66 2.75 2.71 2.58 2.31 1.95 1.60 1.30 1.12 1.18 1.42 1.78 2.20 2.59 2.93 3.14 3.19 3.01 2.76
  3   2.48 2.20 2.04 2.00 2.08 2.22 2.39 2.52 2.56 2.50 2.31 2.02 1.63 1.27 1.04 1.02 1.24 1.58 2.03 2.50 2.92 3.19 3.29 3.14
  4   2.86 2.49 2.13 1.89 1.80 1.88 2.05 2.28 2.50 2.64 2.63 2.45 2.13 1.68 1.24 0.94 0.90 1.10 1.50 2.03 2.59 3.06 3.34 3.41
  5   3.21 2.86 2.39 1.94 1.63 1.57 1.72 1.98 2.32 2.64 2.81 2.79 2.56 2.13 1.56 1.04 0.72 0.71 1.04 1.55 2.20 2.82 3.27 3.50
  6   3.48 3.17 2.65 2.04 1.51 1.26 1.35 1.67 2.06 2.50 2.82 2.95 2.84 2.48 1.92 1.28 0.73 0.49 0.64 1.13 1.80 2.50 3.12 3.49
  7   3.56 3.39 2.89 2.22 1.56 1.06 0.96 1.23 1.71 2.27 2.82 3.13 3.20 3.02 2.54 1.84 1.13 0.60 0.46 0.76 1.38 2.12 2.88 3.43
  8   3.67 3.64 3.26 2.60 1.82 1.12 0.70 0.79 1.20 1.84 2.53 3.11 3.36 3.32 2.99 2.37 1.62 0.93 0.50 0.55 1.00 1.71 2.50 3.22
  9   3.60 3.68 3.48 2.90 2.08 1.24 0.59 0.36 0.65 1.25 2.02 2.66 3.23 3.44 3.36 2.92 2.23 1.44 0.78 0.46 0.65 1.20 1.94 2.73
 10   3.36 3.66 3.63 3.24 2.55 1.64 0.80 0.23 0.15 0.58 1.29 2.10 2.88 3.36 3.48 3.34 2.83 2.08 1.23 0.76 0.59 0.90 1.51 2.25
 11   2.96 3.48 3.61 3.47 2.92 2.10 1.17 0.40-0.02 0.10 0.66 1.42 2.26 2.98 3.37 3.45 3.26 2.75 2.05 1.38 0.92 0.92 1.29 1.85
 12   2.50 3.15 3.51 3.52 3.24 2.62 1.78 0.93 0.25-0.04 0.23 0.83 1.60 2.42 3.06 3.38 3.42 3.19 2.66 2.04 1.44 1.10 1.15 1.52
 13   1.98 2.56 3.09 3.30 3.24 2.88 2.29 1.49 0.70 0.10-0.05 0.24 0.83 1.57 2.32 2.87 3.15 3.23 3.05 2.60 2.06 1.56 1.25 1.25
 14   1.50 1.90 2.40 2.86 3.04 2.97 2.66 2.15 1.46 0.78 0.30 0.14 0.39 0.90 1.56 2.24 2.74 3.02 3.12 3.02 2.67 2.21 1.76 1.44
 15   1.38 1.54 1.86 2.25 2.60 2.76 2.74 2.53 2.16 1.59 1.00 0.58 0.43 0.61 1.04 1.57 2.16 2.64 2.98 3.16 3.14 2.87 2.50 2.08
 16   1.77 1.60 1.65 1.86 2.13 2.45 2.66 2.70 2.61 2.35 1.92 1.41 0.96 0.69 0.73 1.03 1.47 2.04 2.55 2.94 3.18 3.26 3.07 2.70
 17   2.30 1.86 1.58 1.50 1.62 1.85 2.16 2.45 2.62 2.65 2.52 2.19 1.70 1.21 0.85 0.76 0.99 1.40 1.92 2.48 2.94 3.23 3.35 3.19
 18   2.80 2.32 1.81 1.44 1.32 1.43 1.70 2.08 2.45 2.72 2.80 2.71 2.38 1.87 1.35 0.93 0.81 1.00 1.44 2.00 2.60 3.10 3.39 3.46
 19   3.26 2.82 2.24 1.68 1.26 1.14 1.33 1.69 2.14 2.60 2.90 2.96 2.83 2.43 1.86 1.29 0.88 0.79 1.06 1.57 2.17 2.78 3.23 3.43
 20   3.42 3.10 2.54 1.83 1.29 0.93 0.94 1.28 1.76 2.31 2.77 3.03 3.05 2.85 2.36 1.72 1.15 0.82 0.89 1.30 1.85 2.50 3.07 3.40
 21   3.48 3.34 2.88 2.19 1.49 0.95 0.74 0.94 1.40 1.98 2.62 3.09 3.25 3.18 2.80 2.20 1.56 1.07 0.90 1.14 1.63 2.23 2.90 3.37
 22   3.54 3.49 3.13 2.52 1.78 1.12 0.74 0.80 1.18 1.75 2.41 3.01 3.33 3.38 3.19 2.68 2.04 1.41 1.00 1.02 1.40 1.98 2.58 3.16
 23   3.44 3.48 3.25 2.75 2.04 1.32 0.77 0.61 0.86 1.38 2.05 2.75 3.23 3.43 3.39 3.02 2.42 1.78 1.25 1.05 1.24 1.69 2.27 2.90
 24   3.29 3.44 3.34 2.92 2.28 1.53 0.88 0.53 0.62 1.06 1.66 2.38 3.00 3.33 3.39 3.19 2.71 2.10 1.50 1.14 1.15 1.47 1.97 2.56
 25   3.06 3.32 3.29 3.00 2.46 1.78 1.08 0.62 0.54 0.83 1.32 1.99 2.70 3.22 3.44 3.41 3.05 2.48 1.88 1.40 1.20 1.40 1.79 2.28
 26   2.76 3.17 3.28 3.16 2.75 2.13 1.44 0.86 0.56 0.64 1.07 1.66 2.37 2.99 3.35 3.44 3.30 2.87 2.30 1.76 1.40 1.42 1.68 2.08
 27   2.50 2.95 3.17 3.13 2.88 2.39 1.75 1.11 0.68 0.58 0.84 1.33 1.96 2.62 3.07 3.30 3.31 3.06 2.61 2.09 1.66 1.48 1.58 1.89
 28   2.22 2.66 2.99 3.08 2.94 2.60 2.08 1.48 0.97 0.70 0.76 1.10 1.61 2.23 2.80 3.13 3.28 3.24 2.92 2.50 2.02 1.68 1.59 1.71
 29   1.95 2.32 2.68 2.90 2.90 2.72 2.36 1.85 1.35 0.96 0.81 0.94 1.29 1.78 2.35 2.82 3.10 3.22 3.13 2.83 2.44 2.06 1.80 1.76
 30   1.86 2.10 2.40 2.67 2.78 2.75 2.58 2.26 1.83 1.40 1.09 0.96 1.11 1.44 1.90 2.40 2.78 3.05 3.19 3.13 2.87 2.51 2.18 1.92
 31   1.86 1.93 2.09 2.32 2.54 2.66 2.66 2.55 2.30 1.93 1.54 1.26 1.14 1.23 1.49 1.87 2.32 2.72 3.02 3.19 3.18 2.97 2.64 2.27
 ----------------------------------------------------------------------------------------------------------------------------
                                                                                               
 ----------------------------------------------------------------------------------------------------------------------------
 ----------------------------------------------------------------------------------------------------------------------------
                                                          SURVEY OF INDIA
                                                    MARINE GEODESY WING (G&RB)
                                                     HOURLY HEIGHTS IN METRES
  NAME OF PORT:- OKHA                                                                               MONTH APRIL     YEAR 2012
 ----------------------------------------------------------------------------------------------------------------------------
 DAYS 0000 0001 0002 0003 0004 0005 0006 0007 0008 0009 0010 0011 0012 0013 0014 0015 0016 0017 0018 0019 0020 0021 0022 0023
 ----------------------------------------------------------------------------------------------------------------------------
  1   2.02 1.84 1.82 1.94 2.13 2.38 2.55 2.64 2.59 2.42 2.13 1.76 1.42 1.21 1.21 1.40 1.75 2.20 2.64 2.99 3.22 3.29 3.09 2.75
  2   2.34 1.94 1.65 1.56 1.67 1.89 2.18 2.46 2.64 2.68 2.58 2.32 1.90 1.50 1.22 1.16 1.36 1.72 2.20 2.72 3.14 3.39 3.43 3.17
  3   2.77 2.27 1.75 1.40 1.33 1.48 1.79 2.19 2.58 2.82 2.89 2.78 2.44 1.95 1.44 1.09 1.04 1.27 1.72 2.26 2.86 3.28 3.50 3.48
  4   3.12 2.63 2.00 1.43 1.10 1.13 1.44 1.90 2.45 2.94 3.21 3.25 3.06 2.59 1.98 1.40 1.04 1.02 1.34 1.86 2.50 3.13 3.50 3.60
  5   3.44 2.97 2.27 1.56 0.94 0.70 0.90 1.40 2.04 2.72 3.25 3.49 3.48 3.14 2.56 1.87 1.26 0.92 1.04 1.50 2.14 2.86 3.43 3.70
  6   3.67 3.33 2.70 1.88 1.09 0.55 0.50 0.88 1.54 2.34 3.09 3.57 3.75 3.67 3.18 2.47 1.73 1.15 0.95 1.20 1.77 2.46 3.19 3.68
  7   3.80 3.66 3.10 2.34 1.46 0.68 0.24 0.38 0.95 1.78 2.66 3.41 3.83 3.95 3.73 3.13 2.38 1.62 1.08 1.00 1.40 2.02 2.72 3.40
  8   3.72 3.73 3.42 2.78 1.90 1.00 0.26-0.04 0.30 1.03 1.95 2.85 3.57 3.91 3.95 3.60 2.96 2.19 1.47 1.04 1.11 1.57 2.20 2.90
  9   3.44 3.72 3.60 3.18 2.47 1.56 0.67 0.04-0.04 0.44 1.29 2.14 3.02 3.62 3.91 3.91 3.49 2.84 2.10 1.46 1.15 1.33 1.78 2.38
 10   3.00 3.42 3.56 3.40 2.92 2.20 1.31 0.53 0.04 0.10 0.60 1.39 2.28 3.05 3.57 3.80 3.79 3.40 2.77 2.08 1.51 1.26 1.46 1.90
 11   2.40 2.91 3.29 3.37 3.19 2.74 2.08 1.27 0.60 0.24 0.37 0.88 1.59 2.40 3.10 3.55 3.76 3.74 3.33 2.76 2.14 1.64 1.45 1.59
 12   1.93 2.33 2.80 3.10 3.15 3.03 2.66 2.12 1.47 0.90 0.60 0.69 1.11 1.70 2.44 3.06 3.45 3.63 3.62 3.30 2.83 2.29 1.80 1.57
 13   1.64 1.88 2.24 2.63 2.89 2.98 2.92 2.69 2.25 1.70 1.18 0.88 0.88 1.23 1.74 2.35 2.90 3.27 3.47 3.54 3.32 2.92 2.40 1.88
 14   1.60 1.58 1.70 1.97 2.31 2.65 2.81 2.86 2.73 2.42 1.98 1.50 1.16 1.09 1.28 1.67 2.15 2.69 3.10 3.35 3.44 3.28 2.92 2.42
 15   1.95 1.58 1.40 1.43 1.68 2.00 2.36 2.65 2.81 2.82 2.62 2.26 1.80 1.40 1.24 1.32 1.64 2.07 2.53 2.96 3.28 3.40 3.28 2.93
 16   2.39 1.93 1.46 1.20 1.21 1.46 1.84 2.28 2.66 2.90 2.95 2.83 2.46 2.02 1.60 1.35 1.36 1.66 2.10 2.62 3.09 3.38 3.46 3.33
 17   2.92 2.43 1.84 1.33 1.08 1.16 1.51 2.00 2.52 2.94 3.18 3.20 3.01 2.62 2.12 1.65 1.39 1.44 1.77 2.20 2.72 3.14 3.37 3.39
 18   3.18 2.76 2.17 1.55 1.08 0.94 1.16 1.62 2.16 2.74 3.14 3.32 3.34 3.04 2.54 2.00 1.54 1.36 1.52 1.90 2.38 2.90 3.25 3.26
 19   3.32 2.98 2.44 1.76 1.16 0.82 0.86 1.23 1.76 2.42 2.97 3.31 3.41 3.35 2.91 2.34 1.77 1.36 1.32 1.62 2.04 2.53 3.02 3.32
 20   3.28 3.09 2.65 1.96 1.28 0.80 0.63 0.89 1.36 2.04 2.70 3.18 3.43 3.50 3.24 2.74 2.16 1.66 1.38 1.45 1.80 2.24 2.76 3.17
 21   3.30 3.21 2.83 2.24 1.56 0.96 0.58 0.63 1.02 1.61 2.33 2.98 3.38 3.53 3.44 3.02 2.45 1.87 1.44 1.34 1.61 1.99 2.48 2.96
 22   3.19 3.17 2.93 2.46 1.80 1.13 0.65 0.52 0.78 1.33 2.01 2.74 3.28 3.55 3.51 3.25 2.76 2.18 1.63 1.34 1.42 1.76 2.18 2.67
 23   3.03 3.10 2.96 2.58 2.00 1.30 0.72 0.44 0.56 1.00 1.62 2.35 3.00 3.40 3.55 3.44 3.00 2.44 1.84 1.42 1.33 1.54 1.93 2.40
 24   2.82 3.04 3.00 2.74 2.28 1.64 1.00 0.56 0.44 0.72 1.25 1.98 2.69 3.23 3.50 3.53 3.24 2.74 2.15 1.63 1.37 1.46 1.77 2.18
 25   2.58 2.89 2.99 2.86 2.50 1.96 1.34 0.80 0.54 0.62 1.02 1.61 2.30 2.93 3.32 3.48 3.42 3.04 2.52 1.97 1.56 1.46 1.60 1.92
 26   2.28 2.65 2.88 2.88 2.65 2.27 1.73 1.16 0.75 0.61 0.84 1.28 1.89 2.54 3.02 3.31 3.38 3.22 2.81 2.29 1.82 1.54 1.52 1.74
 27   2.02 2.36 2.68 2.80 2.73 2.49 2.12 1.60 1.14 0.85 0.82 1.08 1.52 2.12 2.68 3.10 3.33 3.38 3.15 2.76 2.28 1.87 1.66 1.67
 28   1.83 2.10 2.40 2.66 2.74 2.65 2.44 2.08 1.62 1.21 0.99 1.00 1.27 1.70 2.25 2.76 3.12 3.33 3.34 3.10 2.70 2.26 1.86 1.64
 29   1.64 1.79 2.04 2.34 2.57 2.65 2.62 2.46 2.13 1.74 1.36 1.12 1.12 1.40 1.80 2.30 2.77 3.13 3.31 3.34 3.11 2.73 2.25 1.83
 30   1.60 1.56 1.66 1.90 2.19 2.48 2.66 2.72 2.66 2.41 2.03 1.64 1.37 1.34 1.52 1.86 2.30 2.77 3.13 3.35 3.41 3.19 2.80 2.28
 ----------------------------------------------------------------------------------------------------------------------------
                                                                                               
 ----------------------------------------------------------------------------------------------------------------------------
 ----------------------------------------------------------------------------------------------------------------------------
                                                          SURVEY OF INDIA
                                                    MARINE GEODESY WING (G&RB)
                                                     HOURLY HEIGHTS IN METRES
  NAME OF PORT:- OKHA                                                                               MONTH MAY       YEAR 2012
 ----------------------------------------------------------------------------------------------------------------------------
 DAYS 0000 0001 0002 0003 0004 0005 0006 0007 0008 0009 0010 0011 0012 0013 0014 0015 0016 0017 0018 0019 0020 0021 0022 0023
 ----------------------------------------------------------------------------------------------------------------------------
  1   1.84 1.48 1.36 1.46 1.73 2.08 2.45 2.72 2.83 2.81 2.60 2.23 1.82 1.48 1.36 1.49 1.82 2.26 2.77 3.17 3.40 3.44 3.20 2.74
  2   2.19 1.66 1.25 1.12 1.28 1.63 2.11 2.58 2.92 3.09 3.09 2.82 2.39 1.90 1.48 1.30 1.42 1.78 2.26 2.79 3.20 3.38 3.35 3.03
  3   2.54 1.93 1.29 0.86 0.78 1.06 1.55 2.16 2.74 3.16 3.34 3.33 3.00 2.49 1.91 1.44 1.27 1.44 1.87 2.40 2.97 3.35 3.48 3.38
  4   2.94 2.36 1.60 0.87 0.46 0.49 0.95 1.61 2.32 3.02 3.46 3.65 3.58 3.15 2.53 1.88 1.39 1.24 1.50 2.00 2.56 3.14 3.50 3.56
  5   3.36 2.84 2.06 1.21 0.51 0.17 0.40 0.99 1.76 2.59 3.31 3.73 3.87 3.70 3.15 2.45 1.77 1.31 1.26 1.60 2.13 2.73 3.30 3.58
  6   3.54 3.23 2.59 1.70 0.83 0.15-0.04 0.36 1.08 1.98 2.86 3.55 3.92 4.03 3.75 3.11 2.39 1.69 1.25 1.29 1.70 2.28 2.90 3.42
  7   3.59 3.45 2.98 2.28 1.36 0.52-0.10-0.10 0.43 1.22 2.15 3.04 3.68 4.00 4.04 3.63 2.98 2.22 1.54 1.17 1.32 1.77 2.35 2.99
  8   3.40 3.50 3.30 2.78 2.03 1.14 0.34-0.16-0.02 0.56 1.41 2.34 3.21 3.76 4.00 3.96 3.49 2.82 2.06 1.42 1.15 1.36 1.82 2.38
  9   2.90 3.26 3.33 3.10 2.60 1.86 1.03 0.32-0.07 0.14 0.64 1.52 2.44 3.23 3.68 3.86 3.77 3.25 2.59 1.86 1.30 1.10 1.33 1.76
 10   2.24 2.72 3.04 3.08 2.89 2.48 1.81 1.05 0.44 0.14 0.34 0.92 1.67 2.48 3.17 3.57 3.70 3.58 3.11 2.48 1.81 1.31 1.16 1.36
 11   1.72 2.14 2.56 2.88 2.95 2.78 2.46 1.86 1.24 0.70 0.51 0.68 1.18 1.85 2.56 3.16 3.50 3.64 3.50 3.04 2.44 1.81 1.34 1.18
 12   1.32 1.63 2.01 2.42 2.70 2.80 2.74 2.52 2.08 1.53 1.08 0.86 0.98 1.42 1.98 2.60 3.10 3.40 3.52 3.39 3.00 2.44 1.84 1.36
 13   1.18 1.24 1.49 1.85 2.22 2.50 2.68 2.73 2.61 2.27 1.81 1.40 1.14 1.22 1.58 2.03 2.54 2.96 3.25 3.36 3.28 2.92 2.40 1.85
 14   1.38 1.12 1.12 1.36 1.68 2.07 2.45 2.68 2.78 2.74 2.52 2.11 1.69 1.42 1.40 1.64 2.02 2.45 2.84 3.09 3.20 3.15 2.82 2.33
 15   1.79 1.31 0.96 0.93 1.17 1.55 2.00 2.43 2.73 2.88 2.88 2.64 2.25 1.84 1.55 1.50 1.67 2.00 2.38 2.76 3.00 3.08 3.00 2.70
 16   2.22 1.66 1.15 0.83 0.82 1.10 1.53 2.05 2.54 2.88 3.06 3.05 2.77 2.34 1.91 1.60 1.54 1.71 2.01 2.39 2.72 2.94 3.00 2.88
 17   2.56 2.06 1.48 0.98 0.69 0.74 1.10 1.60 2.20 2.70 3.05 3.21 3.14 2.83 2.36 1.91 1.58 1.51 1.70 2.02 2.40 2.77 2.96 2.97
 18   2.79 2.41 1.82 1.22 0.76 0.60 0.81 1.27 1.85 2.49 2.99 3.28 3.38 3.21 2.78 2.28 1.81 1.54 1.56 1.82 2.17 2.57 2.88 3.00
 19   2.90 2.61 2.11 1.49 0.93 0.57 0.60 0.96 1.52 2.20 2.84 3.24 3.44 3.41 3.06 2.58 2.04 1.61 1.47 1.62 1.95 2.32 2.68 2.88
 20   2.86 2.66 2.28 1.70 1.05 0.57 0.42 0.62 1.13 1.82 2.54 3.09 3.40 3.50 3.30 2.85 2.30 1.78 1.54 1.54 1.75 2.11 2.48 2.77
 21   2.88 2.77 2.46 2.00 1.42 0.86 0.54 0.56 0.88 1.46 2.16 2.80 3.26 3.48 3.47 3.15 2.64 2.07 1.68 1.47 1.60 1.88 2.27 2.64
 22   2.86 2.88 2.68 2.27 1.72 1.13 0.66 0.50 0.70 1.14 1.79 2.49 3.07 3.44 3.57 3.44 3.00 2.43 1.84 1.47 1.40 1.66 2.01 2.43
 23   2.80 2.95 2.88 2.60 2.08 1.44 0.84 0.46 0.46 0.83 1.40 2.12 2.82 3.33 3.56 3.62 3.28 2.75 2.15 1.62 1.36 1.45 1.78 2.18
 24   2.58 2.87 2.94 2.78 2.40 1.84 1.20 0.69 0.48 0.64 1.10 1.71 2.43 3.06 3.46 3.61 3.51 3.06 2.50 1.92 1.48 1.38 1.58 1.93
 25   2.32 2.69 2.90 2.88 2.65 2.22 1.65 1.07 0.70 0.62 0.90 1.38 2.05 2.74 3.24 3.54 3.62 3.35 2.87 2.28 1.74 1.40 1.40 1.64
 26   1.98 2.36 2.69 2.82 2.73 2.45 2.01 1.45 0.97 0.69 0.72 1.07 1.60 2.26 2.86 3.28 3.49 3.48 3.17 2.64 2.05 1.56 1.31 1.37
 27   1.63 1.95 2.32 2.60 2.68 2.62 2.38 1.98 1.49 1.06 0.86 0.94 1.32 1.82 2.44 3.00 3.32 3.50 3.39 3.02 2.50 1.93 1.49 1.28
 28   1.34 1.59 1.90 2.26 2.54 2.65 2.60 2.40 2.04 1.60 1.24 1.05 1.13 1.45 1.93 2.50 3.00 3.30 3.40 3.28 2.89 2.35 1.79 1.32
 29   1.10 1.20 1.46 1.78 2.18 2.50 2.66 2.69 2.58 2.26 1.84 1.45 1.20 1.24 1.56 2.01 2.53 2.95 3.20 3.28 3.15 2.72 2.16 1.56
 30   1.10 0.90 0.94 1.23 1.62 2.06 2.44 2.71 2.83 2.78 2.49 2.06 1.66 1.40 1.39 1.66 2.04 2.47 2.86 3.13 3.21 3.06 2.65 2.03
 31   1.40 0.92 0.65 0.72 1.06 1.52 2.06 2.55 2.89 3.05 3.04 2.73 2.28 1.82 1.50 1.46 1.68 2.04 2.48 2.92 3.16 3.20 3.02 2.55
 ----------------------------------------------------------------------------------------------------------------------------
                                                                                               
 ----------------------------------------------------------------------------------------------------------------------------
 ----------------------------------------------------------------------------------------------------------------------------
                                                          SURVEY OF INDIA
                                                    MARINE GEODESY WING (G&RB)
                                                     HOURLY HEIGHTS IN METRES
  NAME OF PORT:- OKHA                                                                               MONTH JUNE      YEAR 2012
 ----------------------------------------------------------------------------------------------------------------------------
 DAYS 0000 0001 0002 0003 0004 0005 0006 0007 0008 0009 0010 0011 0012 0013 0014 0015 0016 0017 0018 0019 0020 0021 0022 0023
 ----------------------------------------------------------------------------------------------------------------------------
  1
  2
  3
  4
  5
  6
  7
  8   2.23 2.74 3.10 3.18 2.99 2.59 1.90 1.15 0.56 0.30 0.54 1.13 1.89 2.70 3.36 3.76 3.97 3.64 3.12 2.44 1.72 1.18 1.04 1.26
  9   1.68 2.20 2.68 2.99 3.04 2.90 2.54 1.92 1.28 0.80 0.64 0.90 1.44 2.10 2.86 3.41 3.70 3.75 3.49 2.96 2.26 1.61 1.14 1.03
 10   1.26 1.64 2.09 2.55 2.84 2.94 2.84 2.54 2.08 1.52 1.10 0.95 1.20 1.68 2.27 2.92 3.37 3.56 3.57 3.29 2.80 2.16 1.56 1.14
 11   1.04 1.23 1.57 1.97 2.40 2.68 2.83 2.82 2.64 2.28 1.85 1.48 1.35 1.52 1.90 2.44 2.94 3.28 3.42 3.39 3.10 2.61 2.06 1.48
 12   1.10 1.02 1.16 1.49 1.92 2.34 2.65 2.84 2.91 2.79 2.49 2.12 1.77 1.65 1.76 2.08 2.46 2.78 3.08 3.25 3.26 3.07 2.67 2.10
 13   1.54 1.16 0.98 1.10 1.38 1.75 2.20 2.60 2.90 3.05 3.04 2.81 2.46 2.08 1.85 1.82 2.01 2.26 2.59 2.88 3.02 3.04 2.88 2.52
 14   2.02 1.54 1.10 0.88 0.95 1.26 1.64 2.16 2.65 3.00 3.20 3.20 2.95 2.61 2.25 2.00 1.94 2.06 2.28 2.58 2.85 3.01 3.03 2.86
 15   2.48 2.06 1.54 1.10 0.90 1.00 1.34 1.84 2.40 2.91 3.29 3.38 3.21 2.86 2.47 2.08 1.87 1.88 2.04 2.28 2.58 2.79 2.86 2.76
 16   2.46 2.08 1.54 1.06 0.75 0.75 1.06 1.55 2.18 2.75 3.18 3.41 3.43 3.18 2.78 2.35 2.00 1.82 1.82 2.06 2.36 2.65 2.86 2.92
 17   2.70 2.38 1.90 1.33 0.85 0.64 0.80 1.26 1.86 2.50 3.04 3.39 3.55 3.46 3.09 2.60 2.15 1.81 1.74 1.90 2.16 2.49 2.77 2.91
 18
 19
 20
 21
 22
 23
 24
 25
 26
 27
 28
 29
 30
 ----------------------------------------------------------------------------------------------------------------------------
                                                                                               
 ----------------------------------------------------------------------------------------------------------------------------
 ----------------------------------------------------------------------------------------------------------------------------
                                                          SURVEY OF INDIA
                                                    MARINE GEODESY WING (G&RB)
                                                     HOURLY HEIGHTS IN METRES
  NAME OF PORT:- OKHA                                                                               MONTH JULY      YEAR 2012
 ----------------------------------------------------------------------------------------------------------------------------
 DAYS 0000 0001 0002 0003 0004 0005 0006 0007 0008 0009 0010 0011 0012 0013 0014 0015 0016 0017 0018 0019 0020 0021 0022 0023
 ----------------------------------------------------------------------------------------------------------------------------
  1
  2
  3
  4
  5
  6
  7
  8
  9
 10
 11
 12
 13
 14
 15
 16
 17
 18
 19
 20
 21
 22
 23
 24
 25
 26
 27
 28
 29
 30
 31
 ----------------------------------------------------------------------------------------------------------------------------
                                                          SURVEY OF INDIA
                                                    MARINE GEODESY WING (G&RB)
                                                     HOURLY HEIGHTS IN METRES
  NAME OF PORT:- OKHA                                                                               MONTH AUGUST    YEAR 2012
 ----------------------------------------------------------------------------------------------------------------------------
 DAYS 0000 0001 0002 0003 0004 0005 0006 0007 0008 0009 0010 0011 0012 0013 0014 0015 0016 0017 0018 0019 0020 0021 0022 0023
 ----------------------------------------------------------------------------------------------------------------------------
  1
  2
  3
  4
  5
  6
  7
  8
  9
 10
 11
 12
 13
 14
 15
 16
 17
 18
 19
 20
 21
 22
 23
 24
 25
 26
 27
 28
 29
 30
 31
 ----------------------------------------------------------------------------------------------------------------------------
                                                          SURVEY OF INDIA
                                                    MARINE GEODESY WING (G&RB)
                                                     HOURLY HEIGHTS IN METRES
  NAME OF PORT:- OKHA                                                                               MONTH SEPT      YEAR 2012
 ----------------------------------------------------------------------------------------------------------------------------
 DAYS 0000 0001 0002 0003 0004 0005 0006 0007 0008 0009 0010 0011 0012 0013 0014 0015 0016 0017 0018 0019 0020 0021 0022 0023
 ----------------------------------------------------------------------------------------------------------------------------
  1
  2
  3
  4
  5
  6
  7
  8
  9
 10
 11   1.70 1.41 1.18 1.16 1.37 1.72 2.15 2.60 2.96 3.20 3.29 3.11 2.77 2.35 1.98 1.76 1.72 1.86 2.06 2.33 2.58 2.70 2.69 2.50
 12   2.20 1.83 1.40 1.11 1.07 1.27 1.68 2.20 2.70 3.12 3.36 3.41 3.15 2.71 2.21 1.76 1.52 1.58 1.80 2.12 2.52 2.81 2.96 2.92
 13   2.68 2.33 1.80 1.31 0.99 1.00 1.30 1.82 2.39 2.96 3.36 3.56 3.50 3.08 2.53 1.94 1.46 1.28 1.40 1.77 2.23 2.68 2.98 3.14
 14   3.06 2.78 2.26 1.62 1.09 0.82 0.96 1.40 2.00 2.70 3.26 3.58 3.64 3.40 2.80 2.17 1.53 1.09 1.08 1.40 1.90 2.48 3.00 3.30
 15   3.32 3.18 2.73 2.09 1.39 0.86 0.73 1.04 1.62 2.32 3.02 3.50 3.70 3.60 3.14 2.44 1.70 1.06 0.76 0.96 1.49 2.14 2.80 3.30
 16   3.56 3.52 3.22 2.63 1.89 1.22 0.81 0.87 1.34 2.00 2.72 3.37 3.71 3.76 3.45 2.80 2.00 1.20 0.64 0.58 0.98 1.65 2.41 3.12
 17   3.52 3.69 3.60 3.13 2.40 1.66 1.04 0.78 1.02 1.58 2.29 3.02 3.54 3.73 3.62 3.10 2.31 1.44 0.70 0.29 0.50 1.08 1.85 2.67
 18   3.30 3.62 3.72 3.52 2.97 2.19 1.46 0.94 0.88 1.26 1.86 2.58 3.26 3.62 3.65 3.36 2.70 1.84 0.98 0.32 0.12 0.47 1.16 2.00
 19   2.74 3.34 3.63 3.66 3.36 2.72 2.00 1.34 0.95 1.04 1.56 2.20 2.90 3.40 3.56 3.42 2.94 2.20 1.36 0.60 0.12 0.21 0.71 1.48
 20   2.26 2.97 3.42 3.60 3.54 3.10 2.48 1.82 1.30 1.10 1.30 1.77 2.34 2.95 3.30 3.35 3.15 2.62 1.90 1.10 0.44 0.14 0.32 0.86
 21   1.55 2.29 2.93 3.32 3.49 3.41 3.02 2.46 1.88 1.44 1.32 1.52 1.92 2.42 2.92 3.19 3.22 3.00 2.53 1.87 1.16 0.61 0.36 0.55
 22   1.06 1.61 2.30 2.88 3.24 3.42 3.40 3.07 2.60 2.13 1.73 1.55 1.65 1.95 2.33 2.73 2.97 3.02 2.91 2.57 2.05 1.44 0.92 0.64
 23
 24
 25
 26
 27
 28
 29
 30
 ----------------------------------------------------------------------------------------------------------------------------
                                                                                               
 ----------------------------------------------------------------------------------------------------------------------------
 ----------------------------------------------------------------------------------------------------------------------------
                                                          SURVEY OF INDIA
                                                    MARINE GEODESY WING (G&RB)
                                                     HOURLY HEIGHTS IN METRES
  NAME OF PORT:- OKHA                                                                               MONTH OCTOBER   YEAR 2012
 ----------------------------------------------------------------------------------------------------------------------------
 DAYS 0000 0001 0002 0003 0004 0005 0006 0007 0008 0009 0010 0011 0012 0013 0014 0015 0016 0017 0018 0019 0020 0021 0022 0023
 ----------------------------------------------------------------------------------------------------------------------------
  1
  2   3.20 3.50 3.58 3.40 2.90 2.26 1.65 1.23 1.16 1.45 1.95 2.56 3.12 3.37 3.34 3.05 2.50 1.74 1.05 0.58 0.50 0.86 1.44 2.16
  3   2.94 3.37 3.61 3.60 3.25 2.68 2.06 1.53 1.28 1.40 1.78 2.28 2.87 3.23 3.32 3.14 2.70 2.06 1.35 0.80 0.54 0.68 1.13 1.74
  4   2.52 3.10 3.48 3.60 3.44 2.96 2.42 1.88 1.49 1.40 1.64 2.05 2.55 3.02 3.20 3.14 2.88 2.36 1.74 1.15 0.74 0.68 0.95 1.45
  5   2.12 2.77 3.25 3.49 3.52 3.24 2.77 2.26 1.80 1.52 1.55 1.84 2.23 2.69 2.99 3.04 2.90 2.52 2.02 1.45 0.98 0.75 0.82 1.20
  6   1.66 2.27 2.87 3.24 3.37 3.30 2.97 2.54 2.10 1.74 1.60 1.70 1.98 2.36 2.72 2.88 2.87 2.68 2.33 1.86 1.38 1.04 0.91 1.06
  7   1.40 1.86 2.46 2.92 3.20 3.30 3.19 2.88 2.48 2.06 1.78 1.70 1.81 2.05 2.35 2.63 2.76 2.75 2.58 2.30 1.89 1.47 1.19 1.11
  8   1.19 1.50 1.96 2.47 2.87 3.12 3.22 3.14 2.88 2.54 2.14 1.85 1.74 1.80 1.98 2.23 2.46 2.60 2.63 2.55 2.32 1.98 1.62 1.34
  9   1.24 1.32 1.57 1.95 2.40 2.80 3.10 3.27 3.28 3.02 2.67 2.28 1.96 1.78 1.78 1.88 2.10 2.34 2.56 2.68 2.70 2.56 2.29 1.92
 10   1.60 1.42 1.40 1.57 1.89 2.30 2.75 3.10 3.32 3.36 3.13 2.78 2.34 1.94 1.67 1.60 1.70 1.93 2.26 2.58 2.78 2.84 2.76 2.50
 11   2.10 1.77 1.47 1.36 1.50 1.82 2.30 2.78 3.16 3.37 3.44 3.20 2.78 2.22 1.71 1.40 1.35 1.54 1.91 2.36 2.78 3.04 3.10 3.00
 12   2.70 2.26 1.80 1.42 1.30 1.48 1.88 2.40 2.94 3.31 3.48 3.45 3.08 2.50 1.87 1.32 1.05 1.12 1.48 1.96 2.56 3.04 3.27 3.30
 13   3.10 2.69 2.13 1.56 1.16 1.11 1.41 1.91 2.50 3.10 3.42 3.48 3.30 2.80 2.08 1.36 0.82 0.70 0.98 1.51 2.20 2.88 3.33 3.53
 14   3.50 3.15 2.58 1.92 1.32 1.02 1.15 1.56 2.16 2.81 3.34 3.54 3.48 3.02 2.33 1.50 0.80 0.36 0.45 0.92 1.67 2.54 3.24 3.60
 15   3.70 3.56 3.02 2.33 1.66 1.07 0.94 1.25 1.78 2.49 3.16 3.53 3.55 3.28 2.64 1.80 0.97 0.29 0.12 0.46 1.15 2.05 2.94 3.54
 16   3.84 3.88 3.58 2.90 2.14 1.40 1.00 1.07 1.49 2.15 2.87 3.40 3.62 3.49 2.97 2.18 1.29 0.45-0.08 0.01 0.56 1.40 2.42 3.19
 17   3.70 3.94 3.88 3.38 2.65 1.88 1.21 0.96 1.16 1.74 2.45 3.11 3.45 3.40 3.04 2.37 1.50 0.60-0.08-0.28 0.11 0.90 1.85 2.82
 18   3.44 3.77 3.90 3.62 3.03 2.29 1.58 1.08 1.00 1.35 1.95 2.65 3.20 3.40 3.26 2.85 2.17 1.30 0.47-0.10-0.13 0.33 1.10 2.04
 19   2.90 3.43 3.74 3.79 3.50 2.90 2.17 1.50 1.10 1.14 1.50 2.06 2.66 3.10 3.24 3.10 2.68 2.02 1.22 0.50 0.04 0.09 0.58 1.30
 20   2.14 2.86 3.39 3.64 3.68 3.36 2.80 2.12 1.52 1.17 1.24 1.58 2.05 2.55 2.92 3.04 2.92 2.54 1.98 1.26 0.65 0.30 0.36 0.79
 21   1.40 2.09 2.80 3.28 3.50 3.56 3.27 2.76 2.17 1.63 1.30 1.31 1.57 1.94 2.39 2.71 2.84 2.80 2.56 2.13 1.55 1.03 0.71 0.68
 22   0.98 1.42 2.08 2.72 3.16 3.43 3.52 3.30 2.90 2.36 1.83 1.36 1.14 1.20 1.44 1.77 2.17 2.46 2.60 2.60 2.38 2.00 1.55 1.10
 23   0.86 0.86 1.14 1.60 2.19 2.72 3.08 3.28 3.30 3.00 2.53 1.98 1.48 1.17 1.10 1.26 1.57 1.98 2.37 2.67 2.76 2.70 2.42 1.99
 24   1.56 1.21 1.08 1.24 1.61 2.10 2.61 3.00 3.20 3.29 3.08 2.65 2.08 1.50 1.09 0.96 1.07 1.42 1.89 2.39 2.76 2.94 2.96 2.70
 25   2.30 1.85 1.42 1.20 1.26 1.60 2.04 2.57 2.97 3.18 3.23 3.04 2.58 1.99 1.37 0.90 0.74 0.88 1.26 1.83 2.44 2.85 3.05 3.08
 26   2.85 2.40 1.90 1.45 1.18 1.27 1.61 2.06 2.55 2.95 3.14 3.14 2.86 2.36 1.68 1.04 0.58 0.47 0.76 1.27 1.90 2.57 2.99 3.16
 27   3.16 2.85 2.36 1.80 1.36 1.16 1.28 1.60 2.08 2.61 2.96 3.06 2.95 2.55 1.95 1.24 0.63 0.24 0.41 0.84 1.46 2.20 2.82 2.96
 28   3.29 3.19 2.76 2.19 1.61 1.21 1.14 1.38 1.81 2.32 2.80 3.04 3.05 2.78 2.26 1.58 0.90 0.41 0.28 0.58 1.14 1.84 2.60 3.14
 29   3.46 3.48 3.18 2.61 1.98 1.45 1.16 1.23 1.58 2.06 2.58 2.95 3.06 2.91 2.45 1.80 1.05 0.46 0.18 0.35 0.86 1.60 2.40 3.04
 30   3.40 3.52 3.38 2.88 2.25 1.67 1.24 1.14 1.40 1.81 2.34 2.83 3.06 3.00 2.70 2.15 1.44 0.78 0.34 0.28 0.64 1.25 2.04 2.82
 31   3.35 3.59 3.60 3.24 2.68 2.06 1.52 1.21 1.30 1.64 2.08 2.60 2.97 3.04 2.89 2.41 1.78 1.08 0.52 0.28 0.45 0.94 1.62 2.47
 ----------------------------------------------------------------------------------------------------------------------------
                                                                                               
 ----------------------------------------------------------------------------------------------------------------------------
 ----------------------------------------------------------------------------------------------------------------------------
                                                          SURVEY OF INDIA
                                                    MARINE GEODESY WING (G&RB)
                                                     HOURLY HEIGHTS IN METRES
  NAME OF PORT:- OKHA                                                                               MONTH NOVEMBER  YEAR 2012
 ----------------------------------------------------------------------------------------------------------------------------
 DAYS 0000 0001 0002 0003 0004 0005 0006 0007 0008 0009 0010 0011 0012 0013 0014 0015 0016 0017 0018 0019 0020 0021 0022 0023
 ----------------------------------------------------------------------------------------------------------------------------
  1   3.10 3.48 3.61 3.45 2.98 2.39 1.83 1.38 1.28 1.52 1.93 2.45 2.90 3.06 2.98 2.66 2.15 1.54 0.92 0.50 0.44 0.74 1.32 2.10
  2   2.86 3.36 3.61 3.64 3.32 2.81 2.24 1.70 1.39 1.44 1.73 2.18 2.66 2.95 3.00 2.83 2.42 1.88 1.26 0.77 0.52 0.62 1.07 1.75
  3   2.56 3.10 3.48 3.60 3.50 3.10 2.55 2.00 1.58 1.41 1.54 1.87 2.32 2.70 2.88 2.84 2.60 2.20 1.66 1.12 0.74 0.65 0.78 1.26
  4   1.94 2.65 3.17 3.43 3.52 3.28 2.85 2.32 1.82 1.46 1.40 1.60 1.94 2.36 2.64 2.75 2.66 2.41 2.02 1.54 1.08 0.83 0.83 1.12
  5   1.53 2.16 2.78 3.20 3.40 3.42 3.13 2.70 2.22 1.78 1.54 1.55 1.75 2.03 2.37 2.60 2.66 2.59 2.37 2.02 1.60 1.24 1.02 1.04
  6   1.28 1.74 2.29 2.80 3.13 3.30 3.28 2.98 2.57 2.09 1.70 1.50 1.50 1.68 1.90 2.22 2.43 2.52 2.50 2.35 2.04 1.67 1.35 1.16
  7   1.17 1.40 1.80 2.28 2.73 3.05 3.20 3.15 2.85 2.45 1.98 1.59 1.35 1.31 1.45 1.72 2.01 2.26 2.43 2.48 2.39 2.15 1.80 1.49
  8   1.20 1.19 1.39 1.76 2.18 2.61 2.94 3.10 3.10 2.83 2.40 1.92 1.46 1.15 1.06 1.20 1.48 1.87 2.24 2.50 2.64 2.64 2.43 2.08
  9   1.70 1.42 1.34 1.44 1.75 2.15 2.59 2.93 3.10 3.08 2.80 2.32 1.75 1.21 0.98 0.85 1.06 1.42 1.91 2.39 2.74 2.88 2.89 2.61
 10   2.24 1.85 1.47 1.33 1.44 1.77 2.21 2.67 3.02 3.16 3.08 2.72 2.14 1.48 0.88 0.54 0.55 0.89 1.38 2.02 2.59 2.96 3.14 3.07
 11   2.74 2.28 1.75 1.32 1.20 1.36 1.73 2.23 2.74 3.05 3.15 2.98 2.50 1.82 1.06 0.44 0.15 0.30 0.80 1.46 2.28 2.86 3.23 3.37
 12   3.26 2.86 2.28 1.68 1.24 1.14 1.38 1.83 2.35 2.85 3.15 3.12 2.83 2.23 1.42 0.60 0.12-0.14 0.22 0.86 1.70 2.55 3.16 3.57
 13   3.62 3.40 2.88 2.19 1.55 1.15 1.14 1.45 1.94 2.54 3.02 3.23 3.12 2.68 1.98 1.10 0.31-0.21-0.21 0.25 1.02 1.96 2.86 3.47
 14   3.76 3.82 3.48 2.82 2.10 1.45 1.06 1.13 1.50 2.04 2.66 3.13 3.24 3.04 2.48 1.68 0.80 0.03-0.41-0.24 0.36 1.21 2.22 3.10
 15   3.60 3.88 3.88 3.41 2.72 2.00 1.37 1.04 1.20 1.62 2.22 2.85 3.22 3.24 2.96 2.36 1.54 0.68-0.04-0.36-0.08 0.58 1.45 2.52
 16   3.34 3.74 3.96 3.84 3.30 2.60 1.86 1.27 1.04 1.25 1.70 2.31 2.90 3.18 3.14 2.82 2.22 1.42 0.62-0.03-0.22 0.10 0.78 1.67
 17   2.68 3.34 3.76 3.90 3.70 3.16 2.44 1.70 1.16 1.01 1.26 1.76 2.34 2.86 3.06 2.97 2.66 2.10 1.36 0.64 0.11 0.01 0.38 1.09
 18   1.86 2.74 3.38 3.70 3.79 3.51 2.96 2.26 1.62 1.12 1.02 1.26 1.70 2.26 2.72 2.92 2.86 2.60 2.12 1.48 0.86 0.42 0.35 0.70
 19   1.26 1.98 2.80 3.34 3.60 3.66 3.36 2.81 2.15 1.52 1.06 0.97 1.18 1.56 2.05 2.47 2.68 2.69 2.54 2.16 1.65 1.15 0.78 0.70
 20   0.90 1.37 2.04 2.72 3.18 3.42 3.48 3.18 2.68 2.06 1.48 1.06 0.95 1.09 1.42 1.88 2.30 2.58 2.69 2.68 2.41 2.00 1.54 1.18
 21   1.04 1.17 1.56 2.10 2.66 3.06 3.28 3.36 3.14 2.68 2.10 1.60 1.15 0.94 0.96 1.22 1.64 2.10 2.50 2.74 2.82 2.70 2.38 1.98
 22   1.60 1.38 1.42 1.69 2.08 2.52 2.89 3.10 3.16 3.00 2.62 2.08 1.50 1.02 0.78 0.82 1.08 1.49 2.02 2.48 2.80 2.92 2.88 2.58
 23   2.20 1.83 1.53 1.48 1.70 2.02 2.40 2.78 2.96 3.00 2.86 2.46 1.92 1.32 0.82 0.55 0.58 0.92 1.40 2.02 2.56 2.90 3.06 3.02
 24   2.74 2.34 1.92 1.60 1.50 1.66 1.96 2.34 2.68 2.86 2.88 2.72 2.34 1.79 1.18 0.68 0.46 0.59 1.00 1.58 2.26 2.80 3.14 3.26
 25   3.16 2.84 2.40 1.94 1.62 1.53 1.71 2.02 2.38 2.72 2.86 2.83 2.60 2.16 1.56 0.96 0.56 0.44 0.70 1.20 1.90 2.58 3.04 3.36
 26   3.42 3.22 2.80 2.28 1.82 1.54 1.54 1.78 2.10 2.50 2.80 2.89 2.76 2.41 1.89 1.25 0.70 0.42 0.46 0.90 1.52 2.30 2.98 3.40
 27   3.58 3.54 3.16 2.66 2.12 1.70 1.50 1.63 1.92 2.28 2.70 2.92 2.90 2.64 2.16 1.52 0.92 0.47 0.37 0.66 1.22 1.98 2.76 3.32
 28   3.56 3.65 3.44 2.98 2.40 1.86 1.50 1.46 1.70 2.05 2.48 2.84 2.93 2.79 2.40 1.84 1.18 0.62 0.32 0.44 0.90 1.56 2.40 3.09
 29   3.46 3.63 3.62 3.24 2.70 2.09 1.60 1.36 1.46 1.80 2.22 2.66 2.88 2.84 2.58 2.10 1.48 0.84 0.38 0.30 0.64 1.18 1.96 2.78
 30   3.28 3.60 3.69 3.46 2.96 2.36 1.80 1.38 1.32 1.56 1.92 2.38 2.76 2.88 2.72 2.32 1.78 1.16 0.61 0.35 0.46 0.87 1.50 2.36
 ----------------------------------------------------------------------------------------------------------------------------
                                                                                               
 ----------------------------------------------------------------------------------------------------------------------------
 ----------------------------------------------------------------------------------------------------------------------------
                                                          SURVEY OF INDIA
                                                    MARINE GEODESY WING (G&RB)
                                                     HOURLY HEIGHTS IN METRES
  NAME OF PORT:- OKHA                                                                               MONTH DECEMBER  YEAR 2012
 ----------------------------------------------------------------------------------------------------------------------------
 DAYS 0000 0001 0002 0003 0004 0005 0006 0007 0008 0009 0010 0011 0012 0013 0014 0015 0016 0017 0018 0019 0020 0021 0022 0023
 ----------------------------------------------------------------------------------------------------------------------------
  1   3.00 3.42 3.63 3.60 3.20 2.66 2.06 1.54 1.28 1.38 1.70 2.11 2.54 2.80 2.78 2.52 2.10 1.52 0.92 0.49 0.39 0.64 1.16 1.90
  2   2.62 3.21 3.53 3.61 3.38 2.90 2.30 1.74 1.34 1.28 1.47 1.85 2.30 2.68 2.84 2.73 2.43 1.96 1.38 0.87 0.58 0.61 0.96 1.52
  3   2.22 2.90 3.36 3.58 3.56 3.18 2.64 2.06 1.58 1.32 1.37 1.64 2.03 2.46 2.76 2.82 2.69 2.36 1.86 1.30 0.90 0.72 0.84 1.24
  4   1.80 2.48 3.08 3.44 3.56 3.42 3.01 2.46 1.92 1.48 1.32 1.38 1.68 2.10 2.46 2.70 2.71 2.58 2.26 1.80 1.32 0.98 0.88 1.08
  5   1.46 2.04 2.70 3.16 3.42 3.49 3.26 2.82 2.28 1.70 1.34 1.24 1.38 1.68 2.06 2.42 2.62 2.64 2.52 2.22 1.80 1.42 1.18 1.14
  6   1.32 1.72 2.26 2.84 3.22 3.40 3.38 3.08 2.60 2.05 1.50 1.16 1.09 1.24 1.56 1.96 2.30 2.52 2.58 2.52 2.29 1.96 1.60 1.32
  7   1.27 1.44 1.80 2.30 2.79 3.12 3.28 3.24 2.94 2.46 1.88 1.35 1.00 0.92 1.10 1.42 1.86 2.28 2.58 2.75 2.79 2.58 2.26 1.87
  8   1.61 1.53 1.66 1.98 2.40 2.82 3.12 3.24 3.18 2.84 2.32 1.72 1.15 0.79 0.72 0.94 1.32 1.84 2.36 2.76 3.00 3.07 2.88 2.52
  9   2.10 1.85 1.68 1.76 2.02 2.38 2.78 3.08 3.20 3.12 2.78 2.24 1.58 0.97 0.57 0.50 0.75 1.20 1.82 2.44 2.94 3.22 3.32 3.10
 10   2.72 2.32 1.90 1.65 1.68 1.94 2.28 2.70 3.02 3.12 3.04 2.66 2.08 1.36 0.70 0.27 0.26 0.60 1.18 1.92 2.68 3.20 3.48 3.56
 11   3.28 2.90 2.36 1.88 1.58 1.62 1.90 2.28 2.70 3.02 3.12 2.98 2.53 1.88 1.10 0.40-0.04-0.02 0.44 1.18 2.08 2.90 3.44 3.72
 12   3.78 3.44 2.92 2.32 1.76 1.42 1.48 1.80 2.24 2.75 3.12 3.20 2.98 2.47 1.74 0.90 0.16-0.25-0.10 0.48 1.34 2.34 3.16 3.68
 13   3.88 3.92 3.48 2.88 2.20 1.59 1.25 1.36 1.74 2.26 2.83 3.16 3.18 2.92 2.34 1.54 0.70-0.02-0.34-0.18 0.58 1.54 2.58 3.38
 14   3.76 4.00 3.93 3.44 2.74 2.02 1.40 1.10 1.28 1.74 2.34 2.92 3.22 3.20 2.88 2.26 1.44 0.58-0.10-0.36 0.00 0.76 1.72 2.75
 15   3.42 3.84 4.00 3.80 3.22 2.46 1.72 1.13 0.94 1.18 1.70 2.32 2.90 3.18 3.10 2.74 2.10 1.28 0.48-0.11-0.19 0.26 0.97 1.90
 16   2.84 3.48 3.86 3.94 3.66 3.00 2.24 1.48 0.95 0.86 1.18 1.70 2.32 2.86 3.09 3.02 2.68 2.08 1.28 0.55 0.08 0.10 0.55 1.24
 17   2.12 2.94 3.52 3.82 3.85 3.48 2.80 2.04 1.35 0.90 0.90 1.20 1.72 2.32 2.80 3.02 2.94 2.66 2.12 1.44 0.80 0.42 0.44 0.92
 18   1.54 2.32 3.08 3.54 3.74 3.72 3.30 2.64 1.88 1.20 0.83 0.87 1.16 1.62 2.16 2.59 2.79 2.78 2.57 2.14 1.54 1.02 0.73 0.79
 19   1.18 1.75 2.44 3.04 3.40 3.50 3.40 2.98 2.34 1.66 1.12 0.78 0.78 1.06 1.48 2.00 2.44 2.68 2.73 2.62 2.30 1.88 1.44 1.20
 20   1.20 1.46 1.92 2.52 3.04 3.30 3.38 3.20 2.80 2.22 1.60 1.09 0.79 0.78 1.04 1.42 1.94 2.40 2.70 2.85 2.84 2.60 2.26 1.90
 21   1.62 1.57 1.78 2.12 2.54 2.92 3.12 3.15 3.02 2.68 2.16 1.62 1.13 0.82 0.79 1.00 1.37 1.88 2.36 2.70 2.91 2.98 2.80 2.50
 22   2.18 1.87 1.74 1.85 2.10 2.40 2.70 2.89 2.92 2.82 2.48 2.02 1.50 1.05 0.76 0.72 0.96 1.35 1.90 2.44 2.82 3.04 3.12 2.95
 23   2.66 2.32 2.00 1.84 1.88 2.07 2.32 2.58 2.74 2.76 2.66 2.40 1.97 1.44 0.97 0.70 0.70 0.96 1.40 2.01 2.58 2.98 3.22 3.26
 24   3.06 2.74 2.34 2.00 1.84 1.85 2.00 2.23 2.50 2.68 2.68 2.55 2.24 1.78 1.26 0.82 0.58 0.64 1.00 1.53 2.24 2.85 3.24 3.38
 25   3.38 3.10 2.70 2.28 1.92 1.74 1.79 1.96 2.23 2.50 2.66 2.66 2.49 2.13 1.60 1.04 0.62 0.46 0.67 1.13 1.80 2.52 3.08 3.40
 26   3.50 3.38 3.02 2.57 2.10 1.73 1.62 1.74 1.98 2.32 2.62 2.76 2.67 2.39 1.94 1.36 0.83 0.49 0.49 0.85 1.44 2.17 2.88 3.34
 27   3.57 3.59 3.32 2.87 2.34 1.86 1.57 1.57 1.76 2.08 2.46 2.74 2.80 2.62 2.22 1.68 1.08 0.61 0.42 0.60 1.10 1.78 2.58 3.21
 28   3.50 3.68 3.57 3.16 2.62 2.04 1.60 1.44 1.60 1.90 2.30 2.64 2.82 2.76 2.44 1.94 1.28 0.68 0.33 0.38 0.76 1.34 2.14 2.88
 29   3.30 3.60 3.64 3.32 2.78 2.16 1.62 1.30 1.34 1.61 2.01 2.46 2.79 2.84 2.66 2.24 1.65 1.00 0.49 0.29 0.46 0.95 1.63 2.44
 30   3.04 3.42 3.56 3.44 3.00 2.40 1.78 1.30 1.14 1.30 1.66 2.12 2.56 2.78 2.72 2.44 1.96 1.33 0.72 0.36 0.31 0.64 1.22 1.98
 31   2.69 3.22 3.50 3.54 3.24 2.67 2.00 1.40 1.06 1.06 1.34 1.77 2.27 2.64 2.75 2.61 2.27 1.75 1.12 0.63 0.38 0.50 0.96 1.62
 ----------------------------------------------------------------------------------------------------------------------------
                                                                                               
 ----------------------------------------------------------------------------------------------------------------------------
 ----------------------------------------------------------------------------------------------------------------------------
