                                                          SURVEY OF INDIA
                                                    MARINE GEODESY WING (G&RB)
                                                     HOURLY HEIGHTS IN METRES
  NAME OF PORT:- OKHA                                                                               MONTH JANUARY   YEAR 2017
 ----------------------------------------------------------------------------------------------------------------------------
 DAYS 0000 0001 0002 0003 0004 0005 0006 0007 0008 0009 0010 0011 0012 0013 0014 0015 0016 0017 0018 0019 0020 0021 0022 0023
 ----------------------------------------------------------------------------------------------------------------------------
  1   2.96 3.54 3.86 3.94 3.67 3.15 2.52 1.90 1.48 1.40 1.64 2.06 2.56 2.96 3.12 3.02 2.70 2.18 1.54 0.98 0.68 0.76 1.18 1.80
  2   2.56 3.24 3.68 3.88 3.80 3.37 2.78 2.15 1.62 1.36 1.44 1.74 2.20 2.70 3.01 3.08 2.92 2.54 2.02 1.46 1.00 0.81 1.00 1.50
  3   2.16 2.88 3.46 3.80 3.88 3.64 3.16 2.53 1.91 1.45 1.32 1.48 1.85 2.30 2.74 3.00 3.05 2.88 2.50 1.98 1.48 1.10 1.02 1.27
  4   1.78 2.44 3.10 3.60 3.82 3.82 3.48 2.94 2.28 1.68 1.28 1.20 1.42 1.82 2.26 2.66 2.88 2.93 2.81 2.50 2.05 1.60 1.32 1.28
  5   1.54 2.00 2.59 3.19 3.56 3.72 3.66 3.27 2.72 2.09 1.54 1.18 1.15 1.36 1.72 2.18 2.60 2.86 2.98 2.93 2.66 2.28 1.88 1.60
  6   1.55 1.76 2.16 2.68 3.18 3.52 3.62 3.51 3.12 2.56 1.93 1.37 1.03 1.00 1.22 1.58 2.05 2.50 2.86 3.07 3.12 2.90 2.54 2.15
  7   1.82 1.74 1.88 2.21 2.64 3.06 3.34 3.43 3.34 2.98 2.45 1.80 1.24 0.86 0.77 0.99 1.38 1.90 2.46 2.90 3.20 3.30 3.14 2.80
  8   2.38 2.02 1.83 1.92 2.20 2.54 2.92 3.18 3.26 3.18 2.86 2.34 1.68 1.10 0.68 0.57 0.79 1.26 1.88 2.50 3.04 3.40 3.51 3.34
  9   2.94 2.48 2.06 1.80 1.81 2.03 2.36 2.78 3.06 3.18 3.10 2.80 2.28 1.58 0.94 0.47 0.34 0.56 1.10 1.82 2.60 3.20 3.60 3.69
 10   3.54 3.05 2.52 2.02 1.68 1.67 1.90 2.24 2.67 3.04 3.19 3.08 2.74 2.18 1.45 0.72 0.20 0.05 0.30 1.04 1.86 2.67 3.30 3.68
 11   3.78 3.56 3.06 2.44 1.85 1.47 1.47 1.72 2.12 2.60 3.02 3.21 3.10 2.74 2.10 1.31 0.56 0.06-0.01 0.42 1.18 2.04 2.90 3.48
 12   3.86 3.94 3.58 2.98 2.28 1.67 1.31 1.35 1.67 2.16 2.72 3.15 3.29 3.13 2.68 2.00 1.20 0.48 0.02 0.08 0.58 1.38 2.30 3.18
 13   3.74 4.02 3.99 3.54 2.88 2.16 1.52 1.18 1.29 1.70 2.30 2.90 3.27 3.34 3.12 2.58 1.85 1.05 0.38 0.05 0.28 0.92 1.76 2.70
 14   3.46 3.92 4.11 3.92 3.38 2.62 1.89 1.32 1.13 1.38 1.86 2.48 3.06 3.38 3.38 3.12 2.58 1.82 1.08 0.52 0.33 0.64 1.28 2.12
 15   3.04 3.70 4.06 4.15 3.82 3.16 2.40 1.72 1.22 1.13 1.44 1.96 2.58 3.10 3.32 3.24 2.95 2.40 1.70 1.06 0.62 0.57 0.94 1.60
 16   2.40 3.20 3.72 3.96 3.92 3.48 2.80 2.07 1.41 1.01 1.08 1.44 1.97 2.56 3.02 3.17 3.06 2.76 2.22 1.60 1.06 0.75 0.81 1.22
 17   1.84 2.58 3.28 3.69 3.81 3.64 3.14 2.47 1.79 1.23 0.96 1.07 1.48 1.97 2.50 2.85 2.97 2.89 2.62 2.18 1.68 1.25 1.04 1.15
 18   1.56 2.10 2.80 3.34 3.60 3.62 3.36 2.87 2.24 1.63 1.16 0.99 1.15 1.54 2.00 2.44 2.75 2.86 2.80 2.58 2.20 1.82 1.50 1.36
 19   1.48 1.81 2.28 2.82 3.20 3.38 3.36 3.06 2.58 2.03 1.52 1.18 1.07 1.24 1.58 1.98 2.40 2.68 2.82 2.83 2.64 2.34 2.04 1.78
 20   1.68 1.78 2.04 2.42 2.84 3.08 3.19 3.10 2.84 2.40 1.94 1.50 1.18 1.11 1.28 1.58 1.98 2.38 2.68 2.86 2.93 2.82 2.58 2.32
 21   2.10 2.00 2.06 2.22 2.48 2.80 3.02 3.10 3.02 2.76 2.40 1.96 1.56 1.27 1.16 1.26 1.56 1.95 2.36 2.70 2.96 3.10 3.04 2.84
 22   2.54 2.28 2.12 2.07 2.17 2.35 2.58 2.76 2.84 2.80 2.60 2.28 1.87 1.46 1.14 1.02 1.15 1.44 1.88 2.36 2.78 3.09 3.24 3.22
 23   2.96 2.66 2.34 2.10 2.02 2.08 2.23 2.45 2.67 2.77 2.75 2.60 2.30 1.88 1.44 1.13 1.03 1.18 1.52 2.00 2.54 3.00 3.32 3.46
 24   3.38 3.10 2.74 2.36 2.09 2.01 2.07 2.23 2.48 2.70 2.83 2.82 2.60 2.23 1.75 1.28 0.97 0.90 1.14 1.58 2.14 2.78 3.24 3.50
 25   3.55 3.34 2.98 2.54 2.13 1.83 1.79 1.93 2.23 2.53 2.80 2.87 2.74 2.46 2.02 1.48 1.00 0.72 0.84 1.24 1.80 2.46 3.06 3.45
 26   3.66 3.58 3.24 2.78 2.26 1.84 1.67 1.75 1.99 2.32 2.69 2.93 2.94 2.73 2.31 1.75 1.16 0.74 0.58 0.85 1.40 2.06 2.76 3.28
 27   3.58 3.64 3.44 2.98 2.41 1.86 1.53 1.48 1.68 2.02 2.45 2.83 2.97 2.87 2.53 2.00 1.36 0.78 0.45 0.52 0.96 1.60 2.36 3.08
 28   3.50 3.70 3.66 3.25 2.69 2.08 1.60 1.34 1.40 1.76 2.20 2.69 3.03 3.08 2.88 2.40 1.76 1.08 0.56 0.40 0.68 1.26 2.00 2.78
 29   3.38 3.72 3.78 3.52 3.00 2.34 1.75 1.32 1.25 1.50 1.95 2.50 3.00 3.23 3.14 2.82 2.26 1.58 0.94 0.54 0.55 0.98 1.64 2.44
 30   3.16 3.66 3.88 3.82 3.36 2.74 2.08 1.50 1.18 1.27 1.63 2.16 2.75 3.17 3.28 3.13 2.70 2.08 1.40 0.84 0.59 0.78 1.32 2.04
 31   2.82 3.48 3.83 3.91 3.65 3.10 2.40 1.71 1.19 1.04 1.26 1.73 2.32 2.90 3.22 3.24 3.04 2.58 1.92 1.28 0.85 0.77 1.08 1.66
 ----------------------------------------------------------------------------------------------------------------------------
                                                                                               
 ----------------------------------------------------------------------------------------------------------------------------
 ----------------------------------------------------------------------------------------------------------------------------
                                                          SURVEY OF INDIA
                                                    MARINE GEODESY WING (G&RB)
                                                     HOURLY HEIGHTS IN METRES
  NAME OF PORT:- OKHA                                                                               MONTH FEBRUARY  YEAR 2017
 ----------------------------------------------------------------------------------------------------------------------------
 DAYS 0000 0001 0002 0003 0004 0005 0006 0007 0008 0009 0010 0011 0012 0013 0014 0015 0016 0017 0018 0019 0020 0021 0022 0023
 ----------------------------------------------------------------------------------------------------------------------------
  1   2.36 3.10 3.60 3.84 3.80 3.36 2.73 2.01 1.36 0.98 1.02 1.36 1.88 2.48 2.98 3.22 3.22 2.96 2.46 1.86 1.32 0.98 1.03 1.42
  2   1.98 2.68 3.32 3.70 3.80 3.60 3.10 2.40 1.70 1.14 0.88 1.01 1.41 1.94 2.52 2.96 3.17 3.17 2.94 2.50 1.98 1.52 1.29 1.37
  3   1.74 2.26 2.91 3.40 3.70 3.74 3.46 2.93 2.27 1.60 1.11 0.90 1.06 1.46 1.98 2.52 2.94 3.16 3.22 3.04 2.68 2.26 1.86 1.62
  4   1.69 2.00 2.44 2.98 3.40 3.58 3.56 3.28 2.77 2.15 1.50 1.04 0.89 0.99 1.36 1.86 2.40 2.85 3.12 3.24 3.12 2.82 2.42 2.08
  5   1.82 1.84 2.10 2.46 2.88 3.18 3.32 3.26 3.00 2.52 1.92 1.34 0.89 0.68 0.80 1.18 1.67 2.22 2.70 3.06 3.30 3.26 2.96 2.56
  6   2.15 1.86 1.78 1.96 2.24 2.58 2.88 3.04 3.04 2.84 2.46 1.88 1.28 0.78 0.49 0.55 0.90 1.42 2.04 2.62 3.10 3.40 3.47 3.20
  7   2.74 2.29 1.90 1.74 1.80 2.03 2.32 2.66 2.88 2.97 2.87 2.57 2.09 1.48 0.88 0.52 0.50 0.82 1.36 2.04 2.74 3.28 3.60 3.73
  8   3.48 3.00 2.48 1.98 1.68 1.68 1.90 2.24 2.60 2.92 3.07 3.01 2.70 2.16 1.48 0.85 0.42 0.37 0.74 1.36 2.12 2.88 3.44 3.73
  9   3.76 3.46 2.92 2.30 1.73 1.40 1.44 1.73 2.14 2.60 2.98 3.14 3.06 2.70 2.08 1.33 0.66 0.25 0.28 0.72 1.42 2.24 3.02 3.54
 10   3.80 3.79 3.38 2.74 2.06 1.47 1.18 1.31 1.68 2.18 2.75 3.18 3.29 3.14 2.68 2.02 1.26 0.58 0.22 0.34 0.90 1.68 2.52 3.28
 11   3.72 3.87 3.72 3.18 2.46 1.74 1.18 0.98 1.22 1.70 2.30 2.90 3.24 3.29 3.09 2.56 1.84 1.08 0.46 0.25 0.52 1.16 1.94 2.80
 12   3.46 3.80 3.85 3.51 2.90 2.14 1.44 0.94 0.88 1.24 1.80 2.45 3.01 3.27 3.23 2.93 2.36 1.64 0.90 0.42 0.36 0.78 1.44 2.28
 13   3.08 3.61 3.80 3.74 3.26 2.54 1.80 1.15 0.81 0.94 1.40 1.96 2.64 3.12 3.30 3.20 2.82 2.18 1.46 0.84 0.53 0.64 1.14 1.82
 14   2.58 3.29 3.68 3.75 3.52 2.98 2.24 1.49 0.95 0.78 1.02 1.53 2.14 2.77 3.16 3.26 3.12 2.68 2.04 1.42 0.96 0.79 1.02 1.53
 15   2.17 2.92 3.44 3.67 3.64 3.26 2.63 1.93 1.29 0.89 0.87 1.18 1.70 2.28 2.83 3.10 3.13 2.95 2.54 1.98 1.48 1.14 1.10 1.40
 16   1.86 2.46 3.07 3.42 3.50 3.37 2.92 2.30 1.68 1.15 0.89 0.98 1.35 1.80 2.26 2.62 2.80 2.78 2.58 2.20 1.74 1.36 1.15 1.20
 17   1.46 1.89 2.43 2.86 3.06 3.02 2.76 2.28 1.72 1.17 0.77 0.63 0.84 1.26 1.75 2.24 2.54 2.67 2.67 2.48 2.15 1.78 1.48 1.34
 18   1.40 1.68 2.06 2.47 2.76 2.84 2.76 2.45 2.03 1.53 1.07 0.79 0.75 1.08 1.50 1.95 2.38 2.82 3.02 3.02 2.86 2.60 2.30 2.05
 19   1.92 1.97 2.16 2.44 2.74 2.93 2.98 2.90 2.67 2.30 1.86 1.45 1.21 1.20 1.42 1.75 2.15 2.53 2.83 3.04 3.12 3.02 2.80 2.52
 20   2.26 2.13 2.11 2.23 2.42 2.66 2.81 2.86 2.83 2.63 2.30 1.93 1.56 1.27 1.18 1.31 1.60 1.96 2.34 2.72 3.00 3.18 3.18 2.97
 21   2.68 2.35 2.14 2.05 2.10 2.24 2.40 2.56 2.69 2.70 2.56 2.32 1.94 1.55 1.24 1.14 1.26 1.52 1.92 2.36 2.80 3.14 3.34 3.36
 22   3.14 2.78 2.42 2.12 1.97 1.98 2.10 2.31 2.55 2.72 2.77 2.66 2.43 2.00 1.54 1.18 1.02 1.15 1.50 1.98 2.52 3.00 3.34 3.50
 23   3.42 3.10 2.68 2.22 1.85 1.70 1.77 1.99 2.27 2.57 2.77 2.78 2.64 2.30 1.80 1.30 0.93 0.83 1.06 1.50 2.06 2.66 3.16 3.45
 24   3.52 3.32 2.88 2.37 1.85 1.50 1.32 1.50 1.95 2.37 2.73 2.90 2.86 2.60 2.13 1.56 1.02 0.68 0.70 1.09 1.66 2.33 2.98 3.45
 25   3.62 3.58 3.21 2.65 2.10 1.73 1.46 1.38 1.65 2.15 2.62 2.97 3.08 2.93 2.52 1.93 1.27 0.74 0.53 0.75 1.30 1.96 2.72 3.34
 26   3.68 3.76 3.50 2.96 2.29 1.66 1.22 1.16 1.44 1.90 2.45 2.98 3.29 3.28 3.00 2.47 1.80 1.12 0.64 0.60 1.00 1.66 2.44 3.22
 27   3.72 3.91 3.82 3.36 2.68 1.97 1.37 1.02 1.13 1.57 2.14 2.80 3.29 3.47 3.37 2.96 2.30 1.56 0.92 0.57 0.73 1.28 2.02 2.86
 28   3.52 3.86 3.91 3.62 3.00 2.25 1.53 0.98 0.83 1.13 1.68 2.36 3.04 3.44 3.52 3.32 2.80 2.10 1.36 0.80 0.65 0.97 1.63 2.40
 ----------------------------------------------------------------------------------------------------------------------------
                                                                                               
 ----------------------------------------------------------------------------------------------------------------------------
 ----------------------------------------------------------------------------------------------------------------------------
                                                          SURVEY OF INDIA
                                                    MARINE GEODESY WING (G&RB)
                                                     HOURLY HEIGHTS IN METRES
  NAME OF PORT:- OKHA                                                                               MONTH MARCH     YEAR 2017
 ----------------------------------------------------------------------------------------------------------------------------
 DAYS 0000 0001 0002 0003 0004 0005 0006 0007 0008 0009 0010 0011 0012 0013 0014 0015 0016 0017 0018 0019 0020 0021 0022 0023
 ----------------------------------------------------------------------------------------------------------------------------
  1   3.20 3.75 3.95 3.85 3.36 2.64 1.86 1.16 0.71 0.75 1.18 1.86 2.60 3.22 3.51 3.49 3.18 2.58 1.86 1.20 0.80 0.87 1.34 2.02
  2   2.75 3.42 3.78 3.80 3.52 2.93 2.14 1.37 0.75 0.49 0.69 1.25 1.94 2.66 3.20 3.41 3.35 3.00 2.40 1.76 1.20 0.96 1.14 1.63
  3   2.24 2.93 3.46 3.68 3.60 3.20 2.55 1.79 1.07 0.57 0.47 0.80 1.40 2.11 2.80 3.23 3.42 3.36 3.01 2.47 1.88 1.44 1.29 1.48
  4   1.92 2.48 3.10 3.49 3.61 3.48 3.04 2.38 1.67 1.02 0.61 0.59 0.94 1.50 2.17 2.80 3.19 3.38 3.37 3.07 2.62 2.14 1.74 1.59
  5   1.72 2.08 2.55 3.04 3.33 3.42 3.26 2.88 2.31 1.64 1.08 0.72 0.71 1.02 1.52 2.12 2.70 3.09 3.35 3.40 3.20 2.80 2.35 1.96
  6   1.78 1.85 2.12 2.46 2.84 3.10 3.17 3.10 2.80 2.34 1.78 1.24 0.87 0.79 1.04 1.47 2.02 2.56 3.00 3.35 3.50 3.40 3.08 2.70
  7   2.26 1.96 1.90 2.05 2.29 2.62 2.88 3.02 3.04 2.88 2.55 2.06 1.54 1.10 0.88 1.00 1.36 1.84 2.42 2.96 3.36 3.62 3.66 3.34
  8   2.90 2.40 2.00 1.81 1.86 2.08 2.38 2.70 2.95 3.07 3.02 2.74 2.30 1.72 1.20 0.89 0.89 1.20 1.70 2.34 2.98 3.44 3.75 3.77
  9   3.44 2.96 2.42 1.92 1.61 1.63 1.86 2.23 2.64 2.98 3.16 3.10 2.85 2.37 1.77 1.20 0.84 0.82 1.18 1.75 2.44 3.12 3.60 3.86
 10   3.86 3.44 2.90 2.26 1.70 1.41 1.48 1.80 2.24 2.73 3.10 3.27 3.20 2.88 2.32 1.66 1.05 0.67 0.76 1.20 1.86 2.60 3.26 3.70
 11   3.86 3.72 3.23 2.58 1.90 1.36 1.09 1.24 1.68 2.25 2.80 3.16 3.26 3.14 2.72 2.08 1.40 0.82 0.57 0.75 1.30 2.00 2.79 3.38
 12   3.68 3.73 3.42 2.83 2.10 1.44 0.95 0.88 1.22 1.72 2.35 2.96 3.30 3.39 3.16 2.66 1.98 1.30 0.76 0.60 0.88 1.45 2.18 2.96
 13   3.48 3.73 3.64 3.17 2.50 1.78 1.13 0.77 0.88 1.30 1.90 2.60 3.16 3.40 3.38 3.05 2.46 1.75 1.12 0.72 0.74 1.17 1.80 2.54
 14   3.24 3.58 3.62 3.38 2.84 2.12 1.40 0.86 0.69 0.95 1.52 2.28 2.94 3.34 3.43 3.28 2.84 2.20 1.52 1.02 0.85 1.12 1.64 2.30
 15   3.02 3.47 3.62 3.50 3.04 2.38 1.65 1.03 0.71 0.83 1.28 1.90 2.60 3.18 3.45 3.45 3.20 2.70 2.08 1.49 1.11 1.12 1.46 1.98
 16   2.66 3.20 3.47 3.48 3.19 2.63 1.95 1.28 0.83 0.72 0.98 1.50 2.14 2.80 3.22 3.38 3.31 2.96 2.44 1.88 1.42 1.22 1.36 1.75
 17   2.26 2.84 3.20 3.31 3.22 2.82 2.23 1.56 1.03 0.74 0.83 1.20 1.75 2.28 2.90 3.22 3.27 3.14 2.74 2.22 1.75 1.45 1.41 1.60
 18   2.00 2.46 2.90 3.13 3.14 2.94 2.51 1.94 1.36 0.94 0.81 0.99 1.41 1.94 2.50 2.94 3.16 3.20 3.00 2.62 2.18 1.82 1.61 1.63
 19   1.84 2.18 2.61 2.92 3.06 2.96 2.72 2.30 1.80 1.33 1.05 1.01 1.22 1.60 2.10 2.60 2.93 3.12 3.15 2.96 2.63 2.25 1.93 1.77
 20   1.79 1.98 2.25 2.54 2.75 2.82 2.76 2.54 2.16 1.74 1.34 1.10 1.07 1.30 1.67 2.12 2.55 2.86 3.03 3.09 2.96 2.72 2.40 2.13
 21   1.94 1.94 2.07 2.25 2.49 2.65 2.72 2.67 2.52 2.21 1.84 1.50 1.28 1.25 1.43 1.74 2.14 2.52 2.84 3.06 3.19 3.11 2.91 2.60
 22   2.28 2.06 1.95 1.97 2.09 2.28 2.47 2.58 2.61 2.51 2.29 1.96 1.64 1.36 1.24 1.33 1.58 1.96 2.40 2.76 3.05 3.21 3.22 3.02
 23   2.67 2.29 1.95 1.76 1.74 1.87 2.08 2.33 2.52 2.60 2.56 2.40 2.06 1.69 1.34 1.16 1.23 1.50 1.90 2.37 2.82 3.16 3.34 3.34
 24   3.04 2.62 2.15 1.76 1.54 1.57 1.76 2.06 2.40 2.68 2.78 2.70 2.49 2.10 1.63 1.23 1.02 1.14 1.48 1.94 2.52 3.02 3.34 3.49
 25   3.36 2.94 2.44 1.86 1.45 1.31 1.46 1.78 2.16 2.60 2.88 2.99 2.88 2.54 2.02 1.49 1.05 0.89 1.10 1.58 2.16 2.80 3.30 3.56
 26   3.58 3.30 2.78 2.12 1.52 1.14 1.14 1.42 1.87 2.40 2.88 3.14 3.18 2.96 2.46 1.82 1.20 0.78 0.74 1.10 1.72 2.40 3.06 3.47
 27   3.58 3.46 3.00 2.34 1.62 1.04 0.77 0.94 1.42 2.02 2.65 3.14 3.34 3.28 2.90 2.28 1.58 0.86 0.64 0.82 1.36 2.02 2.76 3.38
 28   3.68 3.66 3.32 2.70 1.92 1.22 0.75 0.69 0.96 1.60 2.31 3.02 3.46 3.60 3.42 2.88 2.16 1.44 0.88 0.70 1.04 1.66 2.40 3.18
 29   3.68 3.83 3.66 3.10 2.33 1.52 0.82 0.45 0.60 1.14 1.86 2.68 3.36 3.70 3.74 3.42 2.80 2.04 1.30 0.60 0.34 0.90 2.00 2.86
 30   3.50 3.82 3.82 3.48 2.82 2.00 1.20 0.58 0.39 0.70 1.36 2.18 3.00 3.62 3.90 3.86 3.42 2.74 2.00 1.36 1.03 1.22 1.74 2.40
 31   3.08 3.62 3.82 3.72 3.27 2.54 1.75 0.98 0.45 0.42 0.84 1.54 2.38 3.20 3.70 3.90 3.84 3.34 2.68 1.98 1.44 1.27 1.52 2.04
 ----------------------------------------------------------------------------------------------------------------------------
                                                                                              
 ----------------------------------------------------------------------------------------------------------------------------
 ----------------------------------------------------------------------------------------------------------------------------
                                                          SURVEY OF INDIA
                                                    MARINE GEODESY WING (G&RB)
                                                     HOURLY HEIGHTS IN METRES
  NAME OF PORT:- OKHA                                                                               MONTH APRIL     YEAR 2017
 ----------------------------------------------------------------------------------------------------------------------------
 DAYS 0000 0001 0002 0003 0004 0005 0006 0007 0008 0009 0010 0011 0012 0013 0014 0015 0016 0017 0018 0019 0020 0021 0022 0023
 ----------------------------------------------------------------------------------------------------------------------------
  1   2.66 3.26 3.64 3.69 3.50 2.96 2.26 1.48 0.82 0.43 0.55 1.04 1.70 2.50 3.20 3.62 3.80 3.70 3.23 2.62 2.00 1.54 1.43 1.67
  2   2.10 2.64 3.15 3.44 3.46 3.28 2.78 2.12 1.44 0.85 0.56 0.69 1.16 1.78 2.54 3.18 3.56 3.74 3.62 3.22 2.70 2.18 1.75 1.61
  3   1.80 2.13 2.58 3.01 3.23 3.23 3.05 2.68 2.11 1.48 0.99 0.72 0.82 1.20 1.78 2.44 3.02 3.38 3.56 3.57 3.27 2.83 2.33 1.90
  4   1.73 1.80 2.05 2.39 2.76 3.00 3.06 2.97 2.72 2.28 1.76 1.26 0.95 0.93 1.25 1.72 2.30 2.86 3.26 3.50 3.60 3.42 3.00 2.48
  5   1.98 1.69 1.68 1.86 2.14 2.46 2.74 2.90 2.92 2.80 2.46 2.00 1.49 1.12 1.00 1.19 1.58 2.08 2.64 3.10 3.44 3.60 3.50 3.12
  6   2.60 2.08 1.70 1.57 1.65 1.92 2.26 2.62 2.88 3.02 2.98 2.70 2.26 1.74 1.28 1.06 1.16 1.52 2.00 2.58 3.12 3.48 3.66 3.56
  7   3.14 2.58 2.00 1.52 1.29 1.37 1.70 2.10 2.53 2.85 3.04 3.00 2.76 2.28 1.70 1.20 0.95 1.04 1.43 1.96 2.60 3.13 3.48 3.59
  8   3.42 2.94 2.30 1.66 1.15 0.98 1.17 1.60 2.10 2.62 2.98 3.13 3.08 2.76 2.24 1.63 1.13 0.90 1.04 1.47 2.05 2.70 3.24 3.51
  9   3.53 3.22 2.64 1.94 1.30 0.86 0.84 1.16 1.68 2.27 2.82 3.16 3.26 3.15 2.73 2.12 1.52 1.04 0.90 1.14 1.66 2.26 2.92 3.32
 10   3.49 3.36 2.92 2.28 1.54 0.95 0.67 0.82 1.28 1.88 2.54 3.08 3.34 3.36 3.14 2.62 2.00 1.42 1.04 1.05 1.40 1.94 2.58 3.18
 11   3.48 3.48 3.20 2.64 1.94 1.26 0.78 0.69 1.01 1.56 2.24 2.92 3.36 3.54 3.46 3.05 2.46 1.85 1.32 1.07 1.24 1.68 2.24 2.88
 12   3.36 3.48 3.34 2.90 2.28 1.53 0.94 0.65 0.77 1.21 1.84 2.58 3.20 3.52 3.58 3.35 2.86 2.26 1.66 1.26 1.22 1.50 1.98 2.58
 13   3.14 3.41 3.38 3.09 2.55 1.84 1.16 0.70 0.61 0.90 1.49 2.18 2.90 3.37 3.58 3.54 3.18 2.64 2.04 1.52 1.30 1.44 1.84 2.34
 14   2.92 3.28 3.38 3.22 2.80 2.18 1.49 0.92 0.63 0.75 1.22 1.85 2.56 3.18 3.52 3.60 3.42 2.98 2.41 1.86 1.48 1.41 1.65 2.04
 15   2.56 3.04 3.24 3.20 2.96 2.45 1.83 1.22 0.80 0.70 0.95 1.48 2.12 2.82 3.30 3.53 3.54 3.26 2.78 2.24 1.76 1.51 1.55 1.82
 16   2.22 2.67 2.98 3.08 2.96 2.62 2.10 1.52 1.05 0.77 0.83 1.20 1.74 2.36 2.96 3.31 3.45 3.38 3.04 2.58 2.10 1.75 1.62 1.72
 17   2.00 2.36 2.71 2.89 2.89 2.70 2.38 1.88 1.36 0.98 0.85 1.02 1.40 1.92 2.50 2.94 3.20 3.29 3.16 2.84 2.42 2.02 1.75 1.69
 18   1.80 2.05 2.35 2.62 2.73 2.69 2.54 2.22 1.82 1.38 1.09 1.03 1.20 1.58 2.09 2.60 2.98 3.21 3.30 3.17 2.88 2.50 2.12 1.84
 19   1.78 1.86 2.06 2.31 2.54 2.65 2.67 2.55 2.29 1.90 1.56 1.28 1.19 1.36 1.69 2.14 2.59 2.96 3.20 3.31 3.24 2.97 2.58 2.20
 20   1.88 1.78 1.80 1.96 2.18 2.40 2.56 2.66 2.62 2.42 2.12 1.77 1.48 1.36 1.47 1.74 2.10 2.54 2.91 3.18 3.34 3.31 3.06 2.69
 21   2.24 1.88 1.68 1.68 1.82 2.04 2.32 2.57 2.70 2.73 2.62 2.32 1.94 1.62 1.43 1.45 1.68 2.03 2.46 2.89 3.20 3.38 3.37 3.09
 22   2.64 2.16 1.73 1.48 1.46 1.64 1.94 2.32 2.68 2.88 2.94 2.80 2.44 2.00 1.60 1.35 1.38 1.65 2.05 2.56 3.06 3.39 3.54 3.46
 23   3.08 2.54 1.94 1.48 1.25 1.31 1.62 2.06 2.54 2.94 3.16 3.16 2.94 2.50 1.94 1.46 1.22 1.30 1.66 2.15 2.76 3.28 3.59 3.67
 24   3.42 2.90 2.26 1.63 1.13 0.98 1.19 1.64 2.22 2.82 3.28 3.47 3.40 3.04 2.48 1.86 1.34 1.11 1.28 1.75 2.34 2.98 3.46 3.67
 25   3.60 3.16 2.52 1.78 1.10 0.65 0.65 1.06 1.70 2.44 3.10 3.52 3.64 3.48 2.98 2.30 1.65 1.16 1.07 1.36 1.92 2.58 3.25 3.63
 26   3.70 3.46 2.88 2.10 1.30 0.60 0.28 0.51 1.11 1.91 2.72 3.40 3.74 3.80 3.52 2.90 2.16 1.48 1.01 1.03 1.46 2.08 2.80 3.38
 27   3.64 3.56 3.16 2.49 1.64 0.81 0.25 0.06 0.47 1.22 2.10 2.98 3.58 3.86 3.86 3.42 2.74 2.00 1.34 0.95 1.15 1.65 2.30 2.98
 28   3.50 3.64 3.44 2.94 2.16 1.27 0.49 0.02 0.09 0.61 1.43 2.32 3.18 3.72 3.95 3.86 3.34 2.62 1.87 1.26 1.05 1.30 1.85 2.50
 29   3.18 3.55 3.53 3.27 2.68 1.85 0.95 0.28-0.06 0.17 0.78 1.60 2.50 3.25 3.70 3.89 3.75 3.20 2.50 1.78 1.26 1.11 1.42 1.94
 30   2.58 3.15 3.40 3.35 3.06 2.45 1.70 0.91 0.28 0.05 0.33 0.94 1.72 2.58 3.28 3.68 3.82 3.66 3.14 2.48 1.82 1.36 1.27 1.56
 ----------------------------------------------------------------------------------------------------------------------------
                                                                                               
 ----------------------------------------------------------------------------------------------------------------------------
 ----------------------------------------------------------------------------------------------------------------------------
                                                          SURVEY OF INDIA
                                                    MARINE GEODESY WING (G&RB)
                                                     HOURLY HEIGHTS IN METRES
  NAME OF PORT:- OKHA                                                                               MONTH MAY       YEAR 2017
 ----------------------------------------------------------------------------------------------------------------------------
 DAYS 0000 0001 0002 0003 0004 0005 0006 0007 0008 0009 0010 0011 0012 0013 0014 0015 0016 0017 0018 0019 0020 0021 0022 0023
 ----------------------------------------------------------------------------------------------------------------------------
  1   2.04 2.58 3.04 3.25 3.20 2.94 2.40 1.72 1.02 0.50 0.32 0.58 1.12 1.84 2.64 3.25 3.60 3.76 3.62 3.14 2.53 1.92 1.47 1.35
  2   1.56 1.96 2.42 2.82 3.02 3.00 2.80 2.42 1.86 1.26 0.78 0.60 0.80 1.28 1.92 2.60 3.16 3.49 3.65 3.54 3.13 2.56 1.97 1.57
  3   1.37 1.50 1.80 2.15 2.52 2.77 2.86 2.78 2.52 2.10 1.58 1.12 0.87 0.96 1.36 1.89 2.49 3.02 3.38 3.56 3.52 3.17 2.64 2.06
  4   1.58 1.32 1.35 1.60 1.94 2.33 2.65 2.84 2.88 2.74 2.42 1.94 1.48 1.19 1.17 1.47 1.89 2.42 2.94 3.30 3.50 3.50 3.20 2.70
  5   2.10 1.53 1.22 1.21 1.43 1.78 2.24 2.64 2.92 3.01 2.97 2.68 2.22 1.75 1.37 1.27 1.46 1.86 2.36 2.89 3.27 3.48 3.50 3.24
  6   2.70 2.08 1.50 1.12 1.10 1.35 1.77 2.25 2.70 3.02 3.17 3.15 2.86 2.40 1.88 1.49 1.37 1.53 1.92 2.40 2.92 3.29 3.47 3.46
  7   3.14 2.59 1.94 1.37 1.01 1.04 1.38 1.87 2.40 2.92 3.24 3.39 3.32 2.96 2.48 1.95 1.56 1.43 1.62 2.03 2.56 3.09 3.41 3.51
  8   3.38 2.94 2.32 1.68 1.15 0.89 1.04 1.48 2.05 2.68 3.16 3.44 3.52 3.36 2.94 2.36 1.87 1.54 1.49 1.76 2.20 2.74 3.22 3.46
  9   3.47 3.17 2.68 2.04 1.40 0.94 0.86 1.15 1.68 2.34 2.98 3.44 3.66 3.66 3.32 2.81 2.26 1.76 1.49 1.61 1.96 2.42 2.96 3.33
 10   3.47 3.34 2.92 2.34 1.65 1.10 0.83 0.94 1.40 2.00 2.70 3.28 3.66 3.78 3.66 3.20 2.64 2.10 1.67 1.55 1.76 2.17 2.66 3.14
 11   3.40 3.36 3.09 2.60 1.96 1.30 0.84 0.76 1.04 1.60 2.28 3.00 3.52 3.77 3.78 3.46 2.94 2.36 1.84 1.53 1.60 1.92 2.37 2.87
 12   3.26 3.36 3.22 2.80 2.20 1.52 0.98 0.69 0.84 1.30 1.92 2.66 3.30 3.66 3.82 3.66 3.22 2.64 2.08 1.64 1.51 1.72 2.09 2.55
 13   3.02 3.23 3.20 2.90 2.40 1.78 1.17 0.75 0.68 0.98 1.53 2.22 2.92 3.45 3.71 3.74 3.44 2.96 2.38 1.88 1.59 1.64 1.92 2.31
 14   2.78 3.10 3.19 3.04 2.66 2.14 1.51 1.00 0.74 0.86 1.28 1.86 2.56 3.16 3.56 3.72 3.68 3.30 2.78 2.24 1.82 1.66 1.80 2.10
 15   2.50 2.92 3.10 3.10 2.88 2.46 1.90 1.37 1.00 0.89 1.13 1.60 2.20 2.86 3.36 3.67 3.76 3.55 3.11 2.58 2.08 1.78 1.75 1.94
 16   2.26 2.64 2.93 3.04 2.98 2.74 2.32 1.80 1.33 1.04 1.04 1.35 1.84 2.45 3.05 3.47 3.69 3.69 3.40 2.98 2.50 2.05 1.75 1.80
 17   2.04 2.33 2.67 2.90 2.96 2.87 2.62 2.22 1.80 1.44 1.17 1.18 1.47 1.96 2.53 3.05 3.39 3.58 3.54 3.24 2.80 2.32 1.93 1.73
 18   1.74 1.93 2.18 2.48 2.68 2.76 2.72 2.54 2.20 1.80 1.50 1.30 1.32 1.59 2.08 2.60 3.03 3.34 3.52 3.45 3.14 2.72 2.25 1.80
 19   1.60 1.60 1.78 2.04 2.34 2.58 2.70 2.72 2.60 2.30 1.94 1.60 1.42 1.45 1.70 2.08 2.55 2.96 3.27 3.44 3.40 3.13 2.69 2.24
 20   1.76 1.50 1.45 1.60 1.90 2.22 2.52 2.75 2.84 2.76 2.48 2.16 1.80 1.56 1.52 1.68 2.03 2.49 2.90 3.20 3.36 3.32 3.06 2.60
 21   2.06 1.66 1.40 1.31 1.45 1.75 2.14 2.52 2.80 2.93 2.88 2.66 2.28 1.94 1.69 1.60 1.70 2.02 2.48 2.96 3.28 3.43 3.38 3.08
 22   2.50 1.94 1.50 1.20 1.16 1.44 1.82 2.22 2.70 3.08 3.23 3.14 2.82 2.34 1.94 1.74 1.69 1.80 2.14 2.64 3.13 3.42 3.50 3.32
 23   2.88 2.22 1.65 1.14 0.82 0.91 1.36 1.86 2.42 2.98 3.33 3.46 3.33 2.86 2.28 1.84 1.55 1.54 1.82 2.22 2.68 3.18 3.44 3.44
 24   3.14 2.60 1.94 1.33 0.75 0.52 0.76 1.36 1.98 2.68 3.26 3.58 3.64 3.40 2.84 2.16 1.70 1.48 1.52 1.80 2.25 2.82 3.27 3.48
 25   3.40 3.00 2.34 1.68 0.92 0.34 0.30 0.72 1.42 2.07 2.90 3.50 3.80 3.82 3.43 2.78 2.08 1.60 1.38 1.54 1.92 2.40 2.99 3.42
 26   3.54 3.36 2.82 2.07 1.38 0.62 0.10 0.20 0.80 1.60 2.35 3.20 3.74 3.98 3.92 3.40 2.69 1.98 1.38 1.14 1.41 1.90 2.50 3.10
 27   3.47 3.46 3.18 2.58 1.76 0.90 0.20-0.15 0.10 0.76 1.62 2.54 3.34 3.85 4.07 3.90 3.34 2.60 1.89 1.34 1.18 1.48 2.00 2.62
 28   3.20 3.46 3.40 3.04 2.47 1.65 0.84 0.20-0.04 0.26 0.92 1.80 2.76 3.50 3.90 4.04 3.78 3.18 2.46 1.75 1.25 1.18 1.52 2.07
 29   2.68 3.14 3.40 3.35 2.96 2.36 1.60 0.86 0.33 0.20 0.55 1.24 2.08 2.96 3.58 3.92 3.98 3.66 3.06 2.34 1.66 1.22 1.20 1.55
 30   2.04 2.54 3.00 3.18 3.12 2.80 2.26 1.58 0.90 0.46 0.40 0.74 1.38 2.14 2.96 3.52 3.86 3.90 3.56 2.98 2.28 1.66 1.24 1.20
 31   1.52 1.95 2.40 2.80 3.00 3.00 2.80 2.36 1.78 1.20 0.81 0.72 1.02 1.54 2.20 2.85 3.45 3.75 3.76 3.42 2.86 2.24 1.66 1.27
 ----------------------------------------------------------------------------------------------------------------------------
                                                                                               
 ----------------------------------------------------------------------------------------------------------------------------
 ----------------------------------------------------------------------------------------------------------------------------
                                                          SURVEY OF INDIA
                                                    MARINE GEODESY WING (G&RB)
                                                     HOURLY HEIGHTS IN METRES
  NAME OF PORT:- OKHA                                                                               MONTH JUNE      YEAR 2017
 ----------------------------------------------------------------------------------------------------------------------------
 DAYS 0000 0001 0002 0003 0004 0005 0006 0007 0008 0009 0010 0011 0012 0013 0014 0015 0016 0017 0018 0019 0020 0021 0022 0023
 ----------------------------------------------------------------------------------------------------------------------------
  1   1.20 1.40 1.78 2.22 2.62 2.86 2.90 2.78 2.48 2.04 1.54 1.16 1.02 1.22 1.67 2.26 2.89 3.34 3.58 3.62 3.36 2.88 2.29 1.74
  2   1.30 1.16 1.31 1.62 2.04 2.45 2.74 2.90 2.90 2.72 2.34 1.88 1.50 1.31 1.42 1.80 2.28 2.80 3.23 3.47 3.55 3.36 2.90 2.31
  3   1.76 1.32 1.12 1.22 1.53 1.92 2.36 2.74 2.98 3.08 2.98 2.64 2.22 1.84 1.59 1.63 1.92 2.30 2.76 3.16 3.40 3.47 3.30 2.90
  4   2.32 1.76 1.30 1.06 1.14 1.46 1.93 2.46 2.92 3.20 3.32 3.20 2.90 2.48 2.06 1.78 1.78 1.98 2.32 2.74 3.10 3.32 3.37 3.14
  5   2.72 2.16 1.60 1.12 0.92 1.08 1.46 1.96 2.52 3.00 3.28 3.37 3.22 2.86 2.40 1.98 1.70 1.69 1.92 2.26 2.69 3.05 3.22 3.17
  6   2.92 2.46 1.89 1.32 0.90 0.81 1.06 1.56 2.18 2.76 3.20 3.44 3.44 3.20 2.76 2.28 1.86 1.63 1.68 1.95 2.32 2.74 3.06 3.17
  7   3.02 2.66 2.12 1.52 0.97 0.66 0.74 1.16 1.75 2.42 3.02 3.36 3.50 3.42 3.08 2.58 2.08 1.69 1.54 1.68 2.03 2.47 2.89 3.14
  8   3.12 2.84 2.40 1.78 1.14 0.65 0.54 0.84 1.38 2.06 2.75 3.26 3.56 3.60 3.38 2.90 2.34 1.84 1.52 1.53 1.80 2.18 2.62 2.98
  9   3.10 2.98 2.64 2.10 1.42 0.86 0.54 0.60 1.05 1.66 2.38 3.04 3.46 3.64 3.54 3.16 2.60 2.06 1.62 1.43 1.53 1.85 2.26 2.68
 10   2.96 2.98 2.74 2.28 1.65 1.02 0.55 0.44 0.72 1.28 1.94 2.66 3.20 3.52 3.60 3.36 2.88 2.32 1.78 1.44 1.42 1.66 2.02 2.47
 11   2.84 3.03 2.92 2.54 2.02 1.38 0.81 0.47 0.56 0.98 1.58 2.30 2.98 3.42 3.65 3.62 3.23 2.68 2.09 1.63 1.42 1.50 1.84 2.25
 12   2.66 2.95 2.98 2.78 2.35 1.76 1.13 0.67 0.53 0.76 1.26 1.88 2.64 3.22 3.60 3.70 3.52 3.05 2.48 1.92 1.54 1.51 1.72 2.07
 13   2.48 2.86 3.02 2.98 2.68 2.22 1.60 1.04 0.69 0.69 1.02 1.57 2.32 3.00 3.48 3.72 3.70 3.35 2.84 2.28 1.77 1.53 1.60 1.86
 14   2.22 2.64 2.92 3.01 2.88 2.54 2.04 1.48 1.03 0.81 0.94 1.34 1.92 2.62 3.18 3.56 3.72 3.60 3.18 2.66 2.12 1.72 1.54 1.65
 15   1.92 2.30 2.66 2.90 2.95 2.74 2.40 1.94 1.48 1.13 1.02 1.22 1.64 2.22 2.85 3.34 3.64 3.70 3.49 3.06 2.52 2.00 1.62 1.52
 16   1.66 1.97 2.32 2.66 2.86 2.90 2.76 2.46 2.05 1.62 1.30 1.23 1.44 1.86 2.44 3.00 3.42 3.65 3.66 3.38 2.92 2.38 1.87 1.54
 17   1.47 1.63 1.90 2.27 2.60 2.80 2.89 2.84 2.58 2.20 1.80 1.50 1.42 1.64 2.02 2.54 3.04 3.40 3.58 3.58 3.32 2.86 2.30 1.80
 18   1.44 1.36 1.50 1.78 2.14 2.50 2.78 2.94 2.94 2.72 2.38 2.00 1.71 1.60 1.74 2.09 2.52 2.98 3.30 3.50 3.48 3.20 2.74 2.16
 19   1.62 1.23 1.14 1.28 1.61 2.05 2.50 2.85 3.06 3.08 2.94 2.58 2.20 1.84 1.69 1.84 2.15 2.54 2.98 3.29 3.44 3.38 3.04 2.55
 20   1.92 1.33 0.93 0.85 1.08 1.50 2.05 2.60 3.02 3.28 3.36 3.14 2.73 2.24 1.86 1.69 1.84 2.15 2.56 3.00 3.33 3.48 3.38 3.00
 21   2.40 1.68 1.08 0.68 0.62 0.93 1.48 2.16 2.80 3.30 3.60 3.62 3.30 2.82 2.32 1.86 1.65 1.76 2.10 2.54 3.02 3.36 3.47 3.34
 22   2.90 2.24 1.50 0.82 0.39 0.41 0.82 1.50 2.30 3.04 3.60 3.90 3.90 3.52 2.94 2.28 1.73 1.48 1.66 2.08 2.64 3.16 3.50 3.55
 23   3.34 2.86 2.12 1.30 0.55 0.17 0.30 0.94 1.70 2.56 3.28 3.75 4.02 4.00 3.55 2.94 2.28 1.73 1.48 1.67 2.08 2.63 3.16 3.48
 24   3.54 3.26 2.70 1.94 1.13 0.42 0.03 0.24 0.86 1.72 2.72 3.45 3.90 4.11 4.04 3.52 2.82 2.14 1.56 1.38 1.66 2.15 2.72 3.26
 25   3.54 3.48 3.10 2.54 1.72 0.90 0.15-0.02 0.32 1.06 1.94 2.88 3.62 4.07 4.22 3.96 3.34 2.62 1.90 1.38 1.30 1.66 2.18 2.80
 26   3.30 3.50 3.45 3.06 2.48 1.66 0.86 0.27 0.12 0.54 1.30 2.22 3.10 3.76 4.20 4.22 3.88 3.26 2.48 1.76 1.28 1.28 1.68 2.22
 27   2.86 3.34 3.54 3.40 3.02 2.40 1.60 0.90 0.44 0.40 0.88 1.65 2.48 3.30 3.88 4.22 4.22 3.78 3.12 2.36 1.70 1.31 1.38 1.76
 28   2.30 2.90 3.32 3.46 3.34 2.98 2.42 1.74 1.14 0.76 0.80 1.22 1.86 2.66 3.40 3.88 4.10 4.02 3.58 2.92 2.20 1.60 1.24 1.32
 29   1.70 2.22 2.70 3.10 3.20 3.10 2.80 2.38 1.80 1.26 0.97 1.02 1.40 1.92 2.70 3.38 3.80 3.92 3.76 3.32 2.76 2.12 1.44 1.09
 30   1.25 1.65 2.12 2.58 2.90 3.04 3.02 2.84 2.50 2.02 1.58 1.26 1.28 1.66 2.16 2.80 3.28 3.56 3.64 3.50 3.10 2.46 1.86 1.36
 ----------------------------------------------------------------------------------------------------------------------------
                                                                                             
 ----------------------------------------------------------------------------------------------------------------------------
 ----------------------------------------------------------------------------------------------------------------------------
                                                          SURVEY OF INDIA
                                                    MARINE GEODESY WING (G&RB)
                                                     HOURLY HEIGHTS IN METRES
  NAME OF PORT:- OKHA                                                                               MONTH JULY      YEAR 2017
 ----------------------------------------------------------------------------------------------------------------------------
 DAYS 0000 0001 0002 0003 0004 0005 0006 0007 0008 0009 0010 0011 0012 0013 0014 0015 0016 0017 0018 0019 0020 0021 0022 0023
 ----------------------------------------------------------------------------------------------------------------------------
  1   1.09 1.16 1.50 1.90 2.34 2.70 2.92 2.97 2.86 2.56 2.20 1.82 1.56 1.56 1.80 2.20 2.68 3.08 3.32 3.36 3.20 2.86 2.34 1.78
  2   1.32 1.08 1.12 1.38 1.80 2.24 2.60 2.86 2.98 2.92 2.68 2.36 2.00 1.74 1.68 1.88 2.20 2.58 2.90 3.12 3.16 3.02 2.72 2.26
  3   1.70 1.24 1.00 1.00 1.25 1.68 2.18 2.62 2.96 3.16 3.16 2.92 2.58 2.22 1.94 1.82 1.92 2.18 2.49 2.78 2.98 3.04 2.94 2.64
  4   2.18 1.66 1.22 0.96 1.00 1.28 1.72 2.24 2.80 3.35 3.60 3.50 3.10 2.68 2.28 1.96 1.83 1.88 2.10 2.42 2.73 2.92 2.98 2.86
  5   2.54 2.04 1.54 1.08 0.86 0.96 1.32 1.82 2.38 2.96 3.30 3.39 3.34 3.08 2.68 2.24 1.90 1.78 1.88 2.12 2.42 2.72 2.90 2.90
  6   2.68 2.30 1.80 1.26 0.84 0.72 0.90 1.40 1.98 2.58 3.06 3.36 3.46 3.34 2.96 2.50 2.06 1.76 1.69 1.85 2.16 2.48 2.76 2.90
  7   2.80 2.50 2.06 1.48 0.95 0.64 0.70 1.05 1.58 2.26 2.88 3.32 3.52 3.50 3.20 2.75 2.26 1.82 1.58 1.62 1.89 2.24 2.62 2.88
  8   2.92 2.73 2.35 1.80 1.16 0.68 0.48 0.72 1.24 1.86 2.56 3.10 3.46 3.58 3.46 3.04 2.48 1.94 1.55 1.45 1.65 1.98 2.38 2.74
  9   2.94 2.88 2.58 2.10 1.46 0.86 0.48 0.52 0.92 1.49 2.22 2.90 3.40 3.68 3.64 3.28 2.75 2.17 1.68 1.41 1.51 1.82 2.22 2.66
 10   2.96 3.05 2.84 2.42 1.84 1.17 0.64 0.47 0.70 1.22 1.90 2.62 3.22 3.56 3.68 3.53 3.08 2.49 1.90 1.48 1.38 1.58 1.96 2.42
 11   2.84 3.05 3.00 2.70 2.20 1.54 0.92 0.55 0.56 0.90 1.49 2.24 2.92 3.40 3.70 3.68 3.32 2.78 2.19 1.63 1.32 1.38 1.69 2.12
 12   2.56 2.88 2.98 2.82 2.46 1.90 1.27 0.75 0.52 0.68 1.14 1.80 2.54 3.16 3.54 3.68 3.52 3.06 2.46 1.86 1.40 1.26 1.40 1.78
 13   2.24 2.72 2.96 2.98 2.76 2.32 1.74 1.14 0.74 0.64 0.90 1.46 2.16 2.86 3.38 3.66 3.64 3.30 2.78 2.14 1.56 1.16 1.12 1.40
 14   1.84 2.32 2.72 2.90 2.85 2.56 2.12 1.60 1.12 0.82 0.80 1.16 1.70 2.38 2.98 3.36 3.52 3.40 3.00 2.42 1.80 1.30 1.02 1.10
 15   1.46 1.88 2.32 2.66 2.86 2.83 2.56 2.14 1.62 1.18 0.94 1.06 1.46 2.00 2.60 3.12 3.42 3.50 3.34 2.86 2.24 1.62 1.13 0.96
 16   1.10 1.44 1.82 2.22 2.54 2.76 2.82 2.62 2.22 1.78 1.38 1.16 1.26 1.60 2.08 2.66 3.10 3.35 3.38 3.14 2.68 2.05 1.44 1.00
 17   0.86 1.00 1.32 1.72 2.20 2.58 2.82 2.90 2.78 2.46 2.04 1.62 1.40 1.48 1.78 2.20 2.66 3.03 3.24 3.26 3.03 2.54 1.98 1.36
 18   0.92 0.73 0.88 1.22 1.68 2.19 2.64 2.98 3.12 3.04 2.75 2.32 1.91 1.64 1.66 1.90 2.24 2.64 3.00 3.20 3.20 2.98 2.52 1.90
 19   1.30 0.78 0.53 0.66 1.04 1.54 2.12 2.68 3.10 3.35 3.30 2.96 2.50 2.06 1.74 1.66 1.80 2.14 2.50 2.88 3.12 3.18 2.96 2.50
 20   1.90 1.20 0.66 0.34 0.46 0.86 1.44 2.14 2.80 3.30 3.56 3.56 3.20 2.70 2.16 1.73 1.60 1.78 2.10 2.48 2.88 3.14 3.18 2.96
 21   2.46 1.80 1.06 0.42 0.11 0.30 0.82 1.50 2.28 3.00 3.46 3.67 3.62 3.20 2.60 2.00 1.50 1.34 1.45 1.80 2.20 2.70 3.04 3.10
 22   2.84 2.34 1.62 0.86 0.06-0.09 0.16 0.76 1.54 2.42 3.14 3.60 3.80 3.70 3.20 2.52 1.86 1.34 1.20 1.45 2.00 2.54 3.04 3.28
 23   3.25 2.92 2.40 1.66 0.83 0.18-0.06 0.26 0.94 1.80 2.72 3.44 3.86 4.02 3.80 3.24 2.48 1.74 1.22 1.10 1.46 2.02 2.64 3.18
 24   3.45 3.43 3.05 2.36 1.56 0.79 0.22 0.06 0.44 1.18 2.06 2.82 3.62 4.00 4.02 3.66 3.02 2.23 1.45 1.04 1.10 1.56 2.15 2.76
 25   3.20 3.44 3.40 3.00 2.38 1.56 0.74 0.14 0.15 0.70 1.48 2.34 3.14 3.70 4.00 3.94 3.48 2.78 2.00 1.25 0.92 1.08 1.58 2.22
 26   2.80 3.28 3.40 3.30 2.88 2.20 1.40 0.71 0.28 0.47 1.02 1.78 2.62 3.34 3.76 3.92 3.72 3.18 2.42 1.68 1.06 0.85 1.15 1.70
 27   2.28 2.84 3.20 3.29 3.10 2.70 2.08 1.36 0.82 0.55 0.76 1.32 2.02 2.80 3.42 3.74 3.78 3.45 2.88 2.15 1.45 1.00 0.82 1.16
 28   1.68 2.20 2.72 3.04 3.10 2.96 2.58 2.04 1.48 1.02 0.84 1.07 1.58 2.22 2.92 3.42 3.62 3.58 3.20 2.62 1.95 1.32 0.92 0.92
 29   1.20 1.66 2.16 2.64 2.92 2.98 2.82 2.52 2.10 1.63 1.26 1.20 1.40 1.85 2.40 2.94 3.28 3.42 3.28 2.90 2.34 1.72 1.18 0.88
 30   0.90 1.22 1.64 2.12 2.54 2.82 2.92 2.85 2.58 2.20 1.80 1.53 1.46 1.65 2.02 2.46 2.90 3.14 3.20 3.06 2.72 2.22 1.67 1.18
 31   0.94 1.00 1.28 1.66 2.12 2.50 2.78 2.92 2.90 2.72 2.42 2.06 1.78 1.70 1.82 2.09 2.44 2.78 2.98 3.02 2.87 2.58 2.16 1.66
 ----------------------------------------------------------------------------------------------------------------------------
                                                                                               
 ----------------------------------------------------------------------------------------------------------------------------
 ----------------------------------------------------------------------------------------------------------------------------
                                                          SURVEY OF INDIA
                                                    MARINE GEODESY WING (G&RB)
                                                     HOURLY HEIGHTS IN METRES
  NAME OF PORT:- OKHA                                                                               MONTH AUGUST    YEAR 2017
 ----------------------------------------------------------------------------------------------------------------------------
 DAYS 0000 0001 0002 0003 0004 0005 0006 0007 0008 0009 0010 0011 0012 0013 0014 0015 0016 0017 0018 0019 0020 0021 0022 0023
 ----------------------------------------------------------------------------------------------------------------------------
  1   1.26 1.00 1.00 1.26 1.60 2.02 2.44 2.76 2.96 3.02 2.88 2.60 2.27 2.00 1.87 1.94 2.12 2.36 2.60 2.80 2.86 2.80 2.54 2.15
  2   1.72 1.29 1.04 1.02 1.25 1.58 2.04 2.50 2.88 3.14 3.25 3.10 2.80 2.44 2.09 1.90 1.90 2.04 2.23 2.47 2.67 2.77 2.68 2.46
  3   2.14 1.70 1.28 0.98 0.93 1.18 1.55 2.04 2.54 2.96 3.22 3.30 3.15 2.82 2.40 2.02 1.80 1.78 1.92 2.14 2.40 2.64 2.74 2.66
  4   2.40 2.04 1.58 1.12 0.86 0.90 1.18 1.62 2.20 2.74 3.12 3.34 3.34 3.08 2.70 2.24 1.85 1.65 1.70 1.90 2.20 2.50 2.74 2.80
  5   2.66 2.34 1.88 1.36 0.94 0.72 0.90 1.30 1.82 2.44 2.98 3.34 3.50 3.38 3.00 2.48 1.98 1.62 1.50 1.66 1.96 2.30 2.66 2.88
  6   2.88 2.65 2.20 1.64 1.07 0.68 0.62 0.92 1.44 2.08 2.76 3.24 3.52 3.52 3.24 2.74 2.18 1.68 1.38 1.40 1.70 2.08 2.52 2.88
  7   3.00 2.86 2.48 1.94 1.30 0.72 0.44 0.60 1.06 1.68 2.40 3.04 3.42 3.58 3.44 3.04 2.46 1.86 1.38 1.24 1.45 1.82 2.24 2.72
  8   3.06 3.04 2.80 2.30 1.68 1.03 0.56 0.46 0.76 1.32 2.04 2.78 3.34 3.64 3.68 3.36 2.75 2.16 1.58 1.20 1.26 1.60 2.04 2.56
  9   3.00 3.20 3.08 2.74 2.20 1.50 0.88 0.40 0.20 0.45 1.40 2.46 3.16 3.60 3.74 3.60 3.14 2.49 1.83 1.30 1.10 1.32 1.74 2.24
 10   2.74 3.12 3.20 3.02 2.58 1.94 1.28 0.75 0.57 0.85 1.40 2.12 2.90 3.46 3.72 3.68 3.34 2.76 2.06 1.42 1.04 1.08 1.42 1.94
 11   2.44 2.98 3.22 3.20 2.92 2.40 1.74 1.15 0.79 0.82 1.22 1.80 2.50 3.16 3.56 3.70 3.54 3.06 2.40 1.68 1.13 0.91 1.10 1.55
 12   2.06 2.62 3.04 3.20 3.12 2.80 2.30 1.67 1.18 0.93 1.07 1.52 2.08 2.74 3.28 3.56 3.56 3.28 2.70 2.00 1.35 0.90 0.84 1.13
 13   1.56 2.08 2.62 2.98 3.12 3.04 2.70 2.20 1.68 1.26 1.07 1.28 1.74 2.30 2.88 3.30 3.46 3.36 3.00 2.42 1.74 1.14 0.76 0.75
 14   1.10 1.58 2.14 2.64 2.98 3.10 3.06 2.78 2.30 1.82 1.45 1.33 1.54 1.96 2.46 2.96 3.28 3.38 3.22 2.80 2.22 1.60 1.04 0.72
 15   0.76 1.08 1.52 2.08 2.58 2.96 3.13 3.12 2.84 2.46 2.02 1.66 1.50 1.66 2.00 2.42 2.84 3.08 3.16 3.05 2.72 2.20 1.58 1.02
 16   0.68 0.68 0.96 1.40 1.92 2.47 2.88 3.12 3.22 3.06 2.70 2.26 1.86 1.64 1.68 1.96 2.30 2.64 2.91 3.00 2.93 2.66 2.22 1.64
 17   1.06 0.66 0.58 0.80 1.22 1.76 2.32 2.84 3.20 3.37 3.28 2.90 2.42 1.97 1.68 1.65 1.86 2.15 2.48 2.77 2.93 2.90 2.67 2.25
 18   1.70 1.09 0.60 0.42 0.62 1.08 1.66 2.34 2.92 3.34 3.52 3.48 3.08 2.56 2.04 1.63 1.52 1.65 2.00 2.38 2.78 3.02 3.02 2.82
 19   2.40 1.80 1.16 0.61 0.35 0.52 1.04 1.70 2.44 3.10 3.54 3.72 3.64 3.18 2.57 1.95 1.48 1.35 1.57 1.95 2.38 2.83 3.12 3.17
 20   2.96 2.50 1.83 1.10 0.50 0.23 0.46 1.05 1.78 2.60 3.30 3.70 3.82 3.65 3.08 2.37 1.69 1.22 1.17 1.49 1.97 2.50 3.02 3.28
 21   3.26 3.00 2.44 1.72 0.96 0.40 0.20 0.58 1.25 2.04 2.88 3.52 3.83 3.89 3.52 2.85 2.09 1.41 1.00 1.05 1.53 2.10 2.69 3.16
 22   3.38 3.30 2.96 2.36 1.58 0.80 0.28 0.28 0.76 1.48 2.32 3.12 3.66 3.86 3.82 3.30 2.52 1.76 1.10 0.79 1.05 1.58 2.20 2.87
 23   3.34 3.50 3.38 2.92 2.26 1.48 0.80 0.42 0.56 1.10 1.78 2.64 3.38 3.78 3.90 3.64 3.06 2.29 1.53 0.95 0.77 1.10 1.70 2.36
 24   3.02 3.38 3.47 3.30 2.82 2.12 1.42 0.83 0.58 0.80 1.40 2.12 2.90 3.48 3.74 3.72 3.34 2.68 1.92 1.22 0.78 0.81 1.26 1.88
 25   2.50 3.08 3.38 3.36 3.12 2.62 1.96 1.32 0.87 0.82 1.16 1.74 2.44 3.12 3.52 3.63 3.48 2.98 2.28 1.54 0.94 0.69 0.89 1.38
 26   1.94 2.56 3.04 3.24 3.22 2.92 2.46 1.86 1.35 1.04 1.12 1.54 2.06 2.68 3.20 3.46 3.42 3.12 2.58 1.90 1.26 0.81 0.75 1.06
 27   1.50 2.08 2.64 2.98 3.12 3.08 2.78 2.34 1.86 1.45 1.29 1.43 1.78 2.24 2.78 3.12 3.25 3.14 2.80 2.27 1.68 1.15 0.84 0.88
 28   1.16 1.60 2.12 2.60 2.92 3.03 2.96 2.68 2.33 1.96 1.65 1.54 1.66 1.94 2.32 2.74 3.00 3.05 2.92 2.58 2.12 1.62 1.18 0.95
 29   1.00 1.31 1.70 2.16 2.54 2.78 2.92 2.88 2.67 2.35 2.04 1.78 1.69 1.78 2.00 2.29 2.58 2.76 2.78 2.64 2.38 2.04 1.64 1.17
 30   0.92 0.98 1.22 1.58 2.02 2.42 2.76 2.96 2.97 2.80 2.56 2.24 1.96 1.80 1.80 1.94 2.14 2.36 2.53 2.59 2.52 2.32 2.02 1.64
 31   1.28 1.08 1.07 1.28 1.60 1.98 2.38 2.72 2.96 3.10 3.04 2.72 2.40 2.08 1.86 1.80 1.90 2.10 2.32 2.50 2.62 2.64 2.52 2.24
 ----------------------------------------------------------------------------------------------------------------------------
                                                                                              
 ----------------------------------------------------------------------------------------------------------------------------
 ----------------------------------------------------------------------------------------------------------------------------
                                                          SURVEY OF INDIA
                                                    MARINE GEODESY WING (G&RB)
                                                     HOURLY HEIGHTS IN METRES
  NAME OF PORT:- OKHA                                                                               MONTH SEPT      YEAR 2017
 ----------------------------------------------------------------------------------------------------------------------------
 DAYS 0000 0001 0002 0003 0004 0005 0006 0007 0008 0009 0010 0011 0012 0013 0014 0015 0016 0017 0018 0019 0020 0021 0022 0023
 ----------------------------------------------------------------------------------------------------------------------------
  1   1.90 1.52 1.26 1.17 1.30 1.62 2.00 2.48 2.88 3.16 3.30 3.20 2.94 2.55 2.15 1.85 1.76 1.80 1.98 2.23 2.48 2.66 2.70 2.60
  2   2.32 1.92 1.50 1.18 1.08 1.20 1.58 2.08 2.60 3.04 3.32 3.40 3.26 2.92 2.46 2.03 1.72 1.66 1.76 2.02 2.37 2.68 2.86 2.84
  3   2.64 2.30 1.82 1.34 1.00 0.95 1.22 1.66 2.20 2.78 3.20 3.45 3.47 3.20 2.74 2.18 1.72 1.45 1.48 1.74 2.08 2.50 2.84 3.00
  4   2.92 2.62 2.18 1.60 1.08 0.78 0.86 1.24 1.80 2.46 3.04 3.40 3.54 3.42 3.00 2.42 1.85 1.41 1.26 1.42 1.84 2.30 2.78 3.08
  5   3.14 2.94 2.52 1.94 1.32 0.80 0.67 0.85 1.46 2.12 2.82 3.32 3.58 3.58 3.26 2.69 2.06 1.47 1.10 1.14 1.52 2.02 2.58 3.06
  6   3.27 3.18 2.86 2.30 1.64 1.02 0.66 0.73 1.16 1.78 2.52 3.16 3.54 3.67 3.50 2.98 2.31 1.64 1.10 0.93 1.15 1.68 2.28 2.89
  7   3.26 3.37 3.22 2.74 2.12 1.42 0.87 0.66 0.90 1.46 2.14 2.88 3.46 3.69 3.65 3.24 2.60 1.88 1.22 0.83 0.91 1.34 1.90 2.58
  8   3.14 3.42 3.40 3.13 2.58 1.86 1.18 0.74 0.75 1.18 1.82 2.52 3.18 3.58 3.69 3.46 2.91 2.16 1.42 0.83 0.64 0.90 1.46 2.12
  9   2.78 3.26 3.45 3.38 2.96 2.34 1.64 1.05 0.77 0.94 1.46 2.08 2.82 3.37 3.61 3.57 3.18 2.53 1.76 1.05 0.60 0.61 1.00 1.60
 10   2.28 2.92 3.32 3.47 3.32 2.87 2.22 1.58 1.10 0.96 1.25 1.80 2.42 3.08 3.49 3.56 3.40 2.88 2.16 1.49 0.88 0.57 0.78 1.20
 11   1.74 2.45 3.04 3.36 3.48 3.30 2.82 2.22 1.67 1.29 1.28 1.60 2.06 2.65 3.20 3.46 3.44 3.16 2.61 1.92 1.22 0.71 0.54 0.76
 12   1.20 1.84 2.50 3.03 3.32 3.38 3.22 2.78 2.24 1.75 1.47 1.46 1.70 2.10 2.60 3.02 3.23 3.18 2.91 2.42 1.78 1.17 0.72 0.58
 13   0.75 1.22 1.78 2.40 2.91 3.22 3.36 3.25 2.89 2.43 1.98 1.66 1.63 1.83 2.16 2.55 2.90 3.08 3.04 2.84 2.44 1.90 1.35 0.91
 14   0.73 0.86 1.24 1.74 2.30 2.80 3.14 3.36 3.36 3.10 2.70 2.25 1.88 1.73 1.81 2.04 2.33 2.67 2.88 2.96 2.86 2.56 2.13 1.60
 15   1.16 0.84 0.83 1.12 1.56 2.14 2.68 3.12 3.42 3.52 3.34 2.94 2.44 1.98 1.69 1.67 1.84 2.11 2.44 2.75 2.94 2.98 2.78 2.40
 16   1.86 1.30 0.87 0.76 0.95 1.45 2.02 2.64 3.14 3.49 3.66 3.52 3.06 2.52 1.94 1.53 1.46 1.63 1.94 2.33 2.74 3.00 3.09 2.93
 17   2.56 2.02 1.44 0.91 0.70 0.88 1.35 1.94 2.61 3.18 3.53 3.67 3.52 3.02 2.36 1.75 1.27 1.18 1.40 1.87 2.36 2.86 3.15 3.22
 18   3.08 2.64 2.02 1.34 0.80 0.60 0.84 1.37 2.02 2.74 3.32 3.64 3.72 3.44 2.82 2.08 1.40 1.00 0.98 1.34 1.85 2.44 2.97 3.26
 19   3.28 3.07 2.58 1.86 1.14 0.65 0.51 0.85 1.47 2.22 2.96 3.46 3.65 3.56 3.09 2.37 1.61 0.95 0.63 0.82 1.35 1.98 2.62 3.12
 20   3.33 3.26 2.92 2.30 1.55 0.85 0.45 0.48 1.00 1.68 2.44 3.10 3.50 3.56 3.30 2.68 1.92 1.16 0.65 0.49 0.87 1.48 2.18 2.86
 21   3.28 3.42 3.29 2.84 2.15 1.41 0.82 0.58 0.82 1.38 2.06 2.84 3.38 3.60 3.54 3.11 2.43 1.65 0.93 0.52 0.65 1.10 1.78 2.50
 22   3.12 3.44 3.46 3.22 2.70 2.01 1.34 0.89 0.83 1.16 1.72 2.42 3.09 3.46 3.52 3.26 2.70 1.96 1.22 0.66 0.47 0.76 1.35 2.08
 23   2.80 3.28 3.50 3.44 3.08 2.47 1.83 1.26 0.96 1.07 1.49 2.06 2.72 3.22 3.40 3.30 2.90 2.29 1.56 0.90 0.51 0.56 0.98 1.60
 24   2.26 2.92 3.28 3.38 3.25 2.84 2.24 1.67 1.24 1.10 1.31 1.74 2.27 2.84 3.17 3.20 3.00 2.56 1.93 1.27 0.78 0.59 0.79 1.26
 25   1.84 2.50 3.02 3.28 3.33 3.12 2.68 2.17 1.70 1.41 1.40 1.64 2.02 2.48 2.91 3.10 3.03 2.76 2.31 1.73 1.17 0.83 0.76 1.00
 26   1.50 2.07 2.64 3.02 3.20 3.20 2.96 2.55 2.10 1.73 1.55 1.57 1.80 2.16 2.57 2.84 2.93 2.82 2.52 2.08 1.63 1.18 0.92 0.92
 27   1.19 1.61 2.16 2.62 2.93 3.08 3.08 2.90 2.50 2.11 1.82 1.68 1.72 1.90 2.18 2.47 2.66 2.68 2.56 2.30 1.94 1.53 1.19 1.01
 28   1.08 1.34 1.72 2.18 2.58 2.86 3.02 3.00 2.80 2.49 2.16 1.88 1.74 1.76 1.89 2.10 2.32 2.48 2.52 2.44 2.24 1.96 1.62 1.32
 29   1.14 1.16 1.38 1.70 2.09 2.47 2.76 2.94 3.00 2.87 2.63 2.31 2.00 1.77 1.69 1.74 1.89 2.09 2.27 2.40 2.42 2.34 2.12 1.82
 30   1.52 1.26 1.18 1.32 1.58 1.94 2.35 2.68 2.94 3.08 3.02 2.78 2.43 2.05 1.74 1.59 1.59 1.72 1.95 2.21 2.42 2.54 2.49 2.30
 ----------------------------------------------------------------------------------------------------------------------------
                                                                                               
 ----------------------------------------------------------------------------------------------------------------------------
 ----------------------------------------------------------------------------------------------------------------------------
                                                          SURVEY OF INDIA
                                                    MARINE GEODESY WING (G&RB)
                                                     HOURLY HEIGHTS IN METRES
  NAME OF PORT:- OKHA                                                                               MONTH OCTOBER   YEAR 2017
 ----------------------------------------------------------------------------------------------------------------------------
 DAYS 0000 0001 0002 0003 0004 0005 0006 0007 0008 0009 0010 0011 0012 0013 0014 0015 0016 0017 0018 0019 0020 0021 0022 0023
 ----------------------------------------------------------------------------------------------------------------------------
  1   2.00 1.64 1.34 1.18 1.27 1.53 1.90 2.37 2.76 3.06 3.20 3.12 2.82 2.40 1.93 1.55 1.37 1.43 1.66 1.97 2.33 2.60 2.71 2.65
  2   2.40 2.03 1.59 1.23 1.06 1.18 1.54 1.98 2.50 2.93 3.19 3.27 3.09 2.70 2.16 1.63 1.25 1.15 1.34 1.68 2.12 2.55 2.84 2.92
  3   2.76 2.40 1.91 1.40 1.02 0.93 1.17 1.62 2.17 2.76 3.18 3.39 3.34 3.00 2.44 1.82 1.27 0.98 1.05 1.40 1.88 2.44 2.92 3.14
  4   3.12 2.84 2.33 1.73 1.16 0.84 0.91 1.28 1.80 2.45 3.04 3.38 3.44 3.20 2.66 1.97 1.30 0.82 0.72 1.00 1.55 2.17 2.80 3.20
  5   3.33 3.22 2.78 2.12 1.45 0.90 0.71 0.96 1.48 2.12 2.82 3.32 3.52 3.44 3.00 2.32 1.56 0.90 0.53 0.67 1.14 1.78 2.52 3.14
  6   3.44 3.48 3.22 2.66 1.95 1.26 0.82 0.82 1.22 1.84 2.55 3.20 3.55 3.61 3.30 2.68 1.90 1.12 0.56 0.38 0.73 1.36 2.12 2.88
  7   3.40 3.63 3.58 3.16 2.46 1.72 1.09 0.79 1.00 1.50 2.14 2.88 3.41 3.59 3.49 2.98 2.25 1.41 0.68 0.25 0.28 0.82 1.54 2.38
  8   3.12 3.58 3.75 3.60 3.05 2.35 1.66 1.13 0.98 1.28 1.82 2.48 3.15 3.53 3.56 3.32 2.74 1.95 1.14 0.48 0.20 0.44 1.02 1.80
  9   2.64 3.32 3.68 3.76 3.50 2.94 2.26 1.62 1.17 1.15 1.49 2.04 2.68 3.24 3.48 3.41 3.06 2.44 1.68 0.92 0.40 0.26 0.58 1.22
 10   2.00 2.78 3.34 3.65 3.71 3.40 2.88 2.25 1.68 1.31 1.35 1.69 2.17 2.75 3.20 3.34 3.24 2.86 2.27 1.57 0.92 0.50 0.48 0.82
 11   1.38 2.12 2.86 3.35 3.62 3.68 3.40 2.90 2.34 1.81 1.50 1.54 1.84 2.24 2.72 3.06 3.17 3.07 2.76 2.26 1.64 1.07 0.70 0.66
 12   0.98 1.46 2.13 2.80 3.25 3.52 3.63 3.42 3.02 2.49 2.01 1.69 1.67 1.85 2.13 2.49 2.79 2.94 2.94 2.74 2.36 1.87 1.38 1.00
 13   0.88 1.07 1.47 2.02 2.63 3.11 3.44 3.59 3.49 3.15 2.68 2.18 1.78 1.63 1.70 1.92 2.22 2.56 2.80 2.90 2.85 2.58 2.18 1.72
 14   1.32 1.07 1.12 1.42 1.86 2.44 2.97 3.34 3.55 3.56 3.27 2.82 2.29 1.77 1.49 1.49 1.68 1.98 2.36 2.72 2.94 3.00 2.87 2.53
 15   2.06 1.58 1.23 1.15 1.34 1.75 2.30 2.88 3.30 3.54 3.61 3.34 2.87 2.26 1.68 1.30 1.24 1.44 1.82 2.30 2.78 3.08 3.18 3.09
 16   2.74 2.22 1.68 1.24 1.08 1.27 1.72 2.30 2.93 3.38 3.62 3.64 3.33 2.78 2.10 1.47 1.07 1.06 1.37 1.84 2.42 2.96 3.29 3.39
 17   3.24 2.84 2.28 1.68 1.22 1.09 1.33 1.79 2.40 3.04 3.48 3.66 3.60 3.18 2.54 1.82 1.18 0.83 0.93 1.36 1.95 2.62 3.16 3.43
 18   3.46 3.25 2.76 2.14 1.50 1.08 1.04 1.38 1.90 2.57 3.19 3.53 3.61 3.40 2.86 2.15 1.41 0.82 0.62 0.90 1.48 2.18 2.88 3.36
 19   3.56 3.53 3.20 2.62 1.96 1.35 1.02 1.14 1.57 2.15 2.82 3.34 3.54 3.47 3.05 2.40 1.65 0.95 0.55 0.67 1.12 1.80 2.56 3.20
 20   3.54 3.66 3.50 3.02 2.37 1.72 1.24 1.13 1.38 1.86 2.47 3.09 3.45 3.47 3.22 2.68 1.96 1.22 0.65 0.49 0.79 1.38 2.10 2.86
 21   3.40 3.66 3.66 3.34 2.77 2.11 1.53 1.19 1.26 1.62 2.12 2.72 3.22 3.39 3.27 2.85 2.22 1.50 0.84 0.50 0.59 1.04 1.70 2.48
 22   3.16 3.54 3.69 3.56 3.10 2.49 1.89 1.43 1.26 1.43 1.81 2.35 2.90 3.20 3.20 2.97 2.46 1.80 1.12 0.62 0.47 0.74 1.29 1.98
 23   2.68 3.25 3.54 3.56 3.30 2.80 2.20 1.66 1.33 1.33 1.60 2.00 2.49 2.90 3.05 2.94 2.58 2.07 1.44 0.88 0.57 0.63 1.00 1.56
 24   2.24 2.90 3.31 3.48 3.44 3.06 2.54 2.01 1.57 1.38 1.47 1.78 2.18 2.62 2.88 2.90 2.71 2.32 1.80 1.24 0.82 0.65 0.81 1.24
 25   1.80 2.48 3.00 3.28 3.37 3.23 2.85 2.37 1.91 1.59 1.52 1.66 1.94 2.28 2.60 2.76 2.73 2.50 2.12 1.64 1.18 0.87 0.85 1.08
 26   1.48 2.05 2.62 3.03 3.28 3.29 3.08 2.72 2.30 1.93 1.68 1.64 1.78 2.01 2.31 2.55 2.64 2.56 2.34 2.02 1.62 1.26 1.04 1.05
 27   1.30 1.69 2.22 2.70 3.04 3.26 3.26 3.06 2.72 2.35 2.00 1.77 1.72 1.81 1.98 2.24 2.45 2.53 2.52 2.38 2.14 1.84 1.55 1.35
 28   1.34 1.53 1.85 2.28 2.70 3.02 3.22 3.25 3.10 2.82 2.45 2.10 1.85 1.73 1.77 1.90 2.11 2.32 2.48 2.54 2.50 2.32 2.05 1.76
 29   1.54 1.44 1.55 1.80 2.18 2.56 2.88 3.10 3.22 3.14 2.87 2.49 2.08 1.74 1.56 1.56 1.70 1.94 2.24 2.48 2.64 2.65 2.52 2.24
 30   1.94 1.63 1.47 1.53 1.77 2.08 2.50 2.88 3.12 3.26 3.18 2.90 2.48 2.00 1.59 1.36 1.39 1.59 1.92 2.34 2.68 2.88 2.92 2.76
 31   2.46 2.05 1.70 1.48 1.52 1.77 2.12 2.58 3.00 3.28 3.39 3.26 2.88 2.34 1.77 1.32 1.14 1.25 1.58 2.03 2.54 2.93 3.13 3.12
 ----------------------------------------------------------------------------------------------------------------------------
                                                                                               
 ----------------------------------------------------------------------------------------------------------------------------
 ----------------------------------------------------------------------------------------------------------------------------
                                                          SURVEY OF INDIA
                                                    MARINE GEODESY WING (G&RB)
                                                     HOURLY HEIGHTS IN METRES
  NAME OF PORT:- OKHA                                                                               MONTH NOVEMBER  YEAR 2017
 ----------------------------------------------------------------------------------------------------------------------------
 DAYS 0000 0001 0002 0003 0004 0005 0006 0007 0008 0009 0010 0011 0012 0013 0014 0015 0016 0017 0018 0019 0020 0021 0022 0023
 ----------------------------------------------------------------------------------------------------------------------------
  1   2.88 2.46 1.99 1.55 1.31 1.39 1.76 2.20 2.74 3.17 3.38 3.38 3.10 2.56 1.90 1.30 0.90 0.85 1.13 1.62 2.24 2.82 3.22 3.36
  2   3.28 2.88 2.34 1.78 1.33 1.28 1.45 1.87 2.40 2.96 3.33 3.46 3.33 2.88 2.20 1.48 0.86 0.55 0.67 1.16 1.82 2.54 3.16 3.49
  3   3.57 3.38 2.86 2.22 1.60 1.20 1.21 1.54 2.05 2.67 3.21 3.50 3.50 3.20 2.58 1.82 1.05 0.50 0.37 0.70 1.35 2.12 2.92 3.49
  4   3.76 3.76 3.36 2.72 2.02 1.42 1.12 1.28 1.72 2.30 2.94 3.42 3.56 3.41 2.90 2.15 1.32 0.58 0.20 0.27 0.78 1.57 2.46 3.24
  5   3.74 3.94 3.82 3.27 2.57 1.87 1.32 1.15 1.45 1.94 2.57 3.20 3.55 3.55 3.26 2.64 1.82 0.97 0.32 0.04 0.30 0.96 1.82 2.73
  6   3.50 3.89 4.00 3.74 3.14 2.40 1.72 1.24 1.22 1.58 2.10 2.76 3.32 3.54 3.42 3.02 2.35 1.54 0.74 0.20 0.07 0.46 1.18 2.08
  7   3.02 3.66 3.98 4.05 3.70 3.08 2.40 1.73 1.34 1.41 1.78 2.29 2.88 3.33 3.47 3.30 2.87 2.21 1.44 0.72 0.25 0.24 0.66 1.37
  8   2.28 3.14 3.68 3.96 3.98 3.60 3.00 2.32 1.73 1.38 1.47 1.81 2.27 2.80 3.17 3.26 3.11 2.72 2.12 1.44 0.82 0.46 0.50 0.91
  9   1.58 2.40 3.16 3.63 3.86 3.86 3.50 2.95 2.34 1.78 1.47 1.53 1.82 2.22 2.69 3.00 3.09 2.99 2.68 2.19 1.60 1.07 0.75 0.77
 10   1.14 1.72 2.42 3.06 3.48 3.75 3.74 3.43 2.93 2.34 1.81 1.50 1.53 1.74 2.06 2.46 2.75 2.90 2.88 2.68 2.30 1.84 1.38 1.07
 11   1.04 1.30 1.76 2.35 2.96 3.37 3.60 3.65 3.40 2.95 2.40 1.86 1.49 1.41 1.54 1.82 2.19 2.54 2.77 2.86 2.80 2.56 2.19 1.77
 12   1.40 1.29 1.44 1.80 2.28 2.84 3.25 3.50 3.61 3.45 3.04 2.49 1.95 1.51 1.31 1.38 1.64 2.00 2.45 2.80 3.01 3.06 2.91 2.57
 13   2.14 1.72 1.49 1.52 1.80 2.19 2.70 3.14 3.42 3.54 3.43 3.04 2.47 1.87 1.36 1.11 1.18 1.49 1.93 2.46 2.92 3.20 3.29 3.19
 14   2.82 2.35 1.90 1.61 1.58 1.81 2.20 2.66 3.10 3.39 3.47 3.34 2.92 2.32 1.66 1.13 0.90 1.03 1.43 1.96 2.58 3.08 3.35 3.42
 15   3.26 2.85 2.36 1.88 1.55 1.52 1.76 2.15 2.66 3.10 3.36 3.37 3.15 2.66 2.00 1.35 0.87 0.74 0.99 1.48 2.12 2.78 3.24 3.47
 16   3.50 3.23 2.76 2.18 1.67 1.39 1.45 1.76 2.20 2.70 3.10 3.28 3.20 2.83 2.26 1.56 0.95 0.59 0.63 1.02 1.62 2.34 2.98 3.35
 17   3.48 3.44 3.08 2.52 1.96 1.52 1.33 1.48 1.86 2.30 2.80 3.10 3.13 2.91 2.43 1.77 1.12 0.61 0.43 0.67 1.20 1.88 2.62 3.25
 18   3.50 3.50 3.28 2.80 2.22 1.70 1.35 1.34 1.58 2.00 2.50 2.93 3.12 3.03 2.66 2.10 1.40 0.78 0.43 0.48 0.89 1.50 2.24 2.94
 19   3.40 3.58 3.54 3.17 2.62 2.02 1.56 1.34 1.45 1.78 2.21 2.72 3.02 3.04 2.82 2.36 1.72 1.04 0.55 0.37 0.64 1.17 1.88 2.62
 20   3.20 3.52 3.60 3.41 2.92 2.34 1.79 1.42 1.35 1.56 1.93 2.41 2.82 3.00 2.89 2.54 2.02 1.37 0.79 0.46 0.52 0.88 1.48 2.25
 21   2.98 3.43 3.63 3.63 3.28 2.74 2.16 1.69 1.45 1.54 1.80 2.18 2.63 2.92 2.96 2.77 2.36 1.80 1.16 0.70 0.53 0.73 1.24 1.88
 22   2.60 3.20 3.54 3.65 3.51 3.06 2.50 1.97 1.59 1.50 1.66 2.00 2.41 2.78 2.93 2.86 2.57 2.10 1.52 1.00 0.68 0.68 0.99 1.52
 23   2.18 2.89 3.37 3.60 3.62 3.32 2.83 2.28 1.83 1.57 1.58 1.78 2.10 2.48 2.77 2.84 2.72 2.40 1.96 1.47 1.05 0.85 0.95 1.32
 24   1.84 2.50 3.08 3.43 3.56 3.48 3.12 2.65 2.16 1.78 1.61 1.64 1.85 2.15 2.47 2.67 2.68 2.55 2.28 1.89 1.45 1.15 1.03 1.18
 25   1.56 2.08 2.66 3.10 3.36 3.44 3.29 2.93 2.47 2.00 1.68 1.55 1.62 1.82 2.09 2.36 2.52 2.54 2.44 2.21 1.86 1.50 1.25 1.17
 26   1.35 1.68 2.16 2.67 3.05 3.30 3.31 3.10 2.74 2.30 1.88 1.59 1.48 1.53 1.72 1.99 2.28 2.46 2.53 2.49 2.31 2.02 1.69 1.41
 27   1.34 1.50 1.82 2.24 2.69 3.02 3.24 3.31 3.13 2.79 2.40 1.96 1.62 1.45 1.47 1.64 1.92 2.22 2.48 2.65 2.70 2.58 2.33 2.02
 28   1.72 1.58 1.68 1.96 2.32 2.73 3.07 3.29 3.37 3.23 2.87 2.37 1.87 1.46 1.26 1.27 1.48 1.80 2.21 2.58 2.84 2.94 2.85 2.59
 29   2.22 1.88 1.69 1.74 1.98 2.32 2.73 3.07 3.26 3.33 3.17 2.76 2.22 1.66 1.19 0.97 1.05 1.37 1.80 2.34 2.80 3.10 3.20 3.09
 30   2.70 2.27 1.90 1.66 1.70 1.95 2.29 2.74 3.10 3.30 3.31 3.07 2.58 1.95 1.32 0.85 0.69 0.88 1.33 1.90 2.55 3.06 3.35 3.41
 ----------------------------------------------------------------------------------------------------------------------------
                                                                                               
 ----------------------------------------------------------------------------------------------------------------------------
 ----------------------------------------------------------------------------------------------------------------------------
                                                          SURVEY OF INDIA
                                                    MARINE GEODESY WING (G&RB)
                                                     HOURLY HEIGHTS IN METRES
  NAME OF PORT:- OKHA                                                                               MONTH DECEMBER  YEAR 2017
 ----------------------------------------------------------------------------------------------------------------------------
 DAYS 0000 0001 0002 0003 0004 0005 0006 0007 0008 0009 0010 0011 0012 0013 0014 0015 0016 0017 0018 0019 0020 0021 0022 0023
 ----------------------------------------------------------------------------------------------------------------------------
  1   3.18 2.71 2.20 1.75 1.51 1.59 1.89 2.30 2.77 3.14 3.31 3.25 2.88 2.28 1.55 0.90 0.46 0.42 0.78 1.36 2.12 2.84 3.37 3.62
  2   3.62 3.25 2.69 2.10 1.62 1.41 1.56 1.92 2.38 2.90 3.26 3.35 3.18 2.68 1.95 1.14 0.44 0.09 0.23 0.74 1.50 2.34 3.09 3.58
  3   3.80 3.73 3.24 2.60 1.96 1.46 1.32 1.52 1.98 2.53 3.08 3.38 3.36 3.07 2.45 1.55 0.70 0.07 0.01 0.28 0.90 1.74 2.75 3.40
  4   3.81 3.96 3.80 3.24 2.56 1.91 1.45 1.38 1.62 2.10 2.68 3.20 3.48 3.36 2.93 2.24 1.40 0.61 0.03-0.07 0.32 1.06 1.98 2.93
  5   3.66 4.04 4.13 3.86 3.24 2.50 1.86 1.44 1.44 1.76 2.22 2.83 3.32 3.48 3.32 2.85 2.14 1.33 0.60 0.11 0.14 0.62 1.38 2.30
  6   3.24 3.88 4.20 4.26 3.86 3.20 2.46 1.82 1.46 1.55 1.91 2.42 3.00 3.42 3.53 3.33 2.85 2.14 1.33 0.65 0.25 0.35 0.78 1.52
  7   2.44 3.26 3.78 4.02 3.96 3.48 2.82 2.10 1.48 1.14 1.27 1.64 2.16 2.69 3.03 3.06 2.86 2.43 1.79 1.09 0.52 0.25 0.40 0.89
  8   1.66 2.50 3.24 3.69 3.86 3.79 3.32 2.69 2.00 1.44 1.20 1.32 1.68 2.15 2.66 2.97 3.03 2.88 2.52 1.98 1.37 0.86 0.58 0.68
  9   1.16 1.80 2.56 3.20 3.57 3.72 3.62 3.18 2.56 1.92 1.40 1.17 1.26 1.56 1.96 2.42 2.73 2.86 2.82 2.60 2.20 1.70 1.24 0.99
 10   1.04 1.42 1.94 2.59 3.15 3.47 3.59 3.48 3.08 2.49 1.84 1.32 1.03 1.05 1.31 1.67 2.09 2.45 2.65 2.71 2.63 2.34 1.94 1.54
 11   1.26 1.26 1.54 1.95 2.46 2.95 3.24 3.36 3.29 2.95 2.41 1.82 1.28 0.96 0.93 1.15 1.50 1.95 2.36 2.68 2.85 2.85 2.63 2.28
 12   1.86 1.56 1.46 1.62 1.96 2.37 2.80 3.08 3.23 3.18 2.87 2.38 1.80 1.24 0.89 0.83 1.03 1.40 1.90 2.42 2.82 3.05 3.10 2.93
 13   2.56 2.17 1.83 1.69 1.78 2.03 2.37 2.76 3.05 3.18 3.12 2.84 2.33 1.73 1.16 0.79 0.73 0.95 1.44 2.01 2.58 2.99 3.25 3.28
 14   3.06 2.67 2.25 1.90 1.72 1.78 2.00 2.32 2.70 3.00 3.10 3.01 2.67 2.17 1.55 1.00 0.70 0.73 1.06 1.57 2.19 2.76 3.15 3.36
 15   3.36 3.09 2.64 2.17 1.81 1.65 1.74 1.99 2.30 2.68 2.92 2.97 2.82 2.40 1.83 1.22 0.77 0.58 0.74 1.20 1.80 2.47 3.00 3.33
 16   3.46 3.34 2.98 2.48 2.00 1.66 1.60 1.77 2.04 2.40 2.76 2.96 2.91 2.60 2.12 1.48 0.90 0.55 0.54 0.89 1.44 2.12 2.80 3.28
 17   3.54 3.60 3.33 2.88 2.34 1.88 1.66 1.70 1.92 2.25 2.66 2.98 3.06 2.90 2.49 1.92 1.30 0.80 0.57 0.73 1.20 1.84 2.56 3.20
 18   3.58 3.75 3.65 3.25 2.73 2.20 1.78 1.63 1.75 2.04 2.40 2.80 3.01 2.98 2.69 2.22 1.60 1.00 0.63 0.59 0.92 1.50 2.20 2.94
 19   3.46 3.76 3.81 3.52 3.01 2.42 1.93 1.61 1.61 1.83 2.18 2.61 2.96 3.07 2.89 2.49 1.94 1.30 0.80 0.57 0.73 1.20 1.83 2.58
 20   3.24 3.63 3.81 3.72 3.28 2.70 2.13 1.69 1.53 1.64 1.95 2.35 2.75 2.98 2.96 2.72 2.27 1.68 1.08 0.69 0.64 0.92 1.44 2.13
 21   2.88 3.41 3.70 3.75 3.47 2.97 2.40 1.90 1.58 1.56 1.75 2.09 2.50 2.85 2.98 2.86 2.51 2.02 1.42 0.94 0.69 0.80 1.21 1.80
 22   2.54 3.18 3.56 3.73 3.66 3.26 2.75 2.20 1.75 1.53 1.63 1.89 2.26 2.65 2.89 2.91 2.71 2.34 1.83 1.32 0.94 0.86 1.09 1.55
 23   2.20 2.90 3.40 3.68 3.77 3.52 3.07 2.50 2.00 1.65 1.55 1.71 2.01 2.37 2.72 2.88 2.86 2.64 2.24 1.78 1.33 1.06 1.09 1.38
 24   1.86 2.52 3.10 3.52 3.70 3.70 3.35 2.86 2.29 1.82 1.55 1.55 1.72 2.00 2.34 2.64 2.80 2.74 2.52 2.20 1.80 1.45 1.25 1.31
 25   1.63 2.08 2.68 3.19 3.53 3.64 3.52 3.14 2.60 2.08 1.64 1.41 1.44 1.64 1.93 2.27 2.55 2.69 2.68 2.52 2.21 1.86 1.52 1.35
 26   1.44 1.78 2.20 2.72 3.14 3.39 3.48 3.33 2.94 2.40 1.90 1.50 1.31 1.34 1.55 1.84 2.19 2.49 2.70 2.78 2.69 2.42 2.08 1.77
 27   1.62 1.69 1.96 2.34 2.78 3.16 3.38 3.44 3.28 2.89 2.38 1.85 1.41 1.17 1.19 1.42 1.74 2.16 2.54 2.83 3.00 2.98 2.74 2.40
 28   2.08 1.87 1.90 2.12 2.41 2.78 3.11 3.30 3.35 3.18 2.78 2.23 1.67 1.18 0.94 0.98 1.25 1.66 2.18 2.67 3.05 3.26 3.28 3.03
 29   2.64 2.27 2.02 1.98 2.15 2.42 2.74 3.07 3.27 3.31 3.12 2.70 2.12 1.49 0.96 0.70 0.78 1.14 1.67 2.32 2.93 3.34 3.52 3.49
 30   3.14 2.68 2.22 1.91 1.83 1.99 2.26 2.64 3.00 3.21 3.20 2.96 2.49 1.86 1.20 0.64 0.39 0.54 1.04 1.68 2.47 3.14 3.55 3.73
 31   3.64 3.23 2.70 2.20 1.81 1.71 1.92 2.26 2.70 3.10 3.31 3.29 3.00 2.44 1.70 0.94 0.38 0.18 0.45 1.04 1.84 2.68 3.38 3.79
 ----------------------------------------------------------------------------------------------------------------------------
                                                                                               
 ----------------------------------------------------------------------------------------------------------------------------
 ----------------------------------------------------------------------------------------------------------------------------
